   1.1999000e+07   0.0000000e+00
   5.1467000e+04   3.8452148e+01
   5.1487000e+04   4.2358398e+01
   5.1510000e+04   4.5410156e+01
   1.2001800e+05   3.8574219e+01
   1.2013000e+05   4.4433594e+01
   1.2019200e+05   4.4067383e+01
   1.2024500e+05   3.8452148e+01
   1.8135200e+05   4.0222168e+01
   1.8138800e+05   3.9550781e+01
   1.8148300e+05   4.5349121e+01
   2.8058100e+05   3.8269043e+01
   2.8068600e+05   3.8635254e+01
   3.7064900e+05   3.9306641e+01
   4.1557300e+05   4.5898438e+01
   4.1573400e+05   4.2541504e+01
   5.5204300e+05   4.3334961e+01
   6.1222000e+05   3.9855957e+01
   6.9519300e+05   4.0710449e+01
   6.9521600e+05   4.7180176e+01
   6.9525700e+05   5.3405762e+01
   6.9531400e+05   3.9062500e+01
   6.9537600e+05   4.0588379e+01
   7.5267700e+05   3.9367676e+01
   8.2068600e+05   4.1503906e+01
   8.6191200e+05   4.0710449e+01
   8.6193500e+05   4.2846680e+01
   8.6194600e+05   3.9123535e+01
   8.6198400e+05   4.3884277e+01
   9.1810900e+05   4.1381836e+01
   9.1814400e+05   4.6081543e+01
   9.1816800e+05   3.9855957e+01
   9.6383000e+05   4.4311523e+01
   9.6384900e+05   1.2353516e+02
   9.6387000e+05   8.3435059e+01
   9.6389400e+05   1.0461426e+02
   9.6393400e+05   3.8635254e+01
   9.6400100e+05   6.0058594e+01
   9.6404300e+05   4.6569824e+01
   9.6409600e+05   4.1381836e+01
   9.6414600e+05   4.7912598e+01
   9.6417300e+05   4.0344238e+01
   9.7342100e+05   4.0039063e+01
   9.7351900e+05   3.8269043e+01
   9.7362300e+05   3.9428711e+01
   9.7371600e+05   4.7485352e+01
   9.7375700e+05   3.8391113e+01
   9.7380600e+05   4.8950195e+01
   9.7383900e+05   4.2175293e+01
   9.7385200e+05   4.1076660e+01
   9.7388800e+05   4.0344238e+01
   9.7391200e+05   3.9489746e+01
   9.7393300e+05   4.6875000e+01
   9.7395700e+05   4.7546387e+01
   9.7400100e+05   5.1513672e+01
   9.7406900e+05   4.1442871e+01
   9.7410000e+05   3.8757324e+01
   9.7411800e+05   4.5288086e+01
   9.7416600e+05   4.1320801e+01
   9.7427600e+05   3.8330078e+01
   9.7432200e+05   4.4799805e+01
   9.8284700e+05   4.3273926e+01
   9.8285900e+05   4.6142578e+01
   9.8294000e+05   6.0119629e+01
   9.8295300e+05   6.4636230e+01
   9.8299100e+05   4.6875000e+01
   9.8300500e+05   5.2368164e+01
   9.8302300e+05   6.1096191e+01
   9.8305500e+05   5.3894043e+01
   9.8307600e+05   4.0405273e+01
   9.8311200e+05   4.6020508e+01
   9.8314400e+05   3.8696289e+01
   9.8316200e+05   3.8391113e+01
   9.8322100e+05   6.3232422e+01
   9.8371500e+05   4.6447754e+01
   9.9692000e+05   4.3151855e+01
   9.9697800e+05   5.9082031e+01
   9.9700000e+05   6.2255859e+01
   9.9702000e+05   5.6579590e+01
   9.9704800e+05   8.0505371e+01
   9.9707500e+05   8.3801270e+01
   9.9709500e+05   4.6875000e+01
   9.9711200e+05   4.6813965e+01
   9.9714800e+05   4.0771484e+01
   9.9716800e+05   4.4921875e+01
   9.9728900e+05   3.9794922e+01
   9.9738300e+05   4.7424316e+01
   1.0133030e+06   4.8461914e+01
   1.0133210e+06   4.1625977e+01
   1.0133620e+06   5.8227539e+01
   1.0133740e+06   7.4707031e+01
   1.0133880e+06   4.6020508e+01
   1.0134080e+06   5.5419922e+01
   1.0134310e+06   5.0231934e+01
   1.0134620e+06   4.8828125e+01
   1.0134870e+06   5.3710937e+01
   1.0135020e+06   6.6528320e+01
   1.0135370e+06   5.5541992e+01
   1.0135470e+06   4.6020508e+01
   1.0135580e+06   4.4067383e+01
   1.0135730e+06   4.0710449e+01
   1.0136540e+06   3.9550781e+01
   1.0292650e+06   4.0954590e+01
   1.0292980e+06   8.2763672e+01
   1.0293220e+06   5.6213379e+01
   1.0293440e+06   4.5288086e+01
   1.0293650e+06   6.4392090e+01
   1.0293810e+06   4.7729492e+01
   1.0293910e+06   5.6030273e+01
   1.0294120e+06   8.8439941e+01
   1.0294380e+06   3.8574219e+01
   1.0294520e+06   6.5917969e+01
   1.0294930e+06   6.5368652e+01
   1.0295280e+06   4.9011230e+01
   1.0296240e+06   4.6081543e+01
   1.0296610e+06   5.0598145e+01
   1.0297580e+06   4.4982910e+01
   1.0496670e+06   4.3701172e+01
   1.0497190e+06   4.1748047e+01
   1.0497550e+06   3.8452148e+01
   1.0497650e+06   4.1748047e+01
   1.0497890e+06   6.7810059e+01
   1.0498020e+06   4.3029785e+01
   1.0498360e+06   4.8339844e+01
   1.0498580e+06   6.9580078e+01
   1.0498790e+06   7.8979492e+01
   1.0499010e+06   5.2124023e+01
   1.0499290e+06   6.0974121e+01
   1.0499420e+06   5.7678223e+01
   1.0499600e+06   4.6264648e+01
   1.0499860e+06   5.4992676e+01
   1.0500030e+06   6.8359375e+01
   1.0650580e+06   4.1564941e+01
   1.0650930e+06   4.4250488e+01
   1.0651070e+06   3.9794922e+01
   1.0651300e+06   4.4555664e+01
   1.0651580e+06   4.5715332e+01
   1.0651710e+06   4.9438477e+01
   1.0651930e+06   6.2133789e+01
   1.0652300e+06   4.6508789e+01
   1.0652410e+06   5.6091309e+01
   1.0652800e+06   5.8044434e+01
   1.0653030e+06   6.6528320e+01
   1.0653230e+06   6.3476563e+01
   1.0653460e+06   4.8461914e+01
   1.0654120e+06   4.4494629e+01
   1.0654220e+06   4.1503906e+01
   1.0654410e+06   4.6386719e+01
   1.0655360e+06   4.5837402e+01
   1.0854970e+06   3.9001465e+01
   1.0855230e+06   4.0222168e+01
   1.0855520e+06   3.9184570e+01
   1.0856080e+06   4.9560547e+01
   1.0856300e+06   5.2917480e+01
   1.0856510e+06   4.6203613e+01
   1.0856730e+06   5.6091309e+01
   1.0856830e+06   5.8288574e+01
   1.0857360e+06   5.9570313e+01
   1.0857600e+06   7.6965332e+01
   1.0857740e+06   4.5166016e+01
   1.0857910e+06   4.1381836e+01
   1.0859000e+06   3.9367676e+01
   1.0859300e+06   4.9743652e+01
   1.1032200e+06   4.5166016e+01
   1.1032650e+06   4.4677734e+01
   1.1032940e+06   4.8339844e+01
   1.1033130e+06   4.1137695e+01
   1.1033320e+06   5.0415039e+01
   1.1033700e+06   3.8574219e+01
   1.1033890e+06   4.7668457e+01
   1.1033990e+06   3.9733887e+01
   1.1034310e+06   5.9509277e+01
   1.1034480e+06   5.6701660e+01
   1.1034660e+06   4.1931152e+01
   1.1035100e+06   4.7790527e+01
   1.1035520e+06   3.8269043e+01
   1.1035950e+06   3.9794922e+01
   1.1036990e+06   5.1147461e+01
   1.1037270e+06   5.1757813e+01
   1.1240490e+06   4.7607422e+01
   1.1240920e+06   8.0810547e+01
   1.1241070e+06   4.1259766e+01
   1.1241460e+06   4.0527344e+01
   1.1241660e+06   5.5541992e+01
   1.1241990e+06   8.0078125e+01
   1.1242140e+06   9.2346191e+01
   1.1242410e+06   6.1767578e+01
   1.1242520e+06   6.1706543e+01
   1.1242720e+06   4.4677734e+01
   1.1243070e+06   6.5551758e+01
   1.1243380e+06   5.6701660e+01
   1.1243870e+06   5.0476074e+01
   1.1245250e+06   3.8452148e+01
   1.1530700e+06   4.1442871e+01
   1.1530890e+06   5.8776855e+01
   1.1531020e+06   4.2541504e+01
   1.1531300e+06   4.9377441e+01
   1.1531450e+06   4.1564941e+01
   1.1531660e+06   5.2429199e+01
   1.1531900e+06   9.2895508e+01
   1.1532110e+06   8.3923340e+01
   1.1532330e+06   4.5654297e+01
   1.1532590e+06   4.4677734e+01
   1.1532780e+06   4.0222168e+01
   1.1533380e+06   3.9855957e+01
   1.1533500e+06   4.4311523e+01
   1.1534290e+06   4.9743652e+01
   1.1534560e+06   3.8635254e+01
   1.1817580e+06   3.9062500e+01
   1.1818200e+06   4.5043945e+01
   1.1818490e+06   6.4331055e+01
   1.1818810e+06   4.6081543e+01
   1.1819070e+06   4.7058105e+01
   1.1819260e+06   9.3566895e+01
   1.1819560e+06   6.6406250e+01
   1.1819760e+06   6.0119629e+01
   1.1819940e+06   5.9265137e+01
   1.1820290e+06   4.2480469e+01
   1.1820490e+06   4.8767090e+01
   1.1820680e+06   3.9001465e+01
   1.1821330e+06   5.4382324e+01
   1.1823720e+06   4.0527344e+01
   1.2098040e+06   5.0292969e+01
   1.2098300e+06   4.7607422e+01
   1.2098470e+06   5.7434082e+01
   1.2098680e+06   7.0861816e+01
   1.2099060e+06   8.5693359e+01
   1.2099390e+06   4.0527344e+01
   1.2099710e+06   5.6091309e+01
   1.2099860e+06   5.5786133e+01
   1.2100040e+06   5.9570313e+01
   1.2100210e+06   4.1992188e+01
   1.2100600e+06   7.6660156e+01
   1.2100830e+06   4.2968750e+01
   1.2101200e+06   6.4208984e+01
   1.2102620e+06   3.9245605e+01
   1.2339560e+06   4.0100098e+01
   1.2340110e+06   4.3518066e+01
   1.2340970e+06   4.1320801e+01
   1.2341230e+06   6.8664551e+01
   1.2341510e+06   5.3833008e+01
   1.2341800e+06   5.6701660e+01
   1.2341990e+06   7.0373535e+01
   1.2342200e+06   6.1523438e+01
   1.2342360e+06   3.9306641e+01
   1.2342660e+06   4.9011230e+01
   1.2342960e+06   4.0100098e+01
   1.2343210e+06   5.8044434e+01
   1.2343520e+06   4.0283203e+01
   1.2344160e+06   4.7424316e+01
   1.2344420e+06   4.6630859e+01
   1.2344900e+06   4.2236328e+01
   1.2345790e+06   4.4982910e+01
   1.2597960e+06   3.9245605e+01
   1.2599290e+06   3.9062500e+01
   1.2599600e+06   5.7250977e+01
   1.2599880e+06   6.3842773e+01
   1.2600110e+06   3.8574219e+01
   1.2600380e+06   5.2673340e+01
   1.2600660e+06   5.4016113e+01
   1.2600830e+06   3.9184570e+01
   1.2601030e+06   9.2895508e+01
   1.2601270e+06   5.8410645e+01
   1.2601830e+06   4.2968750e+01
   1.2601960e+06   3.9306641e+01
   1.2602070e+06   5.0231934e+01
   1.2602680e+06   3.9489746e+01
   1.2603570e+06   4.0466309e+01
   1.2813840e+06   4.3579102e+01
   1.2814260e+06   4.5776367e+01
   1.2814500e+06   4.9499512e+01
   1.2814730e+06   4.0954590e+01
   1.2815020e+06   5.9204102e+01
   1.2815140e+06   4.9133301e+01
   1.2815550e+06   4.5593262e+01
   1.2815730e+06   6.8908691e+01
   1.2816140e+06   6.2622070e+01
   1.2816270e+06   5.9753418e+01
   1.2816710e+06   6.0546875e+01
   1.2816860e+06   4.2602539e+01
   1.2817260e+06   6.7565918e+01
   1.2818810e+06   4.0588379e+01
   1.2819100e+06   3.9306641e+01
   1.2821550e+06   4.0405273e+01
   1.3068550e+06   3.8269043e+01
   1.3068990e+06   6.1950684e+01
   1.3069090e+06   8.4228516e+01
   1.3069410e+06   7.2692871e+01
   1.3069650e+06   6.7260742e+01
   1.3069950e+06   8.3923340e+01
   1.3070120e+06   5.7189941e+01
   1.3070390e+06   6.2683105e+01
   1.3070490e+06   5.5847168e+01
   1.3070790e+06   5.0354004e+01
   1.3071330e+06   4.1259766e+01
   1.3072170e+06   3.8757324e+01
   1.3378260e+06   6.0791016e+01
   1.3378510e+06   4.5166016e+01
   1.3378910e+06   3.8330078e+01
   1.3379180e+06   4.3273926e+01
   1.3379410e+06   5.1147461e+01
   1.3379520e+06   5.2734375e+01
   1.3379760e+06   5.4504395e+01
   1.3380060e+06   6.4453125e+01
   1.3380460e+06   4.1137695e+01
   1.3380640e+06   5.3405762e+01
   1.3380880e+06   4.1809082e+01
   1.3381160e+06   5.9814453e+01
   1.3381340e+06   3.9550781e+01
   1.3381500e+06   6.9030762e+01
   1.3381710e+06   4.7729492e+01
   1.3381900e+06   3.8452148e+01
   1.3383770e+06   3.9245605e+01
   1.3526780e+06   6.2866211e+01
   1.3527030e+06   7.1228027e+01
   1.3527200e+06   7.4829102e+01
   1.3527360e+06   9.4482422e+01
   1.3527570e+06   8.1848145e+01
   1.3527810e+06   7.9528809e+01
   1.3527920e+06   4.3884277e+01
   1.3528180e+06   5.5358887e+01
   1.3528410e+06   4.7790527e+01
   1.3528610e+06   5.9570313e+01
   1.3529600e+06   4.0405273e+01
   1.3531030e+06   5.1147461e+01
   1.3823140e+06   4.9377441e+01
   1.3823440e+06   6.4147949e+01
   1.3823670e+06   5.1940918e+01
   1.3823960e+06   5.2856445e+01
   1.3824220e+06   6.9335938e+01
   1.3824320e+06   4.4006348e+01
   1.3824430e+06   6.5612793e+01
   1.3824750e+06   5.9265137e+01
   1.3824890e+06   1.0882568e+02
   1.3825120e+06   4.8706055e+01
   1.3825330e+06   4.8950195e+01
   1.3825660e+06   5.5969238e+01
   1.3825870e+06   4.3884277e+01
   1.3826130e+06   5.7922363e+01
   1.3826570e+06   5.6091309e+01
   1.3826790e+06   3.8696289e+01
   1.4086760e+06   3.8391113e+01
   1.4086890e+06   4.5837402e+01
   1.4087370e+06   5.0231934e+01
   1.4087470e+06   6.4880371e+01
   1.4087660e+06   5.2185059e+01
   1.4087820e+06   7.7026367e+01
   1.4088230e+06   5.5969238e+01
   1.4088610e+06   5.7373047e+01
   1.4088870e+06   6.4880371e+01
   1.4089170e+06   6.8176270e+01
   1.4089440e+06   6.5063477e+01
   1.4089830e+06   5.4382324e+01
   1.4090020e+06   6.1462402e+01
   1.4090940e+06   4.6386719e+01
   1.4403700e+06   5.7556152e+01
   1.4404030e+06   4.7668457e+01
   1.4404290e+06   4.3579102e+01
   1.4404640e+06   3.9001465e+01
   1.4404980e+06   4.7424316e+01
   1.4405260e+06   4.0466309e+01
   1.4405720e+06   5.5908203e+01
   1.4406000e+06   6.2988281e+01
   1.4406130e+06   5.5480957e+01
   1.4406300e+06   5.7434082e+01
   1.4406420e+06   5.8227539e+01
   1.4406620e+06   5.7250977e+01
   1.4406990e+06   5.0537109e+01
   1.4407130e+06   5.5297852e+01
   1.4407410e+06   7.9284668e+01
   1.4407560e+06   4.4006348e+01
   1.4407860e+06   6.4941406e+01
   1.4408070e+06   6.4086914e+01
   1.4408200e+06   4.1992188e+01
   1.4408850e+06   4.7729492e+01
   1.4409120e+06   4.0466309e+01
   1.4410800e+06   3.8940430e+01
   1.4709830e+06   4.4982910e+01
   1.4713920e+06   4.2053223e+01
   1.4714080e+06   4.0100098e+01
   1.4714620e+06   4.7180176e+01
   1.4715010e+06   4.4738770e+01
   1.4715220e+06   6.7443848e+01
   1.4715430e+06   3.9428711e+01
   1.4715710e+06   5.5541992e+01
   1.4715850e+06   6.7382813e+01
   1.4716190e+06   4.1625977e+01
   1.4716790e+06   5.4931641e+01
   1.4717100e+06   6.5734863e+01
   1.4717240e+06   4.5227051e+01
   1.4717490e+06   5.6152344e+01
   1.4718770e+06   3.9855957e+01
   1.5007340e+06   4.3579102e+01
   1.5007660e+06   4.0893555e+01
   1.5008380e+06   6.0119629e+01
   1.5008520e+06   5.8593750e+01
   1.5008870e+06   4.0710449e+01
   1.5009460e+06   4.9194336e+01
   1.5010020e+06   4.3395996e+01
   1.5019670e+06   4.0344238e+01
   1.5173250e+06   4.1015625e+01
   1.5174850e+06   4.4738770e+01
   1.5175780e+06   4.2297363e+01
   1.5198500e+06   4.2236328e+01
   1.5198820e+06   3.9428711e+01
   1.5198960e+06   4.6630859e+01
   1.5199390e+06   5.4992676e+01
   1.5199970e+06   3.8635254e+01
   1.5200490e+06   4.1809082e+01
   1.5465170e+06   4.0832520e+01
   1.5469990e+06   3.9184570e+01
   1.5482240e+06   4.0649414e+01
   1.5482450e+06   4.5654297e+01
   1.5483440e+06   4.1503906e+01
   1.5484770e+06   4.0832520e+01
   1.5678070e+06   4.0344238e+01
   1.5678470e+06   6.0485840e+01
   1.5678850e+06   1.0137939e+02
   1.5678960e+06   5.9448242e+01
   1.5679220e+06   5.1086426e+01
   1.5679380e+06   9.7656250e+01
   1.5679530e+06   6.8176270e+01
   1.5679730e+06   4.4067383e+01
   1.5680120e+06   5.2734375e+01
   1.5680370e+06   4.3151855e+01
   1.5681420e+06   3.9367676e+01
   1.5682020e+06   4.3701172e+01
   1.5682550e+06   3.8635254e+01
   1.6003360e+06   3.9184570e+01
   1.6003580e+06   5.2795410e+01
   1.6014310e+06   4.1076660e+01
   1.6014740e+06   4.0771484e+01
   1.6014880e+06   5.1452637e+01
   1.6015440e+06   4.4921875e+01
   1.6015560e+06   6.2805176e+01
   1.6769570e+06   3.9123535e+01
   1.6769850e+06   4.3823242e+01
   1.6770240e+06   3.8269043e+01
   1.6770730e+06   3.9123535e+01
   1.6772240e+06   3.8879395e+01
   1.7060220e+06   3.9184570e+01
   1.7071540e+06   4.5959473e+01
   1.7072190e+06   4.7912598e+01
   1.7072310e+06   4.9316406e+01
   1.7072610e+06   4.2175293e+01
   1.7072780e+06   3.8513184e+01
   1.7073010e+06   4.1809082e+01
   1.7577030e+06   3.9672852e+01
   1.7578460e+06   4.0649414e+01
   1.7580040e+06   3.9855957e+01
   1.7592720e+06   4.4250488e+01
   1.7592950e+06   4.0954590e+01
   1.7593200e+06   4.0893555e+01
   1.7594570e+06   4.4311523e+01
   1.8041190e+06   3.9916992e+01
   1.8041510e+06   4.3334961e+01
   1.8041690e+06   5.7434082e+01
   1.8041890e+06   4.0405273e+01
   1.8042180e+06   5.0476074e+01
   1.8042390e+06   3.8330078e+01
   1.8042530e+06   5.0354004e+01
   1.8042950e+06   7.8369141e+01
   1.8043070e+06   4.9316406e+01
   1.8043400e+06   6.9274902e+01
   1.8043610e+06   6.3903809e+01
   1.8043790e+06   4.5471191e+01
   1.8043980e+06   4.1564941e+01
   1.8044190e+06   5.1391602e+01
   1.8044880e+06   4.5410156e+01
   1.8046390e+06   4.0100098e+01
   1.8047910e+06   4.1992188e+01
   1.8599990e+06   3.9978027e+01
   1.8602630e+06   5.4077148e+01
   1.8604460e+06   4.5043945e+01
   1.8898620e+06   3.9855957e+01
   1.8901310e+06   4.6936035e+01
   1.9281300e+06   4.2480469e+01
   1.9731510e+06   3.9978027e+01
   1.9733100e+06   4.0710449e+01
   1.9734150e+06   4.2907715e+01
   1.9735030e+06   4.5288086e+01
   2.0899060e+06   3.9123535e+01
   2.2851430e+06   4.2602539e+01
   2.6698390e+06   4.1503906e+01
   2.7209820e+06   4.2907715e+01
   2.7210980e+06   4.3273926e+01
   2.7406150e+06   4.1015625e+01
   2.7838360e+06   4.3762207e+01
   3.0091200e+06   4.0344238e+01
   3.1571180e+06   3.9550781e+01
   3.2147920e+06   4.4921875e+01
   3.3773370e+06   4.2236328e+01
   3.3773640e+06   4.0893555e+01
   3.3774080e+06   4.7058105e+01
   3.4260630e+06   4.1809082e+01
   3.5868720e+06   4.0405273e+01
   3.6444240e+06   4.2724609e+01
   3.6445540e+06   3.8879395e+01
   4.1546500e+06   4.0954590e+01
   4.1839580e+06   3.8330078e+01
   4.5956510e+06   4.7790527e+01
   4.5956740e+06   8.7097168e+01
   4.5956910e+06   4.3029785e+01
   4.5957140e+06   4.6936035e+01
   4.5957440e+06   1.3568115e+02
   4.5958900e+06   3.9367676e+01
   4.5961640e+06   3.9855957e+01
   4.6069810e+06   3.8269043e+01
   4.6071030e+06   3.8513184e+01
   4.6071330e+06   5.4382324e+01
   4.6071590e+06   4.9560547e+01
   4.6072180e+06   4.3762207e+01
   4.6072300e+06   8.5937500e+01
   4.6072600e+06   7.7636719e+01
   4.6073770e+06   4.2602539e+01
   4.6074960e+06   4.2236328e+01
   4.6076720e+06   5.1879883e+01
   4.6079520e+06   4.0588379e+01
   4.6179250e+06   4.5715332e+01
   4.6180350e+06   5.4077148e+01
   4.6180530e+06   7.2265625e+01
   4.6180770e+06   7.4829102e+01
   4.6180890e+06   8.6242676e+01
   4.6181190e+06   4.6325684e+01
   4.6181360e+06   3.9855957e+01
   4.6183010e+06   4.2602539e+01
   4.6184560e+06   4.2114258e+01
   4.6297640e+06   3.8513184e+01
   4.6348610e+06   4.3395996e+01
   4.6348900e+06   4.1442871e+01
   4.6349200e+06   5.9509277e+01
   4.6349340e+06   4.5410156e+01
   4.6349670e+06   5.1513672e+01
   4.6349870e+06   6.5795898e+01
   4.6350110e+06   5.7983398e+01
   4.6350380e+06   3.9123535e+01
   4.6350770e+06   5.6213379e+01
   4.6350890e+06   4.4006348e+01
   4.6351290e+06   3.9611816e+01
   4.6351550e+06   5.5725098e+01
   4.6352340e+06   4.3212891e+01
   4.6354370e+06   4.2724609e+01
   4.6518490e+06   4.1687012e+01
   4.6519240e+06   5.1391602e+01
   4.6519810e+06   5.0354004e+01
   4.6520320e+06   3.9062500e+01
   4.6520580e+06   4.0588379e+01
   4.6520780e+06   6.1096191e+01
   4.6521000e+06   4.4128418e+01
   4.6521340e+06   5.0354004e+01
   4.6521520e+06   5.4748535e+01
   4.6521950e+06   7.3303223e+01
   4.6522150e+06   6.3049316e+01
   4.6522380e+06   4.9804688e+01
   4.6522650e+06   4.5227051e+01
   4.6523660e+06   4.1320801e+01
   4.6525790e+06   4.4128418e+01
   4.6706680e+06   4.4982910e+01
   4.6706890e+06   6.1340332e+01
   4.6707050e+06   5.1086426e+01
   4.6707310e+06   6.0180664e+01
   4.6707430e+06   5.5358887e+01
   4.6707600e+06   5.2307129e+01
   4.6707900e+06   5.2062988e+01
   4.6708070e+06   4.4250488e+01
   4.6708280e+06   5.5603027e+01
   4.6708600e+06   4.3640137e+01
   4.6708910e+06   6.0363770e+01
   4.6709390e+06   4.3212891e+01
   4.6888090e+06   4.7363281e+01
   4.6888340e+06   4.1442871e+01
   4.6888550e+06   6.7687988e+01
   4.6888820e+06   4.9194336e+01
   4.6888990e+06   5.1025391e+01
   4.6889110e+06   6.5307617e+01
   4.6889320e+06   5.2551270e+01
   4.6889550e+06   5.3833008e+01
   4.6889870e+06   4.2114258e+01
   4.6891080e+06   4.7851562e+01
   4.7084210e+06   5.2673340e+01
   4.7084650e+06   4.2358398e+01
   4.7084870e+06   4.7973633e+01
   4.7085020e+06   4.9377441e+01
   4.7085120e+06   5.0231934e+01
   4.7085280e+06   6.1035156e+01
   4.7085620e+06   7.6293945e+01
   4.7085790e+06   5.1147461e+01
   4.7086190e+06   6.2072754e+01
   4.7086580e+06   4.3945313e+01
   4.7086870e+06   5.1452637e+01
   4.7338780e+06   3.8330078e+01
   4.7339070e+06   4.2053223e+01
   4.7339240e+06   4.8034668e+01
   4.7339510e+06   5.4443359e+01
   4.7339740e+06   4.2907715e+01
   4.7340030e+06   4.4433594e+01
   4.7340200e+06   5.6274414e+01
   4.7340470e+06   7.9956055e+01
   4.7340690e+06   4.4494629e+01
   4.7340820e+06   6.6650391e+01
   4.7341070e+06   4.3273926e+01
   4.7341430e+06   5.7495117e+01
   4.7342150e+06   4.4067383e+01
   4.7342740e+06   4.6508789e+01
   4.7343900e+06   4.3640137e+01
   4.7344790e+06   4.0832520e+01
   4.7534610e+06   4.4616699e+01
   4.7535270e+06   5.2368164e+01
   4.7535370e+06   5.6884766e+01
   4.7535630e+06   6.5490723e+01
   4.7535870e+06   4.6936035e+01
   4.7536100e+06   5.0292969e+01
   4.7536510e+06   6.7504883e+01
   4.7536610e+06   6.3598633e+01
   4.7536800e+06   6.1096191e+01
   4.7537330e+06   4.0954590e+01
   4.7537530e+06   5.3161621e+01
   4.7538100e+06   4.4067383e+01
   4.7538650e+06   4.0222168e+01
   4.7763410e+06   4.7912598e+01
   4.7763700e+06   4.5715332e+01
   4.7763820e+06   3.9855957e+01
   4.7764430e+06   4.1503906e+01
   4.7764720e+06   4.5776367e+01
   4.7764830e+06   5.5297852e+01
   4.7765160e+06   3.8330078e+01
   4.7765330e+06   6.8847656e+01
   4.7765590e+06   4.3029785e+01
   4.7765760e+06   4.3151855e+01
   4.7765940e+06   4.4311523e+01
   4.7766230e+06   4.4250488e+01
   4.7766900e+06   4.2907715e+01
   4.7767340e+06   4.8217773e+01
   4.7768410e+06   3.8879395e+01
   4.7768690e+06   3.8452148e+01
   4.7972760e+06   4.7119141e+01
   4.7973010e+06   4.5593262e+01
   4.7973330e+06   4.1137695e+01
   4.7973620e+06   4.9560547e+01
   4.7973850e+06   4.3762207e+01
   4.7974000e+06   4.2541504e+01
   4.7974270e+06   4.5043945e+01
   4.7974560e+06   6.0302734e+01
   4.7974910e+06   4.0710449e+01
   4.7975170e+06   5.5969238e+01
   4.8233410e+06   4.2236328e+01
   4.8233600e+06   3.8696289e+01
   4.8233870e+06   6.6101074e+01
   4.8234230e+06   4.3701172e+01
   4.8234370e+06   5.9997559e+01
   4.8234730e+06   4.0771484e+01
   4.8234960e+06   5.7128906e+01
   4.8235080e+06   5.3283691e+01
   4.8235380e+06   4.5593262e+01
   4.8486350e+06   4.2968750e+01
   4.8486580e+06   4.2846680e+01
   4.8486890e+06   3.9062500e+01
   4.8487190e+06   3.9306641e+01
   4.8487330e+06   5.2062988e+01
   4.8487570e+06   5.0476074e+01
   4.8487810e+06   3.9489746e+01
   4.8487970e+06   4.6020508e+01
   4.8488190e+06   4.1503906e+01
   4.8488510e+06   5.2307129e+01
   4.8488720e+06   5.1208496e+01
   4.8489010e+06   4.0344238e+01
   4.8489350e+06   3.9978027e+01
   4.8490010e+06   5.6335449e+01
   4.8749550e+06   3.8818359e+01
   4.8749690e+06   4.0100098e+01
   4.8750000e+06   3.8269043e+01
   4.8750270e+06   5.2795410e+01
   4.8750440e+06   5.5786133e+01
   4.8750620e+06   4.0893555e+01
   4.8750820e+06   4.8583984e+01
   4.8750980e+06   5.0292969e+01
   4.8751260e+06   4.1931152e+01
   4.8751560e+06   5.2612305e+01
   4.8751750e+06   5.9387207e+01
   4.8752080e+06   4.5898437e+01
   4.8752660e+06   4.4006348e+01
   4.8752770e+06   4.9377441e+01
   4.8753170e+06   3.9550781e+01
   4.8753300e+06   5.1269531e+01
   4.8753400e+06   4.2541504e+01
   4.9034690e+06   5.0659180e+01
   4.9034820e+06   3.9733887e+01
   4.9035200e+06   3.8940430e+01
   4.9035530e+06   5.7495117e+01
   4.9035920e+06   4.7241211e+01
   4.9036030e+06   5.5053711e+01
   4.9036340e+06   5.1025391e+01
   4.9036480e+06   4.6142578e+01
   4.9036700e+06   4.1687012e+01
   4.9036830e+06   5.5603027e+01
   4.9037200e+06   4.0649414e+01
   4.9038760e+06   3.8513184e+01
   4.9279690e+06   4.5104980e+01
   4.9280150e+06   4.1442871e+01
   4.9280450e+06   4.6142578e+01
   4.9280720e+06   4.9133301e+01
   4.9280980e+06   5.5541992e+01
   4.9281430e+06   6.6223145e+01
   4.9281800e+06   5.8471680e+01
   4.9282090e+06   5.7495117e+01
   4.9282460e+06   4.4616699e+01
   4.9282670e+06   5.4809570e+01
   4.9283580e+06   4.7302246e+01
   4.9283800e+06   4.1259766e+01
   4.9536400e+06   4.4738770e+01
   4.9536840e+06   5.2307129e+01
   4.9536950e+06   4.2358398e+01
   4.9537280e+06   5.8959961e+01
   4.9537470e+06   8.0749512e+01
   4.9537730e+06   6.1340332e+01
   4.9537920e+06   5.0537109e+01
   4.9538140e+06   7.0190430e+01
   4.9538250e+06   5.1025391e+01
   4.9538520e+06   3.9550781e+01
   4.9538820e+06   4.4372559e+01
   4.9540240e+06   5.5419922e+01
   4.9541450e+06   3.9794922e+01
   4.9777350e+06   4.2358398e+01
   4.9777450e+06   4.6020508e+01
   4.9777730e+06   3.8513184e+01
   4.9777980e+06   4.2236328e+01
   4.9778140e+06   5.0903320e+01
   4.9778300e+06   5.4992676e+01
   4.9778580e+06   4.5227051e+01
   4.9778870e+06   6.7077637e+01
   4.9779010e+06   7.1228027e+01
   4.9779210e+06   4.4189453e+01
   4.9779370e+06   5.1757813e+01
   4.9779710e+06   4.0100098e+01
   4.9779990e+06   4.4372559e+01
   4.9780250e+06   5.7250977e+01
   4.9780520e+06   6.8237305e+01
   4.9780900e+06   5.4138184e+01
   4.9782820e+06   3.9123535e+01
   5.0030100e+06   4.2541504e+01
   5.0030420e+06   4.4677734e+01
   5.0030800e+06   5.4199219e+01
   5.0031130e+06   7.1228027e+01
   5.0031390e+06   5.6945801e+01
   5.0031610e+06   3.9184570e+01
   5.0031950e+06   4.4006348e+01
   5.0032190e+06   4.7668457e+01
   5.0032500e+06   5.7250977e+01
   5.0032740e+06   4.6325684e+01
   5.0032970e+06   4.3762207e+01
   5.0033280e+06   4.2114258e+01
   5.0035180e+06   4.0344238e+01
   5.0256960e+06   4.2480469e+01
   5.0257580e+06   4.1687012e+01
   5.0258060e+06   4.0893555e+01
   5.0258300e+06   6.4819336e+01
   5.0259060e+06   5.1818848e+01
   5.0259270e+06   6.0852051e+01
   5.0259500e+06   4.2968750e+01
   5.0259820e+06   6.1889648e+01
   5.0260120e+06   5.1879883e+01
   5.0260280e+06   4.3823242e+01
   5.0260660e+06   5.3771973e+01
   5.0260800e+06   5.7434082e+01
   5.0261420e+06   3.8879395e+01
   5.0261680e+06   4.6569824e+01
   5.0262080e+06   4.0100098e+01
   5.0262540e+06   3.9489746e+01
   5.0529990e+06   4.1076660e+01
   5.0530160e+06   3.8452148e+01
   5.0530890e+06   4.3945313e+01
   5.0531820e+06   4.4982910e+01
   5.0531980e+06   5.6030273e+01
   5.0532330e+06   7.8857422e+01
   5.0532440e+06   6.9213867e+01
   5.0532720e+06   6.0913086e+01
   5.0532880e+06   4.7973633e+01
   5.0533310e+06   6.2133789e+01
   5.0533570e+06   5.0048828e+01
   5.0535520e+06   3.8818359e+01
   5.0771780e+06   3.8452148e+01
   5.0772800e+06   4.6936035e+01
   5.0773790e+06   4.1076660e+01
   5.0774230e+06   5.8288574e+01
   5.0774750e+06   6.0302734e+01
   5.0775040e+06   4.6875000e+01
   5.0775250e+06   6.2561035e+01
   5.0776270e+06   4.4372559e+01
   5.0776700e+06   6.8786621e+01
   5.0777740e+06   3.8757324e+01
   5.0778850e+06   4.1076660e+01
   5.1020020e+06   4.5532227e+01
   5.1020130e+06   4.1748047e+01
   5.1020450e+06   3.9489746e+01
   5.1020590e+06   3.8696289e+01
   5.1021340e+06   4.1809082e+01
   5.1022160e+06   3.8879395e+01
   5.1022520e+06   4.6081543e+01
   5.1022850e+06   5.2673340e+01
   5.1023050e+06   4.5654297e+01
   5.1023510e+06   4.5593262e+01
   5.1023660e+06   4.0771484e+01
   5.1023960e+06   4.2968750e+01
   5.1026020e+06   4.3457031e+01
   5.1250150e+06   3.8940430e+01
   5.1250380e+06   4.0405273e+01
   5.1252460e+06   4.6508789e+01
   5.1254240e+06   4.0405273e+01
   5.1592510e+06   3.8635254e+01
   5.1619760e+06   4.6325684e+01
   5.1621070e+06   4.2846680e+01
   5.2294480e+06   5.3222656e+01
   5.2294660e+06   5.8410645e+01
   5.2294920e+06   6.0058594e+01
   5.2295210e+06   3.8635254e+01
   5.2295470e+06   6.1157227e+01
   5.2295760e+06   5.2490234e+01
   5.2296210e+06   7.9772949e+01
   5.2296600e+06   5.9631348e+01
   5.2296710e+06   4.2419434e+01
   5.2297030e+06   4.9377441e+01
   5.2690340e+06   5.2856445e+01
   5.2690610e+06   5.2307129e+01
   5.2690880e+06   3.8940430e+01
   5.2691010e+06   7.4157715e+01
   5.2691210e+06   4.3090820e+01
   5.2691560e+06   7.8613281e+01
   5.2691720e+06   4.1198730e+01
   5.2692060e+06   7.0251465e+01
   5.2692270e+06   3.9306641e+01
   5.2693020e+06   4.5654297e+01
   5.2693130e+06   4.2236328e+01
   5.2693800e+06   4.1259766e+01
   5.2951280e+06   4.5654297e+01
   5.2951650e+06   5.3527832e+01
   5.2952010e+06   4.6142578e+01
   5.2952170e+06   4.2358398e+01
   5.2952370e+06   5.9814453e+01
   5.2952660e+06   4.3518066e+01
   5.2952820e+06   4.2297363e+01
   5.2953030e+06   5.5908203e+01
   5.2953220e+06   5.7067871e+01
   5.2953430e+06   5.1391602e+01
   5.2953750e+06   4.5654297e+01
   5.2953960e+06   5.3344727e+01
   5.2954260e+06   5.7006836e+01
   5.2954470e+06   4.5227051e+01
   5.2954740e+06   4.3518066e+01
   5.2955240e+06   5.2856445e+01
   5.2957560e+06   3.9611816e+01
   5.3259880e+06   5.3222656e+01
   5.3260090e+06   5.0109863e+01
   5.3260460e+06   6.0241699e+01
   5.3260620e+06   4.6081543e+01
   5.3260730e+06   9.6923828e+01
   5.3261030e+06   5.9875488e+01
   5.3261310e+06   4.6875000e+01
   5.3261690e+06   4.1503906e+01
   5.3261890e+06   4.2663574e+01
   5.3262470e+06   4.3334961e+01
   5.3263570e+06   4.5715332e+01
   5.3544260e+06   4.7790527e+01
   5.3852280e+06   4.1625977e+01
   5.3858580e+06   3.9672852e+01
   5.3859000e+06   4.4494629e+01
   5.3860060e+06   4.3579102e+01
   5.3860540e+06   4.1748047e+01
   5.4413480e+06   4.1809082e+01
   5.4414110e+06   4.1259766e+01
   5.4414570e+06   4.7119141e+01
   5.4414820e+06   4.8645020e+01
   6.1385460e+06   4.1625977e+01
   6.3006430e+06   3.9184570e+01
   6.3342010e+06   4.1687012e+01
   6.4011930e+06   3.8452148e+01
   8.4127810e+06   4.1137695e+01
   8.4128000e+06   3.9001465e+01
   8.4128150e+06   8.4411621e+01
   8.4128520e+06   9.3261719e+01
   8.4128800e+06   8.9050293e+01
   8.4128950e+06   4.5776367e+01
   8.4129370e+06   4.0039063e+01
   8.4129710e+06   3.8391113e+01
   8.4332280e+06   3.8635254e+01
   8.4333200e+06   4.0466309e+01
   8.4333470e+06   4.6203613e+01
   8.4333800e+06   4.6386719e+01
   8.4334180e+06   4.8461914e+01
   8.4334520e+06   4.1931152e+01
   8.4334670e+06   5.6579590e+01
   8.4334810e+06   4.8461914e+01
   8.4335110e+06   4.8400879e+01
   8.4335300e+06   5.4260254e+01
   8.4335880e+06   4.4006348e+01
   8.4337230e+06   4.0283203e+01
   8.4337820e+06   4.0710449e+01
   8.4534550e+06   5.0659180e+01
   8.4534720e+06   6.2988281e+01
   8.4534990e+06   4.5654297e+01
   8.4535160e+06   7.3242188e+01
   8.4535610e+06   5.6518555e+01
   8.4535850e+06   6.1889648e+01
   8.4536150e+06   4.8950195e+01
   8.4536420e+06   4.0893555e+01
   8.4536570e+06   4.8828125e+01
   8.4536740e+06   4.0649414e+01
   8.4536910e+06   4.3212891e+01
   8.4537030e+06   4.3090820e+01
   8.4537180e+06   4.2907715e+01
   8.4537430e+06   4.6752930e+01
   8.4539150e+06   3.8574219e+01
   8.4735770e+06   4.6386719e+01
   8.4736260e+06   5.1208496e+01
   8.4736460e+06   4.0161133e+01
   8.4736710e+06   4.8278809e+01
   8.4736870e+06   8.8684082e+01
   8.4737090e+06   6.4575195e+01
   8.4737390e+06   5.5114746e+01
   8.4737600e+06   4.4006348e+01
   8.4737930e+06   4.0344238e+01
   8.4738130e+06   3.9123535e+01
   8.4738390e+06   5.3771973e+01
   8.4738560e+06   4.0527344e+01
   8.4738980e+06   4.3090820e+01
   8.4940280e+06   4.3762207e+01
   8.4944160e+06   3.9428711e+01
   8.4944730e+06   4.5959473e+01
   8.4945050e+06   7.1411133e+01
   8.4945670e+06   4.9987793e+01
   8.4946180e+06   5.1391602e+01
   8.4946360e+06   6.5368652e+01
   8.4946780e+06   5.2429199e+01
   8.4947350e+06   3.9428711e+01
   8.4947730e+06   4.3823242e+01
   8.5158310e+06   4.4738770e+01
   8.5158630e+06   6.6772461e+01
   8.5158750e+06   5.7067871e+01
   8.5159040e+06   5.4504395e+01
   8.5159180e+06   4.2724609e+01
   8.5159750e+06   5.3649902e+01
   8.5160020e+06   5.4016113e+01
   8.5160200e+06   3.9672852e+01
   8.5160370e+06   5.3161621e+01
   8.5160540e+06   5.6030273e+01
   8.5160980e+06   5.0781250e+01
   8.5161370e+06   4.6936035e+01
   8.5161530e+06   4.1015625e+01
   8.5366920e+06   3.9428711e+01
   8.5371040e+06   3.9001465e+01
   8.5378500e+06   3.8452148e+01
   8.5378810e+06   4.3212891e+01
   8.5379010e+06   5.6823730e+01
   8.5379220e+06   5.3894043e+01
   8.5379510e+06   4.8034668e+01
   8.5379930e+06   6.3781738e+01
   8.5380220e+06   5.7312012e+01
   8.5380340e+06   3.8330078e+01
   8.5380590e+06   5.0659180e+01
   8.5380840e+06   5.9692383e+01
   8.5380960e+06   6.4941406e+01
   8.5381410e+06   4.3701172e+01
   8.5381730e+06   4.5288086e+01
   8.5381880e+06   4.5471191e+01
   8.5382310e+06   6.2805176e+01
   8.5382600e+06   4.1870117e+01
   8.5383290e+06   3.8269043e+01
   8.5651840e+06   3.9855957e+01
   8.5652070e+06   7.0800781e+01
   8.5652420e+06   4.6264648e+01
   8.5652650e+06   4.3579102e+01
   8.5652860e+06   5.1391602e+01
   8.5653150e+06   5.1391602e+01
   8.5653460e+06   5.4382324e+01
   8.5653560e+06   4.1198730e+01
   8.5653960e+06   3.8574219e+01
   8.5654850e+06   5.0292969e+01
   8.5867580e+06   4.3029785e+01
   8.5868030e+06   3.9001465e+01
   8.5869240e+06   5.1574707e+01
   8.5869470e+06   4.4311523e+01
   8.5870060e+06   4.3151855e+01
   8.5870490e+06   4.3273926e+01
   8.5870590e+06   5.0048828e+01
   8.5871050e+06   5.5664063e+01
   8.5871440e+06   5.0781250e+01
   8.5872240e+06   4.7729492e+01
   8.5872940e+06   3.9794922e+01
   8.5873980e+06   3.9001465e+01
   8.6094330e+06   4.9865723e+01
   8.6097080e+06   3.8330078e+01
   8.6098820e+06   3.9184570e+01
   8.6101560e+06   3.9916992e+01
   8.6102000e+06   4.2785645e+01
   8.6102720e+06   4.3640137e+01
   8.6103510e+06   4.2358398e+01
   8.6103990e+06   4.1625977e+01
   8.6104620e+06   5.0170898e+01
   8.6105080e+06   3.8818359e+01
   8.6105590e+06   3.8269043e+01
   8.6105880e+06   4.6142578e+01
   8.6106180e+06   5.5541992e+01
   8.6107010e+06   4.5959473e+01
   8.6107240e+06   4.1015625e+01
   8.6495720e+06   3.9245605e+01
   8.6496630e+06   4.1503906e+01
   8.6497650e+06   6.2927246e+01
   8.6498020e+06   3.9184570e+01
   8.6498330e+06   4.7851563e+01
   8.6498490e+06   3.8391113e+01
   8.6498720e+06   6.0729980e+01
   8.6498960e+06   5.2246094e+01
   8.6499280e+06   3.9855957e+01
   8.6499420e+06   7.9040527e+01
   8.6499730e+06   4.2236328e+01
   8.6499970e+06   5.3039551e+01
   8.6500300e+06   5.0598145e+01
   8.6500650e+06   5.0292969e+01
   8.6501500e+06   4.4006348e+01
   8.6501900e+06   4.5593262e+01
   8.6502650e+06   4.1198730e+01
   8.6785070e+06   3.8452148e+01
   8.6785310e+06   4.1931152e+01
   8.6785890e+06   4.1442871e+01
   8.6786810e+06   4.3151855e+01
   8.6787070e+06   4.7424316e+01
   8.6787280e+06   4.0710449e+01
   8.6787810e+06   5.3710938e+01
   8.6788160e+06   6.5917969e+01
   8.6788450e+06   4.1381836e+01
   8.6788740e+06   6.5368652e+01
   8.6789090e+06   7.3974609e+01
   8.6789510e+06   5.3833008e+01
   8.6790000e+06   4.9743652e+01
   8.6790680e+06   3.9611816e+01
   8.7098350e+06   4.0710449e+01
   8.7098470e+06   5.2368164e+01
   8.7101420e+06   4.8767090e+01
   8.7101540e+06   5.5297852e+01
   8.7102420e+06   3.9245605e+01
   8.7102870e+06   5.9082031e+01
   8.7103260e+06   4.3823242e+01
   8.7103650e+06   4.5410156e+01
   8.7103770e+06   4.4982910e+01
   8.7104160e+06   4.3151855e+01
   8.7106330e+06   5.2978516e+01
   8.7613080e+06   4.0771484e+01
   8.7622730e+06   4.3457031e+01
   8.7622900e+06   3.9428711e+01
   8.7623890e+06   3.9855957e+01
   8.7624950e+06   4.2602539e+01
   8.8207380e+06   4.3090820e+01
   8.8208420e+06   4.2358398e+01
   8.8208650e+06   4.7363281e+01
   8.8209780e+06   4.5898438e+01
   8.8209970e+06   4.6997070e+01
   8.8210210e+06   3.9001465e+01
   8.8210390e+06   4.4982910e+01
   8.8210620e+06   6.0852051e+01
   8.8210830e+06   4.9865723e+01
   8.8210950e+06   5.0354004e+01
   8.8211350e+06   5.3833008e+01
   8.8211520e+06   5.0170898e+01
   8.8211870e+06   5.3527832e+01
   8.8212270e+06   4.7119141e+01
   8.8747140e+06   4.8278809e+01
   8.8747330e+06   5.3955078e+01
   8.8747590e+06   4.4738770e+01
   8.8747790e+06   4.0222168e+01
   8.8747900e+06   6.7382813e+01
   8.8748300e+06   4.6997070e+01
   8.8748420e+06   4.2663574e+01
   8.8748710e+06   4.4921875e+01
   8.8749050e+06   4.2724609e+01
   8.8749220e+06   6.0424805e+01
   8.8749320e+06   5.2917480e+01
   8.8749650e+06   4.8767090e+01
   8.8750020e+06   4.9194336e+01
   8.9513170e+06   3.8879395e+01
   8.9515330e+06   4.3273926e+01
   8.9515810e+06   3.9123535e+01
   8.9515940e+06   5.4199219e+01
   8.9516170e+06   5.8410645e+01
   8.9516310e+06   4.8522949e+01
   8.9516740e+06   5.2856445e+01
   8.9517120e+06   7.3181152e+01
   8.9517390e+06   5.4565430e+01
   8.9517530e+06   4.9133301e+01
   8.9518120e+06   3.9916992e+01
   8.9518840e+06   3.8452148e+01
   9.0065240e+06   4.2602539e+01
   9.0078350e+06   3.9245605e+01
   9.0078720e+06   5.0354004e+01
   9.0079120e+06   4.0405273e+01
   9.0079250e+06   3.8940430e+01
   9.0079530e+06   4.8156738e+01
   9.0079700e+06   4.2297363e+01
   9.0535320e+06   4.0466309e+01
   9.0536010e+06   4.3395996e+01
   9.0536360e+06   4.1809082e+01
   9.0536790e+06   4.7668457e+01
   9.0536920e+06   5.8715820e+01
   9.0537250e+06   6.0424805e+01
   9.0537440e+06   4.0222168e+01
   9.0537720e+06   6.2683105e+01
   9.0537850e+06   5.8654785e+01
   9.0538120e+06   5.2062988e+01
   9.0538490e+06   3.8391113e+01
   9.0538670e+06   4.5593262e+01
   9.0539100e+06   4.9804688e+01
   9.0539250e+06   4.7241211e+01
   9.0539440e+06   3.9794922e+01
   9.0540010e+06   4.0222168e+01
   9.1121150e+06   4.3823242e+01
   9.1121310e+06   7.5439453e+01
   9.1121510e+06   7.2326660e+01
   9.1121800e+06   7.3364258e+01
   9.1121990e+06   6.0485840e+01
   9.1122470e+06   7.0678711e+01
   9.1123040e+06   3.9123535e+01
   9.1124000e+06   4.0771484e+01
   9.1124240e+06   4.1992188e+01
   9.1633990e+06   3.8574219e+01
   9.1636600e+06   3.8879395e+01
   9.1643450e+06   3.8391113e+01
   9.1645960e+06   3.9916992e+01
   9.1646610e+06   5.5175781e+01
   9.1646890e+06   5.3466797e+01
   9.1647040e+06   4.3640137e+01
   9.1647510e+06   4.3090820e+01
   9.1647630e+06   4.7790527e+01
   9.1647970e+06   4.7790527e+01
   9.1648150e+06   4.6142578e+01
   9.1648290e+06   6.6894531e+01
   9.1648660e+06   5.5236816e+01
   9.1648820e+06   4.9560547e+01
   9.1649170e+06   6.3537598e+01
   9.1649550e+06   4.9682617e+01
   9.1649710e+06   5.7617188e+01
   9.1650020e+06   3.9489746e+01
   9.2211610e+06   5.5175781e+01
   9.2211850e+06   5.1818848e+01
   9.2211960e+06   6.6345215e+01
   9.2212280e+06   5.0476074e+01
   9.2212380e+06   5.1330566e+01
   9.2212650e+06   8.7341309e+01
   9.2212840e+06   6.7871094e+01
   9.2213220e+06   4.2419434e+01
   9.2213500e+06   4.4494629e+01
   9.2214350e+06   5.1208496e+01
   9.2217120e+06   3.8635254e+01
   9.2633010e+06   5.2368164e+01
   9.2633330e+06   9.2285156e+01
   9.2633490e+06   4.1870117e+01
   9.2633710e+06   4.8156738e+01
   9.2634030e+06   4.6203613e+01
   9.2634290e+06   5.2856445e+01
   9.2634660e+06   4.8400879e+01
   9.2634820e+06   4.7668457e+01
   9.2635210e+06   4.2297363e+01
   9.2635890e+06   4.2541504e+01
   9.3318470e+06   5.4626465e+01
   9.3318730e+06   5.5114746e+01
   9.3318900e+06   4.9865723e+01
   9.3319040e+06   7.4279785e+01
   9.3319190e+06   6.7932129e+01
   9.3319490e+06   4.5532227e+01
   9.3320000e+06   4.2175293e+01
   9.3320110e+06   3.9978027e+01
   9.3320360e+06   6.5368652e+01
   9.3320670e+06   4.1809082e+01
   9.3320780e+06   4.1687012e+01
   9.3321170e+06   4.0405273e+01
   9.3321400e+06   4.8767090e+01
   9.3767820e+06   3.8879395e+01
   9.3768400e+06   3.9978027e+01
   9.3784720e+06   3.9611816e+01
   9.3784880e+06   4.3945313e+01
   9.3785120e+06   3.8452148e+01
   9.3785700e+06   4.1564941e+01
   9.3785840e+06   3.8452148e+01
   9.4109230e+06   5.2795410e+01
   9.4109490e+06   4.8522949e+01
   9.4109690e+06   3.9245605e+01
   9.4110010e+06   4.2907715e+01
   9.4110290e+06   4.0161133e+01
   9.4110650e+06   5.2734375e+01
   9.4112080e+06   4.0100098e+01
   9.4112510e+06   4.0161133e+01
   9.4113270e+06   4.0100098e+01
   9.4677740e+06   4.6447754e+01
   9.4679490e+06   4.0649414e+01
   9.5177090e+06   6.9580078e+01
   9.5177910e+06   4.6264648e+01
   9.6300400e+06   3.8696289e+01
   1.1926766e+07   5.2307129e+01
   1.1926778e+07   6.3659668e+01
   1.1926837e+07   6.3659668e+01
   1.1926849e+07   4.4250488e+01
   1.1926888e+07   4.4433594e+01
   1.1926918e+07   4.5776367e+01
   1.1926945e+07   4.4311523e+01
   1.1926991e+07   3.9916992e+01
   1.1927003e+07   5.7556152e+01
   1.1927056e+07   4.4738770e+01
   1.1927087e+07   4.1748047e+01
   1.1927146e+07   3.8513184e+01
   1.1956485e+07   4.6447754e+01
   1.1956518e+07   4.7973633e+01
   1.1956529e+07   7.6904297e+01
   1.1956552e+07   5.2246094e+01
   1.1956570e+07   4.2358398e+01
   1.1956589e+07   4.5227051e+01
   1.1956610e+07   6.9824219e+01
   1.1956632e+07   5.0292969e+01
   1.1956665e+07   4.8034668e+01
   1.1956726e+07   4.7302246e+01
   1.1956752e+07   3.8818359e+01
   1.1956795e+07   3.8940430e+01
   1.1956898e+07   4.2175293e+01
   1.1956934e+07   4.3701172e+01
