   1.1999000e+07   0.0000000e+00
   6.6543500e+05   3.9550781e+01
   9.6367500e+05   4.5104980e+01
   9.6371800e+05   5.0231934e+01
   9.6390800e+05   3.5644531e+01
   9.7423600e+05   3.7719727e+01
   9.7426300e+05   5.1269531e+01
   9.7430400e+05   3.7170410e+01
   9.7432400e+05   3.5949707e+01
   9.7436100e+05   3.9916992e+01
   9.8330400e+05   6.2622070e+01
   9.8339600e+05   4.3701172e+01
   9.9711500e+05   6.9091797e+01
   9.9714900e+05   4.0161133e+01
   9.9720400e+05   3.7292480e+01
   9.9723200e+05   3.8879395e+01
   1.0136120e+06   4.4372559e+01
   1.0136480e+06   3.7658691e+01
   1.0136620e+06   3.7536621e+01
   1.0136840e+06   4.1687012e+01
   1.0276860e+06   3.5339355e+01
   1.0294550e+06   3.7780762e+01
   1.0294910e+06   5.4321289e+01
   1.0295050e+06   3.9245605e+01
   1.0295200e+06   3.5339355e+01
   1.0501330e+06   5.0354004e+01
   1.0501610e+06   4.6569824e+01
   1.0501880e+06   4.1870117e+01
   1.0503610e+06   3.7902832e+01
   1.0655590e+06   6.6162109e+01
   1.0655860e+06   6.2561035e+01
   1.0656040e+06   5.3405762e+01
   1.0656510e+06   4.5898438e+01
   1.0859550e+06   3.6987305e+01
   1.0860110e+06   4.8828125e+01
   1.0860860e+06   3.9123535e+01
   1.0861120e+06   3.6376953e+01
   1.1036970e+06   3.9306641e+01
   1.1037120e+06   4.3212891e+01
   1.1037350e+06   5.2612305e+01
   1.1037490e+06   5.4809570e+01
   1.1245100e+06   4.6447754e+01
   1.1245520e+06   3.7170410e+01
   1.1246070e+06   4.1381836e+01
   1.1246410e+06   3.6437988e+01
   1.1534660e+06   3.5766602e+01
   1.1534810e+06   7.0129395e+01
   1.1535040e+06   3.6499023e+01
   1.1535260e+06   4.0771484e+01
   1.1535610e+06   3.5888672e+01
   1.1535780e+06   3.8391113e+01
   1.1822190e+06   4.5898438e+01
   1.1822570e+06   6.0607910e+01
   1.1822870e+06   3.7780762e+01
   1.1822970e+06   5.1757813e+01
   1.1823260e+06   3.8574219e+01
   1.2102490e+06   3.7719727e+01
   1.2102770e+06   4.4738770e+01
   1.2103040e+06   5.7678223e+01
   1.2344990e+06   5.9753418e+01
   1.2345650e+06   4.9560547e+01
   1.2346000e+06   4.5715332e+01
   1.2603980e+06   4.9072266e+01
   1.2604170e+06   3.6254883e+01
   1.2604600e+06   3.5888672e+01
   1.2604710e+06   4.3762207e+01
   1.2605030e+06   3.7963867e+01
   1.2819080e+06   4.7058105e+01
   1.2819410e+06   3.5583496e+01
   1.2819750e+06   3.5583496e+01
   1.2820030e+06   3.6499023e+01
   1.2820620e+06   3.8452148e+01
   1.3071050e+06   3.9001465e+01
   1.3071290e+06   3.9062500e+01
   1.3071470e+06   4.4189453e+01
   1.3071780e+06   3.9184570e+01
   1.3072060e+06   4.5837402e+01
   1.3072380e+06   3.5949707e+01
   1.3382720e+06   3.5400391e+01
   1.3382840e+06   4.2541504e+01
   1.3383150e+06   3.6254883e+01
   1.3383540e+06   3.5522461e+01
   1.3383920e+06   3.8818359e+01
   1.3523600e+06   3.6376953e+01
   1.3523940e+06   5.7312012e+01
   1.3827590e+06   6.5307617e+01
   1.3827720e+06   4.0100098e+01
   1.3828290e+06   3.9794922e+01
   1.4088550e+06   3.8330078e+01
   1.4088800e+06   3.5888672e+01
   1.4089170e+06   3.6315918e+01
   1.4409240e+06   5.5786133e+01
   1.4409620e+06   4.2175293e+01
   1.4409960e+06   4.7912598e+01
   1.4719440e+06   3.7170410e+01
   1.4720190e+06   4.0710449e+01
   1.4721640e+06   4.0527344e+01
   1.5016700e+06   3.6804199e+01
   1.5017030e+06   4.5288086e+01
   1.5017420e+06   3.8757324e+01
   1.5017520e+06   4.2541504e+01
   1.5017710e+06   3.9184570e+01
   1.5018930e+06   3.5217285e+01
   1.5195100e+06   4.6936035e+01
   1.5196220e+06   4.6142578e+01
   1.5196400e+06   3.5827637e+01
   1.5479530e+06   3.6315918e+01
   1.5479720e+06   6.7016602e+01
   1.5480620e+06   4.5715332e+01
   1.5480840e+06   4.6875000e+01
   1.5481590e+06   3.7475586e+01
   1.5675860e+06   3.5766602e+01
   1.5676010e+06   5.6823730e+01
   1.5676610e+06   3.6254883e+01
   1.5677230e+06   3.6865234e+01
   1.6011300e+06   3.9062500e+01
   1.6012430e+06   3.7780762e+01
   1.6012560e+06   4.3823242e+01
   1.6012930e+06   3.7963867e+01
   1.6013720e+06   4.0039063e+01
   1.6014730e+06   4.0527344e+01
   1.6773080e+06   3.5217285e+01
   1.6773330e+06   4.5166016e+01
   1.6773990e+06   3.9855957e+01
   1.6774400e+06   4.6081543e+01
   1.7066460e+06   4.9011230e+01
   1.7068490e+06   4.0893555e+01
   1.7586840e+06   3.9611816e+01
   1.7587580e+06   3.7414551e+01
   1.8033770e+06   3.8696289e+01
   1.8038870e+06   3.6804199e+01
   1.8874190e+06   3.7231445e+01
   2.2872200e+06   3.7109375e+01
   2.4471140e+06   3.6132813e+01
   2.4780100e+06   3.7170410e+01
   2.4782220e+06   3.6315918e+01
   2.5494640e+06   4.1992188e+01
   2.5991550e+06   3.5339355e+01
   2.7211860e+06   4.0588379e+01
   2.9511000e+06   3.7414551e+01
   2.9513400e+06   3.5766602e+01
   3.1571220e+06   3.8208008e+01
   3.8467540e+06   4.0832520e+01
   4.5402340e+06   3.8635254e+01
   4.5636520e+06   3.6132813e+01
   4.5957550e+06   6.4025879e+01
   4.5957880e+06   4.4860840e+01
   4.6075820e+06   4.9621582e+01
   4.6077080e+06   3.8330078e+01
   4.6184250e+06   4.6630859e+01
   4.6184500e+06   4.2663574e+01
   4.6351390e+06   3.9978027e+01
   4.6351870e+06   3.7109375e+01
   4.6352850e+06   3.7658691e+01
   4.6523900e+06   3.5766602e+01
   4.6524080e+06   5.4504395e+01
   4.6524400e+06   5.5541992e+01
   4.6524900e+06   3.8513184e+01
   4.6708590e+06   4.5715332e+01
   4.6708700e+06   8.0932617e+01
   4.6709260e+06   3.7353516e+01
   4.6709660e+06   4.2907715e+01
   4.6889980e+06   6.1157227e+01
   4.7086180e+06   4.1015625e+01
   4.7086500e+06   4.1503906e+01
   4.7086640e+06   4.3884277e+01
   4.7086990e+06   3.5766602e+01
   4.7343360e+06   4.4494629e+01
   4.7343560e+06   5.0537109e+01
   4.7343850e+06   4.1687012e+01
   4.7539520e+06   6.3781738e+01
   4.7539680e+06   3.6010742e+01
   4.7540030e+06   4.5166016e+01
   4.7767950e+06   4.6936035e+01
   4.7768080e+06   6.3964844e+01
   4.7768630e+06   4.4677734e+01
   4.7977540e+06   6.4941406e+01
   4.7977860e+06   4.4616699e+01
   4.7978120e+06   4.2053223e+01
   4.7978540e+06   3.6621094e+01
   4.8237390e+06   5.9875488e+01
   4.8237570e+06   4.7302246e+01
   4.8237770e+06   3.5766602e+01
   4.8238120e+06   3.5217285e+01
   4.8491200e+06   6.3781738e+01
   4.8491450e+06   4.7668457e+01
   4.8491760e+06   3.9733887e+01
   4.8492070e+06   5.3100586e+01
   4.8492960e+06   4.1137695e+01
   4.8754270e+06   4.4616699e+01
   4.8754380e+06   5.0720215e+01
   4.8754860e+06   4.6203613e+01
   4.8755030e+06   3.8635254e+01
   4.8755560e+06   4.2419434e+01
   4.9039070e+06   5.8410645e+01
   4.9039310e+06   3.5217285e+01
   4.9039670e+06   3.5217285e+01
   4.9284670e+06   5.8654785e+01
   4.9284890e+06   3.6315918e+01
   4.9285430e+06   3.8452148e+01
   4.9541310e+06   4.6875000e+01
   4.9541730e+06   4.1931152e+01
   4.9541910e+06   3.7658691e+01
   4.9782640e+06   9.7656250e+01
   4.9783590e+06   3.5400391e+01
   4.9784380e+06   3.6804199e+01
   5.0034800e+06   4.9499512e+01
   5.0035040e+06   4.1992188e+01
   5.0035280e+06   6.2805176e+01
   5.0035550e+06   3.8574219e+01
   5.0036450e+06   3.7658691e+01
   5.0263500e+06   4.3518066e+01
   5.0536130e+06   5.1635742e+01
   5.0536780e+06   3.5461426e+01
   5.0536990e+06   3.9855957e+01
   5.0538320e+06   3.8391113e+01
   5.0779560e+06   3.6315918e+01
   5.0780020e+06   3.5888672e+01
   5.0780650e+06   4.4982910e+01
   5.1027760e+06   4.3579102e+01
   5.1028620e+06   4.3823242e+01
   5.1028880e+06   3.7353516e+01
   5.1264490e+06   3.6193848e+01
   5.1264870e+06   4.7729492e+01
   5.1265960e+06   3.7902832e+01
   5.1590770e+06   3.7109375e+01
   5.1615870e+06   4.0771484e+01
   5.1616320e+06   4.7912598e+01
   5.1617220e+06   3.9733887e+01
   5.1617800e+06   3.5644531e+01
   5.1617930e+06   4.1442871e+01
   5.2292890e+06   3.7780762e+01
   5.2293060e+06   5.5786133e+01
   5.2293990e+06   3.6804199e+01
   5.2294730e+06   4.3762207e+01
   5.2295430e+06   4.5715332e+01
   5.2685960e+06   4.0405273e+01
   5.2686360e+06   5.0964355e+01
   5.2687590e+06   3.9245605e+01
   5.2688260e+06   3.8513184e+01
   5.2688660e+06   3.6743164e+01
   5.2946910e+06   3.8696289e+01
   5.2947280e+06   3.6926270e+01
   5.2948590e+06   5.1330566e+01
   5.2948780e+06   3.5888672e+01
   5.3256610e+06   4.3395996e+01
   5.3256880e+06   3.7414551e+01
   5.3257740e+06   3.7475586e+01
   5.3257940e+06   3.8452148e+01
   5.3573450e+06   5.0292969e+01
   5.3575450e+06   4.4494629e+01
   5.3853650e+06   3.5278320e+01
   5.4960180e+06   3.5461426e+01
   5.6067380e+06   4.2663574e+01
   5.6515790e+06   3.5766602e+01
   5.7677300e+06   3.6987305e+01
   5.7837840e+06   3.8085938e+01
   6.1391760e+06   3.6804199e+01
   6.1393490e+06   3.8696289e+01
   6.2005540e+06   3.7414551e+01
   6.2220160e+06   3.5827637e+01
   6.2755390e+06   3.9794922e+01
   6.6489160e+06   4.2297363e+01
   6.8250000e+06   3.5705566e+01
   7.1032460e+06   4.0893555e+01
   7.4099690e+06   3.5278320e+01
   8.1238620e+06   3.5827637e+01
   8.4127130e+06   3.7719727e+01
   8.4127230e+06   4.2907715e+01
   8.4336700e+06   3.7597656e+01
   8.4337400e+06   4.6997070e+01
   8.4338380e+06   3.6010742e+01
   8.4536510e+06   3.7597656e+01
   8.4536840e+06   6.4208984e+01
   8.4537330e+06   4.6752930e+01
   8.4537520e+06   3.5827637e+01
   8.4738460e+06   7.5622559e+01
   8.4738820e+06   4.1259766e+01
   8.4738960e+06   4.1198730e+01
   8.4739260e+06   3.5766602e+01
   8.4947440e+06   4.5043945e+01
   8.4947540e+06   6.5429688e+01
   8.4947860e+06   3.8513184e+01
   8.4948020e+06   3.7048340e+01
   8.4948340e+06   3.6926270e+01
   8.5159900e+06   3.5461426e+01
   8.5160190e+06   4.8828125e+01
   8.5161230e+06   3.6987305e+01
   8.5380650e+06   3.5949707e+01
   8.5380950e+06   5.4931641e+01
   8.5381500e+06   3.9794922e+01
   8.5381920e+06   4.4616699e+01
   8.5383060e+06   3.6071777e+01
   8.5653330e+06   4.6691895e+01
   8.5653620e+06   3.6254883e+01
   8.5653810e+06   4.3090820e+01
   8.5654390e+06   3.6804199e+01
   8.5873980e+06   6.6772461e+01
   8.5874530e+06   4.1381836e+01
   8.6107850e+06   7.3852539e+01
   8.6108100e+06   4.2175293e+01
   8.6108330e+06   4.4982910e+01
   8.6108540e+06   3.5522461e+01
   8.6108810e+06   3.7292480e+01
   8.6502220e+06   7.5134277e+01
   8.6502870e+06   4.0527344e+01
   8.6505040e+06   3.6560059e+01
   8.6791910e+06   6.0363770e+01
   8.6792530e+06   3.5949707e+01
   8.7106110e+06   3.7414551e+01
   8.7106380e+06   8.2275391e+01
   8.7106800e+06   3.5705566e+01
   8.7107230e+06   3.7902832e+01
   8.7475280e+06   3.6743164e+01
   8.7623520e+06   6.3842773e+01
   8.7623960e+06   4.1931152e+01
   8.7624170e+06   5.1391602e+01
   8.8208370e+06   5.1025391e+01
   8.8209010e+06   4.2297363e+01
   8.8209670e+06   3.9794922e+01
   8.8745610e+06   5.1574707e+01
   8.8746400e+06   3.5766602e+01
   8.8747090e+06   3.5217285e+01
   8.9514870e+06   5.6335449e+01
   8.9515560e+06   3.8208008e+01
   8.9515860e+06   3.5644531e+01
   8.9516100e+06   3.6560059e+01
   9.0076290e+06   3.6987305e+01
   9.0077060e+06   3.7353516e+01
   9.0532550e+06   3.9367676e+01
   9.0532980e+06   4.9011230e+01
   9.0533850e+06   4.1381836e+01
   9.1118660e+06   5.6945801e+01
   9.1118970e+06   3.9184570e+01
   9.1119620e+06   4.2114258e+01
   9.1643890e+06   4.0344238e+01
   9.1644800e+06   4.5654297e+01
   9.1645000e+06   3.7719727e+01
   9.1646280e+06   3.7231445e+01
   9.2208560e+06   4.0039063e+01
   9.2209160e+06   3.8940430e+01
   9.2209340e+06   4.9987793e+01
   9.2210100e+06   4.0893555e+01
   9.2210860e+06   4.5715332e+01
   9.2211490e+06   3.9306641e+01
   9.2629790e+06   4.0893555e+01
   9.2630590e+06   3.6621094e+01
   9.2630850e+06   4.5410156e+01
   9.2630960e+06   3.7109375e+01
   9.3315540e+06   3.8208008e+01
   9.3316900e+06   4.7119141e+01
   9.3317690e+06   3.8757324e+01
   9.3780980e+06   3.7902832e+01
   9.3781930e+06   3.6376953e+01
   9.4105750e+06   5.2368164e+01
   9.4107000e+06   4.7180176e+01
   9.4674080e+06   5.0415039e+01
   9.5175140e+06   3.5217285e+01
   9.5564540e+06   4.3151855e+01
   9.6342530e+06   3.8696289e+01
   9.8908080e+06   3.7231445e+01
   1.0094631e+07   3.6743164e+01
   1.0347527e+07   3.5888672e+01
   1.0841733e+07   3.8452148e+01
   1.1926649e+07   4.7180176e+01
   1.1926687e+07   3.7475586e+01
   1.1926700e+07   4.7241211e+01
   1.1926740e+07   4.5898438e+01
   1.1956617e+07   3.6376953e+01
   1.1956648e+07   5.3161621e+01
   1.1956671e+07   3.9367676e+01
   1.1956717e+07   4.9987793e+01
   1.1998922e+07   3.5888672e+01
   1.1998949e+07   6.0485840e+01
