   1.1999000e+07   0.0000000e+00
   5.1517000e+04   4.7546387e+01
   6.9135000e+04   4.4067383e+01
   1.1824800e+05   4.5410156e+01
   1.8060700e+05   4.2236328e+01
   1.8137100e+05   4.5227051e+01
   2.2616700e+05   4.3823242e+01
   2.2636300e+05   4.6020508e+01
   2.8066000e+05   4.4738770e+01
   3.1011500e+05   4.6264648e+01
   3.1030400e+05   4.4677734e+01
   4.1267500e+05   5.0842285e+01
   4.1281400e+05   4.2419434e+01
   4.4245500e+05   5.0537109e+01
   4.5497000e+05   4.7912598e+01
   4.6623000e+05   4.8095703e+01
   4.6630500e+05   4.8278809e+01
   4.7764100e+05   4.4738770e+01
   4.8779500e+05   4.1992188e+01
   5.0291600e+05   5.4504395e+01
   5.0301200e+05   4.2724609e+01
   5.2033900e+05   5.0109863e+01
   5.4762900e+05   4.2419434e+01
   5.5207700e+05   4.5043945e+01
   5.5220400e+05   4.2480469e+01
   5.5225000e+05   4.4677734e+01
   5.7172900e+05   4.5715332e+01
   5.7178800e+05   4.3090820e+01
   6.0551400e+05   4.5410156e+01
   6.0553600e+05   5.0781250e+01
   6.1072600e+05   4.7912598e+01
   6.1081700e+05   4.4311523e+01
   6.9547100e+05   4.7546387e+01
   7.3403700e+05   5.6274414e+01
   7.5338600e+05   4.2724609e+01
   8.1799900e+05   4.4555664e+01
   8.2167300e+05   4.2663574e+01
   8.2180800e+05   4.9804688e+01
   8.4578300e+05   4.6081543e+01
   8.4580100e+05   4.3334961e+01
   9.1516600e+05   5.7434082e+01
   9.1799100e+05   4.8095703e+01
   9.1808200e+05   4.2297363e+01
   9.1830300e+05   4.6630859e+01
   9.4698500e+05   4.2053223e+01
   9.6388100e+05   4.9072266e+01
   9.6390100e+05   7.7941895e+01
   9.6391300e+05   4.8278809e+01
   9.6397500e+05   4.9072266e+01
   9.6399400e+05   4.9011230e+01
   9.6406600e+05   4.7058105e+01
   9.6415500e+05   4.3579102e+01
   9.7362000e+05   4.1992188e+01
   9.7404700e+05   6.0363770e+01
   9.7406400e+05   4.3518066e+01
   9.7410200e+05   4.9560547e+01
   9.7411500e+05   4.7729492e+01
   9.7421300e+05   4.3090820e+01
   9.7423200e+05   4.8828125e+01
   9.7425100e+05   4.9926758e+01
   9.7429000e+05   5.1147461e+01
   9.8305500e+05   4.6203613e+01
   9.8310900e+05   4.9926758e+01
   9.8314300e+05   4.2663574e+01
   9.8315300e+05   4.4189453e+01
   9.8316900e+05   4.6691895e+01
   9.8320100e+05   6.2805176e+01
   9.8322800e+05   4.6691895e+01
   9.8326700e+05   4.4799805e+01
   9.8332900e+05   5.0354004e+01
   9.8340300e+05   4.2419434e+01
   9.8342200e+05   4.2114258e+01
   9.9653800e+05   4.4982910e+01
   9.9665100e+05   4.2663574e+01
   9.9682000e+05   4.9621582e+01
   9.9686500e+05   6.3964844e+01
   9.9689500e+05   4.3884277e+01
   9.9691600e+05   5.7556152e+01
   9.9693800e+05   4.8217773e+01
   9.9698300e+05   4.3945313e+01
   9.9704100e+05   4.4006348e+01
   9.9706900e+05   4.3395996e+01
   9.9708700e+05   4.3823242e+01
   9.9710300e+05   4.3884277e+01
   1.0126690e+06   4.4494629e+01
   1.0129970e+06   4.3579102e+01
   1.0132820e+06   4.9560547e+01
   1.0133450e+06   4.3334961e+01
   1.0133670e+06   4.5959473e+01
   1.0133960e+06   4.9865723e+01
   1.0134900e+06   4.7729492e+01
   1.0135170e+06   4.5715332e+01
   1.0136460e+06   4.7607422e+01
   1.0137110e+06   4.2602539e+01
   1.0284760e+06   4.5288086e+01
   1.0285440e+06   4.2907715e+01
   1.0289450e+06   4.2602539e+01
   1.0289890e+06   5.2917480e+01
   1.0290440e+06   4.5166016e+01
   1.0291340e+06   4.4555664e+01
   1.0291620e+06   5.7983398e+01
   1.0291730e+06   6.0729980e+01
   1.0291940e+06   6.6467285e+01
   1.0292190e+06   5.9387207e+01
   1.0292470e+06   6.3476563e+01
   1.0293970e+06   4.6875000e+01
   1.0294780e+06   4.6569824e+01
   1.0495730e+06   4.2663574e+01
   1.0496210e+06   4.4250488e+01
   1.0498810e+06   5.5603027e+01
   1.0498940e+06   4.4128418e+01
   1.0499130e+06   4.6203613e+01
   1.0499360e+06   4.7180176e+01
   1.0499650e+06   6.9335938e+01
   1.0499790e+06   5.4321289e+01
   1.0499920e+06   5.5541992e+01
   1.0500190e+06   7.0861816e+01
   1.0500400e+06   4.6325684e+01
   1.0500550e+06   4.4799805e+01
   1.0500770e+06   4.9743652e+01
   1.0650900e+06   4.2480469e+01
   1.0653320e+06   4.2663574e+01
   1.0653500e+06   4.5654297e+01
   1.0653880e+06   5.0415039e+01
   1.0654000e+06   4.6508789e+01
   1.0654570e+06   5.7434082e+01
   1.0654730e+06   5.0170898e+01
   1.0654880e+06   6.7077637e+01
   1.0655360e+06   4.4311523e+01
   1.0655560e+06   5.5725098e+01
   1.0655910e+06   5.7312012e+01
   1.0656630e+06   4.9987793e+01
   1.0857750e+06   5.5969238e+01
   1.0858070e+06   5.4748535e+01
   1.0858220e+06   6.3232422e+01
   1.0858480e+06   7.5134277e+01
   1.0858600e+06   5.9326172e+01
   1.0858850e+06   5.9875488e+01
   1.0858970e+06   4.7363281e+01
   1.0859090e+06   5.7678223e+01
   1.0859700e+06   4.8889160e+01
   1.0859920e+06   5.0537109e+01
   1.0860420e+06   5.7006836e+01
   1.1035140e+06   4.4433594e+01
   1.1035340e+06   4.7546387e+01
   1.1035720e+06   4.9804688e+01
   1.1035920e+06   5.1269531e+01
   1.1036350e+06   6.6955566e+01
   1.1036740e+06   4.8156738e+01
   1.1037380e+06   5.5847168e+01
   1.1037750e+06   4.9011230e+01
   1.1039070e+06   4.4738770e+01
   1.1243400e+06   4.4616699e+01
   1.1243690e+06   7.6354980e+01
   1.1244070e+06   5.2062988e+01
   1.1244180e+06   6.0791016e+01
   1.1244500e+06   5.5969238e+01
   1.1244630e+06   5.3405762e+01
   1.1244790e+06   6.8542480e+01
   1.1245100e+06   4.6630859e+01
   1.1245390e+06   4.5043945e+01
   1.1245800e+06   4.9682617e+01
   1.1533180e+06   4.9377441e+01
   1.1533460e+06   5.7983398e+01
   1.1533570e+06   6.1950684e+01
   1.1533760e+06   6.2072754e+01
   1.1534110e+06   6.4758301e+01
   1.1534490e+06   5.3344727e+01
   1.1535080e+06   5.3466797e+01
   1.1535280e+06   4.5227051e+01
   1.1536340e+06   5.1330566e+01
   1.1536630e+06   4.4128418e+01
   1.1820310e+06   4.7119141e+01
   1.1820560e+06   5.0659180e+01
   1.1820940e+06   5.1757813e+01
   1.1821090e+06   5.3100586e+01
   1.1821350e+06   4.2053223e+01
   1.1821620e+06   4.7241211e+01
   1.1822280e+06   5.8654785e+01
   1.1822820e+06   5.0292969e+01
   1.1822980e+06   4.2053223e+01
   1.2099840e+06   5.5419922e+01
   1.2100610e+06   4.6447754e+01
   1.2100790e+06   4.5349121e+01
   1.2101180e+06   4.8156738e+01
   1.2101380e+06   7.3913574e+01
   1.2101670e+06   4.8461914e+01
   1.2101880e+06   7.4218750e+01
   1.2102410e+06   4.2846680e+01
   1.2102640e+06   5.0537109e+01
   1.2103100e+06   5.0598145e+01
   1.2103360e+06   4.8278809e+01
   1.2343170e+06   5.6701660e+01
   1.2343300e+06   6.6406250e+01
   1.2343420e+06   5.1391602e+01
   1.2343810e+06   4.6325684e+01
   1.2344000e+06   4.3029785e+01
   1.2344290e+06   9.5031738e+01
   1.2344510e+06   6.5124512e+01
   1.2344760e+06   7.0739746e+01
   1.2344990e+06   5.1574707e+01
   1.2345860e+06   4.4799805e+01
   1.2346570e+06   4.8278809e+01
   1.2347080e+06   4.2663574e+01
   1.2602400e+06   5.9143066e+01
   1.2602650e+06   7.3181152e+01
   1.2602830e+06   5.3771973e+01
   1.2603020e+06   4.5227051e+01
   1.2603370e+06   4.7607422e+01
   1.2603660e+06   5.1025391e+01
   1.2604750e+06   4.5288086e+01
   1.2605930e+06   4.2297363e+01
   1.2606260e+06   4.4189453e+01
   1.2816740e+06   4.2785645e+01
   1.2816880e+06   6.5673828e+01
   1.2817270e+06   7.7514648e+01
   1.2817390e+06   5.0109863e+01
   1.2817710e+06   4.9682617e+01
   1.2818000e+06   4.7058105e+01
   1.2818490e+06   4.4006348e+01
   1.2818960e+06   4.2480469e+01
   1.2819060e+06   5.1757813e+01
   1.2819440e+06   6.2866211e+01
   1.2819840e+06   4.8950195e+01
   1.2820660e+06   4.4982910e+01
   1.3065130e+06   4.7241211e+01
   1.3065850e+06   4.2846680e+01
   1.3066620e+06   4.2175293e+01
   1.3067000e+06   5.3649902e+01
   1.3067360e+06   5.3955078e+01
   1.3068010e+06   4.8156738e+01
   1.3068210e+06   4.2663574e+01
   1.3068500e+06   4.3273926e+01
   1.3068800e+06   4.2297363e+01
   1.3069210e+06   4.3334961e+01
   1.3069840e+06   4.3029785e+01
   1.3070310e+06   5.3710938e+01
   1.3070620e+06   4.2663574e+01
   1.3071000e+06   4.9316406e+01
   1.3071700e+06   4.9072266e+01
   1.3072000e+06   4.5410156e+01
   1.3380590e+06   7.1960449e+01
   1.3380900e+06   6.0791016e+01
   1.3381150e+06   4.1992188e+01
   1.3381260e+06   4.6264648e+01
   1.3381440e+06   4.2480469e+01
   1.3381740e+06   4.4006348e+01
   1.3381840e+06   6.4758301e+01
   1.3382010e+06   4.6203613e+01
   1.3526590e+06   5.3833008e+01
   1.3526790e+06   6.3171387e+01
   1.3527020e+06   7.0373535e+01
   1.3527160e+06   6.2744141e+01
   1.3527360e+06   7.9589844e+01
   1.3527800e+06   4.3823242e+01
   1.3528530e+06   5.8349609e+01
   1.3528960e+06   4.7851563e+01
   1.3529900e+06   4.7668457e+01
   1.3825580e+06   8.4411621e+01
   1.3825800e+06   5.9448242e+01
   1.3826020e+06   6.8786621e+01
   1.3826150e+06   4.4311523e+01
   1.3826510e+06   4.8889160e+01
   1.3826910e+06   4.9011230e+01
   1.3827170e+06   4.2480469e+01
   1.3827880e+06   5.0781250e+01
   1.3828210e+06   4.4250488e+01
   1.3828360e+06   4.5166016e+01
   1.3828780e+06   5.2368164e+01
   1.4083330e+06   4.5166016e+01
   1.4083860e+06   4.3395996e+01
   1.4084540e+06   4.7546387e+01
   1.4084720e+06   4.2358398e+01
   1.4085060e+06   4.6386719e+01
   1.4085560e+06   4.3884277e+01
   1.4085700e+06   4.5043945e+01
   1.4085940e+06   4.2602539e+01
   1.4086060e+06   6.7016602e+01
   1.4086410e+06   5.0964355e+01
   1.4086700e+06   4.5654297e+01
   1.4086890e+06   4.7668457e+01
   1.4087030e+06   4.2541504e+01
   1.4088050e+06   4.7424316e+01
   1.4089370e+06   4.8461914e+01
   1.4098840e+06   4.2785645e+01
   1.4402080e+06   4.2358398e+01
   1.4405460e+06   4.2968750e+01
   1.4406310e+06   5.0415039e+01
   1.4406470e+06   4.7546387e+01
   1.4406720e+06   4.8461914e+01
   1.4406910e+06   4.2907715e+01
   1.4407120e+06   6.0974121e+01
   1.4407490e+06   6.9030762e+01
   1.4407600e+06   5.1330566e+01
   1.4407710e+06   4.8828125e+01
   1.4408510e+06   4.4799805e+01
   1.4408780e+06   4.5898438e+01
   1.4409340e+06   4.6447754e+01
   1.4409530e+06   4.8034668e+01
   1.4409670e+06   5.1269531e+01
   1.4411090e+06   4.2541504e+01
   1.4716870e+06   5.0598145e+01
   1.4717170e+06   6.4147949e+01
   1.4717490e+06   7.2021484e+01
   1.4717860e+06   4.2175293e+01
   1.4718010e+06   4.8034668e+01
   1.4718130e+06   4.6203613e+01
   1.4718730e+06   4.7729492e+01
   1.4720340e+06   4.3395996e+01
   1.5012240e+06   4.4433594e+01
   1.5013140e+06   5.3894043e+01
   1.5013580e+06   4.5410156e+01
   1.5013920e+06   4.1931152e+01
   1.5014370e+06   4.2419434e+01
   1.5014610e+06   4.2236328e+01
   1.5015330e+06   4.3334961e+01
   1.5015770e+06   5.6396484e+01
   1.5186670e+06   4.6508789e+01
   1.5195840e+06   4.2114258e+01
   1.5196130e+06   4.4616699e+01
   1.5196380e+06   6.2744141e+01
   1.5472080e+06   5.2185059e+01
   1.5480520e+06   5.4504395e+01
   1.5480640e+06   4.8889160e+01
   1.5480790e+06   5.2734375e+01
   1.5481000e+06   4.6264648e+01
   1.5482010e+06   4.7363281e+01
   1.5676480e+06   4.3579102e+01
   1.5676620e+06   6.3232422e+01
   1.5676950e+06   4.6264648e+01
   1.5677170e+06   4.4128418e+01
   1.5677310e+06   4.4799805e+01
   1.5677950e+06   6.3781738e+01
   1.5678190e+06   5.9875488e+01
   1.5678920e+06   5.2673340e+01
   1.6010330e+06   4.2358398e+01
   1.6013250e+06   4.3395996e+01
   1.6013850e+06   4.4677734e+01
   1.6014110e+06   5.3894043e+01
   1.6014810e+06   4.8156738e+01
   1.6015630e+06   5.7983398e+01
   1.6766750e+06   4.5288086e+01
   1.6767770e+06   4.6630859e+01
   1.6769620e+06   5.0048828e+01
   1.6774910e+06   4.2175293e+01
   1.6775270e+06   4.7302246e+01
   1.6775390e+06   4.4494629e+01
   1.6776280e+06   6.1950684e+01
   1.6776400e+06   4.3273926e+01
   1.6776890e+06   4.7241211e+01
   1.6777310e+06   4.8706055e+01
   1.7054600e+06   5.1330566e+01
   1.7057490e+06   4.2419434e+01
   1.7069970e+06   4.4372559e+01
   1.7070540e+06   5.1025391e+01
   1.7070660e+06   5.7495117e+01
   1.7070960e+06   4.9255371e+01
   1.7071080e+06   4.2480469e+01
   1.7071410e+06   4.5471191e+01
   1.7071680e+06   5.3588867e+01
   1.7071950e+06   5.8837891e+01
   1.7072480e+06   5.4077148e+01
   1.7072750e+06   4.4372559e+01
   1.7320330e+06   4.7180176e+01
   1.7573410e+06   4.8522949e+01
   1.7575930e+06   4.6142578e+01
   1.7580030e+06   4.6875000e+01
   1.7590550e+06   4.2602539e+01
   1.7590710e+06   5.2429199e+01
   1.7591010e+06   4.5959473e+01
   1.7591400e+06   5.7678223e+01
   1.7591620e+06   4.6386719e+01
   1.7591870e+06   5.5541992e+01
   1.7592070e+06   4.4006348e+01
   1.7592320e+06   4.3151855e+01
   1.7593260e+06   4.3762207e+01
   1.7593780e+06   5.1025391e+01
   1.8039950e+06   4.5776367e+01
   1.8040070e+06   6.7382813e+01
   1.8040270e+06   6.4331055e+01
   1.8040440e+06   4.6386719e+01
   1.8040800e+06   5.5053711e+01
   1.8041080e+06   4.9987793e+01
   1.8041470e+06   5.1452637e+01
   1.8041680e+06   4.3640137e+01
   1.8041920e+06   4.3701172e+01
   1.8042630e+06   4.3945313e+01
   1.8889730e+06   4.2114258e+01
   1.9272340e+06   4.3457031e+01
   1.9274520e+06   4.7363281e+01
   1.9700660e+06   4.2541504e+01
   1.9716430e+06   4.5837402e+01
   2.0486510e+06   5.0476074e+01
   2.0915670e+06   4.5715332e+01
   2.1619090e+06   4.2663574e+01
   2.1620840e+06   4.3029785e+01
   2.1931670e+06   4.6875000e+01
   2.1947990e+06   4.4494629e+01
   2.2627400e+06   4.9072266e+01
   2.2630280e+06   4.2724609e+01
   2.2631050e+06   4.7180176e+01
   2.2856660e+06   4.2297363e+01
   2.2878690e+06   4.3029785e+01
   2.3872360e+06   4.6325684e+01
   2.4187190e+06   4.4311523e+01
   2.4466110e+06   4.4616699e+01
   2.4776430e+06   4.5654297e+01
   2.4777230e+06   4.5227051e+01
   2.5043020e+06   4.3273926e+01
   2.5491530e+06   5.0354004e+01
   2.5491800e+06   4.9560547e+01
   2.5492970e+06   4.2724609e+01
   2.5734960e+06   4.2358398e+01
   2.5741590e+06   4.7607422e+01
   2.5744110e+06   4.7241211e+01
   2.5744830e+06   4.4494629e+01
   2.6247130e+06   4.4677734e+01
   2.6247480e+06   4.2175293e+01
   2.6464770e+06   4.2297363e+01
   2.6697660e+06   4.4189453e+01
   2.6698160e+06   4.2297363e+01
   2.6698930e+06   4.3334961e+01
   2.6944320e+06   4.4494629e+01
   2.6945410e+06   4.1992188e+01
   2.6951280e+06   4.3334961e+01
   2.7205190e+06   4.2114258e+01
   2.7205660e+06   4.3823242e+01
   2.7205880e+06   4.3762207e+01
   2.7206040e+06   4.5166016e+01
   2.7207040e+06   4.2480469e+01
   2.7261340e+06   4.2114258e+01
   2.7603220e+06   4.4250488e+01
   2.7892160e+06   4.7912598e+01
   2.7895180e+06   4.5349121e+01
   2.8033870e+06   4.6264648e+01
   2.8034370e+06   4.2602539e+01
   2.8034840e+06   4.2053223e+01
   2.8035170e+06   4.5898438e+01
   2.8358760e+06   4.9682617e+01
   2.8359070e+06   5.7250977e+01
   2.8359300e+06   4.2053223e+01
   2.8408630e+06   4.2480469e+01
   2.8411290e+06   4.9194336e+01
   2.8679970e+06   4.6875000e+01
   2.8680480e+06   4.3823242e+01
   2.9076750e+06   4.4250488e+01
   2.9077070e+06   4.9072266e+01
   2.9078030e+06   4.9194336e+01
   2.9509610e+06   4.3273926e+01
   2.9584890e+06   4.3273926e+01
   2.9585580e+06   4.5288086e+01
   2.9716730e+06   4.8950195e+01
   3.0088280e+06   4.2785645e+01
   3.0089860e+06   4.5166016e+01
   3.0439370e+06   4.4067383e+01
   3.0439660e+06   4.9133301e+01
   3.0877360e+06   4.4616699e+01
   3.0879860e+06   5.3710938e+01
   3.0881830e+06   4.2297363e+01
   3.1039320e+06   4.2480469e+01
   3.1568840e+06   4.5715332e+01
   3.1569340e+06   4.3334961e+01
   3.1569780e+06   4.2114258e+01
   3.1700010e+06   4.6447754e+01
   3.2603270e+06   4.4128418e+01
   3.2611230e+06   4.6142578e+01
   3.3016350e+06   5.0109863e+01
   3.3018220e+06   4.2907715e+01
   3.3022580e+06   4.4250488e+01
   3.3425410e+06   4.9499512e+01
   3.3425920e+06   4.4311523e+01
   3.3426680e+06   4.2907715e+01
   3.3429170e+06   4.7302246e+01
   3.3431750e+06   4.4250488e+01
   3.4261860e+06   4.8889160e+01
   3.4262620e+06   4.5776367e+01
   3.4556850e+06   4.7546387e+01
   3.4856650e+06   4.5104980e+01
   3.4857320e+06   4.5349121e+01
   3.4857660e+06   4.3212891e+01
   3.5322170e+06   4.3762207e+01
   3.5322640e+06   5.3649902e+01
   3.5322970e+06   4.3273926e+01
   3.5495300e+06   4.7668457e+01
   3.5495700e+06   4.5104980e+01
   3.5495950e+06   4.2419434e+01
   3.5862390e+06   6.0424805e+01
   3.5862690e+06   4.7363281e+01
   3.6439300e+06   5.4382324e+01
   3.6439450e+06   4.8828125e+01
   3.6440000e+06   4.5776367e+01
   3.6673740e+06   4.3273926e+01
   3.6674610e+06   4.3701172e+01
   3.6682270e+06   4.7912598e+01
   3.6935250e+06   4.7607422e+01
   3.6936040e+06   4.2419434e+01
   3.7121930e+06   4.5104980e+01
   3.7364090e+06   5.0659180e+01
   3.7370060e+06   4.2846680e+01
   3.7370510e+06   4.5288086e+01
   3.7585500e+06   4.5471191e+01
   3.7775240e+06   4.4128418e+01
   3.7776580e+06   4.2114258e+01
   3.7952500e+06   4.3029785e+01
   3.7953210e+06   5.2795410e+01
   3.7955390e+06   4.2053223e+01
   3.8716460e+06   4.6081543e+01
   3.8717740e+06   4.6081543e+01
   3.8717990e+06   4.3823242e+01
   3.9220170e+06   4.9133301e+01
   3.9221250e+06   4.5593262e+01
   3.9522590e+06   5.8166504e+01
   3.9535520e+06   4.2480469e+01
   3.9919470e+06   4.3701172e+01
   4.0478310e+06   4.4677734e+01
   4.0488430e+06   4.4799805e+01
   4.0488790e+06   4.2663574e+01
   4.0498920e+06   4.2602539e+01
   4.0774530e+06   4.3273926e+01
   4.0775890e+06   4.4738770e+01
   4.0776890e+06   4.5898438e+01
   4.1535170e+06   4.3518066e+01
   4.1535620e+06   5.1635742e+01
   4.1537080e+06   4.6386719e+01
   4.1824280e+06   5.0842285e+01
   4.2141470e+06   4.2968750e+01
   4.2412700e+06   4.2358398e+01
   4.2413970e+06   4.3762207e+01
   4.2642920e+06   4.2236328e+01
   4.2653170e+06   4.4128418e+01
   4.2670910e+06   4.2175293e+01
   4.2683580e+06   4.3579102e+01
   4.3004240e+06   4.5349121e+01
   4.3214670e+06   4.7302246e+01
   4.3214830e+06   4.2236328e+01
   4.3215190e+06   4.2846680e+01
   4.3485480e+06   4.3212891e+01
   4.3592060e+06   4.6447754e+01
   4.3910450e+06   4.2419434e+01
   4.3940340e+06   4.2846680e+01
   4.4145000e+06   4.2053223e+01
   4.4177730e+06   4.5959473e+01
   4.4360620e+06   4.4311523e+01
   4.4770040e+06   4.3090820e+01
   4.4917310e+06   4.4006348e+01
   4.5043970e+06   4.3151855e+01
   4.5166100e+06   4.5532227e+01
   4.5174330e+06   5.0231934e+01
   4.5192160e+06   4.2175293e+01
   4.5385890e+06   4.6142578e+01
   4.5396120e+06   4.2114258e+01
   4.5622380e+06   4.2480469e+01
   4.5622580e+06   4.2724609e+01
   4.5625980e+06   4.3151855e+01
   4.5797460e+06   5.1208496e+01
   4.5797930e+06   4.6203613e+01
   4.5811690e+06   4.3212891e+01
   4.5955650e+06   4.9987793e+01
   4.5955970e+06   4.9926758e+01
   4.5956150e+06   6.4636230e+01
   4.5956370e+06   6.1279297e+01
   4.5956530e+06   5.1940918e+01
   4.5956640e+06   4.9377441e+01
   4.5957360e+06   4.4982910e+01
   4.5957540e+06   5.2978516e+01
   4.5958170e+06   4.2358398e+01
   4.5958480e+06   4.2236328e+01
   4.6072330e+06   4.4006348e+01
   4.6073190e+06   4.5654297e+01
   4.6073710e+06   4.6203613e+01
   4.6074050e+06   5.8837891e+01
   4.6074520e+06   4.7729492e+01
   4.6074940e+06   4.7424316e+01
   4.6075320e+06   4.7058105e+01
   4.6075560e+06   4.2480469e+01
   4.6076060e+06   5.0476074e+01
   4.6076730e+06   4.4677734e+01
   4.6076840e+06   4.6203613e+01
   4.6077270e+06   4.5104980e+01
   4.6080490e+06   4.3457031e+01
   4.6181860e+06   5.8837891e+01
   4.6182040e+06   5.2551270e+01
   4.6182410e+06   4.8095703e+01
   4.6182620e+06   5.5847168e+01
   4.6182820e+06   4.5715332e+01
   4.6183100e+06   7.5744629e+01
   4.6183310e+06   5.7373047e+01
   4.6183490e+06   5.4504395e+01
   4.6183730e+06   5.1086426e+01
   4.6184050e+06   4.2419434e+01
   4.6185490e+06   4.6752930e+01
   4.6186070e+06   6.2255859e+01
   4.6187640e+06   4.1992188e+01
   4.6341050e+06   4.8339844e+01
   4.6347060e+06   5.2062988e+01
   4.6347270e+06   5.0292969e+01
   4.6348210e+06   5.6701660e+01
   4.6348360e+06   5.3161621e+01
   4.6348480e+06   4.6142578e+01
   4.6348730e+06   5.4809570e+01
   4.6349090e+06   4.2419434e+01
   4.6349970e+06   4.5593262e+01
   4.6350320e+06   4.3212891e+01
   4.6351490e+06   5.1147461e+01
   4.6357550e+06   4.4067383e+01
   4.6516650e+06   4.3640137e+01
   4.6521000e+06   4.3334961e+01
   4.6521460e+06   4.4677734e+01
   4.6521650e+06   4.2236328e+01
   4.6521840e+06   5.0659180e+01
   4.6522230e+06   4.8950195e+01
   4.6522370e+06   6.8786621e+01
   4.6522620e+06   5.8166504e+01
   4.6522930e+06   6.2255859e+01
   4.6523190e+06   4.8828125e+01
   4.6523320e+06   4.2846680e+01
   4.6523520e+06   7.1228027e+01
   4.6523640e+06   5.1147461e+01
   4.6524110e+06   4.6203613e+01
   4.6524560e+06   4.4799805e+01
   4.6703070e+06   4.1931152e+01
   4.6704310e+06   5.3833008e+01
   4.6704890e+06   4.6264648e+01
   4.6705110e+06   5.2246094e+01
   4.6705620e+06   4.3457031e+01
   4.6705810e+06   5.9753418e+01
   4.6706100e+06   4.9072266e+01
   4.6707280e+06   4.3823242e+01
   4.6707740e+06   4.6691895e+01
   4.6709350e+06   5.2490234e+01
   4.6710200e+06   4.6875000e+01
   4.6885150e+06   4.2968750e+01
   4.6885650e+06   4.4433594e+01
   4.6885910e+06   4.1992188e+01
   4.6886050e+06   4.8950195e+01
   4.6886460e+06   4.6142578e+01
   4.6886610e+06   5.3283691e+01
   4.6887090e+06   5.4565430e+01
   4.6887310e+06   4.8339844e+01
   4.6887450e+06   5.6213379e+01
   4.6888030e+06   4.4128418e+01
   4.6889090e+06   4.4799805e+01
   4.6889850e+06   4.5837402e+01
   4.6890680e+06   4.2175293e+01
   4.7080920e+06   4.2114258e+01
   4.7082060e+06   4.6325684e+01
   4.7082330e+06   5.9448242e+01
   4.7083340e+06   4.5104980e+01
   4.7083750e+06   5.1513672e+01
   4.7083890e+06   5.7678223e+01
   4.7084080e+06   5.0292969e+01
   4.7084500e+06   7.2570801e+01
   4.7084880e+06   4.9804688e+01
   4.7085760e+06   4.6875000e+01
   4.7087090e+06   4.2968750e+01
   4.7341720e+06   4.2724609e+01
   4.7341960e+06   6.4819336e+01
   4.7342220e+06   9.2895508e+01
   4.7342500e+06   7.6293945e+01
   4.7342620e+06   7.3303223e+01
   4.7342820e+06   4.6447754e+01
   4.7342940e+06   6.8237305e+01
   4.7343280e+06   4.9011230e+01
   4.7343440e+06   5.5969238e+01
   4.7343750e+06   4.6447754e+01
   4.7343910e+06   4.4067383e+01
   4.7344520e+06   4.8645020e+01
   4.7346060e+06   4.8767090e+01
   4.7537610e+06   5.5847168e+01
   4.7537890e+06   5.4870605e+01
   4.7538130e+06   7.7514648e+01
   4.7538280e+06   6.5551758e+01
   4.7538570e+06   7.2204590e+01
   4.7538870e+06   6.1157227e+01
   4.7539000e+06   5.5480957e+01
   4.7539450e+06   5.1147461e+01
   4.7540040e+06   4.9377441e+01
   4.7541830e+06   4.7790527e+01
   4.7766220e+06   5.0903320e+01
   4.7766550e+06   5.0659180e+01
   4.7766790e+06   8.4838867e+01
   4.7767030e+06   7.9101563e+01
   4.7767310e+06   4.5654297e+01
   4.7767440e+06   5.4565430e+01
   4.7767720e+06   5.2978516e+01
   4.7767850e+06   6.4025879e+01
   4.7769620e+06   5.2490234e+01
   4.7975720e+06   5.0659180e+01
   4.7975870e+06   6.1096191e+01
   4.7976060e+06   4.4677734e+01
   4.7976240e+06   5.8776855e+01
   4.7976510e+06   6.3598633e+01
   4.7976690e+06   4.5532227e+01
   4.7976860e+06   4.2724609e+01
   4.7977180e+06   4.8095703e+01
   4.7977610e+06   5.4748535e+01
   4.7978070e+06   4.5593262e+01
   4.7979000e+06   4.9133301e+01
   4.8235590e+06   5.7617188e+01
   4.8236080e+06   4.5288086e+01
   4.8236230e+06   6.5734863e+01
   4.8236600e+06   5.3527832e+01
   4.8237100e+06   4.4677734e+01
   4.8237230e+06   5.9387207e+01
   4.8238800e+06   4.8767090e+01
   4.8238940e+06   4.7546387e+01
   4.8489610e+06   7.4951172e+01
   4.8490010e+06   6.6772461e+01
   4.8490210e+06   5.2001953e+01
   4.8490360e+06   6.5917969e+01
   4.8490610e+06   5.7800293e+01
   4.8490790e+06   5.2673340e+01
   4.8752630e+06   4.6203613e+01
   4.8752890e+06   5.2612305e+01
   4.8753020e+06   7.9406738e+01
   4.8753280e+06   7.0739746e+01
   4.8753430e+06   5.0598145e+01
   4.8753760e+06   4.4250488e+01
   4.8753920e+06   4.2053223e+01
   4.8754070e+06   5.7556152e+01
   4.8754370e+06   4.3518066e+01
   4.8754610e+06   4.8645020e+01
   4.8754840e+06   5.0781250e+01
   4.8755060e+06   4.7424316e+01
   4.9037300e+06   5.1879883e+01
   4.9037450e+06   6.7626953e+01
   4.9037710e+06   4.8950195e+01
   4.9037910e+06   5.4321289e+01
   4.9038210e+06   6.2622070e+01
   4.9038530e+06   6.8664551e+01
   4.9038860e+06   6.1828613e+01
   4.9039430e+06   5.7250977e+01
   4.9040190e+06   6.7077637e+01
   4.9040760e+06   4.1992188e+01
   4.9042020e+06   4.2419434e+01
   4.9282440e+06   4.4677734e+01
   4.9282710e+06   4.5776367e+01
   4.9283000e+06   5.5786133e+01
   4.9283260e+06   4.8217773e+01
   4.9283430e+06   6.1828613e+01
   4.9283600e+06   1.0003662e+02
   4.9284120e+06   5.9997559e+01
   4.9284250e+06   5.1574707e+01
   4.9284680e+06   4.3884277e+01
   4.9287270e+06   4.5959473e+01
   4.9539470e+06   5.2246094e+01
   4.9539640e+06   4.8034668e+01
   4.9539860e+06   6.4941406e+01
   4.9540110e+06   8.4411621e+01
   4.9540300e+06   9.1186523e+01
   4.9540470e+06   4.4555664e+01
   4.9540740e+06   4.7790527e+01
   4.9540890e+06   4.7485352e+01
   4.9541380e+06   4.6813965e+01
   4.9541860e+06   4.4189453e+01
   4.9542210e+06   4.8522949e+01
   4.9542550e+06   6.0485840e+01
   4.9780670e+06   5.4565430e+01
   4.9780960e+06   4.5898438e+01
   4.9781230e+06   6.3598633e+01
   4.9781460e+06   4.7546387e+01
   4.9781820e+06   4.9194336e+01
   4.9782020e+06   4.5532227e+01
   4.9782340e+06   4.5410156e+01
   4.9782550e+06   4.9560547e+01
   4.9782690e+06   4.2419434e+01
   4.9784400e+06   5.5847168e+01
   5.0032900e+06   4.4982910e+01
   5.0033100e+06   5.8593750e+01
   5.0033380e+06   5.7250977e+01
   5.0033590e+06   5.5297852e+01
   5.0033710e+06   5.9570313e+01
   5.0033920e+06   5.8471680e+01
   5.0034200e+06   5.8410645e+01
   5.0034690e+06   4.5898438e+01
   5.0034950e+06   4.2419434e+01
   5.0035930e+06   4.3457031e+01
   5.0036330e+06   4.8156738e+01
   5.0260930e+06   4.3334961e+01
   5.0261110e+06   5.5664063e+01
   5.0261390e+06   4.6203613e+01
   5.0261730e+06   4.7668457e+01
   5.0261930e+06   4.5410156e+01
   5.0262170e+06   4.3090820e+01
   5.0262330e+06   4.4372559e+01
   5.0262910e+06   4.4738770e+01
   5.0263630e+06   4.6813965e+01
   5.0264040e+06   4.7058105e+01
   5.0264560e+06   4.2236328e+01
   5.0264990e+06   4.8645020e+01
   5.0267220e+06   4.3762207e+01
   5.0533800e+06   4.2968750e+01
   5.0533950e+06   4.6936035e+01
   5.0534250e+06   6.5856934e+01
   5.0534690e+06   4.8034668e+01
   5.0534910e+06   5.5053711e+01
   5.0535200e+06   5.2062988e+01
   5.0535370e+06   4.2419434e+01
   5.0535860e+06   5.5847168e+01
   5.0536060e+06   4.2602539e+01
   5.0536360e+06   4.4372559e+01
   5.0536820e+06   4.4982910e+01
   5.0537500e+06   4.2114258e+01
   5.0776500e+06   4.6203613e+01
   5.0776900e+06   5.5786133e+01
   5.0777060e+06   6.0607910e+01
   5.0777440e+06   4.4982910e+01
   5.0777540e+06   6.5063477e+01
   5.0778560e+06   4.8828125e+01
   5.0778960e+06   4.4067383e+01
   5.0779510e+06   5.7128906e+01
   5.0780130e+06   4.4494629e+01
   5.0780940e+06   4.6325684e+01
   5.0782680e+06   4.7607422e+01
   5.1024870e+06   6.4086914e+01
   5.1024970e+06   5.2001953e+01
   5.1025210e+06   5.0048828e+01
   5.1025460e+06   5.1208496e+01
   5.1026030e+06   6.0241699e+01
   5.1026510e+06   4.2297363e+01
   5.1027000e+06   5.8105469e+01
   5.1027700e+06   4.4189453e+01
   5.1028500e+06   4.4799805e+01
   5.1259350e+06   5.3100586e+01
   5.1260610e+06   4.7485352e+01
   5.1261260e+06   4.3884277e+01
   5.1261590e+06   4.3640137e+01
   5.1262470e+06   4.3762207e+01
   5.1264810e+06   4.4372559e+01
   5.1616900e+06   4.6264648e+01
   5.1617230e+06   5.8532715e+01
   5.1617640e+06   4.2968750e+01
   5.1618080e+06   4.8034668e+01
   5.1618820e+06   4.8522949e+01
   5.1619010e+06   4.8828125e+01
   5.1620050e+06   4.1931152e+01
   5.2293150e+06   4.7912598e+01
   5.2293580e+06   4.5227051e+01
   5.2293720e+06   4.8034668e+01
   5.2294040e+06   5.9509277e+01
   5.2294440e+06   4.2175293e+01
   5.2294700e+06   4.8767090e+01
   5.2294840e+06   4.2968750e+01
   5.2295310e+06   5.6030273e+01
   5.2689770e+06   4.1931152e+01
   5.2690060e+06   5.1025391e+01
   5.2690170e+06   8.2397461e+01
   5.2690490e+06   4.8217773e+01
   5.2690640e+06   5.1086426e+01
   5.2691000e+06   5.1025391e+01
   5.2691500e+06   5.1086426e+01
   5.2691680e+06   5.8105469e+01
   5.2691870e+06   4.6081543e+01
   5.2692170e+06   7.9711914e+01
   5.2692540e+06   4.6752930e+01
   5.2692850e+06   4.9743652e+01
   5.2938180e+06   4.4738770e+01
   5.2948170e+06   6.5368652e+01
   5.2948430e+06   4.4555664e+01
   5.2948820e+06   4.7668457e+01
   5.2949870e+06   4.5043945e+01
   5.2950370e+06   4.3273926e+01
   5.3225550e+06   4.2114258e+01
   5.3225910e+06   4.1931152e+01
   5.3237880e+06   4.3884277e+01
   5.3257480e+06   4.3029785e+01
   5.3257610e+06   4.8706055e+01
   5.3258010e+06   4.5532227e+01
   5.3258230e+06   4.8278809e+01
   5.3258450e+06   4.4677734e+01
   5.3258590e+06   4.6447754e+01
   5.3258920e+06   4.4982910e+01
   5.3259210e+06   6.4819336e+01
   5.3259500e+06   4.5593262e+01
   5.3259600e+06   5.3894043e+01
   5.3259870e+06   5.8898926e+01
   5.3260180e+06   4.7973633e+01
   5.3575160e+06   4.2846680e+01
   5.3577650e+06   4.9011230e+01
   5.3729720e+06   4.2907715e+01
   5.3857330e+06   6.0913086e+01
   5.3857750e+06   4.9743652e+01
   5.3858000e+06   5.2429199e+01
   5.3858240e+06   4.4006348e+01
   5.3858470e+06   4.5410156e+01
   5.3858920e+06   5.5603027e+01
   5.3859260e+06   4.2541504e+01
   5.3859560e+06   4.4616699e+01
   5.3860140e+06   5.0537109e+01
   5.4410520e+06   4.3151855e+01
   5.4411320e+06   4.6447754e+01
   5.4411500e+06   4.8400879e+01
   5.4411740e+06   5.1879883e+01
   5.4412440e+06   6.7687988e+01
   5.4412700e+06   4.6936035e+01
   5.4412860e+06   5.5480957e+01
   5.4413170e+06   8.0383301e+01
   5.4413580e+06   4.6569824e+01
   5.4729830e+06   4.1931152e+01
   5.4731830e+06   4.4433594e+01
   5.4968570e+06   4.2114258e+01
   5.5255680e+06   4.6264648e+01
   5.5262120e+06   4.2053223e+01
   5.5442040e+06   4.2114258e+01
   5.5442960e+06   5.0964355e+01
   5.5678950e+06   4.3884277e+01
   5.5679690e+06   5.6945801e+01
   5.6077810e+06   4.7058105e+01
   5.6509570e+06   5.3344727e+01
   5.6696760e+06   4.4311523e+01
   5.6867680e+06   4.5349121e+01
   5.6868300e+06   4.4067383e+01
   5.6964870e+06   4.3884277e+01
   5.7442520e+06   4.8828125e+01
   5.7807490e+06   5.1330566e+01
   5.7808480e+06   4.5166016e+01
   5.8021500e+06   4.6813965e+01
   5.8022790e+06   4.4494629e+01
   5.8573100e+06   4.2663574e+01
   5.8592540e+06   4.2358398e+01
   5.8607360e+06   5.5725098e+01
   5.9287830e+06   4.4433594e+01
   5.9290240e+06   4.2053223e+01
   5.9294220e+06   4.3762207e+01
   6.0080570e+06   4.6997070e+01
   6.0315930e+06   4.7241211e+01
   6.0317360e+06   4.1931152e+01
   6.0321210e+06   4.3823242e+01
   6.0724450e+06   4.5410156e+01
   6.0727200e+06   4.4921875e+01
   6.1162830e+06   4.5471191e+01
   6.1163130e+06   4.3640137e+01
   6.1163820e+06   4.3395996e+01
   6.1599480e+06   5.0781250e+01
   6.1604400e+06   4.2968750e+01
   6.1608620e+06   4.5959473e+01
   6.1796130e+06   4.5227051e+01
   6.1804330e+06   4.7119141e+01
   6.1996770e+06   4.7058105e+01
   6.1997740e+06   4.7241211e+01
   6.1997920e+06   4.2785645e+01
   6.1998540e+06   4.2114258e+01
   6.1998940e+06   4.3395996e+01
   6.2212920e+06   4.9621582e+01
   6.2214290e+06   4.4616699e+01
   6.2439290e+06   4.2846680e+01
   6.2680910e+06   4.5898438e+01
   6.2745670e+06   4.2907715e+01
   6.2749850e+06   4.7424316e+01
   6.3011220e+06   4.4128418e+01
   6.3017630e+06   4.2785645e+01
   6.3170000e+06   4.6875000e+01
   6.3171840e+06   4.8645020e+01
   6.3341780e+06   4.3090820e+01
   6.3528650e+06   4.1992188e+01
   6.3528980e+06   4.5104980e+01
   6.3532990e+06   4.3212891e+01
   6.3535750e+06   4.8217773e+01
   6.3771180e+06   4.3762207e+01
   6.3772620e+06   4.6875000e+01
   6.4005740e+06   4.2907715e+01
   6.4259590e+06   4.1931152e+01
   6.4260690e+06   5.4626465e+01
   6.4457590e+06   4.2724609e+01
   6.4633760e+06   4.9011230e+01
   6.4890400e+06   4.3273926e+01
   6.5343420e+06   4.4128418e+01
   6.5527330e+06   6.0729980e+01
   6.5700380e+06   4.2602539e+01
   6.5707470e+06   4.4616699e+01
   6.5856570e+06   4.6142578e+01
   6.5857560e+06   4.3823242e+01
   6.6012740e+06   5.1391602e+01
   6.6184410e+06   4.7729492e+01
   6.6189050e+06   4.2968750e+01
   6.6325830e+06   4.9682617e+01
   6.6326570e+06   4.4006348e+01
   6.6653870e+06   4.4372559e+01
   6.6664740e+06   4.7729492e+01
   6.6815750e+06   4.4738770e+01
   6.6818960e+06   4.6325684e+01
   6.6979800e+06   5.2490234e+01
   6.7155040e+06   4.6691895e+01
   6.7158600e+06   4.5166016e+01
   6.7489750e+06   4.5288086e+01
   6.7490420e+06   4.3823242e+01
   6.7640390e+06   4.4006348e+01
   6.7946380e+06   4.3395996e+01
   6.7947270e+06   4.5715332e+01
   6.8099030e+06   4.6752930e+01
   6.8100940e+06   4.8889160e+01
   6.8260670e+06   4.3884277e+01
   6.9577260e+06   4.8339844e+01
   6.9577490e+06   5.0048828e+01
   6.9577870e+06   4.5898438e+01
   7.0090020e+06   4.5410156e+01
   7.0091100e+06   4.2358398e+01
   7.0478090e+06   4.2480469e+01
   7.0481530e+06   4.3518066e+01
   7.1021310e+06   4.2053223e+01
   7.1022370e+06   4.4189453e+01
   7.1027400e+06   4.8706055e+01
   7.1040840e+06   4.9011230e+01
   7.1299090e+06   4.8034668e+01
   7.1377880e+06   4.2053223e+01
   7.1483370e+06   4.3762207e+01
   7.1799530e+06   4.3212891e+01
   7.1802020e+06   4.4677734e+01
   7.2060740e+06   4.3090820e+01
   7.2717930e+06   4.1992188e+01
   7.3831780e+06   4.3518066e+01
   7.3832690e+06   4.8400879e+01
   7.3844570e+06   4.2968750e+01
   7.4330830e+06   4.9926758e+01
   7.4914460e+06   4.4799805e+01
   7.5183160e+06   4.3762207e+01
   7.5449390e+06   4.4311523e+01
   7.5452810e+06   4.3090820e+01
   7.5644210e+06   4.3212891e+01
   7.5699180e+06   4.2541504e+01
   7.5964040e+06   5.3710938e+01
   7.5965530e+06   4.3518066e+01
   7.6317000e+06   4.4677734e+01
   7.6329090e+06   4.4433594e+01
   7.6613500e+06   4.5410156e+01
   7.6860730e+06   4.3823242e+01
   7.6867360e+06   4.5227051e+01
   7.7390910e+06   4.3762207e+01
   7.7895080e+06   4.2480469e+01
   7.7895790e+06   4.7302246e+01
   7.7925270e+06   4.6813965e+01
   7.8983210e+06   4.3090820e+01
   7.8995350e+06   4.2663574e+01
   7.8997940e+06   4.3090820e+01
   7.9177100e+06   4.2053223e+01
   7.9587430e+06   4.3334961e+01
   7.9925530e+06   4.5837402e+01
   8.0098970e+06   4.5288086e+01
   8.0591970e+06   4.4189453e+01
   8.1693340e+06   4.2846680e+01
   8.1933180e+06   4.8645020e+01
   8.2209440e+06   4.2114258e+01
   8.2356470e+06   5.0720215e+01
   8.2357900e+06   4.4128418e+01
   8.2359740e+06   4.3518066e+01
   8.2862390e+06   4.4799805e+01
   8.3286270e+06   4.4311523e+01
   8.3811680e+06   4.3029785e+01
   8.3936370e+06   4.3579102e+01
   8.4126710e+06   5.1391602e+01
   8.4126920e+06   4.6081543e+01
   8.4127070e+06   8.7524414e+01
   8.4127530e+06   7.1044922e+01
   8.4127930e+06   4.4494629e+01
   8.4128180e+06   5.6030273e+01
   8.4128670e+06   5.8715820e+01
   8.4335340e+06   4.8339844e+01
   8.4335600e+06   6.3171387e+01
   8.4335730e+06   4.9804688e+01
   8.4335920e+06   4.3701172e+01
   8.4336020e+06   5.0231934e+01
   8.4336360e+06   5.8837891e+01
   8.4336700e+06   5.5786133e+01
   8.4337090e+06   7.1899414e+01
   8.4337210e+06   5.7678223e+01
   8.4337400e+06   4.4677734e+01
   8.4337840e+06   4.4311523e+01
   8.4338490e+06   4.5471191e+01
   8.4525190e+06   4.5837402e+01
   8.4530230e+06   4.9743652e+01
   8.4531940e+06   5.4931641e+01
   8.4533180e+06   4.5959473e+01
   8.4533950e+06   4.5410156e+01
   8.4534070e+06   4.3334961e+01
   8.4534290e+06   4.2358398e+01
   8.4534460e+06   4.8034668e+01
   8.4534580e+06   4.5532227e+01
   8.4535260e+06   5.2551270e+01
   8.4535400e+06   4.3823242e+01
   8.4536210e+06   4.5959473e+01
   8.4536320e+06   5.2490234e+01
   8.4536900e+06   4.2968750e+01
   8.4537950e+06   4.2114258e+01
   8.4727500e+06   4.2297363e+01
   8.4728100e+06   4.7302246e+01
   8.4734840e+06   4.7668457e+01
   8.4735040e+06   5.0842285e+01
   8.4735320e+06   5.8349609e+01
   8.4735450e+06   4.2358398e+01
   8.4735970e+06   4.9255371e+01
   8.4736260e+06   5.6335449e+01
   8.4736730e+06   4.2846680e+01
   8.4737060e+06   4.2541504e+01
   8.4737940e+06   4.2419434e+01
   8.4938860e+06   4.2663574e+01
   8.4941950e+06   4.5532227e+01
   8.4942620e+06   4.2602539e+01
   8.4942900e+06   5.3222656e+01
   8.4943190e+06   4.6203613e+01
   8.4944140e+06   4.5959473e+01
   8.4944520e+06   4.7668457e+01
   8.4945080e+06   4.5776367e+01
   8.4945310e+06   7.1960449e+01
   8.4945560e+06   4.3762207e+01
   8.4946830e+06   4.6936035e+01
   8.4947210e+06   5.3771973e+01
   8.5151270e+06   4.4128418e+01
   8.5155460e+06   4.6386719e+01
   8.5155840e+06   5.8776855e+01
   8.5156340e+06   4.2846680e+01
   8.5156770e+06   4.8583984e+01
   8.5157190e+06   4.4982910e+01
   8.5157630e+06   5.9814453e+01
   8.5158040e+06   5.1940918e+01
   8.5158230e+06   5.3161621e+01
   8.5158400e+06   4.2968750e+01
   8.5158590e+06   4.3151855e+01
   8.5159100e+06   4.8522949e+01
   8.5160470e+06   4.4006348e+01
   8.5373310e+06   4.4372559e+01
   8.5376020e+06   4.1992188e+01
   8.5376820e+06   5.5236816e+01
   8.5377140e+06   6.1645508e+01
   8.5377300e+06   4.2114258e+01
   8.5377910e+06   4.4860840e+01
   8.5378370e+06   5.1696777e+01
   8.5379300e+06   4.9865723e+01
   8.5379730e+06   4.5166016e+01
   8.5380560e+06   4.8645020e+01
   8.5648290e+06   4.2053223e+01
   8.5648940e+06   4.3579102e+01
   8.5649270e+06   4.7912598e+01
   8.5649810e+06   4.4738770e+01
   8.5650040e+06   4.6142578e+01
   8.5650320e+06   6.2377930e+01
   8.5650900e+06   5.6518555e+01
   8.5651100e+06   5.0048828e+01
   8.5651210e+06   4.9743652e+01
   8.5651500e+06   4.6936035e+01
   8.5651660e+06   5.4748535e+01
   8.5651770e+06   5.6213379e+01
   8.5652380e+06   4.6508789e+01
   8.5653320e+06   4.2785645e+01
   8.5653450e+06   4.4616699e+01
   8.5654360e+06   4.1992188e+01
   8.5655420e+06   4.3823242e+01
   8.5871350e+06   4.5227051e+01
   8.5871610e+06   6.8847656e+01
   8.5871850e+06   5.2917480e+01
   8.5872080e+06   4.9926758e+01
   8.5872220e+06   4.8278809e+01
   8.5872390e+06   5.7617188e+01
   8.5872590e+06   4.3212891e+01
   8.5872820e+06   5.0842285e+01
   8.5873200e+06   5.2612305e+01
   8.5873300e+06   4.7180176e+01
   8.5873510e+06   4.6203613e+01
   8.5875240e+06   4.6142578e+01
   8.5875850e+06   4.2602539e+01
   8.5876520e+06   4.3029785e+01
   8.5963960e+06   4.2663574e+01
   8.6104250e+06   5.0109863e+01
   8.6104360e+06   5.5847168e+01
   8.6104670e+06   4.5166016e+01
   8.6104860e+06   4.9499512e+01
   8.6105120e+06   6.2988281e+01
   8.6105340e+06   4.9926758e+01
   8.6105630e+06   4.9011230e+01
   8.6105830e+06   5.3161621e+01
   8.6106010e+06   5.3466797e+01
   8.6106220e+06   5.4382324e+01
   8.6106780e+06   6.6406250e+01
   8.6107070e+06   5.2673340e+01
   8.6110150e+06   4.3762207e+01
   8.6500450e+06   4.6997070e+01
   8.6500740e+06   4.4189453e+01
   8.6501060e+06   4.3334961e+01
   8.6501530e+06   6.4819336e+01
   8.6501840e+06   5.5419922e+01
   8.6789610e+06   5.0415039e+01
   8.6789900e+06   1.0644531e+02
   8.6790150e+06   4.7180176e+01
   8.6790380e+06   4.3701172e+01
   8.6790590e+06   4.3090820e+01
   8.6791240e+06   5.5114746e+01
   8.6791560e+06   5.8837891e+01
   8.6791880e+06   6.5734863e+01
   8.6792200e+06   6.1279297e+01
   8.6792940e+06   5.4931641e+01
   8.6793140e+06   4.6569824e+01
   8.7103400e+06   4.1931152e+01
   8.7103770e+06   4.6691895e+01
   8.7103960e+06   5.6823730e+01
   8.7104130e+06   6.4941406e+01
   8.7104630e+06   5.1940918e+01
   8.7104970e+06   4.7241211e+01
   8.7105190e+06   5.8044434e+01
   8.7105810e+06   4.8278809e+01
   8.7106570e+06   4.9682617e+01
   8.7107430e+06   4.5349121e+01
   8.7108050e+06   4.7058105e+01
   8.7108320e+06   4.2053223e+01
   8.7108920e+06   4.5104980e+01
   8.7619390e+06   4.4677734e+01
   8.7620040e+06   6.4514160e+01
   8.7620560e+06   6.5917969e+01
   8.7620760e+06   4.2663574e+01
   8.7621100e+06   4.5043945e+01
   8.7621320e+06   4.9926758e+01
   8.7621660e+06   5.9448242e+01
   8.7622220e+06   5.0415039e+01
   8.7622660e+06   4.2114258e+01
   8.7623000e+06   4.3701172e+01
   8.7624490e+06   4.2114258e+01
   8.7625190e+06   4.2419434e+01
   8.8203260e+06   5.2307129e+01
   8.8204230e+06   4.7729492e+01
   8.8204690e+06   5.0109863e+01
   8.8205320e+06   5.4931641e+01
   8.8205850e+06   5.0659180e+01
   8.8206150e+06   4.2602539e+01
   8.8206510e+06   5.6213379e+01
   8.8206730e+06   4.4799805e+01
   8.8207060e+06   5.1330566e+01
   8.8207440e+06   4.5532227e+01
   8.8208420e+06   5.4565430e+01
   8.8735570e+06   5.4870605e+01
   8.8741190e+06   4.5532227e+01
   8.8741630e+06   4.2297363e+01
   8.8742260e+06   4.4982910e+01
   8.8743390e+06   5.4138184e+01
   8.8744820e+06   4.4860840e+01
   8.8745330e+06   4.7180176e+01
   8.8745750e+06   4.5227051e+01
   8.8746160e+06   5.1513672e+01
   8.8746630e+06   5.1513672e+01
   8.8747320e+06   4.8645020e+01
   8.8747580e+06   4.3518066e+01
   8.8747740e+06   4.4616699e+01
   8.8747890e+06   4.2785645e+01
   8.9509650e+06   4.1992188e+01
   8.9513990e+06   4.3151855e+01
   8.9514310e+06   4.9194336e+01
   8.9514560e+06   4.3640137e+01
   8.9514810e+06   5.7617188e+01
   8.9515170e+06   4.9499512e+01
   8.9515470e+06   4.4860840e+01
   8.9516140e+06   4.4982910e+01
   8.9516430e+06   5.3955078e+01
   8.9516640e+06   5.2551270e+01
   8.9516960e+06   5.9020996e+01
   8.9517310e+06   4.3579102e+01
   8.9517690e+06   5.0415039e+01
   9.0069170e+06   4.4311523e+01
   9.0069740e+06   4.8767090e+01
   9.0071340e+06   5.4626465e+01
   9.0072200e+06   4.5043945e+01
   9.0076780e+06   6.6833496e+01
   9.0076890e+06   5.7189941e+01
   9.0077070e+06   4.7119141e+01
   9.0077340e+06   4.4860840e+01
   9.0077760e+06   5.0109863e+01
   9.0078220e+06   4.9621582e+01
   9.0078410e+06   6.9885254e+01
   9.0079250e+06   4.7912598e+01
   9.0080250e+06   4.6020508e+01
   9.0531880e+06   4.4372559e+01
   9.0534850e+06   4.2602539e+01
   9.0535010e+06   4.4616699e+01
   9.0535340e+06   5.0476074e+01
   9.0535620e+06   4.5959473e+01
   9.0535790e+06   6.4758301e+01
   9.0536130e+06   6.2377930e+01
   9.0536550e+06   6.0852051e+01
   9.0536920e+06   5.5664063e+01
   9.0537270e+06   4.6569824e+01
   9.0537600e+06   5.3588867e+01
   9.0537880e+06   4.2602539e+01
   9.1095130e+06   4.6386719e+01
   9.1119200e+06   5.3527832e+01
   9.1119480e+06   5.2734375e+01
   9.1119810e+06   4.1992188e+01
   9.1119990e+06   5.7556152e+01
   9.1120400e+06   4.2907715e+01
   9.1120580e+06   4.8583984e+01
   9.1120840e+06   4.6691895e+01
   9.1121620e+06   4.7058105e+01
   9.1121820e+06   4.4250488e+01
   9.1122590e+06   4.2541504e+01
   9.1123820e+06   4.8950195e+01
   9.1441120e+06   4.4250488e+01
   9.1628980e+06   4.3640137e+01
   9.1636630e+06   4.6325684e+01
   9.1640490e+06   4.2297363e+01
   9.1643690e+06   4.1931152e+01
   9.1644240e+06   4.4311523e+01
   9.1644640e+06   4.7058105e+01
   9.1645240e+06   4.3823242e+01
   9.1645700e+06   4.5837402e+01
   9.1646340e+06   5.4748535e+01
   9.1646720e+06   4.4006348e+01
   9.2179930e+06   4.4555664e+01
   9.2204120e+06   4.5043945e+01
   9.2204500e+06   4.5532227e+01
   9.2208730e+06   5.1330566e+01
   9.2209300e+06   4.5776367e+01
   9.2209540e+06   6.2622070e+01
   9.2209770e+06   5.2673340e+01
   9.2210020e+06   4.7119141e+01
   9.2210260e+06   6.8664551e+01
   9.2210400e+06   4.2358398e+01
   9.2210910e+06   5.1269531e+01
   9.2211380e+06   4.8522949e+01
   9.2630000e+06   4.2236328e+01
   9.2630510e+06   5.9082031e+01
   9.2630900e+06   5.3405762e+01
   9.2631080e+06   6.0363770e+01
   9.2631810e+06   6.1157227e+01
   9.2632070e+06   4.6264648e+01
   9.2632420e+06   4.6203613e+01
   9.2632670e+06   5.0292969e+01
   9.2632920e+06   5.2124023e+01
   9.2633270e+06   5.2734375e+01
   9.2633380e+06   4.7790527e+01
   9.2633480e+06   6.6223145e+01
   9.2633900e+06   5.3894043e+01
   9.2634300e+06   4.2724609e+01
   9.2636330e+06   4.3395996e+01
   9.3316340e+06   5.0476074e+01
   9.3317300e+06   4.9743652e+01
   9.3317510e+06   5.6701660e+01
   9.3317690e+06   4.4067383e+01
   9.3318040e+06   4.6203613e+01
   9.3318150e+06   4.8278809e+01
   9.3318530e+06   4.6020508e+01
   9.3318800e+06   5.1269531e+01
   9.3319180e+06   5.7373047e+01
   9.3319500e+06   5.9692383e+01
   9.3319660e+06   4.2114258e+01
   9.3320060e+06   8.1909180e+01
   9.3320540e+06   4.4799805e+01
   9.3782470e+06   5.5358887e+01
   9.3782830e+06   4.2175293e+01
   9.3783190e+06   4.9926758e+01
   9.3783310e+06   4.2053223e+01
   9.3783560e+06   7.0129395e+01
   9.3783820e+06   4.7302246e+01
   9.3784160e+06   5.5786133e+01
   9.3784440e+06   4.4433594e+01
   9.3784540e+06   8.4777832e+01
   9.3785010e+06   4.4677734e+01
   9.3785330e+06   5.2185059e+01
   9.3786680e+06   4.5837402e+01
   9.4106530e+06   4.3640137e+01
   9.4107050e+06   4.2602539e+01
   9.4107270e+06   4.5959473e+01
   9.4107880e+06   4.7607422e+01
   9.4108270e+06   4.4494629e+01
   9.4108490e+06   4.5593262e+01
   9.4108900e+06   4.6203613e+01
   9.4109350e+06   6.0607910e+01
   9.4109620e+06   6.0974121e+01
   9.4110140e+06   4.8828125e+01
   9.4110500e+06   4.4921875e+01
   9.4368050e+06   4.2785645e+01
   9.4676660e+06   4.7485352e+01
   9.4677030e+06   5.2673340e+01
   9.4677140e+06   5.4382324e+01
   9.4677550e+06   5.7800293e+01
   9.4677910e+06   5.7922363e+01
   9.4678160e+06   4.2175293e+01
   9.4678400e+06   5.4382324e+01
   9.4678730e+06   7.8430176e+01
   9.4679840e+06   5.0842285e+01
   9.5174080e+06   4.4799805e+01
   9.5174780e+06   4.5227051e+01
   9.5174960e+06   4.9499512e+01
   9.5175620e+06   6.2744141e+01
   9.5175840e+06   4.4738770e+01
   9.5176030e+06   6.1096191e+01
   9.5176400e+06   4.3395996e+01
   9.5176660e+06   6.4453125e+01
   9.5176980e+06   4.5959473e+01
   9.5177430e+06   4.4860840e+01
   9.5178280e+06   4.2602539e+01
   9.5178720e+06   4.6325684e+01
   9.5570100e+06   4.5410156e+01
   9.5570820e+06   5.6762695e+01
   9.5571270e+06   5.1696777e+01
   9.6100750e+06   4.3334961e+01
   9.6311830e+06   4.3518066e+01
   9.6527530e+06   4.2419434e+01
   9.7306680e+06   4.5471191e+01
   9.7509140e+06   4.4738770e+01
   9.7701120e+06   4.7546387e+01
   9.7916380e+06   4.6142578e+01
   9.7916810e+06   4.6325684e+01
   9.7923700e+06   4.5959473e+01
   9.8030160e+06   4.2358398e+01
   9.8217440e+06   4.5593262e+01
   9.8410460e+06   5.7250977e+01
   9.8695520e+06   4.5959473e+01
   9.8697600e+06   4.7058105e+01
   9.8698420e+06   4.4311523e+01
   9.8894630e+06   4.6020508e+01
   9.8898280e+06   4.4616699e+01
   9.9140820e+06   4.5898438e+01
   9.9322650e+06   4.5471191e+01
   9.9323240e+06   4.2297363e+01
   9.9324100e+06   4.2358398e+01
   9.9329020e+06   4.2236328e+01
   9.9546670e+06   4.9133301e+01
   9.9547790e+06   4.1931152e+01
   9.9683850e+06   5.8471680e+01
   9.9686120e+06   4.4555664e+01
   9.9692130e+06   4.3884277e+01
   1.0009111e+07   4.2541504e+01
   1.0009227e+07   4.4128418e+01
   1.0009394e+07   4.2419434e+01
   1.0022056e+07   4.6142578e+01
   1.0022186e+07   4.2297363e+01
   1.0022329e+07   5.0720215e+01
   1.0040662e+07   4.5227051e+01
   1.0075766e+07   4.2114258e+01
   1.0076780e+07   4.2968750e+01
   1.0093443e+07   4.1992188e+01
   1.0112246e+07   4.5532227e+01
   1.0128963e+07   4.4616699e+01
   1.0146714e+07   4.5898438e+01
   1.0165088e+07   4.5532227e+01
   1.0165173e+07   4.7363281e+01
   1.0283855e+07   4.5410156e+01
   1.0284025e+07   4.3273926e+01
   1.0299969e+07   4.4982910e+01
   1.0317095e+07   4.3945313e+01
   1.0332740e+07   4.3945313e+01
   1.0334080e+07   4.5471191e+01
   1.0377983e+07   4.5471191e+01
   1.0378010e+07   4.5959473e+01
   1.0378712e+07   4.5166016e+01
   1.0456309e+07   4.4372559e+01
   1.0476043e+07   4.2663574e+01
   1.0518887e+07   4.4006348e+01
   1.0518938e+07   4.2785645e+01
   1.0518949e+07   4.2236328e+01
   1.0528258e+07   4.2053223e+01
   1.0541421e+07   4.6997070e+01
   1.0584520e+07   5.1147461e+01
   1.0623030e+07   4.2602539e+01
   1.0623177e+07   4.4494629e+01
   1.0680752e+07   6.1706543e+01
   1.0701826e+07   4.1992188e+01
   1.0724040e+07   4.5288086e+01
   1.0745977e+07   4.4677734e+01
   1.0766365e+07   4.4799805e+01
   1.0786568e+07   4.1931152e+01
   1.0786592e+07   4.1931152e+01
   1.0806080e+07   4.6142578e+01
   1.0842712e+07   4.5532227e+01
   1.0843780e+07   4.7058105e+01
   1.0859011e+07   4.2785645e+01
   1.0859073e+07   4.4372559e+01
   1.0873179e+07   4.4799805e+01
   1.0889001e+07   4.3945313e+01
   1.0889073e+07   5.1452637e+01
   1.0904365e+07   4.2358398e+01
   1.0904452e+07   4.3273926e+01
   1.0919593e+07   4.4494629e+01
   1.0934460e+07   4.2236328e+01
   1.0948907e+07   4.2785645e+01
   1.1010338e+07   4.7363281e+01
   1.1010486e+07   4.3029785e+01
   1.1052472e+07   4.2541504e+01
   1.1052532e+07   4.9621582e+01
   1.1067084e+07   4.2480469e+01
   1.1067152e+07   4.2419434e+01
   1.1097655e+07   4.3457031e+01
   1.1097744e+07   4.7485352e+01
   1.1097817e+07   4.5959473e+01
   1.1098025e+07   4.8950195e+01
   1.1125881e+07   4.3090820e+01
   1.1152182e+07   4.8156738e+01
   1.1178155e+07   4.8583984e+01
   1.1203498e+07   4.4067383e+01
   1.1203540e+07   4.4921875e+01
   1.1229706e+07   4.2236328e+01
   1.1231258e+07   4.2907715e+01
   1.1250644e+07   4.3762207e+01
   1.1267939e+07   4.4677734e+01
   1.1288575e+07   4.2114258e+01
   1.1306020e+07   4.8278809e+01
   1.1325598e+07   4.3395996e+01
   1.1341634e+07   4.3823242e+01
   1.1375364e+07   4.5349121e+01
   1.1409688e+07   4.8645020e+01
   1.1464656e+07   4.1992188e+01
   1.1490223e+07   4.2663574e+01
   1.1492343e+07   4.7180176e+01
   1.1492461e+07   4.6691895e+01
   1.1514937e+07   4.1931152e+01
   1.1529762e+07   4.2541504e+01
   1.1559568e+07   4.6325684e+01
   1.1560282e+07   4.2724609e+01
   1.1569382e+07   4.5715332e+01
   1.1569433e+07   4.8156738e+01
   1.1569705e+07   4.8522949e+01
   1.1572497e+07   4.3090820e+01
   1.1578016e+07   4.1931152e+01
   1.1579137e+07   4.1931152e+01
   1.1618917e+07   4.4250488e+01
   1.1631786e+07   4.3762207e+01
   1.1635518e+07   4.6569824e+01
   1.1635584e+07   4.7180176e+01
   1.1635680e+07   4.2602539e+01
   1.1636022e+07   4.2358398e+01
   1.1642044e+07   4.2785645e+01
   1.1643414e+07   4.3212891e+01
   1.1644077e+07   4.2541504e+01
   1.1644435e+07   4.1931152e+01
   1.1651864e+07   4.3090820e+01
   1.1652082e+07   4.2724609e+01
   1.1664091e+07   4.2114258e+01
   1.1666818e+07   4.4738770e+01
   1.1677332e+07   4.5654297e+01
   1.1677352e+07   4.3579102e+01
   1.1679956e+07   4.1992188e+01
   1.1680878e+07   4.3823242e+01
   1.1683886e+07   4.2175293e+01
   1.1684683e+07   4.6325684e+01
   1.1686552e+07   4.3579102e+01
   1.1688390e+07   4.2175293e+01
   1.1689269e+07   4.9133301e+01
   1.1689818e+07   4.3395996e+01
   1.1690406e+07   4.6630859e+01
   1.1690468e+07   4.3273926e+01
   1.1697508e+07   4.2907715e+01
   1.1699793e+07   4.2480469e+01
   1.1701160e+07   4.2297363e+01
   1.1713065e+07   4.1992188e+01
   1.1716847e+07   4.4311523e+01
   1.1719549e+07   4.2968750e+01
   1.1721897e+07   4.2114258e+01
   1.1722869e+07   4.4433594e+01
   1.1723510e+07   4.6691895e+01
   1.1724246e+07   4.2907715e+01
   1.1724493e+07   4.6020508e+01
   1.1727789e+07   4.3884277e+01
   1.1728208e+07   4.4677734e+01
   1.1728534e+07   4.4433594e+01
   1.1728615e+07   4.3579102e+01
   1.1730206e+07   4.3029785e+01
   1.1732689e+07   4.1931152e+01
   1.1733938e+07   4.4128418e+01
   1.1736767e+07   4.4555664e+01
   1.1737844e+07   4.7302246e+01
   1.1738347e+07   4.2785645e+01
   1.1744728e+07   4.4982910e+01
   1.1747544e+07   4.4006348e+01
   1.1748063e+07   4.4006348e+01
   1.1749585e+07   4.2236328e+01
   1.1751971e+07   4.5959473e+01
   1.1752662e+07   4.3151855e+01
   1.1754821e+07   5.1513672e+01
   1.1754934e+07   4.1931152e+01
   1.1755978e+07   4.3151855e+01
   1.1756012e+07   4.4677734e+01
   1.1758494e+07   4.5166016e+01
   1.1758901e+07   4.9865723e+01
   1.1759431e+07   5.1574707e+01
   1.1765049e+07   4.4250488e+01
   1.1765371e+07   4.5593262e+01
   1.1765480e+07   4.1931152e+01
   1.1766402e+07   5.2307129e+01
   1.1766691e+07   4.2175293e+01
   1.1766937e+07   4.4067383e+01
   1.1767394e+07   4.5654297e+01
   1.1771979e+07   4.2114258e+01
   1.1774726e+07   4.8156738e+01
   1.1775412e+07   4.3151855e+01
   1.1775924e+07   4.2785645e+01
   1.1784648e+07   4.8034668e+01
   1.1789647e+07   4.6386719e+01
   1.1792467e+07   4.3518066e+01
   1.1795786e+07   4.4616699e+01
   1.1799271e+07   4.2785645e+01
   1.1803806e+07   4.4433594e+01
   1.1807004e+07   4.4311523e+01
   1.1807138e+07   4.2236328e+01
   1.1810116e+07   4.4250488e+01
   1.1811538e+07   4.4250488e+01
   1.1811753e+07   4.3762207e+01
   1.1812377e+07   4.4616699e+01
   1.1814010e+07   4.2297363e+01
   1.1814955e+07   4.6752930e+01
   1.1815096e+07   4.6569824e+01
   1.1815263e+07   4.4738770e+01
   1.1816021e+07   4.5104980e+01
   1.1818331e+07   4.2846680e+01
   1.1818996e+07   5.3344727e+01
   1.1819071e+07   4.2724609e+01
   1.1820545e+07   4.3762207e+01
   1.1821071e+07   4.3884277e+01
   1.1821813e+07   4.2785645e+01
   1.1822517e+07   4.4250488e+01
   1.1823062e+07   4.3273926e+01
   1.1826418e+07   4.2175293e+01
   1.1826607e+07   4.2236328e+01
   1.1826847e+07   4.6691895e+01
   1.1831016e+07   4.2663574e+01
   1.1834179e+07   4.2663574e+01
   1.1834225e+07   4.2358398e+01
   1.1834912e+07   4.3273926e+01
   1.1835980e+07   4.2724609e+01
   1.1836759e+07   4.2175293e+01
   1.1837117e+07   4.3273926e+01
   1.1839752e+07   4.6325684e+01
   1.1845736e+07   4.6081543e+01
   1.1851540e+07   4.4677734e+01
   1.1856787e+07   4.3395996e+01
   1.1859058e+07   4.2846680e+01
   1.1863077e+07   4.2846680e+01
   1.1865108e+07   4.2541504e+01
   1.1865267e+07   4.2480469e+01
   1.1868396e+07   4.2968750e+01
   1.1869964e+07   4.3273926e+01
   1.1872382e+07   4.4372559e+01
   1.1878718e+07   4.6691895e+01
   1.1878996e+07   4.4189453e+01
   1.1879493e+07   4.3029785e+01
   1.1884749e+07   4.5227051e+01
   1.1893412e+07   4.3640137e+01
   1.1894497e+07   4.8095703e+01
   1.1898671e+07   4.3701172e+01
   1.1903304e+07   4.6386719e+01
   1.1912217e+07   4.6997070e+01
   1.1912312e+07   4.4982910e+01
   1.1912608e+07   4.2297363e+01
   1.1915141e+07   4.3640137e+01
   1.1917012e+07   4.2846680e+01
   1.1919479e+07   4.1992188e+01
   1.1919962e+07   4.4982910e+01
   1.1921016e+07   4.2114258e+01
   1.1926648e+07   5.4382324e+01
   1.1926665e+07   6.4941406e+01
   1.1926683e+07   7.1594238e+01
   1.1926718e+07   5.6518555e+01
   1.1926760e+07   5.4931641e+01
   1.1926787e+07   4.2968750e+01
   1.1926817e+07   5.1025391e+01
   1.1926840e+07   4.5532227e+01
   1.1926866e+07   4.8767090e+01
   1.1926890e+07   4.7180176e+01
   1.1926921e+07   4.7546387e+01
   1.1927015e+07   4.8706055e+01
   1.1927133e+07   4.3457031e+01
   1.1933974e+07   4.3395996e+01
   1.1935409e+07   4.4677734e+01
   1.1938873e+07   4.2480469e+01
   1.1942062e+07   4.2846680e+01
   1.1942796e+07   4.3395996e+01
   1.1950384e+07   4.2602539e+01
   1.1956106e+07   5.1635742e+01
   1.1956221e+07   4.4982910e+01
   1.1956249e+07   4.4311523e+01
   1.1956260e+07   4.4433594e+01
   1.1956376e+07   4.3273926e+01
   1.1956447e+07   5.9692383e+01
   1.1956468e+07   4.4311523e+01
   1.1956482e+07   6.5795898e+01
   1.1956549e+07   7.5805664e+01
   1.1956563e+07   4.2846680e+01
   1.1956600e+07   5.0842285e+01
   1.1956617e+07   4.6203613e+01
   1.1956640e+07   5.2307129e+01
   1.1956744e+07   4.4494629e+01
   1.1956817e+07   5.1208496e+01
   1.1956853e+07   4.7363281e+01
   1.1979341e+07   4.4555664e+01
   1.1985784e+07   4.2480469e+01
   1.1991037e+07   4.2663574e+01
   1.1991052e+07   4.2602539e+01
   1.1996013e+07   5.2734375e+01
   1.1998931e+07   4.8828125e+01
   1.1998949e+07   4.5043945e+01
   1.1998989e+07   6.4270020e+01
