   1.1999000e+07   0.0000000e+00
   1.3461100e+05   1.2390137e+01
   1.0598340e+06   1.2817383e+01
   1.1124130e+06   1.2634277e+01
   1.1679780e+06   1.2634277e+01
   1.1809180e+06   1.2329102e+01
   2.0290410e+06   1.2695313e+01
   2.4226070e+06   1.3061523e+01
   3.0956700e+06   1.2451172e+01
   3.6063960e+06   1.2207031e+01
   4.8209640e+06   1.3244629e+01
   5.6931340e+06   1.3000488e+01
   6.5827830e+06   1.2573242e+01
   6.9199330e+06   1.2390137e+01
   7.0169920e+06   1.2817383e+01
   9.5308200e+06   1.2268066e+01
   1.0901052e+07   1.2451172e+01
   1.1325768e+07   1.2390137e+01
   1.1532200e+07   1.2390137e+01
