   1.1999000e+07   0.0000000e+00
   9.5830000e+03   1.2084961e+01
   8.4806900e+05   1.2634277e+01
   1.4412900e+06   1.1474609e+01
   1.7815900e+06   1.1962891e+01
   2.0825810e+06   1.1413574e+01
   2.5963370e+06   1.1413574e+01
   2.6919400e+06   1.1718750e+01
   3.0765980e+06   1.1535645e+01
   3.8870000e+06   1.1718750e+01
   3.9137720e+06   1.2817383e+01
   4.0009960e+06   1.1535645e+01
   4.2415600e+06   1.1840820e+01
   5.4342540e+06   1.3305664e+01
   5.6955050e+06   1.2023926e+01
   5.7123520e+06   1.1657715e+01
   6.1012260e+06   1.1596680e+01
   6.4798240e+06   1.1840820e+01
   7.6621670e+06   1.1962891e+01
   7.9307950e+06   1.1535645e+01
   8.2489560e+06   1.2573242e+01
   8.7279360e+06   1.2145996e+01
   9.3866470e+06   1.2145996e+01
   9.5371510e+06   1.1352539e+01
   9.6935450e+06   1.1718750e+01
   1.0404073e+07   1.1657715e+01
   1.0471785e+07   1.1596680e+01
   1.1350633e+07   1.1657715e+01
   1.1389096e+07   1.1901855e+01
