   1.1999000e+07   0.0000000e+00
   1.1908400e+05   1.3610840e+01
   3.9991200e+05   1.3427734e+01
   1.1136460e+06   1.2817383e+01
   4.9124930e+06   1.2634277e+01
   5.3838450e+06   1.2573242e+01
   6.1598280e+06   1.3977051e+01
   7.5977500e+06   1.2695313e+01
   7.8094960e+06   1.2817383e+01
   7.8626040e+06   1.3061523e+01
   8.7291490e+06   1.2817383e+01
   9.1254640e+06   1.2451172e+01
   9.1286760e+06   1.2451172e+01
   9.5446160e+06   1.2390137e+01
   9.6916230e+06   1.3183594e+01
   9.7646070e+06   1.2695313e+01
   1.0313550e+07   1.2939453e+01
   1.1329646e+07   1.2451172e+01
   1.1350456e+07   1.4404297e+01
