   1.1999000e+07   0.0000000e+00
   1.1920800e+05   1.1901855e+01
   1.0300220e+06   1.3854980e+01
   1.3315610e+06   1.1840820e+01
   2.1154140e+06   1.2634277e+01
   3.1380030e+06   1.2756348e+01
   3.1572650e+06   1.2634277e+01
   3.3984190e+06   1.2207031e+01
   4.0832040e+06   1.2084961e+01
   4.5428810e+06   1.2329102e+01
   4.7048570e+06   1.2207031e+01
   5.0786010e+06   1.3000488e+01
   6.1835990e+06   1.2390137e+01
   6.6889870e+06   1.2268066e+01
   7.3676150e+06   1.2145996e+01
   7.5485830e+06   1.2268066e+01
   7.9118340e+06   1.3061523e+01
   7.9306140e+06   1.4526367e+01
   7.9716240e+06   1.2084961e+01
   8.3093770e+06   1.2634277e+01
   9.3866000e+06   1.3000488e+01
   9.9359520e+06   1.2268066e+01
   1.0099250e+07   1.5380859e+01
   1.0248309e+07   1.2145996e+01
   1.1156617e+07   1.2756348e+01
   1.1278665e+07   1.2084961e+01
   1.1373751e+07   1.2084961e+01
