   1.1999000e+07   0.0000000e+00
   3.3333300e+05   1.2268066e+01
   5.7697600e+05   1.3916016e+01
   6.5188000e+05   1.2023926e+01
   8.4793600e+05   1.2878418e+01
   9.3597800e+05   1.2023926e+01
   9.9902100e+05   1.3244629e+01
   1.0116100e+06   1.2390137e+01
   1.2026890e+06   1.4953613e+01
   1.7442220e+06   1.2268066e+01
   1.7501200e+06   1.1840820e+01
   1.7966970e+06   1.3793945e+01
   1.8221840e+06   1.2084961e+01
   1.8230210e+06   1.4160156e+01
   1.9077850e+06   1.3183594e+01
   1.9767980e+06   1.3366699e+01
   2.1917030e+06   1.2329102e+01
   2.3290070e+06   1.1962891e+01
   2.6074040e+06   1.2451172e+01
   2.7952190e+06   1.4831543e+01
   2.8607330e+06   1.2573242e+01
   2.9301650e+06   1.2512207e+01
   2.9306240e+06   1.3427734e+01
   3.0784790e+06   1.2084961e+01
   3.0984710e+06   1.2939453e+01
   3.2012870e+06   1.2756348e+01
   3.2472550e+06   1.3244629e+01
   3.2980780e+06   1.3854980e+01
   3.3546450e+06   1.3610840e+01
   3.3985480e+06   1.2573242e+01
   3.4718330e+06   1.4465332e+01
   3.5260260e+06   1.1840820e+01
   3.5260630e+06   1.2512207e+01
   3.5837790e+06   1.3183594e+01
   3.6256880e+06   1.4587402e+01
   3.6749910e+06   1.3793945e+01
   4.0007700e+06   1.3183594e+01
   4.1132740e+06   1.2390137e+01
   4.8582240e+06   1.5014648e+01
   4.8583970e+06   1.1962891e+01
   4.8584520e+06   1.3000488e+01
   4.9047970e+06   1.3183594e+01
   5.0762320e+06   1.3122559e+01
   5.4104140e+06   1.2390137e+01
   5.6952180e+06   1.2207031e+01
   5.7594060e+06   1.1962891e+01
   5.8379710e+06   1.1840820e+01
   5.9107250e+06   1.5747070e+01
   5.9753780e+06   1.2817383e+01
   5.9971870e+06   1.2145996e+01
   6.0506080e+06   1.3671875e+01
   6.1013720e+06   1.4038086e+01
   6.1014040e+06   1.2451172e+01
   6.2585410e+06   1.5625000e+01
   6.3488850e+06   1.1962891e+01
   6.4120130e+06   1.2573242e+01
   6.4124110e+06   1.2329102e+01
   6.4800170e+06   1.2573242e+01
   6.5358710e+06   1.3732910e+01
   6.5910780e+06   1.2084961e+01
   6.5911320e+06   1.3366699e+01
   6.6616350e+06   1.3000488e+01
   6.7511400e+06   1.2512207e+01
   7.0251200e+06   1.3549805e+01
   7.2360710e+06   1.3671875e+01
   7.2768080e+06   1.4282227e+01
   7.2774400e+06   1.2329102e+01
   7.3934210e+06   1.4465332e+01
   7.4975440e+06   1.1840820e+01
   7.5483610e+06   1.3488770e+01
   7.6817180e+06   1.2084961e+01
   7.7355880e+06   1.2695313e+01
   7.8092640e+06   1.2695313e+01
   7.8624010e+06   1.2512207e+01
   7.9117980e+06   1.2939453e+01
   7.9306080e+06   1.2939453e+01
   7.9306320e+06   1.1901855e+01
   7.9440330e+06   1.6052246e+01
   7.9447290e+06   1.1779785e+01
   7.9563380e+06   1.3671875e+01
   7.9564270e+06   1.2145996e+01
   7.9677260e+06   1.3488770e+01
   8.1343650e+06   1.2145996e+01
   8.2056610e+06   1.2023926e+01
   8.4578460e+06   1.2817383e+01
   9.1043450e+06   1.2268066e+01
   9.1931140e+06   1.1901855e+01
   9.1939740e+06   1.2023926e+01
   9.3868030e+06   1.5258789e+01
   9.3868430e+06   1.5319824e+01
   9.4708590e+06   1.2573242e+01
   9.6159960e+06   1.1840820e+01
   9.6221490e+06   1.2390137e+01
   9.6232720e+06   1.1962891e+01
   9.6234570e+06   1.2512207e+01
   9.6246780e+06   1.1901855e+01
   9.6933490e+06   1.3916016e+01
   9.6933930e+06   1.2878418e+01
   9.6978210e+06   1.3244629e+01
   9.8036030e+06   1.4526367e+01
   9.9360090e+06   1.1779785e+01
   1.0040856e+07   1.3488770e+01
   1.0098914e+07   1.3366699e+01
   1.0098992e+07   1.3122559e+01
   1.0187785e+07   1.2573242e+01
   1.0388078e+07   1.1901855e+01
   1.0476195e+07   1.1840820e+01
   1.0476227e+07   1.2084961e+01
   1.0538693e+07   1.2817383e+01
   1.0606559e+07   1.1962891e+01
   1.0898068e+07   1.1840820e+01
   1.0918924e+07   1.2634277e+01
   1.0930630e+07   1.1779785e+01
   1.1067951e+07   1.2084961e+01
   1.1278579e+07   1.3183594e+01
   1.1336603e+07   1.2207031e+01
   1.1337568e+07   1.4831543e+01
   1.1350544e+07   1.1840820e+01
   1.1362452e+07   1.2695313e+01
   1.1362519e+07   1.2634277e+01
   1.1373687e+07   1.2573242e+01
   1.1389069e+07   1.3916016e+01
   1.1637892e+07   1.2145996e+01
