   1.1999000e+07   0.0000000e+00
   9.3720000e+03   1.2634277e+01
   3.3286200e+05   1.4160156e+01
   6.0764400e+05   1.5136719e+01
   1.0117180e+06   1.2329102e+01
   1.0117920e+06   1.3244629e+01
   1.0668480e+06   1.2268066e+01
   1.2811540e+06   1.2817383e+01
   1.3828560e+06   1.3244629e+01
   1.4412350e+06   1.2634277e+01
   1.7439170e+06   1.2451172e+01
   1.7968640e+06   1.5136719e+01
   2.0308030e+06   1.2573242e+01
   2.1910850e+06   1.2451172e+01
   2.5694030e+06   1.2573242e+01
   2.5694370e+06   1.2390137e+01
   2.7952180e+06   1.3427734e+01
   3.0784090e+06   1.3122559e+01
   3.0830130e+06   1.2268066e+01
   3.0979780e+06   1.2939453e+01
   3.2013630e+06   1.2573242e+01
   3.2983620e+06   1.2145996e+01
   3.4716610e+06   1.2390137e+01
   3.4717420e+06   1.2329102e+01
   3.5837240e+06   1.2145996e+01
   3.5838030e+06   1.3793945e+01
   3.6257900e+06   1.2939453e+01
   3.6527000e+06   1.2268066e+01
   3.8870390e+06   1.2390137e+01
   4.0009070e+06   1.3610840e+01
   4.1283430e+06   1.2207031e+01
   4.6333320e+06   1.2634277e+01
   4.9046900e+06   1.2329102e+01
   5.0762390e+06   1.2451172e+01
   5.1402180e+06   1.2939453e+01
   5.1801290e+06   1.2695313e+01
   5.5903850e+06   1.2329102e+01
   5.9755080e+06   1.2451172e+01
   6.2584210e+06   1.3183594e+01
   6.4797370e+06   1.2817383e+01
   7.0964040e+06   1.2634277e+01
   7.2768400e+06   1.2634277e+01
   7.6339770e+06   1.2695313e+01
   7.8018450e+06   1.2084961e+01
   7.9118750e+06   1.3244629e+01
   7.9440320e+06   1.1962891e+01
   8.1135300e+06   1.2207031e+01
   8.1955130e+06   1.2023926e+01
   8.2488670e+06   1.3732910e+01
   8.3092340e+06   1.2573242e+01
   8.3092720e+06   1.2634277e+01
   8.3093450e+06   1.2573242e+01
   8.6928990e+06   1.2268066e+01
   8.9968490e+06   1.4099121e+01
   9.3866890e+06   1.3549805e+01
   9.6934710e+06   1.5747070e+01
   9.8036280e+06   1.2207031e+01
   1.0099164e+07   1.3183594e+01
   1.0187959e+07   1.2573242e+01
   1.0476416e+07   1.3183594e+01
   1.0512674e+07   1.2390137e+01
   1.0733329e+07   1.3671875e+01
   1.0733430e+07   1.2329102e+01
   1.0898314e+07   1.2390137e+01
   1.1017782e+07   1.2573242e+01
   1.1278370e+07   1.2695313e+01
   1.1278523e+07   1.2268066e+01
   1.1362474e+07   1.2756348e+01
   1.1373791e+07   1.2145996e+01
   1.1389161e+07   1.2268066e+01
