   1.1999000e+07   0.0000000e+00
   9.5210000e+03   1.5747070e+01
   9.5400000e+03   1.2512207e+01
   9.5630000e+03   1.4831543e+01
   9.5790000e+03   1.1718750e+01
   9.6630000e+03   1.4343262e+01
   1.0016000e+04   1.2145996e+01
   1.1909600e+05   2.0935059e+01
   1.1916000e+05   1.2329102e+01
   1.1940300e+05   1.3671875e+01
   1.1947400e+05   1.2145996e+01
   1.7244300e+05   1.2756348e+01
   4.2381500e+05   1.1718750e+01
   6.8132500e+05   1.2512207e+01
   7.0962100e+05   1.2145996e+01
   7.4629400e+05   1.3366699e+01
   9.9879900e+05   1.3488770e+01
   9.9883100e+05   1.3732910e+01
   9.9886300e+05   1.2390137e+01
   9.9889800e+05   1.8615723e+01
   9.9892300e+05   1.2634277e+01
   1.0116750e+06   1.4282227e+01
   1.0117090e+06   1.8127441e+01
   1.0117410e+06   1.5075684e+01
   1.0118310e+06   1.2084961e+01
   1.0118750e+06   1.3122559e+01
   1.0129740e+06   1.2573242e+01
   1.0139590e+06   1.2939453e+01
   1.0300050e+06   1.1901855e+01
   1.0300330e+06   1.7944336e+01
   1.0300630e+06   1.4404297e+01
   1.0300730e+06   1.4648438e+01
   1.0300910e+06   1.3305664e+01
   1.0301330e+06   1.5991211e+01
   1.0669860e+06   2.4108887e+01
   1.0669970e+06   1.5136719e+01
   1.0670140e+06   1.3977051e+01
   1.0670400e+06   1.2939453e+01
   1.0671020e+06   1.2817383e+01
   1.0681330e+06   1.2451172e+01
   1.0685220e+06   1.2268066e+01
   1.2026290e+06   1.1901855e+01
   1.2026530e+06   2.0996094e+01
   1.2026840e+06   1.7822266e+01
   1.2027170e+06   1.3916016e+01
   1.2027390e+06   1.2451172e+01
   1.2027920e+06   1.3183594e+01
   1.2029620e+06   1.2939453e+01
   1.2810020e+06   1.1962891e+01
   1.2811030e+06   1.5441895e+01
   1.2811330e+06   1.4038086e+01
   1.2812820e+06   1.2084961e+01
   1.3572090e+06   1.1962891e+01
   1.3829200e+06   1.1962891e+01
   1.4146250e+06   1.1718750e+01
   1.7443620e+06   1.2939453e+01
   1.7444150e+06   1.3183594e+01
   1.7444460e+06   1.9897461e+01
   1.7444840e+06   1.6296387e+01
   1.7445090e+06   1.6235352e+01
   1.7445230e+06   1.1962891e+01
   1.7445460e+06   1.1779785e+01
   1.7450470e+06   1.2939453e+01
   1.7815610e+06   1.7211914e+01
   1.7815920e+06   1.5991211e+01
   1.7816420e+06   1.2512207e+01
   1.7816920e+06   1.4221191e+01
   1.7818200e+06   1.2878418e+01
   1.7819540e+06   1.2329102e+01
   1.7967650e+06   1.5808105e+01
   1.7967880e+06   1.2023926e+01
   1.7967990e+06   1.2023926e+01
   1.7968150e+06   1.4892578e+01
   1.7968330e+06   1.3061523e+01
   1.7968760e+06   1.5258789e+01
   1.7977730e+06   1.3488770e+01
   1.7981290e+06   1.3366699e+01
   1.8108900e+06   2.1484375e+01
   1.8109190e+06   1.3061523e+01
   1.8109450e+06   1.3793945e+01
   1.8109980e+06   1.2512207e+01
   1.8117270e+06   1.2268066e+01
   1.8118540e+06   1.1779785e+01
   1.8129870e+06   1.2878418e+01
   1.8221260e+06   2.0385742e+01
   1.8221570e+06   1.4160156e+01
   1.8221790e+06   1.2573242e+01
   1.8222200e+06   2.3620605e+01
   1.8223310e+06   1.2145996e+01
   1.8229360e+06   1.2390137e+01
   1.8232470e+06   1.2939453e+01
   1.9077930e+06   1.7639160e+01
   1.9078230e+06   1.1901855e+01
   1.9078520e+06   1.4221191e+01
   1.9390570e+06   1.2084961e+01
   1.9767150e+06   1.9714355e+01
   1.9767270e+06   1.3488770e+01
   1.9767510e+06   1.6296387e+01
   1.9769250e+06   1.2512207e+01
   2.0309400e+06   1.7333984e+01
   2.0309760e+06   1.3488770e+01
   2.0310070e+06   1.2451172e+01
   2.0310300e+06   1.2756348e+01
   2.0490790e+06   1.1840820e+01
   2.1154280e+06   1.3244629e+01
   2.1154600e+06   1.3671875e+01
   2.1154880e+06   1.2878418e+01
   2.5695280e+06   1.3061523e+01
   2.5695680e+06   1.2756348e+01
   2.5695930e+06   1.2878418e+01
   2.6073850e+06   1.7700195e+01
   2.6074340e+06   1.4038086e+01
   2.6074960e+06   1.2390137e+01
   2.6075660e+06   1.4831543e+01
   2.6919260e+06   2.3620605e+01
   2.6919460e+06   1.6540527e+01
   2.6919780e+06   1.5380859e+01
   2.6921980e+06   1.2145996e+01
   2.8603520e+06   1.5075684e+01
   3.0331330e+06   1.1718750e+01
   3.1573460e+06   1.5991211e+01
   3.1573670e+06   1.4770508e+01
   3.1573770e+06   1.5502930e+01
   3.1574060e+06   1.1840820e+01
   3.1574990e+06   1.1901855e+01
   3.1617750e+06   1.2145996e+01
   3.2014210e+06   1.2634277e+01
   3.2014320e+06   2.0568848e+01
   3.2014720e+06   1.3305664e+01
   3.2015070e+06   1.3122559e+01
   3.2015370e+06   1.3366699e+01
   3.2015480e+06   1.3549805e+01
   3.2016500e+06   1.1901855e+01
   3.2476430e+06   1.6784668e+01
   3.2477470e+06   1.4221191e+01
   3.2477930e+06   1.3061523e+01
   3.2984810e+06   1.4404297e+01
   3.2985110e+06   1.4038086e+01
   3.2985330e+06   1.2573242e+01
   3.2985980e+06   1.4282227e+01
   3.2987360e+06   1.2329102e+01
   3.2990140e+06   1.2756348e+01
   3.3546700e+06   1.7517090e+01
   3.3547070e+06   1.8432617e+01
   3.3547300e+06   1.3183594e+01
   3.3553790e+06   1.1901855e+01
   3.3871510e+06   1.1779785e+01
   3.3984240e+06   1.2084961e+01
   3.3984650e+06   2.0935059e+01
   3.3984960e+06   1.6235352e+01
   3.3985240e+06   1.4831543e+01
   3.3988340e+06   1.1718750e+01
   3.3990320e+06   1.2145996e+01
   3.4645640e+06   1.2634277e+01
   3.4716190e+06   2.2460938e+01
   3.4716550e+06   1.4343262e+01
   3.4716970e+06   1.3793945e+01
   3.4717410e+06   1.2451172e+01
   3.4717710e+06   1.3183594e+01
   3.4719110e+06   1.4099121e+01
   3.4721180e+06   1.1718750e+01
   3.5258180e+06   2.2888184e+01
   3.5258690e+06   1.7883301e+01
   3.5259080e+06   1.9653320e+01
   3.5259470e+06   1.6601563e+01
   3.5260820e+06   1.4587402e+01
   3.5833330e+06   1.2390137e+01
   3.5834520e+06   1.2390137e+01
   3.6257390e+06   2.1057129e+01
   3.6257930e+06   1.2695313e+01
   3.6258300e+06   1.7395020e+01
   3.6259130e+06   1.1779785e+01
   3.6750480e+06   1.8371582e+01
   3.6750730e+06   1.1779785e+01
   3.6750940e+06   1.8676758e+01
   3.6751170e+06   1.5075684e+01
   3.6751300e+06   1.4404297e+01
   3.6751730e+06   1.4099121e+01
   3.7556770e+06   1.9165039e+01
   3.8037580e+06   1.3000488e+01
   3.8134200e+06   1.1962891e+01
   3.9137630e+06   1.2390137e+01
   3.9877380e+06   1.1779785e+01
   4.0009920e+06   1.1901855e+01
   4.0010350e+06   1.3122559e+01
   4.0831830e+06   1.3488770e+01
   4.0832450e+06   1.1962891e+01
   4.1044580e+06   1.2390137e+01
   4.1421920e+06   1.1718750e+01
   4.1818600e+06   1.3549805e+01
   4.2362680e+06   1.1901855e+01
   4.2701700e+06   1.3000488e+01
   4.2902600e+06   1.1779785e+01
   4.5428750e+06   2.0690918e+01
   4.5429140e+06   1.2329102e+01
   4.5430260e+06   1.3000488e+01
   4.5431210e+06   1.2634277e+01
   4.5432080e+06   1.3610840e+01
   4.5933370e+06   1.1901855e+01
   4.6335390e+06   1.2084961e+01
   4.6335510e+06   2.1606445e+01
   4.6335830e+06   1.9348145e+01
   4.6336120e+06   1.6174316e+01
   4.6336620e+06   1.2329102e+01
   4.6338710e+06   1.3610840e+01
   4.6340140e+06   1.2084961e+01
   4.6340870e+06   1.1901855e+01
   4.7046700e+06   2.0507813e+01
   4.7046890e+06   1.2878418e+01
   4.7047570e+06   1.3305664e+01
   4.7048890e+06   1.3549805e+01
   4.7991250e+06   2.2399902e+01
   4.7991590e+06   1.5991211e+01
   4.7991900e+06   1.4343262e+01
   4.7994080e+06   1.1962891e+01
   4.8584060e+06   1.2023926e+01
   4.8584170e+06   1.6113281e+01
   4.8584510e+06   1.2634277e+01
   4.8584860e+06   1.1779785e+01
   4.8585070e+06   1.2634277e+01
   4.8585280e+06   1.3549805e+01
   4.9046500e+06   1.3000488e+01
   4.9046870e+06   1.4526367e+01
   4.9047180e+06   2.2033691e+01
   4.9047500e+06   1.5930176e+01
   4.9047620e+06   1.5258789e+01
   4.9050100e+06   1.5991211e+01
   5.0039830e+06   1.6723633e+01
   5.0040190e+06   2.0629883e+01
   5.0040510e+06   1.6052246e+01
   5.0762080e+06   1.5625000e+01
   5.0762460e+06   1.7272949e+01
   5.0765220e+06   1.4282227e+01
   5.1218000e+06   1.8188477e+01
   5.1402050e+06   1.8554688e+01
   5.1402460e+06   1.4465332e+01
   5.1402780e+06   1.2451172e+01
   5.1403420e+06   1.3488770e+01
   5.1404020e+06   1.2756348e+01
   5.2158560e+06   2.0019531e+01
   5.2158780e+06   1.2695313e+01
   5.2158900e+06   1.4892578e+01
   5.2159210e+06   1.2512207e+01
   5.2324090e+06   1.1718750e+01
   5.3137140e+06   1.2878418e+01
   5.4750630e+06   1.1962891e+01
   5.5904050e+06   1.2023926e+01
   5.7123230e+06   1.2207031e+01
   5.7545800e+06   1.2023926e+01
   5.7592780e+06   1.1840820e+01
   5.8055390e+06   2.0690918e+01
   5.8055740e+06   1.9042969e+01
   5.8056090e+06   1.3061523e+01
   5.8056540e+06   1.2145996e+01
   5.8660610e+06   1.2756348e+01
   5.9108930e+06   1.5563965e+01
   5.9336780e+06   1.2390137e+01
   5.9974010e+06   1.3488770e+01
   6.0535050e+06   1.2573242e+01
   6.1011760e+06   1.9348145e+01
   6.1011970e+06   1.4221191e+01
   6.1012070e+06   1.4892578e+01
   6.1013480e+06   1.2390137e+01
   6.1016280e+06   1.2268066e+01
   6.1773380e+06   1.2207031e+01
   6.1835140e+06   1.5258789e+01
   6.1835460e+06   1.4099121e+01
   6.1835970e+06   1.1779785e+01
   6.1836190e+06   1.2878418e+01
   6.1836420e+06   1.1779785e+01
   6.2583940e+06   1.2207031e+01
   6.2584990e+06   1.2634277e+01
   6.2585680e+06   1.2084961e+01
   6.2586210e+06   1.2207031e+01
   6.3491240e+06   1.2695312e+01
   6.3491730e+06   1.9958496e+01
   6.3492200e+06   1.5869141e+01
   6.4126090e+06   2.1301270e+01
   6.4126330e+06   1.1840820e+01
   6.4126440e+06   1.5380859e+01
   6.4126780e+06   1.8493652e+01
   6.4127100e+06   1.3366699e+01
   6.4129100e+06   1.2756348e+01
   6.4129950e+06   1.4404297e+01
   6.4799100e+06   1.7150879e+01
   6.4800430e+06   1.2573242e+01
   6.5235520e+06   1.2451172e+01
   6.5630060e+06   1.2084961e+01
   6.6613210e+06   1.1962891e+01
   6.8804890e+06   1.4221191e+01
   7.0052360e+06   1.2573242e+01
   7.1217860e+06   1.2451172e+01
   7.1308490e+06   1.1901855e+01
   7.2768250e+06   1.2268066e+01
   7.3935880e+06   1.2084961e+01
   7.3936340e+06   1.2329102e+01
   7.6526060e+06   1.2512207e+01
   7.7358900e+06   1.4343262e+01
   7.8092180e+06   1.1840820e+01
   7.8626330e+06   2.2521973e+01
   7.8626600e+06   1.8615723e+01
   7.8627440e+06   1.3061523e+01
   7.8632140e+06   1.1962891e+01
   7.9118790e+06   2.6428223e+01
   7.9119060e+06   1.3427734e+01
   7.9119270e+06   1.2573242e+01
   7.9120830e+06   1.3549805e+01
   7.9121600e+06   1.2878418e+01
   7.9133030e+06   1.5197754e+01
   7.9149770e+06   1.2695313e+01
   7.9167640e+06   1.1840820e+01
   7.9306380e+06   2.4353027e+01
   7.9306570e+06   1.2512207e+01
   7.9306830e+06   1.3916016e+01
   7.9439750e+06   1.5747070e+01
   7.9440080e+06   1.3549805e+01
   7.9440720e+06   1.2817383e+01
   7.9440960e+06   1.5686035e+01
   7.9563720e+06   2.2338867e+01
   7.9564050e+06   1.5014648e+01
   7.9564640e+06   1.2451172e+01
   7.9565050e+06   1.1840820e+01
   7.9565410e+06   1.3366699e+01
   7.9674520e+06   1.3977051e+01
   7.9674720e+06   2.3498535e+01
   7.9675090e+06   1.4892578e+01
   7.9675410e+06   1.4709473e+01
   7.9676210e+06   1.1840820e+01
   7.9690920e+06   1.2084961e+01
   8.1810780e+06   1.5319824e+01
   8.1810970e+06   1.1779785e+01
   8.2489570e+06   1.7822266e+01
   8.2489850e+06   1.3671875e+01
   8.2490120e+06   1.2512207e+01
   8.2491180e+06   1.2939453e+01
   8.3092640e+06   1.3000488e+01
   8.3092900e+06   1.2878418e+01
   8.3093370e+06   1.2390137e+01
   8.3093750e+06   1.8981934e+01
   8.3094080e+06   1.2817383e+01
   8.3094960e+06   1.2329102e+01
   8.3095630e+06   1.2756348e+01
   8.3096960e+06   1.2023926e+01
   8.3241950e+06   1.2084961e+01
   8.3646780e+06   1.2634277e+01
   8.3647120e+06   1.5930176e+01
   8.3647640e+06   1.6540527e+01
   8.3647970e+06   1.9653320e+01
   8.4575370e+06   1.3366699e+01
   8.5529740e+06   1.2268066e+01
   8.5780120e+06   1.3305664e+01
   8.8579980e+06   1.8920898e+01
   8.8580460e+06   2.1484375e+01
   8.8580770e+06   1.7089844e+01
   8.8581270e+06   1.2817383e+01
   8.8581800e+06   1.2329102e+01
   8.9614900e+06   1.4526367e+01
   9.0132690e+06   1.1779785e+01
   9.0959700e+06   1.2268066e+01
   9.2110970e+06   1.1657715e+01
   9.3866040e+06   2.0324707e+01
   9.3866310e+06   1.5930176e+01
   9.3866570e+06   1.7211914e+01
   9.3866990e+06   1.3610840e+01
   9.3867180e+06   1.3854980e+01
   9.3867390e+06   1.4221191e+01
   9.3868260e+06   1.1596680e+01
   9.4710980e+06   1.9531250e+01
   9.4711240e+06   1.3122559e+01
   9.4711910e+06   1.3610840e+01
   9.4712560e+06   1.7822266e+01
   9.4715810e+06   1.1596680e+01
   9.5394400e+06   1.8554688e+01
   9.5394690e+06   1.9226074e+01
   9.5394980e+06   1.4770508e+01
   9.5395200e+06   1.2084961e+01
   9.5397090e+06   1.1901855e+01
   9.5401090e+06   1.2084961e+01
   9.5403470e+06   1.6235352e+01
   9.6160310e+06   2.0385742e+01
   9.6160420e+06   2.1667480e+01
   9.6160770e+06   1.2390137e+01
   9.6168960e+06   1.2329102e+01
   9.6214990e+06   1.2451172e+01
   9.6215770e+06   1.3671875e+01
   9.6217480e+06   1.2207031e+01
   9.6218050e+06   1.3122559e+01
   9.6226780e+06   1.1657715e+01
   9.6934240e+06   1.9531250e+01
   9.6934390e+06   1.3488770e+01
   9.6934550e+06   1.7395020e+01
   9.6935160e+06   1.2695313e+01
   9.6935510e+06   1.1657715e+01
   9.6936040e+06   1.2695313e+01
   9.6941050e+06   1.2451172e+01
   9.6986150e+06   1.1718750e+01
   9.8033670e+06   1.2451172e+01
   9.8033990e+06   1.3061523e+01
   9.8034290e+06   1.2084961e+01
   9.8034600e+06   1.2329102e+01
   9.9359050e+06   1.1596680e+01
   9.9359380e+06   1.1962891e+01
   9.9359740e+06   2.0019531e+01
   9.9360060e+06   1.4709473e+01
   9.9360160e+06   1.2023926e+01
   9.9360940e+06   1.3061523e+01
   1.0040459e+07   2.0202637e+01
   1.0040888e+07   1.8615723e+01
   1.0040920e+07   1.1657715e+01
   1.0040945e+07   1.4587402e+01
   1.0040973e+07   1.2573242e+01
   1.0041058e+07   1.2390137e+01
   1.0041149e+07   1.8188477e+01
   1.0099269e+07   1.8249512e+01
   1.0099280e+07   1.2023926e+01
   1.0099335e+07   1.4465332e+01
   1.0099384e+07   1.3366699e+01
   1.0184838e+07   1.2512207e+01
   1.0188048e+07   1.3916016e+01
   1.0188077e+07   1.6906738e+01
   1.0188097e+07   1.7211914e+01
   1.0188123e+07   1.1718750e+01
   1.0188139e+07   1.4892578e+01
   1.0188335e+07   1.2573242e+01
   1.0317840e+07   1.2817383e+01
   1.0332201e+07   1.1657715e+01
   1.0371378e+07   1.1718750e+01
   1.0404056e+07   1.2145996e+01
   1.0404162e+07   1.2329102e+01
   1.0490556e+07   1.2084961e+01
   1.0512086e+07   1.1718750e+01
   1.0606438e+07   2.0690918e+01
   1.0606471e+07   1.9897461e+01
   1.0606499e+07   1.4526367e+01
   1.0606533e+07   1.1779785e+01
   1.0606610e+07   1.4099121e+01
   1.0611822e+07   1.1657715e+01
   1.0764638e+07   1.2023926e+01
   1.0898510e+07   1.2756348e+01
   1.0908608e+07   1.2512207e+01
   1.0990338e+07   1.1657715e+01
   1.0996095e+07   1.1657715e+01
   1.1018231e+07   1.1596680e+01
   1.1068155e+07   1.5625000e+01
   1.1068175e+07   1.2207031e+01
   1.1068197e+07   1.7822266e+01
   1.1068225e+07   1.2023926e+01
   1.1097502e+07   1.1718750e+01
   1.1156603e+07   1.6113281e+01
   1.1156624e+07   1.3061523e+01
   1.1156653e+07   1.2329102e+01
   1.1156672e+07   1.2512207e+01
   1.1157002e+07   1.5502930e+01
   1.1157106e+07   1.2512207e+01
   1.1174158e+07   1.1901855e+01
   1.1278508e+07   1.9226074e+01
   1.1278548e+07   2.0080566e+01
   1.1278578e+07   1.1901855e+01
   1.1278668e+07   1.1840820e+01
   1.1278903e+07   1.1657715e+01
   1.1329484e+07   1.1657715e+01
   1.1329502e+07   1.2329102e+01
   1.1329527e+07   2.4169922e+01
   1.1329564e+07   1.4526367e+01
   1.1329632e+07   1.5502930e+01
   1.1329878e+07   1.4038086e+01
   1.1335804e+07   1.1596680e+01
   1.1335872e+07   1.8798828e+01
   1.1335904e+07   1.3549805e+01
   1.1335944e+07   1.6113281e+01
   1.1335969e+07   1.2634277e+01
   1.1335984e+07   1.3916016e+01
   1.1336004e+07   1.2390137e+01
   1.1336035e+07   1.6418457e+01
   1.1336061e+07   1.2634277e+01
   1.1336158e+07   1.3305664e+01
   1.1336194e+07   1.3427734e+01
   1.1336278e+07   1.1779785e+01
   1.1336495e+07   1.2329102e+01
   1.1336830e+07   1.3061523e+01
   1.1336941e+07   1.3122559e+01
   1.1337429e+07   1.2817383e+01
   1.1337590e+07   1.2512207e+01
   1.1338517e+07   1.1840820e+01
   1.1350608e+07   1.7272949e+01
   1.1350644e+07   1.6235352e+01
   1.1350678e+07   1.2634277e+01
   1.1350715e+07   1.4343262e+01
   1.1350756e+07   1.3671875e+01
   1.1360871e+07   1.1657715e+01
   1.1362440e+07   1.3793945e+01
   1.1362461e+07   1.6113281e+01
   1.1362493e+07   1.4953613e+01
   1.1362516e+07   1.6479492e+01
   1.1362558e+07   1.3793945e+01
   1.1362585e+07   1.1779785e+01
   1.1362742e+07   1.1718750e+01
   1.1362972e+07   1.2268066e+01
   1.1363549e+07   1.2145996e+01
   1.1363779e+07   1.3244629e+01
   1.1373720e+07   1.4160156e+01
   1.1373734e+07   1.1840820e+01
   1.1373764e+07   1.2939453e+01
   1.1373783e+07   1.3427734e+01
   1.1373818e+07   1.4160156e+01
   1.1373867e+07   1.5808105e+01
   1.1373966e+07   1.1901855e+01
   1.1389096e+07   1.4953613e+01
   1.1389128e+07   1.2817383e+01
   1.1389150e+07   1.5136719e+01
   1.1389264e+07   1.3183594e+01
   1.1389314e+07   1.1718750e+01
   1.1532597e+07   2.1545410e+01
   1.1532637e+07   1.9226074e+01
   1.1532666e+07   1.9592285e+01
   1.1532784e+07   1.3366699e+01
   1.1719500e+07   1.3732910e+01
   1.1719516e+07   2.1179199e+01
   1.1719545e+07   2.0446777e+01
   1.1719570e+07   1.2756348e+01
   1.1719613e+07   1.2145996e+01
   1.1719672e+07   1.4587402e+01
