   1.1999000e+07   0.0000000e+00
   9.6410000e+03   1.5686035e+01
   9.6680000e+03   1.8920898e+01
   9.7170000e+03   1.3305664e+01
   9.7760000e+03   1.2084961e+01
   9.7870000e+03   1.3977051e+01
   1.1904800e+05   1.5747070e+01
   1.1909100e+05   1.3366699e+01
   1.1913400e+05   1.3977051e+01
   1.1924500e+05   1.4282227e+01
   2.4372100e+05   1.2145996e+01
   3.0669100e+05   1.5014648e+01
   3.3431500e+05   1.2817383e+01
   4.2232300e+05   1.4465332e+01
   4.2242100e+05   1.2512207e+01
   4.2260900e+05   1.3366699e+01
   4.2372300e+05   1.2145996e+01
   4.2396200e+05   1.2756348e+01
   4.6214200e+05   1.2939453e+01
   4.9121900e+05   1.2329102e+01
   6.2518300e+05   1.3427734e+01
   7.5787000e+05   1.2084961e+01
   7.8096100e+05   1.4038086e+01
   7.8113200e+05   1.2634277e+01
   7.8527800e+05   1.2145996e+01
   8.2303500e+05   1.4343262e+01
   8.2621900e+05   1.2634277e+01
   8.4579700e+05   1.2390137e+01
   9.7900300e+05   1.2329102e+01
   9.8224600e+05   1.2695313e+01
   9.9897300e+05   2.0751953e+01
   9.9900300e+05   1.8615723e+01
   9.9903500e+05   1.9714355e+01
   9.9909200e+05   1.3122559e+01
   9.9912600e+05   1.5136719e+01
   9.9917300e+05   1.2329102e+01
   1.0113790e+06   1.3732910e+01
   1.0114930e+06   1.3427734e+01
   1.0115820e+06   1.3061523e+01
   1.0116850e+06   1.3793945e+01
   1.0117900e+06   1.3549805e+01
   1.0301360e+06   1.6601563e+01
   1.0301540e+06   1.2573242e+01
   1.0302000e+06   1.5930176e+01
   1.0302200e+06   1.3061523e+01
   1.0302980e+06   1.2756348e+01
   1.0303590e+06   1.3000488e+01
   1.0671080e+06   1.4160156e+01
   1.0671280e+06   1.3671875e+01
   1.0671400e+06   1.2084961e+01
   1.0671590e+06   1.2817383e+01
   1.0671900e+06   1.3916016e+01
   1.0673120e+06   1.2145996e+01
   1.0673620e+06   1.2451172e+01
   1.0675090e+06   1.2939453e+01
   1.0678030e+06   1.3244629e+01
   1.1679750e+06   1.2145996e+01
   1.2027220e+06   1.2878418e+01
   1.2027430e+06   1.5747070e+01
   1.2027600e+06   1.2939453e+01
   1.2027820e+06   1.2451172e+01
   1.2028440e+06   1.6418457e+01
   1.2028610e+06   1.2878418e+01
   1.2273500e+06   1.3305664e+01
   1.2810530e+06   1.4404297e+01
   1.2810880e+06   1.9165039e+01
   1.2810990e+06   1.5930176e+01
   1.2811370e+06   1.2573242e+01
   1.2811760e+06   1.4282227e+01
   1.2811860e+06   1.4160156e+01
   1.3260690e+06   1.2329102e+01
   1.3428040e+06   1.2756348e+01
   1.3565570e+06   1.5014648e+01
   1.3566450e+06   1.3061523e+01
   1.3569460e+06   1.5197754e+01
   1.3837140e+06   1.2634277e+01
   1.3838100e+06   1.2756348e+01
   1.4099260e+06   1.3427734e+01
   1.4103210e+06   1.2573242e+01
   1.5200020e+06   1.2573242e+01
   1.7442210e+06   1.2329102e+01
   1.7442850e+06   1.4953613e+01
   1.7443230e+06   1.5625000e+01
   1.7443480e+06   1.2817383e+01
   1.7443960e+06   1.3488770e+01
   1.7444450e+06   1.4465332e+01
   1.7446610e+06   1.2695313e+01
   1.7816730e+06   1.8127441e+01
   1.7816990e+06   1.6906738e+01
   1.7817110e+06   1.5502930e+01
   1.7817630e+06   1.3916016e+01
   1.7817950e+06   1.4709473e+01
   1.7821020e+06   1.2145996e+01
   1.7926300e+06   1.2573242e+01
   1.7953870e+06   1.2390137e+01
   1.7964960e+06   1.2329102e+01
   1.7966000e+06   1.5075684e+01
   1.7966190e+06   1.5075684e+01
   1.7966590e+06   1.2634277e+01
   1.7967370e+06   1.5075684e+01
   1.7967690e+06   1.2451172e+01
   1.8106560e+06   1.3671875e+01
   1.8106750e+06   1.3854980e+01
   1.8107170e+06   1.5625000e+01
   1.8107700e+06   1.4648438e+01
   1.8108000e+06   1.2390137e+01
   1.8109740e+06   1.2451172e+01
   1.8110920e+06   1.2207031e+01
   1.8219700e+06   1.3671875e+01
   1.8220080e+06   1.2573242e+01
   1.8220250e+06   1.5625000e+01
   1.8220930e+06   1.4160156e+01
   1.8223150e+06   1.3610840e+01
   1.8384210e+06   1.4343262e+01
   1.8449800e+06   1.2756348e+01
   1.8471970e+06   1.2573242e+01
   1.8514280e+06   1.3061523e+01
   1.8546710e+06   1.2573242e+01
   1.8650570e+06   1.2207031e+01
   1.8660240e+06   1.2939453e+01
   1.8720760e+06   1.3183594e+01
   1.8729570e+06   1.3732910e+01
   1.8755770e+06   1.3916016e+01
   1.8772260e+06   1.2939453e+01
   1.8783980e+06   1.2512207e+01
   1.8829510e+06   1.3488770e+01
   1.8881950e+06   1.2817383e+01
   1.8923700e+06   1.2268066e+01
   1.8984870e+06   1.2451172e+01
   1.9076980e+06   1.4648438e+01
   1.9077130e+06   1.2756348e+01
   1.9077390e+06   1.3732910e+01
   1.9077530e+06   1.5197754e+01
   1.9078600e+06   1.3427734e+01
   1.9149230e+06   1.2145996e+01
   1.9152990e+06   1.3610840e+01
   1.9180780e+06   1.2145996e+01
   1.9184410e+06   1.2512207e+01
   1.9243680e+06   1.4526367e+01
   1.9260030e+06   1.2084961e+01
   1.9322610e+06   1.2329102e+01
   1.9326570e+06   1.2878418e+01
   1.9360640e+06   1.2207031e+01
   1.9380550e+06   1.2573242e+01
   1.9426690e+06   1.4038086e+01
   1.9524730e+06   1.3366699e+01
   1.9532890e+06   1.2451172e+01
   1.9589050e+06   1.2329102e+01
   1.9665840e+06   1.2329102e+01
   1.9673690e+06   1.2084961e+01
   1.9750400e+06   1.3061523e+01
   1.9768070e+06   1.4282227e+01
   1.9768420e+06   1.9470215e+01
   1.9768860e+06   1.2573242e+01
   1.9769060e+06   1.6296387e+01
   1.9813300e+06   1.2756348e+01
   1.9882820e+06   1.2817383e+01
   1.9954810e+06   1.2634277e+01
   2.0038710e+06   1.2634277e+01
   2.0055640e+06   1.2390137e+01
   2.0124820e+06   1.2451172e+01
   2.0135900e+06   1.2145996e+01
   2.0168530e+06   1.2145996e+01
   2.0205390e+06   1.2390137e+01
   2.0235960e+06   1.3610840e+01
   2.0265440e+06   1.2878418e+01
   2.0310070e+06   1.2756348e+01
   2.0310560e+06   1.3977051e+01
   2.0310770e+06   1.9104004e+01
   2.0310910e+06   1.6296387e+01
   2.0311240e+06   1.3977051e+01
   2.0364630e+06   1.2695313e+01
   2.0393090e+06   1.2207031e+01
   2.0405800e+06   1.3366699e+01
   2.0440510e+06   1.3793945e+01
   2.0462870e+06   1.2268066e+01
   2.0475210e+06   1.2207031e+01
   2.0563780e+06   1.2329102e+01
   2.0642650e+06   1.2084961e+01
   2.0875180e+06   1.3671875e+01
   2.0904860e+06   1.3000488e+01
   2.1000880e+06   1.2329102e+01
   2.1152840e+06   1.5014648e+01
   2.1153410e+06   1.4465332e+01
   2.1153570e+06   1.6906738e+01
   2.1153960e+06   1.3244629e+01
   2.1155020e+06   1.2145996e+01
   2.1563520e+06   1.5563965e+01
   2.1566180e+06   1.2145996e+01
   2.1691180e+06   1.2084961e+01
   2.1917370e+06   1.2451172e+01
   2.1919970e+06   1.2268066e+01
   2.1923500e+06   1.3854980e+01
   2.2554350e+06   1.2268066e+01
   2.3099930e+06   1.2512207e+01
   2.3105750e+06   1.2084961e+01
   2.3111660e+06   1.2634277e+01
   2.3572660e+06   1.3732910e+01
   2.4861260e+06   1.2573242e+01
   2.5697050e+06   1.3977051e+01
   2.5697620e+06   1.2145996e+01
   2.5698170e+06   1.2145996e+01
   2.5698410e+06   1.2634277e+01
   2.5698750e+06   1.2207031e+01
   2.5699340e+06   1.2695313e+01
   2.5701420e+06   1.2451172e+01
   2.6075000e+06   1.4465332e+01
   2.6075250e+06   1.2329102e+01
   2.6075570e+06   1.2084961e+01
   2.6100290e+06   1.3854980e+01
   2.6919170e+06   1.2817383e+01
   2.6919560e+06   1.3916016e+01
   2.6919930e+06   1.8432617e+01
   2.6920870e+06   1.2573242e+01
   2.7851450e+06   1.2084961e+01
   2.7949140e+06   1.4343262e+01
   2.7949760e+06   1.2756348e+01
   2.7954590e+06   1.3732910e+01
   2.9341310e+06   1.2207031e+01
   3.0785820e+06   1.4221191e+01
   3.0786150e+06   1.3122559e+01
   3.0786500e+06   1.4282227e+01
   3.0986950e+06   1.3549805e+01
   3.0988790e+06   1.3916016e+01
   3.0990200e+06   1.3732910e+01
   3.0990380e+06   1.2695313e+01
   3.0991420e+06   1.2329102e+01
   3.0993170e+06   1.3061523e+01
   3.0993590e+06   1.2512207e+01
   3.0995140e+06   1.3854980e+01
   3.1401380e+06   1.4038086e+01
   3.1572100e+06   1.2390137e+01
   3.1572530e+06   1.3610840e+01
   3.1572790e+06   1.3732910e+01
   3.1572900e+06   1.3061523e+01
   3.1573150e+06   1.8798828e+01
   3.1574210e+06   1.2634277e+01
   3.1574370e+06   1.6723633e+01
   3.1574660e+06   1.3427734e+01
   3.1575270e+06   1.3488770e+01
   3.2011590e+06   1.4282227e+01
   3.2012100e+06   1.4160156e+01
   3.2012600e+06   1.3244629e+01
   3.2012980e+06   1.5014648e+01
   3.2013370e+06   1.4221191e+01
   3.2013810e+06   1.3000488e+01
   3.2014980e+06   1.3793945e+01
   3.2021330e+06   1.3244629e+01
   3.2475200e+06   1.6540527e+01
   3.2475690e+06   1.9226074e+01
   3.2475830e+06   1.6174316e+01
   3.2476160e+06   1.5319824e+01
   3.2477390e+06   1.3061523e+01
   3.2478020e+06   1.5625000e+01
   3.2983680e+06   1.6479492e+01
   3.2984140e+06   1.4343262e+01
   3.2984370e+06   1.2634277e+01
   3.2985030e+06   1.6723633e+01
   3.2985910e+06   1.2756348e+01
   3.2986140e+06   1.3244629e+01
   3.2988950e+06   1.3000488e+01
   3.3545020e+06   1.2939453e+01
   3.3546380e+06   2.1484375e+01
   3.3546520e+06   1.3549805e+01
   3.3546770e+06   1.3916016e+01
   3.3547110e+06   1.3000488e+01
   3.3555000e+06   1.2695313e+01
   3.3630710e+06   1.2268066e+01
   3.3985640e+06   2.5024414e+01
   3.3985920e+06   1.2268066e+01
   3.3986220e+06   1.3854980e+01
   3.3987460e+06   1.2817383e+01
   3.3988620e+06   1.3122559e+01
   3.3990370e+06   1.4282227e+01
   3.4005080e+06   1.3732910e+01
   3.4343960e+06   1.2634277e+01
   3.4399770e+06   1.2451172e+01
   3.4436030e+06   1.2512207e+01
   3.4656800e+06   1.3610840e+01
   3.4717190e+06   1.3488770e+01
   3.4717680e+06   1.7211914e+01
   3.4717870e+06   1.7578125e+01
   3.4718530e+06   1.3732910e+01
   3.4718720e+06   1.2573242e+01
   3.4719160e+06   1.2939453e+01
   3.4719330e+06   1.2329102e+01
   3.4719920e+06   1.3061523e+01
   3.4741480e+06   1.2268066e+01
   3.4904140e+06   1.3244629e+01
   3.5019500e+06   1.2207031e+01
   3.5048110e+06   1.2268066e+01
   3.5259260e+06   1.4770508e+01
   3.5259650e+06   1.3549805e+01
   3.5259820e+06   1.5808105e+01
   3.5260160e+06   2.0141602e+01
   3.5260310e+06   1.2451172e+01
   3.5261880e+06   1.2756348e+01
   3.5266140e+06   1.2390137e+01
   3.5774620e+06   1.2512207e+01
   3.5811400e+06   1.2817383e+01
   3.5836270e+06   1.4465332e+01
   3.5836840e+06   1.2756348e+01
   3.5837100e+06   1.2451172e+01
   3.5837340e+06   1.4892578e+01
   3.5838040e+06   1.5625000e+01
   3.5838410e+06   1.2878418e+01
   3.5838910e+06   1.2756348e+01
   3.5840880e+06   1.2573242e+01
   3.5915580e+06   1.3854980e+01
   3.6254960e+06   1.2329102e+01
   3.6255700e+06   1.4709473e+01
   3.6255940e+06   1.2573242e+01
   3.6256240e+06   1.5625000e+01
   3.6256740e+06   1.9470215e+01
   3.6257730e+06   1.9226074e+01
   3.6399270e+06   1.2695313e+01
   3.6422240e+06   1.3793945e+01
   3.6452010e+06   1.3061523e+01
   3.6487420e+06   1.3244629e+01
   3.6588450e+06   1.2451172e+01
   3.6639080e+06   1.2634277e+01
   3.6688110e+06   1.3427734e+01
   3.6696380e+06   1.3061523e+01
   3.6718920e+06   1.2939453e+01
   3.6728110e+06   1.2207031e+01
   3.6747270e+06   1.3366699e+01
   3.6748030e+06   1.3244629e+01
   3.6748310e+06   1.8493652e+01
   3.6748810e+06   1.3732910e+01
   3.6749810e+06   1.6967773e+01
   3.6758680e+06   1.2390137e+01
   3.6863790e+06   1.4709473e+01
   3.7009950e+06   1.3183594e+01
   3.7023540e+06   1.2878418e+01
   3.7029340e+06   1.2634277e+01
   3.7046690e+06   1.2634277e+01
   3.7070600e+06   1.3610840e+01
   3.7177460e+06   1.4526367e+01
   3.7232090e+06   1.3000488e+01
   3.7278370e+06   1.5808105e+01
   3.7279950e+06   1.3183594e+01
   3.7281420e+06   1.2512207e+01
   3.7296710e+06   1.2878418e+01
   3.7309140e+06   1.2207031e+01
   3.7392590e+06   1.2695313e+01
   3.7469790e+06   1.2268066e+01
   3.7480910e+06   1.2207031e+01
   3.7491430e+06   1.2390137e+01
   3.7522310e+06   1.3427734e+01
   3.7587500e+06   1.2817383e+01
   3.7638180e+06   1.3305664e+01
   3.7642960e+06   1.3793945e+01
   3.7690530e+06   1.3916016e+01
   3.7696950e+06   1.2878418e+01
   3.7732920e+06   1.2329102e+01
   3.7744710e+06   1.3000488e+01
   3.7776460e+06   1.3305664e+01
   3.7784410e+06   1.2695313e+01
   3.7790230e+06   1.2390137e+01
   3.7803740e+06   1.3244629e+01
   3.7867390e+06   1.2329102e+01
   3.7872960e+06   1.2756348e+01
   3.7904990e+06   1.2451172e+01
   3.7988950e+06   1.2878418e+01
   3.8003790e+06   1.2329102e+01
   3.8012470e+06   1.2451172e+01
   3.8033920e+06   1.2329102e+01
   3.8034430e+06   1.2573242e+01
   3.8035350e+06   1.3000488e+01
   3.8037880e+06   1.4465332e+01
   3.8039240e+06   1.3244629e+01
   3.8044200e+06   1.2329102e+01
   3.8063440e+06   1.2756348e+01
   3.8084940e+06   1.2207031e+01
   3.8101040e+06   1.2817383e+01
   3.8159460e+06   1.3122559e+01
   3.8165030e+06   1.2451172e+01
   3.8168620e+06   1.3244629e+01
   3.8222470e+06   1.3732910e+01
   3.8238630e+06   1.2329102e+01
   3.8305250e+06   1.2939453e+01
   3.8346490e+06   1.3916016e+01
   3.8390290e+06   1.2817383e+01
   3.8454720e+06   1.3793945e+01
   3.8498750e+06   1.2817383e+01
   3.8526230e+06   1.2268066e+01
   3.8534350e+06   1.3183594e+01
   3.8555130e+06   1.3305664e+01
   3.8649700e+06   1.2512207e+01
   3.8772840e+06   1.2207031e+01
   3.8823860e+06   1.2268066e+01
   3.8851180e+06   1.3244629e+01
   3.8857800e+06   1.2329102e+01
   3.8871680e+06   1.2329102e+01
   3.8926450e+06   1.3305664e+01
   3.8968050e+06   1.3183594e+01
   3.9014880e+06   1.2756348e+01
   3.9022270e+06   1.2451172e+01
   3.9030170e+06   1.3610840e+01
   3.9061010e+06   1.2817383e+01
   3.9126020e+06   1.2207031e+01
   3.9130980e+06   1.4038086e+01
   3.9131430e+06   1.4831543e+01
   3.9142420e+06   1.2268066e+01
   3.9153750e+06   1.3000488e+01
   3.9222620e+06   1.2512207e+01
   3.9364930e+06   1.2939453e+01
   3.9375340e+06   1.2512207e+01
   3.9408130e+06   1.2268066e+01
   3.9617630e+06   1.4953613e+01
   3.9623990e+06   1.2756348e+01
   3.9699390e+06   1.2756348e+01
   3.9927100e+06   1.2512207e+01
   3.9940130e+06   1.3061523e+01
   3.9994200e+06   1.2451172e+01
   4.0009450e+06   1.2817383e+01
   4.0012150e+06   1.3244629e+01
   4.0018180e+06   1.2634277e+01
   4.0051390e+06   1.3000488e+01
   4.0072510e+06   1.2268066e+01
   4.0201290e+06   1.2329102e+01
   4.0376290e+06   1.5441895e+01
   4.0499940e+06   1.2268066e+01
   4.0517800e+06   1.2329102e+01
   4.0525740e+06   1.2451172e+01
   4.0786020e+06   1.3183594e+01
   4.0836430e+06   1.3122559e+01
   4.0839240e+06   1.3366699e+01
   4.0844620e+06   1.3549805e+01
   4.0856400e+06   1.2817383e+01
   4.0867690e+06   1.3732910e+01
   4.0869860e+06   1.2573242e+01
   4.0921640e+06   1.2451172e+01
   4.1371420e+06   1.4221191e+01
   4.1507320e+06   1.2207031e+01
   4.1820200e+06   1.2390137e+01
   4.1822410e+06   1.3671875e+01
   4.1826980e+06   1.3183594e+01
   4.1832420e+06   1.2634277e+01
   4.2642360e+06   1.3122559e+01
   4.2699910e+06   1.2756348e+01
   4.2703100e+06   1.3916016e+01
   4.2706890e+06   1.3916016e+01
   4.2716270e+06   1.2939453e+01
   4.2722150e+06   1.3549805e+01
   4.2731680e+06   1.2329102e+01
   4.2735250e+06   1.2207031e+01
   4.3755080e+06   1.3793945e+01
   4.3756840e+06   1.6174316e+01
   4.4293100e+06   1.4038086e+01
   4.5035620e+06   1.2512207e+01
   4.5428620e+06   1.2695313e+01
   4.5428820e+06   1.4038086e+01
   4.5429030e+06   2.3498535e+01
   4.5429570e+06   1.4221191e+01
   4.5429830e+06   1.5502930e+01
   4.5430370e+06   1.6113281e+01
   4.6333480e+06   1.3854980e+01
   4.6334200e+06   1.2512207e+01
   4.6334490e+06   1.8005371e+01
   4.6334780e+06   1.3122559e+01
   4.6335040e+06   1.3061523e+01
   4.6335470e+06   1.7639160e+01
   4.6336340e+06   1.3549805e+01
   4.6413040e+06   1.2512207e+01
   4.6583240e+06   1.3244629e+01
   4.6593150e+06   1.2512207e+01
   4.6823330e+06   1.2268066e+01
   4.6899140e+06   1.2207031e+01
   4.7044180e+06   1.2878418e+01
   4.7045490e+06   1.4648438e+01
   4.7045720e+06   1.6906738e+01
   4.7046270e+06   1.7028809e+01
   4.7047100e+06   1.4648438e+01
   4.7047380e+06   1.5991211e+01
   4.7048610e+06   1.2634277e+01
   4.7188250e+06   1.2939453e+01
   4.7335180e+06   1.3305664e+01
   4.7522810e+06   1.2939453e+01
   4.7588710e+06   1.2329102e+01
   4.7862010e+06   1.3061523e+01
   4.7991810e+06   1.5380859e+01
   4.7992280e+06   1.2329102e+01
   4.7992640e+06   1.6784668e+01
   4.8100410e+06   1.4160156e+01
   4.8164130e+06   1.3610840e+01
   4.8172240e+06   1.3000488e+01
   4.8273030e+06   1.2207031e+01
   4.8283270e+06   1.3244629e+01
   4.8378010e+06   1.2634277e+01
   4.8391160e+06   1.2207031e+01
   4.8423010e+06   1.3244629e+01
   4.8473160e+06   1.2512207e+01
   4.8560950e+06   1.3732910e+01
   4.8582330e+06   1.3244629e+01
   4.8583460e+06   1.2268066e+01
   4.8583930e+06   1.2268066e+01
   4.8585240e+06   1.3488770e+01
   4.8818790e+06   1.2329102e+01
   4.9039450e+06   1.4099121e+01
   4.9047530e+06   1.8188477e+01
   4.9047850e+06   1.3244629e+01
   4.9048240e+06   2.0202637e+01
   4.9048820e+06   1.8554688e+01
   4.9049010e+06   1.2207031e+01
   4.9049490e+06   1.3000488e+01
   4.9096700e+06   1.3549805e+01
   4.9148670e+06   1.3366699e+01
   4.9278620e+06   1.2573242e+01
   4.9323220e+06   1.3732910e+01
   4.9361760e+06   1.3305664e+01
   4.9372760e+06   1.3122559e+01
   4.9432020e+06   1.2939453e+01
   4.9470980e+06   1.2207031e+01
   4.9542620e+06   1.2939453e+01
   4.9554050e+06   1.3000488e+01
   4.9571380e+06   1.3244629e+01
   4.9615990e+06   1.3183594e+01
   4.9722720e+06   1.2573242e+01
   4.9822610e+06   1.2207031e+01
   4.9842700e+06   1.2451172e+01
   4.9882530e+06   1.2512207e+01
   4.9892320e+06   1.2756348e+01
   5.0016250e+06   1.2268066e+01
   5.0037620e+06   1.2573242e+01
   5.0038320e+06   1.3183594e+01
   5.0038520e+06   1.3977051e+01
   5.0038790e+06   1.2573242e+01
   5.0038960e+06   1.4404297e+01
   5.0039220e+06   2.0019531e+01
   5.0039490e+06   1.3488770e+01
   5.0039660e+06   1.3183594e+01
   5.0293600e+06   1.3671875e+01
   5.0412260e+06   1.2329102e+01
   5.0652610e+06   1.2451172e+01
   5.0760160e+06   1.3793945e+01
   5.0760550e+06   1.3549805e+01
   5.0760800e+06   2.0751953e+01
   5.0761340e+06   1.3061523e+01
   5.0761560e+06   1.2268066e+01
   5.0761830e+06   1.6174316e+01
   5.0879540e+06   1.2756348e+01
   5.0960030e+06   1.2451172e+01
   5.0964860e+06   1.2939453e+01
   5.1092310e+06   1.2451172e+01
   5.1121970e+06   1.3427734e+01
   5.1197910e+06   1.2634277e+01
   5.1400740e+06   1.5991211e+01
   5.1401370e+06   1.2939453e+01
   5.1401550e+06   1.3610840e+01
   5.1402340e+06   1.5258789e+01
   5.1402640e+06   1.3488770e+01
   5.1424820e+06   1.2756348e+01
   5.1527080e+06   1.5930176e+01
   5.1544410e+06   1.2878418e+01
   5.1877320e+06   1.3549805e+01
   5.2157480e+06   1.5258789e+01
   5.2157900e+06   1.6235352e+01
   5.2158360e+06   1.6662598e+01
   5.2158800e+06   1.5380859e+01
   5.2159610e+06   1.3488770e+01
   5.2159800e+06   1.5563965e+01
   5.2916180e+06   1.2268066e+01
   5.3002200e+06   1.2634277e+01
   5.3003350e+06   1.2268066e+01
   5.3005200e+06   1.2817383e+01
   5.3005520e+06   1.2451172e+01
   5.3008210e+06   1.3000488e+01
   5.3012060e+06   1.3610840e+01
   5.3474050e+06   1.3916016e+01
   5.3757980e+06   1.2878418e+01
   5.3773820e+06   1.5747070e+01
   5.4100390e+06   1.2329102e+01
   5.4328390e+06   1.3122559e+01
   5.4541290e+06   1.3000488e+01
   5.5904180e+06   1.2634277e+01
   5.6954690e+06   1.2939453e+01
   5.6955620e+06   1.2573242e+01
   5.7133960e+06   1.3610840e+01
   5.8057710e+06   1.4160156e+01
   5.8370840e+06   1.2512207e+01
   5.8373850e+06   1.3000488e+01
   5.8663990e+06   1.4160156e+01
   5.9756190e+06   1.3000488e+01
   6.0503920e+06   1.2268066e+01
   6.0508140e+06   1.2939453e+01
   6.1013340e+06   1.3183594e+01
   6.1013920e+06   1.4648437e+01
   6.1014040e+06   1.5441895e+01
   6.1014460e+06   1.5502930e+01
   6.1014930e+06   2.3132324e+01
   6.1831790e+06   1.2512207e+01
   6.1833690e+06   1.5014648e+01
   6.1833910e+06   1.2573242e+01
   6.1834310e+06   1.3671875e+01
   6.1834950e+06   1.2390137e+01
   6.1835240e+06   1.5319824e+01
   6.1837080e+06   1.4709473e+01
   6.2585140e+06   1.6052246e+01
   6.2585620e+06   1.4465332e+01
   6.2586000e+06   1.7333984e+01
   6.3488840e+06   1.2390137e+01
   6.3489410e+06   1.8127441e+01
   6.3490020e+06   1.2451172e+01
   6.4023150e+06   1.3122559e+01
   6.4023500e+06   1.4770508e+01
   6.4023650e+06   1.4953613e+01
   6.4024390e+06   1.2573242e+01
   6.4024620e+06   1.4160156e+01
   6.4069990e+06   1.2268066e+01
   6.4126760e+06   1.5563965e+01
   6.4127160e+06   1.4709473e+01
   6.4127440e+06   1.3488770e+01
   6.4129740e+06   1.2695313e+01
   6.4132070e+06   1.3000488e+01
   6.4799590e+06   1.9897461e+01
   6.4799900e+06   1.5319824e+01
   6.4800220e+06   2.1240234e+01
   6.4800760e+06   1.2939453e+01
   6.4800890e+06   1.3793945e+01
   6.4801120e+06   1.2512207e+01
   6.5357780e+06   1.4221191e+01
   6.5357890e+06   1.4343262e+01
   6.5358020e+06   1.4038086e+01
   6.5358170e+06   1.6052246e+01
   6.5358370e+06   1.3000488e+01
   6.5358610e+06   1.6235352e+01
   6.5359130e+06   1.2634277e+01
   6.5359470e+06   1.3671875e+01
   6.5360240e+06   1.2817383e+01
   6.5909810e+06   1.2329102e+01
   6.5910390e+06   1.3244629e+01
   6.5910780e+06   1.2329102e+01
   6.5912070e+06   1.4099121e+01
   6.6615090e+06   1.4526367e+01
   6.6615460e+06   1.5747070e+01
   6.6616320e+06   1.2939453e+01
   6.7509620e+06   1.3122559e+01
   6.7510070e+06   1.4465332e+01
   6.7510220e+06   1.3549805e+01
   6.7510450e+06   1.7211914e+01
   6.7510880e+06   1.3732910e+01
   6.7511160e+06   1.3244629e+01
   6.8177290e+06   1.9165039e+01
   6.8177650e+06   1.2695313e+01
   6.8178070e+06   1.3183594e+01
   6.8178520e+06   1.4343262e+01
   6.8798860e+06   1.2695313e+01
   6.8802260e+06   1.5991211e+01
   6.9003940e+06   1.2390137e+01
   6.9335930e+06   1.2939453e+01
   6.9336280e+06   1.2695313e+01
   7.0248580e+06   1.3366699e+01
   7.2359440e+06   1.2756348e+01
   7.2397720e+06   1.2329102e+01
   7.2785250e+06   1.2695313e+01
   7.2886610e+06   1.4892578e+01
   7.3102940e+06   1.2329102e+01
   7.3116720e+06   1.3000488e+01
   7.3932960e+06   1.3977051e+01
   7.3933770e+06   1.2878418e+01
   7.4523710e+06   1.3122559e+01
   7.4539830e+06   1.2390137e+01
   7.4984240e+06   1.3916016e+01
   7.5138260e+06   1.2451172e+01
   7.5482710e+06   1.3610840e+01
   7.5493510e+06   1.2512207e+01
   7.5498960e+06   1.2512207e+01
   7.6335670e+06   1.2817383e+01
   7.7350890e+06   1.5441895e+01
   7.7358490e+06   1.3366699e+01
   7.8093720e+06   1.4343262e+01
   7.8094150e+06   1.3488770e+01
   7.8094880e+06   1.6174316e+01
   7.8095010e+06   1.2145996e+01
   7.8625250e+06   1.2756348e+01
   7.8625390e+06   1.5197754e+01
   7.8625770e+06   1.2817383e+01
   7.8625900e+06   1.3000488e+01
   7.8626240e+06   1.7211914e+01
   7.8626440e+06   1.6235352e+01
   7.8626800e+06   1.4404297e+01
   7.8628740e+06   1.2939453e+01
   7.8629200e+06   1.4831543e+01
   7.8633330e+06   1.3854980e+01
   7.9116280e+06   1.2634277e+01
   7.9117060e+06   1.3000488e+01
   7.9117180e+06   1.6479492e+01
   7.9117360e+06   1.2451172e+01
   7.9117640e+06   1.7944336e+01
   7.9118030e+06   1.3610840e+01
   7.9118360e+06   1.3732910e+01
   7.9118660e+06   1.3122559e+01
   7.9120170e+06   1.4465332e+01
   7.9125210e+06   1.3488770e+01
   7.9303910e+06   1.3793945e+01
   7.9305170e+06   1.2878418e+01
   7.9305330e+06   1.4343262e+01
   7.9305450e+06   1.3366699e+01
   7.9309190e+06   1.2512207e+01
   7.9438520e+06   1.2145996e+01
   7.9439640e+06   1.3183594e+01
   7.9439800e+06   1.5502930e+01
   7.9440810e+06   1.3427734e+01
   7.9441040e+06   1.4221191e+01
   7.9448000e+06   1.2756348e+01
   7.9562250e+06   1.9409180e+01
   7.9562470e+06   1.3366699e+01
   7.9562720e+06   1.3732910e+01
   7.9563240e+06   1.2451172e+01
   7.9564020e+06   1.2756348e+01
   7.9676350e+06   1.5991211e+01
   7.9676550e+06   1.2634277e+01
   7.9676770e+06   1.4221191e+01
   7.9676990e+06   1.3671875e+01
   7.9677380e+06   1.2512207e+01
   7.9677550e+06   1.3122559e+01
   7.9678950e+06   1.3122559e+01
   8.1810540e+06   1.4831543e+01
   8.1810680e+06   1.4099121e+01
   8.1811610e+06   1.2390137e+01
   8.1811960e+06   1.4343262e+01
   8.1812820e+06   1.2145996e+01
   8.2488360e+06   1.3977051e+01
   8.2488740e+06   1.3793945e+01
   8.2489050e+06   1.4465332e+01
   8.2489270e+06   1.2939453e+01
   8.2489650e+06   1.2634277e+01
   8.2489850e+06   1.2207031e+01
   8.3094570e+06   2.0629883e+01
   8.3094940e+06   2.0202637e+01
   8.3095040e+06   1.6906738e+01
   8.3095940e+06   1.4770508e+01
   8.3648010e+06   1.6174316e+01
   8.3648630e+06   2.2033691e+01
   8.3649290e+06   1.3122559e+01
   8.3649710e+06   1.3977051e+01
   8.3650250e+06   1.2695313e+01
   8.3650580e+06   1.3366699e+01
   8.4576590e+06   1.3732910e+01
   8.4577060e+06   1.2817383e+01
   8.4577620e+06   1.3854980e+01
   8.4577770e+06   1.4038086e+01
   8.4578870e+06   1.4282227e+01
   8.4578980e+06   1.2451172e+01
   8.4579760e+06   1.4221191e+01
   8.4773460e+06   1.2878418e+01
   8.5533960e+06   1.2329102e+01
   8.5536400e+06   1.5380859e+01
   8.7284080e+06   1.2390137e+01
   8.8584250e+06   1.3366699e+01
   8.8586180e+06   1.2817383e+01
   8.9072750e+06   1.3305664e+01
   8.9963800e+06   1.4770508e+01
   9.0992340e+06   1.2573242e+01
   9.1218280e+06   1.3000488e+01
   9.2217820e+06   1.2512207e+01
   9.3867990e+06   1.5441895e+01
   9.3868780e+06   1.2145996e+01
   9.3869410e+06   1.2695313e+01
   9.3869680e+06   1.4465332e+01
   9.3870570e+06   1.3305664e+01
   9.4710060e+06   1.2512207e+01
   9.4710550e+06   1.6052246e+01
   9.4710850e+06   1.3732910e+01
   9.4711080e+06   1.8737793e+01
   9.4711250e+06   1.6113281e+01
   9.4711460e+06   1.5747070e+01
   9.4712550e+06   1.4770508e+01
   9.4716090e+06   1.2145996e+01
   9.4716640e+06   1.2390137e+01
   9.5164410e+06   1.3061523e+01
   9.5393680e+06   1.5380859e+01
   9.5394020e+06   1.3061523e+01
   9.5394640e+06   1.8127441e+01
   9.5395150e+06   1.4221191e+01
   9.5395460e+06   1.2634277e+01
   9.5395790e+06   1.2145996e+01
   9.5396060e+06   1.2573242e+01
   9.5396720e+06   1.4770508e+01
   9.6158490e+06   1.2390137e+01
   9.6158820e+06   1.2756348e+01
   9.6160350e+06   1.3549805e+01
   9.6161090e+06   1.2695313e+01
   9.6220600e+06   1.2512207e+01
   9.6223920e+06   1.3122559e+01
   9.6224220e+06   1.3732910e+01
   9.6225440e+06   1.2573242e+01
   9.6226280e+06   1.3000488e+01
   9.6229420e+06   1.2023926e+01
   9.6230990e+06   1.2023926e+01
   9.6932750e+06   1.7272949e+01
   9.6933170e+06   1.7517090e+01
   9.6933390e+06   1.3244629e+01
   9.6933800e+06   1.2939453e+01
   9.6934070e+06   1.2512207e+01
   9.6934270e+06   1.4465332e+01
   9.6935320e+06   1.3671875e+01
   9.6936410e+06   1.1962891e+01
   9.8035210e+06   1.6479492e+01
   9.8035610e+06   2.0690918e+01
   9.8035840e+06   1.3305664e+01
   9.8035940e+06   1.5747070e+01
   9.8036350e+06   1.2817383e+01
   9.8036980e+06   1.3549805e+01
   9.8037230e+06   1.2390137e+01
   9.8037420e+06   1.2573242e+01
   9.9360470e+06   1.4160156e+01
   9.9360760e+06   1.3732910e+01
   9.9360870e+06   1.5319824e+01
   9.9361680e+06   1.2268066e+01
   9.9362360e+06   1.5747070e+01
   9.9368500e+06   1.2084961e+01
   1.0032036e+07   1.3183594e+01
   1.0040747e+07   1.2573242e+01
   1.0040778e+07   1.5930176e+01
   1.0040824e+07   1.2145996e+01
   1.0040924e+07   1.2390137e+01
   1.0041321e+07   1.2084961e+01
   1.0099205e+07   1.4892578e+01
   1.0099219e+07   1.6174316e+01
   1.0099262e+07   1.4099121e+01
   1.0099300e+07   1.2573242e+01
   1.0099447e+07   1.5258789e+01
   1.0187948e+07   1.4404297e+01
   1.0188016e+07   1.4160156e+01
   1.0188050e+07   1.5014648e+01
   1.0188084e+07   1.2756348e+01
   1.0188115e+07   1.6235352e+01
   1.0308158e+07   1.1962891e+01
   1.0308291e+07   1.2268066e+01
   1.0308340e+07   1.3244629e+01
   1.0511999e+07   1.3854980e+01
   1.0547998e+07   1.2695313e+01
   1.0606737e+07   1.2145996e+01
   1.0672168e+07   1.2145996e+01
   1.0733454e+07   1.2939453e+01
   1.0789779e+07   1.2023926e+01
   1.0930819e+07   1.4770508e+01
   1.0984912e+07   1.3977051e+01
   1.0989469e+07   1.2512207e+01
   1.1018607e+07   1.1962891e+01
   1.1068165e+07   1.5991211e+01
   1.1068197e+07   1.3854980e+01
   1.1068233e+07   1.4099121e+01
   1.1068267e+07   1.2207031e+01
   1.1068288e+07   1.5991211e+01
   1.1068335e+07   1.3793945e+01
   1.1068539e+07   1.2084961e+01
   1.1094662e+07   1.2329102e+01
   1.1156326e+07   1.4343262e+01
   1.1156425e+07   1.2207031e+01
   1.1156476e+07   1.4404297e+01
   1.1156496e+07   1.4282227e+01
   1.1156582e+07   1.4648438e+01
   1.1156660e+07   1.6418457e+01
   1.1156691e+07   1.6967773e+01
   1.1157187e+07   1.2756348e+01
   1.1278579e+07   1.2817383e+01
   1.1278629e+07   1.3549805e+01
   1.1278651e+07   1.8371582e+01
   1.1278687e+07   1.3244629e+01
   1.1278723e+07   1.6296387e+01
   1.1278743e+07   1.2573242e+01
   1.1320970e+07   1.2207031e+01
   1.1329607e+07   1.2878418e+01
   1.1329636e+07   1.6296387e+01
   1.1329660e+07   1.7700195e+01
   1.1329680e+07   1.5014648e+01
   1.1329822e+07   1.2756348e+01
   1.1336394e+07   1.1962891e+01
   1.1336719e+07   1.2634277e+01
   1.1350435e+07   1.2390137e+01
   1.1350460e+07   1.2145996e+01
   1.1350474e+07   1.7150879e+01
   1.1350540e+07   1.6662598e+01
   1.1350699e+07   1.2023926e+01
   1.1362262e+07   1.2634277e+01
   1.1362309e+07   1.3000488e+01
   1.1362334e+07   1.8859863e+01
   1.1362379e+07   1.2756348e+01
   1.1362405e+07   1.3000488e+01
   1.1362484e+07   1.2023926e+01
   1.1373514e+07   1.2023926e+01
   1.1373541e+07   1.3244629e+01
   1.1373591e+07   1.3732910e+01
   1.1373606e+07   1.4160156e+01
   1.1373657e+07   1.3366699e+01
   1.1373671e+07   1.2878418e+01
   1.1373699e+07   1.2573242e+01
   1.1388901e+07   1.3427734e+01
   1.1388979e+07   1.7822266e+01
   1.1389020e+07   1.6357422e+01
   1.1389045e+07   1.2695313e+01
   1.1389214e+07   1.4465332e+01
   1.1532680e+07   1.5502930e+01
   1.1532702e+07   1.7761230e+01
   1.1532774e+07   1.2878418e+01
   1.1532825e+07   1.2084961e+01
   1.1533179e+07   1.1962891e+01
   1.1675524e+07   1.2268066e+01
   1.1719349e+07   1.3427734e+01
   1.1719390e+07   1.2634277e+01
   1.1719472e+07   1.6418457e+01
   1.1719524e+07   1.5014648e+01
   1.1719586e+07   1.2207031e+01
   1.1792566e+07   1.2451172e+01
   1.1792590e+07   1.2451172e+01
