   1.1999000e+07   0.0000000e+00
   9.3560000e+03   1.2023926e+01
   9.4240000e+03   1.2756348e+01
   9.4640000e+03   1.6235352e+01
   9.5070000e+03   1.4343262e+01
   9.5470000e+03   1.4221191e+01
   9.5790000e+03   1.3549805e+01
   9.6120000e+03   1.1718750e+01
   9.6290000e+03   1.3244629e+01
   9.6550000e+03   1.2207031e+01
   1.1897800e+05   1.1901855e+01
   1.1901600e+05   1.2023926e+01
   1.1903000e+05   1.2390137e+01
   1.1910200e+05   1.6052246e+01
   1.1914300e+05   1.3732910e+01
   1.1962900e+05   1.3122559e+01
   2.4361500e+05   1.2390137e+01
   3.7587400e+05   1.1657715e+01
   4.2108800e+05   1.3122559e+01
   4.2395900e+05   1.1657715e+01
   4.6030700e+05   1.2084961e+01
   4.6107500e+05   1.2634277e+01
   4.9264100e+05   1.2084961e+01
   5.4672900e+05   1.1962891e+01
   6.0762900e+05   1.1657715e+01
   6.8179600e+05   1.1718750e+01
   6.8256300e+05   1.3366699e+01
   7.4647700e+05   1.6540527e+01
   7.8016600e+05   1.4099121e+01
   7.8164400e+05   1.2084961e+01
   8.7095500e+05   1.1840820e+01
   9.9887900e+05   1.2268066e+01
   9.9892600e+05   1.2756348e+01
   9.9894300e+05   1.6723633e+01
   9.9897300e+05   1.3610840e+01
   9.9900100e+05   1.2939453e+01
   9.9903800e+05   1.4465332e+01
   9.9905600e+05   1.3854980e+01
   9.9932100e+05   1.1901855e+01
   9.9995600e+05   1.1718750e+01
   1.0117270e+06   1.2145996e+01
   1.0117580e+06   1.3183594e+01
   1.0117680e+06   1.2695313e+01
   1.0118200e+06   1.4892578e+01
   1.0118330e+06   1.7639160e+01
   1.0118540e+06   1.7578125e+01
   1.0118760e+06   1.4709473e+01
   1.0128270e+06   1.2390137e+01
   1.0299420e+06   1.2207031e+01
   1.0299570e+06   1.6052246e+01
   1.0299870e+06   1.5258789e+01
   1.0300720e+06   1.6845703e+01
   1.0301210e+06   1.2451172e+01
   1.0317740e+06   1.3061523e+01
   1.0667770e+06   1.3488770e+01
   1.0668330e+06   1.2634277e+01
   1.0668830e+06   2.1911621e+01
   1.0669100e+06   1.6235352e+01
   1.0669200e+06   1.4648438e+01
   1.0669460e+06   1.3427734e+01
   1.0669650e+06   1.2512207e+01
   1.0670050e+06   1.3488770e+01
   1.0670200e+06   1.3854980e+01
   1.0683880e+06   1.1657715e+01
   1.0730140e+06   1.2023926e+01
   1.2025820e+06   2.5390625e+01
   1.2026020e+06   1.2817383e+01
   1.2026240e+06   1.1779785e+01
   1.2026450e+06   1.7333984e+01
   1.2027380e+06   1.2512207e+01
   1.2810410e+06   1.9775391e+01
   1.2810630e+06   1.3793945e+01
   1.2810880e+06   1.3244629e+01
   1.2811080e+06   1.4160156e+01
   1.2811550e+06   1.3244629e+01
   1.3569640e+06   1.3977051e+01
   1.3570140e+06   1.1962891e+01
   1.3570370e+06   1.6174316e+01
   1.3570480e+06   1.1657715e+01
   1.3570770e+06   1.3305664e+01
   1.3571300e+06   1.2817383e+01
   1.3572320e+06   1.2512207e+01
   1.3573020e+06   1.1901855e+01
   1.3828340e+06   1.1901855e+01
   1.3831410e+06   1.3977051e+01
   1.4087340e+06   1.2451172e+01
   1.6692820e+06   1.2512207e+01
   1.7443100e+06   1.1901855e+01
   1.7443660e+06   1.2329102e+01
   1.7443850e+06   1.1962891e+01
   1.7444120e+06   1.5319824e+01
   1.7444310e+06   1.3916016e+01
   1.7444620e+06   1.2207031e+01
   1.7444850e+06   1.3671875e+01
   1.7445190e+06   1.2023926e+01
   1.7445520e+06   1.2084961e+01
   1.7814430e+06   1.2817383e+01
   1.7814730e+06   1.2145996e+01
   1.7814850e+06   1.7395020e+01
   1.7814980e+06   1.4160156e+01
   1.7815360e+06   1.1779785e+01
   1.7815630e+06   1.2207031e+01
   1.7815790e+06   1.2451172e+01
   1.7816410e+06   1.2939453e+01
   1.7816910e+06   1.1779785e+01
   1.7819170e+06   1.1901855e+01
   1.7835860e+06   1.3061523e+01
   1.7842300e+06   1.2207031e+01
   1.7967930e+06   1.6723633e+01
   1.7968470e+06   1.2329102e+01
   1.7968650e+06   1.9348145e+01
   1.7968850e+06   1.5625000e+01
   1.7970290e+06   1.4282227e+01
   1.8011510e+06   1.2695313e+01
   1.8019580e+06   1.1840820e+01
   1.8019970e+06   1.2268066e+01
   1.8109250e+06   1.2451172e+01
   1.8109740e+06   1.6540527e+01
   1.8110210e+06   1.3610840e+01
   1.8110710e+06   1.5197754e+01
   1.8221480e+06   1.4648438e+01
   1.8221710e+06   1.4892578e+01
   1.8222200e+06   1.5014648e+01
   1.8222480e+06   1.5686035e+01
   1.8222700e+06   1.4099121e+01
   1.8251110e+06   1.2207031e+01
   1.9078400e+06   1.5686035e+01
   1.9078530e+06   1.4526367e+01
   1.9078810e+06   1.7150879e+01
   1.9079290e+06   1.2084961e+01
   1.9079560e+06   1.3916016e+01
   1.9079860e+06   1.2329102e+01
   1.9766160e+06   1.3061523e+01
   1.9766540e+06   1.4770508e+01
   1.9766680e+06   1.3000488e+01
   1.9767050e+06   1.3610840e+01
   1.9767430e+06   1.7578125e+01
   1.9767830e+06   1.4465332e+01
   1.9768020e+06   1.1657715e+01
   1.9768360e+06   1.2084961e+01
   2.0308180e+06   1.2023926e+01
   2.0308640e+06   1.6845703e+01
   2.0308860e+06   1.2817383e+01
   2.0309200e+06   1.2634277e+01
   2.0309330e+06   1.4953613e+01
   2.0309760e+06   1.5441895e+01
   2.0310030e+06   1.3061523e+01
   2.0311440e+06   1.3000488e+01
   2.1153600e+06   1.3610840e+01
   2.1154000e+06   1.1901855e+01
   2.1154240e+06   1.3488770e+01
   2.1154700e+06   1.1962891e+01
   2.1155150e+06   1.2329102e+01
   2.1156080e+06   1.3061523e+01
   2.1559910e+06   1.1657715e+01
   2.1913360e+06   1.2329102e+01
   2.2556570e+06   1.1901855e+01
   2.3571880e+06   1.2756348e+01
   2.4111390e+06   1.2207031e+01
   2.4157770e+06   1.1840820e+01
   2.5378680e+06   1.5380859e+01
   2.5379180e+06   1.2939453e+01
   2.5379410e+06   1.3000488e+01
   2.5379700e+06   1.6784668e+01
   2.5379880e+06   1.7761230e+01
   2.5380170e+06   1.4526367e+01
   2.5380470e+06   1.3366699e+01
   2.5381760e+06   1.2023926e+01
   2.5689700e+06   1.1657715e+01
   2.5693410e+06   1.3916016e+01
   2.5694000e+06   1.2390137e+01
   2.5694350e+06   1.3977051e+01
   2.5694900e+06   1.7517090e+01
   2.5695130e+06   1.5075684e+01
   2.5695440e+06   1.1657715e+01
   2.5695700e+06   1.6113281e+01
   2.5701410e+06   1.2451172e+01
   2.6071980e+06   1.1718750e+01
   2.6072300e+06   1.4831543e+01
   2.6072920e+06   1.6479492e+01
   2.6073190e+06   1.5075684e+01
   2.6073400e+06   1.4160156e+01
   2.6073610e+06   1.2268066e+01
   2.6917410e+06   1.3000488e+01
   2.6918460e+06   1.2207031e+01
   2.6918790e+06   2.9235840e+01
   2.6919030e+06   1.6784668e+01
   2.6920750e+06   1.3916016e+01
   2.7951400e+06   1.2878418e+01
   2.7952010e+06   1.7639160e+01
   2.7952600e+06   1.3671875e+01
   2.7953090e+06   1.5197754e+01
   2.7954370e+06   1.2207031e+01
   2.9215510e+06   1.2207031e+01
   2.9305920e+06   1.3183594e+01
   2.9306450e+06   1.4526367e+01
   3.0000950e+06   1.2145996e+01
   3.0562020e+06   1.1840820e+01
   3.0596220e+06   1.1840820e+01
   3.0782890e+06   1.5258789e+01
   3.0783440e+06   1.4953613e+01
   3.0783830e+06   1.8798828e+01
   3.0784170e+06   1.2756348e+01
   3.0784410e+06   1.3854980e+01
   3.0784970e+06   1.5991211e+01
   3.0785680e+06   1.3061523e+01
   3.0979680e+06   1.3366699e+01
   3.0980940e+06   1.2145996e+01
   3.0986260e+06   1.1901855e+01
   3.0989590e+06   1.2023926e+01
   3.1572430e+06   1.3427734e+01
   3.1572900e+06   1.1657715e+01
   3.1573000e+06   1.7944336e+01
   3.1573270e+06   1.3000488e+01
   3.1573510e+06   1.8798828e+01
   3.1573650e+06   1.3244629e+01
   3.1574100e+06   1.6479492e+01
   3.1574490e+06   1.2878418e+01
   3.1576360e+06   1.1840820e+01
   3.1577930e+06   1.2878418e+01
   3.2014090e+06   1.5441895e+01
   3.2014670e+06   1.1779785e+01
   3.2014780e+06   1.9409180e+01
   3.2015320e+06   1.8371582e+01
   3.2015560e+06   1.3549805e+01
   3.2016180e+06   1.2023926e+01
   3.2475720e+06   1.2390137e+01
   3.2475880e+06   1.2695313e+01
   3.2476170e+06   2.1850586e+01
   3.2476610e+06   1.2634277e+01
   3.2476710e+06   1.4526367e+01
   3.2478300e+06   1.1962891e+01
   3.2480200e+06   1.3000488e+01
   3.2481940e+06   1.5808105e+01
   3.2984020e+06   1.8676758e+01
   3.2984470e+06   1.1779785e+01
   3.2984680e+06   1.1901855e+01
   3.2984860e+06   1.2695313e+01
   3.2985230e+06   1.5869141e+01
   3.2986020e+06   1.2268066e+01
   3.3547140e+06   1.2268066e+01
   3.3547510e+06   1.2756348e+01
   3.3547700e+06   1.1901855e+01
   3.3547840e+06   1.7272949e+01
   3.3548090e+06   1.2451172e+01
   3.3548480e+06   1.1901855e+01
   3.3549870e+06   1.2084961e+01
   3.3553070e+06   1.1840820e+01
   3.3983790e+06   1.1718750e+01
   3.3984170e+06   1.5747070e+01
   3.3984420e+06   1.1657715e+01
   3.3984740e+06   1.5258789e+01
   3.3984960e+06   1.1901855e+01
   3.3985300e+06   1.2817383e+01
   3.3985800e+06   1.1718750e+01
   3.3996430e+06   1.2634277e+01
   3.3999360e+06   1.1657715e+01
   3.4716600e+06   1.4465332e+01
   3.4717190e+06   1.1657715e+01
   3.4717470e+06   1.3061523e+01
   3.4717710e+06   1.5441895e+01
   3.4718260e+06   1.2573242e+01
   3.4718410e+06   1.2329102e+01
   3.4734750e+06   1.1779785e+01
   3.5258630e+06   1.2512207e+01
   3.5259040e+06   1.2329102e+01
   3.5259270e+06   1.4221191e+01
   3.5259640e+06   1.7028809e+01
   3.5260070e+06   1.2695313e+01
   3.5268050e+06   1.2084961e+01
   3.5836960e+06   1.2207031e+01
   3.5837150e+06   1.7578125e+01
   3.5837330e+06   1.4038086e+01
   3.5837540e+06   1.4648438e+01
   3.5837750e+06   1.7944336e+01
   3.5838030e+06   1.1962891e+01
   3.5839240e+06   1.2817383e+01
   3.6257750e+06   1.3122559e+01
   3.6258070e+06   1.4953613e+01
   3.6258250e+06   1.8737793e+01
   3.6258500e+06   1.4221191e+01
   3.6258870e+06   1.5991211e+01
   3.6259130e+06   1.2939453e+01
   3.6750640e+06   1.3732910e+01
   3.6750920e+06   1.5197754e+01
   3.6751030e+06   1.9409180e+01
   3.6751430e+06   1.6601563e+01
   3.6751750e+06   1.2390137e+01
   3.6752090e+06   1.2573242e+01
   3.6766990e+06   1.2084961e+01
   3.7278240e+06   1.6357422e+01
   3.7278460e+06   1.5441895e+01
   3.7278640e+06   1.3854980e+01
   3.7278830e+06   1.4160156e+01
   3.7279440e+06   1.4526367e+01
   3.7279690e+06   1.3977051e+01
   3.7280040e+06   1.2207031e+01
   3.8037850e+06   1.8737793e+01
   3.8038100e+06   1.5136719e+01
   3.8038540e+06   1.2390137e+01
   3.8038660e+06   1.9531250e+01
   3.8039070e+06   1.4709473e+01
   3.8039350e+06   1.3305664e+01
   3.8869420e+06   1.1901855e+01
   3.8869900e+06   1.2878418e+01
   3.8870970e+06   1.3427734e+01
   4.0009390e+06   1.1779785e+01
   4.0016170e+06   1.2145996e+01
   4.0079270e+06   1.7211914e+01
   4.1372860e+06   1.2756348e+01
   4.1817610e+06   1.2084961e+01
   4.1818400e+06   1.2329102e+01
   4.5427630e+06   1.3732910e+01
   4.5427950e+06   1.5808105e+01
   4.5428290e+06   1.9104004e+01
   4.5428480e+06   1.2145996e+01
   4.5428690e+06   1.3366699e+01
   4.5429650e+06   1.2207031e+01
   4.6333890e+06   1.1840820e+01
   4.6334110e+06   2.1118164e+01
   4.6334360e+06   1.3122559e+01
   4.6334660e+06   1.2634277e+01
   4.6334830e+06   1.4343262e+01
   4.6335430e+06   1.3732910e+01
   4.6336060e+06   1.3854980e+01
   4.6338930e+06   1.2268066e+01
   4.7047150e+06   1.5075684e+01
   4.7047500e+06   1.5930176e+01
   4.7047800e+06   1.8615723e+01
   4.7048140e+06   1.3977051e+01
   4.7048290e+06   1.5319824e+01
   4.7048970e+06   1.1657715e+01
   4.7049480e+06   1.2207031e+01
   4.7054630e+06   1.2023926e+01
   4.7991100e+06   1.8188477e+01
   4.7991960e+06   1.6479492e+01
   4.7992070e+06   2.0996094e+01
   4.7992450e+06   1.4343262e+01
   4.7992720e+06   1.3183594e+01
   4.7992930e+06   1.5197754e+01
   4.7993270e+06   1.2695313e+01
   4.8584340e+06   1.2817383e+01
   4.8584580e+06   1.5380859e+01
   4.8584910e+06   1.1901855e+01
   4.8585040e+06   1.2329102e+01
   4.8585480e+06   1.4953613e+01
   4.8585850e+06   1.2390137e+01
   4.9046460e+06   1.2084961e+01
   4.9046570e+06   1.7578125e+01
   4.9046730e+06   1.3610840e+01
   4.9047010e+06   1.3427734e+01
   4.9047310e+06   1.6235352e+01
   4.9047890e+06   1.3793945e+01
   4.9048510e+06   1.4160156e+01
   4.9110490e+06   1.2939453e+01
   5.0040040e+06   1.1840820e+01
   5.0040280e+06   1.3732910e+01
   5.0040590e+06   1.7883301e+01
   5.0040690e+06   1.9042969e+01
   5.0040960e+06   1.2207031e+01
   5.0041190e+06   1.3366699e+01
   5.0041590e+06   1.3427734e+01
   5.0762400e+06   1.2512207e+01
   5.0762870e+06   1.5869141e+01
   5.0763260e+06   1.5869141e+01
   5.0763820e+06   1.4465332e+01
   5.0764100e+06   1.2023926e+01
   5.0764450e+06   1.2145996e+01
   5.1002060e+06   1.1657715e+01
   5.1402650e+06   1.9287109e+01
   5.1403040e+06   1.7944336e+01
   5.1403180e+06   1.8493652e+01
   5.1403450e+06   1.3061523e+01
   5.2157060e+06   1.3244629e+01
   5.2157990e+06   1.7333984e+01
   5.2158120e+06   1.4343262e+01
   5.2158690e+06   1.3122559e+01
   5.2158970e+06   1.3305664e+01
   5.2159140e+06   1.7700195e+01
   5.2159380e+06   1.2390137e+01
   5.2159660e+06   1.4099121e+01
   5.2161600e+06   1.2145996e+01
   5.3476440e+06   1.1657715e+01
   5.4760510e+06   1.1718750e+01
   5.6954040e+06   1.1779785e+01
   5.7591910e+06   1.2512207e+01
   5.7592660e+06   1.4343262e+01
   5.7592820e+06   1.1962891e+01
   5.7593190e+06   1.4892578e+01
   5.7593400e+06   1.3793945e+01
   5.7596580e+06   1.2084961e+01
   5.7598360e+06   1.4221191e+01
   5.7652690e+06   1.1901855e+01
   5.8056310e+06   1.6723633e+01
   5.8057040e+06   1.4770508e+01
   5.8057410e+06   1.2207031e+01
   5.8057740e+06   1.3671875e+01
   5.8057870e+06   1.2268066e+01
   5.8058050e+06   1.2145996e+01
   5.8058290e+06   1.3488770e+01
   5.8059070e+06   1.2390137e+01
   5.9754770e+06   1.2817383e+01
   5.9768250e+06   1.2268066e+01
   5.9975580e+06   1.1718750e+01
   5.9987370e+06   1.2145996e+01
   6.0507720e+06   1.2023926e+01
   6.1012290e+06   1.1779785e+01
   6.1012880e+06   1.2939453e+01
   6.1013290e+06   1.8310547e+01
   6.1013470e+06   1.2207031e+01
   6.1014230e+06   1.3244629e+01
   6.1014750e+06   1.1779785e+01
   6.1835450e+06   1.2512207e+01
   6.1835580e+06   1.9226074e+01
   6.1835770e+06   1.2817383e+01
   6.1835920e+06   1.3183594e+01
   6.1836160e+06   1.7150879e+01
   6.1836400e+06   1.3183594e+01
   6.1836580e+06   1.6296387e+01
   6.1837970e+06   1.2084961e+01
   6.1845350e+06   1.5014648e+01
   6.2582430e+06   1.1840820e+01
   6.2584290e+06   1.3061523e+01
   6.2584670e+06   1.4099121e+01
   6.2584850e+06   1.3305664e+01
   6.2585040e+06   1.4099121e+01
   6.2585320e+06   1.2573242e+01
   6.2585490e+06   1.4038086e+01
   6.2585870e+06   1.2756348e+01
   6.2586190e+06   1.4221191e+01
   6.3485520e+06   1.4953613e+01
   6.3485650e+06   1.2023926e+01
   6.3489760e+06   1.2145996e+01
   6.3490010e+06   1.3305664e+01
   6.3490120e+06   1.7272949e+01
   6.3490820e+06   1.3610840e+01
   6.3491470e+06   1.1962891e+01
   6.3491980e+06   1.6906738e+01
   6.4024880e+06   1.1840820e+01
   6.4025300e+06   1.7395020e+01
   6.4025640e+06   1.2451172e+01
   6.4026090e+06   1.2756348e+01
   6.4026450e+06   1.5686035e+01
   6.4027080e+06   1.5441895e+01
   6.4027290e+06   1.3427734e+01
   6.4028750e+06   1.2817383e+01
   6.4124090e+06   1.3427734e+01
   6.4124750e+06   1.3366699e+01
   6.4124950e+06   1.3610840e+01
   6.4125130e+06   1.4465332e+01
   6.4126370e+06   1.2207031e+01
   6.4127210e+06   1.2695313e+01
   6.4796790e+06   1.2390137e+01
   6.4799840e+06   1.2512207e+01
   6.4800670e+06   1.3305664e+01
   6.4801010e+06   1.2268066e+01
   6.4801340e+06   1.2207031e+01
   6.4802060e+06   1.3000488e+01
   6.4802760e+06   1.1840820e+01
   6.5360080e+06   1.2268066e+01
   6.5360350e+06   1.5747070e+01
   6.5360730e+06   1.2268066e+01
   6.5361130e+06   2.1545410e+01
   6.5361420e+06   1.4099121e+01
   6.5361680e+06   1.2145996e+01
   6.5362020e+06   1.1718750e+01
   6.5907270e+06   1.2390137e+01
   6.5911340e+06   1.1962891e+01
   6.5913030e+06   1.6967773e+01
   6.5913170e+06   1.2084961e+01
   6.5913760e+06   1.3671875e+01
   6.5914000e+06   1.2390137e+01
   6.7513330e+06   1.3366699e+01
   6.7513650e+06   1.1840820e+01
   7.3118040e+06   1.3427734e+01
   7.4980510e+06   1.2939453e+01
   7.5484750e+06   1.3732910e+01
   7.6338490e+06   1.3610840e+01
   7.6338950e+06   1.3244629e+01
   7.6339280e+06   1.2512207e+01
   7.6339860e+06   1.6601563e+01
   7.6340000e+06   1.6113281e+01
   7.6340170e+06   1.2817383e+01
   7.6340400e+06   1.4526367e+01
   7.6340620e+06   1.2207031e+01
   7.6341000e+06   1.2634277e+01
   7.6345780e+06   1.3488770e+01
   7.6814540e+06   1.2268066e+01
   7.7360150e+06   1.1901855e+01
   7.8090670e+06   1.2084961e+01
   7.8091440e+06   1.2634277e+01
   7.8091650e+06   1.9348145e+01
   7.8091800e+06   1.4343262e+01
   7.8092200e+06   1.8676758e+01
   7.8092360e+06   1.2756348e+01
   7.8092840e+06   1.2084961e+01
   7.8096170e+06   1.2634277e+01
   7.8097830e+06   1.1718750e+01
   7.8624870e+06   1.1779785e+01
   7.8625560e+06   1.5625000e+01
   7.8626010e+06   1.5747070e+01
   7.8626760e+06   1.2573242e+01
   7.8626930e+06   1.3916016e+01
   7.8627220e+06   1.3061523e+01
   7.8627740e+06   1.3488770e+01
   7.9119010e+06   2.1972656e+01
   7.9119250e+06   1.4465332e+01
   7.9119370e+06   1.7211914e+01
   7.9119560e+06   1.2023926e+01
   7.9119770e+06   1.3610840e+01
   7.9119920e+06   1.2512207e+01
   7.9167230e+06   1.2695313e+01
   7.9306720e+06   1.2268066e+01
   7.9307020e+06   1.2268066e+01
   7.9307270e+06   1.7456055e+01
   7.9307610e+06   1.2512207e+01
   7.9324210e+06   1.1901855e+01
   7.9440530e+06   1.5258789e+01
   7.9440860e+06   1.3732910e+01
   7.9441120e+06   2.0324707e+01
   7.9441290e+06   1.2329102e+01
   7.9441590e+06   1.2329102e+01
   7.9441960e+06   1.1840820e+01
   7.9442130e+06   1.1718750e+01
   7.9446220e+06   1.1840820e+01
   7.9468050e+06   1.2756348e+01
   7.9564090e+06   1.4892578e+01
   7.9564660e+06   1.8127441e+01
   7.9565080e+06   1.3061523e+01
   7.9567390e+06   1.3244629e+01
   7.9586660e+06   1.1779785e+01
   7.9675900e+06   1.2878418e+01
   7.9676170e+06   1.1962891e+01
   7.9676530e+06   2.1118164e+01
   7.9676780e+06   1.3549805e+01
   7.9677680e+06   1.3061523e+01
   8.1809610e+06   1.3977051e+01
   8.1810020e+06   1.5197754e+01
   8.1810120e+06   1.7089844e+01
   8.1810570e+06   1.7761230e+01
   8.1810890e+06   1.6235352e+01
   8.1811240e+06   1.2084961e+01
   8.2488380e+06   1.2451172e+01
   8.2488540e+06   1.4526367e+01
   8.2488980e+06   1.4404297e+01
   8.2489200e+06   2.3132324e+01
   8.2489340e+06   1.5991211e+01
   8.2489670e+06   1.2145996e+01
   8.2490010e+06   1.4343262e+01
   8.2490360e+06   1.1901855e+01
   8.2490550e+06   1.2207031e+01
   8.3092060e+06   1.1840820e+01
   8.3093190e+06   1.5747070e+01
   8.3093440e+06   1.3488770e+01
   8.3093830e+06   1.5930176e+01
   8.3094060e+06   1.3000488e+01
   8.3094360e+06   1.6418457e+01
   8.3094520e+06   1.1962891e+01
   8.3100240e+06   1.1718750e+01
   8.3645490e+06   1.1779785e+01
   8.3646620e+06   1.2268066e+01
   8.3647120e+06   1.1718750e+01
   8.3648200e+06   1.7700195e+01
   8.3648400e+06   1.2390137e+01
   8.3650050e+06   1.2573242e+01
   8.3650340e+06   1.3488770e+01
   8.8581030e+06   1.1901855e+01
   8.8581720e+06   1.4099121e+01
   8.8582020e+06   1.3244629e+01
   8.8582320e+06   1.3000488e+01
   8.8582870e+06   1.3793945e+01
   8.8583010e+06   1.2451172e+01
   8.8583560e+06   1.1779785e+01
   8.8583730e+06   1.1718750e+01
   8.9470720e+06   1.4404297e+01
   8.9471840e+06   1.2878418e+01
   8.9472360e+06   1.5502930e+01
   9.3866740e+06   1.3427734e+01
   9.3867270e+06   1.3305664e+01
   9.3867540e+06   1.2573242e+01
   9.3867870e+06   1.2023926e+01
   9.3868180e+06   1.4526367e+01
   9.3868460e+06   1.2573242e+01
   9.4709550e+06   1.4099121e+01
   9.4710640e+06   1.5319824e+01
   9.4710980e+06   1.4831543e+01
   9.4711150e+06   1.5747070e+01
   9.4711430e+06   1.3488770e+01
   9.4711550e+06   1.2695313e+01
   9.4712180e+06   1.2634277e+01
   9.5392970e+06   1.2145996e+01
   9.5393520e+06   1.1901855e+01
   9.5393980e+06   1.5991211e+01
   9.5394290e+06   1.4160156e+01
   9.5394450e+06   1.3671875e+01
   9.5394840e+06   1.2390137e+01
   9.5397110e+06   1.2695313e+01
   9.6160440e+06   1.5441895e+01
   9.6160660e+06   1.6418457e+01
   9.6160810e+06   1.3244629e+01
   9.6161040e+06   1.3427734e+01
   9.6161840e+06   1.2451172e+01
   9.6162160e+06   1.3183594e+01
   9.6217600e+06   2.0080566e+01
   9.6218280e+06   1.2329102e+01
   9.6218510e+06   1.8981934e+01
   9.6218820e+06   1.8798828e+01
   9.6221390e+06   1.2939453e+01
   9.6934670e+06   1.4465332e+01
   9.6935010e+06   2.3681641e+01
   9.6935240e+06   1.2451172e+01
   9.6935450e+06   1.4953613e+01
   9.6935780e+06   1.1718750e+01
   9.6951110e+06   1.2329102e+01
   9.8034960e+06   1.2878418e+01
   9.8035460e+06   1.3854980e+01
   9.8035660e+06   1.2145996e+01
   9.8036060e+06   1.3244629e+01
   9.8036520e+06   1.2817383e+01
   9.8037480e+06   1.1840820e+01
   9.8197820e+06   1.1840820e+01
   9.9358590e+06   1.4099121e+01
   9.9358890e+06   1.5686035e+01
   9.9359510e+06   1.3549805e+01
   9.9359660e+06   1.2023926e+01
   9.9360030e+06   1.3549805e+01
   9.9360620e+06   1.3793945e+01
   1.0040906e+07   1.7517090e+01
   1.0040936e+07   1.6418457e+01
   1.0040955e+07   1.5502930e+01
   1.0040970e+07   1.3977051e+01
   1.0040989e+07   2.0324707e+01
   1.0041022e+07   1.2390137e+01
   1.0099180e+07   1.2573242e+01
   1.0099214e+07   1.1901855e+01
   1.0099231e+07   1.9409180e+01
   1.0099277e+07   1.6601563e+01
   1.0099329e+07   1.3977051e+01
   1.0099367e+07   1.2817383e+01
   1.0099423e+07   1.7272949e+01
   1.0188028e+07   1.4160156e+01
   1.0188052e+07   1.3854980e+01
   1.0188083e+07   1.2084961e+01
   1.0188098e+07   1.3732910e+01
   1.0188126e+07   1.6418457e+01
   1.0188168e+07   1.2390137e+01
   1.0188287e+07   1.2145996e+01
   1.0188689e+07   1.2817383e+01
   1.0188847e+07   1.2695313e+01
   1.0308856e+07   1.1657715e+01
   1.0308903e+07   1.2817383e+01
   1.0308923e+07   1.2573242e+01
   1.0308953e+07   1.3305664e+01
   1.0308992e+07   1.2512207e+01
   1.0309003e+07   1.7761230e+01
   1.0309026e+07   1.2695313e+01
   1.0309072e+07   1.4221191e+01
   1.0341737e+07   1.1657715e+01
   1.0476353e+07   1.4282227e+01
   1.0606574e+07   1.1718750e+01
   1.0606624e+07   1.3305664e+01
   1.0606636e+07   1.2878418e+01
   1.0606693e+07   1.2145996e+01
   1.0606751e+07   1.3366699e+01
   1.0607310e+07   1.1840820e+01
   1.0733494e+07   1.1657715e+01
   1.1017396e+07   1.5563965e+01
   1.1068054e+07   1.6235352e+01
   1.1068083e+07   1.2390137e+01
   1.1068115e+07   1.4465332e+01
   1.1068135e+07   1.2145996e+01
   1.1068157e+07   1.6357422e+01
   1.1156674e+07   1.3793945e+01
   1.1156699e+07   1.2084961e+01
   1.1156726e+07   2.1484375e+01
   1.1156764e+07   1.6662598e+01
   1.1156801e+07   1.3366699e+01
   1.1156845e+07   1.3000488e+01
   1.1278333e+07   1.4343262e+01
   1.1278486e+07   1.3061523e+01
   1.1278527e+07   1.8371582e+01
   1.1278554e+07   1.2329102e+01
   1.1278570e+07   1.3183594e+01
   1.1278602e+07   1.1657715e+01
   1.1278615e+07   1.2451172e+01
   1.1278626e+07   1.7395020e+01
   1.1278662e+07   1.6784668e+01
   1.1278683e+07   1.2084961e+01
   1.1329505e+07   1.2084961e+01
   1.1329534e+07   1.4465332e+01
   1.1329582e+07   2.0080566e+01
   1.1329604e+07   1.1718750e+01
   1.1329634e+07   1.3061523e+01
   1.1329661e+07   1.5625000e+01
   1.1329689e+07   1.5380859e+01
   1.1331301e+07   1.2573242e+01
   1.1335877e+07   1.1840820e+01
   1.1336029e+07   1.3916016e+01
   1.1336044e+07   1.2451172e+01
   1.1336076e+07   1.1840820e+01
   1.1336095e+07   1.4770508e+01
   1.1336197e+07   1.5136719e+01
   1.1336221e+07   1.2939453e+01
   1.1336276e+07   1.2939453e+01
   1.1350661e+07   1.5441895e+01
   1.1350691e+07   1.9348145e+01
   1.1350702e+07   1.1779785e+01
   1.1350738e+07   1.3549805e+01
   1.1350793e+07   1.4282227e+01
   1.1362493e+07   1.2451172e+01
   1.1362545e+07   2.0446777e+01
   1.1362652e+07   1.2695313e+01
   1.1373719e+07   1.1657715e+01
   1.1373759e+07   1.5136719e+01
   1.1373775e+07   1.3671875e+01
   1.1373815e+07   2.1057129e+01
   1.1373831e+07   1.3427734e+01
   1.1373869e+07   1.2023926e+01
   1.1373968e+07   1.1840820e+01
   1.1389134e+07   1.4831543e+01
   1.1389184e+07   1.7028809e+01
   1.1389236e+07   1.5136719e+01
   1.1389277e+07   1.2268066e+01
   1.1389387e+07   1.1840820e+01
   1.1532480e+07   1.4221191e+01
   1.1532523e+07   1.3793945e+01
   1.1532554e+07   1.2329102e+01
   1.1532578e+07   1.5563965e+01
   1.1532590e+07   1.2939453e+01
   1.1532629e+07   1.4709473e+01
   1.1533115e+07   1.2145996e+01
   1.1719351e+07   1.1779785e+01
   1.1719417e+07   1.3427734e+01
   1.1719470e+07   1.9775391e+01
   1.1719494e+07   1.1718750e+01
   1.1719519e+07   1.4221191e+01
   1.1719573e+07   1.2695313e+01
