   1.1999000e+07   0.0000000e+00
   9.6540000e+03   1.1962891e+01
   1.1914200e+05   1.2634277e+01
   1.1916000e+05   1.4892578e+01
   4.2374400e+05   1.2573242e+01
   4.9111000e+05   1.1779785e+01
   9.9894500e+05   1.1779785e+01
   9.9895700e+05   1.4526367e+01
   9.9898000e+05   1.1962891e+01
   9.9901100e+05   1.3122559e+01
   1.0114570e+06   1.2084961e+01
   1.0114930e+06   1.5136719e+01
   1.0301500e+06   1.1840820e+01
   1.0302300e+06   1.5197754e+01
   1.0671310e+06   1.1962891e+01
   1.2027640e+06   1.4587402e+01
   1.2811310e+06   1.5136719e+01
   1.5136590e+06   1.1779785e+01
   1.7816880e+06   1.2268066e+01
   1.7965980e+06   1.3122559e+01
   1.7966260e+06   1.2512207e+01
   1.7966650e+06   1.2756348e+01
   1.7967240e+06   1.2023926e+01
   1.8107570e+06   1.1840820e+01
   1.8107670e+06   1.1779785e+01
   1.8220620e+06   1.2817383e+01
   1.9077070e+06   1.2695313e+01
   1.9077410e+06   1.5197754e+01
   2.0310800e+06   1.3366699e+01
   2.1153220e+06   1.3366699e+01
   2.1153860e+06   1.7150879e+01
   2.1688150e+06   1.2573242e+01
   2.5697050e+06   1.2023926e+01
   2.5698920e+06   1.1901855e+01
   2.6075190e+06   1.2390137e+01
   2.6919100e+06   1.3244629e+01
   2.6919480e+06   1.3488770e+01
   2.9986450e+06   1.1840820e+01
   3.0786150e+06   1.5136719e+01
   3.0786390e+06   1.2145996e+01
   3.0991390e+06   1.1718750e+01
   3.2012140e+06   1.3122559e+01
   3.2476620e+06   1.2145996e+01
   3.3544980e+06   1.3305664e+01
   3.3545850e+06   1.1962891e+01
   3.3546020e+06   1.2878418e+01
   3.3986010e+06   1.2145996e+01
   3.3986510e+06   1.2329102e+01
   3.3987700e+06   1.1718750e+01
   3.4717860e+06   1.2939453e+01
   3.4718000e+06   1.2451172e+01
   3.5259870e+06   1.1779785e+01
   3.5260350e+06   1.4038086e+01
   3.5837000e+06   1.3305664e+01
   3.5837620e+06   1.2573242e+01
   3.6256060e+06   1.3305664e+01
   3.6257070e+06   1.2756348e+01
   3.6748930e+06   1.7456055e+01
   3.9616850e+06   1.5014648e+01
   4.6334720e+06   1.3183594e+01
   4.7045850e+06   1.7150879e+01
   4.7992100e+06   1.2390137e+01
   4.7992530e+06   1.5380859e+01
   4.8583420e+06   1.5319824e+01
   4.9047840e+06   1.5075684e+01
   4.9048120e+06   1.8127441e+01
   5.0761640e+06   1.3244629e+01
   5.1402770e+06   1.2023926e+01
   5.3473420e+06   1.4465332e+01
   5.8057650e+06   1.2573242e+01
   5.8058460e+06   1.2084961e+01
   6.1013200e+06   1.1962891e+01
   6.1013700e+06   1.2512207e+01
   6.1013830e+06   1.4221191e+01
   6.1014040e+06   1.4160156e+01
   6.1834280e+06   1.2023926e+01
   6.2252660e+06   1.1901855e+01
   6.2585560e+06   1.6052246e+01
   6.3488700e+06   1.4038086e+01
   6.3489030e+06   1.4648438e+01
   6.3489280e+06   1.4099121e+01
   6.3489600e+06   1.5197754e+01
   6.4800560e+06   1.2512207e+01
   6.5357630e+06   1.1840820e+01
   6.5358290e+06   1.3244629e+01
   6.5358870e+06   1.2390137e+01
   6.5359050e+06   1.3488770e+01
   6.5910410e+06   1.2145996e+01
   6.7043010e+06   1.1901855e+01
   6.8177530e+06   1.2634277e+01
   7.1851490e+06   1.4221191e+01
   7.2785030e+06   1.2207031e+01
   7.2884570e+06   1.1962891e+01
   7.5499900e+06   1.3488770e+01
   7.8626080e+06   1.2084961e+01
   7.9117590e+06   1.3916016e+01
   7.9117850e+06   1.2023926e+01
   7.9304930e+06   1.1840820e+01
   7.9305550e+06   1.2817383e+01
   7.9308830e+06   1.2084961e+01
   7.9439050e+06   1.3000488e+01
   7.9439780e+06   1.1840820e+01
   7.9440030e+06   1.2268066e+01
   7.9562950e+06   1.2145996e+01
   7.9676650e+06   1.1962891e+01
   7.9676990e+06   1.5319824e+01
   8.1810600e+06   1.4038086e+01
   8.1811040e+06   1.3122559e+01
   8.2223420e+06   1.1840820e+01
   8.2489280e+06   1.1840820e+01
   8.2489680e+06   1.2817383e+01
   8.3094580e+06   1.2268066e+01
   8.3095180e+06   1.3183594e+01
   8.3095410e+06   1.2756348e+01
   8.3648030e+06   1.2878418e+01
   8.3648840e+06   1.2329102e+01
   8.4577390e+06   1.2207031e+01
   8.4578080e+06   1.1901855e+01
   8.7005750e+06   1.1901855e+01
   8.8582240e+06   1.1962891e+01
   9.3867830e+06   1.3244629e+01
   9.3867990e+06   1.2023926e+01
   9.3868640e+06   1.3916016e+01
   9.3869840e+06   1.2268066e+01
   9.4710830e+06   1.6906738e+01
   9.4711140e+06   1.3183594e+01
   9.5394100e+06   1.7028809e+01
   9.5394330e+06   1.5014648e+01
   9.6159330e+06   1.4282227e+01
   9.6227630e+06   1.3793945e+01
   9.6932940e+06   1.2329102e+01
   9.6933380e+06   1.4648438e+01
   9.8006610e+06   1.1840820e+01
   9.8036000e+06   1.1840820e+01
   9.9360970e+06   1.2390137e+01
   1.0040797e+07   1.1779785e+01
   1.0040861e+07   1.2329102e+01
   1.0040890e+07   1.2145996e+01
   1.0099276e+07   1.3610840e+01
   1.0308353e+07   1.1779785e+01
   1.0476354e+07   1.2390137e+01
   1.1068187e+07   1.4648438e+01
   1.1068296e+07   1.1962891e+01
   1.1156525e+07   1.1779785e+01
   1.1156564e+07   1.2268066e+01
   1.1278639e+07   1.2207031e+01
   1.1329629e+07   1.1779785e+01
   1.1336293e+07   1.3366699e+01
   1.1350450e+07   1.5808105e+01
   1.1362304e+07   1.2878418e+01
   1.1362366e+07   1.6357422e+01
   1.1373546e+07   1.2268066e+01
   1.1373579e+07   1.4343262e+01
   1.1388957e+07   1.3061523e+01
   1.1388978e+07   1.6418457e+01
   1.1532709e+07   1.3366699e+01
   1.1532733e+07   1.2939453e+01
   1.1719419e+07   1.2084961e+01
   1.1719509e+07   1.2390137e+01
