   1.1999000e+07   0.0000000e+00
   3.0796000e+04   1.2512207e+01
   3.0682000e+05   1.2084961e+01
   6.4341400e+05   1.2695313e+01
   7.5798400e+05   1.2329102e+01
   7.8302700e+05   1.1901855e+01
   2.1153970e+06   1.2634277e+01
   3.2013440e+06   1.3183594e+01
   3.2984020e+06   1.2023926e+01
   3.5259870e+06   1.2512207e+01
   3.5837570e+06   1.2207031e+01
   3.6257930e+06   1.2207031e+01
   3.7278840e+06   1.2023926e+01
   4.0306930e+06   1.2451172e+01
   4.6334130e+06   1.2573242e+01
   4.7047420e+06   1.3732910e+01
   5.7094550e+06   1.2145996e+01
   6.5638140e+06   1.2207031e+01
   8.3812030e+06   1.2023926e+01
   9.5393170e+06   1.2268066e+01
   1.0544923e+07   1.2268066e+01
   1.0606517e+07   1.3244629e+01
   1.0887000e+07   1.1962891e+01
   1.1156646e+07   1.4038086e+01
   1.1362497e+07   1.1962891e+01
   1.1532552e+07   1.3183594e+01
   1.1793118e+07   1.2756348e+01
   1.1930898e+07   1.1901855e+01
