   1.1999000e+07   0.0000000e+00
   9.5000000e+03   1.3244629e+01
   9.5350000e+03   1.3305664e+01
   9.5830000e+03   1.3732910e+01
   9.6380000e+03   1.2634277e+01
   1.1908400e+05   1.2756348e+01
   2.4310300e+05   1.7944336e+01
   3.0514800e+05   1.2512207e+01
   3.0520600e+05   1.2390137e+01
   4.1057400e+05   1.4465332e+01
   4.6229000e+05   1.2451172e+01
   5.3374000e+05   1.2939453e+01
   9.3523200e+05   1.2390137e+01
   9.9884600e+05   1.2695313e+01
   9.9886700e+05   1.2268066e+01
   9.9908400e+05   1.2695313e+01
   1.0117080e+06   1.3000488e+01
   1.0117500e+06   1.3000488e+01
   1.0118000e+06   1.4160156e+01
   1.0227180e+06   1.2390137e+01
   1.0301010e+06   1.4709473e+01
   1.0669420e+06   1.4099121e+01
   1.0670730e+06   1.2512207e+01
   1.2027000e+06   1.4892578e+01
   1.2027130e+06   1.2329102e+01
   1.2809970e+06   1.2451172e+01
   1.2810440e+06   1.3366699e+01
   1.2810790e+06   1.4709473e+01
   1.4412670e+06   1.5441895e+01
   1.5427620e+06   1.3000488e+01
   1.6006190e+06   1.2634277e+01
   1.7444310e+06   1.2390137e+01
   1.7816100e+06   1.3244629e+01
   1.7816620e+06   1.2512207e+01
   1.7968230e+06   1.2390137e+01
   1.7969430e+06   1.4587402e+01
   1.8108610e+06   1.2268066e+01
   1.8109200e+06   1.2512207e+01
   1.8220780e+06   1.2268066e+01
   1.8221180e+06   1.5014648e+01
   1.9078310e+06   1.2573242e+01
   1.9078700e+06   1.2268066e+01
   1.9078870e+06   1.2329102e+01
   1.9079140e+06   1.2817383e+01
   1.9766990e+06   1.3366699e+01
   1.9767500e+06   1.2451172e+01
   1.9768060e+06   1.2207031e+01
   2.0309590e+06   1.2207031e+01
   2.0309830e+06   1.3427734e+01
   2.0310510e+06   1.2207031e+01
   2.1153640e+06   1.2939453e+01
   2.1154060e+06   1.3671875e+01
   2.1155140e+06   1.2207031e+01
   2.1560220e+06   1.2634277e+01
   2.1686900e+06   1.3061523e+01
   2.1687280e+06   1.3122559e+01
   2.3582470e+06   1.2817383e+01
   2.5376200e+06   1.2512207e+01
   2.5695220e+06   1.4404297e+01
   2.5695600e+06   1.3122559e+01
   2.5695900e+06   1.4160156e+01
   2.6073920e+06   1.3793945e+01
   2.6074190e+06   1.5869141e+01
   2.6918570e+06   1.2268066e+01
   2.6919380e+06   1.9165039e+01
   2.7948140e+06   1.3427734e+01
   2.7948670e+06   1.2878418e+01
   2.8602760e+06   1.2390137e+01
   2.9306680e+06   1.2329102e+01
   2.9761890e+06   1.2390137e+01
   3.0785400e+06   1.2634277e+01
   3.0980370e+06   1.3549805e+01
   3.1573680e+06   1.8066406e+01
   3.2014760e+06   1.2512207e+01
   3.2476420e+06   1.8127441e+01
   3.2984360e+06   1.2878418e+01
   3.2985500e+06   1.2939453e+01
   3.2985650e+06   1.2939453e+01
   3.3546300e+06   1.2390137e+01
   3.3547020e+06   1.4526367e+01
   3.3547240e+06   1.5991211e+01
   3.3548050e+06   1.3488770e+01
   3.3984690e+06   1.3061523e+01
   3.4715030e+06   1.2573242e+01
   3.4715510e+06   1.3061523e+01
   3.4716780e+06   1.3122559e+01
   3.5256790e+06   1.6479492e+01
   3.5833600e+06   1.5380859e+01
   3.6750010e+06   1.2512207e+01
   3.6750270e+06   1.2268066e+01
   3.6751180e+06   1.4038086e+01
   3.6751560e+06   1.4587402e+01
   3.7778930e+06   1.2451172e+01
   3.9126320e+06   1.2207031e+01
   3.9612890e+06   1.3488770e+01
   3.9637890e+06   1.2390137e+01
   4.0009650e+06   1.2573242e+01
   4.0071370e+06   1.3061523e+01
   4.0831830e+06   1.5808105e+01
   4.1362580e+06   1.3061523e+01
   4.1363000e+06   1.3000488e+01
   4.2694940e+06   1.2756348e+01
   4.2696070e+06   1.3671875e+01
   4.3756330e+06   1.2634277e+01
   4.3756550e+06   1.3061523e+01
   4.4662320e+06   1.4160156e+01
   4.4663040e+06   1.2695313e+01
   4.5428730e+06   1.4221191e+01
   4.5429010e+06   1.5991211e+01
   4.5433650e+06   1.3305664e+01
   4.6336970e+06   1.2878418e+01
   4.7046920e+06   1.2207031e+01
   4.7047790e+06   1.2268066e+01
   4.7990340e+06   1.3366699e+01
   4.7991360e+06   1.5869141e+01
   4.7991620e+06   1.3732910e+01
   4.8583480e+06   1.4099121e+01
   4.8585160e+06   1.2451172e+01
   4.9046910e+06   1.2695313e+01
   4.9047970e+06   1.2268066e+01
   4.9125440e+06   1.2878418e+01
   5.0038720e+06   1.2268066e+01
   5.0039770e+06   1.4221191e+01
   5.0039960e+06   1.3793945e+01
   5.0762050e+06   1.4282227e+01
   5.0762560e+06   1.3122559e+01
   5.0762900e+06   1.2268066e+01
   5.1401190e+06   1.6479492e+01
   5.1402230e+06   1.2268066e+01
   5.1402690e+06   1.2573242e+01
   5.1402940e+06   1.2756348e+01
   5.3446590e+06   1.3183594e+01
   5.3446850e+06   1.4404297e+01
   5.4750570e+06   1.4343262e+01
   5.4750860e+06   1.2512207e+01
   5.5242140e+06   1.3671875e+01
   5.5242540e+06   1.5197754e+01
   5.5903750e+06   1.3549805e+01
   5.5904210e+06   1.3854980e+01
   5.5912480e+06   1.2268066e+01
   5.6954650e+06   1.2451172e+01
   5.7593370e+06   1.3427734e+01
   5.8054680e+06   1.2512207e+01
   5.8369190e+06   1.3977051e+01
   5.8369720e+06   1.2634277e+01
   5.9761430e+06   1.2573242e+01
   6.0506140e+06   1.2390137e+01
   6.1012000e+06   1.2756348e+01
   6.1012270e+06   1.5747070e+01
   6.1834790e+06   1.6784668e+01
   6.1835430e+06   1.2878418e+01
   6.2583090e+06   1.2939453e+01
   6.2583860e+06   1.4282227e+01
   6.3486450e+06   1.3061523e+01
   6.3487000e+06   1.2268066e+01
   6.3489880e+06   1.2695313e+01
   6.3492130e+06   1.3183594e+01
   6.4125970e+06   1.2390137e+01
   6.4126400e+06   1.5319824e+01
   6.4127120e+06   1.3427734e+01
   6.4526470e+06   1.2268066e+01
   6.5356230e+06   1.3183594e+01
   6.7984550e+06   1.3183594e+01
   6.8186010e+06   1.2695313e+01
   7.3935250e+06   1.2390137e+01
   7.3935550e+06   1.3610840e+01
   7.5485170e+06   1.3305664e+01
   7.6812000e+06   1.2390137e+01
   7.7349420e+06   1.4099121e+01
   7.8625470e+06   1.2512207e+01
   7.8626670e+06   1.3366699e+01
   7.8626900e+06   1.2878418e+01
   7.8627350e+06   1.2573242e+01
   7.9118860e+06   1.3977051e+01
   7.9119880e+06   1.4282227e+01
   7.9228390e+06   1.2573242e+01
   7.9305940e+06   1.3122559e+01
   7.9306420e+06   1.3732910e+01
   7.9306700e+06   1.3305664e+01
   7.9453310e+06   1.2207031e+01
   7.9563790e+06   1.3183594e+01
   7.9564620e+06   1.2756348e+01
   7.9674460e+06   1.2634277e+01
   8.1810650e+06   1.2817383e+01
   8.1810860e+06   1.4648438e+01
   8.1811060e+06   1.3122559e+01
   8.1812110e+06   1.2390137e+01
   8.1812310e+06   1.2939453e+01
   8.2489610e+06   1.3305664e+01
   8.3092840e+06   1.3061523e+01
   8.3093200e+06   1.2573242e+01
   8.3094250e+06   1.3183594e+01
   8.3646270e+06   1.2451172e+01
   8.3646680e+06   1.4770508e+01
   8.3646970e+06   1.2329102e+01
   8.3648250e+06   1.2878418e+01
   8.3648840e+06   1.3305664e+01
   8.6846850e+06   1.5075684e+01
   8.8156600e+06   1.2634277e+01
   8.8581170e+06   1.3488770e+01
   8.9470560e+06   1.3610840e+01
   9.1033400e+06   1.3549805e+01
   9.1082230e+06   1.3366699e+01
   9.1934550e+06   1.4831543e+01
   9.3866640e+06   1.5075684e+01
   9.3867640e+06   1.3122559e+01
   9.4710320e+06   1.2268066e+01
   9.4710980e+06   1.3000488e+01
   9.5394340e+06   1.4038086e+01
   9.5397550e+06   1.3366699e+01
   9.6160460e+06   1.4587402e+01
   9.6160670e+06   1.4282227e+01
   9.6161340e+06   1.2878418e+01
   9.6215390e+06   1.2145996e+01
   9.6933340e+06   1.3916016e+01
   9.6934160e+06   1.2268066e+01
   9.6934340e+06   1.4282227e+01
   9.8033400e+06   1.4892578e+01
   9.8034570e+06   1.3305664e+01
   9.9359250e+06   1.3549805e+01
   9.9360600e+06   1.2268066e+01
   9.9360950e+06   1.2939453e+01
   1.0040872e+07   1.4465332e+01
   1.0040924e+07   1.2756348e+01
   1.0099206e+07   1.2573242e+01
   1.0099572e+07   1.2268066e+01
   1.0254976e+07   1.2451172e+01
   1.0476449e+07   1.4099121e+01
   1.0606443e+07   1.6235352e+01
   1.0606467e+07   1.2329102e+01
   1.0606485e+07   1.3916016e+01
   1.0606510e+07   1.3305664e+01
   1.0733416e+07   1.2878418e+01
   1.0985580e+07   1.2329102e+01
   1.0986409e+07   1.3366699e+01
   1.1017004e+07   1.2756348e+01
   1.1068123e+07   1.2145996e+01
   1.1068235e+07   1.4770508e+01
   1.1068265e+07   1.2512207e+01
   1.1068300e+07   1.5197754e+01
   1.1156592e+07   1.3549805e+01
   1.1156689e+07   1.3427734e+01
   1.1156729e+07   1.2268066e+01
   1.1278438e+07   1.2573242e+01
   1.1278523e+07   1.4221191e+01
   1.1278603e+07   1.4648438e+01
   1.1278691e+07   1.3244629e+01
   1.1329490e+07   1.3061523e+01
   1.1329552e+07   1.2451172e+01
   1.1329583e+07   1.2207031e+01
   1.1329664e+07   1.2817383e+01
   1.1335593e+07   1.2939453e+01
   1.1335729e+07   1.3610840e+01
   1.1335984e+07   1.2756348e+01
   1.1336062e+07   1.3610840e+01
   1.1336884e+07   1.2817383e+01
   1.1350561e+07   1.3122559e+01
   1.1350607e+07   1.2390137e+01
   1.1350663e+07   1.2268066e+01
   1.1362412e+07   1.4648438e+01
   1.1362430e+07   1.5319824e+01
   1.1362456e+07   1.3305664e+01
   1.1373663e+07   1.2756348e+01
   1.1373688e+07   1.2817383e+01
   1.1373737e+07   1.3427734e+01
   1.1389203e+07   1.2512207e+01
   1.1532529e+07   1.2268066e+01
   1.1532686e+07   1.3061523e+01
   1.1532753e+07   1.2207031e+01
   1.1532813e+07   1.2145996e+01
   1.1719539e+07   1.4282227e+01
   1.1792842e+07   1.2145996e+01
   1.1923821e+07   1.5380859e+01
   1.1976704e+07   1.7028809e+01
