   1.1999000e+07   0.0000000e+00
   1.8107100e+05   1.1901855e+01
   4.9923600e+05   1.2695313e+01
   5.2842700e+05   1.2268066e+01
   9.9906000e+05   1.2756348e+01
   1.0717690e+06   1.2023926e+01
   1.2810890e+06   1.2878418e+01
   1.9445520e+06   1.2878418e+01
   1.9466450e+06   1.1901855e+01
   1.9479110e+06   1.2329102e+01
   1.9495760e+06   1.1962891e+01
   1.9498530e+06   1.1962891e+01
   1.9509160e+06   1.2878418e+01
   1.9561850e+06   1.1962891e+01
   1.9586740e+06   1.4587402e+01
   1.9598870e+06   1.2023926e+01
   1.9639620e+06   1.1962891e+01
   1.9642600e+06   1.2145996e+01
   1.9707740e+06   1.3183594e+01
   1.9720670e+06   1.2084961e+01
   1.9728840e+06   1.3732910e+01
   1.9743320e+06   1.2695313e+01
   1.9766130e+06   1.4404297e+01
   1.9768880e+06   1.5075684e+01
   2.0308640e+06   1.2268066e+01
   2.0309790e+06   1.1962891e+01
   2.7952070e+06   1.2268066e+01
   3.0569300e+06   1.2084961e+01
   3.1762920e+06   1.2207031e+01
   3.5259530e+06   1.3427734e+01
   4.0418030e+06   1.2145996e+01
   4.1367300e+06   1.2634277e+01
   4.7990120e+06   1.3732910e+01
   6.5911090e+06   1.1962891e+01
   6.6219450e+06   1.2145996e+01
   6.9889860e+06   1.2023926e+01
   7.1057140e+06   1.2084961e+01
   7.1057400e+06   1.6662598e+01
   7.1057670e+06   2.2155762e+01
   7.1057920e+06   1.7944336e+01
   7.1058100e+06   2.0690918e+01
   7.1058290e+06   3.0029297e+01
   7.1058580e+06   3.3020020e+01
   7.1058900e+06   3.2653809e+01
   7.1059100e+06   4.3640137e+01
   7.1059360e+06   3.8818359e+01
   7.1059860e+06   4.3151855e+01
   7.1063260e+06   1.2512207e+01
   7.1063500e+06   1.2573242e+01
   7.1063770e+06   1.5136719e+01
   7.1064040e+06   1.3000488e+01
   7.1064230e+06   1.6845703e+01
   7.1064430e+06   2.2216797e+01
   7.1064710e+06   2.1362305e+01
   7.1064980e+06   1.6601563e+01
   7.1065150e+06   1.5502930e+01
   7.1065370e+06   1.4221191e+01
   7.1065550e+06   2.1972656e+01
   7.1065820e+06   1.6540527e+01
   7.1066020e+06   2.0446777e+01
   7.1066310e+06   1.5686035e+01
   7.1066540e+06   1.3793945e+01
   7.1066760e+06   1.6479492e+01
   7.1067030e+06   1.5686035e+01
   7.1067280e+06   1.7761230e+01
   7.1067620e+06   1.4343262e+01
   7.1067820e+06   1.4526367e+01
   7.1068070e+06   1.3183594e+01
   7.1068380e+06   1.4099121e+01
   7.1068650e+06   1.2634277e+01
   7.1069380e+06   1.4526367e+01
   7.3480140e+06   1.2634277e+01
   7.8090730e+06   1.2329102e+01
   8.4579370e+06   1.2084961e+01
   8.7279770e+06   1.3061523e+01
   9.2170400e+06   2.3132324e+01
   9.4710340e+06   1.4038086e+01
   1.0040976e+07   1.1840820e+01
   1.0561061e+07   1.1840820e+01
   1.0875816e+07   1.1657715e+01
   1.1335884e+07   1.1718750e+01
   1.1830404e+07   1.2084961e+01
