   1.1999000e+07   0.0000000e+00
   5.5912500e+05   1.1718750e+01
   1.0299320e+06   1.1962891e+01
   1.0726640e+06   1.1962891e+01
   1.2810720e+06   1.1535645e+01
   1.4097880e+06   1.1901855e+01
   1.5924880e+06   1.2084961e+01
   1.6984450e+06   1.1657715e+01
   1.7815690e+06   1.2145996e+01
   2.0053680e+06   1.1535645e+01
   2.1056440e+06   1.2573242e+01
   2.5698030e+06   1.2329102e+01
   2.6916620e+06   1.1596680e+01
   3.8037060e+06   1.3122559e+01
   4.0722630e+06   1.1901855e+01
   4.9045530e+06   1.1657715e+01
   5.0487860e+06   1.1962891e+01
   5.7593220e+06   1.1901855e+01
   6.3661160e+06   1.1718750e+01
   6.6614010e+06   1.2145996e+01
   7.2211230e+06   1.2329102e+01
   7.6247330e+06   1.2329102e+01
   9.3833400e+06   1.1962891e+01
   9.4710630e+06   1.1901855e+01
   1.0293949e+07   1.1718750e+01
   1.1717060e+07   1.1779785e+01
