   1.1999000e+07   0.0000000e+00
   3.1246000e+04   3.1555176e+01
   7.0575000e+04   3.4790039e+01
   7.0665000e+04   3.4484863e+01
   1.4527200e+05   3.6560059e+01
   1.4556800e+05   3.5766602e+01
   2.2638500e+05   3.1555176e+01
   2.2661300e+05   3.4179688e+01
   2.2672500e+05   4.2358398e+01
   2.2677700e+05   3.4912109e+01
   7.1419700e+05   3.1555176e+01
   1.1197070e+06   5.3039551e+01
   1.1197790e+06   4.4250488e+01
   1.1199120e+06   3.8146973e+01
   1.2330860e+06   3.3752441e+01
   1.2331500e+06   3.2897949e+01
   1.2333070e+06   3.1433105e+01
   1.3658920e+06   3.1860352e+01
   1.6692450e+06   3.1188965e+01
   1.6693000e+06   3.5705566e+01
   1.6694010e+06   3.1250000e+01
   1.6694450e+06   3.1494141e+01
   1.7988200e+06   3.5705566e+01
   1.7988620e+06   3.3203125e+01
   1.7988940e+06   4.2724609e+01
   1.7989170e+06   3.5949707e+01
   1.7989310e+06   3.4362793e+01
   1.7990010e+06   3.6010742e+01
   1.7990430e+06   3.3935547e+01
   1.7990710e+06   3.1433105e+01
   1.7991030e+06   5.0109863e+01
   1.9126880e+06   4.3212891e+01
   1.9127340e+06   3.3996582e+01
   1.9128510e+06   3.3142090e+01
   1.9132990e+06   3.4973145e+01
   2.2702360e+06   3.9672852e+01
   2.4855230e+06   3.5827637e+01
   2.4856250e+06   4.4372559e+01
   2.4856880e+06   3.1555176e+01
   3.3032550e+06   3.2348633e+01
   3.6618920e+06   3.1372070e+01
   3.8208900e+06   3.1921387e+01
   3.8213440e+06   3.5339355e+01
   3.8214900e+06   3.3752441e+01
   3.9356430e+06   3.2409668e+01
   3.9358430e+06   3.5095215e+01
   4.9595830e+06   3.4790039e+01
   6.7368440e+06   3.0944824e+01
   9.9403800e+06   3.1738281e+01
   1.0379127e+07   3.1494141e+01
