   1.1999000e+07   0.0000000e+00
   5.3910000e+03   3.8696289e+01
   3.0826000e+04   3.7414551e+01
   3.1193000e+04   1.0321045e+02
   3.1208000e+04   3.2714844e+01
   3.1261000e+04   3.7963867e+01
   3.1274000e+04   6.2072754e+01
   3.1366000e+04   5.4870605e+01
   3.1390000e+04   6.2622070e+01
   3.1537000e+04   7.8674316e+01
   3.1726000e+04   4.0832520e+01
   3.1747000e+04   3.9916992e+01
   3.1930000e+04   3.4423828e+01
   3.1996000e+04   3.8818359e+01
   3.2310000e+04   3.7353516e+01
   3.2736000e+04   3.2714844e+01
   3.3184000e+04   3.5278320e+01
   5.7450000e+04   3.6987305e+01
   5.7810000e+04   1.1187744e+02
   5.7998000e+04   3.7536621e+01
   5.8082000e+04   3.4240723e+01
   6.1897000e+04   3.2775879e+01
   6.9591000e+04   4.3029785e+01
   6.9949000e+04   4.0588379e+01
   7.0311000e+04   4.2663574e+01
   7.0380000e+04   1.0577393e+02
   7.0567000e+04   3.7231445e+01
   7.0802000e+04   3.3020020e+01
   7.0816000e+04   6.0546875e+01
   7.1218000e+04   3.6987305e+01
   7.1448000e+04   3.6193848e+01
   7.1846000e+04   4.4494629e+01
   9.3165000e+04   3.8940430e+01
   1.0234700e+05   1.0668945e+02
   1.0238200e+05   4.0527344e+01
   1.0256700e+05   1.2579346e+02
   1.0263800e+05   3.5095215e+01
   1.0267700e+05   3.5095215e+01
   1.0283600e+05   9.6984863e+01
   1.0325800e+05   4.0344238e+01
   1.2251000e+05   4.1198730e+01
   1.2264300e+05   1.1590576e+02
   1.2291700e+05   3.4057617e+01
   1.2293900e+05   9.9182129e+01
   1.2296200e+05   4.2114258e+01
   1.4415800e+05   3.4423828e+01
   1.4420300e+05   1.0534668e+02
   1.4452600e+05   1.2036133e+02
   1.4476800e+05   3.3752441e+01
   1.4500200e+05   3.3020020e+01
   1.4541600e+05   5.1513672e+01
   1.4561700e+05   4.4128418e+01
   1.4579600e+05   5.5053711e+01
   1.4581000e+05   4.7668457e+01
   1.4602100e+05   3.9611816e+01
   1.4610400e+05   3.3813477e+01
   1.4641700e+05   3.8452148e+01
   1.4687200e+05   3.3935547e+01
   1.5707900e+05   3.2531738e+01
   1.7370000e+05   3.3569336e+01
   1.7415800e+05   4.4250488e+01
   1.7418000e+05   3.2653809e+01
   1.7437400e+05   9.9548340e+01
   1.7448000e+05   3.7353516e+01
   1.9129300e+05   3.6682129e+01
   1.9317500e+05   3.6987305e+01
   2.0118700e+05   3.1982422e+01
   2.1396100e+05   3.4973145e+01
   2.2511000e+05   3.9855957e+01
   2.2550300e+05   4.1137695e+01
   2.2559300e+05   1.0479736e+02
   2.2581900e+05   4.0893555e+01
   2.2617000e+05   3.5095215e+01
   2.2632600e+05   1.1041260e+02
   2.2664700e+05   3.2897949e+01
   2.2692000e+05   3.6437988e+01
   2.2693200e+05   4.7302246e+01
   2.2727900e+05   3.9855957e+01
   2.5496100e+05   3.7231445e+01
   2.5499100e+05   1.0290527e+02
   2.5515400e+05   3.2287598e+01
   2.5517900e+05   3.7170410e+01
   2.5523000e+05   1.0852051e+02
   2.5524100e+05   3.9672852e+01
   2.6207100e+05   3.2165527e+01
   2.6239400e+05   1.0980225e+02
   2.7465900e+05   3.7475586e+01
   2.8440900e+05   4.1870117e+01
   2.8615800e+05   3.6376953e+01
   2.8634500e+05   1.0107422e+02
   2.8668900e+05   4.4921875e+01
   2.8676600e+05   3.2836914e+01
   3.0357300e+05   3.4057617e+01
   3.0465400e+05   4.0893555e+01
   3.0470800e+05   9.9731445e+01
   3.0472400e+05   3.9489746e+01
   3.0479100e+05   5.5053711e+01
   3.0497100e+05   4.1809082e+01
   3.1556900e+05   3.3813477e+01
   3.2514000e+05   4.1137695e+01
   3.2622100e+05   1.1090088e+02
   3.2625200e+05   3.7109375e+01
   3.2633200e+05   7.9162598e+01
   3.2651800e+05   3.4301758e+01
   3.2654300e+05   7.0190430e+01
   3.5209700e+05   3.6499023e+01
   3.5247100e+05   1.0675049e+02
   3.5253300e+05   3.6682129e+01
   3.5262300e+05   8.1115723e+01
   3.5263400e+05   3.8635254e+01
   3.5276200e+05   7.3364258e+01
   3.5277400e+05   3.9001465e+01
   3.5287300e+05   5.8288574e+01
   3.7512900e+05   3.7048340e+01
   3.8097200e+05   3.2104492e+01
   3.8405600e+05   3.5827637e+01
   3.8476500e+05   3.2714844e+01
   3.9135200e+05   3.3935547e+01
   4.0153600e+05   3.7658691e+01
   4.0343300e+05   3.2226563e+01
   4.0375600e+05   4.0771484e+01
   4.1311400e+05   3.2165527e+01
   4.1793000e+05   4.0222168e+01
   4.2263300e+05   3.4912109e+01
   4.2349100e+05   3.3996582e+01
   4.2351600e+05   1.0992432e+02
   4.2369000e+05   8.8562012e+01
   4.3707300e+05   3.2226563e+01
   4.3825900e+05   4.0893555e+01
   4.3860500e+05   1.0296631e+02
   4.5051500e+05   3.2409668e+01
   4.5717500e+05   3.7170410e+01
   4.5778200e+05   1.0839844e+02
   4.5788100e+05   7.9711914e+01
   4.5793900e+05   4.6203613e+01
   4.5810900e+05   3.6743164e+01
   4.5815000e+05   8.6608887e+01
   4.5818500e+05   4.0527344e+01
   4.5828500e+05   6.9824219e+01
   4.5835500e+05   3.5339355e+01
   4.7172400e+05   3.4790039e+01
   4.7366100e+05   4.6997070e+01
   4.7374200e+05   1.0522461e+02
   4.7377100e+05   3.2226563e+01
   4.9000800e+05   3.8085938e+01
   4.9085100e+05   3.5888672e+01
   4.9086300e+05   1.1383057e+02
   4.9846000e+05   3.6132813e+01
   4.9990300e+05   3.4606934e+01
   5.0000300e+05   5.3527832e+01
   5.0001700e+05   3.2470703e+01
   5.0009600e+05   7.1105957e+01
   5.0016400e+05   4.8583984e+01
   5.0018100e+05   3.3020020e+01
   5.0023800e+05   5.2429199e+01
   5.0048600e+05   3.2165527e+01
   5.1574800e+05   4.3884277e+01
   5.1687100e+05   3.2958984e+01
   5.1694000e+05   3.3813477e+01
   5.1697200e+05   1.0058594e+02
   5.1729300e+05   3.5705566e+01
   5.2820300e+05   3.3508301e+01
   5.3376400e+05   3.6132813e+01
   5.3985900e+05   3.8940430e+01
   5.4224200e+05   3.9306641e+01
   5.5773200e+05   4.4006348e+01
   5.6288700e+05   3.3996582e+01
   5.6301600e+05   3.6560059e+01
   5.6310600e+05   1.1572266e+02
   5.6312300e+05   3.1982422e+01
   5.6802800e+05   4.0039063e+01
   5.7332900e+05   3.7597656e+01
   5.7887600e+05   3.2104492e+01
   5.7899500e+05   1.1114502e+02
   5.8821400e+05   3.4179688e+01
   5.8927600e+05   3.6499023e+01
   5.9994000e+05   3.3142090e+01
   6.0104700e+05   4.1748047e+01
   6.1134300e+05   4.1076660e+01
   6.1674200e+05   4.0344238e+01
   6.1693600e+05   1.0620117e+02
   6.1711900e+05   3.4240723e+01
   6.2609100e+05   3.2958984e+01
   6.3215800e+05   3.6682129e+01
   6.3794500e+05   3.1799316e+01
   6.3885200e+05   4.3640137e+01
   6.3890000e+05   1.0125732e+02
   6.3921000e+05   1.0351563e+02
   6.3924500e+05   3.3813477e+01
   6.5105900e+05   3.4545898e+01
   6.5194800e+05   3.3508301e+01
   6.5200200e+05   4.2053223e+01
   6.5206400e+05   1.1010742e+02
   6.6083300e+05   4.1442871e+01
   6.6237400e+05   3.9855957e+01
   6.6248600e+05   1.0064697e+02
   6.6250400e+05   3.5644531e+01
   6.8275800e+05   3.6071777e+01
   6.8359700e+05   3.7231445e+01
   6.8372300e+05   1.0589600e+02
   6.9625900e+05   3.4240723e+01
   6.9747900e+05   3.8513184e+01
   6.9757200e+05   1.0400391e+02
   6.9764100e+05   3.3630371e+01
   7.1777600e+05   3.4606934e+01
   7.1855500e+05   3.6437988e+01
   7.1869500e+05   1.0614014e+02
   7.2806200e+05   4.0283203e+01
   7.4247000e+05   3.6193848e+01
   7.5449000e+05   4.0161133e+01
   7.5890400e+05   3.6193848e+01
   7.5911600e+05   1.0766602e+02
   7.7332600e+05   3.3874512e+01
   7.7341200e+05   1.0461426e+02
   7.7393700e+05   3.4790039e+01
   7.8851000e+05   3.6560059e+01
   7.9941800e+05   4.4067383e+01
   8.0538900e+05   3.6193848e+01
   8.1205800e+05   3.6132813e+01
   8.1998900e+05   3.5827637e+01
   8.2254900e+05   3.9062500e+01
   8.2359200e+05   3.3386230e+01
   8.2863900e+05   3.4057617e+01
   8.3331100e+05   3.4484863e+01
   8.4293000e+05   3.1921387e+01
   8.4640300e+05   4.1625977e+01
   8.4666500e+05   9.9548340e+01
   8.5197700e+05   4.5532227e+01
   8.5713100e+05   3.9184570e+01
   8.6804500e+05   3.5095215e+01
   8.6952700e+05   3.7414551e+01
   8.7464000e+05   3.5217285e+01
   8.8761700e+05   3.7658691e+01
   8.9420900e+05   3.4851074e+01
   8.9733800e+05   4.0832520e+01
   9.0376400e+05   3.3630371e+01
   9.0719000e+05   3.4790039e+01
   9.2303800e+05   3.3081055e+01
   9.2740300e+05   3.5949707e+01
   9.3044300e+05   3.3447266e+01
   9.3449800e+05   3.4118652e+01
   9.4057500e+05   3.3020020e+01
   9.4071200e+05   3.8574219e+01
   9.5309000e+05   4.0405273e+01
   9.6239800e+05   3.9001465e+01
   9.6251700e+05   3.2104492e+01
   9.7461100e+05   3.5827637e+01
   9.7933200e+05   4.0649414e+01
   9.8203000e+05   3.1982422e+01
   9.9286100e+05   3.5034180e+01
   9.9576800e+05   4.4921875e+01
   1.0032260e+06   3.3874512e+01
   1.0093160e+06   4.0039063e+01
   1.0131760e+06   3.8757324e+01
   1.0223180e+06   3.3447266e+01
   1.0316730e+06   3.2714844e+01
   1.0396020e+06   4.0405273e+01
   1.0500020e+06   3.4179688e+01
   1.0641830e+06   3.4057617e+01
   1.0666890e+06   3.5583496e+01
   1.0810710e+06   4.1076660e+01
   1.0892420e+06   3.7170410e+01
   1.0893430e+06   1.0980225e+02
   1.0964790e+06   3.1982422e+01
   1.1087290e+06   3.7536621e+01
   1.1195150e+06   3.3935547e+01
   1.1196220e+06   5.9082031e+01
   1.1196590e+06   5.6213379e+01
   1.1196910e+06   5.3771973e+01
   1.1197050e+06   1.0418701e+02
   1.1197400e+06   4.4006348e+01
   1.1197600e+06   5.8776855e+01
   1.1197760e+06   3.4667969e+01
   1.1197990e+06   6.7199707e+01
   1.1198270e+06   4.1137695e+01
   1.1198400e+06   3.7109375e+01
   1.1198750e+06   3.5522461e+01
   1.1199030e+06   4.9133301e+01
   1.1199330e+06   3.7353516e+01
   1.1200130e+06   3.5339355e+01
   1.1201210e+06   3.6254883e+01
   1.1201870e+06   3.3264160e+01
   1.1202560e+06   3.1921387e+01
   1.1211810e+06   3.5522461e+01
   1.1215700e+06   3.4484863e+01
   1.1220540e+06   3.4484863e+01
   1.1225300e+06   3.6132813e+01
   1.1228360e+06   3.3142090e+01
   1.1231420e+06   3.5949707e+01
   1.1234750e+06   3.7048340e+01
   1.1238160e+06   3.3935547e+01
   1.1351480e+06   3.9733887e+01
   1.1398890e+06   4.3151855e+01
   1.1427210e+06   4.1198730e+01
   1.1457190e+06   3.8269043e+01
   1.1491000e+06   3.6804199e+01
   1.1535480e+06   3.8330078e+01
   1.1586020e+06   3.1860352e+01
   1.1609150e+06   3.4912109e+01
   1.1635440e+06   3.3813477e+01
   1.1674220e+06   3.3691406e+01
   1.1699890e+06   3.2287598e+01
   1.1737990e+06   3.3142090e+01
   1.1812520e+06   3.3325195e+01
   1.1834980e+06   3.3386230e+01
   1.1908550e+06   3.4973145e+01
   1.1959080e+06   4.0344238e+01
   1.1997650e+06   3.5766602e+01
   1.2055540e+06   3.2043457e+01
   1.2072440e+06   3.2348633e+01
   1.2156690e+06   3.2836914e+01
   1.2180960e+06   3.4790039e+01
   1.2239220e+06   4.9133301e+01
   1.2280690e+06   3.4484863e+01
   1.2297330e+06   3.3874512e+01
   1.2304170e+06   1.1566162e+02
   1.2305290e+06   3.3203125e+01
   1.2329470e+06   3.6132813e+01
   1.2330750e+06   5.4504395e+01
   1.2331170e+06   3.2653809e+01
   1.2331490e+06   4.1076660e+01
   1.2331720e+06   3.9062500e+01
   1.2331860e+06   1.0351563e+02
   1.2332130e+06   3.3813477e+01
   1.2332240e+06   5.2307129e+01
   1.2332410e+06   3.6071777e+01
   1.2332690e+06   8.1481934e+01
   1.2333050e+06   3.4484863e+01
   1.2333180e+06   4.4677734e+01
   1.2333440e+06   4.0588379e+01
   1.2333590e+06   5.0659180e+01
   1.2333750e+06   5.0231934e+01
   1.2333900e+06   4.1015625e+01
   1.2334390e+06   3.2470703e+01
   1.2335340e+06   5.0720215e+01
   1.2335960e+06   3.3752441e+01
   1.2337380e+06   3.6437988e+01
   1.2338930e+06   3.6132813e+01
   1.2342230e+06   6.2194824e+01
   1.2348310e+06   3.5888672e+01
   1.2352050e+06   3.2287598e+01
   1.2354040e+06   3.5095215e+01
   1.2356140e+06   3.2409668e+01
   1.2358520e+06   3.2043457e+01
   1.2360880e+06   3.2592773e+01
   1.2363630e+06   3.2043457e+01
   1.2366970e+06   3.4301758e+01
   1.2370230e+06   4.1564941e+01
   1.2373600e+06   3.3142090e+01
   1.2377960e+06   3.6682129e+01
   1.2385740e+06   3.3020020e+01
   1.2585550e+06   4.0954590e+01
   1.2617530e+06   3.1860352e+01
   1.2648240e+06   3.2226563e+01
   1.2708270e+06   3.6621094e+01
   1.2738190e+06   3.1860352e+01
   1.2793150e+06   3.3386230e+01
   1.2893520e+06   3.1921387e+01
   1.2932030e+06   3.4973145e+01
   1.2960680e+06   3.8818359e+01
   1.3001940e+06   3.2897949e+01
   1.3021040e+06   3.9550781e+01
   1.3053150e+06   3.6560059e+01
   1.3075620e+06   3.7170410e+01
   1.3127360e+06   3.2897949e+01
   1.3191300e+06   3.2958984e+01
   1.3244430e+06   3.7170410e+01
   1.3268890e+06   3.2714844e+01
   1.3331460e+06   3.4484863e+01
   1.3390610e+06   3.4484863e+01
   1.3416620e+06   3.2104492e+01
   1.3507160e+06   3.8574219e+01
   1.3532120e+06   3.2592773e+01
   1.3593490e+06   3.7109375e+01
   1.3634070e+06   3.5888672e+01
   1.3652960e+06   3.3020020e+01
   1.3657190e+06   1.0742188e+02
   1.3660000e+06   3.2714844e+01
   1.3674780e+06   3.4484863e+01
   1.3843310e+06   4.0832520e+01
   1.4163980e+06   3.5522461e+01
   1.4185360e+06   3.6804199e+01
   1.4186260e+06   1.2023926e+02
   1.4190840e+06   3.9184570e+01
   1.4278930e+06   3.6560059e+01
   1.4304550e+06   3.3569336e+01
   1.4401790e+06   3.4667969e+01
   1.4460600e+06   3.6987305e+01
   1.4465650e+06   3.2714844e+01
   1.4585810e+06   3.1921387e+01
   1.4698860e+06   3.3203125e+01
   1.4846150e+06   3.3386230e+01
   1.5032120e+06   3.2897949e+01
   1.5068460e+06   9.8449707e+01
   1.5070410e+06   4.2419434e+01
   1.5070700e+06   3.4606934e+01
   1.5070840e+06   9.3627930e+01
   1.5223130e+06   3.4484863e+01
   1.5276340e+06   3.4973145e+01
   1.5303520e+06   3.7780762e+01
   1.5348130e+06   4.0527344e+01
   1.5431140e+06   3.8330078e+01
   1.5470220e+06   3.9611816e+01
   1.5471910e+06   1.0400391e+02
   1.5472530e+06   3.9001465e+01
   1.5474230e+06   4.0344238e+01
   1.5476100e+06   9.4482422e+01
   1.5660750e+06   3.5583496e+01
   1.5686750e+06   3.4851074e+01
   1.5687250e+06   3.8452148e+01
   1.5688270e+06   1.1956787e+02
   1.5873010e+06   3.4973145e+01
   1.5879200e+06   3.4851074e+01
   1.5887450e+06   4.3212891e+01
   1.5890420e+06   4.8706055e+01
   1.5893590e+06   3.6804199e+01
   1.5893980e+06   3.6010742e+01
   1.6192370e+06   3.3935547e+01
   1.6225250e+06   3.2531738e+01
   1.6325660e+06   4.6203613e+01
   1.6326730e+06   1.1029053e+02
   1.6561540e+06   3.5095215e+01
   1.6594540e+06   4.5043945e+01
   1.6653370e+06   3.5400391e+01
   1.6668610e+06   3.2226563e+01
   1.6679120e+06   4.3273926e+01
   1.6687560e+06   3.7902832e+01
   1.6690160e+06   5.5541992e+01
   1.6690540e+06   4.5043945e+01
   1.6690830e+06   3.8146973e+01
   1.6691330e+06   4.2175293e+01
   1.6691910e+06   3.2348633e+01
   1.6692010e+06   1.0351563e+02
   1.6692390e+06   4.2419434e+01
   1.6693050e+06   8.4106445e+01
   1.6693480e+06   3.2958984e+01
   1.6693700e+06   4.9621582e+01
   1.6694510e+06   7.0617676e+01
   1.6694750e+06   3.6376953e+01
   1.6694940e+06   3.5766602e+01
   1.6695620e+06   3.9184570e+01
   1.6696270e+06   4.5227051e+01
   1.6696490e+06   3.3813477e+01
   1.6696650e+06   3.6560059e+01
   1.6706770e+06   3.4484863e+01
   1.6708800e+06   3.3325195e+01
   1.6711190e+06   3.5461426e+01
   1.6713460e+06   3.3081055e+01
   1.6715410e+06   3.5156250e+01
   1.6718280e+06   3.9367676e+01
   1.6721580e+06   3.7475586e+01
   1.6724730e+06   3.5583496e+01
   1.6729350e+06   4.2541504e+01
   1.6733850e+06   3.2470703e+01
   1.6820790e+06   3.8146973e+01
   1.6858700e+06   4.2175293e+01
   1.6967180e+06   3.5156250e+01
   1.6981160e+06   3.6499023e+01
   1.7089780e+06   3.7841797e+01
   1.7127150e+06   3.3264160e+01
   1.7185460e+06   3.9367676e+01
   1.7239900e+06   4.0283203e+01
   1.7345620e+06   3.7536621e+01
   1.7381230e+06   4.3640137e+01
   1.7456640e+06   3.4729004e+01
   1.7481460e+06   3.6865234e+01
   1.7538220e+06   3.6621094e+01
   1.7587680e+06   3.6437988e+01
   1.7619470e+06   3.4973145e+01
   1.7628380e+06   3.2287598e+01
   1.7696750e+06   3.6987305e+01
   1.7724170e+06   3.8574219e+01
   1.7749570e+06   4.2846680e+01
   1.7836790e+06   3.4851074e+01
   1.7837530e+06   1.2530518e+02
   1.7866680e+06   3.3630371e+01
   1.7931240e+06   3.3691406e+01
   1.7985510e+06   3.7231445e+01
   1.7988110e+06   4.5349121e+01
   1.7988410e+06   4.3579102e+01
   1.7988770e+06   1.2640381e+02
   1.7988910e+06   5.3955078e+01
   1.7989130e+06   3.2287598e+01
   1.7989350e+06   6.1218262e+01
   1.7989690e+06   7.2875977e+01
   1.7990270e+06   4.5104980e+01
   1.7990390e+06   4.0100098e+01
   1.7990770e+06   4.2907715e+01
   1.7991050e+06   3.5278320e+01
   1.7991200e+06   5.0415039e+01
   1.7991550e+06   3.5156250e+01
   1.7991970e+06   3.4606934e+01
   1.7992180e+06   3.8513184e+01
   1.7993990e+06   3.6987305e+01
   1.7995760e+06   3.3447266e+01
   1.8004280e+06   3.3874512e+01
   1.8006470e+06   3.2592773e+01
   1.8008950e+06   3.4240723e+01
   1.8011340e+06   3.4118652e+01
   1.8013550e+06   3.4240723e+01
   1.8015650e+06   3.7902832e+01
   1.8018940e+06   4.0161133e+01
   1.8028910e+06   3.5461426e+01
   1.8033950e+06   3.4851074e+01
   1.8107300e+06   3.7780762e+01
   1.8132770e+06   4.2968750e+01
   1.8201100e+06   3.6193848e+01
   1.8245860e+06   3.6926270e+01
   1.8275200e+06   4.0771484e+01
   1.8320070e+06   3.2775879e+01
   1.8410430e+06   3.8696289e+01
   1.8469450e+06   3.3386230e+01
   1.8480970e+06   3.7475586e+01
   1.8529260e+06   3.4118652e+01
   1.8541240e+06   3.5705566e+01
   1.8575420e+06   3.4667969e+01
   1.8608410e+06   3.2287598e+01
   1.8801880e+06   3.8452148e+01
   1.8870080e+06   4.4250488e+01
   1.8884110e+06   3.6315918e+01
   1.8910010e+06   3.5156250e+01
   1.8965820e+06   3.7780762e+01
   1.9003770e+06   3.3264160e+01
   1.9023130e+06   3.3386230e+01
   1.9034240e+06   3.5217285e+01
   1.9123350e+06   4.1809082e+01
   1.9126390e+06   1.1456299e+02
   1.9126620e+06   4.6264648e+01
   1.9126880e+06   6.2194824e+01
   1.9127160e+06   5.2612305e+01
   1.9127510e+06   5.3344727e+01
   1.9127870e+06   1.0058594e+02
   1.9127970e+06   5.4443359e+01
   1.9128420e+06   3.8024902e+01
   1.9128590e+06   3.1860352e+01
   1.9128730e+06   3.3996582e+01
   1.9128940e+06   7.0312500e+01
   1.9129170e+06   3.5461426e+01
   1.9129440e+06   5.5114746e+01
   1.9129560e+06   3.3935547e+01
   1.9129980e+06   3.6437988e+01
   1.9130240e+06   3.5583496e+01
   1.9130480e+06   3.7231445e+01
   1.9130870e+06   3.2348633e+01
   1.9131120e+06   3.4851074e+01
   1.9132340e+06   3.8818359e+01
   1.9133480e+06   4.4006348e+01
   1.9134720e+06   3.3874512e+01
   1.9136700e+06   3.1799316e+01
   1.9149410e+06   3.4667969e+01
   1.9151700e+06   3.4362793e+01
   1.9153810e+06   3.2653809e+01
   1.9159520e+06   3.4301758e+01
   1.9162500e+06   3.9550781e+01
   1.9166500e+06   3.2287598e+01
   1.9174860e+06   3.5461426e+01
   1.9253870e+06   3.6132813e+01
   1.9287470e+06   3.2592773e+01
   1.9402840e+06   3.5400391e+01
   1.9438570e+06   3.3142090e+01
   1.9469410e+06   3.5095215e+01
   1.9511150e+06   3.7536621e+01
   1.9583920e+06   3.5034180e+01
   1.9598670e+06   3.4545898e+01
   1.9649690e+06   3.6987305e+01
   1.9686190e+06   3.1982422e+01
   1.9864290e+06   3.8208008e+01
   1.9907480e+06   3.5095215e+01
   1.9921650e+06   3.2958984e+01
   2.0048900e+06   3.2165527e+01
   2.0149410e+06   3.2043457e+01
   2.0172380e+06   3.7841797e+01
   2.0180620e+06   3.7170410e+01
   2.0185630e+06   3.6743164e+01
   2.0185890e+06   1.1383057e+02
   2.0252240e+06   3.6926270e+01
   2.0455180e+06   3.6804199e+01
   2.0482850e+06   3.5522461e+01
   2.0535160e+06   3.5827637e+01
   2.0592230e+06   3.4057617e+01
   2.0616980e+06   3.3264160e+01
   2.0767370e+06   3.5827637e+01
   2.0786440e+06   3.5339355e+01
   2.0802090e+06   3.6071777e+01
   2.0808770e+06   3.3874512e+01
   2.0822480e+06   3.3203125e+01
   2.0915130e+06   3.3447266e+01
   2.0921360e+06   3.8208008e+01
   2.0938060e+06   3.4484863e+01
   2.0988200e+06   4.1809082e+01
   2.1021210e+06   3.6254883e+01
   2.1117080e+06   3.6315918e+01
   2.1176900e+06   3.6560059e+01
   2.1189780e+06   1.1700439e+02
   2.1191660e+06   9.1125488e+01
   2.1214090e+06   3.3996582e+01
   2.1234970e+06   3.4484863e+01
   2.1248100e+06   9.8693848e+01
   2.1248850e+06   3.3081055e+01
   2.1268880e+06   1.0412598e+02
   2.1269280e+06   3.2348633e+01
   2.1278910e+06   3.2897949e+01
   2.1279430e+06   1.0131836e+02
   2.1496190e+06   3.9245605e+01
   2.1503250e+06   3.3935547e+01
   2.1504460e+06   1.0229492e+02
   2.1689880e+06   3.4423828e+01
   2.1690090e+06   1.0217285e+02
   2.1757840e+06   3.5888672e+01
   2.1860290e+06   3.9001465e+01
   2.1881460e+06   3.5278320e+01
   2.2112690e+06   3.6987305e+01
   2.2119830e+06   3.5339355e+01
   2.2120240e+06   1.0321045e+02
   2.2123480e+06   3.3264160e+01
   2.2267970e+06   3.6132813e+01
   2.2333970e+06   3.2531738e+01
   2.2407290e+06   4.2114258e+01
   2.2499880e+06   3.4057617e+01
   2.2502710e+06   1.0449219e+02
   2.2502930e+06   3.7658691e+01
   2.2503640e+06   3.8452148e+01
   2.2669670e+06   4.0161133e+01
   2.2696740e+06   3.5583496e+01
   2.2697740e+06   1.1016846e+02
   2.2700590e+06   3.7048340e+01
   2.2702060e+06   9.8876953e+01
   2.2703750e+06   3.7048340e+01
   2.2708760e+06   4.9865723e+01
   2.2939480e+06   3.7048340e+01
   2.2950540e+06   3.7353516e+01
   2.3240620e+06   4.0588379e+01
   2.3294530e+06   3.1982422e+01
   2.3381480e+06   3.5583496e+01
   2.3415680e+06   3.9001465e+01
   2.3417760e+06   1.1315918e+02
   2.3418660e+06   7.3242188e+01
   2.3419350e+06   3.3813477e+01
   2.3420650e+06   8.1359863e+01
   2.3426990e+06   9.4787598e+01
   2.3427220e+06   3.6437988e+01
   2.3458340e+06   3.8635254e+01
   2.3459200e+06   1.0583496e+02
   2.3473330e+06   6.2438965e+01
   2.3473960e+06   3.3264160e+01
   2.3474080e+06   3.4362793e+01
   2.3671070e+06   4.7058105e+01
   2.3680610e+06   9.9060059e+01
   2.3858170e+06   3.3447266e+01
   2.3973270e+06   3.2104492e+01
   2.3989560e+06   4.0588379e+01
   2.3994530e+06   3.6315918e+01
   2.4045710e+06   3.8208008e+01
   2.4066490e+06   3.7048340e+01
   2.4068900e+06   1.0736084e+02
   2.4070180e+06   8.4350586e+01
   2.4070820e+06   6.0058594e+01
   2.4071000e+06   4.3884277e+01
   2.4074820e+06   5.0109863e+01
   2.4075160e+06   8.1298828e+01
   2.4289360e+06   3.9001465e+01
   2.4328830e+06   3.2653809e+01
   2.4394910e+06   3.4179688e+01
   2.4402120e+06   3.2226563e+01
   2.4593100e+06   3.1799316e+01
   2.4621700e+06   3.2348633e+01
   2.4686760e+06   3.3325195e+01
   2.4848130e+06   4.3029785e+01
   2.4851050e+06   1.0662842e+02
   2.4851660e+06   4.7485352e+01
   2.4851780e+06   3.9428711e+01
   2.4854280e+06   1.0803223e+02
   2.4855780e+06   8.2458496e+01
   2.4856070e+06   3.1860352e+01
   2.4856540e+06   3.7963867e+01
   2.4857620e+06   3.4790039e+01
   2.4858100e+06   3.4423828e+01
   2.4859960e+06   3.2714844e+01
   2.4861780e+06   3.9855957e+01
   2.4862040e+06   3.2348633e+01
   2.4864020e+06   3.7414551e+01
   2.4866010e+06   4.2236328e+01
   2.4868380e+06   4.5104980e+01
   2.4870820e+06   4.3334961e+01
   2.4873010e+06   3.4606934e+01
   2.4876050e+06   3.3386230e+01
   2.4879150e+06   3.2531738e+01
   2.4884740e+06   4.1564941e+01
   2.4890750e+06   3.4606934e+01
   2.4897080e+06   3.3935547e+01
   2.4905340e+06   3.3081055e+01
   2.4956460e+06   3.1799316e+01
   2.5120280e+06   3.9672852e+01
   2.5225090e+06   3.3447266e+01
   2.5440390e+06   3.7170410e+01
   2.5487080e+06   4.1076660e+01
   2.5532850e+06   3.3569336e+01
   2.5533480e+06   1.1450195e+02
   2.5693740e+06   3.7414551e+01
   2.5770540e+06   3.5949707e+01
   2.5868150e+06   4.0771484e+01
   2.5910980e+06   4.0100098e+01
   2.5911370e+06   1.1035156e+02
   2.5912270e+06   6.5307617e+01
   2.5915300e+06   3.6437988e+01
   2.6072810e+06   3.8452148e+01
   2.6115520e+06   3.1799316e+01
   2.6115960e+06   1.0717773e+02
   2.6230570e+06   3.3569336e+01
   2.6417020e+06   4.2297363e+01
   2.6417760e+06   1.0266113e+02
   2.6419220e+06   7.0251465e+01
   2.6499730e+06   3.6682129e+01
   2.6503920e+06   3.2348633e+01
   2.6507420e+06   3.6254883e+01
   2.6508030e+06   4.2602539e+01
   2.6513820e+06   4.2602539e+01
   2.6520540e+06   1.0278320e+02
   2.6638030e+06   3.9184570e+01
   2.6754740e+06   4.0771484e+01
   2.6864760e+06   3.4667969e+01
   2.6932310e+06   3.4179688e+01
   2.6933740e+06   4.4128418e+01
   2.7029190e+06   3.6499023e+01
   2.7195260e+06   3.9428711e+01
   2.7198390e+06   1.0351563e+02
   2.7199330e+06   3.4973145e+01
   2.7378610e+06   3.5400391e+01
   2.7379900e+06   3.6560059e+01
   2.7380490e+06   1.0668945e+02
   2.7528300e+06   3.6926270e+01
   2.7529760e+06   1.0070801e+02
   2.7530940e+06   4.3701172e+01
   2.7688500e+06   4.3701172e+01
   2.7688800e+06   3.4118652e+01
   2.7689530e+06   1.0101318e+02
   2.7689660e+06   3.3264160e+01
   2.7690670e+06   7.0251465e+01
   2.7865940e+06   3.8513184e+01
   2.7867400e+06   9.6984863e+01
   2.7917370e+06   3.8696289e+01
   2.8078610e+06   3.8146973e+01
   2.8257050e+06   1.0101318e+02
   2.8258210e+06   3.2409668e+01
   2.8261690e+06   3.2043457e+01
   2.8392420e+06   3.5888672e+01
   2.8398960e+06   3.8452148e+01
   2.8622380e+06   4.4128418e+01
   2.8634820e+06   3.7841797e+01
   2.8635260e+06   1.0748291e+02
   2.8739430e+06   3.5583496e+01
   2.8739600e+06   1.0302734e+02
   2.8800970e+06   4.7302246e+01
   2.8801920e+06   1.1022949e+02
   2.8889430e+06   3.2775879e+01
   2.8990750e+06   4.4311523e+01
   2.8992420e+06   1.0595703e+02
   2.8993120e+06   3.2226563e+01
   2.8993660e+06   8.0322266e+01
   2.8998480e+06   4.7729492e+01
   2.9156710e+06   1.0906982e+02
   2.9157490e+06   3.8452148e+01
   2.9157730e+06   7.2265625e+01
   2.9158530e+06   5.3161621e+01
   2.9158910e+06   4.2419434e+01
   2.9349070e+06   3.6071777e+01
   2.9354680e+06   9.6557617e+01
   2.9479290e+06   3.5400391e+01
   2.9582720e+06   3.3874512e+01
   2.9599700e+06   4.1381836e+01
   2.9600380e+06   1.1468506e+02
   2.9601390e+06   6.2500000e+01
   2.9602270e+06   3.9672852e+01
   2.9602440e+06   4.4250488e+01
   2.9606540e+06   3.5034180e+01
   2.9781560e+06   3.6987305e+01
   2.9782170e+06   1.0778809e+02
   2.9920180e+06   3.9978027e+01
   2.9921710e+06   1.1450195e+02
   3.0094760e+06   3.2531738e+01
   3.0096070e+06   1.0571289e+02
   3.0096930e+06   7.2937012e+01
   3.0097260e+06   3.3447266e+01
   3.0246330e+06   3.6499023e+01
   3.0248100e+06   9.8876953e+01
   3.0249910e+06   3.5888672e+01
   3.0404990e+06   3.5339355e+01
   3.0505800e+06   4.4250488e+01
   3.0507330e+06   1.2121582e+02
   3.0508170e+06   3.4790039e+01
   3.0512790e+06   1.0247803e+02
   3.0642810e+06   4.0039063e+01
   3.0648040e+06   3.3264160e+01
   3.0648840e+06   1.1816406e+02
   3.0800540e+06   3.3264160e+01
   3.0910950e+06   4.6997070e+01
   3.1170060e+06   3.4606934e+01
   3.1171050e+06   1.0485840e+02
   3.1175800e+06   4.0832520e+01
   3.1351260e+06   4.0954590e+01
   3.1446750e+06   4.1442871e+01
   3.1647700e+06   1.0852051e+02
   3.1652090e+06   3.4545898e+01
   3.1654870e+06   1.0284424e+02
   3.1776120e+06   4.0588379e+01
   3.1875430e+06   9.6557617e+01
   3.1876460e+06   3.6804199e+01
   3.1878050e+06   9.6130371e+01
   3.2068390e+06   3.5461426e+01
   3.2068640e+06   1.1700439e+02
   3.2072220e+06   3.5522461e+01
   3.2209900e+06   3.9672852e+01
   3.2212170e+06   3.8269043e+01
   3.2212640e+06   1.0168457e+02
   3.2422860e+06   3.9184570e+01
   3.2424050e+06   9.6618652e+01
   3.2425540e+06   3.7353516e+01
   3.2428480e+06   3.6987305e+01
   3.2428730e+06   1.0583496e+02
   3.2429950e+06   3.2653809e+01
   3.2431090e+06   3.6437988e+01
   3.2591960e+06   3.4057617e+01
   3.2594680e+06   9.7106934e+01
   3.2595960e+06   3.4912109e+01
   3.2679890e+06   3.3996582e+01
   3.2729110e+06   3.8696289e+01
   3.2735430e+06   1.0070801e+02
   3.2735610e+06   5.5175781e+01
   3.2736400e+06   5.9570313e+01
   3.2854130e+06   4.7180176e+01
   3.2854720e+06   3.2958984e+01
   3.2972520e+06   3.3142090e+01
   3.3021900e+06   4.8278809e+01
   3.3029260e+06   9.8937988e+01
   3.3031120e+06   3.2958984e+01
   3.3036310e+06   4.2480469e+01
   3.3204870e+06   3.7841797e+01
   3.3427760e+06   3.8574219e+01
   3.3430440e+06   1.0424805e+02
   3.3542500e+06   3.7170410e+01
   3.3715930e+06   4.1015625e+01
   3.3720330e+06   3.3142090e+01
   3.3720520e+06   3.8513184e+01
   3.3721470e+06   3.4606934e+01
   3.3721630e+06   1.2139893e+02
   3.3831210e+06   3.9611816e+01
   3.3840810e+06   3.6437988e+01
   3.3841210e+06   1.0882568e+02
   3.3954360e+06   3.5705566e+01
   3.3958670e+06   3.4790039e+01
   3.3962270e+06   3.3264160e+01
   3.3966560e+06   3.9245605e+01
   3.4240520e+06   3.5644531e+01
   3.4401490e+06   3.7841797e+01
   3.4410340e+06   3.6499023e+01
   3.4520690e+06   4.1564941e+01
   3.4634270e+06   3.5827637e+01
   3.4772780e+06   3.6682129e+01
   3.4881060e+06   3.9794922e+01
   3.4992360e+06   4.3457031e+01
   3.5120580e+06   3.3203125e+01
   3.5225620e+06   1.1108398e+02
   3.5227500e+06   3.2409668e+01
   3.5314370e+06   9.3383789e+01
   3.5315540e+06   8.0871582e+01
   3.5448020e+06   3.7902832e+01
   3.5513110e+06   3.6865234e+01
   3.5562700e+06   4.3762207e+01
   3.5612870e+06   3.2714844e+01
   3.5807870e+06   3.4973145e+01
   3.5858050e+06   3.4240723e+01
   3.5939580e+06   3.5461426e+01
   3.6028460e+06   3.2653809e+01
   3.6107990e+06   3.8391113e+01
   3.6138800e+06   3.7109375e+01
   3.6144670e+06   5.0537109e+01
   3.6144940e+06   3.6560059e+01
   3.6147240e+06   5.5847168e+01
   3.6148450e+06   3.2714844e+01
   3.6149040e+06   3.5705566e+01
   3.6149550e+06   1.0137939e+02
   3.6150530e+06   4.8217773e+01
   3.6152130e+06   4.5959473e+01
   3.6153670e+06   3.3264160e+01
   3.6155040e+06   4.2541504e+01
   3.6157030e+06   3.9733887e+01
   3.6158760e+06   3.4423828e+01
   3.6164730e+06   3.3569336e+01
   3.6168580e+06   3.2897949e+01
   3.6172980e+06   3.2592773e+01
   3.6176690e+06   3.5705566e+01
   3.6181140e+06   3.4057617e+01
   3.6191790e+06   3.6193848e+01
   3.6357380e+06   3.3752441e+01
   3.6404050e+06   4.1748047e+01
   3.6487470e+06   3.4484863e+01
   3.6521180e+06   3.2348633e+01
   3.6568750e+06   3.6865234e+01
   3.6610000e+06   3.3081055e+01
   3.6619340e+06   3.6865234e+01
   3.6620990e+06   3.5888672e+01
   3.6621620e+06   4.2846680e+01
   3.6623780e+06   5.1025391e+01
   3.6625410e+06   3.3508301e+01
   3.6625960e+06   4.2358398e+01
   3.6628120e+06   4.8583984e+01
   3.6628580e+06   1.1450195e+02
   3.6630390e+06   3.9550781e+01
   3.6632960e+06   3.5522461e+01
   3.6635960e+06   3.8940430e+01
   3.6640560e+06   3.4057617e+01
   3.6806180e+06   3.6254883e+01
   3.6821840e+06   3.2470703e+01
   3.6852030e+06   3.6376953e+01
   3.6957200e+06   3.4057617e+01
   3.7064720e+06   3.8085938e+01
   3.7106210e+06   3.3996582e+01
   3.7146420e+06   3.8757324e+01
   3.7270370e+06   3.9978027e+01
   3.7349720e+06   3.3203125e+01
   3.7403750e+06   3.3447266e+01
   3.7518250e+06   3.9123535e+01
   3.7542420e+06   3.7841797e+01
   3.7559890e+06   4.1198730e+01
   3.7569170e+06   4.1687012e+01
   3.7617870e+06   3.4057617e+01
   3.7735720e+06   3.3203125e+01
   3.7864260e+06   3.4423828e+01
   3.7885520e+06   3.8085938e+01
   3.7950050e+06   3.2958984e+01
   3.7967940e+06   3.4606934e+01
   3.8065610e+06   3.3691406e+01
   3.8129060e+06   3.5278320e+01
   3.8178250e+06   3.8940430e+01
   3.8203490e+06   3.6926270e+01
   3.8206640e+06   4.0466309e+01
   3.8209190e+06   3.9428711e+01
   3.8210240e+06   4.5837402e+01
   3.8210770e+06   4.5959473e+01
   3.8210900e+06   6.7932129e+01
   3.8211320e+06   3.6865234e+01
   3.8211600e+06   4.9438477e+01
   3.8211850e+06   1.1230469e+02
   3.8212100e+06   5.4077148e+01
   3.8213030e+06   4.2053223e+01
   3.8213810e+06   4.6203613e+01
   3.8213920e+06   7.1472168e+01
   3.8214370e+06   1.0620117e+02
   3.8215330e+06   5.3466797e+01
   3.8216530e+06   3.4973145e+01
   3.8216890e+06   8.2458496e+01
   3.8219490e+06   3.3935547e+01
   3.8225660e+06   3.9733887e+01
   3.8235420e+06   4.0039063e+01
   3.8243400e+06   3.7292480e+01
   3.8250940e+06   3.7231445e+01
   3.8343480e+06   3.9245605e+01
   3.8372240e+06   4.1137695e+01
   3.8403700e+06   3.2409668e+01
   3.8443900e+06   3.5583496e+01
   3.8486040e+06   3.4973145e+01
   3.8506850e+06   4.0893555e+01
   3.8531130e+06   3.3020020e+01
   3.8561870e+06   3.4179688e+01
   3.8578250e+06   3.4606934e+01
   3.8613120e+06   3.9733887e+01
   3.8627540e+06   3.4179688e+01
   3.8641970e+06   3.4667969e+01
   3.8706390e+06   3.4790039e+01
   3.8727790e+06   3.3691406e+01
   3.8853610e+06   3.3081055e+01
   3.8896460e+06   3.3020020e+01
   3.8932080e+06   3.2714844e+01
   3.8965760e+06   4.1320801e+01
   3.9041460e+06   3.4423828e+01
   3.9089190e+06   3.6621094e+01
   3.9184510e+06   3.6376953e+01
   3.9226920e+06   3.7109375e+01
   3.9245960e+06   3.5705566e+01
   3.9340740e+06   3.4057617e+01
   3.9348880e+06   3.3203125e+01
   3.9353570e+06   4.7180176e+01
   3.9355090e+06   4.7851563e+01
   3.9355260e+06   6.0546875e+01
   3.9355390e+06   1.2933350e+02
   3.9355620e+06   6.2744141e+01
   3.9355930e+06   3.5827637e+01
   3.9356250e+06   3.4973145e+01
   3.9356590e+06   3.5827637e+01
   3.9356960e+06   9.0270996e+01
   3.9357170e+06   3.2409668e+01
   3.9357410e+06   3.3935547e+01
   3.9357680e+06   3.7902832e+01
   3.9358410e+06   6.4575195e+01
   3.9358570e+06   3.6987305e+01
   3.9358870e+06   3.3203125e+01
   3.9359170e+06   3.3142090e+01
   3.9359410e+06   3.9672852e+01
   3.9359670e+06   4.6936035e+01
   3.9360510e+06   3.6743164e+01
   3.9361020e+06   4.4433594e+01
   3.9361820e+06   3.2653809e+01
   3.9361970e+06   3.4057617e+01
   3.9363760e+06   3.5888672e+01
   3.9369860e+06   3.2348633e+01
   3.9371820e+06   3.6987305e+01
   3.9374030e+06   3.4179688e+01
   3.9376140e+06   3.5156250e+01
   3.9378570e+06   4.0222168e+01
   3.9380950e+06   3.6010742e+01
   3.9386460e+06   3.2958984e+01
   3.9389920e+06   4.0283203e+01
   3.9393150e+06   3.3508301e+01
   3.9396780e+06   3.5156250e+01
   3.9526660e+06   3.2409668e+01
   3.9551790e+06   3.5888672e+01
   3.9576380e+06   4.1015625e+01
   3.9610790e+06   3.2958984e+01
   3.9647260e+06   3.5766602e+01
   3.9691370e+06   3.3935547e+01
   3.9731200e+06   3.3813477e+01
   3.9758120e+06   3.9611816e+01
   3.9807840e+06   3.5156250e+01
   3.9822620e+06   3.5217285e+01
   3.9839740e+06   3.6987305e+01
   3.9860410e+06   3.3264160e+01
   3.9910950e+06   3.7536621e+01
   4.0047310e+06   3.2897949e+01
   4.0148180e+06   3.6621094e+01
   4.0174230e+06   3.3935547e+01
   4.0274350e+06   3.6743164e+01
   4.0296100e+06   3.6621094e+01
   4.0332900e+06   3.3508301e+01
   4.0385130e+06   4.1320801e+01
   4.0425930e+06   3.4362793e+01
   4.0479810e+06   3.7658691e+01
   4.0503930e+06   3.4057617e+01
   4.0539210e+06   3.9367676e+01
   4.0593640e+06   4.0954590e+01
   4.0633570e+06   3.3203125e+01
   4.0643380e+06   3.3691406e+01
   4.0764060e+06   3.7414551e+01
   4.0778760e+06   3.5400391e+01
   4.0834480e+06   3.8757324e+01
   4.0857430e+06   3.7902832e+01
   4.0885480e+06   3.8208008e+01
   4.0940880e+06   3.3752441e+01
   4.0981720e+06   3.7231445e+01
   4.1001980e+06   3.7048340e+01
   4.1025220e+06   3.2958984e+01
   4.1101930e+06   3.3447266e+01
   4.1130950e+06   3.5339355e+01
   4.1170720e+06   3.5766602e+01
   4.1222410e+06   3.5156250e+01
   4.1356270e+06   3.4301758e+01
   4.1370990e+06   3.5034180e+01
   4.1375190e+06   3.2470703e+01
   4.1378010e+06   3.8269043e+01
   4.1380650e+06   5.3955078e+01
   4.1381440e+06   5.0476074e+01
   4.1381930e+06   3.4301758e+01
   4.1382360e+06   3.3813477e+01
   4.1382700e+06   4.2785645e+01
   4.1384040e+06   3.9733887e+01
   4.1384530e+06   4.1259766e+01
   4.1384660e+06   1.0113525e+02
   4.1386340e+06   3.3691406e+01
   4.1388150e+06   3.6315918e+01
   4.1390370e+06   3.5339355e+01
   4.1393030e+06   3.5766602e+01
   4.1396750e+06   3.3996582e+01
   4.1401570e+06   3.6987305e+01
   4.1406810e+06   3.6743164e+01
   4.1505450e+06   3.4423828e+01
   4.1556760e+06   3.4484863e+01
   4.1643740e+06   3.6926270e+01
   4.1676380e+06   3.5217285e+01
   4.1723390e+06   3.3569336e+01
   4.1752710e+06   3.5644531e+01
   4.1779960e+06   4.0405273e+01
   4.1868420e+06   3.5095215e+01
   4.1923390e+06   3.5461426e+01
   4.1983360e+06   3.3081055e+01
   4.2092380e+06   3.9550781e+01
   4.2148610e+06   3.3630371e+01
   4.2177280e+06   3.2348633e+01
   4.2298890e+06   3.7658691e+01
   4.2375050e+06   3.3935547e+01
   4.2398020e+06   3.5156250e+01
   4.2502440e+06   3.7109375e+01
   4.2576020e+06   4.4982910e+01
   4.2662980e+06   3.9367676e+01
   4.2683150e+06   3.4362793e+01
   4.2695880e+06   3.4484863e+01
   4.2729570e+06   3.5827637e+01
   4.2840960e+06   3.9062500e+01
   4.2857980e+06   3.7170410e+01
   4.2940450e+06   3.7353516e+01
   4.2950160e+06   3.9367676e+01
   4.2992570e+06   3.6499023e+01
   4.3054410e+06   3.5705566e+01
   4.3087490e+06   3.4545898e+01
   4.3122860e+06   3.4423828e+01
   4.3138330e+06   3.2958984e+01
   4.3142620e+06   3.3752441e+01
   4.3149100e+06   5.1635742e+01
   4.3152730e+06   4.0405273e+01
   4.3278230e+06   4.6508789e+01
   4.3466390e+06   3.3935547e+01
   4.3500030e+06   4.1320801e+01
   4.3531730e+06   4.1381836e+01
   4.3571010e+06   3.2470703e+01
   4.3615930e+06   3.2775879e+01
   4.3632260e+06   3.5339355e+01
   4.3673620e+06   3.4545898e+01
   4.3738480e+06   3.3386230e+01
   4.3751250e+06   3.3508301e+01
   4.3791110e+06   3.4118652e+01
   4.3923640e+06   3.7475586e+01
   4.3946600e+06   3.4484863e+01
   4.3985170e+06   3.7292480e+01
   4.4024720e+06   3.2958984e+01
   4.4036350e+06   3.4301758e+01
   4.4042060e+06   3.3935547e+01
   4.4047630e+06   3.3874512e+01
   4.4167680e+06   3.6926270e+01
   4.4261010e+06   3.5583496e+01
   4.4315770e+06   3.4362793e+01
   4.4321320e+06   3.6987305e+01
   4.4336430e+06   3.4912109e+01
   4.4463590e+06   3.2531738e+01
   4.4554010e+06   4.0283203e+01
   4.4631550e+06   3.3630371e+01
   4.4820180e+06   3.8391113e+01
   4.4906690e+06   3.5400391e+01
   4.4955830e+06   3.4729004e+01
   4.4983740e+06   3.5278320e+01
   4.5038430e+06   3.5583496e+01
   4.5129470e+06   3.4179688e+01
   4.5144440e+06   3.4240723e+01
   4.5173660e+06   3.6315918e+01
   4.5197020e+06   3.5827637e+01
   4.5253470e+06   3.4545898e+01
   4.5308910e+06   3.7658691e+01
   4.5326400e+06   3.5949707e+01
   4.5384970e+06   3.7170410e+01
   4.5423420e+06   4.1015625e+01
   4.5472500e+06   3.3752441e+01
   4.5509940e+06   3.2348633e+01
   4.5559590e+06   3.3996582e+01
   4.5692160e+06   3.2348633e+01
   4.5714570e+06   3.3630371e+01
   4.5743450e+06   3.4301758e+01
   4.5768030e+06   3.4484863e+01
   4.5811250e+06   3.9184570e+01
   4.5865770e+06   3.2897949e+01
   4.5938430e+06   3.2653809e+01
   4.6035820e+06   3.4606934e+01
   4.6056800e+06   4.0039063e+01
   4.6095630e+06   3.3264160e+01
   4.6203970e+06   3.3264160e+01
   4.6271330e+06   3.8513184e+01
   4.6287920e+06   3.5766602e+01
   4.6365180e+06   3.2836914e+01
   4.6399930e+06   3.2775879e+01
   4.6557810e+06   3.8574219e+01
   4.6579260e+06   3.4851074e+01
   4.6621050e+06   3.3935547e+01
   4.6651620e+06   3.7414551e+01
   4.6674280e+06   3.5095215e+01
   4.6687320e+06   3.4667969e+01
   4.6744770e+06   3.2653809e+01
   4.6765660e+06   3.5644531e+01
   4.6813800e+06   3.4240723e+01
   4.6838570e+06   3.3508301e+01
   4.6878960e+06   3.8452148e+01
   4.6891470e+06   4.0405273e+01
   4.7001450e+06   3.7963867e+01
   4.7034330e+06   3.3203125e+01
   4.7102910e+06   4.0710449e+01
   4.7149400e+06   3.2897949e+01
   4.7217740e+06   4.0100098e+01
   4.7332660e+06   3.6865234e+01
   4.7392490e+06   3.3813477e+01
   4.7419560e+06   3.3386230e+01
   4.7507500e+06   3.5034180e+01
   4.7531010e+06   3.3447266e+01
   4.7561500e+06   3.5400391e+01
   4.7585090e+06   3.9672852e+01
   4.7608030e+06   3.6193848e+01
   4.7635490e+06   3.7109375e+01
   4.7671500e+06   3.4179688e+01
   4.7746960e+06   3.2836914e+01
   4.7794750e+06   3.4301758e+01
   4.7899930e+06   4.3457031e+01
   4.8073700e+06   3.3325195e+01
   4.8136960e+06   3.4729004e+01
   4.8174330e+06   3.5644531e+01
   4.8240860e+06   3.4790039e+01
   4.8279060e+06   3.7414551e+01
   4.8310420e+06   3.9367676e+01
   4.8355290e+06   3.2775879e+01
   4.8432790e+06   3.6010742e+01
   4.8553880e+06   3.4667969e+01
   4.8622000e+06   4.4250488e+01
   4.8671880e+06   3.5644531e+01
   4.8704150e+06   4.1137695e+01
   4.8774840e+06   3.4912109e+01
   4.8817170e+06   3.4240723e+01
   4.8932800e+06   3.7902832e+01
   4.8943810e+06   3.9550781e+01
   4.8956880e+06   3.4729004e+01
   4.9086490e+06   3.9916992e+01
   4.9199060e+06   3.6621094e+01
   4.9226410e+06   4.3945313e+01
   4.9267780e+06   3.7902832e+01
   4.9285630e+06   3.8208008e+01
   4.9337700e+06   3.9001465e+01
   4.9455210e+06   3.7231445e+01
   4.9539990e+06   3.4545898e+01
   4.9669820e+06   3.5827637e+01
   4.9712030e+06   3.4301758e+01
   4.9775990e+06   3.7597656e+01
   4.9816960e+06   3.4790039e+01
   4.9888490e+06   3.2653809e+01
   4.9912870e+06   3.6193848e+01
   4.9932250e+06   3.5705566e+01
   4.9973580e+06   3.4729004e+01
   5.0005510e+06   3.3081055e+01
   5.0041330e+06   3.4301758e+01
   5.0079800e+06   3.3569336e+01
   5.0111320e+06   3.4057617e+01
   5.0215440e+06   4.0588379e+01
   5.0234390e+06   3.4301758e+01
   5.0265780e+06   3.4973145e+01
   5.0342680e+06   3.3142090e+01
   5.0413480e+06   3.2836914e+01
   5.0522970e+06   4.2846680e+01
   5.0543680e+06   3.3081055e+01
   5.0604990e+06   3.3020020e+01
   5.0654080e+06   3.3569336e+01
   5.0697170e+06   3.5095215e+01
   5.0757040e+06   3.3020020e+01
   5.0832950e+06   3.5034180e+01
   5.0959460e+06   3.5827637e+01
   5.1028440e+06   3.2836914e+01
   5.1095190e+06   3.5034180e+01
   5.1135520e+06   3.8879395e+01
   5.1164560e+06   3.6132813e+01
   5.1214730e+06   3.7963867e+01
   5.1279920e+06   3.5827637e+01
   5.1474100e+06   3.4545898e+01
   5.1557000e+06   3.9245605e+01
   5.1578190e+06   3.6193848e+01
   5.1646810e+06   3.5583496e+01
   5.1666620e+06   3.2409668e+01
   5.1697900e+06   3.4240723e+01
   5.1819780e+06   3.7475586e+01
   5.1854530e+06   3.8330078e+01
   5.1904000e+06   3.7353516e+01
   5.1930650e+06   3.2653809e+01
   5.1968610e+06   3.4973145e+01
   5.2076260e+06   3.4851074e+01
   5.2138850e+06   3.7658691e+01
   5.2216890e+06   3.4484863e+01
   5.2291700e+06   3.6193848e+01
   5.2325040e+06   3.3142090e+01
   5.2355290e+06   3.5705566e+01
   5.2395580e+06   4.4494629e+01
   5.2432760e+06   3.3264160e+01
   5.2476880e+06   3.3264160e+01
   5.2515420e+06   3.4179688e+01
   5.2541800e+06   3.5583496e+01
   5.2602950e+06   3.7231445e+01
   5.2618730e+06   3.3691406e+01
   5.2645120e+06   3.4179688e+01
   5.2682230e+06   3.2531738e+01
   5.2718100e+06   3.4851074e+01
   5.2756110e+06   4.1381836e+01
   5.2855120e+06   3.3264160e+01
   5.2918560e+06   3.2348633e+01
   5.2955880e+06   3.4118652e+01
   5.2994160e+06   3.8391113e+01
   5.3061290e+06   3.3752441e+01
   5.3100990e+06   3.9001465e+01
   5.3137380e+06   3.9978027e+01
   5.3172950e+06   3.2836914e+01
   5.3217130e+06   3.7292480e+01
   5.3250990e+06   3.2958984e+01
   5.3369910e+06   3.4362793e+01
   5.3402360e+06   3.3813477e+01
   5.3445680e+06   3.5766602e+01
   5.3467660e+06   3.4545898e+01
   5.3533630e+06   3.3081055e+01
   5.3558410e+06   3.3447266e+01
   5.3600020e+06   3.2592773e+01
   5.3633580e+06   3.6743164e+01
   5.3660650e+06   3.5583496e+01
   5.3687390e+06   3.9123535e+01
   5.3801380e+06   3.6743164e+01
   5.3813680e+06   3.4973145e+01
   5.3840140e+06   3.2470703e+01
   5.3880340e+06   3.6499023e+01
   5.3897190e+06   3.6254883e+01
   5.4022490e+06   3.6682129e+01
   5.4094070e+06   3.8391113e+01
   5.4130120e+06   3.6743164e+01
   5.4171920e+06   3.8818359e+01
   5.4207380e+06   3.5461426e+01
   5.4252090e+06   3.2714844e+01
   5.4280990e+06   3.5095215e+01
   5.4423370e+06   3.3020020e+01
   5.4451340e+06   3.2348633e+01
   5.4479150e+06   3.6865234e+01
   5.4525550e+06   4.1442871e+01
   5.4559200e+06   3.2470703e+01
   5.4580150e+06   4.0039063e+01
   5.4645360e+06   3.4851074e+01
   5.4717610e+06   3.9489746e+01
   5.4746730e+06   3.8635254e+01
   5.4800680e+06   3.3081055e+01
   5.4837780e+06   3.8574219e+01
   5.4871140e+06   3.4240723e+01
   5.4916820e+06   3.7658691e+01
   5.4931310e+06   4.1320801e+01
   5.4959120e+06   3.8391113e+01
   5.5042570e+06   4.1748047e+01
   5.5071670e+06   3.2592773e+01
   5.5140590e+06   3.4973145e+01
   5.5186240e+06   3.8452148e+01
   5.5212040e+06   3.2470703e+01
   5.5227000e+06   3.3203125e+01
   5.5254760e+06   4.0527344e+01
   5.5379990e+06   3.3935547e+01
   5.5405470e+06   3.6621094e+01
   5.5482310e+06   3.5522461e+01
   5.5502320e+06   3.6499023e+01
   5.5531370e+06   3.6010742e+01
   5.5558620e+06   3.2958984e+01
   5.5593600e+06   3.2958984e+01
   5.5656500e+06   3.2592773e+01
   5.5683830e+06   3.8513184e+01
   5.5715270e+06   3.6804199e+01
   5.5748710e+06   3.3020020e+01
   5.5807320e+06   3.3691406e+01
   5.5842990e+06   3.4912109e+01
   5.5871870e+06   3.2531738e+01
   5.5897230e+06   3.8574219e+01
   5.5930490e+06   3.4240723e+01
   5.5987180e+06   3.3020020e+01
   5.6213100e+06   3.7841797e+01
   5.6245410e+06   3.4301758e+01
   5.6267530e+06   3.5705566e+01
   5.6366290e+06   3.6193848e+01
   5.6374640e+06   3.4301758e+01
   5.6513480e+06   3.4851074e+01
   5.6612070e+06   3.4423828e+01
   5.6736280e+06   3.2775879e+01
   5.6794950e+06   3.5034180e+01
   5.6848730e+06   3.3996582e+01
   5.6938480e+06   3.6437988e+01
   5.6968260e+06   3.3142090e+01
   5.6993960e+06   3.3386230e+01
   5.7043470e+06   3.3386230e+01
   5.7076560e+06   3.3081055e+01
   5.7122860e+06   3.4790039e+01
   5.7150210e+06   3.6621094e+01
   5.7194460e+06   3.3996582e+01
   5.7217180e+06   3.6682129e+01
   5.7252570e+06   3.3142090e+01
   5.7267880e+06   3.4301758e+01
   5.7303670e+06   3.5339355e+01
   5.7333880e+06   3.6071777e+01
   5.7411170e+06   3.3630371e+01
   5.7440780e+06   3.5339355e+01
   5.7462290e+06   3.8818359e+01
   5.7481550e+06   3.2409668e+01
   5.7487500e+06   3.9489746e+01
   5.7558600e+06   3.5705566e+01
   5.7613890e+06   3.2531738e+01
   5.7646030e+06   3.4484863e+01
   5.7682600e+06   3.3935547e+01
   5.7714260e+06   3.3325195e+01
   5.7736990e+06   3.6743164e+01
   5.7828160e+06   3.4851074e+01
   5.7902440e+06   3.4240723e+01
   5.7952090e+06   3.2897949e+01
   5.8037380e+06   3.6193848e+01
   5.8063320e+06   3.6682129e+01
   5.8121170e+06   3.8696289e+01
   5.8180020e+06   3.2897949e+01
   5.8223980e+06   3.6926270e+01
   5.8247490e+06   3.2592773e+01
   5.8284220e+06   3.4179688e+01
   5.8310000e+06   3.6804199e+01
   5.8365970e+06   3.6743164e+01
   5.8443200e+06   3.4301758e+01
   5.8455090e+06   3.2348633e+01
   5.8495580e+06   3.3874512e+01
   5.8526450e+06   3.6499023e+01
   5.8553740e+06   3.6560059e+01
   5.8579000e+06   3.5034180e+01
   5.8607230e+06   4.4616699e+01
   5.8627520e+06   3.3386230e+01
   5.8640020e+06   3.6071777e+01
   5.8727770e+06   3.8208008e+01
   5.8781330e+06   3.3203125e+01
   5.8874810e+06   3.8330078e+01
   5.8902520e+06   3.4423828e+01
   5.8930450e+06   3.2409668e+01
   5.8956610e+06   3.8513184e+01
   5.9067420e+06   3.7963867e+01
   5.9094470e+06   3.6437988e+01
   5.9143740e+06   3.8146973e+01
   5.9176980e+06   3.3996582e+01
   5.9232150e+06   3.6254883e+01
   5.9262170e+06   3.5888672e+01
   5.9359390e+06   3.6193848e+01
   5.9386250e+06   3.2653809e+01
   5.9531580e+06   3.2348633e+01
   5.9640890e+06   3.5217285e+01
   5.9669020e+06   3.6071777e+01
   5.9695500e+06   3.4545898e+01
   5.9724710e+06   3.3020020e+01
   5.9756730e+06   3.3264160e+01
   5.9813200e+06   3.4606934e+01
   5.9844580e+06   3.5339355e+01
   5.9901270e+06   3.8696289e+01
   5.9974450e+06   3.7109375e+01
   6.0029230e+06   3.3630371e+01
   6.0055500e+06   3.7780762e+01
   6.0207360e+06   3.3630371e+01
   6.0241010e+06   3.2592773e+01
   6.0270870e+06   3.3203125e+01
   6.0325370e+06   3.5766602e+01
   6.0430860e+06   3.8330078e+01
   6.0457940e+06   3.7475586e+01
   6.0503510e+06   3.3752441e+01
   6.0539820e+06   3.5400391e+01
   6.0594370e+06   3.2653809e+01
   6.0775310e+06   3.4179688e+01
   6.0806070e+06   3.2653809e+01
   6.0857960e+06   3.7170410e+01
   6.0887930e+06   3.4179688e+01
   6.0914330e+06   3.3508301e+01
   6.0966530e+06   3.3874512e+01
   6.1041080e+06   3.5339355e+01
   6.1161900e+06   3.7902832e+01
   6.1212430e+06   3.3630371e+01
   6.1242510e+06   3.4301758e+01
   6.1381880e+06   3.7292480e+01
   6.1441660e+06   4.1320801e+01
   6.1512690e+06   3.2592773e+01
   6.1555880e+06   3.3020020e+01
   6.1640980e+06   3.5034180e+01
   6.1662230e+06   3.3386230e+01
   6.1715500e+06   3.3142090e+01
   6.1767250e+06   3.3874512e+01
   6.1835730e+06   3.3264160e+01
   6.1893000e+06   3.5339355e+01
   6.1905030e+06   3.5705566e+01
   6.1966390e+06   3.6743164e+01
   6.1992040e+06   3.3508301e+01
   6.2060920e+06   3.6865234e+01
   6.2157420e+06   3.5827637e+01
   6.2185860e+06   3.7780762e+01
   6.2218750e+06   3.9489746e+01
   6.2261680e+06   3.3142090e+01
   6.2295220e+06   3.3020020e+01
   6.2353510e+06   3.3691406e+01
   6.2445460e+06   3.9245605e+01
   6.2475410e+06   3.2958984e+01
   6.2512000e+06   3.2592773e+01
   6.2554710e+06   3.5217285e+01
   6.2580490e+06   3.6437988e+01
   6.2660270e+06   3.4423828e+01
   6.2697310e+06   3.4912109e+01
   6.2729880e+06   3.6132813e+01
   6.2782520e+06   3.2409668e+01
   6.2800750e+06   3.2531738e+01
   6.2843910e+06   4.1137695e+01
   6.2878600e+06   3.4362793e+01
   6.2932990e+06   3.2714844e+01
   6.2974410e+06   3.4423828e+01
   6.3087190e+06   3.6376953e+01
   6.3114880e+06   3.3691406e+01
   6.3176890e+06   3.2592773e+01
   6.3203390e+06   3.5278320e+01
   6.3254610e+06   4.1992188e+01
   6.3376680e+06   3.8635254e+01
   6.3407740e+06   3.5766602e+01
   6.3431420e+06   3.3325195e+01
   6.3484260e+06   3.6254883e+01
   6.3634100e+06   3.7475586e+01
   6.3731440e+06   3.4362793e+01
   6.3744950e+06   3.3569336e+01
   6.3771900e+06   3.2470703e+01
   6.3846080e+06   3.2958984e+01
   6.4048900e+06   3.6071777e+01
   6.4089110e+06   3.8635254e+01
   6.4101480e+06   3.9001465e+01
   6.4196050e+06   3.2836914e+01
   6.4234980e+06   3.6621094e+01
   6.4279480e+06   4.1259766e+01
   6.4317000e+06   4.1748047e+01
   6.4360160e+06   3.2775879e+01
   6.4383190e+06   3.2897949e+01
   6.4468870e+06   4.0405273e+01
   6.4573980e+06   3.2958984e+01
   6.4613640e+06   3.5156250e+01
   6.4682280e+06   3.9428711e+01
   6.4807360e+06   3.6132813e+01
   6.4827840e+06   3.6743164e+01
   6.4933550e+06   3.3996582e+01
   6.4964300e+06   3.4912109e+01
   6.5018200e+06   3.4973145e+01
   6.5065040e+06   3.9367676e+01
   6.5090810e+06   4.4006348e+01
   6.5136560e+06   3.6254883e+01
   6.5215920e+06   3.3386230e+01
   6.5232680e+06   3.5461426e+01
   6.5348040e+06   3.4179688e+01
   6.5390830e+06   3.3142090e+01
   6.5555290e+06   3.8879395e+01
   6.5681190e+06   3.7597656e+01
   6.5723460e+06   3.6010742e+01
   6.5810400e+06   3.5461426e+01
   6.5907300e+06   3.3081055e+01
   6.5946750e+06   3.5156250e+01
   6.5982620e+06   3.4118652e+01
   6.6013460e+06   3.8574219e+01
   6.6056760e+06   3.2836914e+01
   6.6068830e+06   3.4179688e+01
   6.6104330e+06   3.5522461e+01
   6.6128580e+06   3.3996582e+01
   6.6173010e+06   3.7597656e+01
   6.6194730e+06   3.6560059e+01
   6.6219130e+06   3.6315918e+01
   6.6306870e+06   3.4057617e+01
   6.6313550e+06   3.3386230e+01
   6.6336230e+06   3.3203125e+01
   6.6449640e+06   3.2897949e+01
   6.6562910e+06   3.3874512e+01
   6.6651960e+06   3.4423828e+01
   6.6682290e+06   3.2714844e+01
   6.6789930e+06   3.3325195e+01
   6.6834750e+06   4.0588379e+01
   6.6881880e+06   3.3325195e+01
   6.6939970e+06   3.6071777e+01
   6.6982380e+06   3.5766602e+01
   6.7024990e+06   3.4240723e+01
   6.7046170e+06   3.5278320e+01
   6.7166950e+06   3.9672852e+01
   6.7262000e+06   3.2714844e+01
   6.7304320e+06   3.2592773e+01
   6.7346600e+06   4.0710449e+01
   6.7372690e+06   3.2592773e+01
   6.7422230e+06   4.0405273e+01
   6.7446290e+06   3.8696289e+01
   6.7535670e+06   3.4179688e+01
   6.7610400e+06   3.5522461e+01
   6.7774450e+06   3.2592773e+01
   6.7842370e+06   3.2531738e+01
   6.7922330e+06   3.4179688e+01
   6.8062250e+06   3.2592773e+01
   6.8113770e+06   3.6254883e+01
   6.8180000e+06   3.7048340e+01
   6.8204540e+06   3.3386230e+01
   6.8295990e+06   3.2714844e+01
   6.8442810e+06   3.8513184e+01
   6.8779270e+06   3.9001465e+01
   6.8855460e+06   3.4851074e+01
   6.8884060e+06   3.3081055e+01
   6.8925450e+06   3.3691406e+01
   6.9042900e+06   3.4057617e+01
   6.9098770e+06   3.2897949e+01
   6.9143760e+06   3.2653809e+01
   6.9166680e+06   4.0344238e+01
   6.9275260e+06   3.3691406e+01
   6.9322950e+06   3.2714844e+01
   6.9392460e+06   3.6865234e+01
   6.9506630e+06   3.4240723e+01
   6.9542510e+06   3.2897949e+01
   6.9576410e+06   3.2958984e+01
   6.9597760e+06   3.3020020e+01
   6.9670070e+06   3.3569336e+01
   6.9766960e+06   3.5156250e+01
   6.9778590e+06   3.5827637e+01
   6.9807630e+06   3.5644531e+01
   6.9894020e+06   3.4240723e+01
   6.9932000e+06   3.5705566e+01
   7.0000850e+06   3.2592773e+01
   7.0076670e+06   3.6132813e+01
   7.0108520e+06   3.7048340e+01
   7.0168760e+06   3.3081055e+01
   7.0369410e+06   4.1503906e+01
   7.0398660e+06   3.5705566e+01
   7.0430500e+06   3.7048340e+01
   7.0455430e+06   3.6376953e+01
   7.0486570e+06   3.3630371e+01
   7.0602630e+06   4.0405273e+01
   7.0634570e+06   4.0222168e+01
   7.0663070e+06   3.4179688e+01
   7.0684450e+06   3.4606934e+01
   7.0866590e+06   3.6254883e+01
   7.0995360e+06   3.4484863e+01
   7.1116790e+06   3.4606934e+01
   7.1150390e+06   3.7536621e+01
   7.1218340e+06   3.9733887e+01
   7.1291550e+06   3.5278320e+01
   7.1388200e+06   3.3203125e+01
   7.1410410e+06   3.8085938e+01
   7.1532460e+06   3.5949707e+01
   7.1579340e+06   3.2958984e+01
   7.1602730e+06   3.6376953e+01
   7.1622730e+06   3.2348633e+01
   7.1673220e+06   3.3081055e+01
   7.1719280e+06   3.4545898e+01
   7.1752370e+06   3.2592773e+01
   7.1766520e+06   3.6499023e+01
   7.1805920e+06   3.9428711e+01
   7.1903590e+06   3.4118652e+01
   7.1949440e+06   3.2775879e+01
   7.1980810e+06   3.6376953e+01
   7.2101290e+06   3.5461426e+01
   7.2180650e+06   3.2958984e+01
   7.2206220e+06   3.3203125e+01
   7.2356370e+06   3.3020020e+01
   7.2461480e+06   3.4118652e+01
   7.2491670e+06   3.3935547e+01
   7.2542840e+06   3.3020020e+01
   7.2578530e+06   3.2409668e+01
   7.2610950e+06   3.2409668e+01
   7.2701080e+06   3.4179688e+01
   7.2720720e+06   3.7597656e+01
   7.2747440e+06   3.4790039e+01
   7.2768260e+06   3.4973145e+01
   7.2876110e+06   3.8208008e+01
   7.2915420e+06   3.2714844e+01
   7.2968570e+06   4.4128418e+01
   7.3031200e+06   3.5766602e+01
   7.3052400e+06   3.5522461e+01
   7.3068050e+06   3.6254883e+01
   7.3105900e+06   3.5400391e+01
   7.3131300e+06   3.3874512e+01
   7.3144270e+06   3.4973145e+01
   7.3184010e+06   3.8574219e+01
   7.3224990e+06   3.6560059e+01
   7.3278140e+06   3.6315918e+01
   7.3357380e+06   3.3935547e+01
   7.3395320e+06   3.4851074e+01
   7.3438760e+06   3.6010742e+01
   7.3485080e+06   3.2348633e+01
   7.3531190e+06   3.5339355e+01
   7.3592960e+06   3.5156250e+01
   7.3666280e+06   3.7170410e+01
   7.3680970e+06   3.9428711e+01
   7.3733270e+06   3.3020020e+01
   7.3860480e+06   3.2897949e+01
   7.3864530e+06   3.4240723e+01
   7.3900400e+06   3.2775879e+01
   7.3946340e+06   3.4057617e+01
   7.3987940e+06   4.0527344e+01
   7.4036850e+06   3.4118652e+01
   7.4100910e+06   3.4606934e+01
   7.4137050e+06   3.2653809e+01
   7.4188270e+06   4.2358398e+01
   7.4347360e+06   3.9550781e+01
   7.4398510e+06   3.5583496e+01
   7.4459260e+06   3.2714844e+01
   7.4544700e+06   3.4179688e+01
   7.4581280e+06   3.2775879e+01
   7.4614670e+06   3.2531738e+01
   7.4658070e+06   3.9489746e+01
   7.4679890e+06   3.2897949e+01
   7.4776630e+06   3.5034180e+01
   7.4814330e+06   3.3935547e+01
   7.4836140e+06   3.4912109e+01
   7.4905230e+06   3.6315918e+01
   7.4948210e+06   3.2531738e+01
   7.4966910e+06   3.6560059e+01
   7.5052340e+06   3.6865234e+01
   7.5087300e+06   3.2897949e+01
   7.5112960e+06   3.3935547e+01
   7.5258120e+06   3.5339355e+01
   7.5284620e+06   3.4301758e+01
   7.5306060e+06   3.4851074e+01
   7.5331010e+06   3.6987305e+01
   7.5357650e+06   3.6499023e+01
   7.5382940e+06   3.5400391e+01
   7.5437450e+06   4.0527344e+01
   7.5643140e+06   3.6010742e+01
   7.5659880e+06   3.5888672e+01
   7.5734950e+06   3.4118652e+01
   7.5821990e+06   3.3508301e+01
   7.5841030e+06   3.3569336e+01
   7.5853040e+06   3.5217285e+01
   7.5986500e+06   3.5949707e+01
   7.6032130e+06   3.4912109e+01
   7.6091040e+06   3.6499023e+01
   7.6164290e+06   3.4545898e+01
   7.6239200e+06   3.4240723e+01
   7.6268310e+06   3.4423828e+01
   7.6364260e+06   3.7536621e+01
   7.6378230e+06   4.1687012e+01
   7.6467010e+06   3.2958984e+01
   7.6497370e+06   3.7597656e+01
   7.6533660e+06   3.3569336e+01
   7.6564530e+06   4.1076660e+01
   7.6582220e+06   3.2348633e+01
   7.6610530e+06   3.3325195e+01
   7.6628040e+06   3.2958984e+01
   7.6768330e+06   3.2714844e+01
   7.6793860e+06   3.3569336e+01
   7.6815080e+06   3.5888672e+01
   7.6857920e+06   3.6071777e+01
   7.6923700e+06   3.2958984e+01
   7.6987410e+06   3.3447266e+01
   7.7043000e+06   3.6315918e+01
   7.7093600e+06   3.5034180e+01
   7.7159690e+06   3.3630371e+01
   7.7263020e+06   3.4851074e+01
   7.7293660e+06   3.6682129e+01
   7.7314750e+06   3.4484863e+01
   7.7357060e+06   3.7841797e+01
   7.7420240e+06   3.2714844e+01
   7.7501240e+06   3.7170410e+01
   7.7531410e+06   3.2531738e+01
   7.7564140e+06   3.8024902e+01
   7.7623620e+06   3.4484863e+01
   7.7644880e+06   3.8330078e+01
   7.7674400e+06   3.5034180e+01
   7.7698420e+06   3.3325195e+01
   7.7727210e+06   3.8574219e+01
   7.7785780e+06   3.3508301e+01
   7.7933700e+06   3.5583496e+01
   7.7961610e+06   3.2409668e+01
   7.8021860e+06   3.5095215e+01
   7.8141740e+06   3.4912109e+01
   7.8176740e+06   3.2714844e+01
   7.8245180e+06   3.3386230e+01
   7.8290670e+06   3.7231445e+01
   7.8300750e+06   3.6560059e+01
   7.8343460e+06   3.2897949e+01
   7.8395450e+06   3.2958984e+01
   7.8443590e+06   3.3569336e+01
   7.8491900e+06   3.7231445e+01
   7.8531060e+06   3.2714844e+01
   7.8586560e+06   3.5888672e+01
   7.8659540e+06   3.5278320e+01
   7.8659910e+06   1.0510254e+02
   7.8705350e+06   3.6071777e+01
   7.8845670e+06   3.3508301e+01
   7.8868900e+06   3.2653809e+01
   7.8929000e+06   3.6926270e+01
   7.8949850e+06   3.3569336e+01
   7.9011390e+06   3.3874512e+01
   7.9063670e+06   3.3142090e+01
   7.9132900e+06   3.5522461e+01
   7.9152910e+06   3.3691406e+01
   7.9204720e+06   3.8757324e+01
   7.9229030e+06   3.3447266e+01
   7.9282560e+06   3.2897949e+01
   7.9381550e+06   3.2409668e+01
   7.9410200e+06   3.5278320e+01
   7.9462190e+06   3.4301758e+01
   7.9475080e+06   3.5888672e+01
   7.9660560e+06   3.5400391e+01
   7.9684840e+06   3.4362793e+01
   7.9700850e+06   3.2836914e+01
   7.9721590e+06   3.4179688e+01
   7.9736350e+06   3.5400391e+01
   7.9803600e+06   3.2409668e+01
   7.9835510e+06   3.5278320e+01
   7.9866190e+06   3.6865234e+01
   7.9982750e+06   3.5949707e+01
   8.0041080e+06   3.3691406e+01
   8.0058900e+06   3.7536621e+01
   8.0070190e+06   3.6254883e+01
   8.0101910e+06   3.5461426e+01
   8.0230270e+06   3.3386230e+01
   8.0263210e+06   3.5278320e+01
   8.0307830e+06   4.6264648e+01
   8.0379700e+06   3.6987305e+01
   8.0396240e+06   3.2348633e+01
   8.0433200e+06   3.5949707e+01
   8.0491910e+06   3.4484863e+01
   8.0597880e+06   3.4912109e+01
   8.0641750e+06   3.5644531e+01
   8.0666650e+06   3.5278320e+01
   8.0758750e+06   3.2409668e+01
   8.0805610e+06   3.6804199e+01
   8.0822130e+06   3.3325195e+01
   8.0842030e+06   3.3813477e+01
   8.0944570e+06   3.3508301e+01
   8.0987860e+06   3.3264160e+01
   8.1079970e+06   3.9794922e+01
   8.1093560e+06   3.3752441e+01
   8.1172750e+06   3.2348633e+01
   8.1190170e+06   3.8635254e+01
   8.1295260e+06   3.7536621e+01
   8.1334430e+06   3.4545898e+01
   8.1367200e+06   3.6132813e+01
   8.1385550e+06   3.4301758e+01
   8.1431580e+06   3.6621094e+01
   8.1447790e+06   4.1748047e+01
   8.1485330e+06   3.2470703e+01
   8.1506800e+06   4.2053223e+01
   8.1623580e+06   3.4179688e+01
   8.1656720e+06   3.3691406e+01
   8.1711520e+06   3.7963867e+01
   8.1805000e+06   3.4484863e+01
   8.1902040e+06   3.3935547e+01
   8.1955590e+06   3.4973145e+01
   8.1969370e+06   3.8330078e+01
   8.2005540e+06   3.4912109e+01
   8.2046320e+06   3.5461426e+01
   8.2072310e+06   3.3081055e+01
   8.2125940e+06   3.3996582e+01
   8.2194750e+06   3.4118652e+01
   8.2238590e+06   3.4240723e+01
   8.2283210e+06   3.5949707e+01
   8.2400920e+06   3.8146973e+01
   8.2427380e+06   3.2775879e+01
   8.2534760e+06   3.3447266e+01
   8.2548240e+06   3.2653809e+01
   8.2594610e+06   3.5827637e+01
   8.2646570e+06   3.3142090e+01
   8.2697570e+06   3.4484863e+01
   8.2756870e+06   3.3996582e+01
   8.2790950e+06   3.4729004e+01
   8.2816500e+06   3.3752441e+01
   8.2843190e+06   3.5339355e+01
   8.2865360e+06   3.6437988e+01
   8.2938590e+06   3.4301758e+01
   8.2980130e+06   3.4118652e+01
   8.3185150e+06   3.6254883e+01
   8.3230530e+06   3.3935547e+01
   8.3284010e+06   3.4973145e+01
   8.3395810e+06   3.3081055e+01
   8.3506690e+06   3.5461426e+01
   8.3549930e+06   3.6743164e+01
   8.3563130e+06   3.3203125e+01
   8.3578770e+06   3.3630371e+01
   8.3618040e+06   3.2470703e+01
   8.3649210e+06   3.5949707e+01
   8.3700970e+06   3.3386230e+01
   8.3739440e+06   3.4057617e+01
   8.3751420e+06   3.4729004e+01
   8.3783650e+06   3.2958984e+01
   8.3823150e+06   4.2236328e+01
   8.3846340e+06   4.1931152e+01
   8.3888630e+06   3.7841797e+01
   8.3903110e+06   3.2653809e+01
   8.3940300e+06   3.3630371e+01
   8.4026280e+06   3.7414551e+01
   8.4076410e+06   3.7841797e+01
   8.4147640e+06   3.4423828e+01
   8.4220360e+06   3.5400391e+01
   8.4249590e+06   3.5522461e+01
   8.4270730e+06   3.3447266e+01
   8.4282730e+06   3.5522461e+01
   8.4390670e+06   3.3935547e+01
   8.4420770e+06   3.2958984e+01
   8.4640800e+06   3.6010742e+01
   8.4684840e+06   3.5217285e+01
   8.4756380e+06   3.4790039e+01
   8.4793660e+06   3.5278320e+01
   8.4824810e+06   3.2531738e+01
   8.4948800e+06   3.5522461e+01
   8.4990180e+06   3.3325195e+01
   8.5038990e+06   3.3386230e+01
   8.5084060e+06   3.5644531e+01
   8.5102030e+06   3.3691406e+01
   8.5122680e+06   3.3325195e+01
   8.5181810e+06   3.2409668e+01
   8.5222030e+06   3.7719727e+01
   8.5270250e+06   3.3203125e+01
   8.5309680e+06   3.3325195e+01
   8.5325320e+06   3.4057617e+01
   8.5367010e+06   3.5644531e+01
   8.5429300e+06   3.2348633e+01
   8.5451710e+06   3.3752441e+01
   8.5600360e+06   3.2409668e+01
   8.5648060e+06   3.8574219e+01
   8.5689710e+06   3.2348633e+01
   8.5733130e+06   3.7780762e+01
   8.5783400e+06   3.3203125e+01
   8.5891420e+06   3.6071777e+01
   8.5918690e+06   3.3203125e+01
   8.5939040e+06   3.2836914e+01
   8.5968750e+06   3.3386230e+01
   8.5983160e+06   3.2531738e+01
   8.6058820e+06   3.7475586e+01
   8.6150660e+06   3.3996582e+01
   8.6189070e+06   3.5766602e+01
   8.6205510e+06   3.5644531e+01
   8.6224800e+06   3.6865234e+01
   8.6270080e+06   3.2348633e+01
   8.6306330e+06   4.1198730e+01
   8.6365940e+06   3.8452148e+01
   8.6379650e+06   3.3935547e+01
   8.6406740e+06   3.4301758e+01
   8.6428200e+06   3.4790039e+01
   8.6444940e+06   3.8574219e+01
   8.6502080e+06   3.4729004e+01
   8.6524690e+06   3.4912109e+01
   8.6626680e+06   3.6621094e+01
   8.6666530e+06   3.2897949e+01
   8.6724140e+06   3.7414551e+01
   8.6794660e+06   3.7292480e+01
   8.6836560e+06   3.6193848e+01
   8.6863970e+06   3.6315918e+01
   8.6967920e+06   3.6560059e+01
   8.7035910e+06   3.4545898e+01
   8.7058340e+06   3.2775879e+01
   8.7084220e+06   3.4057617e+01
   8.7126510e+06   3.8391113e+01
   8.7144780e+06   3.8452148e+01
   8.7253810e+06   3.5827637e+01
   8.7303360e+06   3.5949707e+01
   8.7316100e+06   3.4423828e+01
   8.7354920e+06   3.4240723e+01
   8.7386030e+06   3.6621094e+01
   8.7420640e+06   3.4545898e+01
   8.7436810e+06   4.4494629e+01
   8.7488230e+06   4.0588379e+01
   8.7508520e+06   3.4423828e+01
   8.7662760e+06   3.5156250e+01
   8.7701920e+06   3.3142090e+01
   8.7738070e+06   3.2531738e+01
   8.7781200e+06   3.2531738e+01
   8.7837130e+06   3.3752441e+01
   8.7850780e+06   3.3752441e+01
   8.7875630e+06   3.2897949e+01
   8.7912880e+06   3.5949707e+01
   8.7932080e+06   3.6132813e+01
   8.7974880e+06   3.8269043e+01
   8.7995030e+06   3.6499023e+01
   8.8072710e+06   3.6926270e+01
   8.8097480e+06   3.8513184e+01
   8.8171710e+06   3.5949707e+01
   8.8181820e+06   3.6804199e+01
   8.8211910e+06   3.3081055e+01
   8.8308050e+06   3.2409668e+01
   8.8386000e+06   4.9194336e+01
   8.8424490e+06   3.5278320e+01
   8.8435620e+06   3.4851074e+01
   8.8472780e+06   3.2470703e+01
   8.8499320e+06   3.3081055e+01
   8.8545170e+06   3.2775879e+01
   8.8567980e+06   3.3508301e+01
   8.8579380e+06   3.9855957e+01
   8.8606800e+06   3.4851074e+01
   8.8627220e+06   3.4729004e+01
   8.8693960e+06   3.2958984e+01
   8.8711800e+06   3.9794922e+01
   8.8830240e+06   3.3264160e+01
   8.8858320e+06   3.6315918e+01
   8.8911350e+06   3.4667969e+01
   8.8923240e+06   4.0588379e+01
   8.8936990e+06   3.2348633e+01
   8.9056880e+06   3.4301758e+01
   8.9097240e+06   3.2348633e+01
   8.9123680e+06   3.4240723e+01
   8.9140530e+06   3.4973145e+01
   8.9163000e+06   3.4606934e+01
   8.9292980e+06   4.2114258e+01
   8.9312660e+06   3.2775879e+01
   8.9323750e+06   3.9245605e+01
   8.9367900e+06   3.5644531e+01
   8.9373330e+06   3.8024902e+01
   8.9374240e+06   6.4636230e+01
   8.9519120e+06   3.5339355e+01
   8.9541640e+06   3.3325195e+01
   8.9613530e+06   3.4118652e+01
   8.9664720e+06   3.2592773e+01
   8.9714860e+06   3.4729004e+01
   8.9759030e+06   3.3020020e+01
   8.9814800e+06   3.6437988e+01
   8.9886630e+06   3.3752441e+01
   8.9975860e+06   3.4423828e+01
   9.0019640e+06   3.2958984e+01
   9.0156330e+06   3.3264160e+01
   9.0188440e+06   3.5827637e+01
   9.0248400e+06   3.4973145e+01
   9.0284410e+06   3.2958984e+01
   9.0309720e+06   3.4179688e+01
   9.0454530e+06   3.3569336e+01
   9.0467160e+06   3.7231445e+01
   9.0512530e+06   3.3935547e+01
   9.0526690e+06   3.3691406e+01
   9.0615290e+06   3.7109375e+01
   9.0626790e+06   3.3752441e+01
   9.0637160e+06   3.4851074e+01
   9.0650070e+06   3.2592773e+01
   9.0831570e+06   3.3996582e+01
   9.0976350e+06   3.4179688e+01
   9.1065230e+06   3.5827637e+01
   9.1171940e+06   3.3569336e+01
   9.1184260e+06   3.9489746e+01
   9.1236670e+06   3.3996582e+01
   9.1286050e+06   3.8574219e+01
   9.1423490e+06   3.7231445e+01
   9.1437190e+06   3.3813477e+01
   9.1537860e+06   4.3518066e+01
   9.1547610e+06   3.3203125e+01
   9.1565800e+06   3.4973145e+01
   9.1579120e+06   3.3691406e+01
   9.1591240e+06   3.2653809e+01
   9.1627950e+06   3.3264160e+01
   9.1640130e+06   3.2653809e+01
   9.1835250e+06   3.4912109e+01
   9.1884530e+06   4.2297363e+01
   9.1895530e+06   3.4301758e+01
   9.1941240e+06   3.3874512e+01
   9.1970560e+06   3.4667969e+01
   9.2013220e+06   3.4790039e+01
   9.2063100e+06   3.5156250e+01
   9.2077560e+06   3.6254883e+01
   9.2120680e+06   3.3325195e+01
   9.2220270e+06   3.2836914e+01
   9.2292480e+06   3.3264160e+01
   9.2333410e+06   3.2714844e+01
   9.2382990e+06   3.3142090e+01
   9.2500980e+06   3.3569336e+01
   9.2651850e+06   3.3935547e+01
   9.2673800e+06   3.3691406e+01
   9.2767520e+06   3.7109375e+01
   9.2822440e+06   3.4729004e+01
   9.2833770e+06   3.3386230e+01
   9.2960100e+06   3.8024902e+01
   9.2970180e+06   3.4606934e+01
   9.2981710e+06   3.3325195e+01
   9.3017430e+06   3.3264160e+01
   9.3035290e+06   3.6315918e+01
   9.3128320e+06   3.2958984e+01
   9.3215590e+06   3.7963867e+01
   9.3285640e+06   3.4729004e+01
   9.3498960e+06   3.3752441e+01
   9.3507850e+06   3.4118652e+01
   9.3517830e+06   3.6865234e+01
   9.3581750e+06   3.2958984e+01
   9.3698110e+06   3.7231445e+01
   9.3765020e+06   3.4179688e+01
   9.3775930e+06   3.2958984e+01
   9.3800710e+06   3.3142090e+01
   9.3893440e+06   3.2592773e+01
   9.3908380e+06   3.9123535e+01
   9.3920280e+06   3.3020020e+01
   9.3972400e+06   3.3203125e+01
   9.4048630e+06   3.3752441e+01
   9.4090930e+06   3.6743164e+01
   9.4140470e+06   3.2714844e+01
   9.4167640e+06   3.5217285e+01
   9.4213120e+06   3.3325195e+01
   9.4243800e+06   3.7109375e+01
   9.4342130e+06   3.4667969e+01
   9.4372490e+06   3.7841797e+01
   9.4463580e+06   4.0771484e+01
   9.4559080e+06   3.8085938e+01
   9.4606290e+06   3.2775879e+01
   9.4681210e+06   5.7983398e+01
   9.4690360e+06   3.7536621e+01
   9.4727790e+06   3.4423828e+01
   9.4752610e+06   3.2897949e+01
   9.4792750e+06   3.3020020e+01
   9.4810990e+06   3.3935547e+01
   9.4912480e+06   3.2653809e+01
   9.5077440e+06   3.4301758e+01
   9.5096650e+06   3.2592773e+01
   9.5149960e+06   3.3264160e+01
   9.5380050e+06   3.4179688e+01
   9.5398370e+06   3.9367676e+01
   9.5413920e+06   3.3325195e+01
   9.5422000e+06   3.3508301e+01
   9.5475150e+06   3.4118652e+01
   9.5558590e+06   3.6682129e+01
   9.5575490e+06   3.2897949e+01
   9.5763490e+06   3.3447266e+01
   9.5831900e+06   3.3203125e+01
   9.5942160e+06   3.2592773e+01
   9.6022040e+06   3.9001465e+01
   9.6075870e+06   3.3691406e+01
   9.6171620e+06   5.5114746e+01
   9.6191510e+06   3.2592773e+01
   9.6199150e+06   3.6560059e+01
   9.6279390e+06   3.3325195e+01
   9.6311430e+06   3.5888672e+01
   9.6347870e+06   3.5461426e+01
   9.6460320e+06   3.7475586e+01
   9.6599660e+06   3.3203125e+01
   9.6723790e+06   3.3569336e+01
   9.6756270e+06   3.3996582e+01
   9.6840890e+06   3.3813477e+01
   9.7019930e+06   3.2653809e+01
   9.7065020e+06   3.2592773e+01
   9.7276270e+06   3.2592773e+01
   9.7581760e+06   3.4606934e+01
   9.7687410e+06   3.6987305e+01
   9.7775140e+06   3.2775879e+01
   9.7873230e+06   3.5705566e+01
   9.8026180e+06   3.3020020e+01
   9.8845950e+06   3.4973145e+01
   9.8869580e+06   3.2775879e+01
   9.8889180e+06   3.3325195e+01
   9.8966450e+06   5.6762695e+01
   9.9286290e+06   3.2775879e+01
   9.9412080e+06   5.3039551e+01
   9.9810350e+06   3.2592773e+01
   9.9937490e+06   3.3264160e+01
   1.0122588e+07   5.4382324e+01
   1.0262406e+07   3.3813477e+01
   1.0566522e+07   3.3691406e+01
   1.0946558e+07   3.2897949e+01
   1.1122391e+07   3.3813477e+01
   1.1287295e+07   3.6560059e+01
   1.1677876e+07   3.3386230e+01
   1.1776988e+07   3.3203125e+01
   1.1814781e+07   3.3691406e+01
   1.1887888e+07   4.0100098e+01
   1.1970205e+07   3.4240723e+01
