   1.1999000e+07   0.0000000e+00
   7.3561000e+04   2.8747559e+01
   7.3612000e+04   3.2348633e+01
   7.3659000e+04   4.3029785e+01
   1.4895600e+05   3.0944824e+01
   1.4898300e+05   3.0944824e+01
   1.4904000e+05   2.9541016e+01
   2.6610000e+05   2.8808594e+01
   8.9775700e+05   3.0273438e+01
   8.9778300e+05   5.4138184e+01
   1.6404910e+06   2.9968262e+01
   1.6988780e+06   2.9541016e+01
   2.1936810e+06   2.9907227e+01
   2.2335340e+06   2.9479980e+01
   2.2337980e+06   3.0151367e+01
   2.3659090e+06   3.2165527e+01
   2.5239400e+06   2.8808594e+01
   2.5974880e+06   2.8686523e+01
   3.2712100e+06   4.5471191e+01
   3.2712740e+06   2.9357910e+01
   3.2713360e+06   4.1320801e+01
   3.2715720e+06   2.8808594e+01
   3.7093920e+06   5.1147461e+01
   3.7094340e+06   3.1921387e+01
   3.7094650e+06   4.3090820e+01
   3.7095710e+06   2.9907227e+01
   3.8775230e+06   3.2714844e+01
   3.8775800e+06   4.4433594e+01
   3.8776200e+06   3.2104492e+01
   3.8776390e+06   3.0090332e+01
   3.8776880e+06   3.0883789e+01
   3.8777250e+06   4.5654297e+01
   4.2131680e+06   2.9479980e+01
   4.2132220e+06   2.9113770e+01
   4.2133050e+06   4.7119141e+01
   4.3879880e+06   2.9052734e+01
   4.3880180e+06   2.8869629e+01
   4.3880580e+06   5.2185059e+01
   4.7931870e+06   4.6264648e+01
   4.7933120e+06   4.2785645e+01
   5.2343860e+06   3.2409668e+01
   5.2344220e+06   6.3476563e+01
   5.5492200e+06   3.0212402e+01
   5.5492920e+06   5.2062988e+01
   5.5493460e+06   4.0954590e+01
   6.2345180e+06   2.9357910e+01
   6.2345590e+06   3.2226563e+01
   6.2345990e+06   3.3264160e+01
   6.2346310e+06   4.2358398e+01
   6.2346560e+06   3.0761719e+01
   6.2349200e+06   3.1494141e+01
   6.6916630e+06   5.4504395e+01
   6.9634180e+06   2.8686523e+01
   7.0602700e+06   3.0090332e+01
   7.2839730e+06   3.2958984e+01
   7.2840190e+06   3.0578613e+01
   7.2843320e+06   2.9296875e+01
   8.6309970e+06   2.8930664e+01
   8.6310830e+06   2.9541016e+01
   8.6311540e+06   4.6203613e+01
   9.1272160e+06   3.1616211e+01
   9.1974480e+06   2.8747559e+01
   1.1753032e+07   2.8808594e+01
