   1.1999000e+07   0.0000000e+00
   7.3459000e+04   3.0944824e+01
   7.3516000e+04   3.4729004e+01
   7.3529000e+04   3.8391113e+01
   7.3560000e+04   5.1879883e+01
   7.3576000e+04   3.6804199e+01
   7.3586000e+04   3.0822754e+01
   7.3597000e+04   3.2897949e+01
   7.3613000e+04   3.3325195e+01
   7.3626000e+04   4.4189453e+01
   7.3641000e+04   4.1809082e+01
   7.3661000e+04   2.7770996e+01
   7.3688000e+04   3.2104492e+01
   7.3706000e+04   3.1677246e+01
   7.3727000e+04   3.9550781e+01
   7.3744000e+04   3.7719727e+01
   7.3811000e+04   3.5766602e+01
   7.3845000e+04   3.0883789e+01
   7.3887000e+04   2.7954102e+01
   7.3971000e+04   3.8940430e+01
   7.4055000e+04   3.3020020e+01
   7.4112000e+04   2.6611328e+01
   9.4582000e+04   2.6611328e+01
   9.4883000e+04   2.6855469e+01
   9.5072000e+04   3.1066895e+01
   9.5444000e+04   2.6367188e+01
   9.5490000e+04   2.9663086e+01
   1.4876000e+05   2.8076172e+01
   1.4880900e+05   3.2958984e+01
   1.4882900e+05   3.6926270e+01
   1.4885300e+05   2.8320313e+01
   1.4888600e+05   3.8818359e+01
   1.4890800e+05   4.6691895e+01
   1.4892300e+05   3.8085938e+01
   1.4894400e+05   3.2531738e+01
   1.4896700e+05   4.0283203e+01
   1.4898000e+05   3.8208008e+01
   1.4899800e+05   3.6804199e+01
   1.4904500e+05   4.1015625e+01
   1.4906900e+05   3.1494141e+01
   1.4911800e+05   4.1320801e+01
   1.4913400e+05   2.6794434e+01
   1.4916400e+05   4.1076660e+01
   1.4922000e+05   3.2531738e+01
   1.4929900e+05   3.6865234e+01
   1.4942700e+05   3.0822754e+01
   1.4950800e+05   3.8940430e+01
   1.4959600e+05   2.6428223e+01
   1.4968400e+05   3.4484863e+01
   1.4993400e+05   2.7343750e+01
   1.5026100e+05   2.8503418e+01
   1.5095200e+05   2.7770996e+01
   2.6534100e+05   2.6672363e+01
   2.6549700e+05   2.6794434e+01
   2.6552700e+05   3.0700684e+01
   2.6582000e+05   3.4179688e+01
   2.6584400e+05   2.9541016e+01
   2.6585600e+05   2.8991699e+01
   2.6590000e+05   2.8625488e+01
   2.6596000e+05   3.2653809e+01
   2.6598100e+05   3.3020020e+01
   2.6599900e+05   3.7048340e+01
   2.6603800e+05   3.9794922e+01
   2.6605400e+05   3.0700684e+01
   2.6608100e+05   3.4118652e+01
   2.6609100e+05   3.0822754e+01
   2.6610300e+05   3.2592773e+01
   2.6613600e+05   2.7954102e+01
   2.6615000e+05   3.6132813e+01
   2.6617700e+05   3.4912109e+01
   2.6619900e+05   4.1809082e+01
   2.6621100e+05   2.6306152e+01
   2.6623300e+05   3.4912109e+01
   2.6624700e+05   3.2592773e+01
   2.6627300e+05   2.9296875e+01
   2.6645100e+05   3.3813477e+01
   2.6654400e+05   3.9306641e+01
   2.6665300e+05   2.8381348e+01
   2.6710600e+05   2.9296875e+01
   3.6915600e+05   2.7099609e+01
   3.6936800e+05   2.9235840e+01
   3.6969500e+05   2.8381348e+01
   3.6971700e+05   3.1311035e+01
   3.6977600e+05   3.3447266e+01
   3.6980500e+05   2.8564453e+01
   3.6992900e+05   3.2043457e+01
   3.7001200e+05   2.6794434e+01
   3.7046900e+05   2.7099609e+01
   4.6670900e+05   2.6916504e+01
   4.6754700e+05   2.8808594e+01
   4.6776400e+05   2.8991699e+01
   4.6781500e+05   2.6611328e+01
   4.6788600e+05   2.6489258e+01
   4.6818000e+05   2.7893066e+01
   4.6823000e+05   2.6794434e+01
   4.6826300e+05   2.7099609e+01
   4.6834500e+05   2.8198242e+01
   5.5439700e+05   3.4179688e+01
   5.5453000e+05   2.6550293e+01
   5.5485200e+05   2.8076172e+01
   5.5497300e+05   3.2592773e+01
   5.5504000e+05   3.2775879e+01
   5.5543700e+05   2.6367188e+01
   6.6570500e+05   2.6550293e+01
   6.6585600e+05   2.6672363e+01
   7.6805300e+05   2.6489258e+01
   7.6829000e+05   2.9174805e+01
   7.6830800e+05   3.2348633e+01
   7.6848100e+05   2.6611328e+01
   7.6898200e+05   2.7038574e+01
   7.9967100e+05   2.7282715e+01
   8.6131000e+05   2.6367188e+01
   8.9764000e+05   2.8503418e+01
   8.9767600e+05   2.7832031e+01
   8.9769600e+05   4.9438477e+01
   8.9771400e+05   6.1706543e+01
   8.9773500e+05   3.2287598e+01
   8.9775300e+05   4.9560547e+01
   8.9777800e+05   3.5095215e+01
   8.9781200e+05   3.6315918e+01
   8.9784900e+05   2.8625488e+01
   8.9786600e+05   5.1696777e+01
   8.9790300e+05   3.1555176e+01
   8.9792800e+05   3.1311035e+01
   8.9795900e+05   2.8442383e+01
   8.9797000e+05   2.7648926e+01
   8.9799300e+05   3.2043457e+01
   8.9801500e+05   2.6550293e+01
   8.9805300e+05   4.3762207e+01
   8.9812800e+05   2.8564453e+01
   8.9818800e+05   2.9052734e+01
   8.9827300e+05   2.6794434e+01
   8.9844900e+05   3.0883789e+01
   9.1792200e+05   2.6306152e+01
   9.1795000e+05   3.0151367e+01
   9.1807300e+05   2.8808594e+01
   9.1814600e+05   2.9479980e+01
   9.1863400e+05   3.3935547e+01
   9.1873900e+05   2.6611328e+01
   9.1901700e+05   2.7893066e+01
   9.8930000e+05   2.7343750e+01
   1.0086700e+06   2.6489258e+01
   1.0087400e+06   2.9296875e+01
   1.0089010e+06   3.3020020e+01
   1.0090810e+06   3.1555176e+01
   1.0094040e+06   2.7465820e+01
   1.0095030e+06   3.1311035e+01
   1.0096490e+06   2.6428223e+01
   1.0911970e+06   2.9846191e+01
   1.0913770e+06   3.5827637e+01
   1.0915500e+06   2.7343750e+01
   1.0917260e+06   2.6306152e+01
   1.0918500e+06   3.2470703e+01
   1.0919450e+06   3.0700684e+01
   1.1109380e+06   2.6855469e+01
   1.1318120e+06   3.6682129e+01
   1.1321390e+06   2.7770996e+01
   1.1324120e+06   2.6428223e+01
   1.1326470e+06   2.8381348e+01
   1.1580320e+06   2.7893066e+01
   1.2516470e+06   2.7770996e+01
   1.2518930e+06   2.7526855e+01
   1.4238370e+06   2.7099609e+01
   1.5118190e+06   3.0639648e+01
   1.5852220e+06   2.7770996e+01
   1.5853600e+06   2.6367188e+01
   1.5856200e+06   2.7465820e+01
   1.5857330e+06   2.7343750e+01
   1.5859010e+06   2.7893066e+01
   1.7006050e+06   2.7099609e+01
   1.7303360e+06   2.8869629e+01
   1.7727000e+06   2.6428223e+01
   1.8744550e+06   3.3813477e+01
   1.8746810e+06   2.6367188e+01
   1.8916570e+06   3.4118652e+01
   1.8918230e+06   2.9968262e+01
   1.8920750e+06   2.6794434e+01
   1.9223530e+06   2.7282715e+01
   1.9361550e+06   2.7526855e+01
   1.9699830e+06   3.0456543e+01
   1.9700370e+06   2.8137207e+01
   1.9700670e+06   2.7465820e+01
   1.9702210e+06   3.2409668e+01
   1.9826270e+06   2.6367188e+01
   1.9892490e+06   2.7343750e+01
   1.9893830e+06   3.6743164e+01
   1.9894260e+06   3.1311035e+01
   2.0001160e+06   2.8564453e+01
   2.0001980e+06   2.9602051e+01
   2.0002190e+06   3.2531738e+01
   2.0002380e+06   3.1005859e+01
   2.0005870e+06   3.3081055e+01
   2.0136130e+06   3.4057617e+01
   2.0137620e+06   3.2531738e+01
   2.0138370e+06   3.1127930e+01
   2.0236770e+06   3.1982422e+01
   2.0236890e+06   2.7709961e+01
   2.0237760e+06   2.9846191e+01
   2.0317480e+06   2.8991699e+01
   2.0319360e+06   2.7893066e+01
   2.0384070e+06   2.8503418e+01
   2.0384810e+06   2.6367188e+01
   2.0385520e+06   2.7954102e+01
   2.0501600e+06   2.9235840e+01
   2.0502120e+06   3.7475586e+01
   2.0502260e+06   2.6428223e+01
   2.0504130e+06   3.0151367e+01
   2.0625950e+06   2.8259277e+01
   2.0626210e+06   2.9968262e+01
   2.0626640e+06   2.7099609e+01
   2.0626910e+06   3.4851074e+01
   2.0627660e+06   2.8198242e+01
   2.0628470e+06   2.8686523e+01
   2.0695430e+06   2.6794434e+01
   2.0788650e+06   3.2714844e+01
   2.0789700e+06   2.8381348e+01
   2.0790050e+06   2.6977539e+01
   2.0916100e+06   2.7160645e+01
   2.0916770e+06   3.8757324e+01
   2.0976180e+06   2.6855469e+01
   2.1067610e+06   2.6550293e+01
   2.1067710e+06   3.7231445e+01
   2.1068790e+06   3.1372070e+01
   2.1070380e+06   2.6977539e+01
   2.1192480e+06   2.8686523e+01
   2.1194410e+06   2.7343750e+01
   2.1194900e+06   2.8869629e+01
   2.1196360e+06   2.6672363e+01
   2.1330360e+06   3.2592773e+01
   2.1462910e+06   2.9357910e+01
   2.1464280e+06   2.6977539e+01
   2.1465330e+06   2.9418945e+01
   2.1466090e+06   2.8015137e+01
   2.1581800e+06   2.6306152e+01
   2.1582890e+06   3.0151367e+01
   2.1583420e+06   2.8930664e+01
   2.1583850e+06   2.7404785e+01
   2.1718360e+06   2.8015137e+01
   2.1932300e+06   2.8076172e+01
   2.1933730e+06   2.8076172e+01
   2.1936350e+06   2.6550293e+01
   2.2075540e+06   3.1616211e+01
   2.2077790e+06   2.6977539e+01
   2.2077970e+06   2.9785156e+01
   2.2185420e+06   3.2714844e+01
   2.2186470e+06   2.8503418e+01
   2.2187890e+06   3.5156250e+01
   2.2330700e+06   2.8625488e+01
   2.2331040e+06   2.6611328e+01
   2.2333010e+06   2.6733398e+01
   2.2337840e+06   2.8320313e+01
   2.2460300e+06   2.8503418e+01
   2.2468180e+06   3.1188965e+01
   2.2599740e+06   3.1005859e+01
   2.2602470e+06   2.6306152e+01
   2.2739110e+06   3.2104492e+01
   2.2740480e+06   3.1066895e+01
   2.2895810e+06   2.7465820e+01
   2.3035610e+06   2.6977539e+01
   2.3037730e+06   2.7282715e+01
   2.3038620e+06   2.9724121e+01
   2.3195310e+06   2.6855469e+01
   2.3195620e+06   2.6855469e+01
   2.3196160e+06   2.7160645e+01
   2.3196840e+06   2.8747559e+01
   2.3197070e+06   3.0517578e+01
   2.3202420e+06   2.6306152e+01
   2.3649290e+06   2.8442383e+01
   2.3893110e+06   2.7099609e+01
   2.3894020e+06   2.8564453e+01
   2.4141510e+06   3.3630371e+01
   2.4142660e+06   2.8259277e+01
   2.4377450e+06   2.8137207e+01
   2.4378160e+06   2.6672363e+01
   2.4379210e+06   2.7282715e+01
   2.4676660e+06   3.2287598e+01
   2.4676980e+06   2.7526855e+01
   2.4936840e+06   2.7893066e+01
   2.4937390e+06   2.8076172e+01
   2.4940480e+06   3.2104492e+01
   2.4941200e+06   3.1738281e+01
   2.5238660e+06   2.7709961e+01
   2.5238860e+06   2.7160645e+01
   2.5639840e+06   2.6855469e+01
   3.0713360e+06   2.7099609e+01
   3.0721460e+06   2.6123047e+01
   3.1813960e+06   2.7770996e+01
   3.2058880e+06   3.1066895e+01
   3.2709440e+06   2.6672363e+01
   3.2709860e+06   2.9113770e+01
   3.2710080e+06   2.6855469e+01
   3.2710540e+06   2.7954102e+01
   3.2710840e+06   3.6804199e+01
   3.2711090e+06   5.1025391e+01
   3.2711250e+06   4.6508789e+01
   3.2711630e+06   4.9560547e+01
   3.2711840e+06   3.2897949e+01
   3.2712050e+06   3.7780762e+01
   3.2712190e+06   2.7282715e+01
   3.2712440e+06   5.2307129e+01
   3.2712680e+06   3.6682129e+01
   3.2712780e+06   3.6560059e+01
   3.2713100e+06   2.6062012e+01
   3.2713390e+06   2.8442383e+01
   3.2713620e+06   3.4240723e+01
   3.2714050e+06   2.8137207e+01
   3.2714470e+06   3.0578613e+01
   3.2714800e+06   2.8869629e+01
   3.2715750e+06   3.7719727e+01
   3.2717180e+06   3.2531738e+01
   3.2717900e+06   2.8625488e+01
   3.2719180e+06   3.1188965e+01
   3.2719790e+06   2.6367188e+01
   3.2721140e+06   2.7954102e+01
   3.2732120e+06   2.7404785e+01
   3.3751710e+06   2.6062012e+01
   3.5033420e+06   2.6245117e+01
   3.7091500e+06   2.6306152e+01
   3.7091910e+06   2.9602051e+01
   3.7092430e+06   3.8391113e+01
   3.7092660e+06   4.2358398e+01
   3.7092790e+06   8.1848145e+01
   3.7093090e+06   3.2165527e+01
   3.7093340e+06   4.7058105e+01
   3.7093440e+06   3.2104492e+01
   3.7093820e+06   3.2165527e+01
   3.7093950e+06   4.3762207e+01
   3.7094150e+06   2.9357910e+01
   3.7094700e+06   4.7241211e+01
   3.7095130e+06   2.6733398e+01
   3.7095810e+06   2.7343750e+01
   3.7096590e+06   3.6987305e+01
   3.7096950e+06   2.7038574e+01
   3.7097740e+06   2.6855469e+01
   3.7100270e+06   2.6489258e+01
   3.7100830e+06   2.6733398e+01
   3.7101110e+06   2.6916504e+01
   3.7102080e+06   3.9733887e+01
   3.7104410e+06   2.6550293e+01
   3.7105330e+06   2.8747559e+01
   3.8386510e+06   3.5156250e+01
   3.8447920e+06   2.7465820e+01
   3.8773160e+06   2.6367188e+01
   3.8773790e+06   2.6367188e+01
   3.8774170e+06   3.0090332e+01
   3.8774520e+06   3.0700684e+01
   3.8774640e+06   4.7058105e+01
   3.8774880e+06   3.1555176e+01
   3.8775040e+06   3.3447266e+01
   3.8775460e+06   3.8146973e+01
   3.8775640e+06   2.7709961e+01
   3.8775880e+06   4.0161133e+01
   3.8776080e+06   3.1311035e+01
   3.8776240e+06   4.2968750e+01
   3.8776350e+06   3.9916992e+01
   3.8777230e+06   2.8686523e+01
   3.8777720e+06   2.9907227e+01
   3.8778340e+06   2.9541016e+01
   3.8778980e+06   3.0883789e+01
   3.8779750e+06   3.3325195e+01
   3.8782090e+06   2.6733398e+01
   3.8782310e+06   2.9235840e+01
   3.8787210e+06   2.6367188e+01
   4.2130410e+06   2.6977539e+01
   4.2130600e+06   4.6813965e+01
   4.2131010e+06   2.6855469e+01
   4.2131300e+06   4.2724609e+01
   4.2131400e+06   5.5969238e+01
   4.2131730e+06   2.6184082e+01
   4.2131960e+06   4.2297363e+01
   4.2132080e+06   2.9235840e+01
   4.2132280e+06   4.5959473e+01
   4.2132510e+06   4.8889160e+01
   4.2132670e+06   4.0710449e+01
   4.2132850e+06   2.6123047e+01
   4.2133280e+06   2.7221680e+01
   4.2133380e+06   3.1494141e+01
   4.2133830e+06   3.2348633e+01
   4.2134020e+06   3.6315918e+01
   4.2134330e+06   3.1127930e+01
   4.2134860e+06   2.8686523e+01
   4.2135100e+06   3.0517578e+01
   4.2135870e+06   4.3090820e+01
   4.2136080e+06   2.6428223e+01
   4.2137680e+06   3.8330078e+01
   4.2141660e+06   3.2714844e+01
   4.2142030e+06   2.6062012e+01
   4.2143310e+06   2.7954102e+01
   4.2146300e+06   2.8930664e+01
   4.3878100e+06   2.8076172e+01
   4.3878320e+06   2.8625488e+01
   4.3878520e+06   2.6794434e+01
   4.3879070e+06   3.1066895e+01
   4.3879360e+06   4.0344238e+01
   4.3879580e+06   5.8776855e+01
   4.3879710e+06   2.9663086e+01
   4.3880070e+06   4.1687012e+01
   4.3880300e+06   3.8085938e+01
   4.3880440e+06   4.2907715e+01
   4.3880640e+06   3.1494141e+01
   4.3880830e+06   2.7221680e+01
   4.3880930e+06   2.9296875e+01
   4.3881180e+06   2.7709961e+01
   4.3881300e+06   2.6977539e+01
   4.3881670e+06   2.9113770e+01
   4.3881830e+06   4.1137695e+01
   4.3883010e+06   2.8198242e+01
   4.3883610e+06   2.6916504e+01
   4.3884430e+06   2.5939941e+01
   4.3885460e+06   3.0639648e+01
   4.3889270e+06   2.7954102e+01
   4.3892130e+06   2.6489258e+01
   4.3898500e+06   2.6123047e+01
   4.4865260e+06   2.8564453e+01
   4.5294360e+06   3.2531738e+01
   4.7929510e+06   3.1127930e+01
   4.7929960e+06   3.0761719e+01
   4.7930530e+06   3.6743164e+01
   4.7930770e+06   3.8818359e+01
   4.7930870e+06   4.3029785e+01
   4.7931130e+06   4.1687012e+01
   4.7931280e+06   3.6071777e+01
   4.7931650e+06   4.7241211e+01
   4.7932390e+06   4.1381836e+01
   4.7932490e+06   3.5339355e+01
   4.7933130e+06   2.9174805e+01
   4.7933230e+06   2.6123047e+01
   4.7933540e+06   3.4667969e+01
   4.7933670e+06   2.9968262e+01
   4.7935020e+06   4.2907715e+01
   4.7938640e+06   2.6672363e+01
   4.7939380e+06   2.7709961e+01
   4.7950280e+06   3.1188965e+01
   5.2341580e+06   2.6794434e+01
   5.2341960e+06   3.4301758e+01
   5.2342140e+06   2.7404785e+01
   5.2342520e+06   2.7221680e+01
   5.2342830e+06   3.5339355e+01
   5.2342950e+06   3.9855957e+01
   5.2343060e+06   3.5705566e+01
   5.2343220e+06   3.5034180e+01
   5.2343510e+06   3.9978027e+01
   5.2343650e+06   4.2541504e+01
   5.2343840e+06   2.6672363e+01
   5.2344190e+06   4.6447754e+01
   5.2344370e+06   3.0395508e+01
   5.2344690e+06   3.7902832e+01
   5.2344820e+06   2.8808594e+01
   5.2345110e+06   3.2775879e+01
   5.2345540e+06   3.1738281e+01
   5.2345640e+06   2.9357910e+01
   5.2345940e+06   2.7770996e+01
   5.2346570e+06   2.6489258e+01
   5.2346790e+06   3.8818359e+01
   5.2350370e+06   3.4057617e+01
   5.2351050e+06   3.1066895e+01
   5.2351300e+06   3.4973145e+01
   5.2352240e+06   3.0883789e+01
   5.2352420e+06   2.6428223e+01
   5.3343500e+06   3.3203125e+01
   5.5490570e+06   2.8015137e+01
   5.5490770e+06   3.5583496e+01
   5.5490980e+06   2.6672363e+01
   5.5491280e+06   2.7770996e+01
   5.5491560e+06   5.4504395e+01
   5.5491800e+06   5.8654785e+01
   5.5492100e+06   3.8757324e+01
   5.5492290e+06   3.7475586e+01
   5.5492460e+06   3.3081055e+01
   5.5492590e+06   2.7709961e+01
   5.5492820e+06   4.0344238e+01
   5.5493190e+06   3.3508301e+01
   5.5493360e+06   2.7404785e+01
   5.5493620e+06   3.2348633e+01
   5.5493980e+06   4.7973633e+01
   5.5494620e+06   3.4057617e+01
   5.5494940e+06   2.7221680e+01
   5.5495930e+06   2.9235840e+01
   5.5496120e+06   3.7780762e+01
   5.5496840e+06   3.2165527e+01
   5.5501810e+06   2.6367188e+01
   5.5506600e+06   3.4179688e+01
   5.5955430e+06   2.6733398e+01
   6.2343840e+06   3.6865234e+01
   6.2344420e+06   2.6977539e+01
   6.2344740e+06   2.7160645e+01
   6.2344850e+06   3.3569336e+01
   6.2344970e+06   4.6936035e+01
   6.2345230e+06   3.5278320e+01
   6.2345500e+06   3.8269043e+01
   6.2345600e+06   4.0161133e+01
   6.2345840e+06   3.7170410e+01
   6.2346040e+06   3.1250000e+01
   6.2346150e+06   2.6977539e+01
   6.2346360e+06   2.5939941e+01
   6.2346670e+06   3.2165527e+01
   6.2346780e+06   4.1076660e+01
   6.2348500e+06   2.6123047e+01
   6.2349240e+06   4.1076660e+01
   6.2349860e+06   2.7648926e+01
   6.2356080e+06   2.6550293e+01
   6.2357330e+06   2.6184082e+01
   6.2361480e+06   3.3264160e+01
   6.2369920e+06   2.8137207e+01
   6.5506570e+06   2.5695801e+01
   6.6914310e+06   3.6010742e+01
   6.6914530e+06   2.6855469e+01
   6.6914800e+06   2.7465820e+01
   6.6915180e+06   3.7536621e+01
   6.6915390e+06   3.5827637e+01
   6.6915550e+06   4.2541504e+01
   6.6915930e+06   2.7465820e+01
   6.6916070e+06   2.8747559e+01
   6.6916310e+06   2.6245117e+01
   6.6916460e+06   4.4494629e+01
   6.6916930e+06   2.6489258e+01
   6.6917090e+06   3.7170410e+01
   6.6917610e+06   2.6977539e+01
   6.6917940e+06   3.2043457e+01
   6.6918170e+06   3.5583496e+01
   6.6918670e+06   2.7343750e+01
   6.6919010e+06   3.0944824e+01
   6.6919470e+06   3.6621094e+01
   6.6919800e+06   2.6489258e+01
   6.6920360e+06   3.1250000e+01
   6.6921390e+06   2.6245117e+01
   6.6922860e+06   2.6184082e+01
   6.6923520e+06   2.7770996e+01
   6.6924770e+06   3.0212402e+01
   6.6936930e+06   2.6916504e+01
   7.2837810e+06   2.8808594e+01
   7.2838300e+06   2.8686523e+01
   7.2838690e+06   2.8015137e+01
   7.2838970e+06   3.3325195e+01
   7.2839130e+06   3.6499023e+01
   7.2839470e+06   2.7160645e+01
   7.2839730e+06   3.1555176e+01
   7.2839860e+06   3.6010742e+01
   7.2840040e+06   4.7485352e+01
   7.2840190e+06   3.4545898e+01
   7.2840550e+06   3.7353516e+01
   7.2840710e+06   2.5695801e+01
   7.2841040e+06   2.7160645e+01
   7.2841190e+06   2.6977539e+01
   7.2841580e+06   2.9541016e+01
   7.2841970e+06   3.0029297e+01
   7.2842320e+06   2.5695801e+01
   7.2842570e+06   4.5410156e+01
   7.2843480e+06   3.6926270e+01
   7.2848260e+06   2.9418945e+01
   7.2849220e+06   3.2104492e+01
   7.2855450e+06   3.2836914e+01
   7.2863650e+06   2.6550293e+01
   8.6307740e+06   2.7832031e+01
   8.6308200e+06   2.8625488e+01
   8.6308640e+06   3.0578613e+01
   8.6309010e+06   3.1677246e+01
   8.6309160e+06   3.6804199e+01
   8.6309340e+06   3.2531738e+01
   8.6309570e+06   3.9550781e+01
   8.6309910e+06   2.9479980e+01
   8.6310220e+06   3.1738281e+01
   8.6310480e+06   3.6804199e+01
   8.6311260e+06   2.8686523e+01
   8.6311930e+06   3.2043457e+01
   8.6312710e+06   2.7404785e+01
   8.6314070e+06   2.7221680e+01
   8.6314730e+06   2.8808594e+01
   8.6315200e+06   2.5756836e+01
   8.6317490e+06   2.7587891e+01
   8.6318570e+06   2.7587891e+01
   8.6319320e+06   3.1616211e+01
   8.6319530e+06   3.1188965e+01
   8.6320290e+06   2.6794434e+01
   8.6320450e+06   3.1677246e+01
   8.6329150e+06   2.6550293e+01
   8.6330190e+06   2.7587891e+01
   8.6332200e+06   2.6733398e+01
   9.1270470e+06   2.6245117e+01
   9.1271380e+06   3.6071777e+01
   9.1271540e+06   3.0944824e+01
   9.1271800e+06   3.4729004e+01
   9.1272130e+06   2.6855469e+01
   9.1272430e+06   4.4860840e+01
   9.1272570e+06   3.7658691e+01
   9.1272820e+06   3.6804199e+01
   9.1273110e+06   3.5583496e+01
   9.1273410e+06   3.4729004e+01
   9.1273610e+06   3.1799316e+01
   9.1273980e+06   2.7221680e+01
   9.1274330e+06   3.2592773e+01
   9.1274430e+06   2.6367188e+01
   9.1274810e+06   2.7526855e+01
   9.1274910e+06   3.2653809e+01
   9.1275560e+06   2.8564453e+01
   9.1275990e+06   2.6855469e+01
   9.1276530e+06   2.8381348e+01
   9.1277830e+06   2.8991699e+01
   9.1285420e+06   3.5095215e+01
   9.2914390e+06   2.6794434e+01
   9.6664470e+06   2.9968262e+01
   1.0154512e+07   2.6062012e+01
   1.1571637e+07   2.6916504e+01
