   1.1999000e+07   0.0000000e+00
   7.3499000e+04   2.9357910e+01
   7.3571000e+04   2.8869629e+01
   7.3587000e+04   3.4118652e+01
   7.3606000e+04   2.7770996e+01
   7.3619000e+04   2.6062012e+01
   7.3667000e+04   3.1677246e+01
   7.3680000e+04   3.5766602e+01
   7.3695000e+04   2.8869629e+01
   7.3746000e+04   2.6428223e+01
   7.3794000e+04   2.7709961e+01
   7.3940000e+04   3.3630371e+01
   9.4860000e+04   3.1311035e+01
   9.5394000e+04   2.6916504e+01
   1.4885200e+05   2.6000977e+01
   1.4887800e+05   4.3029785e+01
   1.4891900e+05   2.7770996e+01
   1.4895800e+05   2.6794434e+01
   1.4898300e+05   2.6977539e+01
   1.4900000e+05   3.0395508e+01
   1.4931600e+05   3.0212402e+01
   2.6589800e+05   2.8259277e+01
   2.6600400e+05   2.7343750e+01
   2.6608800e+05   2.6794434e+01
   2.6610700e+05   2.6672363e+01
   2.6615700e+05   3.4912109e+01
   2.6620600e+05   2.6977539e+01
   2.6622700e+05   2.6428223e+01
   2.6632700e+05   3.3325195e+01
   2.6638000e+05   4.8522949e+01
   2.6679800e+05   2.6245117e+01
   3.6950700e+05   3.5278320e+01
   3.6991800e+05   4.0100098e+01
   3.7015700e+05   4.0222168e+01
   4.6687500e+05   2.6977539e+01
   4.6824900e+05   3.8452148e+01
   4.6848500e+05   3.9062500e+01
   4.6874700e+05   2.7099609e+01
   4.6902100e+05   2.8564453e+01
   5.5495800e+05   3.3569336e+01
   5.5518600e+05   4.1503906e+01
   6.3347100e+05   2.8320313e+01
   6.6605600e+05   3.4606934e+01
   6.6687300e+05   2.9846191e+01
   6.6721500e+05   2.8198242e+01
   7.6868500e+05   3.9001465e+01
   7.6888800e+05   3.7475586e+01
   7.6909300e+05   3.2531738e+01
   7.6926200e+05   2.8137207e+01
   7.6942600e+05   3.5461426e+01
   8.6111800e+05   3.0639648e+01
   8.6142600e+05   4.0649414e+01
   8.6181100e+05   3.6743164e+01
   8.9763800e+05   2.9174805e+01
   8.9768100e+05   2.9785156e+01
   8.9771900e+05   4.1931152e+01
   8.9775100e+05   2.9052734e+01
   8.9778000e+05   3.0090332e+01
   8.9780500e+05   3.0090332e+01
   8.9787200e+05   2.9418945e+01
   8.9803500e+05   4.2175293e+01
   8.9805200e+05   2.9296875e+01
   9.1785200e+05   3.0883789e+01
   9.1882000e+05   3.1250000e+01
   9.1912800e+05   3.8085938e+01
   9.2000800e+05   3.3020020e+01
   1.0094310e+06   3.6682129e+01
   1.0096120e+06   3.0456543e+01
   1.0097430e+06   3.6743164e+01
   1.0099460e+06   2.6184082e+01
   1.0103330e+06   3.6682129e+01
   1.0915830e+06   2.6916504e+01
   1.0918740e+06   3.1860352e+01
   1.0919740e+06   2.5878906e+01
   1.0920560e+06   4.4677734e+01
   1.0922150e+06   3.5217285e+01
   1.0924050e+06   3.3813477e+01
   1.1331830e+06   3.4118652e+01
   1.1338810e+06   3.3142090e+01
   1.1341210e+06   2.8015137e+01
   1.1904120e+06   2.6672363e+01
   1.2519100e+06   2.9663086e+01
   1.2522740e+06   3.6865234e+01
   1.3403050e+06   2.6123047e+01
   1.3658660e+06   2.7221680e+01
   1.4227090e+06   3.7780762e+01
   1.4243080e+06   3.7963867e+01
   1.4245240e+06   2.6916504e+01
   1.4963150e+06   2.7404785e+01
   1.5131090e+06   3.0212402e+01
   1.5134080e+06   3.5156250e+01
   1.5622860e+06   2.7709961e+01
   1.5856260e+06   2.9968262e+01
   1.5861170e+06   2.8869629e+01
   1.6385150e+06   2.6184082e+01
   1.6991300e+06   3.5400391e+01
   1.6996820e+06   3.2165527e+01
   1.7005180e+06   3.2653809e+01
   1.7011070e+06   3.1494141e+01
   1.7014460e+06   2.6245117e+01
   1.7015620e+06   2.7648926e+01
   1.7021080e+06   3.1005859e+01
   1.7025820e+06   3.2409668e+01
   1.7307110e+06   3.3020020e+01
   1.7310140e+06   2.6916504e+01
   1.7313400e+06   3.2531738e+01
   1.7315810e+06   3.3935547e+01
   1.7321640e+06   3.5583496e+01
   1.7323890e+06   2.7954102e+01
   1.7327370e+06   3.0273438e+01
   1.7333930e+06   2.6672363e+01
   1.7719680e+06   4.0039063e+01
   1.7721530e+06   3.7963867e+01
   1.7724150e+06   2.9235840e+01
   1.7725830e+06   3.0090332e+01
   1.7727730e+06   3.1311035e+01
   1.7730250e+06   3.0761719e+01
   1.7731870e+06   2.8686523e+01
   1.7734500e+06   2.9235840e+01
   1.7736570e+06   3.1616211e+01
   1.7738520e+06   2.8442383e+01
   1.8346230e+06   2.6794434e+01
   1.8348390e+06   3.2714844e+01
   1.8351270e+06   3.4545898e+01
   1.8353500e+06   3.7963867e+01
   1.8357060e+06   3.3447266e+01
   1.8358430e+06   2.7526855e+01
   1.8398500e+06   2.7893066e+01
   1.8744200e+06   2.8991699e+01
   1.8745380e+06   3.4484863e+01
   1.8747110e+06   3.3935547e+01
   1.8750150e+06   2.6000977e+01
   1.8773940e+06   2.6550293e+01
   1.8794860e+06   2.7893066e+01
   1.8809580e+06   2.5878906e+01
   1.8914630e+06   4.6447754e+01
   1.8915590e+06   3.0273438e+01
   1.8916630e+06   2.8625488e+01
   1.8916860e+06   2.6367188e+01
   1.8933100e+06   2.6000977e+01
   1.8935930e+06   2.6184082e+01
   1.8977330e+06   2.6916504e+01
   1.8985760e+06   2.6916504e+01
   1.9221970e+06   2.7038574e+01
   1.9222850e+06   3.3569336e+01
   1.9223970e+06   2.6794434e+01
   1.9229100e+06   2.6062012e+01
   1.9257340e+06   2.6123047e+01
   1.9269530e+06   2.7282715e+01
   1.9317020e+06   3.0761719e+01
   1.9359070e+06   3.0456543e+01
   1.9362850e+06   2.7404785e+01
   1.9375730e+06   2.7832031e+01
   1.9394570e+06   2.8320313e+01
   1.9698040e+06   3.4301758e+01
   1.9698550e+06   3.4606934e+01
   1.9700220e+06   2.6672363e+01
   1.9776150e+06   2.7038574e+01
   1.9797480e+06   2.6123047e+01
   1.9891630e+06   3.9733887e+01
   1.9896530e+06   3.6743164e+01
   1.9898800e+06   2.8076172e+01
   1.9925710e+06   2.6550293e+01
   2.0000480e+06   2.7038574e+01
   2.0001270e+06   2.8259277e+01
   2.0006250e+06   2.9296875e+01
   2.0035160e+06   2.9113770e+01
   2.0055550e+06   2.9296875e+01
   2.0059150e+06   2.7160645e+01
   2.0075320e+06   2.8015137e+01
   2.0135530e+06   3.4973145e+01
   2.0136330e+06   2.6367188e+01
   2.0234610e+06   3.0212402e+01
   2.0236740e+06   2.5939941e+01
   2.0240490e+06   2.6977539e+01
   2.0315650e+06   2.6062012e+01
   2.0326790e+06   2.6428223e+01
   2.0384770e+06   2.6916504e+01
   2.0385610e+06   2.8137207e+01
   2.0500850e+06   3.3752441e+01
   2.0501750e+06   2.9418945e+01
   2.0502700e+06   2.6367188e+01
   2.0503070e+06   3.2592773e+01
   2.0505890e+06   2.8808594e+01
   2.0523930e+06   3.0334473e+01
   2.0624780e+06   3.0517578e+01
   2.0625710e+06   3.4790039e+01
   2.0627080e+06   3.0883789e+01
   2.0675780e+06   2.9724121e+01
   2.0703800e+06   2.6489258e+01
   2.0788030e+06   2.7954102e+01
   2.0788490e+06   3.9611816e+01
   2.0797490e+06   2.8076172e+01
   2.0805910e+06   2.6000977e+01
   2.0821160e+06   2.5878906e+01
   2.0915200e+06   2.8320313e+01
   2.0916160e+06   2.9968262e+01
   2.0917330e+06   2.8503418e+01
   2.0919610e+06   2.9663086e+01
   2.0940190e+06   2.6977539e+01
   2.0980090e+06   2.7893066e+01
   2.1066770e+06   3.1921387e+01
   2.1067720e+06   3.3691406e+01
   2.1069030e+06   2.8747559e+01
   2.1076540e+06   3.2714844e+01
   2.1079260e+06   2.8991699e+01
   2.1081640e+06   2.9907227e+01
   2.1104800e+06   2.6550293e+01
   2.1192810e+06   2.6733398e+01
   2.1195780e+06   3.1494141e+01
   2.1206670e+06   2.9174805e+01
   2.1221880e+06   2.6428223e+01
   2.1325420e+06   2.5878906e+01
   2.1326490e+06   2.6184082e+01
   2.1326670e+06   2.7282715e+01
   2.1329650e+06   2.5939941e+01
   2.1337590e+06   2.6123047e+01
   2.1352620e+06   2.9235840e+01
   2.1357850e+06   2.6367188e+01
   2.1378310e+06   2.9846191e+01
   2.1463470e+06   3.0456543e+01
   2.1463910e+06   2.8442383e+01
   2.1464480e+06   2.5939941e+01
   2.1465030e+06   2.6489258e+01
   2.1465170e+06   2.6428223e+01
   2.1466790e+06   2.6611328e+01
   2.1467630e+06   3.0700684e+01
   2.1487370e+06   2.6184082e+01
   2.1582840e+06   3.1005859e+01
   2.1583780e+06   2.8503418e+01
   2.1585940e+06   2.6611328e+01
   2.1588420e+06   2.9541016e+01
   2.1592060e+06   2.5939941e+01
   2.1600660e+06   2.6367188e+01
   2.1611410e+06   2.8198242e+01
   2.1710420e+06   3.1372070e+01
   2.1711490e+06   2.7404785e+01
   2.1713040e+06   3.3996582e+01
   2.1716530e+06   2.5878906e+01
   2.1720890e+06   2.9479980e+01
   2.1723240e+06   2.7832031e+01
   2.1815910e+06   2.9785156e+01
   2.1820520e+06   2.5878906e+01
   2.1823690e+06   2.7954102e+01
   2.1934730e+06   3.0883789e+01
   2.1936060e+06   3.4973145e+01
   2.1936840e+06   2.8686523e+01
   2.1938320e+06   2.6367188e+01
   2.1952160e+06   2.5939941e+01
   2.2075470e+06   2.8015137e+01
   2.2076640e+06   3.4851074e+01
   2.2076950e+06   2.6794434e+01
   2.2078190e+06   3.7170410e+01
   2.2079590e+06   2.7709961e+01
   2.2082120e+06   2.7526855e+01
   2.2186720e+06   2.8259277e+01
   2.2188120e+06   3.5644531e+01
   2.2189020e+06   2.9541016e+01
   2.2190720e+06   3.0578613e+01
   2.2192360e+06   2.8442383e+01
   2.2197430e+06   3.0944824e+01
   2.2330310e+06   2.9907227e+01
   2.2331470e+06   2.6489258e+01
   2.2332420e+06   2.7526855e+01
   2.2334460e+06   3.8024902e+01
   2.2339040e+06   2.8747559e+01
   2.2341760e+06   2.7893066e+01
   2.2462300e+06   2.7587891e+01
   2.2463630e+06   2.8808594e+01
   2.2464810e+06   2.9541016e+01
   2.2464910e+06   2.6855469e+01
   2.2465560e+06   3.2104492e+01
   2.2466520e+06   2.8076172e+01
   2.2469410e+06   2.6428223e+01
   2.2471550e+06   2.7160645e+01
   2.2599200e+06   3.5888672e+01
   2.2599730e+06   3.1311035e+01
   2.2600380e+06   2.8320313e+01
   2.2601970e+06   2.6062012e+01
   2.2631750e+06   3.0822754e+01
   2.2739430e+06   3.0456543e+01
   2.2741880e+06   3.0517578e+01
   2.2743780e+06   2.6123047e+01
   2.2748200e+06   2.6123047e+01
   2.2750890e+06   2.6977539e+01
   2.2754640e+06   2.6855469e+01
   2.2759490e+06   2.6123047e+01
   2.2890430e+06   3.1311035e+01
   2.2892840e+06   2.7587891e+01
   2.2894210e+06   2.8625488e+01
   2.2901730e+06   2.6123047e+01
   2.2902030e+06   2.7770996e+01
   2.2905840e+06   2.7893066e+01
   2.2911410e+06   2.6672363e+01
   2.2915790e+06   2.6123047e+01
   2.3036710e+06   3.6865234e+01
   2.3037950e+06   4.0466309e+01
   2.3038470e+06   3.0456543e+01
   2.3039980e+06   3.0273438e+01
   2.3041780e+06   2.8808594e+01
   2.3043480e+06   2.6672363e+01
   2.3195450e+06   2.9724121e+01
   2.3196020e+06   2.7709961e+01
   2.3196670e+06   2.9724121e+01
   2.3198180e+06   2.6733398e+01
   2.3198480e+06   3.3508301e+01
   2.3200050e+06   3.2287598e+01
   2.3200250e+06   2.5878906e+01
   2.3207000e+06   3.1921387e+01
   2.3209690e+06   2.6184082e+01
   2.3371630e+06   3.6071777e+01
   2.3372930e+06   3.0883789e+01
   2.3373820e+06   2.8625488e+01
   2.3375450e+06   2.6062012e+01
   2.3377320e+06   3.9184570e+01
   2.3380980e+06   2.8015137e+01
   2.3394380e+06   3.1005859e+01
   2.3404900e+06   2.6855469e+01
   2.3647830e+06   2.7832031e+01
   2.3648150e+06   3.6926270e+01
   2.3649690e+06   2.7709961e+01
   2.3651050e+06   2.7282715e+01
   2.3651510e+06   2.6855469e+01
   2.3654640e+06   2.6245117e+01
   2.3658910e+06   3.5156250e+01
   2.3893670e+06   2.7465820e+01
   2.3895740e+06   2.9357910e+01
   2.3896700e+06   2.6062012e+01
   2.3897000e+06   2.7160645e+01
   2.3898820e+06   2.7038574e+01
   2.3905440e+06   2.8137207e+01
   2.3908770e+06   2.7343750e+01
   2.4137970e+06   5.0170898e+01
   2.4139520e+06   3.4240723e+01
   2.4140910e+06   2.9663086e+01
   2.4141470e+06   2.8686523e+01
   2.4144280e+06   2.6123047e+01
   2.4145870e+06   2.8198242e+01
   2.4147930e+06   2.7465820e+01
   2.4152910e+06   2.7160645e+01
   2.4377610e+06   2.7587891e+01
   2.4380710e+06   2.9418945e+01
   2.4381920e+06   3.4912109e+01
   2.4383120e+06   2.9357910e+01
   2.4384210e+06   2.8137207e+01
   2.4386200e+06   2.5939941e+01
   2.4389500e+06   2.6611328e+01
   2.4678430e+06   2.7587891e+01
   2.4679100e+06   3.0517578e+01
   2.4679540e+06   3.0639648e+01
   2.4681130e+06   2.8076172e+01
   2.4681250e+06   2.6733398e+01
   2.4682540e+06   3.5339355e+01
   2.4685380e+06   3.2958984e+01
   2.4687850e+06   2.6550293e+01
   2.4688120e+06   2.6916504e+01
   2.4689800e+06   2.8137207e+01
   2.4692710e+06   3.2775879e+01
   2.4710370e+06   2.7221680e+01
   2.4937700e+06   2.8747559e+01
   2.4939470e+06   3.3813477e+01
   2.4941000e+06   2.6733398e+01
   2.4943120e+06   3.3752441e+01
   2.4945040e+06   3.5217285e+01
   2.4947030e+06   2.9602051e+01
   2.4949360e+06   2.7526855e+01
   2.4951520e+06   3.2287598e+01
   2.5238530e+06   3.7109375e+01
   2.5239660e+06   2.6855469e+01
   2.5239930e+06   2.8747559e+01
   2.5241140e+06   2.8442383e+01
   2.5242580e+06   2.8503418e+01
   2.5243260e+06   2.8076172e+01
   2.5245410e+06   2.9235840e+01
   2.5248060e+06   2.8259277e+01
   2.5250820e+06   3.0578613e+01
   2.5264740e+06   2.6794434e+01
   2.5642240e+06   2.8991699e+01
   2.5643370e+06   2.7221680e+01
   2.5644760e+06   3.9794922e+01
   2.5646390e+06   2.8747559e+01
   2.5652490e+06   2.6062012e+01
   2.5655580e+06   3.1311035e+01
   2.5665720e+06   3.3386230e+01
   3.2710620e+06   2.8808594e+01
   3.2710860e+06   3.2348633e+01
   3.2711270e+06   2.6062012e+01
   3.2711420e+06   3.4362793e+01
   3.2711670e+06   2.6672363e+01
   3.2712030e+06   2.7038574e+01
   3.2712210e+06   3.3142090e+01
   3.2712520e+06   2.6672363e+01
   3.2714730e+06   2.6489258e+01
   3.2714930e+06   2.7709961e+01
   3.7092990e+06   2.6367188e+01
   3.7093230e+06   2.9296875e+01
   3.7093510e+06   2.8259277e+01
   3.7093640e+06   3.1005859e+01
   3.7093860e+06   3.1616211e+01
   3.7094210e+06   2.6916504e+01
   3.7094450e+06   2.6245117e+01
   3.7094550e+06   2.6855469e+01
   3.8774410e+06   2.9235840e+01
   3.8774590e+06   2.6367188e+01
   3.8775070e+06   2.9663086e+01
   3.8775570e+06   3.2348633e+01
   3.8775780e+06   2.6062012e+01
   3.8775980e+06   2.6916504e+01
   3.8776460e+06   2.9052734e+01
   3.8776740e+06   2.9357910e+01
   3.8777190e+06   3.5522461e+01
   3.8778500e+06   2.6000977e+01
   3.8779920e+06   3.0212402e+01
   3.9730080e+06   2.6672363e+01
   4.2131060e+06   3.0883789e+01
   4.2131310e+06   2.6977539e+01
   4.2131480e+06   3.2836914e+01
   4.2131750e+06   3.4179688e+01
   4.2132200e+06   2.8564453e+01
   4.2132330e+06   2.9174805e+01
   4.2132580e+06   3.3508301e+01
   4.2133610e+06   2.7404785e+01
   4.2135210e+06   2.8381348e+01
   4.2137900e+06   2.6794434e+01
   4.3878900e+06   2.6855469e+01
   4.3879600e+06   2.8503418e+01
   4.3879740e+06   2.9113770e+01
   4.3879920e+06   2.8137207e+01
   4.3880240e+06   2.9052734e+01
   4.3880900e+06   2.8869629e+01
   4.3881080e+06   2.8747559e+01
   4.3881890e+06   2.6123047e+01
   4.3882210e+06   4.3518066e+01
   4.3882410e+06   2.7160645e+01
   4.3883370e+06   4.2053223e+01
   4.3884650e+06   3.4790039e+01
   4.3885060e+06   2.7465820e+01
   4.3897670e+06   2.5817871e+01
   4.5123680e+06   2.7038574e+01
   4.7930320e+06   4.1748047e+01
   4.7930780e+06   2.8015137e+01
   4.7930950e+06   3.2409668e+01
   4.7932270e+06   3.1677246e+01
   4.7932880e+06   4.3273926e+01
   4.7933670e+06   2.8503418e+01
   4.7934230e+06   3.7536621e+01
   4.7935060e+06   2.8564453e+01
   4.7935300e+06   3.3996582e+01
   4.7935910e+06   2.6550293e+01
   4.7936580e+06   3.1677246e+01
   5.0606490e+06   2.6672363e+01
   5.2342680e+06   2.8015137e+01
   5.2342860e+06   2.5756836e+01
   5.2343810e+06   3.4973145e+01
   5.2344150e+06   2.6977539e+01
   5.2344610e+06   2.9235840e+01
   5.2344940e+06   3.0700684e+01
   5.2345800e+06   3.5156250e+01
   5.2347010e+06   4.0588379e+01
   5.2348170e+06   4.7119141e+01
   5.5446890e+06   2.5878906e+01
   5.5491360e+06   2.9602051e+01
   5.5492030e+06   2.6855469e+01
   5.5492320e+06   2.8503418e+01
   5.5492500e+06   2.7465820e+01
   5.5492700e+06   2.6245117e+01
   5.5492990e+06   2.8381348e+01
   5.5493190e+06   2.6733398e+01
   5.5494040e+06   2.5939941e+01
   5.5494230e+06   5.3283691e+01
   5.5494630e+06   3.1005859e+01
   5.5495380e+06   3.0517578e+01
   5.5496540e+06   3.5949707e+01
   6.2344360e+06   3.0944824e+01
   6.2344510e+06   2.6550293e+01
   6.2345230e+06   2.8930664e+01
   6.2345370e+06   3.6682129e+01
   6.2345590e+06   2.6916504e+01
   6.2346200e+06   2.7282715e+01
   6.2347140e+06   4.2907715e+01
   6.2347620e+06   2.6306152e+01
   6.2348280e+06   3.9672852e+01
   6.2348480e+06   2.5878906e+01
   6.2349020e+06   2.6489258e+01
   6.2349330e+06   3.1982422e+01
   6.2351620e+06   2.8137207e+01
   6.2355140e+06   2.6428223e+01
   6.6914890e+06   2.8198242e+01
   6.6915180e+06   3.1127930e+01
   6.6915770e+06   3.0395508e+01
   6.6915890e+06   2.5817871e+01
   6.6916170e+06   2.6855469e+01
   6.6916270e+06   3.2653809e+01
   6.6916560e+06   2.6306152e+01
   6.6917320e+06   2.8259277e+01
   6.6917680e+06   3.5644531e+01
   6.6918850e+06   4.2602539e+01
   6.6919180e+06   2.6550293e+01
   6.6919900e+06   3.6987305e+01
   6.6920950e+06   3.8024902e+01
   6.6921620e+06   2.7160645e+01
   6.6922090e+06   2.9724121e+01
   6.6923210e+06   2.6550293e+01
   7.2838560e+06   2.5878906e+01
   7.2838690e+06   2.7038574e+01
   7.2839250e+06   3.7170410e+01
   7.2839970e+06   2.6916504e+01
   7.2840160e+06   2.9418945e+01
   7.2840440e+06   3.3264160e+01
   7.2840730e+06   2.6977539e+01
   7.2841380e+06   3.9672852e+01
   7.2842570e+06   2.5756836e+01
   7.2842930e+06   2.6367188e+01
   7.2843620e+06   3.2470703e+01
   7.2844310e+06   2.8320313e+01
   7.2844690e+06   2.8686523e+01
   7.2846070e+06   2.5939941e+01
   7.7809200e+06   2.6123047e+01
   8.6308620e+06   2.6000977e+01
   8.6309350e+06   2.5939941e+01
   8.6309540e+06   2.7465820e+01
   8.6310560e+06   3.3630371e+01
   8.6310740e+06   2.9968262e+01
   8.6311450e+06   3.5827637e+01
   8.6312360e+06   2.8930664e+01
   8.6312610e+06   3.2958984e+01
   8.6313760e+06   3.3569336e+01
   8.6314080e+06   2.7160645e+01
   8.6314620e+06   2.6428223e+01
   8.6314960e+06   3.3569336e+01
   8.6316240e+06   2.7954102e+01
   8.6317410e+06   2.9174805e+01
   8.6317630e+06   2.6733398e+01
   9.1271350e+06   2.6062012e+01
   9.1271550e+06   2.6245117e+01
   9.1271840e+06   2.8686523e+01
   9.1272840e+06   2.9357910e+01
   9.1273600e+06   2.6916504e+01
   9.1273760e+06   2.8076172e+01
   9.1274010e+06   4.2968750e+01
   9.1274830e+06   2.8137207e+01
   9.1275220e+06   3.8391113e+01
   9.1275980e+06   2.6000977e+01
   9.1276310e+06   4.1259766e+01
   9.1277070e+06   2.5695801e+01
   9.1277640e+06   2.8198242e+01
   9.1278390e+06   2.9235840e+01
   9.1279040e+06   2.7404785e+01
   9.1280000e+06   2.9418945e+01
   9.1280460e+06   2.8076172e+01
   9.1282020e+06   2.5756836e+01
   9.2821390e+06   2.5939941e+01
   1.1628530e+07   2.5939941e+01
   1.1740267e+07   2.7587891e+01
   1.1997846e+07   2.9541016e+01
