   1.1999000e+07   0.0000000e+00
   7.3470000e+04   4.4006348e+01
   7.3526000e+04   4.6569824e+01
   7.3544000e+04   3.7536621e+01
   7.3558000e+04   3.9123535e+01
   7.3612000e+04   4.0283203e+01
   7.3655000e+04   4.8828125e+01
   7.3722000e+04   3.5034180e+01
   7.3821000e+04   3.7353516e+01
   7.3858000e+04   5.4077148e+01
   7.3929000e+04   2.8198242e+01
   7.4001000e+04   3.1494141e+01
   7.4026000e+04   3.4851074e+01
   7.4244000e+04   4.4006348e+01
   9.4734000e+04   4.3823242e+01
   9.4849000e+04   3.5339355e+01
   9.5094000e+04   3.6499023e+01
   9.5285000e+04   4.2968750e+01
   9.5519000e+04   4.2053223e+01
   1.4878800e+05   4.4738770e+01
   1.4886100e+05   4.4311523e+01
   1.4889300e+05   3.2470703e+01
   1.4894200e+05   4.0588379e+01
   1.4902100e+05   2.8564453e+01
   1.4911200e+05   3.4118652e+01
   1.4914100e+05   3.8269043e+01
   1.4931900e+05   3.1616211e+01
   1.4951300e+05   3.6132813e+01
   1.4968900e+05   4.4921875e+01
   2.3718200e+05   4.6997070e+01
   2.6339800e+05   4.4189453e+01
   2.6534200e+05   2.9174805e+01
   2.6557700e+05   3.4667969e+01
   2.6577100e+05   4.1809082e+01
   2.6586500e+05   3.3264160e+01
   2.6595600e+05   3.0883789e+01
   2.6601800e+05   3.3203125e+01
   2.6604900e+05   3.4301758e+01
   2.6606200e+05   2.9357910e+01
   2.6608100e+05   3.6926270e+01
   2.6611000e+05   3.7658691e+01
   2.6614500e+05   3.0517578e+01
   2.6615900e+05   3.9367676e+01
   2.6621300e+05   2.9968262e+01
   2.6627300e+05   4.6997070e+01
   2.6639200e+05   3.4790039e+01
   2.6660900e+05   4.2419434e+01
   2.6691600e+05   3.0700684e+01
   3.6816000e+05   3.7536621e+01
   3.6934300e+05   4.8217773e+01
   3.6962500e+05   4.1748047e+01
   3.6975600e+05   3.3508301e+01
   3.6986300e+05   3.8757324e+01
   3.6997000e+05   2.9602051e+01
   3.7008000e+05   2.9357910e+01
   3.7022800e+05   3.1250000e+01
   4.3604000e+05   4.9804688e+01
   4.6683700e+05   4.8034668e+01
   4.6795800e+05   4.8645020e+01
   4.6812900e+05   3.9672852e+01
   4.6823300e+05   2.8686523e+01
   4.6827100e+05   3.9794922e+01
   4.6841300e+05   3.3081055e+01
   4.6864400e+05   3.9245605e+01
   4.6878300e+05   3.4912109e+01
   5.3005300e+05   4.7668457e+01
   5.5388700e+05   4.2175293e+01
   5.5496800e+05   4.6936035e+01
   5.5534800e+05   4.0832520e+01
   6.1124000e+05   4.2724609e+01
   6.3388100e+05   5.0292969e+01
   6.6537800e+05   4.1503906e+01
   7.6704600e+05   3.7719727e+01
   7.6875800e+05   4.5715332e+01
   7.6902200e+05   5.5847168e+01
   7.6925700e+05   4.0222168e+01
   8.1358600e+05   3.0578613e+01
   8.5898600e+05   4.3090820e+01
   8.6097500e+05   4.3640137e+01
   8.6135600e+05   3.9733887e+01
   8.6176100e+05   4.5349121e+01
   8.7380400e+05   2.8747559e+01
   8.9769600e+05   5.8654785e+01
   8.9771000e+05   4.8889160e+01
   8.9773000e+05   3.8391113e+01
   8.9776200e+05   2.9907227e+01
   8.9777700e+05   5.2490234e+01
   8.9782000e+05   2.9602051e+01
   8.9784200e+05   3.1616211e+01
   8.9792800e+05   4.6936035e+01
   8.9799400e+05   2.8747559e+01
   8.9812100e+05   4.1320801e+01
   8.9827300e+05   3.5461426e+01
   8.9830300e+05   2.9357910e+01
   8.9837500e+05   3.4118652e+01
   8.9850700e+05   3.1677246e+01
   8.9857900e+05   3.7963867e+01
   8.9874800e+05   3.3264160e+01
   8.9885800e+05   6.0974121e+01
   8.9899800e+05   3.6743164e+01
   9.1779800e+05   3.6804199e+01
   9.1793800e+05   4.2114258e+01
   9.1803500e+05   2.8320312e+01
   9.1815100e+05   3.6804199e+01
   9.1829800e+05   4.0100098e+01
   9.1881800e+05   3.3935547e+01
   9.1898900e+05   4.7546387e+01
   9.1914100e+05   3.0090332e+01
   9.1951400e+05   3.3142090e+01
   1.0079330e+06   3.6865234e+01
   1.0089830e+06   4.0222168e+01
   1.0091850e+06   3.8391113e+01
   1.0094920e+06   4.4433594e+01
   1.0096300e+06   3.4423828e+01
   1.0099860e+06   3.8696289e+01
   1.0916380e+06   4.0405273e+01
   1.0918220e+06   4.6264648e+01
   1.0920250e+06   3.1005859e+01
   1.0924730e+06   4.0588379e+01
   1.1109340e+06   3.9855957e+01
   1.1314790e+06   3.9489746e+01
   1.1320810e+06   3.9916992e+01
   1.1325320e+06   3.2958984e+01
   1.1329300e+06   4.2907715e+01
   1.1333660e+06   3.9550781e+01
   1.1577180e+06   4.2602539e+01
   1.1725420e+06   4.2480469e+01
   1.2506600e+06   3.3020020e+01
   1.2513630e+06   4.3395996e+01
   1.3664300e+06   2.9541016e+01
   1.4213710e+06   3.8024902e+01
   1.4723460e+06   3.0334473e+01
   1.6386430e+06   4.2541504e+01
   1.6977940e+06   3.8146973e+01
   1.7301260e+06   4.1137695e+01
   1.7717310e+06   4.3884277e+01
   1.7723270e+06   3.2714844e+01
   1.7727420e+06   2.8442383e+01
   1.7980850e+06   2.8198242e+01
   1.8342590e+06   4.6264648e+01
   1.8350020e+06   3.1433105e+01
   1.8570350e+06   3.4606934e+01
   1.8745080e+06   4.5898438e+01
   1.8746380e+06   3.4057617e+01
   1.8915570e+06   3.9062500e+01
   1.8916740e+06   3.5583496e+01
   1.8927230e+06   2.8686523e+01
   1.9222840e+06   4.1137695e+01
   1.9224000e+06   3.5644531e+01
   1.9228420e+06   2.8076172e+01
   1.9360930e+06   4.9621582e+01
   1.9698990e+06   4.6813965e+01
   1.9700010e+06   3.8452148e+01
   1.9701750e+06   4.0710449e+01
   1.9893170e+06   3.6132813e+01
   1.9894570e+06   3.7841797e+01
   1.9900010e+06   2.9296875e+01
   1.9912820e+06   2.8625488e+01
   2.0001470e+06   4.6875000e+01
   2.0002220e+06   3.1921387e+01
   2.0003490e+06   4.2419434e+01
   2.0136600e+06   4.5043945e+01
   2.0137920e+06   3.7292480e+01
   2.0139340e+06   3.9916992e+01
   2.0236260e+06   4.4311523e+01
   2.0237560e+06   3.4667969e+01
   2.0239080e+06   3.3081055e+01
   2.0317820e+06   4.1503906e+01
   2.0319880e+06   3.9428711e+01
   2.0383960e+06   3.4667969e+01
   2.0385470e+06   3.3691406e+01
   2.0502030e+06   4.6020508e+01
   2.0503320e+06   3.7780762e+01
   2.0504810e+06   3.8940430e+01
   2.0625430e+06   4.5349121e+01
   2.0626890e+06   2.8747559e+01
   2.0628920e+06   5.2062988e+01
   2.0788940e+06   4.2297363e+01
   2.0790180e+06   3.6315918e+01
   2.0792040e+06   4.2175293e+01
   2.0915670e+06   3.6926270e+01
   2.0916720e+06   3.9672852e+01
   2.0918020e+06   5.1574707e+01
   2.1067890e+06   4.0771484e+01
   2.1068930e+06   3.4057617e+01
   2.1070700e+06   4.0649414e+01
   2.1193840e+06   4.3762207e+01
   2.1195460e+06   3.3081055e+01
   2.1325270e+06   4.4799805e+01
   2.1326310e+06   3.7658691e+01
   2.1328240e+06   3.7353516e+01
   2.1464210e+06   3.9794922e+01
   2.1466130e+06   4.5959473e+01
   2.1581970e+06   3.9611816e+01
   2.1583860e+06   3.9001465e+01
   2.1585940e+06   3.9794922e+01
   2.1711150e+06   4.1320801e+01
   2.1712560e+06   3.6682129e+01
   2.1812590e+06   4.7058105e+01
   2.1815100e+06   5.2917480e+01
   2.1934020e+06   4.2053223e+01
   2.1935670e+06   3.1311035e+01
   2.2076200e+06   4.0039063e+01
   2.2077420e+06   4.7302246e+01
   2.2185840e+06   3.4606934e+01
   2.2187610e+06   3.2958984e+01
   2.2331430e+06   4.4372559e+01
   2.2332970e+06   3.9794922e+01
   2.2461550e+06   4.0893555e+01
   2.2463320e+06   4.0649414e+01
   2.2467210e+06   4.5837402e+01
   2.2599940e+06   4.2236328e+01
   2.2601750e+06   4.1503906e+01
   2.2740310e+06   4.7302246e+01
   2.2741870e+06   4.5166016e+01
   2.2891320e+06   3.9123535e+01
   2.2892750e+06   4.0832520e+01
   2.3036210e+06   4.2663574e+01
   2.3037870e+06   4.4555664e+01
   2.3196140e+06   3.8513184e+01
   2.3198120e+06   4.1564941e+01
   2.3226450e+06   3.0151367e+01
   2.3372870e+06   4.6447754e+01
   2.3374710e+06   4.4372559e+01
   2.3376530e+06   3.8208008e+01
   2.3649020e+06   3.8146973e+01
   2.3650850e+06   3.8574219e+01
   2.3894430e+06   4.9926758e+01
   2.3895710e+06   4.1381836e+01
   2.4138560e+06   5.7556152e+01
   2.4140100e+06   4.1381836e+01
   2.4141870e+06   5.3955078e+01
   2.4378640e+06   3.4912109e+01
   2.4380550e+06   4.3273926e+01
   2.4675880e+06   4.2419434e+01
   2.4677410e+06   4.1442871e+01
   2.4938380e+06   3.4240723e+01
   2.4939960e+06   3.6315918e+01
   2.4942150e+06   4.6203613e+01
   2.5236980e+06   3.8940430e+01
   2.5238740e+06   3.8269043e+01
   2.5640930e+06   4.1442871e+01
   2.5642170e+06   4.0527344e+01
   2.5644700e+06   4.4067383e+01
   3.2710170e+06   2.9174805e+01
   3.2710390e+06   4.4433594e+01
   3.2710790e+06   3.4912109e+01
   3.2710950e+06   4.0832520e+01
   3.2711280e+06   5.3649902e+01
   3.2711540e+06   3.4179688e+01
   3.2712050e+06   4.6447754e+01
   3.2714050e+06   5.0964355e+01
   3.2715120e+06   4.6386719e+01
   3.2715450e+06   3.1555176e+01
   3.2716380e+06   6.2255859e+01
   3.2717780e+06   3.2775879e+01
   3.2719130e+06   2.8625488e+01
   3.2719430e+06   2.8076172e+01
   3.2720060e+06   2.9479980e+01
   3.2720830e+06   4.0466309e+01
   3.2722190e+06   3.7048340e+01
   3.2723180e+06   2.9479980e+01
   3.2724520e+06   2.8869629e+01
   3.2724800e+06   3.1066895e+01
   3.2725700e+06   3.4790039e+01
   3.2726040e+06   3.3081055e+01
   3.2727750e+06   3.3325195e+01
   3.2730940e+06   3.7841797e+01
   3.2731640e+06   2.8808594e+01
   3.2742050e+06   3.4484863e+01
   3.4939780e+06   2.8015137e+01
   3.5592800e+06   3.0944824e+01
   3.7092140e+06   4.6936035e+01
   3.7092590e+06   2.9785156e+01
   3.7092820e+06   3.2348633e+01
   3.7093030e+06   3.5400391e+01
   3.7093570e+06   2.7893066e+01
   3.7093710e+06   2.8015137e+01
   3.7094020e+06   2.8015137e+01
   3.7094190e+06   4.9438477e+01
   3.7094510e+06   2.9113770e+01
   3.7094900e+06   3.6254883e+01
   3.7095420e+06   2.9052734e+01
   3.7096330e+06   4.5471191e+01
   3.7096670e+06   3.1372070e+01
   3.7097100e+06   3.6560059e+01
   3.7098060e+06   3.3508301e+01
   3.7099020e+06   4.2175293e+01
   3.7099910e+06   3.8269043e+01
   3.7100650e+06   4.1442871e+01
   3.7101550e+06   3.7109375e+01
   3.7102360e+06   3.1799316e+01
   3.7103060e+06   3.8085938e+01
   3.7104010e+06   4.0710449e+01
   3.7104800e+06   3.0029297e+01
   3.7105680e+06   3.3508301e+01
   3.7106080e+06   3.3203125e+01
   3.7107650e+06   3.4973145e+01
   3.7108710e+06   3.2653809e+01
   3.7109540e+06   2.9846191e+01
   3.7109910e+06   3.2043457e+01
   3.7111560e+06   2.9663086e+01
   3.7112740e+06   2.8320313e+01
   3.7117930e+06   4.1320801e+01
   3.7127640e+06   3.5095215e+01
   3.7143850e+06   2.8930664e+01
   3.7181040e+06   2.9907227e+01
   3.7637050e+06   3.0212402e+01
   3.8773740e+06   4.3457031e+01
   3.8774410e+06   3.9306641e+01
   3.8774700e+06   5.3771973e+01
   3.8775180e+06   3.6621094e+01
   3.8775510e+06   6.0119629e+01
   3.8777960e+06   2.8442383e+01
   3.8778330e+06   4.5532227e+01
   3.8778670e+06   3.0151367e+01
   3.8779510e+06   3.3447266e+01
   3.8779830e+06   4.7607422e+01
   3.8780490e+06   4.5898438e+01
   3.8781710e+06   3.1921387e+01
   3.8782380e+06   3.1127930e+01
   3.8783150e+06   3.1372070e+01
   3.8784530e+06   4.2541504e+01
   3.8785240e+06   2.8808594e+01
   3.8786160e+06   3.3325195e+01
   3.8787200e+06   3.0761719e+01
   3.8788090e+06   3.1127930e+01
   3.8789630e+06   3.3264160e+01
   3.8790540e+06   3.5095215e+01
   3.8791900e+06   3.0883789e+01
   3.8793300e+06   3.1066895e+01
   3.8795610e+06   3.7780762e+01
   3.8795880e+06   2.8564453e+01
   3.8796960e+06   3.4362793e+01
   3.8797350e+06   3.0883789e+01
   3.8817000e+06   3.1494141e+01
   3.8826590e+06   3.4912109e+01
   4.0305010e+06   3.1311035e+01
   4.0506360e+06   3.0700684e+01
   4.1300160e+06   3.1433105e+01
   4.2130610e+06   4.2053223e+01
   4.2131340e+06   3.8391113e+01
   4.2131700e+06   3.4423828e+01
   4.2131980e+06   3.0944824e+01
   4.2132470e+06   4.8278809e+01
   4.2133250e+06   2.9052734e+01
   4.2133500e+06   2.9785156e+01
   4.2134210e+06   3.7963867e+01
   4.2134590e+06   4.0527344e+01
   4.2136020e+06   4.1992188e+01
   4.2136810e+06   4.0344238e+01
   4.2137910e+06   4.5288086e+01
   4.2138710e+06   3.2043457e+01
   4.2139830e+06   3.8452148e+01
   4.2141440e+06   3.3996582e+01
   4.2142190e+06   3.3020020e+01
   4.2143100e+06   3.5705566e+01
   4.2143990e+06   3.9733887e+01
   4.2145210e+06   3.1250000e+01
   4.2146170e+06   3.8391113e+01
   4.2146600e+06   3.1494141e+01
   4.2147250e+06   4.0039063e+01
   4.2147950e+06   3.7780762e+01
   4.2148310e+06   2.8320313e+01
   4.2150220e+06   3.1860352e+01
   4.2152000e+06   3.1127930e+01
   4.2155590e+06   3.5400391e+01
   4.2159120e+06   3.0395508e+01
   4.3878370e+06   5.3466797e+01
   4.3878850e+06   3.0395508e+01
   4.3879020e+06   3.9611816e+01
   4.3879410e+06   3.8024902e+01
   4.3879580e+06   2.9846191e+01
   4.3879890e+06   3.1372070e+01
   4.3880520e+06   3.6193848e+01
   4.3881180e+06   3.1372070e+01
   4.3881850e+06   4.0039062e+01
   4.3882210e+06   3.0090332e+01
   4.3882630e+06   3.2836914e+01
   4.3883000e+06   2.7954102e+01
   4.3883660e+06   5.2490234e+01
   4.3884560e+06   3.8513184e+01
   4.3885550e+06   3.9489746e+01
   4.3887140e+06   3.8330078e+01
   4.3887850e+06   3.1066895e+01
   4.3888920e+06   2.9846191e+01
   4.3890860e+06   2.8991699e+01
   4.3891760e+06   3.1066895e+01
   4.3892670e+06   3.0700684e+01
   4.3893950e+06   3.2897949e+01
   4.3895230e+06   4.4677734e+01
   4.3896380e+06   3.1433105e+01
   4.3897960e+06   3.3020020e+01
   4.3899760e+06   3.1921387e+01
   4.3902180e+06   3.5949707e+01
   4.3906170e+06   3.4240723e+01
   4.3921560e+06   3.1616211e+01
   4.3924860e+06   3.3203125e+01
   4.7929740e+06   3.9001465e+01
   4.7930260e+06   3.0029297e+01
   4.7930390e+06   2.8198242e+01
   4.7930750e+06   2.8503418e+01
   4.7930870e+06   3.2836914e+01
   4.7931540e+06   3.5644531e+01
   4.7932270e+06   5.3039551e+01
   4.7932410e+06   2.9418945e+01
   4.7933370e+06   3.7719727e+01
   4.7934070e+06   3.7658691e+01
   4.7934820e+06   2.7954102e+01
   4.7935100e+06   3.8024902e+01
   4.7936130e+06   4.3273926e+01
   4.7937100e+06   4.2968750e+01
   4.7937870e+06   3.6132813e+01
   4.7939430e+06   3.3325195e+01
   4.7940140e+06   3.1250000e+01
   4.7940840e+06   3.0517578e+01
   4.7942260e+06   3.2287598e+01
   4.7943230e+06   3.1066895e+01
   4.7944420e+06   2.9479980e+01
   4.7945380e+06   3.3447266e+01
   4.7947330e+06   3.8085938e+01
   4.7948430e+06   3.1921387e+01
   4.7949110e+06   3.0151367e+01
   4.7949490e+06   2.9357910e+01
   4.7951300e+06   3.9123535e+01
   4.7952910e+06   2.8625488e+01
   4.7954140e+06   3.5034180e+01
   4.9285210e+06   3.1555176e+01
   5.1665640e+06   2.7954102e+01
   5.2341560e+06   2.9296875e+01
   5.2342190e+06   4.5288086e+01
   5.2342830e+06   3.5339355e+01
   5.2343100e+06   3.6254883e+01
   5.2343240e+06   3.0578613e+01
   5.2343560e+06   3.0944824e+01
   5.2343720e+06   3.1555176e+01
   5.2344500e+06   3.3996582e+01
   5.2344710e+06   3.0151367e+01
   5.2345240e+06   3.8330078e+01
   5.2345910e+06   2.8442383e+01
   5.2347190e+06   3.1555176e+01
   5.2348140e+06   4.2053223e+01
   5.2349060e+06   3.4301758e+01
   5.2350000e+06   2.8930664e+01
   5.2351010e+06   4.1625977e+01
   5.2351830e+06   4.1687012e+01
   5.2352570e+06   3.8574219e+01
   5.2353590e+06   3.0395508e+01
   5.2354460e+06   3.3691406e+01
   5.2355240e+06   4.2541504e+01
   5.2357120e+06   3.4973145e+01
   5.2357750e+06   2.9296875e+01
   5.2358030e+06   3.0578613e+01
   5.2362660e+06   4.4982910e+01
   5.2363860e+06   3.9916992e+01
   5.2365650e+06   3.4667969e+01
   5.2367320e+06   3.8879395e+01
   5.2368570e+06   2.8320313e+01
   5.2372440e+06   2.9663086e+01
   5.2374220e+06   3.3569336e+01
   5.2398730e+06   3.9001465e+01
   5.4315340e+06   2.9235840e+01
   5.5490900e+06   4.7790527e+01
   5.5491230e+06   3.3081055e+01
   5.5491490e+06   3.0944824e+01
   5.5491680e+06   3.2592773e+01
   5.5491910e+06   3.7353516e+01
   5.5492230e+06   3.6499023e+01
   5.5492490e+06   5.3405762e+01
   5.5493550e+06   3.2287598e+01
   5.5493660e+06   2.9968262e+01
   5.5494660e+06   2.8747559e+01
   5.5495780e+06   3.4729004e+01
   5.5497280e+06   3.3508301e+01
   5.5498390e+06   2.8686523e+01
   5.5499190e+06   2.9602051e+01
   5.5499590e+06   2.9418945e+01
   5.5499960e+06   3.4851074e+01
   5.5500660e+06   4.2053223e+01
   5.5501580e+06   3.4362793e+01
   5.5502690e+06   3.5217285e+01
   5.5503330e+06   3.1738281e+01
   5.5506310e+06   3.2409668e+01
   5.5507360e+06   2.8442383e+01
   5.5508200e+06   2.8869629e+01
   5.5509290e+06   2.8320313e+01
   5.5510760e+06   3.6804199e+01
   5.5511290e+06   2.9052734e+01
   5.5513410e+06   2.8808594e+01
   5.5514570e+06   3.7597656e+01
   5.5515820e+06   2.7954102e+01
   5.5521630e+06   3.9978027e+01
   5.9049300e+06   2.8259277e+01
   6.2343750e+06   2.9235840e+01
   6.2343990e+06   3.7353516e+01
   6.2344530e+06   3.4545898e+01
   6.2344740e+06   2.8320313e+01
   6.2344980e+06   6.0424805e+01
   6.2345350e+06   3.3020020e+01
   6.2345610e+06   5.2978516e+01
   6.2346370e+06   4.1931152e+01
   6.2346680e+06   3.3569336e+01
   6.2347380e+06   5.1635742e+01
   6.2348720e+06   3.2836914e+01
   6.2349710e+06   3.0700684e+01
   6.2351250e+06   3.9367676e+01
   6.2352120e+06   4.9438477e+01
   6.2352860e+06   3.6987305e+01
   6.2354390e+06   3.7963867e+01
   6.2355100e+06   3.2897949e+01
   6.2356790e+06   3.4423828e+01
   6.2357770e+06   4.0649414e+01
   6.2358840e+06   4.1503906e+01
   6.2359770e+06   4.1259766e+01
   6.2360390e+06   2.8320313e+01
   6.2360540e+06   3.2348633e+01
   6.2361490e+06   4.2907715e+01
   6.2362430e+06   2.8991699e+01
   6.2363840e+06   3.4423828e+01
   6.2366500e+06   3.8146973e+01
   6.2368410e+06   3.6254883e+01
   6.2370380e+06   3.1250000e+01
   6.2372390e+06   3.7597656e+01
   6.2375930e+06   3.0578613e+01
   6.2379820e+06   3.7048340e+01
   6.2384800e+06   3.2165527e+01
   6.6914480e+06   4.1076660e+01
   6.6914930e+06   2.9907227e+01
   6.6915270e+06   3.4606934e+01
   6.6915680e+06   4.5837402e+01
   6.6915940e+06   4.2724609e+01
   6.6916590e+06   3.7414551e+01
   6.6917020e+06   3.0639648e+01
   6.6917230e+06   4.3823242e+01
   6.6917840e+06   2.8625488e+01
   6.6918230e+06   3.3752441e+01
   6.6918470e+06   3.2104492e+01
   6.6919180e+06   3.8085938e+01
   6.6920570e+06   3.2714844e+01
   6.6921250e+06   3.0151367e+01
   6.6921900e+06   3.1860352e+01
   6.6922300e+06   3.4790039e+01
   6.6922940e+06   2.8320313e+01
   6.6923490e+06   2.8625488e+01
   6.6923850e+06   2.8564453e+01
   6.6924540e+06   2.9479980e+01
   6.6925240e+06   3.4240723e+01
   6.6925820e+06   3.3935547e+01
   6.6926680e+06   3.1311035e+01
   6.6927880e+06   3.1982422e+01
   6.6928970e+06   3.1433105e+01
   6.6929740e+06   2.9785156e+01
   6.6930660e+06   3.0639648e+01
   6.6931020e+06   2.8320313e+01
   6.6931250e+06   2.8442383e+01
   6.6931480e+06   2.9968262e+01
   6.6935120e+06   3.1799316e+01
   6.6936400e+06   3.1433105e+01
   6.6937530e+06   2.8564453e+01
   6.6939530e+06   4.3640137e+01
   6.6940880e+06   3.5217285e+01
   6.6942350e+06   3.1799316e+01
   6.6944190e+06   3.1555176e+01
   6.6944520e+06   3.3142090e+01
   6.6948850e+06   3.4118652e+01
   6.6950950e+06   3.7048340e+01
   6.6952660e+06   3.0639648e+01
   6.6954940e+06   3.5705566e+01
   6.6963440e+06   2.9357910e+01
   6.8652090e+06   2.8076172e+01
   7.2838090e+06   4.9316406e+01
   7.2839100e+06   4.6020508e+01
   7.2839570e+06   3.0212402e+01
   7.2839700e+06   4.3457031e+01
   7.2839880e+06   3.2104492e+01
   7.2840000e+06   2.8442383e+01
   7.2840340e+06   3.8024902e+01
   7.2840660e+06   2.9235840e+01
   7.2840880e+06   2.8503418e+01
   7.2841490e+06   3.0334473e+01
   7.2841950e+06   3.9550781e+01
   7.2842870e+06   4.2236328e+01
   7.2843730e+06   3.6376953e+01
   7.2846630e+06   3.2714844e+01
   7.2847300e+06   3.0883789e+01
   7.2848860e+06   2.8076172e+01
   7.2850320e+06   2.8869629e+01
   7.2851840e+06   3.1860352e+01
   7.2852660e+06   3.5156250e+01
   7.2853370e+06   2.9541016e+01
   7.2856170e+06   2.9602051e+01
   7.2857030e+06   3.4729004e+01
   7.2859410e+06   3.7414551e+01
   7.2860820e+06   2.8381348e+01
   7.2861410e+06   2.9235840e+01
   7.2862720e+06   3.7780762e+01
   7.2864720e+06   3.8818359e+01
   7.2866970e+06   3.1677246e+01
   7.2868630e+06   3.2897949e+01
   7.2870420e+06   3.1372070e+01
   7.2870830e+06   3.4301758e+01
   7.2872440e+06   4.4433594e+01
   7.2874930e+06   3.0639648e+01
   7.2875670e+06   3.2348633e+01
   7.2877500e+06   3.5095215e+01
   7.2886920e+06   3.3325195e+01
   7.2915920e+06   3.7231445e+01
   8.2301340e+06   3.0151367e+01
   8.6145310e+06   3.1860352e+01
   8.6308240e+06   5.5358887e+01
   8.6308910e+06   2.8503418e+01
   8.6309110e+06   3.1921387e+01
   8.6309690e+06   4.9499512e+01
   8.6310760e+06   3.3142090e+01
   8.6311510e+06   3.7109375e+01
   8.6312480e+06   4.7973633e+01
   8.6312900e+06   3.3203125e+01
   8.6313260e+06   3.1311035e+01
   8.6313450e+06   4.2541504e+01
   8.6314580e+06   2.9052734e+01
   8.6315370e+06   3.7597656e+01
   8.6315990e+06   3.1433105e+01
   8.6317280e+06   3.1005859e+01
   8.6318160e+06   2.9296875e+01
   8.6318870e+06   3.2897949e+01
   8.6319470e+06   3.3569336e+01
   8.6320090e+06   2.9052734e+01
   8.6320770e+06   2.8991699e+01
   8.6324270e+06   3.3569336e+01
   8.6325170e+06   3.4240723e+01
   8.6325940e+06   3.0700684e+01
   8.6326840e+06   3.7048340e+01
   8.6327720e+06   3.6437988e+01
   8.6328440e+06   3.9855957e+01
   8.6329370e+06   3.2409668e+01
   8.6331290e+06   3.5095215e+01
   8.6333800e+06   3.3752441e+01
   8.6334730e+06   3.2104492e+01
   8.6336540e+06   4.4189453e+01
   8.6337290e+06   3.0700684e+01
   8.6337980e+06   3.0090332e+01
   8.6338940e+06   3.1066895e+01
   8.6340200e+06   2.9785156e+01
   8.6341510e+06   3.0029297e+01
   8.6343410e+06   2.8930664e+01
   8.6344960e+06   2.8259277e+01
   8.6347430e+06   3.2287598e+01
   8.6350400e+06   3.1372070e+01
   8.6352180e+06   2.8564453e+01
   8.6354500e+06   2.8259277e+01
   8.6356320e+06   2.8198242e+01
   8.6357830e+06   3.0578613e+01
   8.6361890e+06   3.5217285e+01
   8.6363100e+06   3.3020020e+01
   8.6367360e+06   3.0029297e+01
   8.6369040e+06   3.9001465e+01
   8.6378850e+06   3.5095215e+01
   8.6381390e+06   2.8991699e+01
   8.6387580e+06   3.1738281e+01
   8.6388060e+06   3.8940430e+01
   8.6396070e+06   3.0700684e+01
   8.6401240e+06   2.9968262e+01
   8.6406710e+06   3.0639648e+01
   8.6413590e+06   3.3142090e+01
   8.6418510e+06   3.0578613e+01
   8.6426500e+06   3.0700684e+01
   8.6441520e+06   3.0700684e+01
   8.8397880e+06   3.3142090e+01
   8.8553930e+06   2.9235840e+01
   8.9581250e+06   2.9052734e+01
   8.9857340e+06   3.2470703e+01
   9.0323440e+06   3.0090332e+01
   9.1270670e+06   4.3395996e+01
   9.1271470e+06   3.4545898e+01
   9.1271570e+06   3.7353516e+01
   9.1271890e+06   3.8085938e+01
   9.1272270e+06   3.2348633e+01
   9.1272410e+06   4.1564941e+01
   9.1273230e+06   3.4729004e+01
   9.1274230e+06   3.0700684e+01
   9.1274700e+06   3.1738281e+01
   9.1275750e+06   3.7231445e+01
   9.1276730e+06   3.9978027e+01
   9.1277490e+06   3.7231445e+01
   9.1278350e+06   3.1372070e+01
   9.1279100e+06   3.6010742e+01
   9.1280410e+06   3.2958984e+01
   9.1281110e+06   2.7709961e+01
   9.1281960e+06   2.8930664e+01
   9.1282730e+06   2.7893066e+01
   9.1283320e+06   2.7770996e+01
   9.1284070e+06   2.8503418e+01
   9.1284880e+06   2.9907227e+01
   9.1285780e+06   3.3813477e+01
   9.1287580e+06   3.0456543e+01
   9.1289290e+06   2.7832031e+01
   9.1291800e+06   3.0334473e+01
   9.1293330e+06   3.5278320e+01
   9.1294490e+06   3.0639648e+01
   9.1295480e+06   3.3569336e+01
   9.1297580e+06   2.7648926e+01
   9.1298670e+06   3.0944824e+01
   9.1300890e+06   2.8137207e+01
   9.1303890e+06   2.8991699e+01
   9.1304260e+06   2.8686523e+01
   9.1305640e+06   3.0761719e+01
   9.1307950e+06   3.1250000e+01
   9.1312370e+06   2.8259277e+01
   9.1315810e+06   3.0029297e+01
   9.1316270e+06   3.0639648e+01
   9.1318260e+06   3.2714844e+01
   9.1323150e+06   3.1677246e+01
   9.1329170e+06   3.2348633e+01
   9.1333840e+06   3.4667969e+01
   1.0663661e+07   2.8564453e+01
   1.0710367e+07   4.4189453e+01
   1.1249297e+07   2.7648926e+01
   1.1630520e+07   2.8015137e+01
