   1.1999000e+07   0.0000000e+00
   2.4789000e+04   2.8991699e+01
   3.7342000e+04   2.7709961e+01
   7.3425000e+04   3.0029297e+01
   7.3469000e+04   3.4973145e+01
   7.3485000e+04   3.9489746e+01
   7.3505000e+04   2.7526855e+01
   7.3521000e+04   3.2104492e+01
   7.3549000e+04   3.7658691e+01
   7.3573000e+04   4.9743652e+01
   7.3583000e+04   3.6621094e+01
   7.3613000e+04   2.9663086e+01
   7.3633000e+04   3.0090332e+01
   7.3652000e+04   3.0334473e+01
   7.3664000e+04   4.3823242e+01
   7.3698000e+04   3.3874512e+01
   7.4010000e+04   2.9602051e+01
   9.3667000e+04   2.7465820e+01
   1.4860000e+05   2.7587891e+01
   1.4873800e+05   3.7231445e+01
   1.4881800e+05   4.0283203e+01
   1.4883500e+05   2.8137207e+01
   1.4885400e+05   3.0029297e+01
   1.4892800e+05   4.1259766e+01
   1.4893800e+05   3.5705566e+01
   1.4897400e+05   2.9785156e+01
   1.4903200e+05   3.2958984e+01
   1.4907700e+05   2.8015137e+01
   1.4913200e+05   3.6743164e+01
   1.4927900e+05   2.9907227e+01
   1.4930800e+05   2.8381348e+01
   2.2114800e+05   2.8076172e+01
   2.6557200e+05   2.9113770e+01
   2.6589700e+05   3.6987305e+01
   2.6595000e+05   2.8991699e+01
   2.6596000e+05   4.4799805e+01
   2.6597300e+05   2.9663086e+01
   2.6600300e+05   3.1127930e+01
   2.6602300e+05   4.6630859e+01
   2.6605000e+05   5.2978516e+01
   2.6607600e+05   4.1442871e+01
   2.6608900e+05   4.2907715e+01
   2.6611900e+05   3.1433105e+01
   2.6613900e+05   3.6376953e+01
   2.6617100e+05   3.5034180e+01
   2.6621400e+05   3.3874512e+01
   2.6624000e+05   3.8452148e+01
   2.6628000e+05   4.0161133e+01
   2.6635700e+05   3.3813477e+01
   3.5947900e+05   2.8381348e+01
   3.6859600e+05   2.9174805e+01
   3.6963500e+05   3.2226563e+01
   3.6988900e+05   3.0273437e+01
   4.6677400e+05   2.9296875e+01
   4.6751700e+05   2.7893066e+01
   4.6835200e+05   2.7465820e+01
   6.0362400e+05   2.9846191e+01
   6.6638400e+05   3.7109375e+01
   6.7420900e+05   2.7954102e+01
   7.5526800e+05   3.0456543e+01
   7.9029400e+05   2.8747559e+01
   7.9968800e+05   2.9357910e+01
   8.9110400e+05   2.7954102e+01
   8.9769300e+05   3.0883789e+01
   8.9771000e+05   3.3630371e+01
   8.9773000e+05   2.8259277e+01
   8.9774800e+05   2.9846191e+01
   8.9778000e+05   3.8269043e+01
   8.9781700e+05   3.1860352e+01
   8.9784000e+05   2.9724121e+01
   8.9785900e+05   2.9724121e+01
   8.9789100e+05   2.7954102e+01
   8.9825300e+05   2.9174805e+01
   9.1792000e+05   2.9357910e+01
   9.1884100e+05   2.8869629e+01
   9.4161700e+05   2.8259277e+01
   1.0094250e+06   2.7954102e+01
   1.0914710e+06   3.0456543e+01
   1.0915370e+06   2.8686523e+01
   1.0916790e+06   2.8564453e+01
   1.0917910e+06   3.4057617e+01
   1.1325820e+06   2.7832031e+01
   1.2520150e+06   2.8869629e+01
   1.2671630e+06   2.7465820e+01
   1.4291310e+06   2.9357910e+01
   1.4654880e+06   2.8320313e+01
   1.5118730e+06   2.8869629e+01
   1.5510100e+06   2.8808594e+01
   1.6570660e+06   2.9541016e+01
   1.7548100e+06   2.8320313e+01
   1.8114340e+06   2.8442383e+01
   1.8990440e+06   3.1494141e+01
   1.9704640e+06   3.4240723e+01
   1.9715520e+06   2.8930664e+01
   1.9894940e+06   2.9724121e+01
   1.9999170e+06   2.8564453e+01
   2.0001440e+06   3.0334473e+01
   2.0137210e+06   2.8320313e+01
   2.0237540e+06   2.8747559e+01
   2.0320070e+06   2.8991699e+01
   2.0383410e+06   2.7709961e+01
   2.0385820e+06   2.7954102e+01
   2.0510520e+06   2.9846191e+01
   2.0521830e+06   3.0212402e+01
   2.0625980e+06   2.9968262e+01
   2.0788970e+06   3.2409668e+01
   2.0914910e+06   2.7404785e+01
   2.0915650e+06   3.6193848e+01
   2.0980170e+06   2.8198242e+01
   2.1067500e+06   3.0212402e+01
   2.1187990e+06   2.8869629e+01
   2.1193540e+06   2.7648926e+01
   2.1324260e+06   2.8869629e+01
   2.1463760e+06   3.3142090e+01
   2.1464300e+06   3.1738281e+01
   2.1710390e+06   2.7526855e+01
   2.2076760e+06   2.8564453e+01
   2.2331020e+06   2.8137207e+01
   2.2334530e+06   2.8747559e+01
   2.2599320e+06   3.1066895e+01
   2.2729160e+06   2.8137207e+01
   2.2738650e+06   3.2775879e+01
   2.2740020e+06   2.8259277e+01
   2.2892250e+06   2.9357910e+01
   2.3035470e+06   2.8259277e+01
   2.3195580e+06   3.0578613e+01
   2.3213340e+06   2.9663086e+01
   2.3603480e+06   3.0578613e+01
   2.3651250e+06   2.8259277e+01
   2.3768740e+06   2.8076172e+01
   2.3892910e+06   2.7465820e+01
   2.3894390e+06   2.8137207e+01
   2.3912530e+06   2.9907227e+01
   2.4139250e+06   2.9174805e+01
   2.4337710e+06   2.8015137e+01
   2.4378580e+06   2.9907227e+01
   2.4379880e+06   3.2104492e+01
   2.4381180e+06   2.7587891e+01
   2.5237100e+06   3.0395508e+01
   2.5247840e+06   2.8320313e+01
   2.6231790e+06   2.8198242e+01
   2.6893360e+06   2.8564453e+01
   2.6982700e+06   2.8747559e+01
   2.7426390e+06   2.7648926e+01
   2.8455120e+06   2.8930664e+01
   3.0655380e+06   2.8625488e+01
   3.1463100e+06   3.0029297e+01
   3.2709620e+06   2.7526855e+01
   3.2709880e+06   2.8381348e+01
   3.2710230e+06   3.3020020e+01
   3.2710510e+06   4.2907715e+01
   3.2710830e+06   2.9724121e+01
   3.2711270e+06   4.8950195e+01
   3.2711500e+06   4.0649414e+01
   3.2711780e+06   2.9846191e+01
   3.2711910e+06   2.8381348e+01
   3.2712320e+06   3.4179687e+01
   3.2712530e+06   3.4423828e+01
   3.2720280e+06   3.2348633e+01
   3.3024230e+06   3.0273438e+01
   3.3513320e+06   2.9724121e+01
   3.4077440e+06   2.8503418e+01
   3.5450800e+06   2.7587891e+01
   3.6554960e+06   3.3569336e+01
   3.7091850e+06   2.8930664e+01
   3.7092350e+06   3.6560059e+01
   3.7092640e+06   3.9428711e+01
   3.7092940e+06   4.1687012e+01
   3.7093110e+06   3.6254883e+01
   3.7093240e+06   3.5949707e+01
   3.7093530e+06   2.8320313e+01
   3.7093760e+06   2.7709961e+01
   3.7096080e+06   2.8259277e+01
   3.7099300e+06   2.8503418e+01
   3.7099730e+06   3.2653809e+01
   3.7100180e+06   2.8503418e+01
   3.7751700e+06   2.8198242e+01
   3.8053870e+06   2.8320313e+01
   3.8369520e+06   2.9663086e+01
   3.8773390e+06   3.5888672e+01
   3.8773730e+06   3.0578613e+01
   3.8774000e+06   3.0761719e+01
   3.8774280e+06   4.4372559e+01
   3.8774560e+06   3.3447266e+01
   3.8774680e+06   2.8686523e+01
   3.8774850e+06   3.1127930e+01
   3.8775120e+06   2.9174805e+01
   3.8775240e+06   3.7841797e+01
   3.8775350e+06   3.1250000e+01
   3.8775500e+06   3.4912109e+01
   3.8775690e+06   3.3874512e+01
   3.8776380e+06   4.2236328e+01
   3.8778900e+06   2.9113770e+01
   3.8783410e+06   2.8625488e+01
   4.0677980e+06   2.7526855e+01
   4.2130580e+06   3.3325195e+01
   4.2130860e+06   2.7770996e+01
   4.2131130e+06   3.1738281e+01
   4.2131410e+06   3.6254883e+01
   4.2131670e+06   3.2104492e+01
   4.2132000e+06   3.5339355e+01
   4.2132420e+06   3.5827637e+01
   4.2132780e+06   3.1005859e+01
   4.2133470e+06   3.3081055e+01
   4.2134100e+06   3.1799316e+01
   4.2136050e+06   2.8869629e+01
   4.2137510e+06   2.8930664e+01
   4.2139170e+06   2.8015137e+01
   4.2498850e+06   2.8686523e+01
   4.3245430e+06   2.9541016e+01
   4.3562930e+06   2.7648926e+01
   4.3878500e+06   2.7954102e+01
   4.3878670e+06   3.9428711e+01
   4.3878910e+06   4.3334961e+01
   4.3879020e+06   3.7963867e+01
   4.3879370e+06   3.0090332e+01
   4.3879600e+06   3.2714844e+01
   4.3879850e+06   4.0649414e+01
   4.3880120e+06   2.7770996e+01
   4.3880530e+06   3.3691406e+01
   4.3887250e+06   3.1677246e+01
   4.4872630e+06   2.9663086e+01
   4.5306690e+06   2.7954102e+01
   4.5589900e+06   2.8015137e+01
   4.5858770e+06   2.8076172e+01
   4.7408020e+06   2.8808594e+01
   4.7529300e+06   2.8442383e+01
   4.7929730e+06   3.2958984e+01
   4.7930050e+06   2.8564453e+01
   4.7930290e+06   5.7861328e+01
   4.7930430e+06   3.0151367e+01
   4.7930840e+06   2.8259277e+01
   4.7931030e+06   2.9785156e+01
   4.7931290e+06   4.2602539e+01
   4.7931420e+06   3.2226563e+01
   4.7931810e+06   3.0395508e+01
   4.7932180e+06   3.7658691e+01
   4.7932380e+06   3.1555176e+01
   4.7932670e+06   2.8747559e+01
   4.7932790e+06   3.1677246e+01
   4.7936340e+06   2.8930664e+01
   5.2342000e+06   2.8564453e+01
   5.2342160e+06   2.9541016e+01
   5.2342600e+06   2.9968262e+01
   5.2342900e+06   3.1433105e+01
   5.2343120e+06   2.9235840e+01
   5.2343420e+06   3.3081055e+01
   5.2343580e+06   3.1921387e+01
   5.2343800e+06   3.2958984e+01
   5.2343900e+06   4.0893555e+01
   5.2344190e+06   3.4667969e+01
   5.2344430e+06   3.5766602e+01
   5.2344860e+06   2.9968262e+01
   5.2345090e+06   2.7954102e+01
   5.2348130e+06   2.8320313e+01
   5.2352080e+06   2.8259277e+01
   5.3331480e+06   2.8930664e+01
   5.3696880e+06   2.8564453e+01
   5.5490870e+06   3.6865234e+01
   5.5491200e+06   3.4057617e+01
   5.5491300e+06   3.8757324e+01
   5.5491670e+06   4.3151855e+01
   5.5491810e+06   3.1433105e+01
   5.5492040e+06   2.8381348e+01
   5.5492320e+06   2.9907227e+01
   5.5492720e+06   3.0944824e+01
   5.5493570e+06   2.8686523e+01
   5.5496010e+06   2.9907227e+01
   5.5499840e+06   3.4545898e+01
   5.5985320e+06   3.0334473e+01
   5.7273740e+06   2.8015137e+01
   5.7432950e+06   2.7770996e+01
   5.9246420e+06   2.8564453e+01
   6.0317470e+06   2.8564453e+01
   6.2344020e+06   3.2836914e+01
   6.2344430e+06   5.4077148e+01
   6.2344670e+06   2.7038574e+01
   6.2344810e+06   2.7893066e+01
   6.2344940e+06   3.4606934e+01
   6.2345360e+06   3.1250000e+01
   6.2345760e+06   3.3569336e+01
   6.2345920e+06   2.7587891e+01
   6.2346420e+06   2.7160645e+01
   6.2346710e+06   3.3081055e+01
   6.2349130e+06   2.9602051e+01
   6.2352230e+06   2.9785156e+01
   6.2353470e+06   2.8930664e+01
   6.2355210e+06   2.7038574e+01
   6.2356230e+06   3.0151367e+01
   6.2359070e+06   2.7709961e+01
   6.2824420e+06   2.7465820e+01
   6.6914620e+06   4.2846680e+01
   6.6914910e+06   4.5837402e+01
   6.6915080e+06   3.8269043e+01
   6.6915210e+06   2.7770996e+01
   6.6915450e+06   3.2836914e+01
   6.6915670e+06   2.7954102e+01
   6.6916400e+06   2.8320313e+01
   6.6916500e+06   3.7780762e+01
   6.6917300e+06   2.9724121e+01
   6.6920600e+06   2.7099609e+01
   6.6922040e+06   3.7475586e+01
   6.6928780e+06   2.9052734e+01
   6.8826900e+06   2.8564453e+01
   7.2837630e+06   3.2409668e+01
   7.2838110e+06   2.7343750e+01
   7.2838300e+06   3.8574219e+01
   7.2838570e+06   2.7160645e+01
   7.2838690e+06   4.7790527e+01
   7.2838790e+06   3.1005859e+01
   7.2839340e+06   3.2165527e+01
   7.2839870e+06   4.6020508e+01
   7.2840430e+06   3.6560059e+01
   7.2840910e+06   3.1677246e+01
   7.2842890e+06   2.8381348e+01
   7.2845480e+06   3.5644531e+01
   7.2852690e+06   2.8808594e+01
   7.2861260e+06   2.9846191e+01
   7.7373320e+06   2.9235840e+01
   7.7391410e+06   2.7465820e+01
   7.7551110e+06   2.7343750e+01
   7.8280420e+06   2.8442383e+01
   8.1793610e+06   2.7648926e+01
   8.2056660e+06   2.8686523e+01
   8.4936900e+06   3.0395508e+01
   8.5394710e+06   2.8198242e+01
   8.5545950e+06   2.8320313e+01
   8.5684480e+06   2.7282715e+01
   8.5689590e+06   2.9235840e+01
   8.5987960e+06   2.8808594e+01
   8.6308020e+06   3.4423828e+01
   8.6308220e+06   2.7282715e+01
   8.6308410e+06   3.3081055e+01
   8.6308570e+06   2.7526855e+01
   8.6308800e+06   4.9926758e+01
   8.6309500e+06   3.3874512e+01
   8.6309770e+06   2.9052734e+01
   8.6311490e+06   2.9907227e+01
   8.6311940e+06   3.3752441e+01
   8.6315140e+06   2.8320313e+01
   8.6316640e+06   2.8686523e+01
   8.6318010e+06   3.1555176e+01
   8.6320940e+06   2.7648926e+01
   8.6336880e+06   2.7099609e+01
   8.6344650e+06   3.0334473e+01
   8.6350220e+06   2.9418945e+01
   8.6351750e+06   2.7404785e+01
   8.6372240e+06   3.0456543e+01
   8.6392480e+06   2.7893066e+01
   8.6577320e+06   2.7160645e+01
   8.7750820e+06   2.7526855e+01
   8.8329930e+06   3.2104492e+01
   9.1270660e+06   2.6916504e+01
   9.1271200e+06   2.7648926e+01
   9.1271440e+06   3.2470703e+01
   9.1271700e+06   2.6916504e+01
   9.1271960e+06   3.0883789e+01
   9.1272230e+06   3.1616211e+01
   9.1272660e+06   3.1127930e+01
   9.1272890e+06   3.1738281e+01
   9.1273270e+06   2.8381348e+01
   9.1273400e+06   2.7648926e+01
   9.1275080e+06   3.4118652e+01
   9.1276060e+06   2.7770996e+01
   9.1277150e+06   3.3752441e+01
   9.1277540e+06   3.2714844e+01
   9.1280060e+06   2.7282715e+01
   9.1284550e+06   2.8381348e+01
   9.1287140e+06   2.8686523e+01
   9.1316420e+06   2.8381348e+01
   9.4683000e+06   2.7832031e+01
   9.6398910e+06   2.8930664e+01
   9.7457100e+06   2.9846191e+01
   9.7711600e+06   2.8747559e+01
   1.0088153e+07   2.7465820e+01
   1.0174854e+07   2.7282715e+01
   1.0237693e+07   3.4545898e+01
   1.0314190e+07   2.9846191e+01
   1.0589313e+07   2.6977539e+01
