   1.1999000e+07   0.0000000e+00
   7.3575000e+04   3.2714844e+01
   1.4896100e+05   2.8259277e+01
   1.4900300e+05   2.7221680e+01
   8.3598300e+05   2.7038574e+01
   8.9779200e+05   3.1555176e+01
   8.9785400e+05   2.7160645e+01
   1.0092600e+06   2.7832031e+01
   1.2166700e+06   2.8015137e+01
   1.3641140e+06   2.7526855e+01
   1.3987560e+06   2.7770996e+01
   1.7287490e+06   2.8442383e+01
   2.0444850e+06   2.7587891e+01
   2.7792960e+06   2.7404785e+01
   3.8774220e+06   2.8015137e+01
   3.8775170e+06   2.9357910e+01
   4.2131280e+06   2.9174805e+01
   5.2345370e+06   3.4606934e+01
   6.2344700e+06   2.8564453e+01
   6.8751350e+06   2.7282715e+01
   8.6310440e+06   2.7282715e+01
   8.8837240e+06   2.7587891e+01
   9.1270400e+06   2.8869629e+01
   9.8556620e+06   2.7465820e+01
   1.0973406e+07   2.8198242e+01
   1.1117359e+07   2.7404785e+01
