   1.1999000e+07   0.0000000e+00
   1.4794000e+04   3.2104492e+01
   7.3552000e+04   6.2255859e+01
   7.3569000e+04   1.0620117e+02
   7.3609000e+04   8.7463379e+01
   7.3626000e+04   4.0283203e+01
   7.3658000e+04   5.2429199e+01
   7.3676000e+04   3.3386230e+01
   7.3721000e+04   5.0170898e+01
   7.3778000e+04   3.5217285e+01
   7.3909000e+04   3.2653809e+01
   1.4889400e+05   4.1320801e+01
   1.4892400e+05   6.8908691e+01
   1.4895300e+05   3.9428711e+01
   1.4896900e+05   9.6618652e+01
   1.4898500e+05   5.3833008e+01
   1.4901600e+05   4.0161133e+01
   1.4903200e+05   3.2714844e+01
   1.4917600e+05   3.2653809e+01
   1.4920500e+05   3.5156250e+01
   2.6563000e+05   3.2287598e+01
   2.6575600e+05   3.4729004e+01
   2.6592000e+05   3.1921387e+01
   2.6601600e+05   4.4921875e+01
   2.6603700e+05   5.3771973e+01
   2.6605600e+05   6.2133789e+01
   2.6608800e+05   1.1779785e+02
   2.6610400e+05   5.1391602e+01
   2.6614800e+05   3.5888672e+01
   2.6616200e+05   4.2602539e+01
   2.6619300e+05   3.4912109e+01
   2.6624500e+05   4.2663574e+01
   2.6638000e+05   9.3750000e+01
   3.6984100e+05   3.8818359e+01
   3.6997300e+05   3.5888672e+01
   3.7006600e+05   3.2592773e+01
   3.7222900e+05   3.2165527e+01
   4.3583100e+05   3.1799316e+01
   4.6653100e+05   3.5949707e+01
   4.6815300e+05   3.4667969e+01
   5.5473700e+05   3.2348633e+01
   6.6684400e+05   3.3325195e+01
   7.3444500e+05   5.3283691e+01
   7.6895300e+05   3.9611816e+01
   7.6905600e+05   3.2897949e+01
   8.1027500e+05   3.5156250e+01
   8.6039500e+05   7.1350098e+01
   8.6119600e+05   4.7668457e+01
   8.6126800e+05   3.3325195e+01
   8.6139300e+05   3.3447266e+01
   8.9677600e+05   3.7963867e+01
   8.9685600e+05   9.7900391e+01
   8.9690900e+05   4.4372559e+01
   8.9692700e+05   6.6772461e+01
   8.9699100e+05   5.8166504e+01
   8.9704000e+05   3.2592773e+01
   8.9707400e+05   5.5725098e+01
   8.9712700e+05   4.4555664e+01
   8.9714600e+05   5.8959961e+01
   8.9720900e+05   4.6875000e+01
   8.9724500e+05   6.3415527e+01
   8.9729400e+05   3.2653809e+01
   8.9732900e+05   5.3771973e+01
   8.9736800e+05   3.4423828e+01
   8.9742500e+05   5.2307129e+01
   8.9754300e+05   4.6630859e+01
   8.9763400e+05   1.1016846e+02
   8.9765000e+05   3.6376953e+01
   8.9769300e+05   6.3293457e+01
   8.9770600e+05   3.6315918e+01
   8.9775500e+05   3.2104492e+01
   8.9777700e+05   3.1860352e+01
   8.9792800e+05   3.7963867e+01
   9.7670300e+05   5.5603027e+01
   9.8266100e+05   1.0327148e+02
   9.9542900e+05   6.4208984e+01
   1.0079110e+06   3.3325195e+01
   1.0094320e+06   3.4545898e+01
   1.0100520e+06   3.3264160e+01
   1.0304370e+06   6.3964844e+01
   1.0537380e+06   6.4086914e+01
   1.0916240e+06   3.9245605e+01
   1.0923210e+06   3.7109375e+01
   1.1328300e+06   3.7536621e+01
   1.4964580e+06   3.2531738e+01
   1.5840150e+06   3.3081055e+01
   1.8748090e+06   3.4484863e+01
   1.8915310e+06   3.3020020e+01
   1.8968670e+06   3.1799316e+01
   1.9223360e+06   3.3203125e+01
   1.9325350e+06   3.3386230e+01
   1.9893760e+06   3.6743164e+01
   2.0137380e+06   3.3020020e+01
   2.1465470e+06   3.2043457e+01
   2.2076380e+06   3.2104492e+01
   2.2466920e+06   1.0156250e+02
   2.2602230e+06   3.6804199e+01
   2.3898360e+06   3.2531738e+01
   2.5239400e+06   3.2165527e+01
   3.2711040e+06   4.7546387e+01
   3.2711360e+06   1.0443115e+02
   3.2711720e+06   7.9528809e+01
   3.2711910e+06   3.5827637e+01
   3.2712080e+06   5.2062988e+01
   3.2712430e+06   3.4484863e+01
   3.2713710e+06   3.3081055e+01
   3.2716120e+06   4.4921875e+01
   3.6295470e+06   6.4392090e+01
   3.7092850e+06   3.2409668e+01
   3.7093090e+06   1.1206055e+02
   3.7093210e+06   5.2185059e+01
   3.7093480e+06   8.2946777e+01
   3.7093710e+06   3.2348633e+01
   3.7093930e+06   4.6936035e+01
   3.7094290e+06   3.7048340e+01
   3.7095360e+06   3.2775879e+01
   3.7095710e+06   3.6499023e+01
   3.8774650e+06   3.9428711e+01
   3.8775020e+06   7.3608398e+01
   3.8775240e+06   3.7902832e+01
   3.8775510e+06   4.2602539e+01
   3.8775630e+06   4.2541504e+01
   3.8775880e+06   3.8940430e+01
   3.8776100e+06   3.2470703e+01
   3.8776490e+06   3.6010742e+01
   4.2130740e+06   3.3508301e+01
   4.2130930e+06   3.3508301e+01
   4.2131620e+06   5.3649902e+01
   4.2131820e+06   4.9072266e+01
   4.2131930e+06   8.8745117e+01
   4.2132310e+06   6.1096191e+01
   4.2132550e+06   3.2897949e+01
   4.2132800e+06   4.9011230e+01
   4.2133080e+06   3.3142090e+01
   4.2133220e+06   3.8330078e+01
   4.3120370e+06   3.2714844e+01
   4.3618290e+06   6.3537598e+01
   4.3879250e+06   3.5949707e+01
   4.3879450e+06   3.5888672e+01
   4.3879750e+06   8.2336426e+01
   4.3879880e+06   3.6437988e+01
   4.3880160e+06   5.6335449e+01
   4.3880270e+06   3.8818359e+01
   4.3880540e+06   4.5471191e+01
   4.3880750e+06   3.5339355e+01
   4.3881110e+06   4.2114258e+01
   4.3882150e+06   3.3874512e+01
   4.7930380e+06   3.5278320e+01
   4.7930980e+06   3.5583496e+01
   4.7931190e+06   4.8217773e+01
   4.7931500e+06   8.0810547e+01
   4.7931660e+06   3.7353516e+01
   4.7931920e+06   5.7067871e+01
   4.7933770e+06   3.2897949e+01
   4.7935610e+06   3.4484863e+01
   4.9990230e+06   6.5734863e+01
   5.0142190e+06   5.0659180e+01
   5.2342980e+06   4.6325684e+01
   5.2343210e+06   3.4362793e+01
   5.2343410e+06   7.5683594e+01
   5.2343530e+06   8.7341309e+01
   5.2343900e+06   4.9499512e+01
   5.2344070e+06   3.5339355e+01
   5.2344350e+06   4.1625977e+01
   5.2346150e+06   3.6376953e+01
   5.2346620e+06   3.2592773e+01
   5.2349910e+06   3.3813477e+01
   5.2874540e+06   5.8044434e+01
   5.2886060e+06   5.7739258e+01
   5.2905790e+06   6.3842773e+01
   5.2908160e+06   3.1860352e+01
   5.5061140e+06   3.2775879e+01
   5.5491400e+06   3.5461426e+01
   5.5491640e+06   3.4606934e+01
   5.5492040e+06   7.9162598e+01
   5.5492140e+06   1.0412598e+02
   5.5492510e+06   6.8054199e+01
   5.5492680e+06   4.4372559e+01
   5.5493070e+06   3.4973145e+01
   5.5493170e+06   3.4179688e+01
   5.5493440e+06   3.5156250e+01
   5.5495100e+06   9.9609375e+01
   5.9355360e+06   6.3293457e+01
   6.0934300e+06   6.9702148e+01
   6.1877330e+06   3.1494141e+01
   6.2344430e+06   4.3945313e+01
   6.2344760e+06   3.3020020e+01
   6.2344900e+06   5.4443359e+01
   6.2345170e+06   1.0083008e+02
   6.2345610e+06   5.6823730e+01
   6.2345890e+06   4.3579102e+01
   6.2346130e+06   4.3579102e+01
   6.2346370e+06   4.4555664e+01
   6.2346550e+06   3.3508301e+01
   6.2346720e+06   3.4301758e+01
   6.2347180e+06   3.5278320e+01
   6.3584780e+06   3.3569336e+01
   6.6914760e+06   3.8085938e+01
   6.6915470e+06   3.3264160e+01
   6.6915780e+06   9.2407227e+01
   6.6915920e+06   4.4738770e+01
   6.6916180e+06   7.3059082e+01
   6.6916470e+06   3.9978027e+01
   6.6916710e+06   4.6203613e+01
   6.6916880e+06   4.4677734e+01
   6.6917280e+06   3.2775879e+01
   6.9828180e+06   5.7312012e+01
   7.1094060e+06   6.4636230e+01
   7.2169980e+06   3.3447266e+01
   7.2838030e+06   4.5776367e+01
   7.2839180e+06   3.8452148e+01
   7.2839410e+06   8.3801270e+01
   7.2839810e+06   7.3547363e+01
   7.2840020e+06   3.5583496e+01
   7.2840580e+06   4.6142578e+01
   7.2840690e+06   3.5583496e+01
   7.2841040e+06   3.6437988e+01
   7.2841220e+06   3.2287598e+01
   7.2841670e+06   3.1555176e+01
   7.4665410e+06   7.5256348e+01
   7.8522330e+06   6.6467285e+01
   8.1060180e+06   6.1706543e+01
   8.1467080e+06   6.7565918e+01
   8.2336680e+06   9.1796875e+01
   8.6308420e+06   3.3813477e+01
   8.6309190e+06   4.4738770e+01
   8.6309440e+06   7.4829102e+01
   8.6309540e+06   9.6557617e+01
   8.6309780e+06   4.1320801e+01
   8.6310080e+06   6.7321777e+01
   8.6310360e+06   4.8156738e+01
   8.6311430e+06   3.8208008e+01
   8.6311570e+06   3.1616211e+01
   8.6312460e+06   3.1921387e+01
   8.6417310e+06   3.1555176e+01
   8.8160320e+06   3.6865234e+01
   8.8225020e+06   3.2653809e+01
   9.1270210e+06   3.2287598e+01
   9.1271690e+06   3.8146973e+01
   9.1272000e+06   8.0200195e+01
   9.1272470e+06   5.7495117e+01
   9.1272670e+06   3.2592773e+01
   9.1272770e+06   3.3203125e+01
   9.1273020e+06   6.0180664e+01
   9.1273630e+06   3.8574219e+01
   9.1274080e+06   3.2226563e+01
   9.7410950e+06   5.5175781e+01
   1.0624634e+07   3.3081055e+01
   1.1298259e+07   6.4086914e+01
   1.1350533e+07   3.5156250e+01
