   1.1999000e+07   0.0000000e+00
   2.2650000e+03   3.3935547e+01
   1.0065000e+04   2.8198242e+01
   2.2112000e+04   3.3508301e+01
   4.3298000e+04   3.1738281e+01
   5.8954000e+04   3.0029297e+01
   6.6094000e+04   3.0334473e+01
   7.2353000e+04   3.1433105e+01
   7.3377000e+04   3.3813477e+01
   7.3442000e+04   4.8217773e+01
   7.3469000e+04   3.1188965e+01
   7.3485000e+04   3.4179688e+01
   7.3513000e+04   5.1513672e+01
   7.3536000e+04   5.8471680e+01
   7.3559000e+04   3.4606934e+01
   7.3581000e+04   3.6132813e+01
   7.3608000e+04   5.8776855e+01
   7.3630000e+04   3.9978027e+01
   7.3661000e+04   4.4128418e+01
   7.3681000e+04   3.5766602e+01
   7.3697000e+04   2.6306152e+01
   7.3741000e+04   3.3630371e+01
   7.3775000e+04   2.6916504e+01
   7.3816000e+04   3.5644531e+01
   7.3882000e+04   3.0395508e+01
   7.4002000e+04   2.6977539e+01
   7.8534000e+04   2.6367188e+01
   7.9451000e+04   2.7343750e+01
   8.3556000e+04   2.9968262e+01
   8.4538000e+04   2.9968262e+01
   8.6268000e+04   2.7893066e+01
   9.0385000e+04   2.8320313e+01
   9.1891000e+04   2.8381348e+01
   9.5117000e+04   3.1677246e+01
   9.5351000e+04   3.0151367e+01
   9.5668000e+04   2.8930664e+01
   9.8217000e+04   2.8320313e+01
   9.9198000e+04   2.8320313e+01
   1.0217200e+05   2.9541016e+01
   1.0373500e+05   3.5461426e+01
   1.0519200e+05   3.2348633e+01
   1.0901600e+05   3.4057617e+01
   1.1626300e+05   2.6611328e+01
   1.2277000e+05   2.5878906e+01
   1.4275900e+05   2.8137207e+01
   1.4792700e+05   3.0334473e+01
   1.4871800e+05   3.0883789e+01
   1.4878300e+05   4.4799805e+01
   1.4879800e+05   2.7221680e+01
   1.4882000e+05   3.1433105e+01
   1.4884800e+05   7.4157715e+01
   1.4886700e+05   2.7160645e+01
   1.4888100e+05   3.5278320e+01
   1.4891500e+05   4.9194336e+01
   1.4893900e+05   2.8686523e+01
   1.4895900e+05   4.4799805e+01
   1.4898600e+05   6.0241699e+01
   1.4901200e+05   3.3203125e+01
   1.4903500e+05   3.2958984e+01
   1.4906600e+05   3.8024902e+01
   1.4909900e+05   2.6916504e+01
   1.4911800e+05   2.6428223e+01
   1.4916800e+05   2.8015137e+01
   1.4920900e+05   2.6367188e+01
   1.4924000e+05   3.8696289e+01
   1.4929900e+05   2.6306152e+01
   1.4935200e+05   2.6062012e+01
   1.4939900e+05   3.4973145e+01
   1.4945100e+05   2.7954102e+01
   1.4961900e+05   2.7038574e+01
   1.5387500e+05   3.0090332e+01
   1.5590100e+05   2.5878906e+01
   1.5626700e+05   2.6367188e+01
   1.6215200e+05   2.6062012e+01
   1.6339800e+05   2.6916504e+01
   1.7216300e+05   2.6550293e+01
   1.7901000e+05   3.2226563e+01
   1.8189400e+05   2.6062012e+01
   1.8797200e+05   3.5522461e+01
   1.9173500e+05   3.1616211e+01
   2.1376000e+05   2.8625488e+01
   2.1671700e+05   4.3762207e+01
   2.1846100e+05   2.7282715e+01
   2.2983400e+05   2.8991699e+01
   2.4052800e+05   2.6550293e+01
   2.4865800e+05   3.5827637e+01
   2.6332600e+05   2.8076172e+01
   2.6351100e+05   3.3386230e+01
   2.6369300e+05   2.6977539e+01
   2.6429800e+05   2.8198242e+01
   2.6489300e+05   3.2958984e+01
   2.6492600e+05   2.9968262e+01
   2.6504200e+05   2.8137207e+01
   2.6514100e+05   2.5817871e+01
   2.6516400e+05   5.1025391e+01
   2.6520000e+05   2.7832031e+01
   2.6528000e+05   2.9846191e+01
   2.6529500e+05   2.7954102e+01
   2.6535700e+05   2.7038574e+01
   2.6538000e+05   3.3935547e+01
   2.6544100e+05   4.3151855e+01
   2.6552800e+05   3.5156250e+01
   2.6560600e+05   2.7404785e+01
   2.6562700e+05   2.8930664e+01
   2.6569200e+05   3.5400391e+01
   2.6572000e+05   2.9663086e+01
   2.6583400e+05   2.8503418e+01
   2.6589900e+05   3.2226563e+01
   2.6595400e+05   3.2470703e+01
   2.6598400e+05   4.2663574e+01
   2.6600400e+05   4.8889160e+01
   2.6602200e+05   4.4616699e+01
   2.6604900e+05   6.8420410e+01
   2.6606200e+05   4.8889160e+01
   2.6610900e+05   3.0517578e+01
   2.6612600e+05   4.5959473e+01
   2.6615600e+05   2.9907227e+01
   2.6617800e+05   2.7282715e+01
   2.6624200e+05   2.7832031e+01
   2.6626600e+05   3.1372070e+01
   2.6631100e+05   2.9174805e+01
   2.6634500e+05   2.6855469e+01
   2.6645100e+05   2.6794434e+01
   2.7064700e+05   3.0700684e+01
   2.7108900e+05   2.6672363e+01
   2.7150200e+05   2.7038574e+01
   2.7328600e+05   2.6123047e+01
   2.7439200e+05   2.6245117e+01
   2.7566400e+05   3.5888672e+01
   2.7656300e+05   2.8198242e+01
   2.7792700e+05   2.5878906e+01
   2.7896000e+05   2.8076172e+01
   2.8052300e+05   2.8564453e+01
   2.8943500e+05   2.6306152e+01
   2.9511300e+05   2.8686523e+01
   2.9772900e+05   2.6611328e+01
   3.0189600e+05   2.8198242e+01
   3.0866400e+05   2.7404785e+01
   3.1559600e+05   2.8930664e+01
   3.4207600e+05   3.3142090e+01
   3.5633500e+05   3.8024902e+01
   3.6859500e+05   2.6000977e+01
   3.6885400e+05   2.7954102e+01
   3.6888400e+05   3.4912109e+01
   3.6911500e+05   2.8747559e+01
   3.6932700e+05   2.9113770e+01
   3.6937300e+05   3.2104492e+01
   3.6938800e+05   3.1799316e+01
   3.6943800e+05   3.2836914e+01
   3.6951400e+05   5.0109863e+01
   3.6956100e+05   2.7770996e+01
   3.6959300e+05   3.2653809e+01
   3.6968200e+05   3.5522461e+01
   3.6977900e+05   3.0517578e+01
   3.6982900e+05   3.2714844e+01
   3.7002700e+05   2.6245117e+01
   3.7675200e+05   2.9602051e+01
   3.7979000e+05   3.3569336e+01
   3.8870300e+05   2.5756836e+01
   3.9339700e+05   2.6428223e+01
   4.0849700e+05   2.9357910e+01
   4.1368700e+05   2.6672363e+01
   4.3599700e+05   2.8747559e+01
   4.3619800e+05   2.6062012e+01
   4.3632400e+05   2.8137207e+01
   4.3982300e+05   2.7160645e+01
   4.6678500e+05   2.8076172e+01
   4.6696000e+05   2.6794434e+01
   4.6720800e+05   2.7343750e+01
   4.6747300e+05   3.1677246e+01
   4.6763500e+05   2.5878906e+01
   4.6767200e+05   2.9846191e+01
   4.6768700e+05   4.2480469e+01
   4.6773400e+05   2.9724121e+01
   4.6779600e+05   3.8635254e+01
   4.6784900e+05   2.7954102e+01
   4.6788400e+05   3.3508301e+01
   4.6791100e+05   2.7221680e+01
   4.6797700e+05   3.5827637e+01
   4.6798800e+05   2.8137207e+01
   4.6809600e+05   3.0212402e+01
   4.6814800e+05   2.9846191e+01
   4.6820200e+05   4.0222168e+01
   4.9593400e+05   2.5756836e+01
   4.9765900e+05   5.2856445e+01
   5.1619900e+05   2.8442383e+01
   5.1637000e+05   3.4301758e+01
   5.1720200e+05   3.0273438e+01
   5.2344700e+05   2.8991699e+01
   5.3006700e+05   2.6428223e+01
   5.3197600e+05   2.8686523e+01
   5.3553700e+05   3.4362793e+01
   5.5063200e+05   3.0517578e+01
   5.5389100e+05   2.9113770e+01
   5.5431600e+05   3.3813477e+01
   5.5436700e+05   2.6733398e+01
   5.5438700e+05   3.1494141e+01
   5.5456400e+05   2.8503418e+01
   5.5461500e+05   3.4057617e+01
   5.5463500e+05   3.1616211e+01
   5.5473400e+05   3.7841797e+01
   5.5478200e+05   4.5593262e+01
   5.5484900e+05   4.1076660e+01
   5.5489400e+05   3.2653809e+01
   5.5494400e+05   3.5827637e+01
   5.5498100e+05   2.7526855e+01
   5.5507300e+05   2.9968262e+01
   5.5514700e+05   2.8686523e+01
   5.5517500e+05   2.9174805e+01
   5.5999200e+05   2.6916504e+01
   5.6268300e+05   2.7404785e+01
   5.7005700e+05   3.5949707e+01
   5.9174600e+05   2.5756836e+01
   6.1122900e+05   2.5878906e+01
   6.1413000e+05   3.0273438e+01
   6.2266600e+05   2.6306152e+01
   6.2724000e+05   3.9001465e+01
   6.3376100e+05   2.7404785e+01
   6.3627900e+05   2.7038574e+01
   6.6522600e+05   3.0761719e+01
   6.6535100e+05   2.6550293e+01
   6.6540800e+05   3.1372070e+01
   6.6552900e+05   2.8381348e+01
   6.6559200e+05   2.6977539e+01
   6.6567900e+05   3.6071777e+01
   6.6573900e+05   2.9907227e+01
   6.6576400e+05   2.8259277e+01
   6.6585200e+05   4.5593262e+01
   6.6598800e+05   6.0913086e+01
   6.6606900e+05   3.2897949e+01
   6.6616000e+05   3.1127930e+01
   6.6618300e+05   3.6193848e+01
   6.6647900e+05   2.8625488e+01
   6.7065400e+05   3.1005859e+01
   6.7960500e+05   2.8686523e+01
   6.8789400e+05   2.9907227e+01
   7.0608300e+05   2.8137207e+01
   7.2267300e+05   2.8015137e+01
   7.3493800e+05   3.0151367e+01
   7.4848600e+05   2.8564453e+01
   7.6099300e+05   3.1372070e+01
   7.6703500e+05   2.8808594e+01
   7.6804300e+05   2.9663086e+01
   7.6806900e+05   3.0334473e+01
   7.6818200e+05   2.6062012e+01
   7.6821100e+05   5.0415039e+01
   7.6827500e+05   3.1372070e+01
   7.6834900e+05   4.2175293e+01
   7.6838200e+05   2.8259277e+01
   7.6843700e+05   2.5756836e+01
   7.6846500e+05   3.4057617e+01
   7.6857300e+05   3.0944824e+01
   7.6868900e+05   2.9968262e+01
   7.6873200e+05   2.6184082e+01
   7.6886600e+05   2.6916504e+01
   7.6896800e+05   2.8442383e+01
   7.6928500e+05   2.9907227e+01
   7.7726600e+05   2.6977539e+01
   7.7965000e+05   2.6550293e+01
   7.8883800e+05   2.7954102e+01
   7.9596900e+05   2.7038574e+01
   7.9970700e+05   2.9418945e+01
   8.0508900e+05   3.7780762e+01
   8.2586800e+05   3.0151367e+01
   8.2986600e+05   2.6184082e+01
   8.3421100e+05   2.8808594e+01
   8.4434600e+05   3.1677246e+01
   8.4478600e+05   3.2775879e+01
   8.5902700e+05   2.9235840e+01
   8.5919700e+05   2.6123047e+01
   8.5946300e+05   2.9907227e+01
   8.6017400e+05   2.7160645e+01
   8.6020900e+05   2.6611328e+01
   8.6035800e+05   2.8564453e+01
   8.6040000e+05   2.7465820e+01
   8.6041000e+05   2.8808594e+01
   8.6047100e+05   3.8940430e+01
   8.6051100e+05   2.8137207e+01
   8.6055600e+05   2.9174805e+01
   8.6057900e+05   4.8645020e+01
   8.6064300e+05   3.1677246e+01
   8.6068400e+05   3.7231445e+01
   8.6078200e+05   2.7526855e+01
   8.6083200e+05   3.4423828e+01
   8.6089100e+05   2.9602051e+01
   8.6091200e+05   2.7770996e+01
   8.6101300e+05   2.7099609e+01
   8.6102300e+05   3.4667969e+01
   8.6116000e+05   3.6804199e+01
   8.6121400e+05   2.5939941e+01
   8.6133800e+05   2.9907227e+01
   8.6152900e+05   2.6367188e+01
   8.7159000e+05   2.7770996e+01
   8.7749800e+05   3.1738281e+01
   8.8392500e+05   2.6245117e+01
   8.9664300e+05   2.6367188e+01
   8.9767000e+05   2.6245117e+01
   8.9768000e+05   5.2124023e+01
   8.9771500e+05   7.9833984e+01
   8.9774000e+05   6.2805176e+01
   8.9775200e+05   6.5368652e+01
   8.9777900e+05   4.1748047e+01
   8.9779200e+05   7.7453613e+01
   8.9781200e+05   2.8808594e+01
   8.9782200e+05   3.9062500e+01
   8.9784000e+05   3.1250000e+01
   8.9787100e+05   4.0771484e+01
   8.9789700e+05   3.6254883e+01
   8.9792500e+05   2.8198242e+01
   8.9793900e+05   2.9602051e+01
   8.9797500e+05   2.7404785e+01
   8.9810400e+05   2.5939941e+01
   8.9814800e+05   2.7160645e+01
   8.9832000e+05   3.1799316e+01
   9.0356600e+05   3.6254883e+01
   9.0393200e+05   3.5095215e+01
   9.0424100e+05   3.0822754e+01
   9.0838500e+05   2.8015137e+01
   9.1054700e+05   2.9418945e+01
   9.1117500e+05   2.9968262e+01
   9.1437300e+05   2.8686523e+01
   9.1777700e+05   2.9357910e+01
   9.1792200e+05   2.9785156e+01
   9.1822800e+05   3.0029297e+01
   9.1824600e+05   2.8076172e+01
   9.1845900e+05   4.0161133e+01
   9.1847300e+05   3.2226563e+01
   9.1860800e+05   2.8564453e+01
   9.1867000e+05   2.7038574e+01
   9.1903200e+05   4.6569824e+01
   9.1910100e+05   2.6672363e+01
   9.1927700e+05   2.5878906e+01
   9.1963500e+05   2.8381348e+01
   9.2502400e+05   2.9968262e+01
   9.2858100e+05   2.8198242e+01
   9.3187400e+05   2.8808594e+01
   9.3320000e+05   2.7099609e+01
   9.3459300e+05   2.6428223e+01
   9.3731600e+05   3.2043457e+01
   9.4093100e+05   3.4667969e+01
   9.4405600e+05   2.6306152e+01
   9.5431000e+05   2.7648926e+01
   9.5735700e+05   2.6733398e+01
   9.7688200e+05   2.6306152e+01
   1.0079540e+06   2.7954102e+01
   1.0082930e+06   2.6489258e+01
   1.0085460e+06   2.7526855e+01
   1.0086620e+06   2.9602051e+01
   1.0088510e+06   2.5817871e+01
   1.0088930e+06   2.6611328e+01
   1.0090030e+06   5.2734375e+01
   1.0090670e+06   2.6062012e+01
   1.0091100e+06   3.3996582e+01
   1.0092080e+06   3.0700684e+01
   1.0092210e+06   3.1982422e+01
   1.0093030e+06   2.7038574e+01
   1.0096280e+06   2.5756836e+01
   1.0141340e+06   2.8991699e+01
   1.0213600e+06   2.7160645e+01
   1.0293910e+06   3.2409668e+01
   1.0411340e+06   2.9418945e+01
   1.0577740e+06   2.6428223e+01
   1.0730770e+06   2.5939941e+01
   1.0734320e+06   2.6245117e+01
   1.0898690e+06   2.8686523e+01
   1.0903340e+06   2.6428223e+01
   1.0903880e+06   3.1982422e+01
   1.0906190e+06   2.5817871e+01
   1.0907230e+06   2.8381348e+01
   1.0911170e+06   3.0029297e+01
   1.0913380e+06   2.8442383e+01
   1.0913480e+06   5.0781250e+01
   1.0914620e+06   3.3996582e+01
   1.0915290e+06   2.9907227e+01
   1.0915600e+06   3.6132813e+01
   1.0916620e+06   2.7343750e+01
   1.0919440e+06   2.8747559e+01
   1.0919540e+06   2.6733398e+01
   1.1008880e+06   2.9663086e+01
   1.1077130e+06   2.6916504e+01
   1.1108660e+06   2.7709961e+01
   1.1111210e+06   2.6916504e+01
   1.1111850e+06   2.7343750e+01
   1.1116050e+06   2.6123047e+01
   1.1218350e+06   3.2226563e+01
   1.1265230e+06   3.7536621e+01
   1.1315160e+06   3.1250000e+01
   1.1318510e+06   2.7160645e+01
   1.1323600e+06   2.7709961e+01
   1.1327440e+06   4.4067383e+01
   1.1328110e+06   3.0273438e+01
   1.1329060e+06   4.2114258e+01
   1.1330090e+06   3.0883789e+01
   1.1330350e+06   3.4118652e+01
   1.1331410e+06   2.8991699e+01
   1.1331950e+06   3.6437988e+01
   1.1332630e+06   2.7160645e+01
   1.1379990e+06   2.6916504e+01
   1.1425890e+06   3.1311035e+01
   1.1460260e+06   2.5756836e+01
   1.1516320e+06   3.7292480e+01
   1.1577090e+06   3.4790039e+01
   1.1579210e+06   2.7038574e+01
   1.1583630e+06   3.4362793e+01
   1.1658160e+06   2.7526855e+01
   1.1726670e+06   3.3691406e+01
   1.1730150e+06   2.9479980e+01
   1.1734370e+06   2.7160645e+01
   1.1844010e+06   2.6550293e+01
   1.1848370e+06   2.6428223e+01
   1.1894560e+06   4.1015625e+01
   1.1941190e+06   2.5878906e+01
   1.1946060e+06   2.6794434e+01
   1.2028210e+06   3.0273438e+01
   1.2194680e+06   2.8686523e+01
   1.2273520e+06   3.0029297e+01
   1.2429990e+06   3.1127930e+01
   1.2507440e+06   2.7099609e+01
   1.2511740e+06   2.9602051e+01
   1.2511940e+06   3.5217285e+01
   1.2513540e+06   3.1860352e+01
   1.2513860e+06   2.9174805e+01
   1.2514660e+06   2.6367188e+01
   1.2515150e+06   2.8686523e+01
   1.2516130e+06   3.0090332e+01
   1.2517140e+06   3.2043457e+01
   1.2517610e+06   3.4545898e+01
   1.2517860e+06   2.7099609e+01
   1.2519050e+06   2.6245117e+01
   1.2521280e+06   4.2297363e+01
   1.2524840e+06   2.8686523e+01
   1.2565000e+06   2.7648926e+01
   1.2676710e+06   2.7709961e+01
   1.2736110e+06   2.8869629e+01
   1.2814510e+06   3.1738281e+01
   1.2974040e+06   3.3325195e+01
   1.3012790e+06   3.2958984e+01
   1.3053970e+06   2.5939941e+01
   1.3137930e+06   2.9113770e+01
   1.3275770e+06   3.1860352e+01
   1.3580500e+06   2.8259277e+01
   1.3661640e+06   2.6367188e+01
   1.3803520e+06   3.4790039e+01
   1.3905950e+06   3.1250000e+01
   1.3999610e+06   2.8686523e+01
   1.4190580e+06   2.7954102e+01
   1.4222140e+06   3.3630371e+01
   1.4224830e+06   2.8991699e+01
   1.4225540e+06   3.1982422e+01
   1.4228800e+06   3.2043457e+01
   1.4233360e+06   2.5878906e+01
   1.4233840e+06   5.2368164e+01
   1.4237220e+06   2.5756836e+01
   1.4239770e+06   2.7526855e+01
   1.4287160e+06   4.1259766e+01
   1.4329360e+06   2.6123047e+01
   1.4389060e+06   3.2165527e+01
   1.4592240e+06   4.2724609e+01
   1.4862000e+06   3.6804199e+01
   1.4966990e+06   3.0212402e+01
   1.5005840e+06   3.2104492e+01
   1.5072490e+06   2.8747559e+01
   1.5110460e+06   2.5939941e+01
   1.5111250e+06   3.1066895e+01
   1.5112980e+06   2.6245117e+01
   1.5116380e+06   3.8513184e+01
   1.5117600e+06   2.6062012e+01
   1.5118150e+06   2.6550293e+01
   1.5118250e+06   3.0822754e+01
   1.5123380e+06   2.6428223e+01
   1.5125950e+06   2.7404785e+01
   1.5126080e+06   2.6306152e+01
   1.5189020e+06   2.9357910e+01
   1.5424680e+06   2.7954102e+01
   1.5555490e+06   2.6367188e+01
   1.5623620e+06   2.6916504e+01
   1.5628290e+06   2.6000977e+01
   1.5732190e+06   2.9174805e+01
   1.5836270e+06   3.2043457e+01
   1.5837830e+06   3.1494141e+01
   1.5840450e+06   2.7221680e+01
   1.5842080e+06   2.7038574e+01
   1.5844290e+06   2.8930664e+01
   1.5845130e+06   2.7282715e+01
   1.5846750e+06   2.6550293e+01
   1.5852830e+06   2.8442383e+01
   1.5854360e+06   2.6916504e+01
   1.5912670e+06   3.6132812e+01
   1.6038370e+06   2.8869629e+01
   1.6164280e+06   3.1677246e+01
   1.6274370e+06   2.8320313e+01
   1.6302750e+06   3.6621094e+01
   1.6386020e+06   2.7404785e+01
   1.6388220e+06   2.9785156e+01
   1.6418500e+06   3.1555176e+01
   1.6502720e+06   2.6000977e+01
   1.6597610e+06   3.3508301e+01
   1.6806460e+06   3.6376953e+01
   1.6864140e+06   2.9418945e+01
   1.6868900e+06   2.7282715e+01
   1.6899400e+06   3.4057617e+01
   1.6975970e+06   2.7404785e+01
   1.6976930e+06   2.7587891e+01
   1.6978900e+06   2.7038574e+01
   1.6979710e+06   2.7526855e+01
   1.6986600e+06   2.7465820e+01
   1.6990710e+06   2.6672363e+01
   1.6991120e+06   2.6489258e+01
   1.6996250e+06   2.7465820e+01
   1.7000010e+06   2.6855469e+01
   1.7093790e+06   3.5339355e+01
   1.7127460e+06   3.4362793e+01
   1.7167900e+06   2.7954102e+01
   1.7222670e+06   2.7343750e+01
   1.7277600e+06   3.5217285e+01
   1.7300390e+06   2.9724121e+01
   1.7302090e+06   3.0029297e+01
   1.7302470e+06   2.5817871e+01
   1.7305270e+06   3.0029297e+01
   1.7305450e+06   2.6550293e+01
   1.7309210e+06   2.8625488e+01
   1.7312530e+06   3.4118652e+01
   1.7315790e+06   3.1005859e+01
   1.7325960e+06   2.8930664e+01
   1.7326860e+06   2.6794434e+01
   1.7364130e+06   2.5939941e+01
   1.7485780e+06   2.7099609e+01
   1.7719090e+06   2.8564453e+01
   1.7721590e+06   2.8442383e+01
   1.7721790e+06   2.7099609e+01
   1.7727240e+06   2.9418945e+01
   1.7730340e+06   2.5939941e+01
   1.7731420e+06   2.6916504e+01
   1.7732400e+06   2.6733398e+01
   1.7734940e+06   2.6672363e+01
   1.7785170e+06   3.0273438e+01
   1.7837390e+06   2.9541016e+01
   1.7986250e+06   2.8503418e+01
   1.8342710e+06   2.8625488e+01
   1.8344960e+06   2.6489258e+01
   1.8346810e+06   3.0395508e+01
   1.8349110e+06   2.9541016e+01
   1.8350660e+06   3.0883789e+01
   1.8351970e+06   2.7404785e+01
   1.8355610e+06   2.6489258e+01
   1.8421900e+06   2.6611328e+01
   1.8454550e+06   2.8076172e+01
   1.8621610e+06   3.4545898e+01
   1.8744690e+06   2.8564453e+01
   1.8745100e+06   4.8339844e+01
   1.8745830e+06   3.2043457e+01
   1.8747220e+06   2.6000977e+01
   1.8747470e+06   3.2714844e+01
   1.8748090e+06   2.7038574e+01
   1.8749240e+06   3.0273438e+01
   1.8751450e+06   2.6367188e+01
   1.8752950e+06   2.7221680e+01
   1.8753340e+06   2.7282715e+01
   1.8755050e+06   2.7526855e+01
   1.8855670e+06   2.5817871e+01
   1.8915450e+06   2.9296875e+01
   1.8916950e+06   2.6062012e+01
   1.8918170e+06   2.7526855e+01
   1.8918410e+06   2.7160645e+01
   1.8920850e+06   2.6855469e+01
   1.8921190e+06   2.6489258e+01
   1.8923160e+06   3.4423828e+01
   1.8925670e+06   2.8198242e+01
   1.8990870e+06   2.7099609e+01
   1.8992560e+06   2.7832031e+01
   1.9028680e+06   2.8869629e+01
   1.9053750e+06   2.7709961e+01
   1.9086380e+06   2.9724121e+01
   1.9147280e+06   2.9113770e+01
   1.9223110e+06   3.1127930e+01
   1.9224660e+06   3.3447266e+01
   1.9224970e+06   3.4118652e+01
   1.9225200e+06   2.7038574e+01
   1.9227680e+06   2.9418945e+01
   1.9228690e+06   3.0639648e+01
   1.9232420e+06   2.6062012e+01
   1.9235060e+06   2.8930664e+01
   1.9276310e+06   2.6855469e+01
   1.9292660e+06   2.6489258e+01
   1.9317530e+06   2.6306152e+01
   1.9359140e+06   4.2602539e+01
   1.9360440e+06   2.6550293e+01
   1.9363500e+06   2.6245117e+01
   1.9363850e+06   2.7648926e+01
   1.9554440e+06   2.8015137e+01
   1.9645670e+06   2.9968262e+01
   1.9699390e+06   2.8198242e+01
   1.9699560e+06   4.3640137e+01
   1.9699670e+06   3.6071777e+01
   1.9700270e+06   2.7832031e+01
   1.9700990e+06   2.7770996e+01
   1.9701310e+06   3.6010742e+01
   1.9701720e+06   2.7160645e+01
   1.9703500e+06   3.5644531e+01
   1.9707750e+06   2.8015137e+01
   1.9752520e+06   2.5817871e+01
   1.9766920e+06   2.8015137e+01
   1.9815020e+06   2.6062012e+01
   1.9857720e+06   5.7434082e+01
   1.9870850e+06   3.0334473e+01
   1.9892390e+06   3.3264160e+01
   1.9892570e+06   4.3029785e+01
   1.9892720e+06   3.1250000e+01
   1.9893830e+06   3.2897949e+01
   1.9894920e+06   3.7292480e+01
   1.9895140e+06   2.9663086e+01
   1.9897300e+06   2.8991699e+01
   1.9970170e+06   2.8259277e+01
   2.0000950e+06   3.1738281e+01
   2.0001200e+06   3.8879395e+01
   2.0001540e+06   2.6245117e+01
   2.0001710e+06   3.3264160e+01
   2.0002230e+06   3.4667969e+01
   2.0002460e+06   2.9357910e+01
   2.0003180e+06   2.6245117e+01
   2.0004230e+06   2.6428223e+01
   2.0016670e+06   2.6489258e+01
   2.0060940e+06   2.6855469e+01
   2.0135720e+06   3.4118652e+01
   2.0136270e+06   3.9733887e+01
   2.0137130e+06   3.8269043e+01
   2.0137540e+06   2.7770996e+01
   2.0137970e+06   3.0944824e+01
   2.0140110e+06   3.0761719e+01
   2.0235010e+06   3.6743164e+01
   2.0235760e+06   2.8076172e+01
   2.0235910e+06   3.2104492e+01
   2.0236330e+06   3.4606934e+01
   2.0236890e+06   3.0456543e+01
   2.0237300e+06   3.5034180e+01
   2.0238010e+06   2.8442383e+01
   2.0238360e+06   2.6123047e+01
   2.0240510e+06   2.9418945e+01
   2.0241230e+06   2.6611328e+01
   2.0267020e+06   2.8808594e+01
   2.0316800e+06   2.6062012e+01
   2.0316990e+06   5.1330566e+01
   2.0317640e+06   2.8808594e+01
   2.0318480e+06   2.6550293e+01
   2.0319010e+06   2.7648926e+01
   2.0320720e+06   2.6184082e+01
   2.0325470e+06   2.5756836e+01
   2.0331930e+06   2.6245117e+01
   2.0382580e+06   2.7343750e+01
   2.0384400e+06   2.9785156e+01
   2.0384640e+06   3.2531738e+01
   2.0384840e+06   3.6254883e+01
   2.0386310e+06   2.7832031e+01
   2.0392100e+06   2.6672363e+01
   2.0477900e+06   2.7465820e+01
   2.0501320e+06   3.0029297e+01
   2.0501800e+06   4.2968750e+01
   2.0502060e+06   4.0100098e+01
   2.0502480e+06   2.6733398e+01
   2.0503080e+06   3.5095215e+01
   2.0503320e+06   3.6804199e+01
   2.0506100e+06   2.9907227e+01
   2.0507840e+06   2.8381348e+01
   2.0519680e+06   2.5817871e+01
   2.0623870e+06   2.9479980e+01
   2.0624530e+06   4.7058105e+01
   2.0625470e+06   3.2531738e+01
   2.0625680e+06   3.9672852e+01
   2.0625990e+06   2.7160645e+01
   2.0626090e+06   3.3386230e+01
   2.0626610e+06   3.5461426e+01
   2.0627750e+06   3.1738281e+01
   2.0630300e+06   2.7526855e+01
   2.0631260e+06   3.0883789e+01
   2.0700920e+06   2.6489258e+01
   2.0788240e+06   4.2724609e+01
   2.0788500e+06   2.8503418e+01
   2.0788960e+06   2.7099609e+01
   2.0789080e+06   5.1574707e+01
   2.0789530e+06   2.6916504e+01
   2.0789820e+06   2.6794434e+01
   2.0789930e+06   3.3996582e+01
   2.0791610e+06   5.4809570e+01
   2.0792240e+06   2.6672363e+01
   2.0794890e+06   2.6000977e+01
   2.0913150e+06   2.7221680e+01
   2.0914470e+06   2.5939941e+01
   2.0914830e+06   4.6508789e+01
   2.0915100e+06   3.1738281e+01
   2.0915990e+06   3.9916992e+01
   2.0916450e+06   2.9357910e+01
   2.0918040e+06   3.3935547e+01
   2.0918440e+06   2.7832031e+01
   2.0921280e+06   2.7099609e+01
   2.0931420e+06   2.7893066e+01
   2.0980190e+06   2.6489258e+01
   2.1030310e+06   2.6550293e+01
   2.1067270e+06   3.3386230e+01
   2.1067600e+06   5.7006836e+01
   2.1067730e+06   3.3935547e+01
   2.1068550e+06   4.1748047e+01
   2.1068890e+06   4.3090820e+01
   2.1071260e+06   3.0517578e+01
   2.1075070e+06   2.7465820e+01
   2.1192080e+06   2.6733398e+01
   2.1192750e+06   2.6733398e+01
   2.1193090e+06   2.8320313e+01
   2.1193310e+06   4.1442871e+01
   2.1193520e+06   4.1931152e+01
   2.1194390e+06   2.6916504e+01
   2.1194730e+06   4.3151855e+01
   2.1195380e+06   2.8564453e+01
   2.1195850e+06   4.1198730e+01
   2.1196290e+06   3.0639648e+01
   2.1324510e+06   5.0415039e+01
   2.1324830e+06   2.7282715e+01
   2.1324950e+06   3.3081055e+01
   2.1325570e+06   3.4484863e+01
   2.1325910e+06   2.5756836e+01
   2.1326330e+06   3.6437988e+01
   2.1327010e+06   3.1982422e+01
   2.1327290e+06   2.7221680e+01
   2.1329960e+06   2.6184082e+01
   2.1330250e+06   2.8320313e+01
   2.1449850e+06   2.5939941e+01
   2.1463720e+06   5.2062988e+01
   2.1464220e+06   3.4057617e+01
   2.1464600e+06   3.4240723e+01
   2.1465080e+06   3.5949707e+01
   2.1467890e+06   3.1250000e+01
   2.1472550e+06   2.6245117e+01
   2.1581100e+06   3.1616211e+01
   2.1581730e+06   4.0527344e+01
   2.1581920e+06   4.5898438e+01
   2.1583050e+06   3.1433105e+01
   2.1583640e+06   4.0466309e+01
   2.1583920e+06   3.6621094e+01
   2.1584220e+06   3.7597656e+01
   2.1584330e+06   2.9724121e+01
   2.1587520e+06   4.5532227e+01
   2.1710510e+06   6.0546875e+01
   2.1712350e+06   2.6794434e+01
   2.1713540e+06   2.6123047e+01
   2.1718340e+06   2.8198242e+01
   2.1732200e+06   2.7648926e+01
   2.1812690e+06   3.1982422e+01
   2.1814880e+06   5.2551270e+01
   2.1815810e+06   2.8137207e+01
   2.1829750e+06   2.8259277e+01
   2.1911240e+06   2.6184082e+01
   2.1933720e+06   3.6499023e+01
   2.1935000e+06   3.9184570e+01
   2.1935200e+06   3.9978027e+01
   2.1936610e+06   3.7780762e+01
   2.2075910e+06   3.7109375e+01
   2.2076510e+06   3.4790039e+01
   2.2076670e+06   2.6000977e+01
   2.2078110e+06   2.9052734e+01
   2.2082050e+06   3.0334473e+01
   2.2082860e+06   2.5817871e+01
   2.2185430e+06   2.7648926e+01
   2.2185890e+06   4.2724609e+01
   2.2188210e+06   4.2297363e+01
   2.2188610e+06   2.9174805e+01
   2.2191870e+06   3.3203125e+01
   2.2314340e+06   3.2104492e+01
   2.2330330e+06   4.7119141e+01
   2.2330820e+06   4.0161133e+01
   2.2332100e+06   4.3273926e+01
   2.2334350e+06   3.1921387e+01
   2.2334850e+06   3.2287598e+01
   2.2341270e+06   2.7404785e+01
   2.2461140e+06   4.6752930e+01
   2.2462060e+06   4.1870117e+01
   2.2462830e+06   3.0883789e+01
   2.2463550e+06   3.1616211e+01
   2.2465050e+06   5.1269531e+01
   2.2599360e+06   3.1799316e+01
   2.2599770e+06   4.0954590e+01
   2.2600080e+06   3.9672852e+01
   2.2600880e+06   2.8015137e+01
   2.2602730e+06   3.6743164e+01
   2.2603760e+06   2.6489258e+01
   2.2619450e+06   2.7099609e+01
   2.2711000e+06   3.6437988e+01
   2.2739490e+06   2.9174805e+01
   2.2739800e+06   3.1127930e+01
   2.2740290e+06   2.9846191e+01
   2.2740920e+06   3.0944824e+01
   2.2741110e+06   2.8259277e+01
   2.2741630e+06   5.7678223e+01
   2.2741930e+06   2.9663086e+01
   2.2742750e+06   2.6916504e+01
   2.2745390e+06   2.7099609e+01
   2.2755050e+06   2.6977539e+01
   2.2890350e+06   4.8156738e+01
   2.2890720e+06   3.0090332e+01
   2.2891040e+06   3.2226563e+01
   2.2891240e+06   3.3752441e+01
   2.2892010e+06   4.0893555e+01
   2.2892490e+06   2.6733398e+01
   2.2892800e+06   2.8808594e+01
   2.2894160e+06   2.6489258e+01
   2.2894360e+06   2.7526855e+01
   2.3034860e+06   2.6062012e+01
   2.3035890e+06   4.7973633e+01
   2.3036290e+06   2.9846191e+01
   2.3036910e+06   2.7221680e+01
   2.3037710e+06   2.9357910e+01
   2.3037810e+06   4.5654297e+01
   2.3038180e+06   3.7475586e+01
   2.3195370e+06   5.0903320e+01
   2.3195630e+06   3.3752441e+01
   2.3196930e+06   3.6682129e+01
   2.3197370e+06   2.8869629e+01
   2.3198890e+06   2.9663086e+01
   2.3199110e+06   3.1372070e+01
   2.3199210e+06   2.6000977e+01
   2.3201030e+06   2.7648926e+01
   2.3204160e+06   2.6794434e+01
   2.3213180e+06   2.5939941e+01
   2.3360740e+06   2.5878906e+01
   2.3371790e+06   4.3701172e+01
   2.3372100e+06   2.6123047e+01
   2.3372880e+06   5.4504395e+01
   2.3373670e+06   4.9560547e+01
   2.3374060e+06   4.0954590e+01
   2.3381270e+06   2.9479980e+01
   2.3392560e+06   2.6550293e+01
   2.3521230e+06   3.2043457e+01
   2.3647640e+06   2.9113770e+01
   2.3648130e+06   3.9428711e+01
   2.3648710e+06   2.9541016e+01
   2.3649520e+06   3.0883789e+01
   2.3650230e+06   4.2358398e+01
   2.3651040e+06   2.9846191e+01
   2.3652360e+06   4.4677734e+01
   2.3660300e+06   2.5817871e+01
   2.3893930e+06   5.2917480e+01
   2.3895090e+06   3.0456543e+01
   2.3895470e+06   4.8095703e+01
   2.4069260e+06   2.8137207e+01
   2.4135790e+06   2.6916504e+01
   2.4137910e+06   4.0283203e+01
   2.4138170e+06   3.3081055e+01
   2.4138430e+06   3.7902832e+01
   2.4140070e+06   3.8696289e+01
   2.4141500e+06   2.6367188e+01
   2.4298360e+06   3.9855957e+01
   2.4377490e+06   2.8137207e+01
   2.4377750e+06   4.7546387e+01
   2.4379230e+06   2.9174805e+01
   2.4379870e+06   2.7954102e+01
   2.4382560e+06   2.7893066e+01
   2.4674330e+06   2.6062012e+01
   2.4675540e+06   4.4799805e+01
   2.4675790e+06   3.4057617e+01
   2.4676690e+06   3.0029297e+01
   2.4676790e+06   3.3630371e+01
   2.4676980e+06   3.5766602e+01
   2.4678270e+06   2.7709961e+01
   2.4679400e+06   3.4362793e+01
   2.4679870e+06   4.1259766e+01
   2.4685230e+06   2.6245117e+01
   2.4778400e+06   2.8320313e+01
   2.4937610e+06   2.9663086e+01
   2.4937720e+06   4.0710449e+01
   2.4938870e+06   3.3752441e+01
   2.4939630e+06   3.1738281e+01
   2.4939900e+06   3.1860352e+01
   2.4941290e+06   3.1555176e+01
   2.4942860e+06   3.3752441e+01
   2.4946750e+06   2.7282715e+01
   2.5060300e+06   3.7963867e+01
   2.5236520e+06   2.6794434e+01
   2.5236710e+06   3.5522461e+01
   2.5236870e+06   2.6245117e+01
   2.5237240e+06   4.4250488e+01
   2.5238180e+06   3.3386230e+01
   2.5238380e+06   3.1860352e+01
   2.5238520e+06   3.5461426e+01
   2.5239960e+06   2.8503418e+01
   2.5240250e+06   2.6367188e+01
   2.5241730e+06   4.6569824e+01
   2.5243700e+06   3.1677246e+01
   2.5254070e+06   2.7404785e+01
   2.5365690e+06   2.6062012e+01
   2.5640190e+06   2.8869629e+01
   2.5640720e+06   3.7719727e+01
   2.5641730e+06   3.9306641e+01
   2.5641850e+06   2.8686523e+01
   2.5646230e+06   2.7648926e+01
   2.5648150e+06   2.5817871e+01
   2.5669890e+06   2.8930664e+01
   2.5678220e+06   2.6672363e+01
   2.5776690e+06   2.6489258e+01
   2.6413580e+06   2.7160645e+01
   2.6668700e+06   2.8503418e+01
   2.6913890e+06   2.5939941e+01
   2.7115370e+06   3.1311035e+01
   2.7580280e+06   3.3386230e+01
   2.7704040e+06   2.7282715e+01
   2.8162400e+06   3.3996582e+01
   2.8535630e+06   2.8503418e+01
   2.9092290e+06   3.8452148e+01
   2.9221200e+06   2.9174805e+01
   2.9455170e+06   3.0517578e+01
   2.9545090e+06   2.8686523e+01
   3.0074790e+06   3.7719727e+01
   3.0293090e+06   2.6489258e+01
   3.0500310e+06   2.7832031e+01
   3.0884260e+06   2.6611328e+01
   3.1554750e+06   3.5766602e+01
   3.1597330e+06   3.3020020e+01
   3.2064890e+06   3.3569336e+01
   3.2381170e+06   2.5695801e+01
   3.2457870e+06   3.0273438e+01
   3.2709190e+06   3.3203125e+01
   3.2709620e+06   3.1799316e+01
   3.2709750e+06   4.5104980e+01
   3.2710110e+06   3.5522461e+01
   3.2710420e+06   3.9184570e+01
   3.2710790e+06   3.3325195e+01
   3.2711040e+06   4.8706055e+01
   3.2711190e+06   2.7770996e+01
   3.2711430e+06   3.7170410e+01
   3.2711600e+06   4.1931152e+01
   3.2711830e+06   3.3020020e+01
   3.2711950e+06   2.7526855e+01
   3.2712180e+06   4.0771484e+01
   3.2712610e+06   2.5390625e+01
   3.2712740e+06   2.6367188e+01
   3.2713160e+06   2.8320313e+01
   3.2713260e+06   2.6550293e+01
   3.2713960e+06   2.8930664e+01
   3.2714170e+06   2.5634766e+01
   3.2714960e+06   2.8259277e+01
   3.2718780e+06   2.7465820e+01
   3.2778260e+06   2.5695801e+01
   3.2781340e+06   2.5878906e+01
   3.2789510e+06   3.0883789e+01
   3.2797780e+06   2.9052734e+01
   3.2806040e+06   3.2165527e+01
   3.2808900e+06   2.6550293e+01
   3.2825570e+06   2.5329590e+01
   3.2859520e+06   2.6794434e+01
   3.2875310e+06   3.7170410e+01
   3.2915560e+06   2.5329590e+01
   3.2940950e+06   3.0761719e+01
   3.2950460e+06   2.7893066e+01
   3.2959250e+06   2.5695801e+01
   3.2975690e+06   2.7954102e+01
   3.2984460e+06   2.7770996e+01
   3.3003320e+06   2.7038574e+01
   3.3013740e+06   2.5817871e+01
   3.3027130e+06   3.0273437e+01
   3.3053650e+06   2.9174805e+01
   3.3089290e+06   3.1921387e+01
   3.3146740e+06   3.1433105e+01
   3.3169900e+06   2.6000977e+01
   3.3224770e+06   3.4179688e+01
   3.3650030e+06   2.9357910e+01
   3.3837980e+06   2.5329590e+01
   3.4386380e+06   2.7587891e+01
   3.4483740e+06   2.8503418e+01
   3.4666800e+06   2.6672363e+01
   3.4752080e+06   2.8198242e+01
   3.4926040e+06   3.9001465e+01
   3.5444430e+06   2.8442383e+01
   3.5717000e+06   2.7404785e+01
   3.5842410e+06   2.5329590e+01
   3.5919550e+06   2.7343750e+01
   3.6214490e+06   2.6489258e+01
   3.6442410e+06   2.5695801e+01
   3.6886180e+06   2.5939941e+01
   3.7090880e+06   2.8564453e+01
   3.7091500e+06   2.9907227e+01
   3.7091710e+06   4.0283203e+01
   3.7091960e+06   3.0273438e+01
   3.7092320e+06   2.8564453e+01
   3.7092540e+06   4.7241211e+01
   3.7092790e+06   6.2316895e+01
   3.7093070e+06   6.2316895e+01
   3.7093220e+06   3.1127930e+01
   3.7093370e+06   2.9296875e+01
   3.7093550e+06   4.1687012e+01
   3.7093650e+06   2.7954102e+01
   3.7093840e+06   3.1799316e+01
   3.7093960e+06   3.0944824e+01
   3.7094280e+06   3.6132813e+01
   3.7094600e+06   2.8564453e+01
   3.7094710e+06   3.1127930e+01
   3.7094860e+06   2.9357910e+01
   3.7095110e+06   2.6855469e+01
   3.7095460e+06   2.5756836e+01
   3.7095610e+06   2.8137207e+01
   3.7097100e+06   2.7526855e+01
   3.7097770e+06   3.2043457e+01
   3.7100860e+06   2.5634766e+01
   3.7162860e+06   2.5695801e+01
   3.7171910e+06   3.5156250e+01
   3.7174800e+06   2.5573730e+01
   3.7177450e+06   2.5390625e+01
   3.7180050e+06   2.6123047e+01
   3.7208870e+06   2.7038574e+01
   3.7226030e+06   2.5878906e+01
   3.7230580e+06   2.8625488e+01
   3.7236440e+06   2.9357910e+01
   3.7242100e+06   2.6550293e+01
   3.7248140e+06   2.7893066e+01
   3.7266290e+06   2.7038574e+01
   3.7272710e+06   2.7282715e+01
   3.7284610e+06   2.7709961e+01
   3.7306890e+06   2.9235840e+01
   3.7313100e+06   2.7038574e+01
   3.7320230e+06   2.5695801e+01
   3.7328580e+06   2.8686523e+01
   3.7336170e+06   2.7954102e+01
   3.7376970e+06   2.7587891e+01
   3.7419730e+06   2.7465820e+01
   3.7466420e+06   2.7893066e+01
   3.7560870e+06   3.2714844e+01
   3.7594900e+06   3.6682129e+01
   3.7632750e+06   4.3823242e+01
   3.7673950e+06   3.5217285e+01
   3.7759010e+06   2.9296875e+01
   3.7856080e+06   3.5034180e+01
   3.7906690e+06   2.6245117e+01
   3.8156110e+06   2.7832031e+01
   3.8264410e+06   3.3752441e+01
   3.8324250e+06   3.1616211e+01
   3.8403990e+06   2.5512695e+01
   3.8535390e+06   2.7954102e+01
   3.8617360e+06   2.5512695e+01
   3.8773460e+06   3.3264160e+01
   3.8773900e+06   4.8583984e+01
   3.8774150e+06   3.3874512e+01
   3.8774470e+06   3.6376953e+01
   3.8774660e+06   4.5959473e+01
   3.8774960e+06   6.5490723e+01
   3.8775100e+06   6.0546875e+01
   3.8775280e+06   2.8625488e+01
   3.8775390e+06   4.1748047e+01
   3.8775580e+06   3.4790039e+01
   3.8775850e+06   3.7353516e+01
   3.8776060e+06   4.7241211e+01
   3.8776300e+06   2.7770996e+01
   3.8776570e+06   2.6367188e+01
   3.8776890e+06   3.3935547e+01
   3.8777290e+06   3.0944824e+01
   3.8777690e+06   3.7353516e+01
   3.8778560e+06   2.7221680e+01
   3.8781090e+06   3.4790039e+01
   3.8781450e+06   2.6123047e+01
   3.8781990e+06   3.0517578e+01
   3.8783400e+06   2.7099609e+01
   3.8784270e+06   2.8503418e+01
   3.8843210e+06   2.8137207e+01
   3.8851010e+06   2.5878906e+01
   3.8853740e+06   2.5573730e+01
   3.8857260e+06   2.6916504e+01
   3.8863730e+06   3.4545898e+01
   3.8878150e+06   2.5756836e+01
   3.8882460e+06   3.3813477e+01
   3.8887710e+06   2.6367188e+01
   3.8892920e+06   2.6855469e+01
   3.8925410e+06   3.5522461e+01
   3.8945200e+06   2.5634766e+01
   3.8952000e+06   2.6367187e+01
   3.9007830e+06   2.5695801e+01
   3.9017940e+06   2.7160645e+01
   3.9026260e+06   2.9968262e+01
   3.9044890e+06   2.5939941e+01
   3.9052320e+06   2.6855469e+01
   3.9119580e+06   2.5878906e+01
   3.9141420e+06   2.6794434e+01
   3.9168390e+06   2.7526855e+01
   3.9208650e+06   2.8503418e+01
   3.9238050e+06   2.6977539e+01
   3.9352100e+06   3.0090332e+01
   3.9428690e+06   2.7099609e+01
   3.9728810e+06   3.8818359e+01
   4.0413690e+06   3.3996582e+01
   4.0491320e+06   2.6184082e+01
   4.0717750e+06   2.5695801e+01
   4.0779630e+06   2.6184082e+01
   4.0863030e+06   3.5400391e+01
   4.1068620e+06   2.7099609e+01
   4.1249850e+06   2.7709961e+01
   4.1585010e+06   2.7160645e+01
   4.1684110e+06   2.9907227e+01
   4.1910940e+06   2.8869629e+01
   4.1980860e+06   3.1982422e+01
   4.2129610e+06   2.5695801e+01
   4.2130260e+06   2.7160645e+01
   4.2130520e+06   4.3701172e+01
   4.2130800e+06   2.9602051e+01
   4.2130970e+06   3.9916992e+01
   4.2131210e+06   3.7292480e+01
   4.2131440e+06   4.3212891e+01
   4.2131600e+06   2.9418945e+01
   4.2131790e+06   3.1127930e+01
   4.2131960e+06   4.2175293e+01
   4.2132520e+06   3.0151367e+01
   4.2132640e+06   3.3508301e+01
   4.2132890e+06   3.3691406e+01
   4.2133110e+06   3.2714844e+01
   4.2133370e+06   2.8381348e+01
   4.2133480e+06   3.8940430e+01
   4.2133880e+06   2.8076172e+01
   4.2134130e+06   4.2175293e+01
   4.2134230e+06   3.3874512e+01
   4.2134530e+06   2.6977539e+01
   4.2134700e+06   2.7954102e+01
   4.2135280e+06   2.5512695e+01
   4.2135930e+06   2.9663086e+01
   4.2136520e+06   2.5817871e+01
   4.2137210e+06   3.4362793e+01
   4.2204310e+06   2.7038574e+01
   4.2208520e+06   3.3691406e+01
   4.2211910e+06   2.7770996e+01
   4.2218250e+06   3.0456543e+01
   4.2221740e+06   2.9724121e+01
   4.2224820e+06   2.7770996e+01
   4.2227980e+06   2.7587891e+01
   4.2265770e+06   3.1127930e+01
   4.2291610e+06   2.7770996e+01
   4.2334230e+06   2.7038574e+01
   4.2342540e+06   2.5817871e+01
   4.2371640e+06   2.6184082e+01
   4.2399650e+06   2.6855469e+01
   4.2410450e+06   2.6977539e+01
   4.2467260e+06   2.6794434e+01
   4.2482020e+06   2.6550293e+01
   4.2518740e+06   2.6977539e+01
   4.2618890e+06   2.8747559e+01
   4.2710310e+06   2.5390625e+01
   4.2751180e+06   4.1687012e+01
   4.2878830e+06   2.8503418e+01
   4.3102180e+06   2.6611328e+01
   4.3364150e+06   3.3203125e+01
   4.3529050e+06   2.8259277e+01
   4.3649030e+06   2.6794434e+01
   4.3823600e+06   2.8869629e+01
   4.3878330e+06   5.5847168e+01
   4.3878890e+06   4.3579102e+01
   4.3879010e+06   5.3588867e+01
   4.3879280e+06   3.9062500e+01
   4.3879540e+06   5.3833008e+01
   4.3879770e+06   6.3720703e+01
   4.3879900e+06   6.8115234e+01
   4.3880210e+06   3.7170410e+01
   4.3880360e+06   2.8320313e+01
   4.3880570e+06   4.9255371e+01
   4.3880690e+06   3.5949707e+01
   4.3881000e+06   4.0405273e+01
   4.3881100e+06   2.9724121e+01
   4.3881570e+06   3.0700684e+01
   4.3882070e+06   2.8869629e+01
   4.3883480e+06   2.5695801e+01
   4.3884060e+06   2.6367187e+01
   4.3884710e+06   2.6550293e+01
   4.3886670e+06   2.7343750e+01
   4.3889760e+06   2.7954102e+01
   4.3955050e+06   2.8747559e+01
   4.3958750e+06   2.9174805e+01
   4.3969220e+06   2.8747559e+01
   4.3997080e+06   2.7893066e+01
   4.4022890e+06   2.9602051e+01
   4.4044590e+06   3.0395508e+01
   4.4052750e+06   2.6306152e+01
   4.4059110e+06   2.5695801e+01
   4.4065650e+06   2.8076172e+01
   4.4079400e+06   2.5512695e+01
   4.4087420e+06   2.7526855e+01
   4.4109090e+06   2.5573730e+01
   4.4126600e+06   2.7587891e+01
   4.4192030e+06   2.8625488e+01
   4.4203310e+06   2.8137207e+01
   4.4279800e+06   2.6367188e+01
   4.4297170e+06   2.8137207e+01
   4.4407560e+06   2.7526855e+01
   4.4480580e+06   2.6428223e+01
   4.4767140e+06   3.7170410e+01
   4.4935090e+06   3.0883789e+01
   4.5372800e+06   3.0578613e+01
   4.5436060e+06   2.6611328e+01
   4.5521950e+06   4.0161133e+01
   4.5636220e+06   3.7658691e+01
   4.5914280e+06   3.4118652e+01
   4.5961260e+06   2.5573730e+01
   4.6085980e+06   3.1921387e+01
   4.6153720e+06   3.2714844e+01
   4.6346380e+06   2.5939941e+01
   4.6377380e+06   2.8564453e+01
   4.6502440e+06   2.6062012e+01
   4.6600040e+06   3.1738281e+01
   4.6815180e+06   3.0700684e+01
   4.7300040e+06   3.2104492e+01
   4.7471510e+06   3.1921387e+01
   4.7542670e+06   2.7099609e+01
   4.7848500e+06   3.7109375e+01
   4.7929490e+06   4.9560547e+01
   4.7929730e+06   2.6123047e+01
   4.7930180e+06   4.4311523e+01
   4.7930440e+06   4.4189453e+01
   4.7930570e+06   4.0527344e+01
   4.7930720e+06   3.1127930e+01
   4.7930940e+06   5.5969238e+01
   4.7931100e+06   2.9968262e+01
   4.7931370e+06   2.6428223e+01
   4.7931690e+06   3.7902832e+01
   4.7932010e+06   4.7058105e+01
   4.7932190e+06   2.8198242e+01
   4.7932330e+06   2.6672363e+01
   4.7933100e+06   2.8503418e+01
   4.7933200e+06   3.0578613e+01
   4.7933770e+06   2.8076172e+01
   4.7933900e+06   2.7526855e+01
   4.7934390e+06   3.0273438e+01
   4.7935210e+06   3.0578613e+01
   4.7935520e+06   3.0822754e+01
   4.7935800e+06   2.6489258e+01
   4.7936240e+06   3.0883789e+01
   4.7936900e+06   2.7648926e+01
   4.7937410e+06   2.5451660e+01
   4.8005290e+06   3.9733887e+01
   4.8009510e+06   2.9663086e+01
   4.8016420e+06   2.7832031e+01
   4.8023250e+06   2.7343750e+01
   4.8029960e+06   2.5817871e+01
   4.8037410e+06   2.6794434e+01
   4.8051440e+06   2.5451660e+01
   4.8070130e+06   2.5756836e+01
   4.8093440e+06   2.5695801e+01
   4.8105150e+06   2.6977539e+01
   4.8136200e+06   2.5695801e+01
   4.8169390e+06   3.4545898e+01
   4.8188590e+06   2.6428223e+01
   4.8215320e+06   2.7038574e+01
   4.8289980e+06   2.7404785e+01
   4.8705100e+06   3.1311035e+01
   4.8854420e+06   2.6611328e+01
   4.8993090e+06   2.5695801e+01
   4.9577550e+06   4.0466309e+01
   4.9588240e+06   2.7832031e+01
   4.9722500e+06   2.6123047e+01
   4.9963080e+06   3.4362793e+01
   5.0160840e+06   3.3264160e+01
   5.0356790e+06   2.8930664e+01
   5.0471840e+06   2.9296875e+01
   5.0534520e+06   3.1250000e+01
   5.1101930e+06   2.7343750e+01
   5.1273150e+06   2.7770996e+01
   5.1458230e+06   3.0456543e+01
   5.1734870e+06   2.7709961e+01
   5.2063540e+06   2.7282715e+01
   5.2129330e+06   2.6428223e+01
   5.2319410e+06   3.0883789e+01
   5.2341060e+06   2.7038574e+01
   5.2342080e+06   4.5532227e+01
   5.2342620e+06   3.3630371e+01
   5.2342740e+06   3.3264160e+01
   5.2343030e+06   7.5134277e+01
   5.2343140e+06   5.4138184e+01
   5.2343380e+06   3.9855957e+01
   5.2343590e+06   3.7902832e+01
   5.2343750e+06   2.7099609e+01
   5.2343980e+06   3.5156250e+01
   5.2344080e+06   3.5644531e+01
   5.2344320e+06   2.7038574e+01
   5.2344710e+06   2.9724121e+01
   5.2344830e+06   3.5644531e+01
   5.2345020e+06   2.7526855e+01
   5.2345350e+06   3.0761719e+01
   5.2345620e+06   2.5939941e+01
   5.2345920e+06   2.8869629e+01
   5.2347770e+06   2.9052734e+01
   5.2348370e+06   2.9846191e+01
   5.2349150e+06   3.4423828e+01
   5.2359080e+06   2.6000977e+01
   5.2422510e+06   2.6428223e+01
   5.2426950e+06   2.8564453e+01
   5.2430350e+06   2.9052734e+01
   5.2439610e+06   2.5939941e+01
   5.2449660e+06   3.3325195e+01
   5.2471010e+06   2.8686523e+01
   5.2481680e+06   2.6306152e+01
   5.2486690e+06   2.7038574e+01
   5.2492000e+06   2.6428223e+01
   5.2509570e+06   2.9052734e+01
   5.2515030e+06   2.9968262e+01
   5.2542530e+06   2.5817871e+01
   5.2549890e+06   2.5451660e+01
   5.2583100e+06   3.1616211e+01
   5.2591580e+06   2.6489258e+01
   5.2601600e+06   2.6916504e+01
   5.2651560e+06   2.8137207e+01
   5.2723930e+06   2.6306152e+01
   5.2754770e+06   2.6733398e+01
   5.2807160e+06   2.9479980e+01
   5.3045890e+06   3.3874512e+01
   5.3239440e+06   2.9724121e+01
   5.3447280e+06   3.2104492e+01
   5.3788970e+06   3.4667969e+01
   5.4000740e+06   3.6682129e+01
   5.4043980e+06   2.5695801e+01
   5.4080730e+06   2.8625488e+01
   5.4201690e+06   2.8747559e+01
   5.4615260e+06   2.5939941e+01
   5.4802890e+06   3.2897949e+01
   5.5471580e+06   3.9916992e+01
   5.5489720e+06   3.2836914e+01
   5.5490570e+06   2.8015137e+01
   5.5491160e+06   6.3598633e+01
   5.5491420e+06   3.4912109e+01
   5.5491600e+06   3.9611816e+01
   5.5491980e+06   6.9152832e+01
   5.5492260e+06   6.4453125e+01
   5.5492430e+06   4.2114258e+01
   5.5492670e+06   4.0527344e+01
   5.5492880e+06   3.8696289e+01
   5.5493070e+06   4.4006348e+01
   5.5493200e+06   3.0456543e+01
   5.5493740e+06   2.7404785e+01
   5.5494580e+06   4.0100098e+01
   5.5495120e+06   2.8320313e+01
   5.5495710e+06   2.5939941e+01
   5.5495970e+06   2.7954102e+01
   5.5496220e+06   3.7048340e+01
   5.5496720e+06   3.0090332e+01
   5.5497090e+06   2.9174805e+01
   5.5498490e+06   2.9541016e+01
   5.5499010e+06   3.7353516e+01
   5.5576030e+06   2.5451660e+01
   5.5580040e+06   2.5390625e+01
   5.5583800e+06   3.1555176e+01
   5.5589910e+06   2.6367188e+01
   5.5601180e+06   2.8564453e+01
   5.5605170e+06   2.9174805e+01
   5.5627550e+06   2.5634766e+01
   5.5639650e+06   2.9113770e+01
   5.5665410e+06   2.8259277e+01
   5.5678070e+06   3.2409668e+01
   5.5695090e+06   2.7587891e+01
   5.5736830e+06   3.1127930e+01
   5.5773550e+06   2.8747559e+01
   5.5780970e+06   2.7038574e+01
   5.5796890e+06   2.5756836e+01
   5.5818900e+06   2.9357910e+01
   5.5873390e+06   2.6672363e+01
   5.5903590e+06   2.7709961e+01
   5.6609700e+06   2.7648926e+01
   5.6860720e+06   3.3020020e+01
   5.6938370e+06   2.6855469e+01
   5.7411300e+06   3.0883789e+01
   5.7555300e+06   3.0517578e+01
   5.7972460e+06   3.1066895e+01
   5.8145750e+06   2.8381348e+01
   5.8800900e+06   2.6000977e+01
   5.9097980e+06   3.3569336e+01
   5.9225460e+06   3.7902832e+01
   5.9387720e+06   2.5329590e+01
   5.9777330e+06   3.3874512e+01
   5.9846360e+06   2.5756836e+01
   6.0211220e+06   3.2531738e+01
   6.0528830e+06   2.6977539e+01
   6.0640030e+06   2.6550293e+01
   6.0708470e+06   2.7221680e+01
   6.1500910e+06   2.7038574e+01
   6.1894940e+06   2.8137207e+01
   6.2343710e+06   2.9357910e+01
   6.2343950e+06   3.0090332e+01
   6.2344290e+06   5.0048828e+01
   6.2344530e+06   3.4179688e+01
   6.2344630e+06   2.8808594e+01
   6.2345090e+06   7.0373535e+01
   6.2345260e+06   5.3649902e+01
   6.2345400e+06   2.6367188e+01
   6.2345630e+06   3.1311035e+01
   6.2345760e+06   5.0720215e+01
   6.2345890e+06   5.1757813e+01
   6.2346050e+06   2.6550293e+01
   6.2346220e+06   2.9052734e+01
   6.2346370e+06   3.4851074e+01
   6.2346710e+06   3.0212402e+01
   6.2347110e+06   2.8869629e+01
   6.2348420e+06   2.8320313e+01
   6.2348700e+06   3.6132813e+01
   6.2350260e+06   3.4545898e+01
   6.2350900e+06   3.3691406e+01
   6.2351870e+06   2.7893066e+01
   6.2352610e+06   2.5939941e+01
   6.2431140e+06   3.4851074e+01
   6.2436670e+06   3.1799316e+01
   6.2440540e+06   2.9052734e+01
   6.2444240e+06   2.6916504e+01
   6.2447760e+06   2.6123047e+01
   6.2458760e+06   2.5573730e+01
   6.2469970e+06   3.3081055e+01
   6.2479310e+06   2.7709961e+01
   6.2484190e+06   2.7038574e+01
   6.2488930e+06   2.7648926e+01
   6.2499580e+06   2.7038574e+01
   6.2512230e+06   2.6367188e+01
   6.2529330e+06   2.6489258e+01
   6.2535930e+06   2.6855469e+01
   6.2555340e+06   2.7465820e+01
   6.2560840e+06   2.6611328e+01
   6.2577120e+06   2.6245117e+01
   6.2648030e+06   2.7648926e+01
   6.2680210e+06   3.1860352e+01
   6.2689930e+06   2.5451660e+01
   6.2756850e+06   2.7954102e+01
   6.2866690e+06   3.0761719e+01
   6.3062330e+06   3.2165527e+01
   6.3158610e+06   3.6499023e+01
   6.3452750e+06   2.5695801e+01
   6.3928070e+06   3.4606934e+01
   6.4354000e+06   2.8686523e+01
   6.4567530e+06   3.8574219e+01
   6.4579260e+06   2.8320313e+01
   6.4782220e+06   2.9479980e+01
   6.5057370e+06   2.5939941e+01
   6.5209060e+06   2.7954102e+01
   6.6037120e+06   2.8930664e+01
   6.6185670e+06   2.5573730e+01
   6.6527940e+06   4.9560547e+01
   6.6913830e+06   2.7282715e+01
   6.6914000e+06   3.8269043e+01
   6.6914740e+06   2.8259277e+01
   6.6915030e+06   5.4504395e+01
   6.6915240e+06   4.4372559e+01
   6.6915390e+06   4.3701172e+01
   6.6915520e+06   6.4331055e+01
   6.6915720e+06   2.6794434e+01
   6.6915900e+06   3.1433105e+01
   6.6916050e+06   4.6386719e+01
   6.6916370e+06   3.4851074e+01
   6.6916560e+06   2.6550293e+01
   6.6916740e+06   2.9602051e+01
   6.6916920e+06   2.7709961e+01
   6.6917200e+06   2.8503418e+01
   6.6917410e+06   3.2348633e+01
   6.6917770e+06   3.3020020e+01
   6.6918390e+06   2.7160645e+01
   6.6919220e+06   3.5888672e+01
   6.6919440e+06   2.6916504e+01
   6.6920580e+06   3.4606934e+01
   6.6921520e+06   2.6062012e+01
   6.6922860e+06   2.5817871e+01
   6.6925670e+06   2.6184082e+01
   6.6927600e+06   2.6123047e+01
   6.7007460e+06   2.9174805e+01
   6.7016340e+06   2.8076172e+01
   6.7020350e+06   2.8076172e+01
   6.7033560e+06   2.6062012e+01
   6.7038120e+06   3.0090332e+01
   6.7044290e+06   2.9235840e+01
   6.7049110e+06   2.8503418e+01
   6.7084160e+06   2.7282715e+01
   6.7090580e+06   2.6550293e+01
   6.7096220e+06   2.7282715e+01
   6.7123420e+06   2.5939941e+01
   6.7154940e+06   2.8076172e+01
   6.7176100e+06   2.5451660e+01
   6.7184390e+06   2.8198242e+01
   6.7191710e+06   2.6184082e+01
   6.7248150e+06   3.1799316e+01
   6.7257790e+06   2.5634766e+01
   6.7309980e+06   2.6550293e+01
   6.7378910e+06   2.5878906e+01
   6.7442370e+06   2.8991699e+01
   6.7725480e+06   2.5573730e+01
   6.7935020e+06   2.7282715e+01
   6.8385440e+06   2.5573730e+01
   6.8745120e+06   2.6794434e+01
   6.8940080e+06   3.0456543e+01
   6.9089140e+06   3.4606934e+01
   6.9547750e+06   3.6987305e+01
   6.9997640e+06   2.8137207e+01
   7.0198420e+06   3.2470703e+01
   7.0646030e+06   2.8686523e+01
   7.0863680e+06   2.9479980e+01
   7.0990690e+06   2.5573730e+01
   7.1095790e+06   2.5878906e+01
   7.1771910e+06   4.0588379e+01
   7.2217600e+06   2.7709961e+01
   7.2836100e+06   2.7587891e+01
   7.2837320e+06   2.7954102e+01
   7.2837480e+06   4.6203613e+01
   7.2837870e+06   2.7709961e+01
   7.2838300e+06   2.6123047e+01
   7.2838470e+06   3.3691406e+01
   7.2838740e+06   4.6264648e+01
   7.2838860e+06   2.9968262e+01
   7.2839180e+06   3.6560059e+01
   7.2839400e+06   3.7292480e+01
   7.2839680e+06   3.4484863e+01
   7.2839910e+06   3.3081055e+01
   7.2840070e+06   3.6804199e+01
   7.2840390e+06   3.1738281e+01
   7.2840800e+06   2.6672363e+01
   7.2840920e+06   3.1433105e+01
   7.2841310e+06   2.6428223e+01
   7.2842160e+06   3.6621094e+01
   7.2843280e+06   3.1616211e+01
   7.2843500e+06   2.9479980e+01
   7.2844200e+06   2.6855469e+01
   7.2844350e+06   3.1494141e+01
   7.2845790e+06   3.6682129e+01
   7.2845900e+06   2.7587891e+01
   7.2850050e+06   2.5573730e+01
   7.2850840e+06   2.8686523e+01
   7.2853150e+06   2.8747559e+01
   7.2861120e+06   2.8137207e+01
   7.2868250e+06   2.6855469e+01
   7.2943950e+06   2.8137207e+01
   7.2947330e+06   3.4545898e+01
   7.2954320e+06   2.8198242e+01
   7.2978860e+06   2.5573730e+01
   7.2984870e+06   2.6550293e+01
   7.3001470e+06   2.5817871e+01
   7.3016210e+06   2.5695801e+01
   7.3033940e+06   2.9357910e+01
   7.3045640e+06   2.8320313e+01
   7.3060910e+06   2.5634766e+01
   7.3107940e+06   2.9907227e+01
   7.3115370e+06   2.5817871e+01
   7.3172950e+06   3.7231445e+01
   7.3197320e+06   2.5939941e+01
   7.3251420e+06   3.2836914e+01
   7.3290720e+06   2.9357910e+01
   7.3385060e+06   2.9296875e+01
   7.3966760e+06   2.5512695e+01
   7.4354360e+06   2.5512695e+01
   7.5296060e+06   2.6428223e+01
   7.6028640e+06   2.7648926e+01
   7.6069610e+06   3.5522461e+01
   7.6252080e+06   3.8024902e+01
   7.6345940e+06   3.3325195e+01
   7.6554210e+06   3.7963867e+01
   7.6571800e+06   3.7475586e+01
   7.7134200e+06   2.5451660e+01
   7.7139150e+06   2.7770996e+01
   7.8298050e+06   2.7221680e+01
   7.8574800e+06   3.2348633e+01
   7.8676900e+06   2.8991699e+01
   7.8779080e+06   2.6245117e+01
   7.9183700e+06   3.7780762e+01
   8.0602530e+06   2.7404785e+01
   8.1104450e+06   3.2287598e+01
   8.1774560e+06   3.4179688e+01
   8.3413700e+06   2.6855469e+01
   8.3672940e+06   3.3447266e+01
   8.3787780e+06   2.7770996e+01
   8.4062120e+06   2.6184082e+01
   8.4197090e+06   2.6489258e+01
   8.6078280e+06   2.6306152e+01
   8.6306160e+06   2.6184082e+01
   8.6307230e+06   2.8869629e+01
   8.6307690e+06   2.8015137e+01
   8.6308760e+06   3.2043457e+01
   8.6308990e+06   3.8391113e+01
   8.6309140e+06   3.5583496e+01
   8.6309440e+06   7.1899414e+01
   8.6309590e+06   3.1127930e+01
   8.6309760e+06   4.0832520e+01
   8.6309930e+06   2.9174805e+01
   8.6310120e+06   3.6621094e+01
   8.6310850e+06   2.9663086e+01
   8.6310950e+06   3.4362793e+01
   8.6311220e+06   2.9724121e+01
   8.6312400e+06   2.9846191e+01
   8.6312580e+06   3.1616211e+01
   8.6312690e+06   2.8076172e+01
   8.6313010e+06   2.5634766e+01
   8.6313600e+06   2.7404785e+01
   8.6315120e+06   2.9296875e+01
   8.6315460e+06   2.7465820e+01
   8.6315970e+06   2.9357910e+01
   8.6316290e+06   2.8076172e+01
   8.6317100e+06   3.5156250e+01
   8.6317240e+06   2.8869629e+01
   8.6322710e+06   2.8381348e+01
   8.6324960e+06   2.6855469e+01
   8.6407390e+06   2.6550293e+01
   8.6443130e+06   3.0761719e+01
   8.6447750e+06   2.6733398e+01
   8.6456260e+06   3.2409668e+01
   8.6467150e+06   2.6306152e+01
   8.6478130e+06   2.5817871e+01
   8.6485480e+06   2.6245117e+01
   8.6499290e+06   2.9968262e+01
   8.6506730e+06   2.8747559e+01
   8.6518170e+06   2.5756836e+01
   8.6524570e+06   2.6489258e+01
   8.6554170e+06   2.9724121e+01
   8.6565830e+06   2.7160645e+01
   8.6629080e+06   3.0334473e+01
   8.6640280e+06   2.6794434e+01
   8.6642960e+06   2.9235840e+01
   8.6743970e+06   3.3935547e+01
   8.6795180e+06   3.2714844e+01
   8.7425650e+06   3.1616211e+01
   8.7509790e+06   3.3813477e+01
   8.8089640e+06   2.6855469e+01
   8.8898600e+06   3.9062500e+01
   9.0223460e+06   3.2287598e+01
   9.1268740e+06   2.7038574e+01
   9.1269630e+06   2.5695801e+01
   9.1270120e+06   4.2297363e+01
   9.1270470e+06   2.6794434e+01
   9.1270800e+06   3.4362793e+01
   9.1271200e+06   3.3874512e+01
   9.1271370e+06   5.0598145e+01
   9.1271650e+06   3.5156250e+01
   9.1271930e+06   3.7475586e+01
   9.1272130e+06   4.4433594e+01
   9.1272310e+06   2.7648926e+01
   9.1272440e+06   3.3386230e+01
   9.1272640e+06   2.7709961e+01
   9.1272790e+06   2.8259277e+01
   9.1273060e+06   2.6245117e+01
   9.1273230e+06   2.8625488e+01
   9.1273470e+06   3.4606934e+01
   9.1273880e+06   3.0578613e+01
   9.1274490e+06   3.0761719e+01
   9.1274660e+06   2.6367188e+01
   9.1274960e+06   2.6306152e+01
   9.1275150e+06   2.5451660e+01
   9.1275780e+06   2.9479980e+01
   9.1276720e+06   2.8076172e+01
   9.1276970e+06   4.8706055e+01
   9.1278360e+06   2.7587891e+01
   9.1278710e+06   2.5695801e+01
   9.1281180e+06   2.9174805e+01
   9.1284130e+06   2.8015137e+01
   9.1289370e+06   2.5207520e+01
   9.1289580e+06   2.5634766e+01
   9.1291470e+06   2.5634766e+01
   9.1305440e+06   2.7038574e+01
   9.1403600e+06   2.8625488e+01
   9.1407410e+06   2.6489258e+01
   9.1448740e+06   2.6611328e+01
   9.1454080e+06   2.6000977e+01
   9.1459710e+06   3.1066895e+01
   9.1465050e+06   2.9602051e+01
   9.1471330e+06   3.1311035e+01
   9.1511960e+06   3.3813477e+01
   9.1538270e+06   3.0822754e+01
   9.1543920e+06   2.7893066e+01
   9.1586520e+06   2.4780273e+01
   9.1602470e+06   2.5024414e+01
   9.1761020e+06   2.9968262e+01
   9.1854120e+06   2.9357910e+01
   9.2837500e+06   2.4780273e+01
   9.3229310e+06   2.5268555e+01
   9.4602510e+06   2.9968262e+01
   9.5575850e+06   2.5329590e+01
   9.6193320e+06   3.3203125e+01
   9.6315830e+06   2.6306152e+01
   9.6440130e+06   3.0212402e+01
   9.7515520e+06   3.4118652e+01
   9.8637050e+06   3.2775879e+01
   9.9891240e+06   2.6611328e+01
   1.0056509e+07   4.8461914e+01
   1.0112481e+07   4.0466309e+01
   1.0233552e+07   2.5512695e+01
   1.0273541e+07   3.0578613e+01
   1.0358801e+07   2.8442383e+01
   1.0402890e+07   2.5329590e+01
   1.0423518e+07   2.4902344e+01
   1.0428115e+07   3.3081055e+01
   1.0608684e+07   2.5024414e+01
   1.1036762e+07   2.9541016e+01
   1.1171282e+07   3.1616211e+01
   1.1522174e+07   3.2897949e+01
   1.1575286e+07   4.7912598e+01
   1.1685489e+07   2.8076172e+01
   1.1703128e+07   2.4841309e+01
   1.1874686e+07   2.5146484e+01
   1.1897820e+07   2.6306152e+01
