   1.1999000e+07   0.0000000e+00
   1.8309000e+04   2.6306152e+01
   5.6066000e+04   3.4179688e+01
   7.3485000e+04   2.8137207e+01
   7.3508000e+04   2.7648926e+01
   7.3567000e+04   3.7353516e+01
   7.3580000e+04   4.2968750e+01
   7.3617000e+04   3.0212402e+01
   7.3687000e+04   3.4851074e+01
   7.3952000e+04   3.9916992e+01
   9.4554000e+04   2.6611328e+01
   9.4616000e+04   2.6977539e+01
   9.4752000e+04   3.0151367e+01
   1.4885900e+05   3.0761719e+01
   1.4887100e+05   3.1433105e+01
   1.4893100e+05   4.0771484e+01
   1.4895300e+05   3.7414551e+01
   1.4898300e+05   2.7221680e+01
   1.4901000e+05   3.2226563e+01
   1.4907100e+05   2.8564453e+01
   1.4921500e+05   2.7343750e+01
   1.4960200e+05   2.7526855e+01
   2.3654100e+05   2.9846191e+01
   2.3689500e+05   2.5878906e+01
   2.6285500e+05   2.6916504e+01
   2.6293400e+05   2.8808594e+01
   2.6296900e+05   2.6977539e+01
   2.6307200e+05   2.7526855e+01
   2.6354000e+05   3.0639648e+01
   2.6581300e+05   2.6916504e+01
   2.6593700e+05   2.6916504e+01
   2.6598400e+05   2.7709961e+01
   2.6612200e+05   3.0212402e+01
   2.6615400e+05   2.9724121e+01
   2.6624100e+05   2.5695801e+01
   3.6798200e+05   2.9479980e+01
   3.6817500e+05   2.8808594e+01
   3.6878700e+05   2.8076172e+01
   3.7011600e+05   2.9052734e+01
   4.3382400e+05   2.6184082e+01
   4.3595400e+05   2.7587891e+01
   4.6645200e+05   2.8991699e+01
   4.6663900e+05   2.6672363e+01
   4.6668600e+05   2.5878906e+01
   4.6885200e+05   2.8137207e+01
   5.2983100e+05   2.6977539e+01
   5.5235700e+05   3.2226563e+01
   5.5356400e+05   2.8076172e+01
   5.5410300e+05   2.6184082e+01
   6.1090100e+05   2.8991699e+01
   6.1122300e+05   2.6916504e+01
   6.6514400e+05   3.0456543e+01
   7.3452600e+05   3.0700684e+01
   7.6905600e+05   3.1921387e+01
   7.6966800e+05   3.2958984e+01
   7.9929800e+05   2.9418945e+01
   7.9950400e+05   2.5817871e+01
   8.4415000e+05   2.8137207e+01
   8.5871200e+05   2.5939941e+01
   8.5882000e+05   2.6855469e+01
   8.9771700e+05   3.4118652e+01
   8.9773700e+05   3.0212402e+01
   8.9776400e+05   2.8747559e+01
   8.9777700e+05   2.9357910e+01
   8.9808300e+05   2.7221680e+01
   8.9813600e+05   2.6245117e+01
   8.9819600e+05   2.6733398e+01
   8.9823800e+05   2.8137207e+01
   9.0590600e+05   2.9357910e+01
   9.1774900e+05   3.2592773e+01
   9.1780600e+05   2.5695801e+01
   9.1800800e+05   2.5634766e+01
   9.1883100e+05   2.6062012e+01
   1.0075730e+06   2.9113770e+01
   1.0920180e+06   2.6428223e+01
   1.1327900e+06   3.1005859e+01
   1.1331340e+06   2.8015137e+01
   1.1335530e+06   2.6733398e+01
   1.1968240e+06   3.3203125e+01
   1.2266250e+06   2.5634766e+01
   1.2268410e+06   2.9113770e+01
   1.2271010e+06   2.9174805e+01
   1.2497910e+06   2.6916504e+01
   1.2504030e+06   2.6672363e+01
   1.2504480e+06   3.1066895e+01
   1.2506090e+06   3.1188965e+01
   1.2851610e+06   2.6306152e+01
   1.2970270e+06   2.7587891e+01
   1.3267480e+06   2.5878906e+01
   1.3388940e+06   2.6123047e+01
   1.3400930e+06   2.7587891e+01
   1.3655790e+06   2.5878906e+01
   1.3658560e+06   2.8869629e+01
   1.3660470e+06   3.0456543e+01
   1.3983980e+06   3.2958984e+01
   1.3995450e+06   2.7038574e+01
   1.4210350e+06   2.8869629e+01
   1.4221310e+06   3.2897949e+01
   1.4228080e+06   3.6560059e+01
   1.4963390e+06   2.9907227e+01
   1.5103970e+06   2.8137207e+01
   1.5109390e+06   2.7099609e+01
   1.5116830e+06   2.6855469e+01
   1.5619220e+06   2.6855469e+01
   1.5622690e+06   2.8503418e+01
   1.5831920e+06   2.7648926e+01
   1.5833380e+06   3.0212402e+01
   1.5836310e+06   2.8015137e+01
   1.5836500e+06   3.8391113e+01
   1.5850660e+06   2.6000977e+01
   1.6381390e+06   2.5817871e+01
   1.6382560e+06   2.6611328e+01
   1.6597090e+06   2.7526855e+01
   1.6857520e+06   3.0700684e+01
   1.6973580e+06   3.2592773e+01
   1.7010860e+06   2.7587891e+01
   1.7017220e+06   2.7832031e+01
   1.7025510e+06   3.0029297e+01
   1.7300380e+06   2.6062012e+01
   1.7317990e+06   2.7099609e+01
   1.7320940e+06   2.8564453e+01
   1.7323360e+06   3.2348633e+01
   1.7329800e+06   2.9785156e+01
   1.7331040e+06   2.7282715e+01
   1.7338380e+06   2.6977539e+01
   1.7386170e+06   2.5817871e+01
   1.7715990e+06   2.9357910e+01
   1.7716390e+06   3.0700684e+01
   1.7719050e+06   2.9846191e+01
   1.7726280e+06   3.0273438e+01
   1.7735290e+06   2.6794434e+01
   1.7744710e+06   2.9296875e+01
   1.7750380e+06   2.6550293e+01
   1.7753500e+06   2.9968262e+01
   1.8340040e+06   2.8442383e+01
   1.8341610e+06   3.2348633e+01
   1.8352820e+06   3.3081055e+01
   1.8355740e+06   2.7404785e+01
   1.8357130e+06   2.7038574e+01
   1.8358690e+06   2.7282715e+01
   1.8359570e+06   2.6977539e+01
   1.8361460e+06   2.6855469e+01
   1.8364940e+06   2.5695801e+01
   1.8366110e+06   2.7404785e+01
   1.8367930e+06   2.8076172e+01
   1.8387280e+06   2.6855469e+01
   1.8393600e+06   3.1555176e+01
   1.8743970e+06   3.5400391e+01
   1.8744460e+06   3.4851074e+01
   1.8744580e+06   2.8564453e+01
   1.8745160e+06   2.7526855e+01
   1.8745400e+06   2.8442383e+01
   1.8745690e+06   2.7648926e+01
   1.8747120e+06   2.8442383e+01
   1.8749170e+06   2.6428223e+01
   1.8750220e+06   3.2043457e+01
   1.8752660e+06   2.6123047e+01
   1.8756090e+06   2.8015137e+01
   1.8914730e+06   3.0517578e+01
   1.8916120e+06   2.6062012e+01
   1.8916670e+06   2.7526855e+01
   1.8917190e+06   2.5878906e+01
   1.8918200e+06   2.9968262e+01
   1.8919720e+06   2.5695801e+01
   1.8943560e+06   2.7343750e+01
   1.8966730e+06   2.8747559e+01
   1.9221430e+06   3.3386230e+01
   1.9221680e+06   2.7038574e+01
   1.9222480e+06   2.6794434e+01
   1.9222670e+06   2.6123047e+01
   1.9223520e+06   3.7109375e+01
   1.9226670e+06   2.6550293e+01
   1.9227840e+06   2.6367188e+01
   1.9228810e+06   2.7954102e+01
   1.9230380e+06   2.6855469e+01
   1.9275950e+06   2.6733398e+01
   1.9301510e+06   2.5695801e+01
   1.9309660e+06   2.5817871e+01
   1.9310140e+06   2.6367188e+01
   1.9339670e+06   2.8259277e+01
   1.9697440e+06   2.7282715e+01
   1.9698080e+06   2.7587891e+01
   1.9698660e+06   2.7160645e+01
   1.9698760e+06   2.8137207e+01
   1.9699460e+06   2.5939941e+01
   1.9701850e+06   2.5634766e+01
   1.9721610e+06   2.8503418e+01
   1.9727650e+06   2.5695801e+01
   1.9750780e+06   2.6428223e+01
   1.9765350e+06   2.9357910e+01
   1.9775530e+06   2.8747559e+01
   1.9807280e+06   3.3508301e+01
   1.9827380e+06   2.5695801e+01
   1.9828270e+06   2.7770996e+01
   1.9834690e+06   2.6428223e+01
   1.9892130e+06   3.0273438e+01
   1.9893950e+06   2.8137207e+01
   1.9913180e+06   2.5939941e+01
   1.9931770e+06   2.6855469e+01
   2.0002110e+06   2.7648926e+01
   2.0055950e+06   2.5817871e+01
   2.0085360e+06   3.1860352e+01
   2.0135820e+06   2.5878906e+01
   2.0137310e+06   2.7099609e+01
   2.0235050e+06   2.8381348e+01
   2.0235900e+06   2.7343750e+01
   2.0238000e+06   3.2287598e+01
   2.0263890e+06   2.6000977e+01
   2.0316160e+06   2.6000977e+01
   2.0317110e+06   2.8015137e+01
   2.0318620e+06   2.8747559e+01
   2.0383770e+06   2.6062012e+01
   2.0386880e+06   2.6611328e+01
   2.0501380e+06   3.3325195e+01
   2.0502080e+06   2.6916504e+01
   2.0502600e+06   2.7221680e+01
   2.0625320e+06   3.4240723e+01
   2.0626220e+06   3.5827637e+01
   2.0627440e+06   2.9541016e+01
   2.0627610e+06   2.7770996e+01
   2.0633300e+06   2.6794434e+01
   2.0788680e+06   2.5817871e+01
   2.0789620e+06   2.5756836e+01
   2.0790850e+06   2.7221680e+01
   2.0799230e+06   2.8015137e+01
   2.0802230e+06   2.7038574e+01
   2.0819990e+06   2.6306152e+01
   2.0826930e+06   2.8686523e+01
   2.0915710e+06   3.3203125e+01
   2.0916850e+06   3.4545898e+01
   2.0918120e+06   2.6367188e+01
   2.1067240e+06   3.1494141e+01
   2.1068530e+06   4.0588379e+01
   2.1070030e+06   2.8076172e+01
   2.1071550e+06   2.6245117e+01
   2.1072030e+06   2.8625488e+01
   2.1104380e+06   2.7832031e+01
   2.1193410e+06   2.5939941e+01
   2.1193890e+06   2.9541016e+01
   2.1211640e+06   2.6245117e+01
   2.1324970e+06   2.9663086e+01
   2.1325570e+06   3.0700684e+01
   2.1325720e+06   3.2836914e+01
   2.1327310e+06   2.6611328e+01
   2.1377900e+06   2.5756836e+01
   2.1463910e+06   2.8991699e+01
   2.1482610e+06   2.7709961e+01
   2.1583010e+06   2.8503418e+01
   2.1583220e+06   2.9052734e+01
   2.1584280e+06   2.7954102e+01
   2.1587530e+06   2.7587891e+01
   2.1596470e+06   2.7465820e+01
   2.1711250e+06   3.3874512e+01
   2.1712070e+06   2.7038574e+01
   2.1712310e+06   2.7648926e+01
   2.1716760e+06   2.6794434e+01
   2.1735140e+06   2.6000977e+01
   2.1815050e+06   3.0883789e+01
   2.1934570e+06   2.9113770e+01
   2.1934870e+06   2.8076172e+01
   2.1935540e+06   2.5756836e+01
   2.1936200e+06   2.5634766e+01
   2.1937070e+06   2.6000977e+01
   2.1959290e+06   2.9663086e+01
   2.2076010e+06   2.8015137e+01
   2.2076540e+06   2.7038574e+01
   2.2078730e+06   3.3630371e+01
   2.2080190e+06   2.5695801e+01
   2.2186860e+06   2.6916504e+01
   2.2332040e+06   2.6123047e+01
   2.2334460e+06   2.8320313e+01
   2.2463000e+06   2.8747559e+01
   2.2467460e+06   2.9968262e+01
   2.2476190e+06   2.7893066e+01
   2.2478750e+06   2.8869629e+01
   2.2600170e+06   3.7170410e+01
   2.2601760e+06   3.5583496e+01
   2.2739790e+06   2.8686523e+01
   2.2740590e+06   2.8137207e+01
   2.2745520e+06   3.0273438e+01
   2.2754610e+06   2.5817871e+01
   2.2890420e+06   2.5756836e+01
   2.2891510e+06   2.6184082e+01
   2.2894570e+06   3.3813477e+01
   2.2899510e+06   2.6245117e+01
   2.2906420e+06   2.6855469e+01
   2.3035960e+06   3.3813477e+01
   2.3037260e+06   2.8808594e+01
   2.3039910e+06   3.1799316e+01
   2.3196320e+06   3.9367676e+01
   2.3196550e+06   2.9296875e+01
   2.3196660e+06   2.7160645e+01
   2.3376040e+06   2.6245117e+01
   2.3379350e+06   3.1921387e+01
   2.3649730e+06   2.7160645e+01
   2.3650060e+06   2.6794434e+01
   2.3652430e+06   2.7893066e+01
   2.3892860e+06   2.6000977e+01
   2.3894480e+06   3.0700684e+01
   2.3894920e+06   2.5695801e+01
   2.3906430e+06   3.5400391e+01
   2.3909430e+06   2.8320313e+01
   2.4137130e+06   2.9235840e+01
   2.4139250e+06   2.5695801e+01
   2.4140280e+06   2.7099609e+01
   2.4379960e+06   2.8198242e+01
   2.4478160e+06   2.9235840e+01
   2.4676100e+06   2.7648926e+01
   2.4937000e+06   2.5695801e+01
   2.4938310e+06   3.0578613e+01
   2.5640020e+06   3.0700684e+01
   2.5640620e+06   2.7343750e+01
   2.5642990e+06   2.6184082e+01
   2.5688450e+06   2.6977539e+01
   3.2543170e+06   2.6245117e+01
   3.2710880e+06   2.5878906e+01
   3.2711210e+06   3.0456543e+01
   3.2711450e+06   4.1198730e+01
   3.2711620e+06   2.9724121e+01
   3.2712160e+06   2.9602051e+01
   3.2714450e+06   3.0090332e+01
   3.2715380e+06   3.0273438e+01
   3.2736560e+06   2.6733398e+01
   3.6340350e+06   2.7038574e+01
   3.7092390e+06   3.5827637e+01
   3.7092590e+06   2.9235840e+01
   3.7092920e+06   3.1433105e+01
   3.7093240e+06   4.1442871e+01
   3.7093650e+06   2.7832031e+01
   3.7097140e+06   2.7038574e+01
   3.7098080e+06   2.9846191e+01
   3.7100750e+06   2.8137207e+01
   3.7809430e+06   2.8137207e+01
   3.8378500e+06   2.6794434e+01
   3.8773920e+06   2.5573730e+01
   3.8774400e+06   4.0222168e+01
   3.8774740e+06   2.7099609e+01
   3.8775020e+06   3.2226563e+01
   3.8775260e+06   2.7465820e+01
   3.8775480e+06   2.5939941e+01
   3.8775940e+06   2.9113770e+01
   3.8776280e+06   3.8330078e+01
   3.8776610e+06   2.7587891e+01
   3.8778180e+06   2.7343750e+01
   3.8803280e+06   2.5817871e+01
   4.0715800e+06   2.7160645e+01
   4.1015530e+06   2.6062012e+01
   4.2131090e+06   2.8503418e+01
   4.2131310e+06   3.3996582e+01
   4.2131760e+06   2.8869629e+01
   4.2132060e+06   2.5756836e+01
   4.2132440e+06   2.5817871e+01
   4.2132830e+06   2.6000977e+01
   4.2133110e+06   2.7343750e+01
   4.2135370e+06   2.6062012e+01
   4.2139680e+06   2.6306152e+01
   4.3879000e+06   2.9052734e+01
   4.3879500e+06   3.4545898e+01
   4.3879830e+06   2.6733398e+01
   4.3879930e+06   2.9174805e+01
   4.3880480e+06   2.8320313e+01
   4.3882470e+06   2.6855469e+01
   4.3883650e+06   2.6123047e+01
   4.3885160e+06   2.8259277e+01
   4.7930390e+06   3.2043457e+01
   4.7930860e+06   2.9541016e+01
   4.7931000e+06   4.6508789e+01
   4.7931140e+06   2.9724121e+01
   4.7931880e+06   2.9296875e+01
   4.7932300e+06   3.9672852e+01
   4.7933040e+06   2.7160645e+01
   4.7933360e+06   2.9846191e+01
   4.7936840e+06   2.9418945e+01
   5.2342600e+06   2.5817871e+01
   5.2343010e+06   2.6000977e+01
   5.2343430e+06   4.3945313e+01
   5.2346880e+06   2.6550293e+01
   5.2347940e+06   2.6794434e+01
   5.5491400e+06   2.7648926e+01
   5.5491900e+06   2.9663086e+01
   5.5492280e+06   2.7343750e+01
   5.5492940e+06   3.0822754e+01
   5.5493120e+06   2.6184082e+01
   5.5495660e+06   2.7465820e+01
   5.5495920e+06   2.6245117e+01
   5.5497210e+06   3.7109375e+01
   5.5501280e+06   2.5634766e+01
   5.8153930e+06   2.6489258e+01
   6.2344400e+06   3.1494141e+01
   6.2344660e+06   2.7099609e+01
   6.2345100e+06   2.5329590e+01
   6.2346430e+06   2.9052734e+01
   6.2347380e+06   3.2653809e+01
   6.2347650e+06   2.7099609e+01
   6.2349620e+06   2.7526855e+01
   6.2350430e+06   2.6489258e+01
   6.2351010e+06   2.8747559e+01
   6.2356980e+06   2.6062012e+01
   6.6915140e+06   3.0151367e+01
   6.6915440e+06   4.2297363e+01
   6.6915770e+06   3.5888672e+01
   6.6916010e+06   2.9235840e+01
   6.6916860e+06   3.0456543e+01
   6.6918450e+06   2.5695801e+01
   7.0064980e+06   2.6672363e+01
   7.2838610e+06   3.4790039e+01
   7.2839290e+06   2.7832031e+01
   7.2839520e+06   2.7221680e+01
   7.2839860e+06   3.7902832e+01
   7.2840060e+06   2.8808594e+01
   7.2840570e+06   2.6306152e+01
   7.2841340e+06   2.6794434e+01
   7.2842010e+06   2.8747559e+01
   7.2842550e+06   2.5878906e+01
   7.2843170e+06   2.5756836e+01
   7.2850900e+06   2.7404785e+01
   8.2015390e+06   2.6062012e+01
   8.5375930e+06   2.5695801e+01
   8.6308830e+06   3.1188965e+01
   8.6309150e+06   2.7465820e+01
   8.6309490e+06   2.5512695e+01
   8.6309810e+06   3.3325195e+01
   8.6311300e+06   2.6733398e+01
   8.6311620e+06   2.8869629e+01
   8.6312610e+06   2.6611328e+01
   8.6314400e+06   2.5817871e+01
   8.6318370e+06   3.0761719e+01
   8.6320890e+06   2.6367188e+01
   8.9262660e+06   2.9541016e+01
   9.1271270e+06   3.1433105e+01
   9.1271650e+06   2.5329590e+01
   9.1272340e+06   3.2043457e+01
   9.1273570e+06   3.0151367e+01
   9.1275630e+06   2.6000977e+01
   9.1277360e+06   2.7343750e+01
   1.1293610e+07   2.7587891e+01
