   1.1999000e+07   0.0000000e+00
   7.3586000e+04   3.6804199e+01
   7.3636000e+04   3.3813477e+01
   7.3668000e+04   3.1066895e+01
   7.3721000e+04   3.6926270e+01
   7.3781000e+04   3.4851074e+01
   7.3908000e+04   2.5695801e+01
   7.4055000e+04   2.6611328e+01
   7.4324000e+04   2.8442383e+01
   7.4433000e+04   2.6306152e+01
   7.4544000e+04   2.7465820e+01
   7.4668000e+04   2.9052734e+01
   7.4801000e+04   3.4240723e+01
   7.4947000e+04   3.0029297e+01
   7.5271000e+04   2.8442383e+01
   7.5442000e+04   3.0334473e+01
   7.5679000e+04   3.8391113e+01
   7.6013000e+04   2.8930664e+01
   1.4885500e+05   2.5634766e+01
   1.4891900e+05   2.8686523e+01
   1.4898900e+05   3.1799316e+01
   1.4903000e+05   2.6733398e+01
   1.4914600e+05   2.9479980e+01
   1.4927800e+05   3.4240723e+01
   1.4935600e+05   2.8259277e+01
   1.4951500e+05   2.8076172e+01
   1.4970300e+05   2.8015137e+01
   1.4994000e+05   2.8930664e+01
   1.5008000e+05   3.0151367e+01
   1.5024000e+05   2.6672363e+01
   1.5040700e+05   3.1250000e+01
   1.5059300e+05   2.6611328e+01
   1.5108800e+05   2.9113770e+01
   2.6605500e+05   3.2470703e+01
   2.6610800e+05   3.1250000e+01
   2.6612200e+05   2.7526855e+01
   2.6614300e+05   2.9052734e+01
   2.6616000e+05   2.6245117e+01
   2.6618700e+05   2.8930664e+01
   2.6623200e+05   3.4973145e+01
   2.6630400e+05   3.0639648e+01
   2.6643300e+05   3.0944824e+01
   2.6666900e+05   2.7954102e+01
   2.6689100e+05   2.8442383e+01
   2.6702000e+05   2.8442383e+01
   2.6717000e+05   2.6855469e+01
   2.6732200e+05   2.7160645e+01
   2.6763700e+05   2.6062012e+01
   2.6780700e+05   3.2043457e+01
   2.6802300e+05   2.7648926e+01
   2.6858800e+05   2.5634766e+01
   3.1993600e+05   3.1555176e+01
   8.9768700e+05   3.2104492e+01
   8.9770900e+05   4.8522949e+01
   8.9773700e+05   2.6489258e+01
   8.9776500e+05   2.5939941e+01
   8.9777600e+05   2.6672363e+01
   8.9781300e+05   3.6865234e+01
   8.9782600e+05   2.7221680e+01
   8.9784500e+05   3.2592773e+01
   8.9792200e+05   2.8747559e+01
   8.9799300e+05   2.6245117e+01
   8.9815400e+05   3.4118652e+01
   8.9835200e+05   2.7038574e+01
   8.9859000e+05   2.5634766e+01
   8.9871600e+05   2.6489258e+01
   8.9901500e+05   2.5512695e+01
   8.9920300e+05   2.8442383e+01
   8.9936200e+05   2.9296875e+01
   8.9958000e+05   2.8564453e+01
   8.9994000e+05   2.6184082e+01
   1.9894140e+06   2.6062012e+01
   2.0503280e+06   2.5512695e+01
   2.1194270e+06   2.6367188e+01
   2.1813620e+06   2.7770996e+01
   2.2330670e+06   2.6916504e+01
   2.2599550e+06   2.5878906e+01
   3.2711280e+06   4.1687012e+01
   3.2711700e+06   3.3996582e+01
   3.2712070e+06   2.8320312e+01
   3.2712490e+06   2.8137207e+01
   3.2713020e+06   2.7893066e+01
   3.2713690e+06   3.0090332e+01
   3.2715650e+06   2.7709961e+01
   3.2716350e+06   2.7832031e+01
   3.2721760e+06   2.5939941e+01
   3.2727930e+06   2.7648926e+01
   3.2732270e+06   2.9846191e+01
   3.2734020e+06   2.7587891e+01
   3.2737570e+06   3.2470703e+01
   3.2739830e+06   2.6367188e+01
   3.2744840e+06   2.9785156e+01
   3.7092950e+06   3.0944824e+01
   3.7093260e+06   3.5278320e+01
   3.7093700e+06   2.7587891e+01
   3.7094270e+06   3.0761719e+01
   3.7094440e+06   2.5512695e+01
   3.7094650e+06   3.0578613e+01
   3.7095740e+06   2.8808594e+01
   3.7098960e+06   2.7832031e+01
   3.7102180e+06   2.6855469e+01
   3.7109630e+06   2.6916504e+01
   3.7112970e+06   2.5939941e+01
   3.7117450e+06   2.6733398e+01
   3.7120200e+06   2.5573730e+01
   3.7122530e+06   3.1311035e+01
   3.7128760e+06   2.9907227e+01
   3.7133720e+06   3.0700684e+01
   3.8774680e+06   2.8015137e+01
   3.8774860e+06   2.6916504e+01
   3.8775720e+06   3.1616211e+01
   3.8776920e+06   2.6428223e+01
   3.8777130e+06   2.6855469e+01
   3.8779530e+06   3.2043457e+01
   3.8795280e+06   2.8808594e+01
   3.8799160e+06   2.8442383e+01
   3.8803960e+06   2.8381348e+01
   3.8806000e+06   2.7343750e+01
   3.8807980e+06   2.6000977e+01
   4.1543760e+06   2.6245117e+01
   4.2131620e+06   3.6987305e+01
   4.2132110e+06   2.9296875e+01
   4.2132500e+06   3.0273438e+01
   4.2133020e+06   2.7221680e+01
   4.2133420e+06   3.2470703e+01
   4.2134120e+06   2.8625488e+01
   4.2135310e+06   2.6794434e+01
   4.2137880e+06   3.5156250e+01
   4.2142940e+06   2.8503418e+01
   4.2148170e+06   2.6000977e+01
   4.2153410e+06   2.9479980e+01
   4.2156840e+06   2.6000977e+01
   4.2158810e+06   2.6245117e+01
   4.2160580e+06   2.9235840e+01
   4.2162610e+06   2.7282715e+01
   4.2168370e+06   2.6977539e+01
   4.3879420e+06   2.9541016e+01
   4.3879930e+06   4.2968750e+01
   4.3880410e+06   2.9174805e+01
   4.3880810e+06   3.2714844e+01
   4.3881250e+06   3.0883789e+01
   4.3886260e+06   2.6733398e+01
   4.3907380e+06   2.6489258e+01
   4.3909150e+06   2.7465820e+01
   4.3914490e+06   2.8076172e+01
   4.4243030e+06   2.5634766e+01
   4.7930690e+06   2.9907227e+01
   4.7930870e+06   2.9724121e+01
   4.7931120e+06   2.9968262e+01
   4.7931290e+06   3.8635254e+01
   4.7931730e+06   3.6926270e+01
   4.7932140e+06   2.8320312e+01
   4.7932390e+06   3.1372070e+01
   4.7933450e+06   3.2836914e+01
   4.7940490e+06   2.8503418e+01
   4.7946270e+06   2.6306152e+01
   4.7954490e+06   2.6184082e+01
   4.7956060e+06   2.7709961e+01
   4.7961520e+06   2.8564453e+01
   4.7964560e+06   2.6489258e+01
   5.2343310e+06   4.3823242e+01
   5.2343510e+06   2.5817871e+01
   5.2343900e+06   3.5461426e+01
   5.2344070e+06   3.4912109e+01
   5.2344730e+06   2.6855469e+01
   5.2345200e+06   2.6367188e+01
   5.2348260e+06   2.7099609e+01
   5.2349670e+06   2.8381348e+01
   5.2352790e+06   2.7648926e+01
   5.2361460e+06   2.5634766e+01
   5.2364120e+06   2.6062012e+01
   5.2369660e+06   2.5756836e+01
   5.2371860e+06   2.9846191e+01
   5.2378860e+06   2.8503418e+01
   5.5491980e+06   3.0029297e+01
   5.5492280e+06   5.1330566e+01
   5.5492430e+06   3.1616211e+01
   5.5492870e+06   2.6977539e+01
   5.5493290e+06   3.5644531e+01
   5.5493830e+06   2.6123047e+01
   5.5494510e+06   2.8930664e+01
   5.5501170e+06   2.5756836e+01
   5.5516470e+06   2.5573730e+01
   5.5520300e+06   2.7038574e+01
   5.5522710e+06   2.9357910e+01
   5.5528330e+06   2.5878906e+01
   5.6977800e+06   2.7709961e+01
   6.2344850e+06   3.8024902e+01
   6.2345110e+06   4.0771484e+01
   6.2345540e+06   3.3813477e+01
   6.2345890e+06   3.1799316e+01
   6.2346040e+06   2.7038574e+01
   6.2346360e+06   3.7536621e+01
   6.2347040e+06   3.0578613e+01
   6.2347550e+06   3.5034180e+01
   6.2348120e+06   2.5756836e+01
   6.2350020e+06   2.5939941e+01
   6.2353010e+06   2.8137207e+01
   6.2371760e+06   3.1555176e+01
   6.2375850e+06   2.8747559e+01
   6.2377960e+06   3.3020020e+01
   6.2383320e+06   2.6916504e+01
   6.6915540e+06   3.5705566e+01
   6.6915860e+06   4.2053223e+01
   6.6916030e+06   3.4851074e+01
   6.6917040e+06   3.4729004e+01
   6.6918130e+06   2.8076172e+01
   6.6923000e+06   2.7221680e+01
   6.6943040e+06   2.8259277e+01
   6.6948760e+06   2.6062012e+01
   6.6951030e+06   3.4118652e+01
   6.6952860e+06   3.1005859e+01
   7.2838490e+06   2.6489258e+01
   7.2838720e+06   2.7465820e+01
   7.2839250e+06   4.5288086e+01
   7.2839700e+06   2.9785156e+01
   7.2840610e+06   3.2409668e+01
   7.2841280e+06   3.4851074e+01
   7.2841760e+06   2.6672363e+01
   7.2846880e+06   3.0456543e+01
   7.2859480e+06   2.6428223e+01
   7.2861040e+06   2.5878906e+01
   7.2876840e+06   2.6916504e+01
   7.6403940e+06   2.6306152e+01
   7.7763240e+06   2.6367188e+01
   8.6308670e+06   2.8320313e+01
   8.6308910e+06   2.8137207e+01
   8.6309090e+06   2.8808594e+01
   8.6309500e+06   2.8808594e+01
   8.6309700e+06   3.0029297e+01
   8.6310020e+06   2.6184082e+01
   8.6310250e+06   2.6000977e+01
   8.6310560e+06   2.7282715e+01
   8.6315580e+06   2.6428223e+01
   8.6318410e+06   2.6428223e+01
   8.6337130e+06   2.6550293e+01
   8.6348530e+06   2.6977539e+01
   8.6349870e+06   2.8137207e+01
   8.6354600e+06   2.6977539e+01
   8.6361320e+06   2.5939941e+01
   8.6366860e+06   2.7526855e+01
   9.1271430e+06   4.1687012e+01
   9.1272030e+06   4.3579102e+01
   9.1272260e+06   2.6000977e+01
   9.1272470e+06   3.0883789e+01
   9.1272990e+06   2.7709961e+01
   9.1273480e+06   3.1494141e+01
   9.1274070e+06   3.3203125e+01
   9.1274470e+06   2.5756836e+01
   9.1282130e+06   2.6123047e+01
   9.1292670e+06   2.6733398e+01
   9.1295830e+06   2.7954102e+01
   9.1319010e+06   2.8015137e+01
   9.1320880e+06   2.8442383e+01
   9.1322690e+06   2.5939941e+01
   9.1324730e+06   2.6794434e+01
