   1.1999000e+07   0.0000000e+00
   7.3397000e+04   2.6855469e+01
   7.3411000e+04   2.7709961e+01
   7.3450000e+04   2.7343750e+01
   7.3474000e+04   3.2043457e+01
   7.3505000e+04   3.0151367e+01
   7.3516000e+04   4.2297363e+01
   7.3537000e+04   4.8706055e+01
   7.3569000e+04   5.4870605e+01
   7.3589000e+04   4.9743652e+01
   7.3611000e+04   5.0048828e+01
   7.3621000e+04   5.3527832e+01
   7.3638000e+04   2.7038574e+01
   7.3681000e+04   6.2744141e+01
   7.3691000e+04   3.3752441e+01
   7.3725000e+04   4.1381836e+01
   7.3741000e+04   3.0761719e+01
   7.3779000e+04   3.3752441e+01
   7.3820000e+04   4.1564941e+01
   7.3848000e+04   2.6916504e+01
   7.3881000e+04   2.7954102e+01
   7.3896000e+04   3.4240723e+01
   7.3925000e+04   2.7465820e+01
   7.3968000e+04   2.6794434e+01
   7.4053000e+04   3.1311035e+01
   7.5460000e+04   2.7587891e+01
   9.5065000e+04   2.7404785e+01
   9.5208000e+04   2.9296875e+01
   1.4879100e+05   2.8686523e+01
   1.4885100e+05   2.6367188e+01
   1.4886800e+05   7.6232910e+01
   1.4889000e+05   5.7128906e+01
   1.4890000e+05   3.8146973e+01
   1.4892700e+05   4.6386719e+01
   1.4893900e+05   4.2297363e+01
   1.4895900e+05   4.5043945e+01
   1.4897700e+05   3.9550781e+01
   1.4900200e+05   4.1137695e+01
   1.4901400e+05   5.7617188e+01
   1.4902700e+05   2.6489258e+01
   1.4904100e+05   2.9113770e+01
   1.4905300e+05   4.6447754e+01
   1.4907100e+05   4.7973633e+01
   1.4910100e+05   3.0639648e+01
   1.4911900e+05   3.3813477e+01
   1.4914700e+05   2.7893066e+01
   1.4917300e+05   2.9357910e+01
   1.4927600e+05   2.7099609e+01
   1.4938100e+05   2.8259277e+01
   1.4945000e+05   4.2297363e+01
   2.6572700e+05   3.0334473e+01
   2.6575500e+05   2.6733398e+01
   2.6580900e+05   2.9174805e+01
   2.6585300e+05   3.9733887e+01
   2.6591200e+05   2.7282715e+01
   2.6593400e+05   2.6794434e+01
   2.6595500e+05   2.6916504e+01
   2.6597300e+05   3.2043457e+01
   2.6600400e+05   5.1452637e+01
   2.6601600e+05   4.3762207e+01
   2.6604000e+05   4.1992188e+01
   2.6605200e+05   4.7668457e+01
   2.6606600e+05   3.6193848e+01
   2.6609200e+05   2.8564453e+01
   2.6610400e+05   5.9143066e+01
   2.6611400e+05   3.2653809e+01
   2.6614100e+05   3.7902832e+01
   2.6617300e+05   3.0212402e+01
   2.6619700e+05   4.1687012e+01
   2.6628600e+05   3.4973145e+01
   2.6629800e+05   3.0517578e+01
   2.6631800e+05   3.4118652e+01
   2.6634400e+05   2.6611328e+01
   2.6637900e+05   3.1372070e+01
   2.6642800e+05   3.0639648e+01
   3.6975800e+05   2.7954102e+01
   3.6977500e+05   4.3945313e+01
   3.6987000e+05   4.0649414e+01
   3.7000500e+05   3.3325195e+01
   3.7010500e+05   2.6855469e+01
   4.6814100e+05   2.7465820e+01
   4.6817700e+05   2.6916504e+01
   4.6837700e+05   2.6489258e+01
   4.6840100e+05   3.6193848e+01
   5.5371800e+05   2.7587891e+01
   5.5544800e+05   2.6672363e+01
   7.6824900e+05   3.0090332e+01
   8.1641100e+05   3.0090332e+01
   8.9765100e+05   3.7109375e+01
   8.9768500e+05   5.2429199e+01
   8.9770600e+05   7.1655273e+01
   8.9772400e+05   6.0119629e+01
   8.9773900e+05   5.7983398e+01
   8.9777100e+05   3.0944824e+01
   8.9780100e+05   4.5715332e+01
   8.9782500e+05   5.0048828e+01
   8.9784700e+05   4.3395996e+01
   8.9786900e+05   3.3569336e+01
   8.9787900e+05   2.8381348e+01
   8.9793900e+05   2.7099609e+01
   8.9798900e+05   2.7954102e+01
   8.9803100e+05   2.8076172e+01
   8.9808100e+05   2.9541016e+01
   8.9812400e+05   2.7893066e+01
   8.9819200e+05   3.5156250e+01
   8.9825800e+05   2.8259277e+01
   8.9832700e+05   2.8442383e+01
   9.1793600e+05   2.7832031e+01
   9.1873600e+05   2.8198242e+01
   9.1883500e+05   2.9357910e+01
   1.0076690e+06   2.6977539e+01
   1.0093060e+06   2.6306152e+01
   1.0920250e+06   3.0578613e+01
   1.1329640e+06   2.7404785e+01
   1.4228840e+06   2.7404785e+01
   1.5836620e+06   2.6306152e+01
   1.6595220e+06   2.8198242e+01
   1.6595770e+06   2.7160645e+01
   1.7717640e+06   2.6794434e+01
   1.7719910e+06   3.1005859e+01
   1.8346980e+06   2.7893066e+01
   1.8353900e+06   2.7160645e+01
   1.8745730e+06   3.1433105e+01
   1.8747320e+06   2.7160645e+01
   1.8915100e+06   3.0517578e+01
   1.8915470e+06   2.7587891e+01
   1.8916410e+06   2.8991699e+01
   1.8916610e+06   2.8198242e+01
   1.8916950e+06   2.6306152e+01
   1.9222990e+06   2.8259277e+01
   1.9224280e+06   2.9235840e+01
   1.9276300e+06   2.6550293e+01
   1.9376820e+06   2.6428223e+01
   1.9698670e+06   2.6306152e+01
   1.9698940e+06   2.6672363e+01
   1.9699080e+06   2.9235840e+01
   1.9699510e+06   2.8137207e+01
   1.9699790e+06   2.8015137e+01
   1.9700000e+06   2.8869629e+01
   1.9701000e+06   2.8198242e+01
   1.9892650e+06   2.7832031e+01
   1.9893510e+06   2.6428223e+01
   1.9895470e+06   2.7648926e+01
   2.0001160e+06   2.7221680e+01
   2.0002100e+06   2.6977539e+01
   2.0002470e+06   3.3874512e+01
   2.0003430e+06   2.7160645e+01
   2.0138370e+06   2.9418945e+01
   2.0138840e+06   3.1677246e+01
   2.0140580e+06   2.9296875e+01
   2.0235320e+06   2.7160645e+01
   2.0239090e+06   3.1799316e+01
   2.0384240e+06   3.0395508e+01
   2.0386070e+06   2.6611328e+01
   2.0409070e+06   3.0578613e+01
   2.0502020e+06   3.0700684e+01
   2.0503080e+06   2.9541016e+01
   2.0503350e+06   2.9846191e+01
   2.0503710e+06   3.2287598e+01
   2.0626200e+06   3.1860352e+01
   2.0627210e+06   2.9357910e+01
   2.0627520e+06   3.6071777e+01
   2.0627760e+06   3.3813477e+01
   2.0789080e+06   2.8015137e+01
   2.0789790e+06   2.6855469e+01
   2.0790390e+06   2.7099609e+01
   2.0795150e+06   3.0822754e+01
   2.0916410e+06   2.6306152e+01
   2.0917650e+06   2.6855469e+01
   2.0917890e+06   2.8137207e+01
   2.1067630e+06   2.9052734e+01
   2.1068560e+06   2.8564453e+01
   2.1068940e+06   2.7282715e+01
   2.1071600e+06   2.8442383e+01
   2.1193820e+06   2.8137207e+01
   2.1464790e+06   2.7099609e+01
   2.1466600e+06   2.7160645e+01
   2.1582950e+06   2.7832031e+01
   2.1711810e+06   2.7221680e+01
   2.1813740e+06   2.8686523e+01
   2.1815050e+06   2.8869629e+01
   2.1816920e+06   2.7893066e+01
   2.1935850e+06   3.0334473e+01
   2.1937260e+06   2.7648926e+01
   2.2076230e+06   3.3081055e+01
   2.2076430e+06   2.7160645e+01
   2.2078520e+06   3.0578613e+01
   2.2082030e+06   2.6672363e+01
   2.2332300e+06   2.8625488e+01
   2.2462370e+06   2.7404785e+01
   2.2464990e+06   2.9602051e+01
   2.2599090e+06   2.7404785e+01
   2.2600920e+06   3.0212402e+01
   2.2741740e+06   2.8808594e+01
   2.2743000e+06   2.6672363e+01
   2.2891180e+06   2.7343750e+01
   2.2893200e+06   2.6672363e+01
   2.3197600e+06   2.8320313e+01
   2.3198830e+06   2.9235840e+01
   2.3371930e+06   2.9174805e+01
   2.3443710e+06   2.7404785e+01
   2.3895880e+06   2.8442383e+01
   2.3905440e+06   2.7099609e+01
   2.4138870e+06   2.8625488e+01
   2.4139640e+06   2.8747559e+01
   2.4141510e+06   3.0151367e+01
   2.4379420e+06   3.5461426e+01
   2.4380960e+06   2.7160645e+01
   2.4675850e+06   4.0161133e+01
   2.4677630e+06   3.1555176e+01
   2.4939040e+06   2.7893066e+01
   2.5237580e+06   3.1677246e+01
   2.5239950e+06   2.7465820e+01
   2.5641830e+06   3.1860352e+01
   2.5647810e+06   2.8198242e+01
   3.2710000e+06   2.6245117e+01
   3.2710440e+06   2.6733398e+01
   3.2710630e+06   4.1564941e+01
   3.2710900e+06   2.9785156e+01
   3.2711010e+06   5.1330566e+01
   3.2711290e+06   6.1279297e+01
   3.2711430e+06   3.0700684e+01
   3.2711730e+06   4.9438477e+01
   3.2711930e+06   5.1940918e+01
   3.2712270e+06   2.9541016e+01
   3.2712520e+06   4.2175293e+01
   3.2712750e+06   4.4250488e+01
   3.2712990e+06   3.7048340e+01
   3.2713330e+06   2.9968262e+01
   3.2713640e+06   2.9174805e+01
   3.2713800e+06   2.6916504e+01
   3.2714020e+06   2.7832031e+01
   3.2715140e+06   2.6916504e+01
   3.2715290e+06   2.9113770e+01
   3.2715890e+06   2.6794434e+01
   3.2716450e+06   2.8503418e+01
   3.7091880e+06   3.2470703e+01
   3.7092270e+06   3.3264160e+01
   3.7092660e+06   4.2602539e+01
   3.7092780e+06   7.4584961e+01
   3.7093090e+06   7.1044922e+01
   3.7093440e+06   3.1799316e+01
   3.7093570e+06   4.4616699e+01
   3.7094050e+06   3.1433105e+01
   3.7094310e+06   2.9968262e+01
   3.7094500e+06   4.7119141e+01
   3.7094620e+06   3.8330078e+01
   3.7095070e+06   2.8381348e+01
   3.7095690e+06   3.3935547e+01
   3.7096040e+06   2.9541016e+01
   3.7096310e+06   2.6428223e+01
   3.7097060e+06   3.0334473e+01
   3.7098290e+06   3.1188965e+01
   3.7101190e+06   2.6306152e+01
   3.8773730e+06   2.9174805e+01
   3.8774340e+06   3.4790039e+01
   3.8774450e+06   2.7648926e+01
   3.8774720e+06   6.1523438e+01
   3.8774920e+06   4.6691895e+01
   3.8775050e+06   4.1931152e+01
   3.8775150e+06   3.1677246e+01
   3.8775250e+06   4.7607422e+01
   3.8775490e+06   4.3701172e+01
   3.8775780e+06   2.6306152e+01
   3.8776010e+06   3.4606934e+01
   3.8776230e+06   4.0161133e+01
   3.8776490e+06   3.9855957e+01
   3.8777030e+06   2.9907227e+01
   3.8777220e+06   3.3630371e+01
   3.8778160e+06   2.7526855e+01
   3.8779470e+06   2.6672363e+01
   3.8779660e+06   3.1616211e+01
   3.8780020e+06   2.7282715e+01
   3.8780650e+06   2.7160645e+01
   3.8781180e+06   3.1005859e+01
   4.1655520e+06   2.8564453e+01
   4.2130440e+06   3.4851074e+01
   4.2130950e+06   2.6611328e+01
   4.2131080e+06   3.0761719e+01
   4.2131270e+06   4.4921875e+01
   4.2131390e+06   2.8137207e+01
   4.2131540e+06   5.1635742e+01
   4.2131810e+06   3.8208008e+01
   4.2131950e+06   4.7729492e+01
   4.2132230e+06   5.1879883e+01
   4.2132330e+06   4.0649414e+01
   4.2132540e+06   3.9672852e+01
   4.2132840e+06   3.1250000e+01
   4.2133080e+06   3.2836914e+01
   4.2133180e+06   5.1574707e+01
   4.2133330e+06   3.0578613e+01
   4.2133600e+06   5.2124023e+01
   4.2133880e+06   2.6733398e+01
   4.2134220e+06   3.4179688e+01
   4.2134660e+06   3.0029297e+01
   4.2134850e+06   3.2531738e+01
   4.2135540e+06   2.7221680e+01
   4.2136130e+06   2.8015137e+01
   4.2136540e+06   2.9785156e+01
   4.2136790e+06   2.6611328e+01
   4.2139120e+06   2.7526855e+01
   4.3878360e+06   2.6489258e+01
   4.3879080e+06   2.8991699e+01
   4.3879320e+06   3.7963867e+01
   4.3879580e+06   5.5847168e+01
   4.3879780e+06   6.6223145e+01
   4.3879920e+06   4.8339844e+01
   4.3880070e+06   3.3691406e+01
   4.3880170e+06   3.8696289e+01
   4.3880390e+06   3.4301758e+01
   4.3880500e+06   4.7912598e+01
   4.3880720e+06   4.0161133e+01
   4.3880860e+06   4.4372559e+01
   4.3881090e+06   3.3691406e+01
   4.3881210e+06   2.7648926e+01
   4.3881660e+06   3.1494141e+01
   4.3881920e+06   2.7832031e+01
   4.3882100e+06   2.6855469e+01
   4.3882340e+06   3.0517578e+01
   4.3882560e+06   3.3264160e+01
   4.3882830e+06   2.7404785e+01
   4.3883220e+06   3.6437988e+01
   4.3887270e+06   3.1372070e+01
   4.7928860e+06   2.6245117e+01
   4.7929640e+06   3.3752441e+01
   4.7930230e+06   3.2775879e+01
   4.7930340e+06   3.3020020e+01
   4.7930640e+06   5.4809570e+01
   4.7930920e+06   4.8889160e+01
   4.7931200e+06   4.3884277e+01
   4.7931360e+06   4.6569824e+01
   4.7931580e+06   4.6813965e+01
   4.7931920e+06   3.0883789e+01
   4.7932220e+06   3.2348633e+01
   4.7932330e+06   3.4729004e+01
   4.7932720e+06   2.8564453e+01
   4.7933100e+06   3.7048340e+01
   4.7933210e+06   3.1982422e+01
   4.7933690e+06   3.1738281e+01
   4.7934470e+06   2.6977539e+01
   4.7935060e+06   2.8076172e+01
   4.7936860e+06   2.8015137e+01
   5.1121430e+06   2.7282715e+01
   5.2342170e+06   4.2785645e+01
   5.2342530e+06   3.8696289e+01
   5.2342810e+06   4.3518066e+01
   5.2343100e+06   4.9560547e+01
   5.2343450e+06   4.3090820e+01
   5.2343560e+06   4.5288086e+01
   5.2344010e+06   3.8513184e+01
   5.2344190e+06   2.6367188e+01
   5.2344340e+06   3.9306641e+01
   5.2344590e+06   2.8442383e+01
   5.2344750e+06   3.2226563e+01
   5.2344900e+06   3.2409668e+01
   5.2345050e+06   3.2287598e+01
   5.2345280e+06   2.9296875e+01
   5.2345640e+06   4.1259766e+01
   5.2345930e+06   2.9113770e+01
   5.2346410e+06   3.1188965e+01
   5.2346590e+06   2.9418945e+01
   5.2347050e+06   2.8869629e+01
   5.2347230e+06   2.8686523e+01
   5.2347550e+06   3.3874512e+01
   5.2349300e+06   2.6977539e+01
   5.2350300e+06   2.6367188e+01
   5.5491050e+06   2.8015137e+01
   5.5491210e+06   3.5766602e+01
   5.5491480e+06   3.4118652e+01
   5.5491750e+06   3.4362793e+01
   5.5492000e+06   3.3325195e+01
   5.5492280e+06   4.2114258e+01
   5.5492380e+06   4.8828125e+01
   5.5492680e+06   5.0476074e+01
   5.5492780e+06   4.2175293e+01
   5.5493070e+06   3.7048340e+01
   5.5493200e+06   2.9907227e+01
   5.5493510e+06   2.9235840e+01
   5.5493770e+06   3.2226563e+01
   5.5494060e+06   3.0151367e+01
   5.5494340e+06   3.6987305e+01
   5.5494570e+06   3.6376953e+01
   5.5495870e+06   2.7954102e+01
   5.5496040e+06   2.7526855e+01
   5.5496420e+06   2.6489258e+01
   5.5497160e+06   2.7282715e+01
   5.5498730e+06   2.7221680e+01
   5.5502890e+06   2.8137207e+01
   5.5593080e+06   2.6306152e+01
   5.8150900e+06   2.7160645e+01
   6.2343600e+06   2.9418945e+01
   6.2343850e+06   2.6733398e+01
   6.2344420e+06   3.5217285e+01
   6.2344610e+06   3.0639648e+01
   6.2344720e+06   3.2226563e+01
   6.2344870e+06   3.8330078e+01
   6.2344970e+06   3.1127930e+01
   6.2345150e+06   3.4729004e+01
   6.2345360e+06   3.3447266e+01
   6.2345550e+06   2.9113770e+01
   6.2345710e+06   4.3518066e+01
   6.2345950e+06   3.3996582e+01
   6.2346180e+06   2.9418945e+01
   6.2346400e+06   3.3142090e+01
   6.2346520e+06   3.1921387e+01
   6.2346730e+06   3.5339355e+01
   6.2347100e+06   3.1372070e+01
   6.2347220e+06   3.0517578e+01
   6.2347690e+06   3.0029297e+01
   6.2348040e+06   2.6123047e+01
   6.2349270e+06   3.1188965e+01
   6.2349500e+06   2.8198242e+01
   6.2353030e+06   3.0273437e+01
   6.2353380e+06   2.8625488e+01
   6.2354040e+06   2.6672363e+01
   6.2358590e+06   2.8381348e+01
   6.6351920e+06   2.6428223e+01
   6.6914200e+06   2.6672363e+01
   6.6914830e+06   3.3386230e+01
   6.6915070e+06   2.7954102e+01
   6.6915170e+06   4.0039063e+01
   6.6915410e+06   3.7719727e+01
   6.6915580e+06   2.9785156e+01
   6.6915680e+06   4.3029785e+01
   6.6915830e+06   2.8137207e+01
   6.6916050e+06   4.2724609e+01
   6.6916220e+06   3.8879395e+01
   6.6916340e+06   2.9418945e+01
   6.6916660e+06   5.2307129e+01
   6.6916870e+06   3.8024902e+01
   6.6917270e+06   2.8198242e+01
   6.6917400e+06   3.0761719e+01
   6.6917590e+06   3.1066895e+01
   6.6917730e+06   2.8137207e+01
   6.6917860e+06   3.0456543e+01
   6.6918320e+06   2.7709961e+01
   6.6919150e+06   2.8442383e+01
   6.6919940e+06   2.8503418e+01
   6.6920640e+06   3.0639648e+01
   6.6921040e+06   2.6123047e+01
   6.6921600e+06   3.0578613e+01
   6.6922050e+06   2.6306152e+01
   6.6922160e+06   2.6672363e+01
   6.7173060e+06   2.6245117e+01
   7.2837890e+06   2.9052734e+01
   7.2838050e+06   2.7282715e+01
   7.2838610e+06   3.0273438e+01
   7.2838900e+06   3.2226563e+01
   7.2839150e+06   4.2602539e+01
   7.2839270e+06   5.7006836e+01
   7.2839670e+06   4.1076660e+01
   7.2839860e+06   2.8686523e+01
   7.2840360e+06   2.9052734e+01
   7.2840720e+06   3.5339355e+01
   7.2841030e+06   3.3325195e+01
   7.2841240e+06   2.8625488e+01
   7.2841890e+06   2.7343750e+01
   7.2842030e+06   3.3508301e+01
   7.2842450e+06   2.8015137e+01
   7.2843340e+06   2.8503418e+01
   7.2843610e+06   2.6184082e+01
   7.2845300e+06   3.1677246e+01
   7.2850670e+06   2.6977539e+01
   7.5145920e+06   2.9846191e+01
   8.6308030e+06   2.8686523e+01
   8.6308390e+06   2.8503418e+01
   8.6308630e+06   3.5583496e+01
   8.6308800e+06   3.4057617e+01
   8.6309050e+06   3.6987305e+01
   8.6309280e+06   3.5400391e+01
   8.6309420e+06   5.2062988e+01
   8.6309710e+06   3.2592773e+01
   8.6309930e+06   3.0456543e+01
   8.6310070e+06   3.8757324e+01
   8.6310210e+06   3.1799316e+01
   8.6310490e+06   4.0649414e+01
   8.6310760e+06   2.9968262e+01
   8.6310990e+06   3.7048340e+01
   8.6311370e+06   2.8381348e+01
   8.6311710e+06   3.2043457e+01
   8.6311970e+06   2.9296875e+01
   8.6312420e+06   3.1433105e+01
   8.6312880e+06   2.8564453e+01
   8.6313110e+06   2.7160645e+01
   8.6315250e+06   2.7587891e+01
   8.6315690e+06   2.7221680e+01
   8.6318430e+06   2.6428223e+01
   8.6542660e+06   2.6367188e+01
   9.1271090e+06   2.6245117e+01
   9.1271210e+06   4.1503906e+01
   9.1271530e+06   2.7893066e+01
   9.1271770e+06   4.4616699e+01
   9.1271950e+06   4.3273926e+01
   9.1272110e+06   3.0456543e+01
   9.1272340e+06   2.8625488e+01
   9.1272510e+06   5.4565430e+01
   9.1272850e+06   2.8259277e+01
   9.1273150e+06   3.3630371e+01
   9.1273510e+06   2.8625488e+01
   9.1273750e+06   5.1330566e+01
   9.1274090e+06   3.2775879e+01
   9.1274610e+06   2.6367188e+01
   9.1274860e+06   3.2653809e+01
   9.1275020e+06   3.9123535e+01
   9.1277070e+06   3.2104492e+01
   9.1277740e+06   3.4912109e+01
   9.1278560e+06   2.9541016e+01
   9.1279070e+06   3.0334473e+01
   9.1279300e+06   2.6855469e+01
   9.1279730e+06   2.6672363e+01
   9.1280140e+06   2.7343750e+01
   9.1284380e+06   3.1982422e+01
   9.8224250e+06   2.6794434e+01
   1.1736477e+07   2.8015137e+01
