   1.1999000e+07   0.0000000e+00
   3.4871000e+04   7.4829102e+01
   3.5820000e+04   6.7321777e+01
   3.9880000e+04   6.8176270e+01
   4.6287000e+04   1.0479736e+02
   7.3326000e+04   4.5166016e+01
   7.3363000e+04   3.8879395e+01
   7.3389000e+04   4.1503906e+01
   7.3411000e+04   2.9724121e+01
   7.3436000e+04   4.6203613e+01
   7.3457000e+04   1.0491943e+02
   7.3496000e+04   9.0637207e+01
   7.3509000e+04   4.0832520e+01
   7.3526000e+04   8.0932617e+01
   7.3540000e+04   5.6518555e+01
   7.3553000e+04   6.0363770e+01
   7.3572000e+04   3.6987305e+01
   7.3592000e+04   4.8156738e+01
   7.3614000e+04   4.5959473e+01
   7.3625000e+04   5.8471680e+01
   7.3647000e+04   6.4392090e+01
   7.3668000e+04   5.6396484e+01
   7.3704000e+04   7.1228027e+01
   7.3735000e+04   2.8991699e+01
   7.3778000e+04   3.6926270e+01
   7.3790000e+04   2.6672363e+01
   7.3818000e+04   3.3447266e+01
   7.3852000e+04   2.8991699e+01
   7.3905000e+04   4.7302246e+01
   7.3940000e+04   4.2236328e+01
   7.3979000e+04   2.8015137e+01
   7.4014000e+04   6.3232422e+01
   7.4117000e+04   4.9194336e+01
   7.4241000e+04   4.1076660e+01
   7.4372000e+04   4.5349121e+01
   7.4530000e+04   4.8828125e+01
   7.5092000e+04   5.4260254e+01
   8.9660000e+04   3.7658691e+01
   9.4158000e+04   2.7038574e+01
   9.4931000e+04   6.3781738e+01
   9.5215000e+04   4.9255371e+01
   9.5259000e+04   6.2500000e+01
   9.5658000e+04   4.8706055e+01
   9.6102000e+04   2.8808594e+01
   1.0058000e+05   9.4848633e+01
   1.1787200e+05   1.0235596e+02
   1.4856800e+05   4.4494629e+01
   1.4868000e+05   4.3884277e+01
   1.4870200e+05   4.6630859e+01
   1.4872800e+05   4.4311523e+01
   1.4875100e+05   3.6254883e+01
   1.4878000e+05   3.2836914e+01
   1.4879900e+05   6.6711426e+01
   1.4883400e+05   3.9245605e+01
   1.4885400e+05   8.3740234e+01
   1.4888400e+05   7.0556641e+01
   1.4891800e+05   5.5786133e+01
   1.4894900e+05   6.0668945e+01
   1.4898700e+05   5.5053711e+01
   1.4900100e+05   5.1696777e+01
   1.4901200e+05   3.1250000e+01
   1.4904900e+05   3.5888672e+01
   1.4906300e+05   3.1311035e+01
   1.4908500e+05   3.7780762e+01
   1.4911200e+05   3.4790039e+01
   1.4915900e+05   4.0222168e+01
   1.4917800e+05   4.5410156e+01
   1.4920200e+05   2.6672363e+01
   1.4928500e+05   4.8583984e+01
   1.4930300e+05   3.3142090e+01
   1.4933000e+05   3.4362793e+01
   1.4939800e+05   3.9367676e+01
   1.4951800e+05   4.2724609e+01
   1.4966200e+05   4.4860840e+01
   1.8772400e+05   7.7758789e+01
   2.6306000e+05   3.9184570e+01
   2.6340700e+05   3.6743164e+01
   2.6341900e+05   4.3518066e+01
   2.6358300e+05   4.3029785e+01
   2.6375400e+05   3.4729004e+01
   2.6474400e+05   3.5461426e+01
   2.6483600e+05   4.1442871e+01
   2.6495500e+05   3.5278320e+01
   2.6502700e+05   4.0832520e+01
   2.6505500e+05   3.1433105e+01
   2.6513100e+05   4.2846680e+01
   2.6518100e+05   3.6743164e+01
   2.6521400e+05   4.0283203e+01
   2.6522400e+05   4.2785645e+01
   2.6526900e+05   3.7658691e+01
   2.6529600e+05   4.9133301e+01
   2.6534300e+05   3.5278320e+01
   2.6536200e+05   3.4973145e+01
   2.6539400e+05   4.8767090e+01
   2.6541100e+05   4.1381836e+01
   2.6543100e+05   3.2043457e+01
   2.6548800e+05   4.2541504e+01
   2.6552300e+05   6.6467285e+01
   2.6556400e+05   4.8950195e+01
   2.6562100e+05   3.4851074e+01
   2.6564600e+05   3.5644531e+01
   2.6567600e+05   2.7526855e+01
   2.6571800e+05   4.1564941e+01
   2.6576700e+05   3.7719727e+01
   2.6577700e+05   6.5002441e+01
   2.6580300e+05   4.0588379e+01
   2.6583500e+05   3.8940430e+01
   2.6585000e+05   3.2470703e+01
   2.6586100e+05   3.9062500e+01
   2.6588900e+05   9.4665527e+01
   2.6591400e+05   4.0161133e+01
   2.6595000e+05   9.7595215e+01
   2.6598100e+05   4.3823242e+01
   2.6600100e+05   3.1677246e+01
   2.6601300e+05   4.9255371e+01
   2.6603400e+05   4.4494629e+01
   2.6605300e+05   3.4118652e+01
   2.6607900e+05   6.3598633e+01
   2.6609100e+05   4.0344238e+01
   2.6611400e+05   3.1311035e+01
   2.6613900e+05   4.3151855e+01
   2.6617000e+05   4.1625977e+01
   2.6620500e+05   2.7526855e+01
   2.6623500e+05   2.8747559e+01
   2.6640200e+05   2.9174805e+01
   2.6648500e+05   3.0822754e+01
   3.2377800e+05   7.0922852e+01
   3.6802300e+05   2.6367188e+01
   3.6817800e+05   4.7668457e+01
   3.6822100e+05   4.0100098e+01
   3.6862700e+05   4.6569824e+01
   3.6879900e+05   4.6020508e+01
   3.6887200e+05   2.7709961e+01
   3.6892900e+05   4.5715332e+01
   3.6904000e+05   3.2226563e+01
   3.6907600e+05   4.7302246e+01
   3.6911100e+05   3.8879395e+01
   3.6915500e+05   4.5837402e+01
   3.6918300e+05   3.2531738e+01
   3.6921000e+05   3.7841797e+01
   3.6925400e+05   3.3508301e+01
   3.6926700e+05   4.2785645e+01
   3.6930000e+05   2.9907227e+01
   3.6933100e+05   3.6621094e+01
   3.6938600e+05   3.6804199e+01
   3.6941500e+05   5.6335449e+01
   3.6947500e+05   2.9174805e+01
   3.6950700e+05   5.5786133e+01
   3.6957800e+05   4.4372559e+01
   3.6960700e+05   5.1391602e+01
   3.6965900e+05   3.2348633e+01
   3.6969100e+05   4.2358398e+01
   3.6972000e+05   4.5471191e+01
   3.6973900e+05   2.7648926e+01
   3.6978100e+05   3.1066895e+01
   3.6980300e+05   3.2287598e+01
   3.6982400e+05   2.7832031e+01
   3.6985400e+05   2.6977539e+01
   3.6987000e+05   2.8747559e+01
   3.6991400e+05   4.0100098e+01
   3.6995900e+05   4.4677734e+01
   3.6997600e+05   2.8137207e+01
   3.6999700e+05   2.6977539e+01
   3.7004400e+05   3.5217285e+01
   3.7007300e+05   3.7780762e+01
   3.7008300e+05   3.8513184e+01
   3.7016000e+05   3.8696289e+01
   3.7019400e+05   3.3447266e+01
   3.7030700e+05   4.2785645e+01
   3.7043600e+05   3.4667969e+01
   3.7061200e+05   3.1188965e+01
   3.7077400e+05   3.3691406e+01
   3.7088000e+05   3.7841797e+01
   3.7102800e+05   3.4179688e+01
   3.7935700e+05   3.8574219e+01
   3.8309200e+05   3.5278320e+01
   4.3606100e+05   4.2663574e+01
   4.3617700e+05   4.0039063e+01
   4.6677300e+05   3.5949707e+01
   4.6692300e+05   4.1137695e+01
   4.6709900e+05   5.1452637e+01
   4.6711400e+05   3.8208008e+01
   4.6727300e+05   3.7292480e+01
   4.6733900e+05   5.6091309e+01
   4.6735200e+05   4.0466309e+01
   4.6745800e+05   3.3508301e+01
   4.6748500e+05   4.9743652e+01
   4.6751000e+05   3.6010742e+01
   4.6755900e+05   3.9855957e+01
   4.6758200e+05   3.5095215e+01
   4.6762700e+05   3.8696289e+01
   4.6763900e+05   2.7709961e+01
   4.6768700e+05   6.6955566e+01
   4.6769800e+05   3.4423828e+01
   4.6773300e+05   3.1616211e+01
   4.6779800e+05   4.2785645e+01
   4.6783200e+05   3.7109375e+01
   4.6788800e+05   5.3283691e+01
   4.6792800e+05   3.4729004e+01
   4.6797100e+05   3.7658691e+01
   4.6800800e+05   3.8574219e+01
   4.6804900e+05   3.1372070e+01
   4.6809400e+05   2.7832031e+01
   4.6813000e+05   2.6367188e+01
   4.6816100e+05   3.0456543e+01
   4.6819100e+05   3.6376953e+01
   4.6822300e+05   4.6813965e+01
   4.6825500e+05   2.8320313e+01
   4.6828800e+05   3.8146973e+01
   4.6831800e+05   4.1381836e+01
   4.6840000e+05   4.0832520e+01
   4.6844200e+05   3.0944824e+01
   4.6845500e+05   3.4729004e+01
   4.6851700e+05   4.4677734e+01
   4.6855500e+05   3.7841797e+01
   4.6863200e+05   3.8146973e+01
   4.6873800e+05   3.5888672e+01
   4.6887100e+05   3.4240723e+01
   4.6899500e+05   3.5400391e+01
   4.6906900e+05   4.0588379e+01
   4.6919100e+05   3.9428711e+01
   4.6931100e+05   4.2663574e+01
   4.6954400e+05   2.6855469e+01
   4.7627700e+05   3.6132813e+01
   4.7894200e+05   3.3630371e+01
   4.7973300e+05   6.7871094e+01
   5.3011600e+05   4.9255371e+01
   5.5400100e+05   4.8767090e+01
   5.5424800e+05   3.3935547e+01
   5.5425900e+05   4.8034668e+01
   5.5432700e+05   6.6589355e+01
   5.5436000e+05   4.5959473e+01
   5.5442300e+05   2.9907227e+01
   5.5445000e+05   3.6315918e+01
   5.5447800e+05   4.5043945e+01
   5.5453100e+05   3.8024902e+01
   5.5458500e+05   4.0588379e+01
   5.5460000e+05   3.7109375e+01
   5.5462400e+05   2.6977539e+01
   5.5464500e+05   3.3813477e+01
   5.5467300e+05   7.2143555e+01
   5.5471600e+05   4.2480469e+01
   5.5476200e+05   3.4790039e+01
   5.5479800e+05   4.8645020e+01
   5.5484400e+05   5.9387207e+01
   5.5489600e+05   4.8461914e+01
   5.5493600e+05   3.6865234e+01
   5.5497600e+05   5.3588867e+01
   5.5499800e+05   3.6499023e+01
   5.5504500e+05   4.3029785e+01
   5.5508100e+05   3.4667969e+01
   5.5509900e+05   3.0456543e+01
   5.5516000e+05   3.3691406e+01
   5.5518800e+05   3.3630371e+01
   5.5523000e+05   3.4118652e+01
   5.5526700e+05   4.3151855e+01
   5.5531500e+05   3.6437988e+01
   5.5539300e+05   4.6203613e+01
   5.5543900e+05   4.7302246e+01
   5.5555100e+05   3.4240723e+01
   5.5562600e+05   3.4790039e+01
   5.5577200e+05   3.9001465e+01
   5.5578900e+05   5.0781250e+01
   5.5597500e+05   3.5827637e+01
   5.5617900e+05   2.6489258e+01
   5.5631600e+05   4.6020508e+01
   6.1106400e+05   3.1311035e+01
   6.1123100e+05   3.1494141e+01
   6.1138100e+05   3.3386230e+01
   6.1168400e+05   4.1137695e+01
   6.1172900e+05   2.6123047e+01
   6.2724200e+05   4.2785645e+01
   6.3361600e+05   5.3955078e+01
   6.3366600e+05   2.7221680e+01
   6.3391100e+05   4.1748047e+01
   6.3420700e+05   4.2602539e+01
   6.6509700e+05   2.6672363e+01
   6.6544200e+05   3.6071777e+01
   6.6546400e+05   5.0781250e+01
   6.6553700e+05   2.8625488e+01
   6.6556200e+05   4.3151855e+01
   6.6560600e+05   2.8869629e+01
   6.6562600e+05   3.4240723e+01
   6.6569100e+05   3.1127930e+01
   6.6571700e+05   6.6223145e+01
   6.6579300e+05   3.2897949e+01
   6.6580300e+05   6.3049316e+01
   6.6582700e+05   3.0700684e+01
   6.6583700e+05   4.4982910e+01
   6.6587100e+05   4.7180176e+01
   6.6590800e+05   4.6691895e+01
   6.6591800e+05   4.5471191e+01
   6.6596400e+05   3.9428711e+01
   6.6599900e+05   3.4667969e+01
   6.6601900e+05   4.7851563e+01
   6.6605900e+05   3.5278320e+01
   6.6611700e+05   4.4433594e+01
   6.6615100e+05   4.0466309e+01
   6.6623600e+05   4.4372559e+01
   6.6633200e+05   3.8146973e+01
   6.6638100e+05   3.2714844e+01
   6.6646700e+05   4.3151855e+01
   6.6651600e+05   2.9846191e+01
   6.6661700e+05   4.1381836e+01
   6.6666800e+05   2.8625488e+01
   6.6678400e+05   3.6560059e+01
   6.6686000e+05   3.8269043e+01
   6.6701800e+05   3.9611816e+01
   6.6714600e+05   3.4179688e+01
   6.6727700e+05   3.4057617e+01
   6.6736600e+05   4.0161133e+01
   6.6749400e+05   2.9663086e+01
   6.6763700e+05   3.7231445e+01
   6.6780800e+05   3.6560059e+01
   7.3458000e+05   2.8930664e+01
   7.3481400e+05   3.2775879e+01
   7.3487300e+05   4.1625977e+01
   7.3492600e+05   5.5419922e+01
   7.3504100e+05   2.9968262e+01
   7.3507400e+05   3.7597656e+01
   7.3530300e+05   4.0466309e+01
   7.3557700e+05   2.8991699e+01
   7.6702300e+05   5.2429199e+01
   7.6708200e+05   2.7893066e+01
   7.6721700e+05   4.3518066e+01
   7.6737700e+05   3.4545898e+01
   7.6742000e+05   2.6611328e+01
   7.6744800e+05   6.1340332e+01
   7.6759700e+05   4.0771484e+01
   7.6776000e+05   3.2409668e+01
   7.6778600e+05   4.7729492e+01
   7.6782100e+05   3.1372070e+01
   7.6789400e+05   4.3212891e+01
   7.6794000e+05   5.2612305e+01
   7.6796500e+05   3.9672852e+01
   7.6802700e+05   4.0222168e+01
   7.6805400e+05   4.5776367e+01
   7.6808600e+05   4.1259766e+01
   7.6811600e+05   3.1250000e+01
   7.6814100e+05   3.1677246e+01
   7.6818600e+05   4.0344238e+01
   7.6823900e+05   5.2429199e+01
   7.6826100e+05   6.1462402e+01
   7.6829100e+05   4.0710449e+01
   7.6832700e+05   3.2958984e+01
   7.6836300e+05   4.7546387e+01
   7.6837300e+05   3.5522461e+01
   7.6843700e+05   3.2104492e+01
   7.6847500e+05   7.5683594e+01
   7.6854700e+05   3.2653809e+01
   7.6858900e+05   4.1015625e+01
   7.6863500e+05   3.7536621e+01
   7.6866900e+05   4.5898438e+01
   7.6869500e+05   3.0090332e+01
   7.6877600e+05   4.5471191e+01
   7.6880600e+05   4.0405273e+01
   7.6883500e+05   2.8015137e+01
   7.6888900e+05   3.8452148e+01
   7.6891400e+05   3.1555176e+01
   7.6895200e+05   3.1005859e+01
   7.6900700e+05   4.0527344e+01
   7.6905200e+05   3.2836914e+01
   7.6908800e+05   3.0090332e+01
   7.6912100e+05   4.0161133e+01
   7.6919800e+05   3.0700684e+01
   7.6924400e+05   3.4545898e+01
   7.6934600e+05   3.1921387e+01
   7.6942600e+05   3.3569336e+01
   7.6950900e+05   4.3151855e+01
   7.6961600e+05   3.2043457e+01
   7.6976000e+05   3.4545898e+01
   7.6982900e+05   3.6987305e+01
   7.6992300e+05   3.6376953e+01
   7.7006400e+05   2.8015137e+01
   7.7022800e+05   3.4301758e+01
   7.7798100e+05   4.1198730e+01
   7.8036700e+05   3.3325195e+01
   7.8449300e+05   3.7353516e+01
   7.8940100e+05   6.7077637e+01
   7.9925700e+05   2.8808594e+01
   7.9952900e+05   2.7038574e+01
   7.9960500e+05   5.2551270e+01
   7.9980400e+05   3.9367676e+01
   8.0001000e+05   5.4138184e+01
   8.4431200e+05   2.8076172e+01
   8.4443900e+05   2.7282715e+01
   8.4475100e+05   4.1870117e+01
   8.4480400e+05   2.7404785e+01
   8.5897300e+05   4.1992188e+01
   8.5914300e+05   4.0161133e+01
   8.5924100e+05   5.5480957e+01
   8.5925800e+05   4.9438477e+01
   8.5936800e+05   2.6428223e+01
   8.5955700e+05   2.9968262e+01
   8.5988300e+05   3.3752441e+01
   8.6000100e+05   3.3996582e+01
   8.6007800e+05   3.5217285e+01
   8.6021200e+05   3.8146973e+01
   8.6026200e+05   4.7485352e+01
   8.6030600e+05   2.7282715e+01
   8.6037500e+05   3.4118652e+01
   8.6040100e+05   3.7048340e+01
   8.6046600e+05   3.1127930e+01
   8.6048100e+05   3.5095215e+01
   8.6051100e+05   3.4790039e+01
   8.6054700e+05   2.9724121e+01
   8.6058800e+05   3.7231445e+01
   8.6062600e+05   8.7463379e+01
   8.6073600e+05   5.7678223e+01
   8.6077400e+05   3.2592773e+01
   8.6080000e+05   3.1372070e+01
   8.6081800e+05   3.1860352e+01
   8.6086300e+05   4.5043945e+01
   8.6090100e+05   2.9785156e+01
   8.6094500e+05   3.5156250e+01
   8.6102300e+05   3.8757324e+01
   8.6107100e+05   6.2194824e+01
   8.6110600e+05   3.0883789e+01
   8.6113700e+05   3.4118652e+01
   8.6118800e+05   4.4616699e+01
   8.6122900e+05   3.1372070e+01
   8.6125900e+05   3.6926270e+01
   8.6129000e+05   2.9174805e+01
   8.6134000e+05   4.0954590e+01
   8.6138700e+05   3.7048340e+01
   8.6142900e+05   3.0944824e+01
   8.6149600e+05   4.2053223e+01
   8.6158100e+05   3.5705566e+01
   8.6161600e+05   3.8330078e+01
   8.6171000e+05   3.7231445e+01
   8.6177900e+05   3.9916992e+01
   8.6191800e+05   3.0517578e+01
   8.6202200e+05   3.7475586e+01
   8.6214800e+05   3.6132813e+01
   8.6219900e+05   3.0639648e+01
   8.6234900e+05   3.8818359e+01
   8.6242000e+05   3.8208008e+01
   8.6266500e+05   4.1564941e+01
   8.7026200e+05   4.4738770e+01
   8.7109900e+05   3.2592773e+01
   8.9463400e+05   4.1198730e+01
   8.9762300e+05   2.8747559e+01
   8.9763900e+05   7.7087402e+01
   8.9765600e+05   4.0954590e+01
   8.9767600e+05   7.4096680e+01
   8.9769800e+05   8.3435059e+01
   8.9771000e+05   3.9672852e+01
   8.9772800e+05   7.4462891e+01
   8.9775300e+05   5.8044434e+01
   8.9776800e+05   4.8889160e+01
   8.9778900e+05   6.6833496e+01
   8.9780400e+05   2.8930664e+01
   8.9782900e+05   3.7170410e+01
   8.9785800e+05   3.4545898e+01
   8.9786900e+05   3.6376953e+01
   8.9792300e+05   3.4851074e+01
   8.9794300e+05   3.5949707e+01
   8.9799100e+05   5.2001953e+01
   8.9803200e+05   4.8278809e+01
   8.9806600e+05   4.4128418e+01
   8.9807800e+05   3.6743164e+01
   8.9817400e+05   4.0710449e+01
   8.9818800e+05   2.8747559e+01
   8.9820800e+05   2.9479980e+01
   8.9827500e+05   5.5969238e+01
   8.9829600e+05   3.0151367e+01
   8.9836500e+05   3.9794922e+01
   8.9837900e+05   3.4301758e+01
   8.9849400e+05   4.3151855e+01
   8.9864300e+05   4.5532227e+01
   8.9905800e+05   4.6081543e+01
   9.1794900e+05   3.1616211e+01
   9.1796400e+05   2.6245117e+01
   9.1799500e+05   6.6650391e+01
   9.1806500e+05   3.7048340e+01
   9.1809500e+05   5.8532715e+01
   9.1812300e+05   4.3457031e+01
   9.1820400e+05   3.9245605e+01
   9.1825100e+05   5.3771973e+01
   9.1826400e+05   3.3447266e+01
   9.1830900e+05   2.6855469e+01
   9.1833800e+05   3.2958984e+01
   9.1835900e+05   3.9916992e+01
   9.1841500e+05   4.7302246e+01
   9.1845100e+05   3.8635254e+01
   9.1847200e+05   2.9785156e+01
   9.1850800e+05   5.8288574e+01
   9.1852100e+05   4.1076660e+01
   9.1856300e+05   3.4301758e+01
   9.1861600e+05   3.1616211e+01
   9.1862700e+05   3.8879395e+01
   9.1868400e+05   3.9001465e+01
   9.1874200e+05   3.3996582e+01
   9.1878000e+05   3.4790039e+01
   9.1881500e+05   4.1564941e+01
   9.1887400e+05   3.9794922e+01
   9.1891400e+05   3.3325195e+01
   9.1894900e+05   3.4057617e+01
   9.1899300e+05   3.5705566e+01
   9.1904700e+05   4.2968750e+01
   9.1907700e+05   2.7465820e+01
   9.1909500e+05   3.8269043e+01
   9.1919900e+05   3.1372070e+01
   9.1923900e+05   4.1870117e+01
   9.1928100e+05   2.9968262e+01
   9.1934900e+05   3.1250000e+01
   9.1942100e+05   3.7963867e+01
   9.1946300e+05   3.1372070e+01
   9.1949200e+05   4.8889160e+01
   9.1957900e+05   3.1738281e+01
   9.1964700e+05   3.0456543e+01
   9.1969300e+05   2.7770996e+01
   9.1978200e+05   3.7353516e+01
   9.1990600e+05   3.6071777e+01
   9.2005000e+05   3.8818359e+01
   9.2027800e+05   3.3569336e+01
   9.3816000e+05   7.1655273e+01
   9.4007000e+05   6.6894531e+01
   9.4275700e+05   6.4392090e+01
   9.4912200e+05   7.0312500e+01
   1.0079050e+06   4.8156738e+01
   1.0079860e+06   6.2377930e+01
   1.0080560e+06   4.3823242e+01
   1.0081430e+06   4.3518066e+01
   1.0082300e+06   5.8898926e+01
   1.0083060e+06   4.4616699e+01
   1.0084070e+06   4.5410156e+01
   1.0084400e+06   5.4748535e+01
   1.0084670e+06   3.8879395e+01
   1.0084990e+06   3.1127930e+01
   1.0085400e+06   3.5827637e+01
   1.0085700e+06   3.6193848e+01
   1.0085970e+06   3.9062500e+01
   1.0086600e+06   3.2836914e+01
   1.0086870e+06   2.6062012e+01
   1.0087470e+06   3.7292480e+01
   1.0087620e+06   2.9418945e+01
   1.0088070e+06   5.0292969e+01
   1.0088620e+06   3.9489746e+01
   1.0089060e+06   4.9499512e+01
   1.0089400e+06   3.7353516e+01
   1.0089950e+06   2.9724121e+01
   1.0090120e+06   3.0456543e+01
   1.0090390e+06   3.9489746e+01
   1.0090850e+06   2.6855469e+01
   1.0091300e+06   3.2104492e+01
   1.0091640e+06   4.0222168e+01
   1.0092090e+06   3.4423828e+01
   1.0092910e+06   4.3334961e+01
   1.0093300e+06   3.4057617e+01
   1.0093660e+06   3.1677246e+01
   1.0094090e+06   3.0700684e+01
   1.0094420e+06   3.3508301e+01
   1.0094720e+06   3.4484863e+01
   1.0095240e+06   3.9489746e+01
   1.0095600e+06   3.2958984e+01
   1.0095960e+06   3.5766602e+01
   1.0096390e+06   2.7221680e+01
   1.0097040e+06   2.8137207e+01
   1.0097440e+06   4.1931152e+01
   1.0098140e+06   4.2602539e+01
   1.0099130e+06   3.8024902e+01
   1.0100200e+06   2.9479980e+01
   1.0102350e+06   4.1076660e+01
   1.0103150e+06   3.5217285e+01
   1.0104840e+06   3.8940430e+01
   1.0105980e+06   2.9602051e+01
   1.0107300e+06   3.7292480e+01
   1.0201440e+06   4.1931152e+01
   1.0404780e+06   6.8664551e+01
   1.0449450e+06   6.2255859e+01
   1.0818220e+06   4.2907715e+01
   1.0911050e+06   4.3457031e+01
   1.0912130e+06   3.7658691e+01
   1.0912690e+06   3.7780762e+01
   1.0913000e+06   7.9162598e+01
   1.0913380e+06   3.0273438e+01
   1.0913700e+06   4.1259766e+01
   1.0914010e+06   3.6132813e+01
   1.0914130e+06   5.8593750e+01
   1.0914410e+06   2.8381348e+01
   1.0914600e+06   3.0395508e+01
   1.0914930e+06   7.4462891e+01
   1.0915180e+06   4.0222168e+01
   1.0915420e+06   3.0578613e+01
   1.0915660e+06   2.6245117e+01
   1.0915790e+06   3.6010742e+01
   1.0916240e+06   3.2470703e+01
   1.0916460e+06   3.3508301e+01
   1.0916980e+06   3.8085938e+01
   1.0917260e+06   3.1066895e+01
   1.0917800e+06   3.3935547e+01
   1.0918050e+06   3.2470703e+01
   1.0918370e+06   2.8747559e+01
   1.0918710e+06   3.8635254e+01
   1.0919200e+06   4.2846680e+01
   1.0919630e+06   4.3701172e+01
   1.0920560e+06   3.3508301e+01
   1.0920930e+06   4.2724609e+01
   1.0921770e+06   3.1311035e+01
   1.0923000e+06   3.6987305e+01
   1.0924300e+06   3.8757324e+01
   1.0925210e+06   3.3325195e+01
   1.0926400e+06   3.6804199e+01
   1.0927780e+06   3.2348633e+01
   1.0929400e+06   2.9968262e+01
   1.0930360e+06   3.0029297e+01
   1.0932200e+06   3.2653809e+01
   1.0997500e+06   3.1494141e+01
   1.1005960e+06   4.3518066e+01
   1.1036200e+06   4.4311523e+01
   1.1321420e+06   3.6926270e+01
   1.1323710e+06   4.0466309e+01
   1.1324720e+06   3.7292480e+01
   1.1325290e+06   3.6010742e+01
   1.1325530e+06   5.4138184e+01
   1.1325950e+06   4.1870117e+01
   1.1326480e+06   4.7668457e+01
   1.1326800e+06   3.5156250e+01
   1.1327080e+06   3.2958984e+01
   1.1327210e+06   3.6437988e+01
   1.1327420e+06   8.3068848e+01
   1.1327550e+06   3.4973145e+01
   1.1327890e+06   2.9174805e+01
   1.1328320e+06   3.4118652e+01
   1.1328680e+06   2.7160645e+01
   1.1329310e+06   3.2653809e+01
   1.1329620e+06   4.9926758e+01
   1.1330350e+06   2.8747559e+01
   1.1330650e+06   3.6682129e+01
   1.1331050e+06   3.4301758e+01
   1.1331480e+06   3.0151367e+01
   1.1331790e+06   4.3151855e+01
   1.1332140e+06   3.0517578e+01
   1.1332700e+06   3.0944824e+01
   1.1333000e+06   4.2602539e+01
   1.1333460e+06   2.6489258e+01
   1.1334340e+06   4.1809082e+01
   1.1334790e+06   3.6926270e+01
   1.1335370e+06   3.6315918e+01
   1.1336580e+06   3.4057617e+01
   1.1337280e+06   2.9174805e+01
   1.1338080e+06   2.7954102e+01
   1.1339350e+06   3.7841797e+01
   1.1339870e+06   3.3142090e+01
   1.1341830e+06   2.9907227e+01
   1.1342640e+06   3.6560059e+01
   1.1343110e+06   3.3142090e+01
   1.1344150e+06   4.2480469e+01
   1.1345060e+06   3.2043457e+01
   1.1346900e+06   4.1259766e+01
   1.1349380e+06   3.6621094e+01
   1.1419790e+06   6.6101074e+01
   1.1463560e+06   4.1503906e+01
   1.1546980e+06   3.8757324e+01
   1.1580210e+06   3.4667969e+01
   1.1969330e+06   3.8269043e+01
   1.1969490e+06   6.0119629e+01
   1.2268300e+06   2.6916504e+01
   1.2272460e+06   3.9550781e+01
   1.2273290e+06   2.9846191e+01
   1.2506840e+06   4.5043945e+01
   1.2509670e+06   4.1992187e+01
   1.2512460e+06   4.3701172e+01
   1.2512980e+06   6.1096191e+01
   1.2513200e+06   4.0161133e+01
   1.2514120e+06   4.8583984e+01
   1.2514900e+06   3.3813477e+01
   1.2515360e+06   4.7241211e+01
   1.2515480e+06   4.0588379e+01
   1.2516130e+06   2.6489258e+01
   1.2516570e+06   4.1687012e+01
   1.2517010e+06   4.2114258e+01
   1.2517580e+06   4.3334961e+01
   1.2517760e+06   3.5095215e+01
   1.2517900e+06   4.5288086e+01
   1.2518670e+06   3.4606934e+01
   1.2518820e+06   3.5217285e+01
   1.2519120e+06   7.2875977e+01
   1.2519580e+06   2.8686523e+01
   1.2519870e+06   3.0761719e+01
   1.2520720e+06   4.4799805e+01
   1.2521060e+06   5.8288574e+01
   1.2521500e+06   4.2358398e+01
   1.2522140e+06   4.0771484e+01
   1.2522660e+06   5.1940918e+01
   1.2523680e+06   3.4362793e+01
   1.2524120e+06   3.4729004e+01
   1.2525580e+06   3.6499023e+01
   1.2526020e+06   4.1442871e+01
   1.2527570e+06   3.8757324e+01
   1.2528710e+06   3.8635254e+01
   1.2530150e+06   3.4179688e+01
   1.2818220e+06   2.6306152e+01
   1.2974950e+06   5.3833008e+01
   1.2977920e+06   3.9062500e+01
   1.3657010e+06   2.7221680e+01
   1.3660440e+06   3.6743164e+01
   1.3661930e+06   3.6804199e+01
   1.3664320e+06   4.0100098e+01
   1.4212310e+06   2.6367188e+01
   1.4214160e+06   4.2236328e+01
   1.4221900e+06   4.8156738e+01
   1.4224800e+06   3.4362793e+01
   1.4227750e+06   4.4921875e+01
   1.4228750e+06   1.1828613e+02
   1.4228990e+06   2.7770996e+01
   1.4229340e+06   4.2358398e+01
   1.4230230e+06   5.1513672e+01
   1.4231100e+06   2.7465820e+01
   1.4231790e+06   4.6813965e+01
   1.4232150e+06   3.6682129e+01
   1.4232550e+06   5.6640625e+01
   1.4232920e+06   3.3569336e+01
   1.4233440e+06   4.3640137e+01
   1.4234230e+06   4.3518066e+01
   1.4234500e+06   3.6499023e+01
   1.4234840e+06   2.8564453e+01
   1.4235820e+06   4.0222168e+01
   1.4236080e+06   4.4250488e+01
   1.4236290e+06   3.5095215e+01
   1.4237630e+06   3.1188965e+01
   1.4237860e+06   3.5339355e+01
   1.4238110e+06   2.7404785e+01
   1.4239040e+06   3.7963867e+01
   1.4239210e+06   2.9174805e+01
   1.4240320e+06   4.1381836e+01
   1.4240580e+06   3.2836914e+01
   1.4241310e+06   3.6682129e+01
   1.4242210e+06   3.5095215e+01
   1.4242520e+06   3.8024902e+01
   1.4243410e+06   3.5095215e+01
   1.4243730e+06   2.9479980e+01
   1.4244630e+06   3.9611816e+01
   1.4244800e+06   3.0456543e+01
   1.4246160e+06   4.5227051e+01
   1.4967320e+06   4.3273926e+01
   1.5110920e+06   4.5227051e+01
   1.5113710e+06   3.5705566e+01
   1.5116520e+06   2.8076172e+01
   1.5116740e+06   2.9724121e+01
   1.5116890e+06   4.4799805e+01
   1.5118580e+06   5.9875488e+01
   1.5119470e+06   4.2663574e+01
   1.5121110e+06   3.3020020e+01
   1.5121820e+06   3.1433105e+01
   1.5122770e+06   3.9062500e+01
   1.5123530e+06   5.6518555e+01
   1.5123950e+06   3.5888672e+01
   1.5124910e+06   3.8818359e+01
   1.5125520e+06   4.7119141e+01
   1.5125840e+06   3.9794922e+01
   1.5126340e+06   4.3640137e+01
   1.5127110e+06   3.3264160e+01
   1.5127250e+06   3.6682129e+01
   1.5128340e+06   4.9011230e+01
   1.5128720e+06   3.0395508e+01
   1.5129340e+06   3.7597656e+01
   1.5129570e+06   3.4545898e+01
   1.5130730e+06   2.9357910e+01
   1.5130920e+06   3.7475586e+01
   1.5131580e+06   2.8564453e+01
   1.5132680e+06   4.0039063e+01
   1.5133110e+06   3.1738281e+01
   1.5134590e+06   3.9306641e+01
   1.5135230e+06   2.8198242e+01
   1.5135500e+06   4.3884277e+01
   1.5137660e+06   3.3508301e+01
   1.5528800e+06   6.5795898e+01
   1.5625660e+06   3.9062500e+01
   1.5836780e+06   2.7648926e+01
   1.5837170e+06   3.1921387e+01
   1.5839420e+06   4.1137695e+01
   1.5841110e+06   3.3203125e+01
   1.5842280e+06   5.2917480e+01
   1.5842670e+06   3.9855957e+01
   1.5844100e+06   3.6010742e+01
   1.5845010e+06   3.5522461e+01
   1.5846650e+06   4.0466309e+01
   1.5848300e+06   4.1320801e+01
   1.5848700e+06   2.6977539e+01
   1.5849080e+06   6.2255859e+01
   1.5849590e+06   4.0649414e+01
   1.5851240e+06   3.6743164e+01
   1.5851760e+06   4.8400879e+01
   1.5852710e+06   3.8574219e+01
   1.5853210e+06   4.3457031e+01
   1.5853550e+06   3.2409668e+01
   1.5853910e+06   4.0527344e+01
   1.5854220e+06   3.6132813e+01
   1.5854760e+06   3.8085938e+01
   1.5855390e+06   3.5522461e+01
   1.5856090e+06   3.6254883e+01
   1.5856670e+06   5.0415039e+01
   1.5856790e+06   2.6977539e+01
   1.5858410e+06   3.2409668e+01
   1.5859110e+06   3.8269043e+01
   1.5860340e+06   5.0537109e+01
   1.5861370e+06   3.3630371e+01
   1.5862830e+06   4.1076660e+01
   1.5863830e+06   5.4992676e+01
   1.5865890e+06   3.3813477e+01
   1.5866980e+06   3.5156250e+01
   1.6385310e+06   2.6611328e+01
   1.6386930e+06   4.3334961e+01
   1.6596290e+06   4.3273926e+01
   1.6986010e+06   4.9316406e+01
   1.6987750e+06   4.4799805e+01
   1.6987960e+06   2.8076172e+01
   1.6990870e+06   3.2836914e+01
   1.6993240e+06   4.4738770e+01
   1.6994570e+06   4.4128418e+01
   1.6995320e+06   3.9672852e+01
   1.6996450e+06   3.1494141e+01
   1.6997250e+06   3.7658691e+01
   1.6997670e+06   4.2480469e+01
   1.6997840e+06   5.4626465e+01
   1.6998650e+06   3.6254883e+01
   1.6999680e+06   3.3081055e+01
   1.7000420e+06   5.3161621e+01
   1.7000830e+06   4.9438477e+01
   1.7001530e+06   4.3273926e+01
   1.7002350e+06   4.2175293e+01
   1.7002640e+06   5.0659180e+01
   1.7004250e+06   3.4729004e+01
   1.7005080e+06   5.2062988e+01
   1.7005270e+06   3.5583496e+01
   1.7006970e+06   4.4250488e+01
   1.7008580e+06   3.3813477e+01
   1.7300630e+06   3.1738281e+01
   1.7301490e+06   4.3334961e+01
   1.7308220e+06   6.4086914e+01
   1.7310740e+06   5.1818848e+01
   1.7312960e+06   4.0222168e+01
   1.7315840e+06   2.7526855e+01
   1.7318210e+06   4.0161133e+01
   1.7320750e+06   3.4240723e+01
   1.7321420e+06   5.6457520e+01
   1.7323550e+06   4.0405273e+01
   1.7323750e+06   4.7912598e+01
   1.7326060e+06   3.8818359e+01
   1.7329150e+06   4.5104980e+01
   1.7330300e+06   4.7851563e+01
   1.7331740e+06   4.4921875e+01
   1.7332800e+06   4.5227051e+01
   1.7333010e+06   4.2785645e+01
   1.7335200e+06   5.0170898e+01
   1.7717200e+06   3.0639648e+01
   1.7717670e+06   6.7565918e+01
   1.7717840e+06   3.2836914e+01
   1.7719220e+06   2.9968262e+01
   1.7721860e+06   3.2104492e+01
   1.7722090e+06   4.8645020e+01
   1.7723600e+06   5.0231934e+01
   1.7723920e+06   5.5725098e+01
   1.7724030e+06   3.6132813e+01
   1.7724700e+06   4.0893555e+01
   1.7725290e+06   4.8095703e+01
   1.7725510e+06   6.9274902e+01
   1.7726160e+06   3.0151367e+01
   1.7726580e+06   4.4189453e+01
   1.7727270e+06   4.7973633e+01
   1.7727390e+06   2.8076172e+01
   1.7729610e+06   3.4973145e+01
   1.7731710e+06   5.2001953e+01
   1.7732080e+06   2.7099609e+01
   1.7733080e+06   4.6508789e+01
   1.7733350e+06   2.8259277e+01
   1.7734850e+06   4.0466309e+01
   1.7735010e+06   3.8696289e+01
   1.7736310e+06   2.8808594e+01
   1.7737650e+06   4.4372559e+01
   1.7738640e+06   4.2785645e+01
   1.7738790e+06   2.9113770e+01
   1.7739000e+06   4.9194336e+01
   1.7740410e+06   2.9113770e+01
   1.7740700e+06   4.3823242e+01
   1.7743550e+06   3.7597656e+01
   1.7744260e+06   4.0100098e+01
   1.7746620e+06   3.8085937e+01
   1.7746890e+06   2.8625488e+01
   1.7748850e+06   3.8818359e+01
   1.8341830e+06   2.8869629e+01
   1.8341980e+06   5.5419922e+01
   1.8342120e+06   6.4697266e+01
   1.8342360e+06   5.7739258e+01
   1.8343250e+06   3.5156250e+01
   1.8344640e+06   5.6945801e+01
   1.8344830e+06   3.0151367e+01
   1.8346150e+06   3.6254883e+01
   1.8346270e+06   5.4077148e+01
   1.8346590e+06   2.9541016e+01
   1.8347900e+06   3.6621094e+01
   1.8348220e+06   5.1574707e+01
   1.8348860e+06   3.7780762e+01
   1.8349160e+06   4.0100098e+01
   1.8349740e+06   4.4738770e+01
   1.8350460e+06   3.6071777e+01
   1.8351170e+06   3.4423828e+01
   1.8351290e+06   3.7780762e+01
   1.8351680e+06   5.4382324e+01
   1.8352590e+06   3.2897949e+01
   1.8353270e+06   2.6062012e+01
   1.8353540e+06   3.8452148e+01
   1.8354550e+06   4.7912598e+01
   1.8355270e+06   4.0771484e+01
   1.8355710e+06   3.2409668e+01
   1.8356520e+06   5.0537109e+01
   1.8357050e+06   2.7954102e+01
   1.8358460e+06   3.3020020e+01
   1.8360120e+06   3.8513184e+01
   1.8360650e+06   4.9072266e+01
   1.8361360e+06   4.2846680e+01
   1.8363400e+06   3.9978027e+01
   1.8365370e+06   3.2531738e+01
   1.8369450e+06   4.4677734e+01
   1.8371450e+06   3.3996582e+01
   1.8393730e+06   3.6315918e+01
   1.8398820e+06   4.9560547e+01
   1.8745090e+06   3.3020020e+01
   1.8745260e+06   5.5908203e+01
   1.8745720e+06   4.0954590e+01
   1.8745960e+06   4.4128418e+01
   1.8746660e+06   4.2358398e+01
   1.8746910e+06   3.2775879e+01
   1.8747200e+06   4.7851563e+01
   1.8747340e+06   2.9113770e+01
   1.8747830e+06   3.1799316e+01
   1.8748140e+06   3.6437988e+01
   1.8748410e+06   2.9357910e+01
   1.8749020e+06   3.5339355e+01
   1.8749360e+06   3.7170410e+01
   1.8750460e+06   3.8391113e+01
   1.8750610e+06   5.4992676e+01
   1.8751690e+06   3.1677246e+01
   1.8751980e+06   3.8940430e+01
   1.8752450e+06   6.0607910e+01
   1.8753090e+06   3.0639648e+01
   1.8755360e+06   2.7465820e+01
   1.8756680e+06   2.6184082e+01
   1.8758990e+06   2.8930664e+01
   1.8779060e+06   5.4748535e+01
   1.8795140e+06   4.3579102e+01
   1.8818230e+06   5.6945801e+01
   1.8914570e+06   3.6682129e+01
   1.8914930e+06   6.5795898e+01
   1.8915210e+06   6.3049316e+01
   1.8915400e+06   3.4973145e+01
   1.8915700e+06   4.7973633e+01
   1.8916090e+06   7.2387695e+01
   1.8916700e+06   3.6254883e+01
   1.8916800e+06   4.8217773e+01
   1.8917470e+06   3.4729004e+01
   1.8917610e+06   3.2775879e+01
   1.8918300e+06   4.5471191e+01
   1.8918860e+06   3.4851074e+01
   1.8919570e+06   3.9855957e+01
   1.8919730e+06   4.3273926e+01
   1.8920300e+06   2.7038574e+01
   1.8920620e+06   3.0822754e+01
   1.8920720e+06   3.4240723e+01
   1.8921490e+06   2.9357910e+01
   1.8922960e+06   5.6396484e+01
   1.8923510e+06   3.9672852e+01
   1.8923620e+06   3.5461426e+01
   1.8964260e+06   4.2358398e+01
   1.8977550e+06   4.4921875e+01
   1.8978970e+06   4.8095703e+01
   1.8986430e+06   4.1870117e+01
   1.9001610e+06   2.6672363e+01
   1.9222070e+06   4.7851562e+01
   1.9222330e+06   8.7219238e+01
   1.9222960e+06   4.9621582e+01
   1.9223100e+06   5.2917480e+01
   1.9223350e+06   4.9621582e+01
   1.9223540e+06   3.1616211e+01
   1.9223980e+06   3.3508301e+01
   1.9224510e+06   5.1635742e+01
   1.9225370e+06   4.9560547e+01
   1.9225550e+06   3.8635254e+01
   1.9226520e+06   4.4067383e+01
   1.9226860e+06   4.3579102e+01
   1.9227030e+06   5.7678223e+01
   1.9227800e+06   2.9113770e+01
   1.9228500e+06   4.3029785e+01
   1.9229210e+06   3.1616211e+01
   1.9230450e+06   3.5522461e+01
   1.9232690e+06   4.4555664e+01
   1.9241010e+06   5.2001953e+01
   1.9270230e+06   4.0710449e+01
   1.9272520e+06   3.6254883e+01
   1.9280330e+06   5.3833008e+01
   1.9302060e+06   3.9306641e+01
   1.9359630e+06   4.2175293e+01
   1.9360360e+06   4.0527344e+01
   1.9360860e+06   6.2927246e+01
   1.9361160e+06   4.3762207e+01
   1.9361260e+06   4.9560547e+01
   1.9362040e+06   5.1269531e+01
   1.9362250e+06   5.1940918e+01
   1.9362910e+06   4.7790527e+01
   1.9363640e+06   4.8522949e+01
   1.9364470e+06   3.1677246e+01
   1.9364610e+06   3.8513184e+01
   1.9364810e+06   5.4687500e+01
   1.9366880e+06   3.6560059e+01
   1.9367970e+06   5.8166504e+01
   1.9368280e+06   4.3029785e+01
   1.9400130e+06   4.4250488e+01
   1.9444680e+06   6.5612793e+01
   1.9694240e+06   3.7902832e+01
   1.9698090e+06   5.5358887e+01
   1.9698210e+06   7.4707031e+01
   1.9698880e+06   5.6396484e+01
   1.9698990e+06   4.6386719e+01
   1.9699460e+06   3.4118652e+01
   1.9699660e+06   3.1921387e+01
   1.9699880e+06   3.3508301e+01
   1.9700540e+06   4.1320801e+01
   1.9701830e+06   6.4453125e+01
   1.9703040e+06   3.8146973e+01
   1.9703250e+06   4.2419434e+01
   1.9704400e+06   3.6560059e+01
   1.9709210e+06   4.2602539e+01
   1.9757440e+06   4.6691895e+01
   1.9786070e+06   3.5888672e+01
   1.9807780e+06   3.2226563e+01
   1.9812310e+06   3.7048340e+01
   1.9812880e+06   9.6557617e+01
   1.9818140e+06   3.6376953e+01
   1.9892710e+06   4.3212891e+01
   1.9892860e+06   5.3405762e+01
   1.9893040e+06   7.0312500e+01
   1.9893380e+06   2.6123047e+01
   1.9893650e+06   4.7424316e+01
   1.9893780e+06   8.0139160e+01
   1.9894460e+06   3.4484863e+01
   1.9894580e+06   4.6325684e+01
   1.9895380e+06   3.2287598e+01
   1.9896330e+06   3.5644531e+01
   1.9896610e+06   4.8339844e+01
   1.9896750e+06   3.3996582e+01
   1.9897950e+06   4.9194336e+01
   1.9909870e+06   5.5114746e+01
   2.0001090e+06   4.2358398e+01
   2.0001430e+06   3.0761719e+01
   2.0001810e+06   7.8186035e+01
   2.0001980e+06   2.9541016e+01
   2.0002270e+06   6.1584473e+01
   2.0002430e+06   3.3264160e+01
   2.0002610e+06   5.0231934e+01
   2.0003080e+06   4.3884277e+01
   2.0003360e+06   3.1677246e+01
   2.0004030e+06   4.9682617e+01
   2.0005010e+06   5.4382324e+01
   2.0005270e+06   4.1137695e+01
   2.0006350e+06   7.2021484e+01
   2.0007900e+06   4.1137695e+01
   2.0056940e+06   3.6193848e+01
   2.0081320e+06   2.7404785e+01
   2.0136180e+06   4.2846680e+01
   2.0136940e+06   5.8044434e+01
   2.0137620e+06   6.1645508e+01
   2.0137740e+06   9.0759277e+01
   2.0138830e+06   3.1188965e+01
   2.0138980e+06   3.9855957e+01
   2.0139190e+06   3.3081055e+01
   2.0140290e+06   3.4118652e+01
   2.0140550e+06   4.8889160e+01
   2.0142930e+06   5.1757813e+01
   2.0143290e+06   4.4067383e+01
   2.0235830e+06   3.1799316e+01
   2.0235990e+06   5.9265137e+01
   2.0236360e+06   4.4006348e+01
   2.0236500e+06   5.4199219e+01
   2.0236760e+06   4.9133301e+01
   2.0237340e+06   4.4128418e+01
   2.0237590e+06   3.5522461e+01
   2.0237710e+06   2.6977539e+01
   2.0238470e+06   4.5349121e+01
   2.0240170e+06   3.4179688e+01
   2.0240400e+06   4.1015625e+01
   2.0242690e+06   4.9255371e+01
   2.0317110e+06   4.0771484e+01
   2.0317380e+06   7.0373535e+01
   2.0317840e+06   5.7189941e+01
   2.0318150e+06   5.2124023e+01
   2.0318810e+06   3.8574219e+01
   2.0318970e+06   4.7790527e+01
   2.0319820e+06   4.3334961e+01
   2.0319990e+06   5.2490234e+01
   2.0321700e+06   4.2053223e+01
   2.0321810e+06   5.2062988e+01
   2.0322040e+06   6.5612793e+01
   2.0324930e+06   4.9011230e+01
   2.0382620e+06   3.8146973e+01
   2.0382960e+06   3.3691406e+01
   2.0383380e+06   3.6132813e+01
   2.0383870e+06   6.5856934e+01
   2.0384080e+06   4.9926758e+01
   2.0384460e+06   4.0771484e+01
   2.0384590e+06   3.0761719e+01
   2.0385610e+06   5.1086426e+01
   2.0385850e+06   4.2907715e+01
   2.0386040e+06   3.7780762e+01
   2.0387400e+06   3.2653809e+01
   2.0387580e+06   4.9316406e+01
   2.0387980e+06   3.9489746e+01
   2.0390040e+06   4.3579102e+01
   2.0501630e+06   2.9785156e+01
   2.0501780e+06   4.2297363e+01
   2.0502330e+06   6.5490723e+01
   2.0502840e+06   5.3222656e+01
   2.0502940e+06   5.8349609e+01
   2.0503540e+06   4.6691895e+01
   2.0503830e+06   4.4738770e+01
   2.0504650e+06   3.0578613e+01
   2.0506170e+06   3.6560059e+01
   2.0507600e+06   4.9133301e+01
   2.0510430e+06   5.2124023e+01
   2.0626000e+06   6.0668945e+01
   2.0626300e+06   5.0659180e+01
   2.0626610e+06   4.7851563e+01
   2.0626850e+06   3.3691406e+01
   2.0627460e+06   4.0405273e+01
   2.0627580e+06   4.8583984e+01
   2.0627990e+06   3.6621094e+01
   2.0628420e+06   3.6315918e+01
   2.0630090e+06   4.1198730e+01
   2.0789000e+06   3.8940430e+01
   2.0789620e+06   2.6428223e+01
   2.0789850e+06   7.6049805e+01
   2.0790620e+06   4.8767090e+01
   2.0790770e+06   2.7038574e+01
   2.0790960e+06   3.1860352e+01
   2.0791610e+06   4.0527344e+01
   2.0791820e+06   4.6691895e+01
   2.0792790e+06   4.2846680e+01
   2.0794720e+06   5.1147461e+01
   2.0797570e+06   4.7119141e+01
   2.0916080e+06   3.0212402e+01
   2.0916280e+06   5.3466797e+01
   2.0916830e+06   3.7292480e+01
   2.0916980e+06   5.8410645e+01
   2.0917890e+06   4.5715332e+01
   2.0918290e+06   5.3100586e+01
   2.0918780e+06   4.3212891e+01
   2.0919650e+06   4.6630859e+01
   2.0921590e+06   4.1992187e+01
   2.0924880e+06   5.9387207e+01
   2.0982550e+06   5.3466797e+01
   2.1067530e+06   3.9001465e+01
   2.1068090e+06   6.1645508e+01
   2.1068290e+06   2.6184082e+01
   2.1068820e+06   6.2866211e+01
   2.1069060e+06   7.8491211e+01
   2.1069840e+06   2.6489258e+01
   2.1069950e+06   5.3466797e+01
   2.1070350e+06   4.8767090e+01
   2.1071010e+06   4.4067383e+01
   2.1071230e+06   4.3090820e+01
   2.1071410e+06   4.1076660e+01
   2.1193660e+06   3.8269043e+01
   2.1194150e+06   2.7954102e+01
   2.1194260e+06   7.4279785e+01
   2.1194780e+06   5.8166504e+01
   2.1194940e+06   5.8654785e+01
   2.1195210e+06   2.6916504e+01
   2.1196260e+06   6.6589355e+01
   2.1208830e+06   4.7790527e+01
   2.1325570e+06   6.3354492e+01
   2.1325810e+06   6.0791016e+01
   2.1326310e+06   6.0729980e+01
   2.1326540e+06   6.0302734e+01
   2.1327430e+06   4.4616699e+01
   2.1327730e+06   4.2846680e+01
   2.1328880e+06   3.7841797e+01
   2.1328980e+06   3.4667969e+01
   2.1331020e+06   4.9438477e+01
   2.1464200e+06   3.7841797e+01
   2.1464740e+06   6.1035156e+01
   2.1465240e+06   3.5522461e+01
   2.1465370e+06   5.5664063e+01
   2.1465500e+06   3.4545898e+01
   2.1466450e+06   2.7343750e+01
   2.1466580e+06   4.8156738e+01
   2.1466750e+06   3.7780762e+01
   2.1468360e+06   4.7241211e+01
   2.1471690e+06   4.5471191e+01
   2.1582730e+06   3.3935547e+01
   2.1583320e+06   3.0700684e+01
   2.1583450e+06   5.9265137e+01
   2.1584060e+06   4.6386719e+01
   2.1584190e+06   3.4179688e+01
   2.1584540e+06   6.9396973e+01
   2.1585340e+06   4.7302246e+01
   2.1585580e+06   6.7993164e+01
   2.1587440e+06   4.7485352e+01
   2.1594380e+06   5.3222656e+01
   2.1594570e+06   3.8085938e+01
   2.1711320e+06   4.1870117e+01
   2.1711680e+06   8.4167480e+01
   2.1711940e+06   4.4006348e+01
   2.1712260e+06   5.3283691e+01
   2.1712610e+06   5.1025391e+01
   2.1713180e+06   3.7231445e+01
   2.1713450e+06   2.6489258e+01
   2.1713660e+06   5.4687500e+01
   2.1714780e+06   3.6621094e+01
   2.1724530e+06   4.6691895e+01
   2.1813230e+06   2.9174805e+01
   2.1813900e+06   3.8940430e+01
   2.1814120e+06   6.8481445e+01
   2.1814980e+06   7.4829102e+01
   2.1815320e+06   5.5603027e+01
   2.1815980e+06   4.9865723e+01
   2.1816950e+06   4.2785645e+01
   2.1817390e+06   3.6376953e+01
   2.1819530e+06   4.3579102e+01
   2.1820810e+06   5.3955078e+01
   2.1934950e+06   6.7077637e+01
   2.1935470e+06   2.6184082e+01
   2.1935710e+06   6.0058594e+01
   2.1936190e+06   5.5969238e+01
   2.1936850e+06   5.5847168e+01
   2.1937600e+06   4.4982910e+01
   2.1938110e+06   5.1940918e+01
   2.1939570e+06   4.5227051e+01
   2.2076380e+06   3.0456543e+01
   2.2076850e+06   3.7292480e+01
   2.2076960e+06   3.4423828e+01
   2.2077710e+06   6.1828613e+01
   2.2077820e+06   2.9418945e+01
   2.2078520e+06   3.8391113e+01
   2.2079110e+06   5.0659180e+01
   2.2079440e+06   3.2287598e+01
   2.2080610e+06   4.7668457e+01
   2.2082190e+06   3.3325195e+01
   2.2187350e+06   7.1044922e+01
   2.2188130e+06   4.3212891e+01
   2.2188590e+06   3.2226563e+01
   2.2189220e+06   5.1269531e+01
   2.2190010e+06   3.0090332e+01
   2.2192700e+06   5.5358887e+01
   2.2331740e+06   3.9062500e+01
   2.2331910e+06   6.4270020e+01
   2.2332830e+06   4.7729492e+01
   2.2333120e+06   5.5236816e+01
   2.2333420e+06   3.5156250e+01
   2.2333680e+06   3.4423828e+01
   2.2334840e+06   5.0720215e+01
   2.2335230e+06   3.1921387e+01
   2.2462690e+06   2.6123047e+01
   2.2462930e+06   7.4645996e+01
   2.2463790e+06   5.4016113e+01
   2.2464100e+06   3.7475586e+01
   2.2464910e+06   4.8583984e+01
   2.2465420e+06   5.5175781e+01
   2.2468630e+06   5.8227539e+01
   2.2600440e+06   9.5825195e+01
   2.2601500e+06   3.6743164e+01
   2.2601950e+06   2.8442383e+01
   2.2602450e+06   5.1086426e+01
   2.2602750e+06   4.7424316e+01
   2.2604250e+06   3.3203125e+01
   2.2604410e+06   4.8339844e+01
   2.2739760e+06   2.8686523e+01
   2.2740450e+06   4.0649414e+01
   2.2740700e+06   5.6457520e+01
   2.2741360e+06   3.8635254e+01
   2.2741930e+06   5.5969238e+01
   2.2742200e+06   2.6672363e+01
   2.2744310e+06   5.7983398e+01
   2.2746620e+06   4.5349121e+01
   2.2892020e+06   7.1166992e+01
   2.2892580e+06   5.4992676e+01
   2.2893010e+06   3.8696289e+01
   2.2894930e+06   4.4128418e+01
   2.2895080e+06   6.5490723e+01
   2.3037300e+06   6.4636230e+01
   2.3038290e+06   4.7607422e+01
   2.3038830e+06   5.2307129e+01
   2.3196560e+06   4.3029785e+01
   2.3196790e+06   6.4941406e+01
   2.3197740e+06   2.7099609e+01
   2.3198080e+06   4.4616699e+01
   2.3198640e+06   4.9865723e+01
   2.3199990e+06   4.0100098e+01
   2.3373230e+06   6.9030762e+01
   2.3373880e+06   4.0771484e+01
   2.3374370e+06   4.5654297e+01
   2.3649090e+06   3.0273438e+01
   2.3649350e+06   6.8115234e+01
   2.3649680e+06   4.8889160e+01
   2.3650110e+06   2.7099609e+01
   2.3650230e+06   2.7221680e+01
   2.3650650e+06   4.9011230e+01
   2.3651890e+06   5.4931641e+01
   2.3651990e+06   3.0273438e+01
   2.3842630e+06   2.6977539e+01
   2.3894170e+06   3.1250000e+01
   2.3894690e+06   6.5307617e+01
   2.3894830e+06   2.9479980e+01
   2.3895980e+06   4.7851562e+01
   2.3897160e+06   2.7221680e+01
   2.4139190e+06   6.5795898e+01
   2.4140180e+06   4.8828125e+01
   2.4140320e+06   4.2968750e+01
   2.4378940e+06   7.2937012e+01
   2.4380160e+06   4.6936035e+01
   2.4381120e+06   3.0029297e+01
   2.4382510e+06   5.8898926e+01
   2.4490420e+06   7.7331543e+01
   2.4676540e+06   6.5856934e+01
   2.4677380e+06   2.8869629e+01
   2.4677600e+06   4.8645020e+01
   2.4679130e+06   4.1381836e+01
   2.4938590e+06   2.6489258e+01
   2.4938970e+06   5.9997559e+01
   2.4940160e+06   4.5166016e+01
   2.4941200e+06   2.7465820e+01
   2.5237910e+06   4.2724609e+01
   2.5239030e+06   4.6691895e+01
   2.5240770e+06   2.6245117e+01
   2.5420660e+06   7.6232910e+01
   2.5640590e+06   2.6611328e+01
   2.5641950e+06   6.5124512e+01
   2.5642310e+06   2.6123047e+01
   2.5643530e+06   5.4687500e+01
   2.5645390e+06   4.8217773e+01
   2.5922770e+06   8.0688477e+01
   2.5999220e+06   6.9580078e+01
   2.7010150e+06   7.2265625e+01
   2.7057960e+06   7.1166992e+01
   2.9073630e+06   4.0771484e+01
   3.0426130e+06   3.5278320e+01
   3.1540690e+06   2.6123047e+01
   3.1750450e+06   5.0598145e+01
   3.1958790e+06   3.1188965e+01
   3.2708280e+06   3.7353516e+01
   3.2708990e+06   3.6804199e+01
   3.2709300e+06   3.0517578e+01
   3.2709530e+06   3.1372070e+01
   3.2709830e+06   4.5715332e+01
   3.2710070e+06   7.1411133e+01
   3.2710230e+06   2.9663086e+01
   3.2710390e+06   3.1433105e+01
   3.2710550e+06   6.0180664e+01
   3.2710820e+06   1.0034180e+02
   3.2711100e+06   5.3710938e+01
   3.2711260e+06   4.9133301e+01
   3.2711500e+06   6.2622070e+01
   3.2711770e+06   4.8950195e+01
   3.2711990e+06   4.5593262e+01
   3.2712170e+06   3.4362793e+01
   3.2712670e+06   3.4545898e+01
   3.2712960e+06   3.7048340e+01
   3.2713340e+06   3.3630371e+01
   3.2713990e+06   4.7973633e+01
   3.2714730e+06   3.0395508e+01
   3.2714850e+06   5.3100586e+01
   3.2715240e+06   2.8686523e+01
   3.2715790e+06   4.6325684e+01
   3.2715960e+06   2.7282715e+01
   3.2716700e+06   5.7678223e+01
   3.2716890e+06   4.0527344e+01
   3.2717110e+06   3.1127930e+01
   3.2717760e+06   4.1320801e+01
   3.2718050e+06   3.8574219e+01
   3.2718450e+06   3.7719727e+01
   3.2719120e+06   4.4372559e+01
   3.2720260e+06   4.6264648e+01
   3.2721390e+06   4.3457031e+01
   3.2721490e+06   2.7709961e+01
   3.2722650e+06   4.1992188e+01
   3.2821520e+06   4.4616699e+01
   3.2863210e+06   3.9306641e+01
   3.6231840e+06   6.8481445e+01
   3.7089770e+06   4.0527344e+01
   3.7090790e+06   3.8330078e+01
   3.7091110e+06   3.9550781e+01
   3.7091360e+06   4.0527344e+01
   3.7091640e+06   4.2175293e+01
   3.7091890e+06   7.3913574e+01
   3.7092270e+06   8.5693359e+01
   3.7092450e+06   3.0517578e+01
   3.7092640e+06   1.0449219e+02
   3.7092930e+06   8.3618164e+01
   3.7093190e+06   3.3325195e+01
   3.7093300e+06   3.2531738e+01
   3.7093550e+06   3.1188965e+01
   3.7093700e+06   3.6560059e+01
   3.7094090e+06   2.6672363e+01
   3.7094420e+06   3.1738281e+01
   3.7094560e+06   3.9855957e+01
   3.7094820e+06   3.2104492e+01
   3.7095200e+06   2.7160645e+01
   3.7095440e+06   4.5532227e+01
   3.7096430e+06   4.9377441e+01
   3.7096830e+06   5.5297852e+01
   3.7097220e+06   6.5734863e+01
   3.7097690e+06   3.0944824e+01
   3.7098100e+06   3.1250000e+01
   3.7098200e+06   4.6142578e+01
   3.7098860e+06   3.4667969e+01
   3.7099090e+06   7.0495605e+01
   3.7100080e+06   3.8330078e+01
   3.7100190e+06   5.2978516e+01
   3.7101190e+06   5.0720215e+01
   3.7102080e+06   3.5583496e+01
   3.7102410e+06   5.2490234e+01
   3.7103480e+06   4.4616699e+01
   3.7104890e+06   4.4128418e+01
   3.7244120e+06   3.8574219e+01
   3.7296520e+06   5.0170898e+01
   3.7319480e+06   3.4179688e+01
   3.7567830e+06   3.9062500e+01
   3.7812350e+06   6.6711426e+01
   3.8771930e+06   3.6682129e+01
   3.8772850e+06   3.5095215e+01
   3.8773080e+06   3.4790039e+01
   3.8773380e+06   3.0883789e+01
   3.8773640e+06   3.2653809e+01
   3.8773900e+06   7.2143555e+01
   3.8774210e+06   8.8317871e+01
   3.8774430e+06   4.5654297e+01
   3.8774540e+06   8.0566406e+01
   3.8774820e+06   4.4555664e+01
   3.8774970e+06   3.4667969e+01
   3.8775150e+06   3.5522461e+01
   3.8775370e+06   3.9672852e+01
   3.8775650e+06   4.6264648e+01
   3.8775930e+06   3.2958984e+01
   3.8776100e+06   4.6875000e+01
   3.8776490e+06   3.7719727e+01
   3.8776820e+06   3.8085938e+01
   3.8777200e+06   2.8137207e+01
   3.8777530e+06   3.8879395e+01
   3.8777690e+06   3.4790039e+01
   3.8778220e+06   3.8208008e+01
   3.8778380e+06   3.9978027e+01
   3.8778690e+06   3.6987305e+01
   3.8778800e+06   4.5654297e+01
   3.8779310e+06   4.1503906e+01
   3.8779990e+06   4.5043945e+01
   3.8780260e+06   4.2236328e+01
   3.8780700e+06   3.9428711e+01
   3.8781020e+06   3.1494141e+01
   3.8781210e+06   3.1066895e+01
   3.8781670e+06   3.5766602e+01
   3.8782170e+06   2.8137207e+01
   3.8783180e+06   3.4301758e+01
   3.8783280e+06   5.5725098e+01
   3.8784260e+06   3.3081055e+01
   3.8785360e+06   3.6499023e+01
   3.8786870e+06   3.8208008e+01
   3.8788300e+06   4.2541504e+01
   3.8792190e+06   5.2124023e+01
   3.8802520e+06   5.0659180e+01
   3.8820040e+06   5.4077148e+01
   4.0815740e+06   6.4819336e+01
   4.2128310e+06   3.4667969e+01
   4.2128960e+06   4.2419434e+01
   4.2129380e+06   4.5104980e+01
   4.2129640e+06   3.8452148e+01
   4.2129920e+06   3.7780762e+01
   4.2130190e+06   8.1726074e+01
   4.2130490e+06   4.9133301e+01
   4.2130760e+06   8.9782715e+01
   4.2131070e+06   9.3627930e+01
   4.2131200e+06   7.3425293e+01
   4.2131420e+06   6.6406250e+01
   4.2131590e+06   7.1289063e+01
   4.2131760e+06   6.1157227e+01
   4.2132020e+06   3.7902832e+01
   4.2132350e+06   4.3029785e+01
   4.2132600e+06   5.9875488e+01
   4.2132880e+06   2.9235840e+01
   4.2133170e+06   4.0527344e+01
   4.2134000e+06   3.9733887e+01
   4.2134700e+06   3.1616211e+01
   4.2134840e+06   4.2114258e+01
   4.2135530e+06   5.1269531e+01
   4.2135710e+06   4.8400879e+01
   4.2136150e+06   3.5644531e+01
   4.2136360e+06   2.6977539e+01
   4.2136610e+06   3.6010742e+01
   4.2137250e+06   3.6865234e+01
   4.2137580e+06   3.2409668e+01
   4.2137870e+06   2.6123047e+01
   4.2138060e+06   3.6621094e+01
   4.2138600e+06   4.0649414e+01
   4.2139240e+06   5.2246094e+01
   4.2139660e+06   3.1372070e+01
   4.2140690e+06   3.4362793e+01
   4.2141710e+06   5.1208496e+01
   4.2141810e+06   4.6386719e+01
   4.2143130e+06   3.2836914e+01
   4.2144570e+06   4.2053223e+01
   4.2151430e+06   4.9865723e+01
   4.2303320e+06   4.0344238e+01
   4.3875890e+06   3.6132813e+01
   4.3876940e+06   4.1564941e+01
   4.3877320e+06   4.4128418e+01
   4.3877710e+06   3.9978027e+01
   4.3877970e+06   3.5461426e+01
   4.3878270e+06   5.9753418e+01
   4.3878400e+06   5.0109863e+01
   4.3878800e+06   4.4311523e+01
   4.3878900e+06   6.9824219e+01
   4.3879090e+06   4.5166016e+01
   4.3879210e+06   1.1102295e+02
   4.3879470e+06   3.3386230e+01
   4.3879620e+06   3.2226563e+01
   4.3879730e+06   6.6040039e+01
   4.3880190e+06   4.9926758e+01
   4.3880410e+06   4.1931152e+01
   4.3880640e+06   3.0456543e+01
   4.3880870e+06   4.1198730e+01
   4.3881130e+06   3.0334473e+01
   4.3881590e+06   3.1250000e+01
   4.3881790e+06   4.2663574e+01
   4.3881960e+06   2.9052734e+01
   4.3882440e+06   2.7954102e+01
   4.3882620e+06   3.0334473e+01
   4.3882860e+06   3.9916992e+01
   4.3882990e+06   2.9663086e+01
   4.3883420e+06   5.6823730e+01
   4.3883800e+06   4.1870117e+01
   4.3884370e+06   3.3142090e+01
   4.3884680e+06   3.7658691e+01
   4.3884810e+06   4.1259766e+01
   4.3885560e+06   5.3344727e+01
   4.3886090e+06   3.8879395e+01
   4.3886480e+06   3.2897949e+01
   4.3886620e+06   2.9968262e+01
   4.3887190e+06   4.7546387e+01
   4.3887470e+06   3.9184570e+01
   4.3888540e+06   3.5705566e+01
   4.3889660e+06   3.2836914e+01
   4.3890890e+06   4.1198730e+01
   4.3892210e+06   3.7780762e+01
   4.3893640e+06   3.7597656e+01
   4.3896860e+06   3.7902832e+01
   4.4772300e+06   6.9213867e+01
   4.5855770e+06   3.9855957e+01
   4.7928170e+06   3.7292480e+01
   4.7928490e+06   3.3935547e+01
   4.7929020e+06   3.8391113e+01
   4.7929260e+06   3.4790039e+01
   4.7929570e+06   2.7832031e+01
   4.7929710e+06   9.2041016e+01
   4.7930010e+06   3.8208008e+01
   4.7930250e+06   9.5153809e+01
   4.7930580e+06   5.6823730e+01
   4.7930850e+06   3.0273438e+01
   4.7931020e+06   4.6752930e+01
   4.7931350e+06   2.6977539e+01
   4.7931600e+06   6.6284180e+01
   4.7931850e+06   6.0546875e+01
   4.7932080e+06   3.1311035e+01
   4.7932490e+06   4.2053223e+01
   4.7933040e+06   3.1494141e+01
   4.7933310e+06   3.8696289e+01
   4.7933450e+06   4.4921875e+01
   4.7933920e+06   2.9418945e+01
   4.7934320e+06   4.6264648e+01
   4.7934740e+06   3.3447266e+01
   4.7935190e+06   5.1513672e+01
   4.7935310e+06   4.7851563e+01
   4.7935500e+06   3.0944824e+01
   4.7935930e+06   4.4372559e+01
   4.7936120e+06   3.6315918e+01
   4.7936650e+06   4.1931152e+01
   4.7937060e+06   2.9846191e+01
   4.7937630e+06   4.8583984e+01
   4.7938050e+06   3.0273438e+01
   4.7938360e+06   2.7160645e+01
   4.7938500e+06   3.8330078e+01
   4.7939150e+06   3.5217285e+01
   4.7940300e+06   3.6682129e+01
   4.7940400e+06   4.8645020e+01
   4.7941430e+06   3.9611816e+01
   4.7942350e+06   5.3405762e+01
   4.7942570e+06   3.3996582e+01
   4.7943960e+06   3.4973145e+01
   4.7947720e+06   4.6081543e+01
   4.8095110e+06   3.2104492e+01
   4.8192380e+06   2.6489258e+01
   4.9583190e+06   7.7087402e+01
   5.0246620e+06   6.2805176e+01
   5.0738520e+06   4.0771484e+01
   5.0826090e+06   4.4189453e+01
   5.0843700e+06   3.6743164e+01
   5.2340700e+06   3.2592773e+01
   5.2341230e+06   3.5278320e+01
   5.2341450e+06   4.1564941e+01
   5.2341720e+06   3.6315918e+01
   5.2341960e+06   6.7687988e+01
   5.2342220e+06   3.7353516e+01
   5.2342530e+06   7.4035645e+01
   5.2342760e+06   4.4982910e+01
   5.2342910e+06   7.6354980e+01
   5.2343210e+06   5.3955078e+01
   5.2343340e+06   6.5490723e+01
   5.2343490e+06   4.5898438e+01
   5.2343670e+06   5.8837891e+01
   5.2344000e+06   3.1066895e+01
   5.2344200e+06   4.6691895e+01
   5.2344500e+06   4.1198730e+01
   5.2344740e+06   4.3212891e+01
   5.2345110e+06   4.1748047e+01
   5.2345710e+06   3.7170410e+01
   5.2345990e+06   3.2775879e+01
   5.2346290e+06   4.3029785e+01
   5.2346620e+06   4.0771484e+01
   5.2347060e+06   3.9550781e+01
   5.2347540e+06   3.8635254e+01
   5.2347940e+06   2.6672363e+01
   5.2348270e+06   3.1250000e+01
   5.2348390e+06   4.1809082e+01
   5.2348890e+06   4.0710449e+01
   5.2349010e+06   2.9113770e+01
   5.2349360e+06   2.9846191e+01
   5.2349510e+06   3.8146973e+01
   5.2349770e+06   2.6184082e+01
   5.2350040e+06   3.2714844e+01
   5.2350360e+06   7.0495605e+01
   5.2351230e+06   3.7658691e+01
   5.2351390e+06   3.1311035e+01
   5.2351720e+06   3.6071777e+01
   5.2351830e+06   3.1921387e+01
   5.2352470e+06   3.9855957e+01
   5.2352610e+06   3.2287598e+01
   5.2353000e+06   4.6875000e+01
   5.2353660e+06   3.4973145e+01
   5.2354060e+06   2.6184082e+01
   5.2354420e+06   3.0822754e+01
   5.3084480e+06   3.8696289e+01
   5.3136830e+06   6.7993164e+01
   5.5489420e+06   3.8635254e+01
   5.5490050e+06   3.1005859e+01
   5.5490270e+06   2.9174805e+01
   5.5490540e+06   3.1860352e+01
   5.5490880e+06   8.0749512e+01
   5.5491210e+06   8.7463379e+01
   5.5491340e+06   3.4729004e+01
   5.5491610e+06   6.7443848e+01
   5.5491770e+06   4.7241211e+01
   5.5491940e+06   7.9406738e+01
   5.5492040e+06   4.1564941e+01
   5.5492220e+06   3.8452148e+01
   5.5492460e+06   6.1096191e+01
   5.5492600e+06   4.5410156e+01
   5.5493090e+06   6.2011719e+01
   5.5493870e+06   4.2419434e+01
   5.5494000e+06   2.9724121e+01
   5.5494290e+06   3.3569336e+01
   5.5494610e+06   2.8930664e+01
   5.5494800e+06   3.5339355e+01
   5.5495270e+06   3.0090332e+01
   5.5495640e+06   3.8085938e+01
   5.5496530e+06   5.6396484e+01
   5.5497320e+06   3.9794922e+01
   5.5497420e+06   4.0466309e+01
   5.5497790e+06   2.6428223e+01
   5.5498140e+06   3.0090332e+01
   5.5498350e+06   5.9204102e+01
   5.5498590e+06   3.3386230e+01
   5.5499350e+06   5.2124023e+01
   5.5499460e+06   3.2226563e+01
   5.5500390e+06   3.7353516e+01
   5.5500930e+06   3.8330078e+01
   5.5501350e+06   3.5400391e+01
   5.5501950e+06   4.5410156e+01
   5.5502410e+06   3.0151367e+01
   5.5502570e+06   2.8625488e+01
   5.5503500e+06   2.6916504e+01
   5.5504710e+06   3.3508301e+01
   5.5505980e+06   3.8818359e+01
   5.5828770e+06   3.1433105e+01
   5.6602360e+06   6.8908691e+01
   5.6725730e+06   6.0852051e+01
   5.6770020e+06   6.6345215e+01
   6.2342560e+06   4.3823242e+01
   6.2342810e+06   3.3142090e+01
   6.2343110e+06   3.2409668e+01
   6.2343370e+06   3.3874512e+01
   6.2343590e+06   3.1921387e+01
   6.2343720e+06   5.7067871e+01
   6.2343880e+06   3.9428711e+01
   6.2344180e+06   3.6926270e+01
   6.2344370e+06   9.6862793e+01
   6.2344640e+06   8.3679199e+01
   6.2344800e+06   3.3935547e+01
   6.2344940e+06   3.0334473e+01
   6.2345130e+06   3.7719727e+01
   6.2345250e+06   7.8125000e+01
   6.2345450e+06   2.7832031e+01
   6.2345800e+06   3.4606934e+01
   6.2346090e+06   5.2978516e+01
   6.2346280e+06   3.0822754e+01
   6.2346400e+06   3.1555176e+01
   6.2346630e+06   3.0212402e+01
   6.2346780e+06   3.3386230e+01
   6.2347540e+06   3.9367676e+01
   6.2347830e+06   2.5695801e+01
   6.2348380e+06   3.9428711e+01
   6.2348560e+06   3.0700684e+01
   6.2348880e+06   3.0883789e+01
   6.2349220e+06   5.3833008e+01
   6.2349600e+06   2.7770996e+01
   6.2350020e+06   4.1076660e+01
   6.2350460e+06   3.1066895e+01
   6.2351010e+06   6.0302734e+01
   6.2351120e+06   3.3630371e+01
   6.2351680e+06   2.8259277e+01
   6.2351950e+06   3.6682129e+01
   6.2352260e+06   3.3325195e+01
   6.2352520e+06   3.2836914e+01
   6.2352860e+06   3.1311035e+01
   6.2353000e+06   2.9724121e+01
   6.2353260e+06   3.5888672e+01
   6.2354180e+06   3.7536621e+01
   6.2354480e+06   3.9794922e+01
   6.2355330e+06   3.8513184e+01
   6.2356080e+06   6.9274902e+01
   6.2356460e+06   3.5888672e+01
   6.2356820e+06   2.6611328e+01
   6.2357680e+06   3.5095215e+01
   6.2358980e+06   3.6865234e+01
   6.2360210e+06   3.7963867e+01
   6.2361540e+06   3.1616211e+01
   6.2362660e+06   5.5419922e+01
   6.2364380e+06   4.1381836e+01
   6.2368170e+06   2.7526855e+01
   6.2369730e+06   4.0466309e+01
   6.2377230e+06   4.7973633e+01
   6.2785630e+06   3.4851074e+01
   6.5398070e+06   3.9672852e+01
   6.5496040e+06   6.2011719e+01
   6.6132670e+06   2.5695801e+01
   6.6912300e+06   3.0090332e+01
   6.6913160e+06   2.6672363e+01
   6.6913380e+06   3.2592773e+01
   6.6913690e+06   3.9855957e+01
   6.6914070e+06   3.7902832e+01
   6.6914310e+06   6.2011719e+01
   6.6914660e+06   3.8879395e+01
   6.6914820e+06   9.7717285e+01
   6.6915040e+06   5.3955078e+01
   6.6915180e+06   4.3640137e+01
   6.6915490e+06   4.9621582e+01
   6.6915620e+06   5.0476074e+01
   6.6915730e+06   6.9763184e+01
   6.6915950e+06   3.2165527e+01
   6.6916100e+06   2.6794434e+01
   6.6916320e+06   3.6132813e+01
   6.6916610e+06   3.0700684e+01
   6.6916720e+06   2.6550293e+01
   6.6917050e+06   4.3395996e+01
   6.6917270e+06   3.8696289e+01
   6.6917400e+06   3.2287598e+01
   6.6918000e+06   4.4494629e+01
   6.6918250e+06   2.7282715e+01
   6.6918620e+06   3.0822754e+01
   6.6918890e+06   3.6071777e+01
   6.6919070e+06   2.6489258e+01
   6.6919630e+06   4.0100098e+01
   6.6919990e+06   2.8747559e+01
   6.6920510e+06   2.8564453e+01
   6.6920760e+06   3.7719727e+01
   6.6921540e+06   3.2897949e+01
   6.6921720e+06   3.4973145e+01
   6.6922140e+06   2.9296875e+01
   6.6922530e+06   3.5339355e+01
   6.6922730e+06   3.7536621e+01
   6.6922970e+06   2.9968262e+01
   6.6923500e+06   4.2724609e+01
   6.6923810e+06   4.0161133e+01
   6.6924310e+06   4.5227051e+01
   6.6924740e+06   3.3691406e+01
   6.6924860e+06   2.9663086e+01
   6.6925870e+06   6.8725586e+01
   6.6926920e+06   4.0466309e+01
   6.6927960e+06   4.1015625e+01
   6.6929260e+06   3.6071777e+01
   6.6930580e+06   2.9663086e+01
   6.6932120e+06   3.4301758e+01
   6.6935400e+06   5.9204102e+01
   6.6937420e+06   4.2236328e+01
   6.8901950e+06   6.1218262e+01
   6.9275580e+06   6.4758301e+01
   7.0393510e+06   4.2297363e+01
   7.1586170e+06   6.6528320e+01
   7.1619170e+06   2.6184082e+01
   7.2069330e+06   6.3171387e+01
   7.2835970e+06   4.1809082e+01
   7.2836610e+06   3.7109375e+01
   7.2836940e+06   3.9733887e+01
   7.2837230e+06   2.6733398e+01
   7.2837450e+06   3.0212402e+01
   7.2837710e+06   3.3752441e+01
   7.2837880e+06   6.0119629e+01
   7.2838240e+06   6.8054199e+01
   7.2838490e+06   1.2451172e+02
   7.2838700e+06   3.0639648e+01
   7.2838810e+06   8.9538574e+01
   7.2839090e+06   3.6193848e+01
   7.2839240e+06   4.4311523e+01
   7.2839460e+06   7.2998047e+01
   7.2839850e+06   8.7829590e+01
   7.2840010e+06   4.7851563e+01
   7.2840340e+06   3.6682129e+01
   7.2840640e+06   3.2531738e+01
   7.2840910e+06   3.7231445e+01
   7.2841260e+06   2.7587891e+01
   7.2841860e+06   4.9804688e+01
   7.2842120e+06   3.4912109e+01
   7.2842470e+06   4.4921875e+01
   7.2842700e+06   3.7292480e+01
   7.2842900e+06   4.4128418e+01
   7.2843290e+06   2.9296875e+01
   7.2843540e+06   3.8879395e+01
   7.2843740e+06   3.3325195e+01
   7.2844040e+06   3.2104492e+01
   7.2844160e+06   3.7414551e+01
   7.2844420e+06   2.8869629e+01
   7.2844780e+06   3.4118652e+01
   7.2845200e+06   3.4851074e+01
   7.2845440e+06   3.4790039e+01
   7.2845840e+06   3.9306641e+01
   7.2846030e+06   2.8320313e+01
   7.2846310e+06   2.5939941e+01
   7.2846810e+06   3.4301758e+01
   7.2847200e+06   3.1982422e+01
   7.2847370e+06   2.9907227e+01
   7.2848210e+06   4.5227051e+01
   7.2849230e+06   4.0405273e+01
   7.2849340e+06   3.2897949e+01
   7.2850370e+06   3.4606934e+01
   7.2850620e+06   3.9367676e+01
   7.2851660e+06   2.6306152e+01
   7.2852620e+06   3.8024902e+01
   7.2852750e+06   3.0395508e+01
   7.2853820e+06   2.8686523e+01
   7.2853940e+06   2.9663086e+01
   7.2855010e+06   5.9387207e+01
   7.2855280e+06   3.7292480e+01
   7.2855790e+06   3.5766602e+01
   7.2856650e+06   3.1555176e+01
   7.2858070e+06   3.5522461e+01
   7.2863250e+06   5.8776855e+01
   7.2865030e+06   3.4973145e+01
   7.2870900e+06   4.4372559e+01
   7.2873050e+06   4.4799805e+01
   7.3040930e+06   5.8776855e+01
   7.6595090e+06   6.8420410e+01
   7.8136540e+06   6.3354492e+01
   7.9233250e+06   4.4921875e+01
   7.9732870e+06   6.3171387e+01
   8.0948510e+06   6.7687988e+01
   8.2735220e+06   6.3720703e+01
   8.3773770e+06   6.4636230e+01
   8.4848530e+06   6.5490723e+01
   8.5686920e+06   3.8818359e+01
   8.6209130e+06   5.6823730e+01
   8.6215020e+06   6.5124512e+01
   8.6254140e+06   6.4086914e+01
   8.6305860e+06   3.5827637e+01
   8.6306710e+06   4.3945313e+01
   8.6307160e+06   2.9846191e+01
   8.6307390e+06   2.8442383e+01
   8.6307650e+06   3.8757324e+01
   8.6307980e+06   3.9794922e+01
   8.6308120e+06   6.1889648e+01
   8.6308410e+06   4.8400879e+01
   8.6308640e+06   8.7585449e+01
   8.6308930e+06   3.8085938e+01
   8.6309140e+06   4.6447754e+01
   8.6309310e+06   4.2480469e+01
   8.6309510e+06   3.7536621e+01
   8.6309710e+06   3.6315918e+01
   8.6309900e+06   2.9541016e+01
   8.6310160e+06   3.8024902e+01
   8.6310330e+06   3.0639648e+01
   8.6310530e+06   2.9052734e+01
   8.6311250e+06   3.6743164e+01
   8.6311620e+06   3.1372070e+01
   8.6312150e+06   2.6367188e+01
   8.6312290e+06   3.7841797e+01
   8.6312460e+06   2.7587891e+01
   8.6313230e+06   4.4555664e+01
   8.6313490e+06   3.7475586e+01
   8.6313870e+06   2.6916504e+01
   8.6314200e+06   6.0791016e+01
   8.6314410e+06   3.9428711e+01
   8.6315100e+06   4.3579102e+01
   8.6315360e+06   2.7893066e+01
   8.6315890e+06   2.6367188e+01
   8.6316040e+06   3.9184570e+01
   8.6316230e+06   3.1738281e+01
   8.6316530e+06   2.6062012e+01
   8.6317060e+06   5.6640625e+01
   8.6317330e+06   3.0334473e+01
   8.6317960e+06   2.7770996e+01
   8.6318350e+06   3.7109375e+01
   8.6318940e+06   3.2409668e+01
   8.6319710e+06   3.0944824e+01
   8.6320230e+06   3.2409668e+01
   8.6320430e+06   4.0649414e+01
   8.6321020e+06   3.4729004e+01
   8.6321740e+06   3.6682129e+01
   8.6322990e+06   3.8269043e+01
   8.6323130e+06   3.3203125e+01
   8.6324420e+06   3.6804199e+01
   8.6324850e+06   4.0649414e+01
   8.6328410e+06   4.9377441e+01
   8.6329280e+06   4.8828125e+01
   8.6331050e+06   4.6813965e+01
   8.6333690e+06   5.5053711e+01
   8.6334250e+06   3.9367676e+01
   8.6337630e+06   4.5410156e+01
   8.6341300e+06   5.3466797e+01
   8.6345090e+06   5.7556152e+01
   8.6347840e+06   5.7556152e+01
   8.6354940e+06   5.6823730e+01
   8.6364880e+06   5.3283691e+01
   8.6373060e+06   4.0100098e+01
   8.6390220e+06   4.2419434e+01
   8.6393830e+06   3.2653809e+01
   8.6396860e+06   4.0283203e+01
   8.6399790e+06   3.2348633e+01
   8.6402190e+06   4.1809082e+01
   8.6403960e+06   2.8320313e+01
   8.6406230e+06   2.8564453e+01
   8.6408670e+06   3.8391113e+01
   8.6411740e+06   3.3935547e+01
   8.6414870e+06   3.0517578e+01
   8.6416540e+06   5.6091309e+01
   8.6418290e+06   2.9724121e+01
   8.6420590e+06   3.1616211e+01
   8.6422630e+06   4.2541504e+01
   8.6425170e+06   3.1494141e+01
   8.6430020e+06   3.2897949e+01
   8.6433200e+06   3.2348633e+01
   8.6436210e+06   3.2043457e+01
   8.6439260e+06   3.1066895e+01
   8.6442220e+06   3.3630371e+01
   8.6445170e+06   4.1198730e+01
   8.6447980e+06   3.3142090e+01
   8.6450980e+06   3.3752441e+01
   8.6462750e+06   3.1677246e+01
   8.6468310e+06   3.7902832e+01
   8.6477700e+06   2.8015137e+01
   8.6481570e+06   3.8452148e+01
   8.6768190e+06   4.1259766e+01
   8.6964160e+06   2.5817871e+01
   8.7364360e+06   3.8574219e+01
   8.7491380e+06   6.8298340e+01
   8.7793990e+06   6.1767578e+01
   8.8578020e+06   5.9814453e+01
   8.8748750e+06   6.4636230e+01
   8.8786570e+06   6.2622070e+01
   8.9856170e+06   7.0922852e+01
   9.0647650e+06   7.6049805e+01
   9.0809440e+06   5.5664063e+01
   9.1264960e+06   3.1921387e+01
   9.1268520e+06   4.0039063e+01
   9.1269050e+06   3.0761719e+01
   9.1269340e+06   3.4118652e+01
   9.1269640e+06   2.9968262e+01
   9.1269870e+06   2.9235840e+01
   9.1270190e+06   3.8574219e+01
   9.1270360e+06   5.4138184e+01
   9.1270750e+06   3.3142090e+01
   9.1270980e+06   1.1804199e+02
   9.1271270e+06   3.5827637e+01
   9.1271500e+06   5.1025391e+01
   9.1271640e+06   3.2714844e+01
   9.1271880e+06   6.6589355e+01
   9.1272040e+06   2.6000977e+01
   9.1272180e+06   6.3903809e+01
   9.1272530e+06   2.8869629e+01
   9.1272880e+06   4.5166016e+01
   9.1273080e+06   4.1687012e+01
   9.1273250e+06   3.1127930e+01
   9.1273550e+06   4.3273926e+01
   9.1273890e+06   2.8259277e+01
   9.1274590e+06   3.3325195e+01
   9.1275480e+06   4.7485352e+01
   9.1276070e+06   2.6855469e+01
   9.1276350e+06   4.1992188e+01
   9.1276480e+06   3.0578613e+01
   9.1277020e+06   2.8320313e+01
   9.1277250e+06   4.7363281e+01
   9.1278040e+06   5.1391602e+01
   9.1278220e+06   3.2714844e+01
   9.1278540e+06   2.7465820e+01
   9.1279120e+06   3.1494141e+01
   9.1279370e+06   2.7038574e+01
   9.1279920e+06   3.0273438e+01
   9.1280180e+06   3.3020020e+01
   9.1280300e+06   2.6794434e+01
   9.1280520e+06   4.1931152e+01
   9.1281150e+06   3.8879395e+01
   9.1281740e+06   3.0212402e+01
   9.1282310e+06   3.9611816e+01
   9.1283320e+06   3.4240723e+01
   9.1283920e+06   3.6010742e+01
   9.1284540e+06   3.3752441e+01
   9.1284870e+06   3.6376953e+01
   9.1285920e+06   4.1137695e+01
   9.1286550e+06   4.5593262e+01
   9.1287190e+06   3.6437988e+01
   9.1288540e+06   3.9550781e+01
   9.1289030e+06   5.3466797e+01
   9.1289910e+06   3.4912109e+01
   9.1291190e+06   3.1494141e+01
   9.1291830e+06   4.4860840e+01
   9.1292830e+06   4.0222168e+01
   9.1293710e+06   4.6447754e+01
   9.1294410e+06   4.2114258e+01
   9.1300530e+06   4.5288086e+01
   9.1301340e+06   5.0842285e+01
   9.1305990e+06   5.6518555e+01
   9.1359540e+06   3.0761719e+01
   9.1362130e+06   3.3447266e+01
   9.1365990e+06   3.8513184e+01
   9.1368810e+06   4.0222168e+01
   9.1372040e+06   3.3691406e+01
   9.1375520e+06   3.1677246e+01
   9.1384920e+06   2.6367188e+01
   9.1390520e+06   3.0334473e+01
   9.1396350e+06   3.6132813e+01
   9.1407880e+06   3.2348633e+01
   9.1411790e+06   3.6193848e+01
   9.1428990e+06   3.5461426e+01
   9.1449890e+06   3.6010742e+01
   9.1486880e+06   4.4067383e+01
   9.2234050e+06   5.9448242e+01
   9.3511840e+06   6.0546875e+01
   9.3514850e+06   5.6030273e+01
   9.3515970e+06   5.5480957e+01
   9.3517520e+06   4.7912598e+01
   9.3519580e+06   5.2185059e+01
   9.3520610e+06   4.8583984e+01
   9.3523490e+06   5.7678223e+01
   9.3528770e+06   5.4382324e+01
   9.3534150e+06   5.5725098e+01
   9.3540470e+06   5.8532715e+01
   9.3877720e+06   5.4748535e+01
   9.3882490e+06   5.9082031e+01
   9.4126030e+06   3.7963867e+01
   9.4178920e+06   9.0942383e+01
   9.4338830e+06   5.7250977e+01
   9.4555270e+06   6.1889648e+01
   9.6552550e+06   5.8776855e+01
   9.6669060e+06   3.3813477e+01
   9.7122090e+06   6.3415527e+01
   9.7553180e+06   5.8654785e+01
   9.7876980e+06   5.9509277e+01
   9.9107040e+06   5.8959961e+01
   9.9248730e+06   6.3598633e+01
   1.0017319e+07   6.4147949e+01
   1.0079615e+07   4.3457031e+01
   1.0097986e+07   3.7536621e+01
   1.0131829e+07   4.0039063e+01
   1.0330944e+07   4.0466309e+01
   1.0505247e+07   5.2978516e+01
   1.0505369e+07   3.5095215e+01
   1.0523614e+07   4.4189453e+01
   1.0600366e+07   7.9345703e+01
   1.0772458e+07   5.8715820e+01
   1.0776849e+07   7.0739746e+01
   1.0779247e+07   2.7282715e+01
   1.0941632e+07   5.5297852e+01
   1.1119924e+07   6.0302734e+01
   1.1123680e+07   6.1767578e+01
   1.1126849e+07   6.2561035e+01
   1.1127812e+07   5.6274414e+01
   1.1132733e+07   5.7922363e+01
   1.1138137e+07   6.3964844e+01
   1.1144536e+07   6.0974121e+01
   1.1145181e+07   5.9326172e+01
   1.1152494e+07   5.6457520e+01
   1.1169412e+07   5.2795410e+01
   1.1174072e+07   6.0791016e+01
   1.1238112e+07   6.0485840e+01
   1.1238695e+07   5.6274414e+01
   1.1405327e+07   5.4443359e+01
   1.1478772e+07   5.7800293e+01
   1.1529827e+07   5.9020996e+01
   1.1610751e+07   6.2011719e+01
   1.1663385e+07   6.2805176e+01
   1.1789320e+07   5.9387207e+01
   1.1932970e+07   2.6367188e+01
   1.1936024e+07   2.6672363e+01
   1.1961255e+07   3.7536621e+01
   1.1982842e+07   5.4992676e+01
   1.1987014e+07   6.0668945e+01
   1.1987378e+07   5.8044434e+01
   1.1987841e+07   5.5175781e+01
   1.1988403e+07   5.7250977e+01
