   1.1999000e+07   0.0000000e+00
   1.8493000e+04   4.3579102e+01
   2.9407000e+04   2.5756836e+01
   5.2668000e+04   2.6000977e+01
   7.3460000e+04   4.4738770e+01
   7.3514000e+04   3.0090332e+01
   7.3542000e+04   3.4301758e+01
   7.3564000e+04   2.6367187e+01
   7.3583000e+04   3.6560059e+01
   7.3608000e+04   7.0617676e+01
   7.3633000e+04   2.8991699e+01
   7.3667000e+04   8.2946777e+01
   7.3697000e+04   4.9194336e+01
   7.3724000e+04   3.8024902e+01
   7.3736000e+04   4.7973633e+01
   7.3747000e+04   2.8137207e+01
   7.3796000e+04   7.6354980e+01
   7.3815000e+04   3.8269043e+01
   7.3833000e+04   2.6550293e+01
   7.3895000e+04   3.1311035e+01
   7.3940000e+04   4.3212891e+01
   7.4021000e+04   2.6733398e+01
   7.4075000e+04   3.1799316e+01
   7.4085000e+04   3.3996582e+01
   7.4242000e+04   2.6000977e+01
   9.5126000e+04   2.7648926e+01
   9.5629000e+04   3.6804199e+01
   1.2934200e+05   2.7099609e+01
   1.4879400e+05   3.7902832e+01
   1.4884700e+05   3.5461426e+01
   1.4888900e+05   3.1982422e+01
   1.4892000e+05   3.7780762e+01
   1.4893200e+05   3.7963867e+01
   1.4896700e+05   5.4260254e+01
   1.4899100e+05   5.1879883e+01
   1.4902000e+05   4.4189453e+01
   1.4904500e+05   3.9489746e+01
   1.4905800e+05   3.3508301e+01
   1.4908700e+05   3.7292480e+01
   1.4910400e+05   6.4208984e+01
   1.4921300e+05   3.2226563e+01
   1.4923800e+05   3.1127930e+01
   1.4935400e+05   3.2836914e+01
   1.4955700e+05   2.6062012e+01
   2.6511600e+05   3.0700684e+01
   2.6519400e+05   2.6672363e+01
   2.6525500e+05   2.7954102e+01
   2.6528200e+05   7.4768066e+01
   2.6540500e+05   7.1716309e+01
   2.6550900e+05   8.2214355e+01
   2.6553800e+05   3.3081055e+01
   2.6555900e+05   6.5490723e+01
   2.6559800e+05   7.4890137e+01
   2.6565000e+05   5.2551270e+01
   2.6568800e+05   3.4057617e+01
   2.6570500e+05   8.2153320e+01
   2.6574800e+05   7.3547363e+01
   2.6579000e+05   7.1411133e+01
   2.6580600e+05   3.3081055e+01
   2.6583500e+05   5.4138184e+01
   2.6588400e+05   3.1738281e+01
   2.6592500e+05   5.5847168e+01
   2.6597600e+05   3.4484863e+01
   2.6602400e+05   6.1706543e+01
   2.6603600e+05   3.1311035e+01
   2.6607700e+05   2.8625488e+01
   2.6610200e+05   3.6376953e+01
   2.6611700e+05   3.0151367e+01
   2.6615400e+05   4.2724609e+01
   2.6618200e+05   5.3710938e+01
   2.6620400e+05   4.3334961e+01
   2.6626100e+05   6.0058594e+01
   2.6650400e+05   3.0273438e+01
   2.6664200e+05   2.9296875e+01
   3.2182100e+05   2.6550293e+01
   3.2466700e+05   2.6489258e+01
   3.5377400e+05   2.7099609e+01
   3.6435900e+05   2.6000977e+01
   3.6818100e+05   5.8959961e+01
   3.6889400e+05   5.3344727e+01
   3.6902100e+05   3.9123535e+01
   3.6914300e+05   2.7160645e+01
   3.6921700e+05   3.2775879e+01
   3.6931500e+05   2.8930664e+01
   3.6933000e+05   5.7922363e+01
   3.6938000e+05   1.2207031e+02
   3.6942100e+05   5.3466797e+01
   3.6946800e+05   2.5695801e+01
   3.6947900e+05   5.6640625e+01
   3.6950900e+05   4.5288086e+01
   3.6952700e+05   6.1218262e+01
   3.6957800e+05   8.1298828e+01
   3.6959100e+05   6.2377930e+01
   3.6961400e+05   6.1218262e+01
   3.6964500e+05   7.7026367e+01
   3.6969500e+05   4.4982910e+01
   3.6973500e+05   5.7739258e+01
   3.6977600e+05   4.4616699e+01
   3.6978900e+05   4.8583984e+01
   3.6981700e+05   6.0241699e+01
   3.6985900e+05   7.6843262e+01
   3.6988400e+05   2.8381348e+01
   3.6990700e+05   7.2875977e+01
   3.6991800e+05   4.6508789e+01
   3.6994900e+05   4.3029785e+01
   3.7000800e+05   3.0761719e+01
   3.7002600e+05   6.4697266e+01
   3.7005500e+05   3.6560059e+01
   3.7009300e+05   8.3190918e+01
   3.7021600e+05   5.2185059e+01
   3.7026900e+05   6.5490723e+01
   3.7032100e+05   3.3813477e+01
   3.7034400e+05   7.9589844e+01
   3.7046100e+05   5.8471680e+01
   3.7055600e+05   6.5673828e+01
   3.7057200e+05   3.7658691e+01
   3.7068600e+05   6.4575195e+01
   3.7083300e+05   5.9204102e+01
   3.7098800e+05   3.1250000e+01
   3.7118800e+05   5.1086426e+01
   3.7137000e+05   2.6184082e+01
   3.7140600e+05   6.9030762e+01
   3.7170100e+05   2.8686523e+01
   3.7209000e+05   5.2062988e+01
   3.7851000e+05   2.6428223e+01
   3.7858100e+05   4.4738770e+01
   4.0432400e+05   2.7648926e+01
   4.3609300e+05   3.4667969e+01
   4.3633200e+05   3.8513184e+01
   4.4761700e+05   2.6733398e+01
   4.6018800e+05   2.8503418e+01
   4.6687500e+05   3.9001465e+01
   4.6712100e+05   3.9428711e+01
   4.6739700e+05   3.9123535e+01
   4.6751500e+05   2.8625488e+01
   4.6769700e+05   6.1096191e+01
   4.6774000e+05   3.3142090e+01
   4.6777500e+05   8.7463379e+01
   4.6781400e+05   6.3903809e+01
   4.6785600e+05   8.1481934e+01
   4.6790100e+05   4.4860840e+01
   4.6792700e+05   3.5766602e+01
   4.6795000e+05   5.9265137e+01
   4.6798900e+05   8.9660645e+01
   4.6800800e+05   3.0151367e+01
   4.6802700e+05   6.2316895e+01
   4.6804000e+05   5.1086426e+01
   4.6808200e+05   5.2734375e+01
   4.6809200e+05   3.4057617e+01
   4.6812100e+05   7.2082520e+01
   4.6816000e+05   8.4655762e+01
   4.6820700e+05   7.7087402e+01
   4.6823700e+05   3.1127930e+01
   4.6828500e+05   8.2397461e+01
   4.6831900e+05   7.5744629e+01
   4.6836400e+05   5.4443359e+01
   4.6837900e+05   4.7119141e+01
   4.6843000e+05   7.8552246e+01
   4.6847200e+05   2.8930664e+01
   4.6849500e+05   2.9418945e+01
   4.6854800e+05   7.3120117e+01
   4.6856800e+05   2.9296875e+01
   4.6859800e+05   7.9162598e+01
   4.6869100e+05   7.7026367e+01
   4.6876400e+05   3.4301758e+01
   4.6887200e+05   6.0180664e+01
   4.6893700e+05   2.6733398e+01
   4.6905200e+05   2.7038574e+01
   4.6916000e+05   5.8471680e+01
   4.6936300e+05   6.5124512e+01
   4.6947200e+05   7.9406738e+01
   4.6949400e+05   2.9602051e+01
   4.7002700e+05   2.9907227e+01
   5.5406500e+05   4.1198730e+01
   5.5415300e+05   2.7709961e+01
   5.5433500e+05   3.8818359e+01
   5.5434800e+05   7.6477051e+01
   5.5437300e+05   2.9052734e+01
   5.5439600e+05   2.7526855e+01
   5.5448500e+05   2.9052734e+01
   5.5453000e+05   4.7424316e+01
   5.5457900e+05   2.6489258e+01
   5.5460200e+05   6.3598633e+01
   5.5466800e+05   3.4667969e+01
   5.5470800e+05   7.9284668e+01
   5.5473400e+05   2.9846191e+01
   5.5476000e+05   7.3852539e+01
   5.5478700e+05   3.3203125e+01
   5.5480200e+05   7.3913574e+01
   5.5481900e+05   4.0100098e+01
   5.5483700e+05   8.0505371e+01
   5.5487800e+05   7.3730469e+01
   5.5491200e+05   9.0332031e+01
   5.5494900e+05   6.2561035e+01
   5.5499900e+05   6.2438965e+01
   5.5504700e+05   5.1818848e+01
   5.5507500e+05   7.9040527e+01
   5.5512600e+05   8.4167480e+01
   5.5514500e+05   4.2114258e+01
   5.5516400e+05   8.3312988e+01
   5.5520200e+05   6.9030762e+01
   5.5524100e+05   4.6020508e+01
   5.5530400e+05   6.3659668e+01
   5.5534100e+05   5.1086426e+01
   5.5537000e+05   3.8635254e+01
   5.5538400e+05   2.9479980e+01
   5.5545600e+05   3.6499023e+01
   5.5549900e+05   3.0700684e+01
   5.5552800e+05   5.8776855e+01
   5.5557400e+05   2.7343750e+01
   5.5559200e+05   7.9406738e+01
   5.5567200e+05   3.9855957e+01
   5.5569200e+05   7.0861816e+01
   5.5577300e+05   7.0800781e+01
   5.5588800e+05   6.3415527e+01
   5.5590900e+05   3.1982422e+01
   5.5595500e+05   5.7556152e+01
   5.5608000e+05   8.2153320e+01
   5.5624300e+05   6.2316895e+01
   5.5647800e+05   2.6916504e+01
   5.5668400e+05   2.6672363e+01
   5.9008400e+05   3.0029297e+01
   6.0975400e+05   4.6875000e+01
   6.0985600e+05   2.9602051e+01
   6.3389600e+05   3.8024902e+01
   6.4695500e+05   2.5695801e+01
   6.6507900e+05   5.8959961e+01
   6.6533400e+05   5.5358887e+01
   6.6539500e+05   2.7160645e+01
   6.6544200e+05   3.2897949e+01
   6.6547800e+05   7.8796387e+01
   6.6553800e+05   6.9335938e+01
   6.6565200e+05   5.7739258e+01
   6.6569700e+05   6.7321777e+01
   6.6573500e+05   4.5288086e+01
   6.6579400e+05   5.7312012e+01
   6.6584000e+05   3.5949707e+01
   6.6585100e+05   3.3996582e+01
   6.6588300e+05   3.1738281e+01
   6.6590800e+05   6.7810059e+01
   6.6595700e+05   6.3293457e+01
   6.6598900e+05   2.7465820e+01
   6.6599900e+05   2.8198242e+01
   6.6601500e+05   3.5522461e+01
   6.6604300e+05   6.4636230e+01
   6.6607100e+05   3.4484863e+01
   6.6608400e+05   5.3405762e+01
   6.6613100e+05   6.5185547e+01
   6.6614500e+05   2.8747559e+01
   6.6617600e+05   1.1108398e+02
   6.6619400e+05   3.4118652e+01
   6.6622200e+05   8.2336426e+01
   6.6626100e+05   6.1218262e+01
   6.6630200e+05   7.9223633e+01
   6.6634400e+05   3.8513184e+01
   6.6639100e+05   3.6987305e+01
   6.6640700e+05   3.1127930e+01
   6.6643600e+05   5.1391602e+01
   6.6651600e+05   5.3588867e+01
   6.6656300e+05   2.7099609e+01
   6.6658900e+05   6.0791016e+01
   6.6667000e+05   5.3039551e+01
   6.6671400e+05   4.1625977e+01
   6.6682600e+05   2.6855469e+01
   6.6686500e+05   6.1157227e+01
   6.6691700e+05   5.9326172e+01
   6.6692800e+05   4.2419434e+01
   6.6702200e+05   3.1616211e+01
   6.6704900e+05   4.9316406e+01
   6.6708000e+05   2.5939941e+01
   6.6709400e+05   4.4677734e+01
   6.6718600e+05   6.0974121e+01
   6.6740100e+05   6.0180664e+01
   6.6742100e+05   3.4301758e+01
   6.6761900e+05   2.6184082e+01
   6.6764200e+05   3.6010742e+01
   7.3488300e+05   3.3874512e+01
   7.3490800e+05   5.9692383e+01
   7.3500400e+05   3.3996582e+01
   7.3511800e+05   3.4362793e+01
   7.3516000e+05   5.3161621e+01
   7.3525400e+05   3.6865234e+01
   7.3536100e+05   8.0627441e+01
   7.6715100e+05   3.8879395e+01
   7.6725000e+05   3.4240723e+01
   7.6731300e+05   7.5195313e+01
   7.6742500e+05   3.3264160e+01
   7.6787000e+05   3.2897949e+01
   7.6802900e+05   3.2287598e+01
   7.6805300e+05   6.5124512e+01
   7.6826200e+05   5.1696777e+01
   7.6827600e+05   4.0039063e+01
   7.6830300e+05   8.4655762e+01
   7.6832300e+05   2.7221680e+01
   7.6836100e+05   2.8869629e+01
   7.6837600e+05   3.3691406e+01
   7.6840400e+05   8.1665039e+01
   7.6843900e+05   4.9316406e+01
   7.6846900e+05   3.3386230e+01
   7.6848100e+05   8.1298828e+01
   7.6852100e+05   7.1533203e+01
   7.6855100e+05   8.2214355e+01
   7.6856100e+05   4.5166016e+01
   7.6858600e+05   6.9824219e+01
   7.6860700e+05   2.8198242e+01
   7.6862600e+05   5.5908203e+01
   7.6865500e+05   2.7099609e+01
   7.6866600e+05   3.2348633e+01
   7.6873500e+05   7.9162598e+01
   7.6877700e+05   5.8532715e+01
   7.6882500e+05   5.9875488e+01
   7.6887900e+05   6.1157227e+01
   7.6891600e+05   6.3659668e+01
   7.6894400e+05   2.6062012e+01
   7.6900800e+05   4.9133301e+01
   7.6904800e+05   2.8381348e+01
   7.6908500e+05   5.3955078e+01
   7.6915700e+05   3.0456543e+01
   7.6918200e+05   4.1748047e+01
   7.6923800e+05   5.4504395e+01
   7.6928300e+05   2.6306152e+01
   7.6930800e+05   6.1950684e+01
   7.6936900e+05   5.7556152e+01
   7.6945800e+05   6.2255859e+01
   7.6948200e+05   3.2836914e+01
   7.6950700e+05   8.2885742e+01
   7.6957900e+05   3.0639648e+01
   7.6960800e+05   2.5695801e+01
   7.6975500e+05   6.1828613e+01
   7.6982600e+05   6.0729980e+01
   7.7018600e+05   2.9663086e+01
   7.7035400e+05   2.8930664e+01
   8.4451100e+05   3.1066895e+01
   8.4459300e+05   3.5339355e+01
   8.4476500e+05   7.4951172e+01
   8.5908200e+05   5.4931641e+01
   8.5917300e+05   4.1870117e+01
   8.6037900e+05   3.1005859e+01
   8.6044900e+05   2.6794434e+01
   8.6059700e+05   5.2490234e+01
   8.6068400e+05   5.4870605e+01
   8.6074500e+05   7.4768066e+01
   8.6075500e+05   6.6833496e+01
   8.6078800e+05   7.5256348e+01
   8.6081600e+05   7.2082520e+01
   8.6085600e+05   5.7006836e+01
   8.6086900e+05   3.9855957e+01
   8.6089000e+05   6.1218262e+01
   8.6092800e+05   7.9772949e+01
   8.6096800e+05   7.7819824e+01
   8.6099800e+05   8.6425781e+01
   8.6103800e+05   8.1542969e+01
   8.6108100e+05   6.2622070e+01
   8.6109100e+05   2.7282715e+01
   8.6113400e+05   5.4260254e+01
   8.6116500e+05   3.2165527e+01
   8.6118300e+05   3.9916992e+01
   8.6125100e+05   7.0312500e+01
   8.6127200e+05   3.4362793e+01
   8.6135800e+05   2.7404785e+01
   8.6141000e+05   4.1931152e+01
   8.6145600e+05   2.8564453e+01
   8.6149000e+05   5.0781250e+01
   8.6152900e+05   5.9631348e+01
   8.6159100e+05   5.4565430e+01
   8.6164500e+05   5.7922363e+01
   8.6166300e+05   2.8503418e+01
   8.6168800e+05   4.4860840e+01
   8.6177700e+05   4.9194336e+01
   8.6186200e+05   6.0180664e+01
   8.6200000e+05   6.8847656e+01
   8.6213100e+05   2.7038574e+01
   8.6217600e+05   5.5908203e+01
   8.6220400e+05   3.8146973e+01
   8.6224300e+05   5.8105469e+01
   8.6229400e+05   2.8015137e+01
   8.6231400e+05   4.4006348e+01
   8.6245900e+05   2.8686523e+01
   8.6251400e+05   5.1879883e+01
   8.8602700e+05   2.8198242e+01
   8.9761000e+05   2.5756836e+01
   8.9762300e+05   2.6367188e+01
   8.9766500e+05   3.1250000e+01
   8.9768700e+05   4.8889160e+01
   8.9770700e+05   3.5034180e+01
   8.9771900e+05   4.9377441e+01
   8.9773200e+05   3.7780762e+01
   8.9774300e+05   3.5034180e+01
   8.9777700e+05   4.2785645e+01
   8.9779100e+05   6.8420410e+01
   8.9780200e+05   5.4138184e+01
   8.9782800e+05   2.8137207e+01
   8.9783800e+05   4.3151855e+01
   8.9788500e+05   6.0546875e+01
   8.9789800e+05   4.1381836e+01
   8.9794500e+05   3.1616211e+01
   8.9800800e+05   3.9733887e+01
   8.9805200e+05   4.2114258e+01
   8.9812900e+05   2.7160645e+01
   8.9820800e+05   2.9785156e+01
   8.9838300e+05   4.2602539e+01
   8.9965600e+05   2.5878906e+01
   9.1809900e+05   3.0151367e+01
   9.1818800e+05   3.6437988e+01
   9.1829400e+05   3.7841797e+01
   9.1831500e+05   3.2592773e+01
   9.1833300e+05   2.9296875e+01
   9.1836700e+05   3.1860352e+01
   9.1838500e+05   4.9926758e+01
   9.1848300e+05   6.7016602e+01
   9.1850400e+05   3.0883789e+01
   9.1860000e+05   6.0729980e+01
   9.1861000e+05   4.2968750e+01
   9.1866000e+05   5.7189941e+01
   9.1872400e+05   5.8471680e+01
   9.1876900e+05   3.4545898e+01
   9.1878200e+05   7.0922852e+01
   9.1881000e+05   2.7832031e+01
   9.1883100e+05   4.2846680e+01
   9.1884200e+05   2.6123047e+01
   9.1887400e+05   5.7800293e+01
   9.1892600e+05   3.2775879e+01
   9.1899600e+05   7.1655273e+01
   9.1905600e+05   6.1035156e+01
   9.1906600e+05   4.0405273e+01
   9.1910400e+05   6.8664551e+01
   9.1915900e+05   6.1401367e+01
   9.1920100e+05   5.1086426e+01
   9.1921200e+05   3.9733887e+01
   9.1924600e+05   6.1706543e+01
   9.1927400e+05   2.6306152e+01
   9.1931300e+05   5.6945801e+01
   9.1937200e+05   2.8137207e+01
   9.1941600e+05   6.8664551e+01
   9.1947300e+05   3.9672852e+01
   9.1950500e+05   3.9550781e+01
   9.1953500e+05   4.4433594e+01
   9.1959800e+05   2.7282715e+01
   9.1964000e+05   6.8908691e+01
   9.1971900e+05   7.6232910e+01
   9.1974500e+05   4.4006348e+01
   9.1987200e+05   3.8757324e+01
   9.1991300e+05   3.0761719e+01
   9.1997000e+05   4.7607422e+01
   9.2008000e+05   5.5786133e+01
   9.2009800e+05   2.7343750e+01
   9.2016900e+05   5.9753418e+01
   9.2023500e+05   4.7180176e+01
   9.2039500e+05   6.0913086e+01
   1.0080020e+06   8.6120605e+01
   1.0080710e+06   3.8574219e+01
   1.0081330e+06   2.7709961e+01
   1.0082020e+06   4.2114258e+01
   1.0083530e+06   3.7353516e+01
   1.0084130e+06   5.0903320e+01
   1.0084470e+06   2.6550293e+01
   1.0085940e+06   3.6315918e+01
   1.0086560e+06   5.3833008e+01
   1.0087470e+06   6.4697266e+01
   1.0088310e+06   4.3395996e+01
   1.0088790e+06   5.2978516e+01
   1.0089050e+06   7.2082520e+01
   1.0089400e+06   7.6110840e+01
   1.0089710e+06   8.0383301e+01
   1.0090100e+06   7.7575684e+01
   1.0090230e+06   3.7231445e+01
   1.0090580e+06   6.0668945e+01
   1.0090950e+06   5.6091309e+01
   1.0091360e+06   1.0034180e+02
   1.0091650e+06   3.1677246e+01
   1.0091880e+06   8.5144043e+01
   1.0091990e+06   2.7526855e+01
   1.0092280e+06   7.2998047e+01
   1.0092650e+06   3.9672852e+01
   1.0092940e+06   3.3569336e+01
   1.0093240e+06   5.1391602e+01
   1.0093670e+06   2.9174805e+01
   1.0093780e+06   2.5939941e+01
   1.0095000e+06   4.8034668e+01
   1.0095560e+06   2.9235840e+01
   1.0096090e+06   4.9560547e+01
   1.0096200e+06   3.1066895e+01
   1.0096660e+06   2.6428223e+01
   1.0096760e+06   5.5541992e+01
   1.0097040e+06   3.7597656e+01
   1.0097260e+06   5.6335449e+01
   1.0097750e+06   2.6550293e+01
   1.0097900e+06   2.9235840e+01
   1.0098210e+06   4.9377441e+01
   1.0099730e+06   4.5227051e+01
   1.0100200e+06   2.7038574e+01
   1.0100760e+06   6.6955566e+01
   1.0101830e+06   2.5817871e+01
   1.0102410e+06   6.9580078e+01
   1.0102970e+06   2.9357910e+01
   1.0103540e+06   5.6457520e+01
   1.0104240e+06   5.9692383e+01
   1.0106840e+06   5.4992676e+01
   1.0110750e+06   2.6245117e+01
   1.0909610e+06   3.8391113e+01
   1.0910390e+06   3.5949707e+01
   1.0912470e+06   5.7128906e+01
   1.0913000e+06   6.9885254e+01
   1.0913240e+06   2.5878906e+01
   1.0913540e+06   2.6672363e+01
   1.0913710e+06   5.9753418e+01
   1.0914030e+06   5.2734375e+01
   1.0914330e+06   5.8532715e+01
   1.0914490e+06   5.7739258e+01
   1.0914760e+06   7.9650879e+01
   1.0915200e+06   6.1218262e+01
   1.0915550e+06   5.3649902e+01
   1.0915720e+06   4.4128418e+01
   1.0916070e+06   5.7739258e+01
   1.0916530e+06   3.8757324e+01
   1.0916970e+06   6.7260742e+01
   1.0917120e+06   4.3273926e+01
   1.0917400e+06   3.4057617e+01
   1.0917750e+06   3.5156250e+01
   1.0917890e+06   6.4636230e+01
   1.0918320e+06   6.2683105e+01
   1.0918800e+06   6.5185547e+01
   1.0919370e+06   4.4311523e+01
   1.0920440e+06   6.7382813e+01
   1.0921080e+06   3.6376953e+01
   1.0921220e+06   6.1035156e+01
   1.0922050e+06   6.3110352e+01
   1.0922610e+06   5.1757813e+01
   1.0923700e+06   4.7180176e+01
   1.0924200e+06   5.1391602e+01
   1.0925250e+06   6.6467285e+01
   1.0926090e+06   2.8259277e+01
   1.0926210e+06   4.2907715e+01
   1.0928060e+06   5.9570313e+01
   1.0928590e+06   7.2875977e+01
   1.0929860e+06   5.8105469e+01
   1.0930680e+06   2.8320313e+01
   1.0931000e+06   2.6245117e+01
   1.0931230e+06   7.3181152e+01
   1.0934450e+06   3.2958984e+01
   1.0934800e+06   2.6306152e+01
   1.1321380e+06   4.6997070e+01
   1.1322250e+06   3.8024902e+01
   1.1324160e+06   2.7099609e+01
   1.1325110e+06   4.3212891e+01
   1.1326270e+06   5.2307129e+01
   1.1326680e+06   7.2387695e+01
   1.1327170e+06   4.5959473e+01
   1.1327520e+06   5.9020996e+01
   1.1327680e+06   2.7709961e+01
   1.1327980e+06   8.4838867e+01
   1.1328420e+06   4.4799805e+01
   1.1328750e+06   6.9641113e+01
   1.1328930e+06   2.7648926e+01
   1.1329100e+06   7.9040527e+01
   1.1329420e+06   3.2348633e+01
   1.1329540e+06   6.7321777e+01
   1.1329680e+06   3.6193848e+01
   1.1329920e+06   6.1523438e+01
   1.1330280e+06   5.7067871e+01
   1.1330690e+06   7.0495605e+01
   1.1330800e+06   2.6489258e+01
   1.1331040e+06   2.8808594e+01
   1.1331210e+06   7.0861816e+01
   1.1331610e+06   3.9855957e+01
   1.1332200e+06   5.3771973e+01
   1.1332360e+06   2.8259277e+01
   1.1332630e+06   7.5866699e+01
   1.1333430e+06   5.8044434e+01
   1.1333670e+06   3.7292480e+01
   1.1334140e+06   4.9438477e+01
   1.1334700e+06   5.3649902e+01
   1.1335100e+06   3.0944824e+01
   1.1335740e+06   6.5856934e+01
   1.1336070e+06   2.5756836e+01
   1.1336300e+06   6.0363770e+01
   1.1337530e+06   4.1198730e+01
   1.1337630e+06   5.8471680e+01
   1.1338160e+06   6.4880371e+01
   1.1339470e+06   6.8481445e+01
   1.1340080e+06   5.2551270e+01
   1.1340880e+06   6.0363770e+01
   1.1342140e+06   7.7270508e+01
   1.1342490e+06   3.1921387e+01
   1.1343180e+06   4.5593262e+01
   1.1344260e+06   3.4973145e+01
   1.1344380e+06   6.9702148e+01
   1.1344650e+06   2.5695801e+01
   1.1348230e+06   5.2551270e+01
   1.1793150e+06   2.6977539e+01
   1.2272630e+06   4.4738770e+01
   1.2274270e+06   4.4006348e+01
   1.2512720e+06   3.5766602e+01
   1.2513300e+06   6.2255859e+01
   1.2513510e+06   3.2958984e+01
   1.2514230e+06   2.5939941e+01
   1.2514790e+06   5.0598145e+01
   1.2515980e+06   5.9997559e+01
   1.2516400e+06   6.5490723e+01
   1.2516970e+06   7.1533203e+01
   1.2517280e+06   4.6264648e+01
   1.2517470e+06   7.7697754e+01
   1.2517850e+06   7.5683594e+01
   1.2518400e+06   6.1645508e+01
   1.2518530e+06   3.0029297e+01
   1.2518760e+06   3.8452148e+01
   1.2518980e+06   5.4931641e+01
   1.2519140e+06   3.2104492e+01
   1.2519650e+06   6.1462402e+01
   1.2519930e+06   3.6865234e+01
   1.2520060e+06   6.8115234e+01
   1.2520610e+06   4.7912598e+01
   1.2520980e+06   5.0231934e+01
   1.2521370e+06   2.6916504e+01
   1.2521560e+06   4.5959473e+01
   1.2522130e+06   6.6650391e+01
   1.2522640e+06   7.8918457e+01
   1.2523210e+06   2.9235840e+01
   1.2523450e+06   7.1655273e+01
   1.2523840e+06   6.2927246e+01
   1.2524640e+06   6.8847656e+01
   1.2525110e+06   6.6955566e+01
   1.2525480e+06   3.5888672e+01
   1.2525690e+06   5.7800293e+01
   1.2526800e+06   6.9763184e+01
   1.2527300e+06   5.8959961e+01
   1.2528100e+06   2.9235840e+01
   1.2528240e+06   7.3852539e+01
   1.2528990e+06   6.8969727e+01
   1.2530810e+06   3.0761719e+01
   1.2530960e+06   5.4260254e+01
   1.2531810e+06   5.9509277e+01
   1.2533270e+06   6.6406250e+01
   1.2535780e+06   5.7312012e+01
   1.2536430e+06   6.5185547e+01
   1.2710410e+06   2.7770996e+01
   1.2972880e+06   6.8359375e+01
   1.2974490e+06   4.8095703e+01
   1.2974800e+06   2.6855469e+01
   1.2975370e+06   3.0578613e+01
   1.2976730e+06   3.4179688e+01
   1.3655510e+06   2.7954102e+01
   1.3662910e+06   2.9663086e+01
   1.3996110e+06   4.6691895e+01
   1.4216210e+06   7.8552246e+01
   1.4227010e+06   3.2958984e+01
   1.4228140e+06   3.7109375e+01
   1.4228940e+06   2.7404785e+01
   1.4229110e+06   5.4626465e+01
   1.4230390e+06   2.6611328e+01
   1.4232140e+06   2.9418945e+01
   1.4233910e+06   2.6306152e+01
   1.4235080e+06   5.2185059e+01
   1.4235600e+06   2.6000977e+01
   1.4235860e+06   4.4555664e+01
   1.4236390e+06   6.0668945e+01
   1.4236930e+06   2.6062012e+01
   1.4237110e+06   6.1279297e+01
   1.4237800e+06   5.8044434e+01
   1.4238230e+06   5.3405762e+01
   1.4238740e+06   3.2348633e+01
   1.4238850e+06   2.6245117e+01
   1.4239420e+06   6.0180664e+01
   1.4239850e+06   5.6457520e+01
   1.4240010e+06   2.6550293e+01
   1.4240270e+06   7.4401855e+01
   1.4240730e+06   2.6672363e+01
   1.4241010e+06   2.9907227e+01
   1.4241320e+06   5.1208496e+01
   1.4241690e+06   4.6447754e+01
   1.4241920e+06   3.1433105e+01
   1.4242090e+06   5.8593750e+01
   1.4242580e+06   5.8532715e+01
   1.4243050e+06   3.9306641e+01
   1.4243540e+06   6.2927246e+01
   1.4243640e+06   2.6367188e+01
   1.4244020e+06   5.7678223e+01
   1.4244600e+06   7.1472168e+01
   1.4244780e+06   2.6245117e+01
   1.4245910e+06   3.9611816e+01
   1.4246210e+06   2.8381348e+01
   1.4246450e+06   5.7250977e+01
   1.4246930e+06   5.2673340e+01
   1.4247660e+06   3.6743164e+01
   1.4247760e+06   7.5500488e+01
   1.4248300e+06   6.2255859e+01
   1.4249680e+06   6.6223145e+01
   1.4250010e+06   2.5878906e+01
   1.4250390e+06   6.4575195e+01
   1.4251790e+06   6.4331055e+01
   1.4252910e+06   6.6162109e+01
   1.4253740e+06   2.9174805e+01
   1.4504330e+06   4.1564941e+01
   1.4961490e+06   7.7636719e+01
   1.5019970e+06   2.5695801e+01
   1.5073860e+06   2.9113770e+01
   1.5118030e+06   5.1025391e+01
   1.5118750e+06   3.6376953e+01
   1.5119330e+06   2.7893066e+01
   1.5120190e+06   2.6550293e+01
   1.5121120e+06   3.4912109e+01
   1.5121620e+06   5.6335449e+01
   1.5121990e+06   6.2072754e+01
   1.5122190e+06   3.1066895e+01
   1.5123220e+06   7.4279785e+01
   1.5124610e+06   7.5256348e+01
   1.5125140e+06   7.0495605e+01
   1.5126310e+06   5.4199219e+01
   1.5127180e+06   6.0791016e+01
   1.5127720e+06   7.7392578e+01
   1.5127990e+06   3.8696289e+01
   1.5128190e+06   7.3242188e+01
   1.5128840e+06   8.3068848e+01
   1.5129250e+06   3.2470703e+01
   1.5129760e+06   4.4738770e+01
   1.5129860e+06   7.4707031e+01
   1.5130350e+06   5.3771973e+01
   1.5130480e+06   3.4057617e+01
   1.5130870e+06   5.9570313e+01
   1.5131530e+06   2.6367188e+01
   1.5131740e+06   6.6467285e+01
   1.5132170e+06   5.7800293e+01
   1.5133170e+06   4.5776367e+01
   1.5133750e+06   5.3649902e+01
   1.5134160e+06   4.0466309e+01
   1.5134520e+06   5.4321289e+01
   1.5135020e+06   2.5695801e+01
   1.5135500e+06   7.7331543e+01
   1.5136740e+06   6.4208984e+01
   1.5137220e+06   6.1218262e+01
   1.5138230e+06   4.7668457e+01
   1.5138900e+06   6.0791016e+01
   1.5140600e+06   7.1411133e+01
   1.5143480e+06   5.6579590e+01
   1.5347570e+06   5.0231934e+01
   1.5841520e+06   6.3415527e+01
   1.5842370e+06   4.2968750e+01
   1.5843380e+06   3.1860352e+01
   1.5845700e+06   3.0090332e+01
   1.5847700e+06   5.4565430e+01
   1.5848390e+06   5.7617188e+01
   1.5849310e+06   7.4707031e+01
   1.5850030e+06   4.9621582e+01
   1.5851190e+06   7.9223633e+01
   1.5851750e+06   5.0964355e+01
   1.5852420e+06   6.4147949e+01
   1.5852930e+06   5.9753418e+01
   1.5853450e+06   6.3110352e+01
   1.5853810e+06   4.7851563e+01
   1.5854060e+06   5.5847168e+01
   1.5854610e+06   7.1594238e+01
   1.5854820e+06   3.2470703e+01
   1.5855090e+06   6.9641113e+01
   1.5855500e+06   5.9143066e+01
   1.5856270e+06   6.9946289e+01
   1.5856870e+06   4.5837402e+01
   1.5857300e+06   6.8481445e+01
   1.5858090e+06   5.3222656e+01
   1.5858250e+06   3.3020020e+01
   1.5858670e+06   6.2561035e+01
   1.5859130e+06   6.4880371e+01
   1.5859910e+06   4.2785645e+01
   1.5860540e+06   5.8410645e+01
   1.5860700e+06   3.5888672e+01
   1.5861160e+06   5.5908203e+01
   1.5861520e+06   2.9235840e+01
   1.5861790e+06   4.9987793e+01
   1.5862350e+06   4.0771484e+01
   1.5862460e+06   3.1921387e+01
   1.5863430e+06   2.6184082e+01
   1.5863600e+06   6.4025879e+01
   1.5865000e+06   4.2663574e+01
   1.5865490e+06   6.7749023e+01
   1.5866260e+06   4.9438477e+01
   1.5866510e+06   2.6245117e+01
   1.6388090e+06   5.3466797e+01
   1.6988830e+06   4.1137695e+01
   1.6991270e+06   3.7719727e+01
   1.6992900e+06   3.1127930e+01
   1.6993470e+06   5.1696777e+01
   1.6993600e+06   2.7526855e+01
   1.6994150e+06   2.6000977e+01
   1.6995000e+06   2.6123047e+01
   1.6996380e+06   6.7687988e+01
   1.6996830e+06   5.8776855e+01
   1.6997480e+06   4.3579102e+01
   1.6998670e+06   5.0354004e+01
   1.6999440e+06   6.0668945e+01
   1.7000120e+06   4.4677734e+01
   1.7000420e+06   2.5939941e+01
   1.7000630e+06   3.9062500e+01
   1.7000820e+06   8.1665039e+01
   1.7001690e+06   6.0485840e+01
   1.7002090e+06   5.3405762e+01
   1.7002490e+06   3.5400391e+01
   1.7002740e+06   5.1330566e+01
   1.7003510e+06   5.8166504e+01
   1.7003720e+06   3.9184570e+01
   1.7004180e+06   8.1481934e+01
   1.7004560e+06   3.3752441e+01
   1.7004810e+06   4.7790527e+01
   1.7005280e+06   2.6916504e+01
   1.7005610e+06   2.8747559e+01
   1.7005750e+06   5.8044434e+01
   1.7006320e+06   3.9001465e+01
   1.7006610e+06   3.4240723e+01
   1.7006850e+06   5.7128906e+01
   1.7007260e+06   6.2377930e+01
   1.7008340e+06   3.1616211e+01
   1.7008510e+06   5.9814453e+01
   1.7009540e+06   2.6733398e+01
   1.7010100e+06   4.6997070e+01
   1.7010760e+06   6.0974121e+01
   1.7013820e+06   5.3283691e+01
   1.7301210e+06   7.0434570e+01
   1.7301580e+06   3.8513184e+01
   1.7304800e+06   3.4851074e+01
   1.7305870e+06   3.1738281e+01
   1.7308980e+06   3.4606934e+01
   1.7310250e+06   2.8686523e+01
   1.7313060e+06   3.6193848e+01
   1.7313990e+06   5.5969238e+01
   1.7314320e+06   3.3142090e+01
   1.7315990e+06   5.4687500e+01
   1.7316590e+06   4.1809082e+01
   1.7320440e+06   3.2104492e+01
   1.7336480e+06   4.0893555e+01
   1.7690330e+06   2.6428223e+01
   1.7718020e+06   3.0029297e+01
   1.7718860e+06   3.5705566e+01
   1.7719610e+06   2.8991699e+01
   1.7720670e+06   3.3264160e+01
   1.7721540e+06   7.1777344e+01
   1.7722090e+06   3.2714844e+01
   1.7723730e+06   5.2734375e+01
   1.7724860e+06   4.4921875e+01
   1.7725210e+06   2.5756836e+01
   1.7725960e+06   7.6660156e+01
   1.7727630e+06   7.7575684e+01
   1.7728170e+06   5.2734375e+01
   1.7728450e+06   3.2409668e+01
   1.7728910e+06   8.0444336e+01
   1.7729530e+06   3.7841797e+01
   1.7729730e+06   6.4086914e+01
   1.7730610e+06   6.9091797e+01
   1.7730910e+06   8.0139160e+01
   1.7731710e+06   4.5837402e+01
   1.7731990e+06   3.6315918e+01
   1.7732400e+06   5.5603027e+01
   1.7732830e+06   3.3996582e+01
   1.7732970e+06   6.7077637e+01
   1.7733910e+06   5.3710938e+01
   1.7734540e+06   4.3090820e+01
   1.7735140e+06   2.9785156e+01
   1.7735830e+06   3.5644531e+01
   1.7736410e+06   3.2287598e+01
   1.7736720e+06   6.7810059e+01
   1.7737320e+06   4.6997070e+01
   1.7737420e+06   2.6977539e+01
   1.7738050e+06   5.2612305e+01
   1.7738610e+06   3.5400391e+01
   1.7738960e+06   5.5847168e+01
   1.7739650e+06   2.6306152e+01
   1.7740220e+06   5.1635742e+01
   1.7741610e+06   5.2673340e+01
   1.7742750e+06   3.5339355e+01
   1.7742880e+06   8.0322266e+01
   1.7743670e+06   4.3457031e+01
   1.7745760e+06   5.8288574e+01
   1.7746540e+06   7.1594238e+01
   1.8040210e+06   2.6062012e+01
   1.8342890e+06   3.4423828e+01
   1.8343270e+06   7.1838379e+01
   1.8343480e+06   4.0588379e+01
   1.8344320e+06   3.0761719e+01
   1.8345180e+06   2.6977539e+01
   1.8346000e+06   5.2307129e+01
   1.8346540e+06   2.9846191e+01
   1.8347160e+06   7.1594238e+01
   1.8347270e+06   2.8076172e+01
   1.8349240e+06   2.6367188e+01
   1.8349820e+06   3.5705566e+01
   1.8349950e+06   6.5795898e+01
   1.8350440e+06   6.9824219e+01
   1.8350840e+06   6.3781738e+01
   1.8351350e+06   4.1137695e+01
   1.8351470e+06   4.8828125e+01
   1.8352740e+06   2.5756836e+01
   1.8352840e+06   7.2509766e+01
   1.8353670e+06   7.1777344e+01
   1.8353940e+06   3.2348633e+01
   1.8354580e+06   6.5490723e+01
   1.8354850e+06   4.1748047e+01
   1.8355210e+06   4.7729492e+01
   1.8355810e+06   7.8979492e+01
   1.8356370e+06   2.8198242e+01
   1.8356660e+06   7.0983887e+01
   1.8357310e+06   1.0821533e+02
   1.8357890e+06   3.6193848e+01
   1.8359210e+06   5.4687500e+01
   1.8359330e+06   3.4606934e+01
   1.8359630e+06   6.4636230e+01
   1.8360750e+06   5.5480957e+01
   1.8361190e+06   3.1799316e+01
   1.8361410e+06   5.6335449e+01
   1.8361970e+06   2.8320313e+01
   1.8363220e+06   4.3579102e+01
   1.8363840e+06   2.7038574e+01
   1.8364470e+06   6.4270020e+01
   1.8365520e+06   3.1982422e+01
   1.8365850e+06   5.0842285e+01
   1.8366920e+06   4.6508789e+01
   1.8369170e+06   3.6254883e+01
   1.8372210e+06   5.4687500e+01
   1.8374200e+06   6.1706543e+01
   1.8534740e+06   2.9663086e+01
   1.8745650e+06   5.0903320e+01
   1.8746060e+06   5.0537109e+01
   1.8746370e+06   3.6376953e+01
   1.8747440e+06   2.6611328e+01
   1.8748630e+06   5.4992676e+01
   1.8748750e+06   3.7109375e+01
   1.8749030e+06   5.6884766e+01
   1.8749680e+06   4.3762207e+01
   1.8750940e+06   7.6904297e+01
   1.8751810e+06   4.7668457e+01
   1.8752570e+06   2.6123047e+01
   1.8752870e+06   3.5156250e+01
   1.8753660e+06   4.7058105e+01
   1.8754220e+06   6.7443848e+01
   1.8754320e+06   4.0893555e+01
   1.8754790e+06   6.6406250e+01
   1.8755150e+06   3.1799316e+01
   1.8756620e+06   6.1096191e+01
   1.8757040e+06   6.2561035e+01
   1.8758230e+06   7.6538086e+01
   1.8759550e+06   3.4851074e+01
   1.8760160e+06   7.0495605e+01
   1.8760770e+06   8.9904785e+01
   1.8763070e+06   6.8298340e+01
   1.8763990e+06   5.3344727e+01
   1.8764260e+06   2.7832031e+01
   1.8764580e+06   8.2885742e+01
   1.8767770e+06   6.9641113e+01
   1.8915880e+06   4.9926758e+01
   1.8916180e+06   4.8889160e+01
   1.8916310e+06   2.5878906e+01
   1.8916810e+06   3.5095215e+01
   1.8917670e+06   3.0090332e+01
   1.8918320e+06   3.2958984e+01
   1.8919640e+06   2.8381348e+01
   1.8920050e+06   3.0334473e+01
   1.8920640e+06   7.6110840e+01
   1.8922260e+06   2.6611328e+01
   1.8922510e+06   7.0983887e+01
   1.8923630e+06   7.9467773e+01
   1.8925690e+06   2.8503418e+01
   1.8930450e+06   3.4912109e+01
   1.8939560e+06   7.3791504e+01
   1.8942900e+06   3.6071777e+01
   1.9089970e+06   4.2053223e+01
   1.9218610e+06   2.6428223e+01
   1.9223380e+06   6.3903809e+01
   1.9224160e+06   3.6315918e+01
   1.9225480e+06   5.8288574e+01
   1.9226150e+06   2.8564453e+01
   1.9226600e+06   2.7893066e+01
   1.9226750e+06   6.0363770e+01
   1.9227610e+06   2.8076172e+01
   1.9228280e+06   5.1391602e+01
   1.9228570e+06   2.7343750e+01
   1.9228800e+06   4.1198730e+01
   1.9230150e+06   3.0273438e+01
   1.9231450e+06   3.1982422e+01
   1.9231690e+06   8.4045410e+01
   1.9232400e+06   3.1677246e+01
   1.9232610e+06   7.5500488e+01
   1.9235340e+06   6.3720703e+01
   1.9243400e+06   3.9733887e+01
   1.9248990e+06   5.0231934e+01
   1.9359910e+06   4.8645020e+01
   1.9699630e+06   4.0039063e+01
   1.9700000e+06   4.9255371e+01
   1.9700410e+06   3.0944824e+01
   1.9700640e+06   2.5878906e+01
   1.9701470e+06   3.3691406e+01
   1.9702510e+06   3.1066895e+01
   1.9703550e+06   3.1005859e+01
   1.9704860e+06   2.6367188e+01
   1.9707970e+06   2.9296875e+01
   1.9713300e+06   3.3630371e+01
   1.9893180e+06   4.1198730e+01
   1.9893730e+06   7.0251465e+01
   1.9894420e+06   3.1738281e+01
   1.9896310e+06   3.4851074e+01
   2.0002090e+06   4.1320801e+01
   2.0003140e+06   3.5278320e+01
   2.0004850e+06   4.2297363e+01
   2.0006740e+06   3.1555176e+01
   2.0134920e+06   6.3171387e+01
   2.0136520e+06   2.5695801e+01
   2.0137760e+06   3.5095215e+01
   2.0138080e+06   7.0434570e+01
   2.0139020e+06   4.0405273e+01
   2.0140770e+06   3.4790039e+01
   2.0233450e+06   5.1574707e+01
   2.0236290e+06   4.4555664e+01
   2.0236970e+06   2.6672363e+01
   2.0237740e+06   3.4057617e+01
   2.0239300e+06   3.0700684e+01
   2.0241800e+06   3.1982422e+01
   2.0318560e+06   3.0151367e+01
   2.0320480e+06   3.2409668e+01
   2.0385380e+06   3.5888672e+01
   2.0422150e+06   2.6367188e+01
   2.0502490e+06   6.3781738e+01
   2.0502620e+06   3.2714844e+01
   2.0503340e+06   2.7465820e+01
   2.0504490e+06   3.1555176e+01
   2.0624110e+06   6.2133789e+01
   2.0624220e+06   2.6977539e+01
   2.0626050e+06   2.9479980e+01
   2.0626860e+06   4.9926758e+01
   2.0628880e+06   4.3334961e+01
   2.0632020e+06   3.8696289e+01
   2.0787840e+06   3.2592773e+01
   2.0789850e+06   4.2358398e+01
   2.0789970e+06   2.9785156e+01
   2.0792760e+06   4.3518066e+01
   2.0916070e+06   2.6306152e+01
   2.0917020e+06   4.4921875e+01
   2.0918810e+06   3.5400391e+01
   2.1058760e+06   2.6245117e+01
   2.1068350e+06   6.5246582e+01
   2.1068860e+06   4.3884277e+01
   2.1069090e+06   2.8137207e+01
   2.1072010e+06   3.6193848e+01
   2.1183820e+06   2.6611328e+01
   2.1194140e+06   5.0476074e+01
   2.1194830e+06   5.8593750e+01
   2.1196220e+06   3.4667969e+01
   2.1326530e+06   4.4128418e+01
   2.1327250e+06   5.3527832e+01
   2.1327880e+06   3.6376953e+01
   2.1337550e+06   2.6367188e+01
   2.1464500e+06   4.2968750e+01
   2.1583280e+06   2.7526855e+01
   2.1585150e+06   3.1372070e+01
   2.1586550e+06   4.1320801e+01
   2.1714040e+06   3.0334473e+01
   2.1936830e+06   2.7160645e+01
   2.1937010e+06   3.5339355e+01
   2.2080190e+06   4.0161133e+01
   2.2189150e+06   6.8481445e+01
   2.2191210e+06   4.0466309e+01
   2.2334870e+06   2.6000977e+01
   2.2463350e+06   2.7709961e+01
   2.2464450e+06   6.3720703e+01
   2.2467070e+06   2.5756836e+01
   2.2891280e+06   2.8198242e+01
   2.2893150e+06   2.9357910e+01
   2.2895190e+06   2.6489258e+01
   2.3037330e+06   2.7221680e+01
   2.3897060e+06   4.2358398e+01
   2.4115020e+06   3.6132813e+01
   2.4380370e+06   2.9357910e+01
   2.4677620e+06   2.5939941e+01
   2.4939650e+06   2.6306152e+01
   2.4980790e+06   2.5878906e+01
   2.5240610e+06   4.1687012e+01
   2.5641390e+06   2.9602051e+01
   2.5864430e+06   4.9682617e+01
   2.6045720e+06   2.7770996e+01
   2.6803390e+06   2.7526855e+01
   2.6936060e+06   2.5939941e+01
   2.8324810e+06   2.6428223e+01
   2.8819840e+06   2.6794434e+01
   2.9738980e+06   2.6977539e+01
   3.0035680e+06   5.2673340e+01
   3.0265960e+06   2.7832031e+01
   3.0455620e+06   2.6611328e+01
   3.1012150e+06   3.2165527e+01
   3.1233970e+06   2.7770996e+01
   3.2368790e+06   2.6855469e+01
   3.2710200e+06   3.7658691e+01
   3.2710750e+06   2.7893066e+01
   3.2711370e+06   3.3020020e+01
   3.2711620e+06   4.8217773e+01
   3.2711800e+06   5.7983398e+01
   3.2711950e+06   2.8869629e+01
   3.2712080e+06   4.1564941e+01
   3.2712330e+06   3.8146973e+01
   3.2712690e+06   3.2897949e+01
   3.2713000e+06   2.5939941e+01
   3.2713130e+06   2.6184082e+01
   3.2713340e+06   3.9062500e+01
   3.2713510e+06   4.1381836e+01
   3.2713740e+06   2.7587891e+01
   3.2714080e+06   3.0639648e+01
   3.2714550e+06   3.2592773e+01
   3.2715670e+06   3.2348633e+01
   3.2716190e+06   2.5817871e+01
   3.2717100e+06   3.8146973e+01
   3.2718240e+06   3.0944824e+01
   3.2768260e+06   4.7180176e+01
   3.4107150e+06   2.5878906e+01
   3.4271000e+06   2.6123047e+01
   3.4448220e+06   2.8381348e+01
   3.5415890e+06   2.6000977e+01
   3.6178300e+06   2.7038574e+01
   3.6215660e+06   2.6855469e+01
   3.6290870e+06   2.8686523e+01
   3.6706290e+06   4.2114258e+01
   3.7092200e+06   4.0222168e+01
   3.7092610e+06   2.9174805e+01
   3.7092860e+06   3.2104492e+01
   3.7093130e+06   4.9377441e+01
   3.7093430e+06   8.0322266e+01
   3.7093640e+06   2.8503418e+01
   3.7093790e+06   2.9052734e+01
   3.7094020e+06   5.3527832e+01
   3.7094230e+06   2.8564453e+01
   3.7094400e+06   2.6733398e+01
   3.7094600e+06   4.0100098e+01
   3.7094880e+06   3.1372070e+01
   3.7095240e+06   4.8583984e+01
   3.7095570e+06   3.3142090e+01
   3.7095960e+06   3.7170410e+01
   3.7096290e+06   4.4128418e+01
   3.7096960e+06   2.7038574e+01
   3.7097330e+06   3.6743164e+01
   3.7097610e+06   2.7404785e+01
   3.7098390e+06   3.0700684e+01
   3.7099840e+06   3.3264160e+01
   3.7100740e+06   2.8747559e+01
   3.7325730e+06   2.6794434e+01
   3.7495730e+06   2.5878906e+01
   3.8773960e+06   3.9001465e+01
   3.8774350e+06   2.7526855e+01
   3.8774690e+06   3.6560059e+01
   3.8775030e+06   6.7382813e+01
   3.8775180e+06   4.6875000e+01
   3.8775340e+06   4.1625977e+01
   3.8775450e+06   2.6123047e+01
   3.8775730e+06   3.0578613e+01
   3.8775860e+06   6.2011719e+01
   3.8776040e+06   3.4423828e+01
   3.8776360e+06   2.8869629e+01
   3.8776580e+06   5.2734375e+01
   3.8776940e+06   4.7607422e+01
   3.8777670e+06   3.6926270e+01
   3.8778060e+06   4.6081543e+01
   3.8778240e+06   2.6123047e+01
   3.8778920e+06   2.6977539e+01
   3.8780330e+06   2.9052734e+01
   3.8787780e+06   2.6306152e+01
   3.8818540e+06   4.1564941e+01
   3.9524060e+06   2.7465820e+01
   3.9715800e+06   2.6916504e+01
   4.0005830e+06   2.6306152e+01
   4.0658320e+06   2.6062012e+01
   4.1115640e+06   2.5939941e+01
   4.1530400e+06   2.6977539e+01
   4.1829780e+06   2.5817871e+01
   4.2130180e+06   4.9011230e+01
   4.2130430e+06   6.9580078e+01
   4.2130740e+06   2.7404785e+01
   4.2131030e+06   2.7954102e+01
   4.2131820e+06   1.0174561e+02
   4.2132000e+06   2.8808594e+01
   4.2132150e+06   6.3049316e+01
   4.2132400e+06   3.9916992e+01
   4.2132610e+06   6.4331055e+01
   4.2132820e+06   3.3691406e+01
   4.2133000e+06   4.7729492e+01
   4.2133370e+06   6.5002441e+01
   4.2133800e+06   3.9916992e+01
   4.2134000e+06   2.6489258e+01
   4.2134260e+06   3.9123535e+01
   4.2134840e+06   3.4057617e+01
   4.2135950e+06   3.3081055e+01
   4.2136980e+06   3.4545898e+01
   4.2137120e+06   3.0151367e+01
   4.2618710e+06   2.7099609e+01
   4.2965530e+06   2.5817871e+01
   4.3089990e+06   2.8076172e+01
   4.3878500e+06   3.9855957e+01
   4.3878990e+06   3.6987305e+01
   4.3879550e+06   5.5114746e+01
   4.3879730e+06   5.4199219e+01
   4.3880020e+06   7.5927734e+01
   4.3880240e+06   3.9978027e+01
   4.3880400e+06   2.8869629e+01
   4.3880580e+06   4.9621582e+01
   4.3880780e+06   3.4912109e+01
   4.3880950e+06   3.3447266e+01
   4.3881140e+06   4.0039063e+01
   4.3881370e+06   3.1494141e+01
   4.3881480e+06   2.6916504e+01
   4.3882300e+06   2.6000977e+01
   4.3882470e+06   2.6977539e+01
   4.3883570e+06   2.7770996e+01
   4.3883820e+06   3.7841797e+01
   4.3884800e+06   3.0151367e+01
   4.3885970e+06   2.9602051e+01
   4.4567300e+06   2.5817871e+01
   4.5258190e+06   2.6794434e+01
   4.5749230e+06   2.6672363e+01
   4.5770160e+06   2.6245117e+01
   4.6342140e+06   2.5939941e+01
   4.7291360e+06   2.5756836e+01
   4.7373830e+06   3.1799316e+01
   4.7929580e+06   3.9855957e+01
   4.7930180e+06   3.0029297e+01
   4.7930550e+06   3.4057617e+01
   4.7930840e+06   3.0029297e+01
   4.7931060e+06   7.0190430e+01
   4.7931400e+06   5.0048828e+01
   4.7931530e+06   5.9753418e+01
   4.7931870e+06   3.0944824e+01
   4.7932050e+06   4.5837402e+01
   4.7932540e+06   3.5766602e+01
   4.7932750e+06   5.2185059e+01
   4.7933360e+06   2.7404785e+01
   4.7933800e+06   2.7954102e+01
   4.7934450e+06   3.2409668e+01
   4.7934730e+06   3.2531738e+01
   4.7935900e+06   2.8625488e+01
   4.7937490e+06   2.8198242e+01
   4.8484940e+06   3.9001465e+01
   4.9360270e+06   2.5817871e+01
   4.9838030e+06   2.6306152e+01
   5.0250290e+06   4.2175293e+01
   5.0690530e+06   2.8991699e+01
   5.0906140e+06   2.6489258e+01
   5.2342230e+06   4.1320801e+01
   5.2342780e+06   4.4067383e+01
   5.2343370e+06   4.0283203e+01
   5.2343660e+06   6.1340332e+01
   5.2343810e+06   4.3701172e+01
   5.2344010e+06   6.1279297e+01
   5.2344240e+06   3.4973145e+01
   5.2344340e+06   5.3771973e+01
   5.2344590e+06   4.4189453e+01
   5.2345090e+06   5.0415039e+01
   5.2345740e+06   3.0273438e+01
   5.2346120e+06   2.9479980e+01
   5.2347100e+06   3.4912109e+01
   5.2348220e+06   4.0222168e+01
   5.2351210e+06   2.7343750e+01
   5.3008240e+06   2.9296875e+01
   5.3057630e+06   2.7954102e+01
   5.4483430e+06   2.6123047e+01
   5.4884030e+06   2.8076172e+01
   5.5491590e+06   4.0222168e+01
   5.5492160e+06   5.0048828e+01
   5.5492460e+06   4.9316406e+01
   5.5492650e+06   3.0822754e+01
   5.5492880e+06   4.8583984e+01
   5.5493010e+06   5.2551270e+01
   5.5493450e+06   7.2326660e+01
   5.5493680e+06   3.1311035e+01
   5.5494080e+06   3.6987305e+01
   5.5494300e+06   2.6367188e+01
   5.5494650e+06   3.3630371e+01
   5.5495130e+06   4.0771484e+01
   5.5496170e+06   3.0639648e+01
   5.5496680e+06   3.1250000e+01
   5.5497240e+06   3.2958984e+01
   5.5498400e+06   3.4484863e+01
   5.5499920e+06   3.2226563e+01
   5.6219870e+06   2.6672363e+01
   5.6253330e+06   2.8747559e+01
   5.7425370e+06   2.6855469e+01
   5.7607020e+06   2.5878906e+01
   5.7651240e+06   2.6245117e+01
   5.7732430e+06   2.6550293e+01
   5.8749870e+06   2.6184082e+01
   5.8751960e+06   4.3273926e+01
   5.8999450e+06   2.6489258e+01
   5.9485910e+06   2.5878906e+01
   6.0574920e+06   2.6184082e+01
   6.0674540e+06   2.7404785e+01
   6.0921180e+06   2.7526855e+01
   6.2343940e+06   3.8879395e+01
   6.2344890e+06   4.7851563e+01
   6.2345100e+06   4.2236328e+01
   6.2345260e+06   3.2226563e+01
   6.2345450e+06   6.0791016e+01
   6.2345730e+06   5.0537109e+01
   6.2345880e+06   5.2368164e+01
   6.2346090e+06   4.2480469e+01
   6.2346330e+06   2.7709961e+01
   6.2346440e+06   3.5156250e+01
   6.2346750e+06   6.0974121e+01
   6.2347070e+06   2.7404785e+01
   6.2347380e+06   2.5817871e+01
   6.2347490e+06   2.9724121e+01
   6.2347740e+06   3.3020020e+01
   6.2348050e+06   4.0893555e+01
   6.2348720e+06   3.2348633e+01
   6.2348920e+06   3.7170410e+01
   6.2349220e+06   2.5878906e+01
   6.2349760e+06   2.8076172e+01
   6.2350850e+06   2.6123047e+01
   6.2351990e+06   3.1738281e+01
   6.2352400e+06   2.9541016e+01
   6.2353270e+06   2.5756836e+01
   6.3473280e+06   2.6855469e+01
   6.3780470e+06   2.5756836e+01
   6.4917930e+06   2.5878906e+01
   6.6223690e+06   2.6184082e+01
   6.6913960e+06   3.5705566e+01
   6.6914420e+06   3.3874512e+01
   6.6914690e+06   7.3852539e+01
   6.6915260e+06   3.4362793e+01
   6.6915370e+06   2.9174805e+01
   6.6915610e+06   4.1687012e+01
   6.6915720e+06   2.8259277e+01
   6.6915870e+06   3.2287598e+01
   6.6916050e+06   5.6518555e+01
   6.6916180e+06   5.6518555e+01
   6.6916480e+06   5.3100586e+01
   6.6916760e+06   4.2907715e+01
   6.6916950e+06   3.7231445e+01
   6.6917200e+06   7.2692871e+01
   6.6917330e+06   3.5217285e+01
   6.6917670e+06   3.4423828e+01
   6.6917800e+06   3.0212402e+01
   6.6918130e+06   2.9541016e+01
   6.6918340e+06   3.0456543e+01
   6.6918590e+06   3.0700684e+01
   6.6919240e+06   2.8686523e+01
   6.6919580e+06   4.7424316e+01
   6.6919800e+06   3.0883789e+01
   6.6919970e+06   3.1494141e+01
   6.6920330e+06   4.4982910e+01
   6.6921350e+06   3.5827637e+01
   6.6922160e+06   2.6550293e+01
   6.6922670e+06   3.3386230e+01
   7.0506940e+06   2.6428223e+01
   7.2836340e+06   2.6733398e+01
   7.2837420e+06   3.4484863e+01
   7.2837960e+06   3.2775879e+01
   7.2838270e+06   2.7404785e+01
   7.2838380e+06   8.5327148e+01
   7.2838590e+06   3.1005859e+01
   7.2839070e+06   2.8198242e+01
   7.2839180e+06   8.7280273e+01
   7.2839410e+06   3.8146973e+01
   7.2839690e+06   7.7270508e+01
   7.2840160e+06   3.3630371e+01
   7.2840340e+06   7.0617676e+01
   7.2840470e+06   3.1738281e+01
   7.2840800e+06   2.7648926e+01
   7.2841040e+06   3.0395508e+01
   7.2841150e+06   4.5593262e+01
   7.2841460e+06   6.9458008e+01
   7.2841700e+06   2.8015137e+01
   7.2841880e+06   2.6550293e+01
   7.2842050e+06   2.6794434e+01
   7.2842190e+06   2.8137207e+01
   7.2842940e+06   4.1320801e+01
   7.2843330e+06   5.6030273e+01
   7.2844190e+06   2.8259277e+01
   7.2844360e+06   2.9052734e+01
   7.2845360e+06   2.7038574e+01
   7.2845810e+06   2.7160645e+01
   7.2846710e+06   2.7221680e+01
   7.3070840e+06   2.7099609e+01
   7.4898360e+06   3.1188965e+01
   7.7011200e+06   2.7587891e+01
   7.9846250e+06   2.6367188e+01
   7.9886920e+06   5.0109863e+01
   8.0705470e+06   2.6367187e+01
   8.1476430e+06   2.6184082e+01
   8.2030840e+06   4.5043945e+01
   8.2782160e+06   2.7038574e+01
   8.4138290e+06   2.7648926e+01
   8.4682330e+06   2.5573730e+01
   8.5624550e+06   2.6062012e+01
   8.6011960e+06   2.6489258e+01
   8.6307800e+06   4.1137695e+01
   8.6308470e+06   3.3020020e+01
   8.6308780e+06   2.5756836e+01
   8.6309230e+06   4.8400879e+01
   8.6309380e+06   7.6354980e+01
   8.6309610e+06   4.5349121e+01
   8.6309820e+06   6.9824219e+01
   8.6310050e+06   5.9692383e+01
   8.6310400e+06   6.7138672e+01
   8.6310530e+06   5.5847168e+01
   8.6310700e+06   2.9235840e+01
   8.6310930e+06   3.4729004e+01
   8.6311060e+06   6.5124512e+01
   8.6311290e+06   3.3325195e+01
   8.6311420e+06   3.5644531e+01
   8.6311990e+06   4.4250488e+01
   8.6312410e+06   2.6489258e+01
   8.6312580e+06   2.7832031e+01
   8.6313410e+06   3.3691406e+01
   8.6313560e+06   3.4118652e+01
   8.6313830e+06   3.3508301e+01
   8.6314440e+06   6.3049316e+01
   8.6315180e+06   3.4851074e+01
   8.6316870e+06   3.3325195e+01
   8.6318440e+06   2.9602051e+01
   8.6811670e+06   2.7404785e+01
   8.6898360e+06   2.9479980e+01
   8.7228580e+06   2.6245117e+01
   8.9575620e+06   2.5634766e+01
   9.1269880e+06   3.4484863e+01
   9.1270250e+06   3.4301758e+01
   9.1270760e+06   2.8930664e+01
   9.1271360e+06   8.6730957e+01
   9.1271610e+06   2.6184082e+01
   9.1271760e+06   3.5339355e+01
   9.1272040e+06   6.7077637e+01
   9.1272280e+06   7.9101563e+01
   9.1272640e+06   3.7109375e+01
   9.1273040e+06   3.1677246e+01
   9.1273380e+06   4.0466309e+01
   9.1273610e+06   2.7465820e+01
   9.1273710e+06   3.1433105e+01
   9.1274040e+06   3.9245605e+01
   9.1274800e+06   3.6743164e+01
   9.1275020e+06   2.6184082e+01
   9.1275650e+06   4.2297363e+01
   9.1275980e+06   3.0517578e+01
   9.1276430e+06   4.2480469e+01
   9.1276790e+06   3.1433105e+01
   9.1277300e+06   4.0283203e+01
   9.1277780e+06   3.8024902e+01
   9.1278270e+06   2.7465820e+01
   9.1278500e+06   4.3273926e+01
   9.1278910e+06   3.3020020e+01
   9.1279370e+06   3.2470703e+01
   9.1281010e+06   3.0212402e+01
   9.3905630e+06   2.7526855e+01
   9.4315570e+06   2.6062012e+01
   9.4913060e+06   2.6184082e+01
   9.5162440e+06   4.5166016e+01
   9.6440770e+06   2.5573730e+01
   9.8662370e+06   2.5573730e+01
   9.8801990e+06   2.5695801e+01
   9.8961650e+06   2.5695801e+01
   9.8974130e+06   2.6184082e+01
   1.0140909e+07   2.8930664e+01
   1.0150232e+07   3.0639648e+01
   1.0168208e+07   2.6000977e+01
   1.0208674e+07   2.6245117e+01
   1.0310239e+07   2.5512695e+01
   1.0443300e+07   4.0466309e+01
   1.0489611e+07   5.0354004e+01
   1.0532969e+07   2.7038574e+01
   1.0546342e+07   2.5695801e+01
   1.0566448e+07   2.6672363e+01
   1.0580928e+07   2.6672363e+01
   1.0651155e+07   2.6794434e+01
   1.0738355e+07   2.7709961e+01
   1.0770957e+07   2.7709961e+01
   1.0787698e+07   2.8259277e+01
   1.0918636e+07   2.5695801e+01
   1.0954868e+07   4.3212891e+01
   1.0963406e+07   4.1442871e+01
   1.0977450e+07   2.7343750e+01
   1.1007709e+07   2.8381348e+01
   1.1017950e+07   2.5451660e+01
   1.1285746e+07   2.9418945e+01
   1.1319374e+07   2.6000977e+01
   1.1347476e+07   3.1677246e+01
   1.1369212e+07   2.7343750e+01
   1.1585895e+07   2.6489258e+01
   1.1660488e+07   2.5817871e+01
   1.1742966e+07   2.6000977e+01
   1.1801878e+07   2.6000977e+01
   1.1982154e+07   2.6245117e+01
