   1.1999000e+07   0.0000000e+00
   7.3341000e+04   2.5390625e+01
   7.3362000e+04   2.3376465e+01
   7.3477000e+04   2.4414063e+01
   7.3498000e+04   2.7160645e+01
   7.3518000e+04   4.8339844e+01
   7.3531000e+04   3.5217285e+01
   7.3550000e+04   7.6171875e+01
   7.3574000e+04   4.4067383e+01
   7.3595000e+04   3.8085938e+01
   7.3623000e+04   2.8930664e+01
   7.3640000e+04   3.8146973e+01
   7.3660000e+04   4.6630859e+01
   7.3679000e+04   2.3315430e+01
   7.3697000e+04   2.9296875e+01
   7.3711000e+04   3.0090332e+01
   7.3750000e+04   2.4536133e+01
   7.3773000e+04   3.4790039e+01
   7.3784000e+04   4.3090820e+01
   7.3805000e+04   2.9235840e+01
   7.3817000e+04   4.8461914e+01
   7.3861000e+04   2.8808594e+01
   7.3893000e+04   2.8991699e+01
   7.3920000e+04   3.1616211e+01
   7.3949000e+04   2.6367188e+01
   7.3974000e+04   2.6611328e+01
   7.4136000e+04   2.5634766e+01
   7.4213000e+04   3.0456543e+01
   7.5382000e+04   2.5939941e+01
   9.3623000e+04   2.3376465e+01
   9.4048000e+04   3.2226563e+01
   9.4306000e+04   2.6000977e+01
   9.4488000e+04   3.2958984e+01
   9.4573000e+04   2.7893066e+01
   9.4747000e+04   2.3803711e+01
   9.5080000e+04   2.5817871e+01
   9.5220000e+04   2.3132324e+01
   9.5336000e+04   2.4536133e+01
   9.5642000e+04   2.5573730e+01
   1.4882100e+05   2.4047852e+01
   1.4884600e+05   2.4230957e+01
   1.4887700e+05   3.2958984e+01
   1.4889300e+05   2.3864746e+01
   1.4891400e+05   7.5561523e+01
   1.4892600e+05   3.4851074e+01
   1.4893900e+05   5.3283691e+01
   1.4895400e+05   3.0517578e+01
   1.4897400e+05   4.1931152e+01
   1.4899000e+05   3.0700684e+01
   1.4904100e+05   4.1687012e+01
   1.4906700e+05   3.1982422e+01
   1.4907800e+05   3.1738281e+01
   1.4909200e+05   3.1250000e+01
   1.4910400e+05   2.8991699e+01
   1.4912200e+05   3.7780762e+01
   1.4913900e+05   3.9245605e+01
   1.4916600e+05   2.4780273e+01
   1.4920600e+05   2.4230957e+01
   1.4923700e+05   3.8635254e+01
   1.4931700e+05   2.5024414e+01
   1.4938600e+05   2.6000977e+01
   1.4943300e+05   3.4973145e+01
   1.4944900e+05   2.5573730e+01
   1.4955000e+05   2.6977539e+01
   1.4963600e+05   2.6855469e+01
   1.5021100e+05   2.5146484e+01
   1.8602000e+05   2.5146484e+01
   2.3697000e+05   2.3803711e+01
   2.3714300e+05   2.4169922e+01
   2.6280300e+05   2.5573730e+01
   2.6289700e+05   2.9907227e+01
   2.6328100e+05   2.9479980e+01
   2.6349100e+05   3.4179688e+01
   2.6544700e+05   2.8930664e+01
   2.6552700e+05   2.3742676e+01
   2.6556500e+05   2.3925781e+01
   2.6563600e+05   2.5695801e+01
   2.6566600e+05   2.5695801e+01
   2.6577300e+05   2.4719238e+01
   2.6579800e+05   2.4658203e+01
   2.6584300e+05   2.3193359e+01
   2.6586100e+05   2.6306152e+01
   2.6588300e+05   3.5339355e+01
   2.6592600e+05   2.4719238e+01
   2.6595100e+05   2.9663086e+01
   2.6598400e+05   2.7648926e+01
   2.6600400e+05   4.9743652e+01
   2.6603300e+05   2.3803711e+01
   2.6605100e+05   7.1289063e+01
   2.6608400e+05   3.4545898e+01
   2.6609900e+05   3.9184570e+01
   2.6613300e+05   3.8146973e+01
   2.6615500e+05   4.1625977e+01
   2.6618500e+05   3.2958984e+01
   2.6620200e+05   2.6733398e+01
   2.6622900e+05   4.0588379e+01
   2.6625000e+05   3.2409668e+01
   2.6627400e+05   2.7465820e+01
   2.6629400e+05   2.8686523e+01
   2.6633500e+05   2.5207520e+01
   2.6635600e+05   2.5817871e+01
   2.6638700e+05   2.8381348e+01
   2.6669400e+05   3.0456543e+01
   2.6678700e+05   2.3254395e+01
   2.6698700e+05   2.3925781e+01
   2.6708700e+05   2.6489258e+01
   3.6799000e+05   2.4658203e+01
   3.6807500e+05   2.8808594e+01
   3.6809200e+05   2.5329590e+01
   3.6930200e+05   2.4902344e+01
   3.6943500e+05   2.9357910e+01
   3.6947300e+05   2.3925781e+01
   3.6959300e+05   2.7587891e+01
   3.6965000e+05   2.4353027e+01
   3.6972500e+05   3.0700684e+01
   3.6980200e+05   2.7099609e+01
   3.6987100e+05   2.3620605e+01
   3.6994700e+05   2.5573730e+01
   3.7002300e+05   2.6611328e+01
   3.7046200e+05   2.3437500e+01
   4.3573000e+05   2.3254395e+01
   4.3586100e+05   3.3081055e+01
   4.6667900e+05   2.3071289e+01
   4.6695300e+05   2.4536133e+01
   4.6775200e+05   2.6916504e+01
   4.6778500e+05   2.4475098e+01
   4.6792900e+05   2.5085449e+01
   4.6814100e+05   2.7343750e+01
   4.6818900e+05   2.3193359e+01
   4.6821200e+05   2.5573730e+01
   4.6823500e+05   2.5634766e+01
   4.6829900e+05   3.0029297e+01
   4.6833200e+05   2.3376465e+01
   4.6885800e+05   2.3193359e+01
   5.2986300e+05   2.6489258e+01
   5.5360500e+05   2.6977539e+01
   5.5373800e+05   2.4169922e+01
   5.5381900e+05   2.9479980e+01
   5.5396000e+05   2.5268555e+01
   5.5424500e+05   2.6977539e+01
   5.5447400e+05   2.6977539e+01
   5.5477400e+05   2.7587891e+01
   5.5516400e+05   2.8442383e+01
   5.5546100e+05   2.8137207e+01
   5.5579100e+05   2.3071289e+01
   6.6503700e+05   2.3376465e+01
   6.6513000e+05   2.4108887e+01
   6.6528200e+05   2.5329590e+01
   6.6533000e+05   2.4597168e+01
   6.6577800e+05   2.5207520e+01
   6.6616700e+05   3.2226563e+01
   6.6639500e+05   2.3254395e+01
   7.3457700e+05   2.6367188e+01
   7.6696500e+05   2.9113770e+01
   7.6699500e+05   2.5878906e+01
   7.6702700e+05   2.3742676e+01
   7.6817500e+05   2.3376465e+01
   7.6861900e+05   2.5207520e+01
   7.6867500e+05   3.1066895e+01
   7.6900400e+05   3.0334473e+01
   7.6909200e+05   2.3132324e+01
   7.6964400e+05   2.5573730e+01
   7.9950600e+05   2.9724121e+01
   7.9958800e+05   2.7343750e+01
   7.9966600e+05   2.4169922e+01
   8.4419200e+05   2.3681641e+01
   8.4422000e+05   2.4108887e+01
   8.4431000e+05   2.7221680e+01
   8.5869900e+05   2.5512695e+01
   8.5881500e+05   2.5878906e+01
   8.5886000e+05   2.8076172e+01
   8.6057600e+05   2.5329590e+01
   8.6068600e+05   2.5085449e+01
   8.6073700e+05   2.6245117e+01
   8.6083000e+05   2.3864746e+01
   8.6092600e+05   2.9846191e+01
   8.9760700e+05   3.0944824e+01
   8.9762600e+05   5.7922363e+01
   8.9765900e+05   3.8818359e+01
   8.9767500e+05   4.3579102e+01
   8.9770600e+05   6.0546875e+01
   8.9771600e+05   3.0395508e+01
   8.9773200e+05   2.6672363e+01
   8.9774600e+05   2.3986816e+01
   8.9775900e+05   2.8076172e+01
   8.9777200e+05   3.0517578e+01
   8.9778300e+05   3.8208008e+01
   8.9779800e+05   5.1513672e+01
   8.9781500e+05   2.5268555e+01
   8.9783900e+05   2.3376465e+01
   8.9791000e+05   2.7160645e+01
   8.9792400e+05   2.9785156e+01
   8.9794000e+05   3.5522461e+01
   8.9796000e+05   3.3813477e+01
   8.9798000e+05   3.3813477e+01
   8.9800500e+05   3.2653809e+01
   8.9803200e+05   2.9846191e+01
   8.9806000e+05   2.5939941e+01
   8.9809300e+05   3.3630371e+01
   8.9814300e+05   3.2775879e+01
   8.9816300e+05   2.3193359e+01
   8.9819200e+05   2.4963379e+01
   8.9838800e+05   2.3803711e+01
   8.9843600e+05   2.4902344e+01
   8.9864700e+05   2.5451660e+01
   8.9912700e+05   2.5146484e+01
   9.1734300e+05   2.4414063e+01
   9.1803600e+05   2.4597168e+01
   9.1831100e+05   2.9907227e+01
   9.1847100e+05   2.8259277e+01
   9.1889000e+05   2.3742676e+01
   9.1913100e+05   2.4047852e+01
   9.1930000e+05   2.3193359e+01
   9.1977400e+05   2.4963379e+01
   1.0077840e+06   2.4230957e+01
   1.0078190e+06   2.8503418e+01
   1.0089380e+06   2.4108887e+01
   1.0090030e+06   2.3681641e+01
   1.0090450e+06   2.3864746e+01
   1.0090810e+06   2.3437500e+01
   1.0091540e+06   2.5329590e+01
   1.0091960e+06   2.4291992e+01
   1.0092870e+06   2.6123047e+01
   1.0098550e+06   2.5085449e+01
   1.0914120e+06   3.0456543e+01
   1.0915150e+06   2.3071289e+01
   1.0916360e+06   3.3752441e+01
   1.0917230e+06   2.7770996e+01
   1.0917540e+06   2.4719238e+01
   1.0918760e+06   2.3071289e+01
   1.0919560e+06   2.3254395e+01
   1.0920510e+06   2.5634766e+01
   1.1327160e+06   2.3193359e+01
   1.1328750e+06   2.4291992e+01
   1.1330030e+06   2.3132324e+01
   1.1330630e+06   2.3315430e+01
   1.1331440e+06   2.5634766e+01
   1.1332740e+06   2.4658203e+01
   1.1336760e+06   2.5878906e+01
   1.2511830e+06   2.3986816e+01
   1.2517610e+06   2.3498535e+01
   1.2517790e+06   2.3986816e+01
   1.2519470e+06   2.4353027e+01
   1.2520150e+06   2.4108887e+01
   1.2525810e+06   2.3742676e+01
   1.2974680e+06   2.5756836e+01
   1.3995830e+06   2.4841309e+01
   1.4210240e+06   2.5451660e+01
   1.4210600e+06   2.3437500e+01
   1.4211840e+06   2.3559570e+01
   1.4212120e+06   2.3742676e+01
   1.4213070e+06   2.6733398e+01
   1.4223900e+06   2.3498535e+01
   1.4964310e+06   2.5207520e+01
   1.5116140e+06   2.3132324e+01
   1.5116320e+06   2.3681641e+01
   1.5623020e+06   2.4719238e+01
   1.5623120e+06   3.1188965e+01
   1.5835120e+06   2.5634766e+01
   1.5835900e+06   2.5085449e+01
   1.5838310e+06   2.8137207e+01
   1.5840070e+06   2.5207520e+01
   1.5851720e+06   2.6062012e+01
   1.5855110e+06   2.3254395e+01
   1.5856510e+06   2.6672363e+01
   1.5856740e+06   2.5146484e+01
   1.5858030e+06   2.5451660e+01
   1.6598120e+06   2.5268555e+01
   1.6863340e+06   2.4230957e+01
   1.6978370e+06   2.7954102e+01
   1.6985300e+06   2.3315430e+01
   1.6985530e+06   2.6000977e+01
   1.6985720e+06   2.4475098e+01
   1.6986110e+06   2.6367188e+01
   1.6987020e+06   2.3376465e+01
   1.7299150e+06   2.3742676e+01
   1.7299480e+06   2.4230957e+01
   1.7299750e+06   4.0527344e+01
   1.7300450e+06   2.3986816e+01
   1.7301260e+06   2.9052734e+01
   1.7302580e+06   2.5939941e+01
   1.7311140e+06   2.4230957e+01
   1.7716790e+06   2.5024414e+01
   1.7728290e+06   2.3071289e+01
   1.7739080e+06   2.3132324e+01
   1.8341660e+06   2.6977539e+01
   1.8343090e+06   2.3437500e+01
   1.8743960e+06   3.2714844e+01
   1.8744450e+06   2.6306152e+01
   1.8745120e+06   2.4719238e+01
   1.8745270e+06   2.4230957e+01
   1.8746420e+06   2.5451660e+01
   1.8752050e+06   2.3559570e+01
   1.8753810e+06   2.4414063e+01
   1.8765810e+06   2.4353027e+01
   1.8800210e+06   2.3498535e+01
   1.8914140e+06   2.9602051e+01
   1.8914280e+06   3.1494141e+01
   1.8914890e+06   3.0822754e+01
   1.8915450e+06   3.0090332e+01
   1.8916140e+06   2.3132324e+01
   1.8918960e+06   2.3864746e+01
   1.8977370e+06   2.4230957e+01
   1.8998020e+06   2.4047852e+01
   1.9221990e+06   2.5695801e+01
   1.9222340e+06   2.8442383e+01
   1.9222840e+06   2.4230957e+01
   1.9223250e+06   2.7526855e+01
   1.9272110e+06   2.4353027e+01
   1.9274990e+06   2.4963379e+01
   1.9276540e+06   3.0639648e+01
   1.9317530e+06   2.4291992e+01
   1.9324460e+06   2.7770996e+01
   1.9358770e+06   2.4169922e+01
   1.9360060e+06   2.6367188e+01
   1.9393880e+06   2.4169922e+01
   1.9396460e+06   2.3986816e+01
   1.9397520e+06   3.0151367e+01
   1.9697910e+06   2.6367188e+01
   1.9698610e+06   3.4057617e+01
   1.9698720e+06   2.3986816e+01
   1.9699310e+06   2.8320313e+01
   1.9699580e+06   2.7221680e+01
   1.9700030e+06   2.3071289e+01
   1.9700220e+06   2.4597168e+01
   1.9701010e+06   2.8381348e+01
   1.9701190e+06   2.3254395e+01
   1.9702070e+06   2.3620605e+01
   1.9706970e+06   2.8381348e+01
   1.9756750e+06   2.4230957e+01
   1.9769080e+06   3.2287598e+01
   1.9777570e+06   2.5756836e+01
   1.9789680e+06   2.4963379e+01
   1.9808030e+06   2.3193359e+01
   1.9811750e+06   2.3559570e+01
   1.9812800e+06   3.1005859e+01
   1.9813100e+06   2.5024414e+01
   1.9819340e+06   2.3071289e+01
   1.9822670e+06   2.3071289e+01
   1.9891170e+06   2.3193359e+01
   1.9891530e+06   2.5634766e+01
   1.9892220e+06   3.6437988e+01
   1.9892560e+06   2.3132324e+01
   1.9892850e+06   2.3376465e+01
   1.9893210e+06   2.9907227e+01
   2.0000070e+06   2.4475098e+01
   2.0000850e+06   3.0822754e+01
   2.0001310e+06   2.5451660e+01
   2.0001730e+06   2.8869629e+01
   2.0001920e+06   2.3864746e+01
   2.0002690e+06   3.2653809e+01
   2.0003500e+06   2.9541016e+01
   2.0015700e+06   2.7587891e+01
   2.0055830e+06   2.3498535e+01
   2.0056500e+06   4.4494629e+01
   2.0058160e+06   4.4189453e+01
   2.0076700e+06   2.5085449e+01
   2.0135900e+06   2.3376465e+01
   2.0136000e+06   2.4230957e+01
   2.0136240e+06   3.1921387e+01
   2.0137120e+06   2.9296875e+01
   2.0137470e+06   2.3864746e+01
   2.0138320e+06   2.9724121e+01
   2.0139400e+06   2.3071289e+01
   2.0234410e+06   2.3193359e+01
   2.0234580e+06   2.3559570e+01
   2.0234900e+06   3.2897949e+01
   2.0235210e+06   2.3925781e+01
   2.0235760e+06   2.3803711e+01
   2.0236110e+06   2.5268555e+01
   2.0237010e+06   2.3742676e+01
   2.0237620e+06   2.4230957e+01
   2.0315400e+06   3.2348633e+01
   2.0316060e+06   2.5939941e+01
   2.0316990e+06   2.6428223e+01
   2.0317090e+06   3.4667969e+01
   2.0318440e+06   2.4230957e+01
   2.0318960e+06   2.7709961e+01
   2.0320890e+06   3.9184570e+01
   2.0321420e+06   2.3742676e+01
   2.0328170e+06   2.6306152e+01
   2.0331060e+06   2.3437500e+01
   2.0381290e+06   2.4475098e+01
   2.0383340e+06   2.3498535e+01
   2.0383980e+06   2.6916504e+01
   2.0384620e+06   2.3864746e+01
   2.0384920e+06   3.7902832e+01
   2.0395490e+06   2.5024414e+01
   2.0500640e+06   2.6184082e+01
   2.0501060e+06   2.6000977e+01
   2.0501350e+06   3.3447266e+01
   2.0502170e+06   3.0883789e+01
   2.0502610e+06   2.3620605e+01
   2.0503560e+06   2.5146484e+01
   2.0503690e+06   2.4169922e+01
   2.0506180e+06   2.4841309e+01
   2.0624830e+06   2.9907227e+01
   2.0625060e+06   3.1250000e+01
   2.0625320e+06   3.0517578e+01
   2.0625540e+06   2.6977539e+01
   2.0626190e+06   2.3376465e+01
   2.0626320e+06   2.8137207e+01
   2.0626910e+06   2.7709961e+01
   2.0627040e+06   2.7038574e+01
   2.0627180e+06   2.4169922e+01
   2.0674440e+06   2.5268555e+01
   2.0676660e+06   2.5146484e+01
   2.0695250e+06   2.4719238e+01
   2.0696700e+06   2.6794434e+01
   2.0788440e+06   2.4169922e+01
   2.0788720e+06   2.4658203e+01
   2.0789430e+06   2.5756836e+01
   2.0789900e+06   2.5024414e+01
   2.0790280e+06   2.9907227e+01
   2.0790690e+06   2.7221680e+01
   2.0791970e+06   2.3559570e+01
   2.0915290e+06   2.7893066e+01
   2.0916000e+06   2.3986816e+01
   2.0916280e+06   3.1616211e+01
   2.0917140e+06   2.6245117e+01
   2.0918440e+06   2.5085449e+01
   2.0919010e+06   2.5573730e+01
   2.0920410e+06   2.5634766e+01
   2.0972190e+06   2.4780273e+01
   2.1066470e+06   2.3986816e+01
   2.1067500e+06   2.7038574e+01
   2.1068290e+06   2.7954102e+01
   2.1069140e+06   2.5817871e+01
   2.1070060e+06   2.8320313e+01
   2.1106590e+06   3.5278320e+01
   2.1193000e+06   4.2114258e+01
   2.1193920e+06   2.3559570e+01
   2.1194790e+06   2.3925781e+01
   2.1195660e+06   2.7404785e+01
   2.1324360e+06   2.4963379e+01
   2.1324640e+06   2.3071289e+01
   2.1324850e+06   3.0456543e+01
   2.1325650e+06   3.2104492e+01
   2.1326390e+06   3.0212402e+01
   2.1326550e+06   3.0273438e+01
   2.1379910e+06   2.5512695e+01
   2.1463490e+06   2.4414063e+01
   2.1463740e+06   2.6611328e+01
   2.1464190e+06   3.1494141e+01
   2.1464390e+06   4.1870117e+01
   2.1465350e+06   2.4291992e+01
   2.1466590e+06   2.4169922e+01
   2.1467520e+06   2.4169922e+01
   2.1467620e+06   2.9174805e+01
   2.1581990e+06   2.3437500e+01
   2.1582550e+06   2.5573730e+01
   2.1582810e+06   2.7832031e+01
   2.1583260e+06   2.7709961e+01
   2.1583380e+06   5.1940918e+01
   2.1584020e+06   2.4291992e+01
   2.1587390e+06   2.3315430e+01
   2.1607230e+06   2.3254395e+01
   2.1709640e+06   2.3559570e+01
   2.1710150e+06   2.4536133e+01
   2.1710420e+06   2.6184082e+01
   2.1710920e+06   2.8625488e+01
   2.1711150e+06   2.6000977e+01
   2.1712390e+06   3.9794922e+01
   2.1712900e+06   3.4362793e+01
   2.1714050e+06   2.3315430e+01
   2.1716020e+06   2.6428223e+01
   2.1813550e+06   2.9357910e+01
   2.1813680e+06   2.5146484e+01
   2.1814420e+06   2.6306152e+01
   2.1814620e+06   2.5390625e+01
   2.1815390e+06   2.5268555e+01
   2.1816120e+06   2.3193359e+01
   2.1818130e+06   2.9235840e+01
   2.1820230e+06   2.5085449e+01
   2.1823550e+06   2.3193359e+01
   2.1829780e+06   2.4597168e+01
   2.1934570e+06   2.8259277e+01
   2.1934760e+06   2.4414063e+01
   2.1935160e+06   2.6306152e+01
   2.1935660e+06   2.5756836e+01
   2.1935950e+06   2.7648926e+01
   2.1936540e+06   3.6560059e+01
   2.1936890e+06   2.8076172e+01
   2.1939430e+06   2.4719238e+01
   2.1962710e+06   2.3071289e+01
   2.1980640e+06   2.4291992e+01
   2.2075400e+06   2.9968262e+01
   2.2076130e+06   3.5766602e+01
   2.2076370e+06   2.7954102e+01
   2.2077380e+06   2.8930664e+01
   2.2077580e+06   3.1127930e+01
   2.2078480e+06   2.7954102e+01
   2.2079130e+06   2.7099609e+01
   2.2083010e+06   2.3986816e+01
   2.2086980e+06   2.4841309e+01
   2.2106050e+06   2.4902344e+01
   2.2186400e+06   2.6611328e+01
   2.2186540e+06   2.6306152e+01
   2.2187620e+06   2.3498535e+01
   2.2187980e+06   2.7038574e+01
   2.2188600e+06   3.1372070e+01
   2.2189330e+06   2.7526855e+01
   2.2195600e+06   2.5085449e+01
   2.2330090e+06   2.3803711e+01
   2.2330360e+06   2.3315430e+01
   2.2331010e+06   2.8869629e+01
   2.2331150e+06   2.4963379e+01
   2.2331980e+06   2.9724121e+01
   2.2332080e+06   3.0029297e+01
   2.2332520e+06   2.9174805e+01
   2.2332780e+06   2.3376465e+01
   2.2333930e+06   2.3437500e+01
   2.2337680e+06   2.4230957e+01
   2.2340200e+06   2.3193359e+01
   2.2371800e+06   2.3559570e+01
   2.2462270e+06   2.4169922e+01
   2.2462810e+06   3.5705566e+01
   2.2462910e+06   2.7343750e+01
   2.2463570e+06   2.6733398e+01
   2.2465160e+06   2.4291992e+01
   2.2466360e+06   2.4047852e+01
   2.2466730e+06   2.4780273e+01
   2.2492380e+06   2.3254395e+01
   2.2599470e+06   2.6489258e+01
   2.2600280e+06   2.5939941e+01
   2.2600380e+06   2.4414063e+01
   2.2600930e+06   3.1677246e+01
   2.2601100e+06   2.7221680e+01
   2.2601970e+06   2.6489258e+01
   2.2602640e+06   2.3620605e+01
   2.2618850e+06   2.4902344e+01
   2.2738810e+06   2.4658203e+01
   2.2739470e+06   2.9724121e+01
   2.2740690e+06   3.3569336e+01
   2.2741500e+06   2.3681641e+01
   2.2743870e+06   2.5268555e+01
   2.2890110e+06   2.3315430e+01
   2.2890650e+06   2.7160645e+01
   2.2890950e+06   2.8930664e+01
   2.2891230e+06   2.6245117e+01
   2.2892360e+06   2.4597168e+01
   2.2892580e+06   2.3864746e+01
   2.2892710e+06   2.9113770e+01
   2.2893060e+06   2.4291992e+01
   2.3037310e+06   3.1738281e+01
   2.3037890e+06   2.9052734e+01
   2.3038340e+06   2.6550293e+01
   2.3039450e+06   2.3925781e+01
   2.3039660e+06   2.4047852e+01
   2.3040330e+06   2.3071289e+01
   2.3040640e+06   2.4291992e+01
   2.3043920e+06   2.9663086e+01
   2.3195090e+06   2.5573730e+01
   2.3195520e+06   2.4597168e+01
   2.3195870e+06   3.6926270e+01
   2.3196560e+06   2.7282715e+01
   2.3197480e+06   3.8635254e+01
   2.3198520e+06   3.0273438e+01
   2.3198830e+06   2.3376465e+01
   2.3199070e+06   2.7832031e+01
   2.3201510e+06   2.3681641e+01
   2.3202930e+06   2.5451660e+01
   2.3204980e+06   2.6489258e+01
   2.3371560e+06   2.3620605e+01
   2.3372250e+06   2.4719238e+01
   2.3372550e+06   2.7099609e+01
   2.3373090e+06   2.5268555e+01
   2.3373700e+06   2.4353027e+01
   2.3374200e+06   2.7893066e+01
   2.3374840e+06   2.7099609e+01
   2.3647610e+06   2.7099609e+01
   2.3649060e+06   3.2958984e+01
   2.3649620e+06   2.4291992e+01
   2.3650390e+06   2.3132324e+01
   2.3651410e+06   2.5817871e+01
   2.3651950e+06   2.6611328e+01
   2.3653300e+06   2.3193359e+01
   2.3655830e+06   2.4658203e+01
   2.3893030e+06   2.3864746e+01
   2.3893240e+06   2.3376465e+01
   2.3893800e+06   3.7475586e+01
   2.3893900e+06   2.8991699e+01
   2.3894570e+06   2.6123047e+01
   2.3894690e+06   2.4597168e+01
   2.3895700e+06   2.4414063e+01
   2.3895940e+06   2.3803711e+01
   2.3903770e+06   2.9357910e+01
   2.3908670e+06   2.3681641e+01
   2.4137500e+06   3.0456543e+01
   2.4137670e+06   3.0212402e+01
   2.4138020e+06   3.0761719e+01
   2.4138350e+06   3.0151367e+01
   2.4138650e+06   2.5085449e+01
   2.4139850e+06   2.5939941e+01
   2.4140300e+06   2.4963379e+01
   2.4142820e+06   2.3925781e+01
   2.4150040e+06   2.5146484e+01
   2.4377300e+06   3.9428711e+01
   2.4377750e+06   2.3864746e+01
   2.4378470e+06   2.7465820e+01
   2.4379430e+06   2.3315430e+01
   2.4379670e+06   3.2531738e+01
   2.4380300e+06   2.3803711e+01
   2.4380560e+06   2.5695801e+01
   2.4380860e+06   2.3925781e+01
   2.4381730e+06   2.7221680e+01
   2.4384460e+06   2.3437500e+01
   2.4674940e+06   2.5085449e+01
   2.4675630e+06   3.2592773e+01
   2.4675730e+06   2.4841309e+01
   2.4675990e+06   2.8625488e+01
   2.4676570e+06   2.3437500e+01
   2.4676780e+06   2.3071289e+01
   2.4677470e+06   2.8076172e+01
   2.4677620e+06   2.7893066e+01
   2.4678420e+06   2.5573730e+01
   2.4678830e+06   2.9052734e+01
   2.4679830e+06   2.3132324e+01
   2.4682400e+06   2.3132324e+01
   2.4937270e+06   2.5085449e+01
   2.4938000e+06   2.3986816e+01
   2.4939210e+06   2.3681641e+01
   2.4939620e+06   3.2104492e+01
   2.4940040e+06   2.5573730e+01
   2.4940610e+06   2.3193359e+01
   2.4941830e+06   2.3132324e+01
   2.4943110e+06   2.4719238e+01
   2.4943340e+06   2.5085449e+01
   2.4947600e+06   2.3132324e+01
   2.5237430e+06   2.4169922e+01
   2.5237780e+06   2.3376465e+01
   2.5237950e+06   2.7404785e+01
   2.5238400e+06   2.8930664e+01
   2.5238940e+06   2.3559570e+01
   2.5239410e+06   2.3132324e+01
   2.5240880e+06   2.5451660e+01
   2.5245330e+06   2.3132324e+01
   2.5261100e+06   2.6489258e+01
   2.5640000e+06   2.4902344e+01
   2.5640220e+06   2.5512695e+01
   2.5640700e+06   2.8076172e+01
   2.5640910e+06   2.4597168e+01
   2.5641340e+06   2.8015137e+01
   2.5642140e+06   2.4414063e+01
   2.5642640e+06   2.7404785e+01
   2.5643220e+06   2.7648926e+01
   2.5645180e+06   2.3376465e+01
   2.6033610e+06   2.3193359e+01
   3.2709960e+06   2.3376465e+01
   3.2710310e+06   3.9916992e+01
   3.2710890e+06   8.8378906e+01
   3.2711210e+06   6.7565918e+01
   3.2711510e+06   7.2570801e+01
   3.2711650e+06   4.0344238e+01
   3.2711880e+06   3.3508301e+01
   3.2712200e+06   3.9489746e+01
   3.2712430e+06   2.8259277e+01
   3.2712820e+06   3.3691406e+01
   3.2713020e+06   4.4006348e+01
   3.2713130e+06   2.7893066e+01
   3.2713260e+06   2.8137207e+01
   3.2713600e+06   5.0231934e+01
   3.2713830e+06   3.3508301e+01
   3.2714140e+06   2.4780273e+01
   3.2714380e+06   6.4453125e+01
   3.2714530e+06   2.3742676e+01
   3.2714820e+06   2.4414063e+01
   3.2715170e+06   2.4291992e+01
   3.2715510e+06   2.7832031e+01
   3.2715670e+06   2.7587891e+01
   3.2716290e+06   2.4841309e+01
   3.2716710e+06   3.0212402e+01
   3.2722560e+06   2.9907227e+01
   3.2733960e+06   2.6184082e+01
   3.2736710e+06   2.3010254e+01
   3.3625410e+06   2.6672363e+01
   3.3650480e+06   2.3925781e+01
   3.4562000e+06   2.6855469e+01
   3.4611090e+06   2.4841309e+01
   3.5915390e+06   2.3010254e+01
   3.6254180e+06   2.8686523e+01
   3.7091450e+06   2.4169922e+01
   3.7092220e+06   3.1738281e+01
   3.7092400e+06   2.5695801e+01
   3.7092650e+06   4.3823242e+01
   3.7092870e+06   5.4748535e+01
   3.7093010e+06   7.4645996e+01
   3.7093190e+06   2.8625488e+01
   3.7093370e+06   4.0832520e+01
   3.7093510e+06   3.5461426e+01
   3.7093610e+06   2.4230957e+01
   3.7093720e+06   3.2592773e+01
   3.7094070e+06   2.8869629e+01
   3.7094420e+06   3.3691406e+01
   3.7094560e+06   3.4179688e+01
   3.7094860e+06   2.9174805e+01
   3.7095140e+06   2.5329590e+01
   3.7095350e+06   3.6254883e+01
   3.7095560e+06   3.2836914e+01
   3.7096120e+06   3.5705566e+01
   3.7096350e+06   3.0151367e+01
   3.7096540e+06   2.4414063e+01
   3.7096700e+06   2.4414063e+01
   3.7096990e+06   3.6010742e+01
   3.7097360e+06   2.6855469e+01
   3.7097710e+06   2.3437500e+01
   3.7098120e+06   2.5939941e+01
   3.7098470e+06   3.2531738e+01
   3.7098820e+06   2.6977539e+01
   3.7101590e+06   2.3986816e+01
   3.7102450e+06   2.3071289e+01
   3.7103290e+06   2.5573730e+01
   3.7104710e+06   2.5024414e+01
   3.7106970e+06   2.9113770e+01
   3.7108960e+06   2.3254395e+01
   3.8774080e+06   3.3325195e+01
   3.8774610e+06   2.6062012e+01
   3.8774920e+06   4.3151855e+01
   3.8775030e+06   7.6049805e+01
   3.8775260e+06   3.6804199e+01
   3.8775400e+06   4.2785645e+01
   3.8775590e+06   4.7546387e+01
   3.8775840e+06   2.4963379e+01
   3.8776120e+06   3.0944824e+01
   3.8776240e+06   2.9663086e+01
   3.8776500e+06   3.3630371e+01
   3.8776670e+06   3.7292480e+01
   3.8776890e+06   2.6428223e+01
   3.8777150e+06   2.9418945e+01
   3.8777330e+06   3.0090332e+01
   3.8777470e+06   4.9987793e+01
   3.8777680e+06   3.1799316e+01
   3.8778290e+06   2.5634766e+01
   3.8778580e+06   2.4475098e+01
   3.8778770e+06   2.4108887e+01
   3.8779390e+06   3.0822754e+01
   3.8779950e+06   2.4719238e+01
   3.8783260e+06   2.3681641e+01
   4.0072660e+06   2.5390625e+01
   4.2129030e+06   2.6184082e+01
   4.2129660e+06   2.4353027e+01
   4.2130380e+06   2.3498535e+01
   4.2130780e+06   2.4719238e+01
   4.2131350e+06   3.4851074e+01
   4.2131530e+06   4.0344238e+01
   4.2131730e+06   6.8542480e+01
   4.2131830e+06   6.6894531e+01
   4.2132060e+06   5.9020996e+01
   4.2132280e+06   2.3193359e+01
   4.2132380e+06   2.3193359e+01
   4.2132540e+06   2.5207520e+01
   4.2132890e+06   2.3803711e+01
   4.2133240e+06   2.5085449e+01
   4.2133380e+06   3.3935547e+01
   4.2133650e+06   2.5695801e+01
   4.2133870e+06   2.9541016e+01
   4.2134020e+06   2.5085449e+01
   4.2134130e+06   3.5095215e+01
   4.2134310e+06   2.7282715e+01
   4.2134730e+06   2.9113770e+01
   4.2135060e+06   2.6733398e+01
   4.2135240e+06   3.7414551e+01
   4.2135530e+06   2.7465820e+01
   4.2136460e+06   3.9916992e+01
   4.2137010e+06   2.6794434e+01
   4.2137190e+06   2.3986816e+01
   4.2140420e+06   2.4536133e+01
   4.2141250e+06   2.3559570e+01
   4.2144710e+06   2.4536133e+01
   4.2151540e+06   2.2949219e+01
   4.2152710e+06   2.3132324e+01
   4.3877810e+06   3.0090332e+01
   4.3878220e+06   2.5634766e+01
   4.3878430e+06   2.4475098e+01
   4.3878780e+06   2.3193359e+01
   4.3878930e+06   2.3559570e+01
   4.3879190e+06   3.2775879e+01
   4.3879490e+06   5.3527832e+01
   4.3879620e+06   6.7871094e+01
   4.3879760e+06   3.5217285e+01
   4.3879900e+06   4.9682617e+01
   4.3880010e+06   4.7180176e+01
   4.3880430e+06   2.9968262e+01
   4.3880570e+06   3.0395508e+01
   4.3880840e+06   4.1809082e+01
   4.3881260e+06   3.8391113e+01
   4.3881580e+06   2.4597168e+01
   4.3881940e+06   3.8757324e+01
   4.3882200e+06   2.4841309e+01
   4.3882370e+06   2.4597168e+01
   4.3882680e+06   3.8024902e+01
   4.3883010e+06   2.6611328e+01
   4.3883450e+06   2.6672363e+01
   4.3884280e+06   2.8259277e+01
   4.3886650e+06   2.4841309e+01
   4.3886780e+06   3.1250000e+01
   4.3894860e+06   2.5146484e+01
   4.3909600e+06   2.4108887e+01
   4.6179900e+06   2.4291992e+01
   4.7486980e+06   3.2531738e+01
   4.7862560e+06   2.7587891e+01
   4.7929670e+06   2.9846191e+01
   4.7930000e+06   2.3071289e+01
   4.7930370e+06   2.3498535e+01
   4.7930620e+06   8.4655762e+01
   4.7930750e+06   3.5644531e+01
   4.7930950e+06   5.4809570e+01
   4.7931300e+06   7.3486328e+01
   4.7931410e+06   2.7648926e+01
   4.7931570e+06   2.6916504e+01
   4.7931830e+06   4.3579102e+01
   4.7932090e+06   2.6306152e+01
   4.7932410e+06   2.5878906e+01
   4.7932560e+06   4.0588379e+01
   4.7932730e+06   3.2165527e+01
   4.7933060e+06   3.5461426e+01
   4.7933320e+06   3.5949707e+01
   4.7933680e+06   2.5329590e+01
   4.7933870e+06   2.9296875e+01
   4.7934130e+06   3.2775879e+01
   4.7934490e+06   2.3010254e+01
   4.7934780e+06   3.0700684e+01
   4.7934960e+06   2.3010254e+01
   4.7935370e+06   2.4658203e+01
   4.7935890e+06   2.6550293e+01
   4.7937520e+06   2.7282715e+01
   4.7939800e+06   2.3376465e+01
   4.7942480e+06   2.3925781e+01
   4.7945270e+06   2.4841309e+01
   4.7955020e+06   2.7587891e+01
   5.2341750e+06   2.7893066e+01
   5.2342310e+06   2.5390625e+01
   5.2342650e+06   3.1555176e+01
   5.2342870e+06   3.9550781e+01
   5.2342990e+06   4.9987793e+01
   5.2343220e+06   7.6599121e+01
   5.2343580e+06   5.7312012e+01
   5.2343690e+06   2.6306152e+01
   5.2344010e+06   3.2897949e+01
   5.2344150e+06   2.7832031e+01
   5.2344460e+06   2.9357910e+01
   5.2344630e+06   4.0649414e+01
   5.2345000e+06   2.7893066e+01
   5.2345180e+06   2.8381348e+01
   5.2345500e+06   2.5573730e+01
   5.2345670e+06   3.5461426e+01
   5.2346370e+06   3.1860352e+01
   5.2347040e+06   2.6184082e+01
   5.2347370e+06   2.7648926e+01
   5.2348010e+06   4.1259766e+01
   5.2349080e+06   2.7648926e+01
   5.2349530e+06   2.4597168e+01
   5.2349830e+06   2.3681641e+01
   5.2350630e+06   2.2949219e+01
   5.2351190e+06   2.4047852e+01
   5.2351590e+06   2.4169922e+01
   5.2374500e+06   2.5268555e+01
   5.2378680e+06   2.3742676e+01
   5.3252100e+06   2.3010254e+01
   5.4609580e+06   2.4658203e+01
   5.5280850e+06   2.3742676e+01
   5.5490260e+06   2.4353027e+01
   5.5490750e+06   2.8869629e+01
   5.5491210e+06   3.4423828e+01
   5.5491330e+06   3.2897949e+01
   5.5491630e+06   8.5021973e+01
   5.5491880e+06   3.9855957e+01
   5.5491990e+06   6.4880371e+01
   5.5492290e+06   2.8076172e+01
   5.5492390e+06   2.4169922e+01
   5.5492570e+06   3.1921387e+01
   5.5492670e+06   3.0212402e+01
   5.5492930e+06   2.3376465e+01
   5.5493120e+06   4.1015625e+01
   5.5493260e+06   2.7648926e+01
   5.5493460e+06   4.2236328e+01
   5.5493980e+06   2.6367188e+01
   5.5494100e+06   2.8503418e+01
   5.5494350e+06   3.4912109e+01
   5.5494520e+06   3.3142090e+01
   5.5494850e+06   3.1555176e+01
   5.5495040e+06   2.5146484e+01
   5.5495500e+06   2.4780273e+01
   5.5495720e+06   3.5278320e+01
   5.5496040e+06   3.2470703e+01
   5.5496500e+06   3.0883789e+01
   5.5497300e+06   3.5522461e+01
   5.5500550e+06   3.0212402e+01
   5.5504090e+06   2.5512695e+01
   5.5505620e+06   2.4414062e+01
   5.6206560e+06   2.3864746e+01
   5.6522750e+06   3.0700684e+01
   6.1508460e+06   3.4973145e+01
   6.2342890e+06   2.3010254e+01
   6.2343910e+06   2.6733398e+01
   6.2344080e+06   2.9479980e+01
   6.2344490e+06   2.4841309e+01
   6.2344660e+06   2.9113770e+01
   6.2344880e+06   2.8686523e+01
   6.2345040e+06   8.5876465e+01
   6.2345440e+06   4.6691895e+01
   6.2345700e+06   4.1625977e+01
   6.2345880e+06   4.1198730e+01
   6.2346120e+06   2.3193359e+01
   6.2346370e+06   3.8757324e+01
   6.2346650e+06   2.6550293e+01
   6.2346920e+06   3.1677246e+01
   6.2347240e+06   2.4475098e+01
   6.2347460e+06   2.6184082e+01
   6.2347670e+06   2.7282715e+01
   6.2347820e+06   3.3020020e+01
   6.2348080e+06   3.0029297e+01
   6.2348330e+06   2.4963379e+01
   6.2348630e+06   2.5573730e+01
   6.2348860e+06   2.5268555e+01
   6.2349740e+06   2.8015137e+01
   6.2349940e+06   3.4362793e+01
   6.2350510e+06   2.3681641e+01
   6.2350760e+06   2.3498535e+01
   6.2351350e+06   2.5756836e+01
   6.2352400e+06   2.4291992e+01
   6.2355320e+06   2.5939941e+01
   6.2356980e+06   2.7587891e+01
   6.2361650e+06   2.6794434e+01
   6.3669660e+06   2.8015137e+01
   6.6913690e+06   2.4475098e+01
   6.6914650e+06   3.1188965e+01
   6.6914770e+06   2.8869629e+01
   6.6915110e+06   4.4189453e+01
   6.6915290e+06   4.3273926e+01
   6.6915450e+06   4.0954590e+01
   6.6915700e+06   5.6762695e+01
   6.6915870e+06   4.0954590e+01
   6.6915980e+06   3.6193848e+01
   6.6916250e+06   3.2226563e+01
   6.6916600e+06   2.8930664e+01
   6.6916750e+06   2.5634766e+01
   6.6916930e+06   3.2592773e+01
   6.6917100e+06   4.5288086e+01
   6.6917290e+06   3.2348633e+01
   6.6917450e+06   2.7893066e+01
   6.6917560e+06   3.8330078e+01
   6.6917940e+06   4.2175293e+01
   6.6918180e+06   2.3010254e+01
   6.6918340e+06   2.4291992e+01
   6.6918490e+06   2.9968262e+01
   6.6918640e+06   2.7038574e+01
   6.6918870e+06   2.6123047e+01
   6.6919030e+06   2.4963379e+01
   6.6919490e+06   2.6794434e+01
   6.6919730e+06   3.1738281e+01
   6.6920270e+06   2.4414063e+01
   6.6921140e+06   2.5817871e+01
   6.6921550e+06   2.9602051e+01
   6.6922750e+06   2.7038574e+01
   6.6926890e+06   3.3020020e+01
   6.6927890e+06   2.3620605e+01
   6.6930690e+06   2.7282715e+01
   6.6937080e+06   2.3010254e+01
   7.2835820e+06   2.3010254e+01
   7.2838150e+06   2.3864746e+01
   7.2838580e+06   2.4719238e+01
   7.2838860e+06   3.8330078e+01
   7.2839000e+06   3.4667969e+01
   7.2839260e+06   5.0903320e+01
   7.2839380e+06   5.3222656e+01
   7.2839620e+06   5.5603027e+01
   7.2839810e+06   5.1818848e+01
   7.2840040e+06   2.5268555e+01
   7.2840260e+06   2.9174805e+01
   7.2840740e+06   3.4912109e+01
   7.2840840e+06   3.0578613e+01
   7.2841080e+06   2.2949219e+01
   7.2841210e+06   2.3559570e+01
   7.2841400e+06   2.5268555e+01
   7.2841520e+06   2.8503418e+01
   7.2841780e+06   3.7475586e+01
   7.2842210e+06   3.0395508e+01
   7.2842410e+06   2.7099609e+01
   7.2842630e+06   2.7465820e+01
   7.2842750e+06   2.4841309e+01
   7.2843280e+06   2.9418945e+01
   7.2843830e+06   2.3925781e+01
   7.2844100e+06   3.1738281e+01
   7.2844540e+06   2.7954102e+01
   7.2844730e+06   2.7404785e+01
   7.2845330e+06   2.4902344e+01
   7.2846200e+06   2.8747559e+01
   7.2849760e+06   2.3315430e+01
   7.2852430e+06   2.6916504e+01
   7.2858180e+06   2.3193359e+01
   7.2864990e+06   2.5878906e+01
   7.2866070e+06   2.4291992e+01
   7.2869580e+06   2.5451660e+01
   7.8723390e+06   2.5756836e+01
   7.8724460e+06   3.0639648e+01
   7.8958880e+06   2.9052734e+01
   7.9442910e+06   2.6855469e+01
   8.4485370e+06   2.6184082e+01
   8.5566300e+06   2.8076172e+01
   8.5650420e+06   2.4536133e+01
   8.6308590e+06   2.9724121e+01
   8.6308870e+06   3.3386230e+01
   8.6308970e+06   6.4270020e+01
   8.6309150e+06   4.5349121e+01
   8.6309300e+06   4.5410156e+01
   8.6309540e+06   2.9357910e+01
   8.6309660e+06   6.1828613e+01
   8.6309890e+06   5.2612305e+01
   8.6310280e+06   3.3203125e+01
   8.6310840e+06   2.4047852e+01
   8.6311110e+06   2.8442383e+01
   8.6311270e+06   3.6193848e+01
   8.6311460e+06   2.4841309e+01
   8.6311740e+06   3.8330078e+01
   8.6311900e+06   5.1208496e+01
   8.6312150e+06   3.0822754e+01
   8.6312280e+06   3.0639648e+01
   8.6312690e+06   3.7902832e+01
   8.6312930e+06   2.4902344e+01
   8.6313320e+06   3.0761719e+01
   8.6313570e+06   2.4963379e+01
   8.6314230e+06   2.4780273e+01
   8.6314380e+06   2.3559570e+01
   8.6315400e+06   2.6000977e+01
   8.6315530e+06   2.8869629e+01
   8.6315870e+06   2.4719238e+01
   8.6316270e+06   2.7709961e+01
   8.6316610e+06   2.2949219e+01
   8.6317130e+06   3.0334473e+01
   8.6317920e+06   2.4536133e+01
   8.6319890e+06   3.4667969e+01
   8.6320790e+06   2.3620605e+01
   8.6325300e+06   2.9296875e+01
   8.6350280e+06   2.3254395e+01
   8.8649110e+06   2.3986816e+01
   8.9547670e+06   2.4108887e+01
   8.9601510e+06   2.4719238e+01
   9.1268090e+06   2.5207520e+01
   9.1269410e+06   2.3498535e+01
   9.1270960e+06   2.5756836e+01
   9.1271320e+06   3.8085938e+01
   9.1271470e+06   7.1228027e+01
   9.1271690e+06   3.0700684e+01
   9.1271800e+06   4.6142578e+01
   9.1272220e+06   5.0292969e+01
   9.1272330e+06   3.4973145e+01
   9.1272520e+06   3.9428711e+01
   9.1272860e+06   2.4291992e+01
   9.1272990e+06   4.5776367e+01
   9.1273350e+06   2.6550293e+01
   9.1273460e+06   3.4729004e+01
   9.1273770e+06   2.7099609e+01
   9.1273890e+06   2.6611328e+01
   9.1274190e+06   3.3996582e+01
   9.1274530e+06   2.4597168e+01
   9.1275240e+06   3.5766602e+01
   9.1275990e+06   2.7526855e+01
   9.1276520e+06   2.7099609e+01
   9.1277020e+06   3.0456543e+01
   9.1282810e+06   2.6367188e+01
   9.1283610e+06   2.5878906e+01
   9.1290160e+06   2.7770996e+01
   9.1295360e+06   2.3254395e+01
   9.1298590e+06   2.7526855e+01
   9.2867020e+06   2.5085449e+01
   9.2881230e+06   2.4047852e+01
   9.5636490e+06   2.8503418e+01
   9.6697920e+06   2.5817871e+01
   9.7603060e+06   2.3803711e+01
   1.0390784e+07   4.8889160e+01
   1.0392251e+07   4.7485352e+01
   1.0400609e+07   5.5847168e+01
   1.0441784e+07   2.2888184e+01
   1.0951342e+07   2.3010254e+01
