   1.1999000e+07   0.0000000e+00
   6.5790000e+03   3.4667969e+01
   6.6330000e+03   3.5156250e+01
   6.6760000e+03   3.4973145e+01
   6.7390000e+03   3.3691406e+01
   4.2562000e+04   4.6142578e+01
   4.2602000e+04   3.5400391e+01
   4.2645000e+04   3.3264160e+01
   4.2708000e+04   2.7099609e+01
   6.8203000e+04   4.2175293e+01
   6.8242000e+04   3.3325195e+01
   6.8281000e+04   3.3691406e+01
   6.8356000e+04   3.4851074e+01
   9.6629000e+04   4.5959473e+01
   9.6991000e+04   3.6560059e+01
   9.7356000e+04   3.7109375e+01
   9.7550000e+04   4.2480469e+01
   9.7821000e+04   4.2053223e+01
   9.8026000e+04   3.1188965e+01
   9.8250000e+04   3.2470703e+01
   1.4288200e+05   3.3020020e+01
   1.4301700e+05   3.6682129e+01
   1.4306800e+05   3.3813477e+01
   1.4313200e+05   3.4667969e+01
   1.4383800e+05   1.9775391e+01
   1.5283800e+05   4.5654297e+01
   1.5290000e+05   3.6987305e+01
   1.5295100e+05   3.7902832e+01
   1.5299800e+05   2.6123047e+01
   1.5305200e+05   2.7893066e+01
   1.5310600e+05   1.9775391e+01
   1.5614100e+05   4.1381836e+01
   1.5646600e+05   4.0405273e+01
   1.5668700e+05   3.3508301e+01
   1.5693500e+05   3.7170410e+01
   2.0288400e+05   4.5166016e+01
   2.0293800e+05   3.3020020e+01
   2.0297000e+05   2.9968262e+01
   2.0301100e+05   2.2216797e+01
   2.0306000e+05   2.6367188e+01
   2.0330200e+05   3.5217285e+01
   2.0340500e+05   3.4423828e+01
   2.5835800e+05   3.9550781e+01
   2.5848100e+05   3.9916992e+01
   2.5856600e+05   3.4851074e+01
   2.5869000e+05   3.8208008e+01
   2.5892800e+05   3.7170410e+01
   2.6080500e+05   3.3752441e+01
   2.9565100e+05   4.1870117e+01
   2.9579700e+05   3.7414551e+01
   2.9583800e+05   3.6560059e+01
   2.9589000e+05   2.9724121e+01
   3.1060300e+05   4.0100098e+01
   3.1069300e+05   4.2480469e+01
   3.1074100e+05   3.0212402e+01
   3.1077700e+05   2.5085449e+01
   3.1079500e+05   2.6245117e+01
   3.1084700e+05   2.5817871e+01
   3.1092500e+05   3.0151367e+01
   3.6447400e+05   4.6691895e+01
   3.6451600e+05   3.4545898e+01
   3.6456000e+05   2.4169922e+01
   3.6460300e+05   2.8686523e+01
   3.7903000e+05   2.0202637e+01
   3.9582900e+05   3.5888672e+01
   3.9595800e+05   3.4851074e+01
   3.9619100e+05   3.1860352e+01
   4.2468800e+05   3.8940430e+01
   4.2475600e+05   4.0100098e+01
   4.2479400e+05   3.0212402e+01
   4.2486500e+05   3.0944824e+01
   4.3741100e+05   4.6142578e+01
   4.3779300e+05   3.8085937e+01
   4.3796600e+05   3.8085937e+01
   4.3812700e+05   3.9855957e+01
   4.3895100e+05   4.2236328e+01
   4.6336400e+05   4.3884277e+01
   4.6341200e+05   3.9123535e+01
   4.6349900e+05   4.0283203e+01
   4.8182800e+05   4.0771484e+01
   4.8189000e+05   3.5461426e+01
   4.8193300e+05   2.8137207e+01
   4.8199700e+05   3.0517578e+01
   5.0395000e+05   4.0588379e+01
   5.0401400e+05   4.0649414e+01
   5.0406800e+05   3.8330078e+01
   5.0408500e+05   2.0996094e+01
   5.0411600e+05   3.2409668e+01
   5.0416300e+05   2.1545410e+01
   5.0424500e+05   3.0639648e+01
   5.3750100e+05   3.6743164e+01
   5.3754900e+05   3.1066895e+01
   5.3759300e+05   2.9846191e+01
   5.3763600e+05   3.3142090e+01
   5.3770200e+05   3.0944824e+01
   5.3785200e+05   2.9418945e+01
   5.3795600e+05   2.8747559e+01
   5.3805200e+05   4.0893555e+01
   5.3827200e+05   2.4841309e+01
   5.3900400e+05   3.3813477e+01
   5.7887200e+05   4.1870117e+01
   5.7891300e+05   3.3142090e+01
   5.7896000e+05   2.9724121e+01
   5.7900300e+05   2.3559570e+01
   5.7906000e+05   2.7404785e+01
   6.0053700e+05   3.9672852e+01
   6.0058200e+05   3.1372070e+01
   6.0061500e+05   2.6428223e+01
   6.0065900e+05   2.6611328e+01
   6.0071600e+05   2.5390625e+01
   6.3210900e+05   3.6193848e+01
   6.3220400e+05   3.3569336e+01
   6.3225900e+05   2.2277832e+01
   6.3230900e+05   3.4362793e+01
   6.3238000e+05   3.4118652e+01
   6.3862200e+05   3.4484863e+01
   6.3867400e+05   2.6977539e+01
   6.3870200e+05   2.3986816e+01
   6.3874400e+05   2.3742676e+01
   6.3880400e+05   3.1616211e+01
   6.3888100e+05   3.1738281e+01
   6.7154000e+05   3.7414551e+01
   6.7160000e+05   3.6376953e+01
   6.7164500e+05   2.9785156e+01
   6.7169300e+05   2.1789551e+01
   6.7173100e+05   2.6672363e+01
   6.8511400e+05   4.1015625e+01
   6.8585500e+05   3.8085937e+01
   6.8589900e+05   3.1311035e+01
   6.8595900e+05   2.7709961e+01
   6.8600600e+05   2.0019531e+01
   6.8606200e+05   2.2827148e+01
   7.0105200e+05   3.9062500e+01
   7.0109300e+05   3.2226563e+01
   7.0113900e+05   3.3203125e+01
   7.0119400e+05   2.5085449e+01
   7.3555300e+05   4.4555664e+01
   7.3566800e+05   4.2724609e+01
   7.3571300e+05   2.3010254e+01
   7.3576200e+05   2.7038574e+01
   7.3584100e+05   2.5390625e+01
   7.6249200e+05   4.2541504e+01
   7.6253400e+05   2.6916504e+01
   7.6258000e+05   2.1972656e+01
   7.6262900e+05   2.0751953e+01
   7.6272800e+05   3.4301758e+01
   7.8344000e+05   3.3935547e+01
   7.8347800e+05   2.4353027e+01
   7.8353400e+05   2.3437500e+01
   7.8357900e+05   2.6672363e+01
   7.8370300e+05   3.1982422e+01
   7.9750200e+05   3.8818359e+01
   7.9754200e+05   3.3447266e+01
   7.9758900e+05   2.1728516e+01
   7.9764300e+05   2.5329590e+01
   7.9770500e+05   2.9907227e+01
   8.1227500e+05   4.1442871e+01
   8.1232000e+05   2.9174805e+01
   8.1236100e+05   3.7902832e+01
   8.1240200e+05   2.5451660e+01
   8.1246200e+05   3.1066895e+01
   8.3405500e+05   5.2124023e+01
   8.3412700e+05   3.8330078e+01
   8.3418300e+05   2.8930664e+01
   8.3422900e+05   2.0935059e+01
   8.3428300e+05   2.0385742e+01
   8.3434600e+05   2.5451660e+01
   8.3442500e+05   2.9479980e+01
   8.3484100e+05   3.2165527e+01
   8.8995700e+05   3.5888672e+01
   8.9000900e+05   3.9245605e+01
   8.9004900e+05   3.2409668e+01
   8.9008500e+05   2.2033691e+01
   8.9014900e+05   2.2277832e+01
   9.0447100e+05   3.9184570e+01
   9.0451200e+05   3.1921387e+01
   9.0455400e+05   2.2216797e+01
   9.0459500e+05   3.0456543e+01
   9.0471900e+05   2.8991699e+01
   9.3741800e+05   3.9062500e+01
   9.3750800e+05   3.9916992e+01
   9.3754400e+05   2.1911621e+01
   9.3759100e+05   2.6489258e+01
   9.4690300e+05   3.5644531e+01
   9.4697900e+05   3.7475586e+01
   9.4703700e+05   3.6193848e+01
   9.4709100e+05   3.1677246e+01
   9.4710700e+05   2.3132324e+01
   9.4714400e+05   2.0568848e+01
   9.4719300e+05   2.5390625e+01
   9.4726200e+05   2.5390625e+01
   9.4752000e+05   2.9235840e+01
   9.8158300e+05   4.1259766e+01
   9.8163500e+05   3.3813477e+01
   9.8167000e+05   2.1850586e+01
   9.8173000e+05   2.7404785e+01
   9.8185000e+05   3.5339355e+01
   9.8191500e+05   2.1850586e+01
   9.8209500e+05   3.9733887e+01
   1.0048350e+06   3.5827637e+01
   1.0048750e+06   3.1005859e+01
   1.0049190e+06   2.6367188e+01
   1.0049730e+06   2.4169922e+01
   1.0050560e+06   2.7343750e+01
   1.0278830e+06   4.4067383e+01
   1.0279290e+06   3.6010742e+01
   1.0279730e+06   2.1911621e+01
   1.0280100e+06   2.6550293e+01
   1.0280500e+06   2.4169922e+01
   1.0281240e+06   3.0639648e+01
   1.0545320e+06   3.4851074e+01
   1.0545730e+06   2.3803711e+01
   1.0546230e+06   2.1484375e+01
   1.0546800e+06   2.9479980e+01
   1.0706730e+06   4.2968750e+01
   1.0707180e+06   2.9785156e+01
   1.0707560e+06   1.9958496e+01
   1.0707950e+06   2.1850586e+01
   1.0708220e+06   2.2399902e+01
   1.0708570e+06   2.2460938e+01
   1.0890520e+06   1.9836426e+01
   1.0959470e+06   4.2297363e+01
   1.0960090e+06   4.3090820e+01
   1.0960450e+06   2.4658203e+01
   1.0960890e+06   2.3742676e+01
   1.0961190e+06   1.9958496e+01
   1.0961420e+06   2.3559570e+01
   1.0969230e+06   4.1442871e+01
   1.1181470e+06   4.1564941e+01
   1.1181890e+06   2.9479980e+01
   1.1182260e+06   3.3752441e+01
   1.1182690e+06   2.4597168e+01
   1.1183280e+06   2.5512695e+01
   1.1451820e+06   4.0832520e+01
   1.1452290e+06   3.4240723e+01
   1.1452770e+06   2.5146484e+01
   1.1453280e+06   2.9357910e+01
   1.1454140e+06   2.2460938e+01
   1.1706550e+06   3.6437988e+01
   1.1707070e+06   3.5644531e+01
   1.1707480e+06   2.5390625e+01
   1.1707950e+06   2.6611328e+01
   1.1708910e+06   2.9052734e+01
   1.1709990e+06   2.8442383e+01
   1.1787950e+06   4.6203613e+01
   1.1788370e+06   2.7648926e+01
   1.1788830e+06   3.2653809e+01
   1.1789330e+06   2.0446777e+01
   1.1790290e+06   2.2888184e+01
   1.1791430e+06   3.0456543e+01
   1.2104470e+06   4.2114258e+01
   1.2105210e+06   3.4973145e+01
   1.2105540e+06   2.5695801e+01
   1.2106070e+06   3.4973145e+01
   1.2106560e+06   2.0568848e+01
   1.2111830e+06   3.3874512e+01
   1.2113820e+06   3.8146973e+01
   1.2424440e+06   4.1992187e+01
   1.2425370e+06   3.4545898e+01
   1.2425870e+06   2.9113770e+01
   1.2426320e+06   2.8747559e+01
   1.2426940e+06   2.6428223e+01
   1.2559980e+06   4.0344238e+01
   1.2560440e+06   3.3020020e+01
   1.2560830e+06   2.8076172e+01
   1.2561440e+06   2.6611328e+01
   1.2562400e+06   2.8747559e+01
   1.2564280e+06   3.3142090e+01
   1.2567200e+06   3.9855957e+01
   1.2569680e+06   2.0751953e+01
   1.2895470e+06   3.9367676e+01
   1.2895930e+06   3.7719727e+01
   1.2896420e+06   2.5634766e+01
   1.2896940e+06   3.2165527e+01
   1.2897630e+06   2.7954102e+01
   1.3190020e+06   3.7658691e+01
   1.3190550e+06   3.6682129e+01
   1.3190940e+06   2.3376465e+01
   1.3191390e+06   2.7343750e+01
   1.3191950e+06   2.3315430e+01
   1.3357310e+06   3.8635254e+01
   1.3358080e+06   3.6437988e+01
   1.3358720e+06   2.8259277e+01
   1.3359260e+06   2.5634766e+01
   1.3359740e+06   1.9958496e+01
   1.3359850e+06   2.4841309e+01
   1.3360830e+06   2.2949219e+01
   1.3361600e+06   3.1372070e+01
   1.3837520e+06   3.5278320e+01
   1.3838100e+06   3.8757324e+01
   1.3838540e+06   2.6733398e+01
   1.3839020e+06   2.4047852e+01
   1.3839560e+06   2.6367188e+01
   1.4152700e+06   4.0161133e+01
   1.4153190e+06   3.5217285e+01
   1.4153590e+06   2.6794434e+01
   1.4154210e+06   2.8015137e+01
   1.4154840e+06   2.6977539e+01
   1.4398850e+06   4.4677734e+01
   1.4399340e+06   3.6010742e+01
   1.4399850e+06   3.0700684e+01
   1.4400600e+06   3.3630371e+01
   1.4632130e+06   3.9855957e+01
   1.4632710e+06   3.1921387e+01
   1.4633080e+06   2.9235840e+01
   1.4633730e+06   2.8076172e+01
   1.4634260e+06   1.9348145e+01
   1.4731560e+06   4.4372559e+01
   1.4732210e+06   2.6367188e+01
   1.4732720e+06   2.6550293e+01
   1.4733240e+06   2.9663086e+01
   1.4733780e+06   2.7770996e+01
   1.4734530e+06   2.5146484e+01
   1.4735210e+06   2.6611328e+01
   1.4736100e+06   2.5512695e+01
   1.5279620e+06   4.2907715e+01
   1.5280250e+06   4.2968750e+01
   1.5280650e+06   2.5634766e+01
   1.5281210e+06   2.6794434e+01
   1.5281980e+06   2.3254395e+01
   1.5492350e+06   4.0405273e+01
   1.5492860e+06   3.0151367e+01
   1.5493310e+06   2.9357910e+01
   1.5493980e+06   2.2949219e+01
   1.5760750e+06   3.5705566e+01
   1.5761520e+06   3.6254883e+01
   1.5761970e+06   3.2165527e+01
   1.5762520e+06   2.8503418e+01
   1.5763080e+06   3.2897949e+01
   1.5978020e+06   4.2968750e+01
   1.5979010e+06   3.8024902e+01
   1.5979490e+06   3.3813477e+01
   1.5979980e+06   3.0517578e+01
   1.5980530e+06   2.5268555e+01
   1.6076360e+06   3.8391113e+01
   1.6077070e+06   3.6071777e+01
   1.6077690e+06   3.6193848e+01
   1.6078130e+06   2.1179199e+01
   1.6078640e+06   3.1127930e+01
   1.6079220e+06   1.9470215e+01
   1.6079900e+06   2.2949219e+01
   1.6087840e+06   3.6682129e+01
   1.6375850e+06   3.1738281e+01
   1.6377890e+06   3.8635254e+01
   1.6378360e+06   2.6977539e+01
   1.6378810e+06   2.9479980e+01
   1.6749100e+06   3.9978027e+01
   1.6749550e+06   2.8686523e+01
   1.6750100e+06   3.2043457e+01
   1.6750820e+06   2.3437500e+01
   1.7039830e+06   3.7536621e+01
   1.7040320e+06   3.5034180e+01
   1.7040820e+06   2.8503418e+01
   1.7041380e+06   2.9113770e+01
   1.7260920e+06   3.5522461e+01
   1.7261950e+06   4.3212891e+01
   1.7262430e+06   3.4484863e+01
   1.7262930e+06   3.3874512e+01
   1.7263540e+06   3.1127930e+01
   1.7264500e+06   3.0944824e+01
   1.7532890e+06   4.3029785e+01
   1.7533630e+06   3.7963867e+01
   1.7534010e+06   2.4963379e+01
   1.7534650e+06   1.9836426e+01
   1.7535210e+06   3.0395508e+01
   1.7774530e+06   4.3518066e+01
   1.7774980e+06   3.6193848e+01
   1.7775370e+06   2.6855469e+01
   1.7775910e+06   2.8991699e+01
   1.7776750e+06   2.6916504e+01
   1.7777160e+06   2.1484375e+01
   1.8052570e+06   4.3457031e+01
   1.8052960e+06   2.9663086e+01
   1.8053490e+06   2.3071289e+01
   1.8054030e+06   2.4658203e+01
   1.8054570e+06   3.3691406e+01
   1.8305070e+06   3.9916992e+01
   1.8305690e+06   3.8085937e+01
   1.8306150e+06   3.8574219e+01
   1.8306690e+06   2.6184082e+01
   1.8307260e+06   2.2216797e+01
   1.8310680e+06   3.6682129e+01
   1.8311570e+06   2.9418945e+01
   1.8317840e+06   3.3630371e+01
   1.8318920e+06   3.4729004e+01
   1.8320370e+06   3.2470703e+01
   1.8321450e+06   2.6733398e+01
   1.8322430e+06   3.1677246e+01
   1.8323240e+06   2.3742676e+01
   1.8324390e+06   2.7465820e+01
   1.8325740e+06   3.1311035e+01
   1.8761680e+06   3.7292480e+01
   1.8762180e+06   3.9123535e+01
   1.8762530e+06   2.8503418e+01
   1.8762980e+06   2.2399902e+01
   1.8763590e+06   2.3498535e+01
   1.8766540e+06   3.7536621e+01
   1.8770440e+06   3.6804199e+01
   1.8771450e+06   2.4353027e+01
   1.8772510e+06   3.3935547e+01
   1.8773730e+06   3.4118652e+01
   1.8936600e+06   4.9316406e+01
   1.8937260e+06   4.0893555e+01
   1.8937850e+06   2.7526855e+01
   1.8938340e+06   2.9357910e+01
   1.8938480e+06   1.9653320e+01
   1.8938900e+06   2.3559570e+01
   1.8939450e+06   2.6062012e+01
   1.8943530e+06   3.2897949e+01
   1.8947030e+06   3.7414551e+01
   1.9312270e+06   3.5522461e+01
   1.9312720e+06   3.0334473e+01
   1.9313210e+06   3.1433105e+01
   1.9313630e+06   2.0080566e+01
   1.9314070e+06   2.1728516e+01
   1.9314810e+06   2.5573730e+01
   1.9691020e+06   4.0466309e+01
   1.9691490e+06   2.9602051e+01
   1.9692060e+06   2.4353027e+01
   1.9692480e+06   2.2644043e+01
   1.9693420e+06   3.0761719e+01
   1.9961000e+06   3.5583496e+01
   1.9961470e+06   2.5878906e+01
   1.9961850e+06   2.5390625e+01
   1.9962370e+06   2.7587891e+01
   1.9962890e+06   2.7770996e+01
   2.0201460e+06   4.4616699e+01
   2.0201990e+06   3.4484863e+01
   2.0202390e+06   2.3193359e+01
   2.0202960e+06   2.4169922e+01
   2.0203600e+06   1.9775391e+01
   2.0204690e+06   3.3691406e+01
   2.0429770e+06   4.2724609e+01
   2.0430550e+06   3.3081055e+01
   2.0431260e+06   2.5085449e+01
   2.0431750e+06   2.7038574e+01
   2.0432870e+06   2.2521973e+01
   2.0433950e+06   2.1545410e+01
   2.0810830e+06   3.9245605e+01
   2.0811370e+06   3.1005859e+01
   2.0811770e+06   3.1555176e+01
   2.0812140e+06   2.2094727e+01
   2.0812310e+06   2.2155762e+01
   2.0813540e+06   3.2287598e+01
   2.1099560e+06   4.2785645e+01
   2.1100220e+06   3.5766602e+01
   2.1100610e+06   2.8015137e+01
   2.1101140e+06   2.6306152e+01
   2.1101800e+06   2.6306152e+01
   2.1303170e+06   4.6936035e+01
   2.1303670e+06   3.1372070e+01
   2.1304100e+06   2.1301270e+01
   2.1304630e+06   2.7404785e+01
   2.1305360e+06   2.4291992e+01
   2.1603470e+06   3.5644531e+01
   2.1603910e+06   3.7536621e+01
   2.1604310e+06   3.0151367e+01
   2.1604880e+06   3.1982422e+01
   2.1770840e+06   3.5705566e+01
   2.1772040e+06   3.4423828e+01
   2.1772660e+06   3.5217285e+01
   2.1773440e+06   3.6987305e+01
   2.1774240e+06   2.2888184e+01
   2.1775060e+06   3.7109375e+01
   2.2258520e+06   3.9794922e+01
   2.2258990e+06   2.8381348e+01
   2.2259410e+06   2.3681641e+01
   2.2259990e+06   2.6794434e+01
   2.2508870e+06   3.4790039e+01
   2.2509620e+06   3.0517578e+01
   2.2510150e+06   2.4963379e+01
   2.2510580e+06   2.1423340e+01
   2.2750180e+06   4.4738770e+01
   2.2750610e+06   2.7526855e+01
   2.2751040e+06   2.7221680e+01
   2.2751840e+06   2.8381348e+01
   2.2989750e+06   4.7363281e+01
   2.2990180e+06   2.8747559e+01
   2.2990570e+06   2.1728516e+01
   2.2991030e+06   2.7221680e+01
   2.2991700e+06   2.9541016e+01
   2.3100150e+06   3.8696289e+01
   2.3102860e+06   3.4423828e+01
   2.3105780e+06   4.7424316e+01
   2.3108170e+06   4.0283203e+01
   2.3109500e+06   3.5827637e+01
   2.3110420e+06   3.1372070e+01
   2.3111210e+06   3.2409668e+01
   2.3112900e+06   3.1555176e+01
   2.3494790e+06   3.7475586e+01
   2.3495460e+06   2.8869629e+01
   2.3495940e+06   3.1250000e+01
   2.3496600e+06   3.0273438e+01
   2.3741830e+06   3.6682129e+01
   2.3742290e+06   2.7893066e+01
   2.3743100e+06   2.9113770e+01
   2.3743880e+06   3.2470703e+01
   2.3997480e+06   3.5766602e+01
   2.3998020e+06   3.3020020e+01
   2.3998750e+06   2.8442383e+01
   2.3999360e+06   3.2165527e+01
   2.4223150e+06   4.2175293e+01
   2.4223690e+06   3.3996582e+01
   2.4224420e+06   2.7282715e+01
   2.4224930e+06   2.7038574e+01
   2.4475440e+06   4.4006348e+01
   2.4475950e+06   4.0771484e+01
   2.4476410e+06   3.2165527e+01
   2.4476840e+06   2.4475098e+01
   2.4477500e+06   2.8747559e+01
   2.4775490e+06   4.2724609e+01
   2.4776060e+06   3.6376953e+01
   2.4776920e+06   3.2104492e+01
   2.4777860e+06   2.7832031e+01
   2.4912060e+06   3.6804199e+01
   2.4912630e+06   3.4179688e+01
   2.4913170e+06   2.1179199e+01
   2.4914020e+06   3.0883789e+01
   2.5171480e+06   4.2541504e+01
   2.5172150e+06   3.7292480e+01
   2.5172670e+06   2.9296875e+01
   2.5173480e+06   2.5024414e+01
   2.5307450e+06   4.2968750e+01
   2.5308190e+06   4.0039063e+01
   2.5308780e+06   2.2827148e+01
   2.5309350e+06   2.5939941e+01
   2.5309560e+06   2.0690918e+01
   2.5309900e+06   2.2827148e+01
   2.5310500e+06   2.0568848e+01
   2.5311160e+06   2.6306152e+01
   2.5469910e+06   4.1198730e+01
   2.5852140e+06   4.0405273e+01
   2.5852720e+06   4.3579102e+01
   2.5853280e+06   3.1555176e+01
   2.5854130e+06   2.6123047e+01
   2.6131200e+06   3.8757324e+01
   2.6131770e+06   3.6193848e+01
   2.6132220e+06   3.1005859e+01
   2.6132660e+06   2.0141602e+01
   2.6133450e+06   2.6123047e+01
   2.6352100e+06   4.5166016e+01
   2.6352680e+06   3.5156250e+01
   2.6353200e+06   2.4597168e+01
   2.6353680e+06   2.8991699e+01
   2.6354200e+06   3.4484863e+01
   2.6604970e+06   4.5104980e+01
   2.6605540e+06   3.2287598e+01
   2.6606130e+06   2.1240234e+01
   2.6606910e+06   2.6855469e+01
   2.6847890e+06   2.1606445e+01
   2.6848790e+06   3.5095215e+01
   2.6849270e+06   2.5451660e+01
   2.6849810e+06   2.7282715e+01
   2.6851450e+06   3.2348633e+01
   2.6853160e+06   3.6254883e+01
   2.6855090e+06   3.3813477e+01
   2.6856380e+06   3.5888672e+01
   2.6856960e+06   3.1738281e+01
   2.6859030e+06   2.8076172e+01
   2.6860100e+06   3.0456543e+01
   2.6862490e+06   2.5451660e+01
   2.6865960e+06   3.1311035e+01
   2.7237360e+06   4.7119141e+01
   2.7237840e+06   3.6743164e+01
   2.7238280e+06   2.4047852e+01
   2.7239100e+06   2.9235840e+01
   2.7241070e+06   2.9968262e+01
   2.7245430e+06   4.0039062e+01
   2.7508000e+06   4.0222168e+01
   2.7508760e+06   3.4484863e+01
   2.7509240e+06   2.6672363e+01
   2.7509660e+06   2.9968262e+01
   2.7512660e+06   3.7963867e+01
   2.7515890e+06   3.5522461e+01
   2.7817160e+06   4.5837402e+01
   2.7817580e+06   3.2775879e+01
   2.7818010e+06   2.0935059e+01
   2.7818440e+06   2.2399902e+01
   2.7819060e+06   2.5207520e+01
   2.7825800e+06   4.0954590e+01
   2.7828500e+06   3.3935547e+01
   2.7831700e+06   3.2836914e+01
   2.7833020e+06   3.2287598e+01
   2.7833760e+06   2.9663086e+01
   2.7834830e+06   2.9235840e+01
   2.7835660e+06   2.4963379e+01
   2.7836860e+06   2.7709961e+01
   2.7837980e+06   2.6489258e+01
   2.7847590e+06   3.6560059e+01
   2.7848580e+06   2.9846191e+01
   2.7849660e+06   2.9235840e+01
   2.7850720e+06   2.9296875e+01
   2.7853410e+06   3.0761719e+01
   2.7857080e+06   3.4667969e+01
   2.7859000e+06   3.2348633e+01
   2.7863500e+06   2.6733398e+01
   2.7865970e+06   2.9907227e+01
   2.7868490e+06   3.1616211e+01
   2.7869500e+06   2.7099609e+01
   2.7871750e+06   3.4606934e+01
   2.7872920e+06   3.3447266e+01
   2.7874800e+06   3.3874512e+01
   2.7877670e+06   2.9968262e+01
   2.7880550e+06   3.1250000e+01
   2.7884340e+06   2.6916504e+01
   2.7890090e+06   3.2043457e+01
   2.7892720e+06   3.0761719e+01
   2.7896030e+06   2.8381348e+01
   2.7897870e+06   3.3752441e+01
   2.7947750e+06   4.0344238e+01
   2.7948970e+06   3.0334473e+01
   2.7949860e+06   3.3752441e+01
   2.7950710e+06   2.9724121e+01
   2.7951280e+06   2.7770996e+01
   2.7952030e+06   2.7832031e+01
   2.7953070e+06   2.6062012e+01
   2.7960610e+06   3.4851074e+01
   2.7961690e+06   2.9846191e+01
   2.7962900e+06   3.2287598e+01
   2.8571110e+06   4.2541504e+01
   2.8571500e+06   2.3742676e+01
   2.8571940e+06   1.9714355e+01
   2.8572410e+06   1.9592285e+01
   2.8572860e+06   2.0141602e+01
   2.8573870e+06   3.2287598e+01
   2.8583660e+06   3.7292480e+01
   2.8585120e+06   3.7170410e+01
   2.8586030e+06   2.7038574e+01
   2.8586680e+06   2.1911621e+01
   2.8587390e+06   2.2521973e+01
   2.8588130e+06   2.3681641e+01
   2.8589490e+06   2.4963379e+01
   2.8594250e+06   3.1982422e+01
   2.8596600e+06   2.8930664e+01
   2.8602050e+06   3.5156250e+01
   2.8604080e+06   3.0700684e+01
   2.8605210e+06   2.7221680e+01
   2.8606410e+06   3.0822754e+01
   2.8608220e+06   2.6916504e+01
   2.8609870e+06   3.2043457e+01
   2.8613290e+06   3.1372070e+01
   2.8615820e+06   2.5512695e+01
   2.8618700e+06   2.8015137e+01
   2.8622810e+06   3.3081055e+01
   2.8626440e+06   3.2165527e+01
   2.8629060e+06   3.4851074e+01
   2.8636180e+06   3.5522461e+01
   2.8642540e+06   2.8930664e+01
   2.8644330e+06   3.6743164e+01
   2.8645790e+06   3.1921387e+01
   2.8651020e+06   3.4667969e+01
   2.8653230e+06   2.5634766e+01
   2.8655650e+06   3.6193848e+01
   2.8662330e+06   2.9174805e+01
   2.8664280e+06   3.0761719e+01
   2.8666120e+06   3.5644531e+01
   2.8670850e+06   3.6010742e+01
   2.8675970e+06   2.7221680e+01
   2.8683200e+06   3.1799316e+01
   2.8688990e+06   3.7231445e+01
   2.8694040e+06   2.9235840e+01
   2.8700180e+06   3.2348633e+01
   2.8701360e+06   3.5095215e+01
   2.8703300e+06   3.2104492e+01
   2.8706990e+06   2.9968262e+01
   2.8711860e+06   2.6123047e+01
   2.9006080e+06   4.9133301e+01
   2.9006830e+06   4.2419434e+01
   2.9007430e+06   3.4057617e+01
   2.9007940e+06   2.2521973e+01
   2.9008460e+06   2.1667480e+01
   2.9008960e+06   2.3559570e+01
   2.9009690e+06   2.0690918e+01
   2.9010640e+06   2.3193359e+01
   2.9013900e+06   2.6794434e+01
   2.9015630e+06   3.1433105e+01
   2.9016870e+06   3.2470703e+01
   2.9018010e+06   2.7954102e+01
   2.9019200e+06   2.5878906e+01
   2.9020760e+06   2.6855469e+01
   2.9029260e+06   3.6926270e+01
   2.9030860e+06   3.1188965e+01
   2.9032170e+06   2.7404785e+01
   2.9033170e+06   2.7160645e+01
   2.9034520e+06   2.7893066e+01
   2.9036770e+06   3.2043457e+01
   2.9041700e+06   3.5583496e+01
   2.9043090e+06   3.3996582e+01
   2.9044400e+06   2.1789551e+01
   2.9045540e+06   2.6489258e+01
   2.9050320e+06   3.2104492e+01
   2.9058270e+06   3.3691406e+01
   2.9060380e+06   2.7648926e+01
   2.9062820e+06   3.0578613e+01
   2.9068090e+06   4.1931152e+01
   2.9069940e+06   3.6132813e+01
   2.9763560e+06   3.5949707e+01
   2.9764470e+06   3.1372070e+01
   2.9764950e+06   3.5888672e+01
   2.9765410e+06   2.3315430e+01
   2.9765720e+06   2.2644043e+01
   2.9766500e+06   2.3559570e+01
   2.9767210e+06   2.0019531e+01
   2.9776430e+06   3.1372070e+01
   2.9779510e+06   3.2714844e+01
   2.9780090e+06   2.6000977e+01
   2.9781170e+06   3.1738281e+01
   2.9782280e+06   3.1799316e+01
   2.9783330e+06   3.1372070e+01
   2.9784670e+06   2.9174805e+01
   2.9786490e+06   3.0517578e+01
   2.9788330e+06   3.2714844e+01
   2.9789490e+06   2.5817871e+01
   2.9790720e+06   2.3681641e+01
   2.9791580e+06   2.7282715e+01
   2.9792790e+06   2.0874023e+01
   2.9793900e+06   2.9113770e+01
   2.9795090e+06   2.3376465e+01
   2.9798200e+06   2.7038574e+01
   2.9802140e+06   2.6855469e+01
   2.9803400e+06   2.5451660e+01
   2.9809220e+06   3.1250000e+01
   2.9811690e+06   3.5217285e+01
   2.9817740e+06   2.8869629e+01
   2.9819210e+06   2.9357910e+01
   2.9821160e+06   2.9663086e+01
   2.9828230e+06   3.3874512e+01
   2.9835310e+06   3.5339355e+01
   2.9838540e+06   3.5766602e+01
   2.9842200e+06   3.0639648e+01
   3.0800700e+06   4.1198730e+01
   3.0801420e+06   3.0883789e+01
   3.0801930e+06   2.0324707e+01
   3.0802430e+06   2.2094727e+01
   3.0803000e+06   2.3803711e+01
   3.0803540e+06   2.3254395e+01
   3.0804380e+06   2.4169922e+01
   3.0807160e+06   2.9602051e+01
   3.1681810e+06   4.6508789e+01
   3.1682330e+06   3.3935547e+01
   3.1682860e+06   2.8747559e+01
   3.1683510e+06   2.4291992e+01
   3.1685450e+06   3.4179688e+01
   3.2559990e+06   4.4677734e+01
   3.2560590e+06   3.2470703e+01
   3.2561160e+06   2.9846191e+01
   3.2562040e+06   2.5146484e+01
   3.3055190e+06   3.8391113e+01
   3.3055740e+06   3.1555176e+01
   3.3056470e+06   3.3386230e+01
   3.3057460e+06   3.1860352e+01
   3.3350760e+06   3.7536621e+01
   3.3351480e+06   4.5166016e+01
   3.3352090e+06   3.5522461e+01
   3.3352710e+06   2.6550293e+01
   3.3353370e+06   2.6916504e+01
   3.3354180e+06   2.9602051e+01
   3.3355320e+06   2.4475098e+01
   3.3359360e+06   3.3081055e+01
   3.3847230e+06   3.4667969e+01
   3.3848810e+06   3.1921387e+01
   3.3850140e+06   3.7170410e+01
   3.3852010e+06   4.0649414e+01
   3.3852960e+06   2.2338867e+01
   3.3853840e+06   2.8991699e+01
   3.3854860e+06   3.6071777e+01
   3.3855720e+06   2.5451660e+01
   3.4727920e+06   4.0588379e+01
   3.4728410e+06   3.1433105e+01
   3.4728890e+06   3.1494141e+01
   3.4729660e+06   2.5085449e+01
   3.5201000e+06   4.1320801e+01
   3.5201450e+06   3.0944824e+01
   3.5202040e+06   3.2653809e+01
   3.5203180e+06   2.8564453e+01
   3.5622840e+06   4.3457031e+01
   3.5623270e+06   3.3691406e+01
   3.5623980e+06   3.3752441e+01
   3.5625820e+06   3.5461426e+01
   3.6033970e+06   3.8146973e+01
   3.6034570e+06   3.4423828e+01
   3.6035250e+06   3.0090332e+01
   3.6393480e+06   3.3264160e+01
   3.6394280e+06   2.9357910e+01
   3.6394760e+06   2.2888184e+01
   3.6395490e+06   2.3986816e+01
   3.6820340e+06   3.7780762e+01
   3.6821020e+06   3.8879395e+01
   3.6821860e+06   3.3996582e+01
   3.6822520e+06   3.4423828e+01
   3.7228990e+06   4.4067383e+01
   3.7229540e+06   3.3752441e+01
   3.7230100e+06   3.8146973e+01
   3.7230900e+06   2.6489258e+01
   3.7276290e+06   4.9743652e+01
   3.7280240e+06   3.2958984e+01
   3.7281270e+06   3.4973145e+01
   3.7282020e+06   3.5156250e+01
   3.7282620e+06   3.3447266e+01
   3.7283170e+06   2.7832031e+01
   3.7284040e+06   2.6306152e+01
   3.7284870e+06   2.2766113e+01
   3.7615940e+06   4.6264648e+01
   3.7616410e+06   3.4423828e+01
   3.7616990e+06   3.2470703e+01
   3.8107940e+06   4.5715332e+01
   3.8118270e+06   3.9733887e+01
   3.8120780e+06   3.8635254e+01
   3.8122770e+06   3.5339355e+01
   3.8125110e+06   4.0771484e+01
   3.8573960e+06   5.0170898e+01
   3.8574590e+06   3.6743164e+01
   3.8575530e+06   3.0761719e+01
   3.8773910e+06   3.9245605e+01
   3.8774700e+06   2.9724121e+01
   3.8775260e+06   3.9001465e+01
   3.8775770e+06   2.3559570e+01
   3.8776340e+06   3.3447266e+01
   3.8777110e+06   3.0334473e+01
   3.9488200e+06   4.3823242e+01
   3.9489120e+06   3.3264160e+01
   3.9489860e+06   3.3447266e+01
   3.9490780e+06   3.3752441e+01
   3.9636150e+06   3.3142090e+01
   3.9636780e+06   3.7597656e+01
   3.9637410e+06   2.8625488e+01
   3.9638170e+06   3.3142090e+01
   3.9991390e+06   4.5288086e+01
   4.0490940e+06   4.3701172e+01
   4.0491600e+06   3.2775879e+01
   4.0492600e+06   3.4362793e+01
   4.0813620e+06   4.5715332e+01
   4.0814150e+06   3.5217285e+01
   4.0814750e+06   2.7770996e+01
   4.0815540e+06   3.2775879e+01
   4.1009820e+06   3.8024902e+01
   4.1010730e+06   3.0944824e+01
   4.1011570e+06   3.4729004e+01
   4.1012460e+06   3.2714844e+01
   4.1013830e+06   3.7780762e+01
   4.1628170e+06   4.0466309e+01
   4.1628990e+06   4.3945313e+01
   4.1629910e+06   3.4057617e+01
   4.1630570e+06   2.5817871e+01
   4.1631390e+06   3.0212402e+01
   4.2249890e+06   4.1625977e+01
   4.2250440e+06   3.3630371e+01
   4.2251060e+06   3.2775879e+01
   4.2606020e+06   4.7607422e+01
   4.2606510e+06   3.3447266e+01
   4.2607220e+06   3.3996582e+01
   4.2903910e+06   4.0344238e+01
   4.2904490e+06   3.3569336e+01
   4.2904940e+06   3.0029297e+01
   4.2905500e+06   2.8747559e+01
   4.2912120e+06   2.0080566e+01
   4.3166260e+06   3.5217285e+01
   4.3167030e+06   3.8635254e+01
   4.3167890e+06   2.9357910e+01
   4.3168720e+06   2.9113770e+01
   4.3169580e+06   3.0029297e+01
   4.3170920e+06   2.4536133e+01
   4.3675670e+06   4.2419434e+01
   4.3676480e+06   2.9968262e+01
   4.3676990e+06   2.6489258e+01
   4.3677860e+06   2.3620605e+01
   4.3946450e+06   4.5288086e+01
   4.3947770e+06   3.4484863e+01
   4.3948740e+06   3.8208008e+01
   4.3949320e+06   2.1667480e+01
   4.3950370e+06   2.8015137e+01
   4.4254390e+06   4.6875000e+01
   4.4724690e+06   4.5654297e+01
   4.4725510e+06   3.6132813e+01
   4.4726360e+06   3.2043457e+01
   4.5001050e+06   3.7414551e+01
   4.5001490e+06   3.6865234e+01
   4.5002310e+06   3.5583496e+01
   4.5003900e+06   2.0446777e+01
   4.5061120e+06   4.6813965e+01
   4.5379860e+06   4.6691895e+01
   4.5380550e+06   3.1677246e+01
   4.5381200e+06   2.8381348e+01
   4.5704100e+06   4.5593262e+01
   4.5704580e+06   3.0090332e+01
   4.5705370e+06   2.9663086e+01
   4.5953630e+06   4.0283203e+01
   4.5954210e+06   2.8808594e+01
   4.5954830e+06   2.5390625e+01
   4.6348200e+06   4.5043945e+01
   4.6348620e+06   3.6010742e+01
   4.6349470e+06   2.9907227e+01
   4.6764850e+06   3.4057617e+01
   4.6765360e+06   4.0527344e+01
   4.6766210e+06   2.2766113e+01
   4.7089900e+06   4.2785645e+01
   4.7090620e+06   4.1381836e+01
   4.7090990e+06   2.6794434e+01
   4.7091660e+06   3.2897949e+01
   4.7258470e+06   4.0710449e+01
   4.7505110e+06   3.8391113e+01
   4.7505590e+06   3.7109375e+01
   4.7506300e+06   3.5583496e+01
   4.7507000e+06   3.0700684e+01
   4.7609410e+06   4.1076660e+01
   4.7894750e+06   3.8513184e+01
   4.7895470e+06   3.8269043e+01
   4.7896390e+06   3.9428711e+01
   4.8150770e+06   3.4057617e+01
   4.8151270e+06   3.2165527e+01
   4.8152110e+06   2.5329590e+01
   4.8152730e+06   2.5024414e+01
   4.8475080e+06   3.6743164e+01
   4.8475570e+06   3.0029297e+01
   4.8476010e+06   2.7404785e+01
   4.8476800e+06   3.0822754e+01
   4.8905210e+06   4.7485352e+01
   4.8905780e+06   2.8686523e+01
   4.8906140e+06   2.0935059e+01
   4.8907170e+06   2.8442383e+01
   4.9066280e+06   4.5532227e+01
   4.9066690e+06   2.8259277e+01
   4.9067100e+06   3.0517578e+01
   4.9068110e+06   3.4301758e+01
   4.9245230e+06   3.7963867e+01
   4.9256060e+06   3.8940430e+01
   4.9258200e+06   3.6682129e+01
   4.9259840e+06   3.6193848e+01
   4.9261310e+06   3.8818359e+01
   4.9263100e+06   3.2165527e+01
   4.9519960e+06   4.7119141e+01
   4.9520580e+06   3.4545898e+01
   4.9521070e+06   3.0090332e+01
   4.9522480e+06   4.1992188e+01
   4.9525880e+06   3.4667969e+01
   4.9902790e+06   4.6081543e+01
   4.9903340e+06   3.7170410e+01
   4.9903980e+06   3.6621094e+01
   5.0356110e+06   3.5339355e+01
   5.0356700e+06   2.9296875e+01
   5.0357180e+06   2.9907227e+01
   5.0357890e+06   3.6804199e+01
   5.0432300e+06   3.8208008e+01
   5.0797040e+06   4.7729492e+01
   5.0972690e+06   4.5104980e+01
   5.0973200e+06   3.5217285e+01
   5.0974670e+06   3.5888672e+01
   5.1301690e+06   4.0283203e+01
   5.1302150e+06   3.3142090e+01
   5.1302810e+06   3.3813477e+01
   5.1496700e+06   4.0283203e+01
   5.1497190e+06   4.1687012e+01
   5.1497900e+06   3.6804199e+01
   5.1942070e+06   3.9794922e+01
   5.1942630e+06   4.1564941e+01
   5.1943030e+06   4.0100098e+01
   5.1944760e+06   4.0222168e+01
   5.2254830e+06   4.1381836e+01
   5.2255390e+06   2.7343750e+01
   5.2255940e+06   2.8381348e+01
   5.2523640e+06   4.3579102e+01
   5.2528210e+06   3.8146973e+01
   5.2531720e+06   3.8635254e+01
   5.2540030e+06   3.8879395e+01
   5.3061320e+06   4.4067383e+01
   5.3061840e+06   3.5034180e+01
   5.3351090e+06   4.4128418e+01
   5.3351680e+06   3.5095215e+01
   5.3352010e+06   2.4047852e+01
   5.3352520e+06   2.7770996e+01
   5.3587100e+06   3.8024902e+01
   5.3604210e+06   4.1564941e+01
   5.3604910e+06   3.4545898e+01
   5.3605550e+06   2.9418945e+01
   5.3607040e+06   3.4301758e+01
   5.3658820e+06   4.6813965e+01
   5.4073340e+06   4.2114258e+01
   5.4073840e+06   3.5278320e+01
   5.4074350e+06   3.1494141e+01
   5.4398910e+06   4.3823242e+01
   5.4399540e+06   3.5278320e+01
   5.4400020e+06   3.4790039e+01
   5.4766790e+06   4.6447754e+01
   5.4767250e+06   3.3752441e+01
   5.4768000e+06   2.9541016e+01
   5.4769490e+06   3.4545898e+01
   5.5073920e+06   4.7424316e+01
   5.5074760e+06   3.8940430e+01
   5.5075210e+06   2.7282715e+01
   5.5075760e+06   2.5085449e+01
   5.5458710e+06   4.9743652e+01
   5.5459620e+06   3.5766602e+01
   5.5460230e+06   3.2470703e+01
   5.5461190e+06   3.2348633e+01
   5.5793010e+06   4.4555664e+01
   5.5793680e+06   3.8574219e+01
   5.5794460e+06   3.0578613e+01
   5.5896450e+06   4.5593262e+01
   5.5897790e+06   3.8574219e+01
   5.5898630e+06   3.4667969e+01
   5.5899210e+06   3.3630371e+01
   5.5899840e+06   2.7099609e+01
   5.5900540e+06   2.3559570e+01
   5.6570730e+06   4.8522949e+01
   5.6571430e+06   4.0832520e+01
   5.6571990e+06   2.9846191e+01
   5.6955500e+06   3.9123535e+01
   5.6956040e+06   3.7231445e+01
   5.6956570e+06   2.5024414e+01
   5.7239350e+06   4.0771484e+01
   5.7239920e+06   3.5583496e+01
   5.7240380e+06   2.6855469e+01
   5.7240870e+06   2.9968262e+01
   5.7626230e+06   4.6264648e+01
   5.7626810e+06   3.7780762e+01
   5.7627220e+06   3.7719727e+01
   5.7627700e+06   2.4902344e+01
   5.7628360e+06   2.1667480e+01
   5.8067090e+06   3.4118652e+01
   5.8067710e+06   3.4362793e+01
   5.8068240e+06   2.7832031e+01
   5.8068730e+06   2.7587891e+01
   5.8217250e+06   4.4067383e+01
   5.8217960e+06   3.8085938e+01
   5.8218700e+06   3.0456543e+01
   5.8409520e+06   4.4982910e+01
   5.8410190e+06   3.2958984e+01
   5.8410620e+06   3.2043457e+01
   5.8411210e+06   3.2836914e+01
   5.8411910e+06   3.1433105e+01
   5.8878290e+06   3.6926270e+01
   5.8878830e+06   3.4545898e+01
   5.8879470e+06   3.1311035e+01
   5.8880160e+06   3.8146973e+01
   5.9255460e+06   4.0222168e+01
   5.9256090e+06   3.6804199e+01
   5.9256580e+06   3.7231445e+01
   5.9257170e+06   2.8564453e+01
   5.9559790e+06   4.6936035e+01
   5.9560480e+06   4.6875000e+01
   5.9560930e+06   3.1311035e+01
   5.9561450e+06   3.0700684e+01
   5.9562320e+06   3.3996582e+01
   5.9853520e+06   4.5166016e+01
   5.9854670e+06   4.6691895e+01
   5.9855170e+06   3.7048340e+01
   5.9855900e+06   3.0578613e+01
   5.9857250e+06   3.4851074e+01
   6.0163810e+06   4.3029785e+01
   6.0164440e+06   3.4545898e+01
   6.0164960e+06   2.5451660e+01
   6.0165400e+06   2.0263672e+01
   6.0165520e+06   2.5024414e+01
   6.0487800e+06   4.3640137e+01
   6.0488440e+06   3.4301758e+01
   6.0488940e+06   3.0639648e+01
   6.0489670e+06   2.2277832e+01
   6.0791950e+06   4.3884277e+01
   6.0792470e+06   3.8879395e+01
   6.0792930e+06   2.7893066e+01
   6.0793380e+06   2.5573730e+01
   6.0794280e+06   2.6123047e+01
   6.0972030e+06   4.4494629e+01
   6.0972610e+06   3.1555176e+01
   6.0973220e+06   3.3630371e+01
   6.1343930e+06   3.9550781e+01
   6.1344430e+06   2.9235840e+01
   6.1344920e+06   2.5085449e+01
   6.1345580e+06   3.3752441e+01
   6.1346890e+06   3.9367676e+01
   6.1653830e+06   4.1687012e+01
   6.1654450e+06   3.3813477e+01
   6.1654980e+06   2.9846191e+01
   6.1655650e+06   3.9428711e+01
   6.1656680e+06   3.2470703e+01
   6.1973540e+06   4.7058105e+01
   6.1974350e+06   3.3935547e+01
   6.1974800e+06   3.0639648e+01
   6.1975440e+06   2.7282715e+01
   6.1976480e+06   3.1250000e+01
   6.2286130e+06   4.5898438e+01
   6.2286660e+06   3.7841797e+01
   6.2287130e+06   2.8259277e+01
   6.2287710e+06   3.2104492e+01
   6.2565670e+06   4.3334961e+01
   6.2566360e+06   4.3762207e+01
   6.2566960e+06   2.3803711e+01
   6.2567520e+06   3.1982422e+01
   6.2568120e+06   2.5878906e+01
   6.2568900e+06   2.5451660e+01
   6.2569840e+06   2.1728516e+01
   6.3155150e+06   3.8818359e+01
   6.3155770e+06   3.4057617e+01
   6.3156080e+06   1.9409180e+01
   6.3156390e+06   3.3203125e+01
   6.3156860e+06   2.2094727e+01
   6.3157540e+06   2.6855469e+01
   6.3158270e+06   1.9714355e+01
   6.3159160e+06   2.5390625e+01
   6.3501330e+06   3.9306641e+01
   6.3502010e+06   3.7841797e+01
   6.3502550e+06   3.7780762e+01
   6.3503020e+06   2.6245117e+01
   6.3503990e+06   2.2583008e+01
   6.3504550e+06   2.4291992e+01
   6.3505330e+06   2.5817871e+01
   6.3692300e+06   3.3935547e+01
   6.3692910e+06   3.6071777e+01
   6.3693550e+06   2.5695801e+01
   6.3694710e+06   4.4189453e+01
   6.3695280e+06   2.8991699e+01
   6.3695910e+06   2.0019531e+01
   6.3698050e+06   2.1118164e+01
   6.3699060e+06   2.4719238e+01
   6.4252810e+06   4.1687012e+01
   6.4253520e+06   3.7353516e+01
   6.4254210e+06   2.9052734e+01
   6.4254950e+06   3.3325195e+01
   6.4255830e+06   2.6123047e+01
   6.4256640e+06   3.4057617e+01
   6.4257390e+06   2.9174805e+01
   6.4258130e+06   3.0090332e+01
   6.4451840e+06   1.9470215e+01
   6.4657420e+06   4.0222168e+01
   6.4658010e+06   3.7048340e+01
   6.4658610e+06   3.0151367e+01
   6.4659260e+06   3.6132813e+01
   6.4660000e+06   3.1921387e+01
   6.4660730e+06   2.9724121e+01
   6.4661230e+06   2.5817871e+01
   6.4661920e+06   2.1606445e+01
   6.4662720e+06   2.3681641e+01
   6.5000310e+06   4.4555664e+01
   6.5001050e+06   3.2897949e+01
   6.5001610e+06   2.8503418e+01
   6.5002410e+06   3.0334473e+01
   6.5003140e+06   2.1789551e+01
   6.5003800e+06   2.8503418e+01
   6.5004610e+06   2.3803711e+01
   6.5006320e+06   3.3081055e+01
   6.5282650e+06   3.7902832e+01
   6.5283210e+06   3.6621094e+01
   6.5283860e+06   3.5705566e+01
   6.5284610e+06   3.1555176e+01
   6.5467350e+06   4.6569824e+01
   6.5468140e+06   3.9306641e+01
   6.5468790e+06   2.9174805e+01
   6.5469950e+06   3.2165527e+01
   6.5621990e+06   4.6264648e+01
   6.5622670e+06   3.3264160e+01
   6.5623320e+06   3.0700684e+01
   6.5624460e+06   3.9306641e+01
   6.5807470e+06   4.5410156e+01
   6.5808170e+06   3.1433105e+01
   6.5808930e+06   3.4301758e+01
   6.5809650e+06   2.7221680e+01
   6.5948270e+06   3.8818359e+01
   6.5948830e+06   3.4240723e+01
   6.5949510e+06   3.5156250e+01
   6.5950060e+06   2.7832031e+01
   6.6119500e+06   3.9672852e+01
   6.6119980e+06   3.1738281e+01
   6.6120510e+06   3.0517578e+01
   6.6121150e+06   2.5634766e+01
   6.6122520e+06   3.6010742e+01
   6.6308540e+06   4.1564941e+01
   6.6309230e+06   4.3273926e+01
   6.6309770e+06   2.7770996e+01
   6.6310400e+06   3.3630371e+01
   6.6484360e+06   4.6081543e+01
   6.6485080e+06   3.8024902e+01
   6.6485660e+06   3.3203125e+01
   6.6486520e+06   2.8869629e+01
   6.6734250e+06   3.9733887e+01
   6.6734830e+06   3.3142090e+01
   6.6735370e+06   3.0029297e+01
   6.6735970e+06   2.5146484e+01
   6.6928330e+06   4.2358398e+01
   6.6928820e+06   3.0700684e+01
   6.6929280e+06   3.0273438e+01
   6.6929740e+06   2.4047852e+01
   6.6930370e+06   3.4484863e+01
   6.7162670e+06   4.6569824e+01
   6.7163110e+06   3.0700684e+01
   6.7163630e+06   3.3142090e+01
   6.7164120e+06   3.0151367e+01
   6.7366510e+06   3.8940430e+01
   6.7367260e+06   3.7414551e+01
   6.7367740e+06   2.9846191e+01
   6.7685380e+06   3.5400391e+01
   6.7685920e+06   2.9846191e+01
   6.7686480e+06   2.8198242e+01
   6.7687050e+06   2.4414063e+01
   6.7839780e+06   4.3029785e+01
   6.7840490e+06   3.5583496e+01
   6.7841090e+06   3.7658691e+01
   6.7841920e+06   2.8808594e+01
   6.7842920e+06   3.0334473e+01
   6.8008540e+06   4.2907715e+01
   6.8009100e+06   3.8146973e+01
   6.8009570e+06   2.2827148e+01
   6.8010070e+06   2.8625488e+01
   6.8010660e+06   2.4780273e+01
   6.8236700e+06   4.6325684e+01
   6.8237420e+06   3.6987305e+01
   6.8237980e+06   3.5949707e+01
   6.8238440e+06   2.6245117e+01
   6.8239010e+06   2.0629883e+01
   6.8239690e+06   2.0080566e+01
   6.8240570e+06   2.8015137e+01
   6.8508200e+06   2.5756836e+01
   6.8508770e+06   3.2531738e+01
   6.8509340e+06   3.3935547e+01
   6.8510000e+06   2.2827148e+01
   6.8510640e+06   2.6916504e+01
   6.8855040e+06   4.6386719e+01
   6.8855540e+06   3.3691406e+01
   6.8856110e+06   2.7099609e+01
   6.8856730e+06   2.8076172e+01
   6.8857520e+06   2.8808594e+01
   6.9082280e+06   3.6376953e+01
   6.9082810e+06   3.1250000e+01
   6.9083500e+06   3.2287598e+01
   6.9084370e+06   3.2958984e+01
   6.9297870e+06   3.6926270e+01
   6.9298450e+06   3.6621094e+01
   6.9299030e+06   2.7526855e+01
   6.9299570e+06   2.4841309e+01
   6.9300340e+06   2.4658203e+01
   6.9422190e+06   3.9855957e+01
   6.9422890e+06   3.9855957e+01
   6.9423440e+06   2.9174805e+01
   6.9424150e+06   3.6132813e+01
   6.9832640e+06   4.3212891e+01
   6.9833260e+06   4.0954590e+01
   6.9833860e+06   2.6245117e+01
   6.9834360e+06   2.5756836e+01
   7.0086870e+06   3.7048340e+01
   7.0087480e+06   3.8269043e+01
   7.0088020e+06   2.1362305e+01
   7.0088500e+06   1.9287109e+01
   7.0089080e+06   2.2827148e+01
   7.0413050e+06   4.0222168e+01
   7.0415730e+06   4.1748047e+01
   7.0418260e+06   3.5278320e+01
   7.0420180e+06   3.6621094e+01
   7.0714840e+06   4.7485352e+01
   7.0715530e+06   4.0832520e+01
   7.0716010e+06   2.7893066e+01
   7.0716590e+06   3.0395508e+01
   7.0971920e+06   4.0100098e+01
   7.0972760e+06   3.1921387e+01
   7.0973560e+06   3.5644531e+01
   7.0974410e+06   3.5949707e+01
   7.1307780e+06   4.3395996e+01
   7.1308460e+06   3.8818359e+01
   7.1309260e+06   3.5339355e+01
   7.1309730e+06   2.0202637e+01
   7.1310260e+06   2.8503418e+01
   7.1589260e+06   4.6386719e+01
   7.1589920e+06   3.5644531e+01
   7.1590730e+06   2.4902344e+01
   7.1591460e+06   2.9174805e+01
   7.1739730e+06   4.9255371e+01
   7.1740210e+06   3.5400391e+01
   7.1740870e+06   3.3630371e+01
   7.1742100e+06   3.0944824e+01
   7.1745720e+06   3.5583496e+01
   7.1964590e+06   4.4616699e+01
   7.1965310e+06   3.9733887e+01
   7.1965920e+06   3.5156250e+01
   7.1966410e+06   3.0761719e+01
   7.1967020e+06   3.0029297e+01
   7.1967990e+06   2.5146484e+01
   7.2547510e+06   4.1992188e+01
   7.2548230e+06   3.0944824e+01
   7.2548900e+06   4.1198730e+01
   7.2819000e+06   4.1442871e+01
   7.2819600e+06   3.2104492e+01
   7.2820070e+06   3.0090332e+01
   7.2821020e+06   2.9602051e+01
   7.3176380e+06   4.7546387e+01
   7.3176910e+06   3.7719727e+01
   7.3177320e+06   2.8503418e+01
   7.3178070e+06   2.6123047e+01
   7.3433010e+06   4.6508789e+01
   7.3433900e+06   4.3029785e+01
   7.3434340e+06   2.6000977e+01
   7.3434900e+06   2.4230957e+01
   7.3711800e+06   4.1564941e+01
   7.3712530e+06   3.4667969e+01
   7.3713120e+06   3.3081055e+01
   7.4023570e+06   3.6804199e+01
   7.4024160e+06   3.2775879e+01
   7.4025160e+06   3.9978027e+01
   7.4344570e+06   4.4433594e+01
   7.4345110e+06   3.2348633e+01
   7.4346030e+06   3.3630371e+01
   7.4505240e+06   4.0283203e+01
   7.4505830e+06   3.1311035e+01
   7.4506490e+06   3.7658691e+01
   7.4507900e+06   3.6254883e+01
   7.4770170e+06   4.7729492e+01
   7.4770730e+06   4.2297363e+01
   7.4771300e+06   3.4851074e+01
   7.5020200e+06   4.6875000e+01
   7.5020860e+06   3.6499023e+01
   7.5021320e+06   3.5339355e+01
   7.5021730e+06   2.8015137e+01
   7.5022410e+06   3.6315918e+01
   7.5197960e+06   4.2053223e+01
   7.5198540e+06   3.4057617e+01
   7.5199420e+06   3.4362793e+01
   7.5515180e+06   4.1564941e+01
   7.5515720e+06   3.6804199e+01
   7.5516410e+06   3.1066895e+01
   7.5716210e+06   4.3701172e+01
   7.5716660e+06   3.0090332e+01
   7.5717200e+06   2.9235840e+01
   7.5718220e+06   3.4057617e+01
   7.6085690e+06   4.2602539e+01
   7.6086240e+06   3.1188965e+01
   7.6087200e+06   3.2653809e+01
   7.6087900e+06   2.6550293e+01
   7.6299190e+06   4.5227051e+01
   7.6302410e+06   3.9672852e+01
   7.6303570e+06   3.4301758e+01
   7.6304580e+06   3.4667969e+01
   7.6535190e+06   5.0964355e+01
   7.6535760e+06   3.6254883e+01
   7.6536380e+06   2.6306152e+01
   7.6537620e+06   3.1677246e+01
   7.6701400e+06   4.0466309e+01
   7.6707650e+06   4.0283203e+01
   7.6707940e+06   1.9226074e+01
   7.6708390e+06   3.3935547e+01
   7.6709590e+06   3.6865234e+01
   7.7025210e+06   4.0222168e+01
   7.7025680e+06   3.6132813e+01
   7.7026320e+06   3.2409668e+01
   7.7345000e+06   4.4555664e+01
   7.7345760e+06   3.6987305e+01
   7.7346180e+06   3.0151367e+01
   7.7346980e+06   2.4658203e+01
   7.7619590e+06   4.0405273e+01
   7.7620210e+06   3.5644531e+01
   7.7620740e+06   2.6794434e+01
   7.7624360e+06   1.9592285e+01
   7.7893030e+06   3.8696289e+01
   7.7893700e+06   3.6926270e+01
   7.7894190e+06   2.6733398e+01
   7.7895560e+06   3.1066895e+01
   7.8160700e+06   4.4433594e+01
   7.8161200e+06   3.7231445e+01
   7.8161870e+06   3.5644531e+01
   7.8287010e+06   4.5898438e+01
   7.8287880e+06   4.1564941e+01
   7.8288350e+06   2.7587891e+01
   7.8290210e+06   3.3020020e+01
   7.8592870e+06   4.7546387e+01
   7.8593320e+06   3.6010742e+01
   7.8593950e+06   3.2287598e+01
   7.8913220e+06   4.6020508e+01
   7.8913770e+06   3.4301758e+01
   7.8915690e+06   3.5156250e+01
   7.9158620e+06   1.9348145e+01
   7.9171650e+06   3.7475586e+01
   7.9172470e+06   4.6691895e+01
   7.9173070e+06   3.2409668e+01
   7.9327220e+06   4.0466309e+01
   7.9327970e+06   3.6132813e+01
   7.9328760e+06   3.3813477e+01
   7.9329990e+06   3.6804199e+01
   7.9667240e+06   4.3151855e+01
   7.9667920e+06   3.4973145e+01
   7.9668370e+06   3.1616211e+01
   7.9669050e+06   3.2775879e+01
   7.9921020e+06   4.2785645e+01
   7.9921520e+06   3.6376953e+01
   7.9922300e+06   3.1127930e+01
   8.0185080e+06   4.5288086e+01
   8.0185520e+06   3.1982422e+01
   8.0186340e+06   4.4006348e+01
   8.0418350e+06   4.3945313e+01
   8.0419100e+06   3.8208008e+01
   8.0419770e+06   3.9855957e+01
   8.0420910e+06   3.5888672e+01
   8.0661160e+06   3.8940430e+01
   8.0662550e+06   4.0527344e+01
   8.0663150e+06   3.5339355e+01
   8.0663720e+06   2.7587891e+01
   8.0664280e+06   3.1066895e+01
   8.0664980e+06   2.3132324e+01
   8.1333180e+06   4.1931152e+01
   8.1333610e+06   3.5583496e+01
   8.1334160e+06   2.3925781e+01
   8.1334370e+06   2.2399902e+01
   8.1335100e+06   3.4240723e+01
   8.1522710e+06   4.3640137e+01
   8.1524080e+06   4.2114258e+01
   8.1524620e+06   3.8085938e+01
   8.1525240e+06   1.9287109e+01
   8.1525880e+06   2.2949219e+01
   8.1526570e+06   2.4414063e+01
   8.1527380e+06   2.7160645e+01
   8.2183780e+06   4.6691895e+01
   8.2184480e+06   3.5522461e+01
   8.2184960e+06   2.9052734e+01
   8.2185920e+06   3.1921387e+01
   8.2188820e+06   2.0507813e+01
   8.2432250e+06   4.4433594e+01
   8.2432900e+06   4.4738770e+01
   8.2433400e+06   2.9602051e+01
   8.2434690e+06   3.5156250e+01
   8.2437470e+06   3.7536621e+01
   8.2441840e+06   3.3569336e+01
   8.2443030e+06   2.9541016e+01
   8.2444060e+06   3.3203125e+01
   8.2445580e+06   4.0100098e+01
   8.2887050e+06   4.8767090e+01
   8.2887530e+06   3.3935547e+01
   8.2888060e+06   3.2409668e+01
   8.3206780e+06   4.9072266e+01
   8.3207290e+06   3.6621094e+01
   8.3207860e+06   2.9052734e+01
   8.3481170e+06   2.6062012e+01
   8.3481690e+06   3.6071777e+01
   8.3482140e+06   2.6916504e+01
   8.3482880e+06   3.7536621e+01
   8.3808330e+06   3.8635254e+01
   8.3808960e+06   3.5644531e+01
   8.3809560e+06   2.9052734e+01
   8.4063430e+06   3.6865234e+01
   8.4063900e+06   3.3020020e+01
   8.4064570e+06   3.6010742e+01
   8.4355460e+06   3.5217285e+01
   8.4355950e+06   3.7963867e+01
   8.4356890e+06   3.5644531e+01
   8.4594490e+06   4.5104980e+01
   8.4595120e+06   3.2897949e+01
   8.4595740e+06   3.3325195e+01
   8.4596440e+06   2.6123047e+01
   8.4962590e+06   4.7302246e+01
   8.4963180e+06   3.4667969e+01
   8.4963780e+06   3.0700684e+01
   8.5212000e+06   4.3640137e+01
   8.5212550e+06   3.5339355e+01
   8.5213200e+06   3.3630371e+01
   8.5214400e+06   3.5949707e+01
   8.5531770e+06   3.8940430e+01
   8.5532440e+06   3.1738281e+01
   8.5533140e+06   2.5817871e+01
   8.5759900e+06   4.3457031e+01
   8.5761980e+06   3.8208008e+01
   8.5763550e+06   4.1503906e+01
   8.5764200e+06   3.0273438e+01
   8.5765090e+06   3.4301758e+01
   8.5765840e+06   2.8564453e+01
   8.6469270e+06   3.6804199e+01
   8.6469900e+06   2.5878906e+01
   8.6470420e+06   2.9541016e+01
   8.6471100e+06   3.2287598e+01
   8.6677380e+06   4.1503906e+01
   8.6678100e+06   4.1320801e+01
   8.6678690e+06   3.2531738e+01
   8.6679700e+06   2.2827148e+01
   8.6680370e+06   2.8198242e+01
   8.7177790e+06   3.7902832e+01
   8.7178310e+06   3.4790039e+01
   8.7179040e+06   3.1250000e+01
   8.7180170e+06   3.4240723e+01
   8.7426800e+06   4.4982910e+01
   8.7427470e+06   4.0283203e+01
   8.7428020e+06   2.8259277e+01
   8.7784390e+06   4.4494629e+01
   8.7785050e+06   3.1616211e+01
   8.7785540e+06   2.9663086e+01
   8.7786130e+06   3.3813477e+01
   8.8050260e+06   3.9001465e+01
   8.8050830e+06   3.6560059e+01
   8.8051460e+06   3.1188965e+01
   8.8344550e+06   3.8085938e+01
   8.8345110e+06   3.7597656e+01
   8.8345940e+06   3.3508301e+01
   8.8347240e+06   2.9846191e+01
   8.8711680e+06   3.8940430e+01
   8.8712250e+06   3.2714844e+01
   8.8712880e+06   3.0822754e+01
   8.9075700e+06   3.9062500e+01
   8.9076320e+06   3.2592773e+01
   8.9077020e+06   3.4790039e+01
   8.9368690e+06   4.1748047e+01
   8.9369690e+06   3.6315918e+01
   8.9370260e+06   3.0578613e+01
   8.9370880e+06   3.3325195e+01
   8.9531070e+06   3.9062500e+01
   8.9532730e+06   4.5166016e+01
   8.9534820e+06   3.5583496e+01
   8.9537400e+06   3.0029297e+01
   8.9545350e+06   3.1982422e+01
   9.0000990e+06   3.9062500e+01
   9.0001620e+06   3.5400391e+01
   9.0002140e+06   3.5766602e+01
   9.0002760e+06   2.5329590e+01
   9.0352940e+06   3.5156250e+01
   9.0353710e+06   4.1015625e+01
   9.0354270e+06   2.5939941e+01
   9.0587780e+06   4.3151855e+01
   9.0588400e+06   3.4851074e+01
   9.0588820e+06   2.6489258e+01
   9.0589600e+06   2.9113770e+01
   9.0858560e+06   3.3691406e+01
   9.0859960e+06   3.4057617e+01
   9.0860470e+06   3.3996582e+01
   9.0860980e+06   2.6489258e+01
   9.1127840e+06   4.7912598e+01
   9.1128350e+06   3.3264160e+01
   9.1129070e+06   3.6254883e+01
   9.1407490e+06   3.7170410e+01
   9.1408070e+06   3.4179688e+01
   9.1408560e+06   2.8686523e+01
   9.1626870e+06   4.8583984e+01
   9.1627360e+06   3.5949707e+01
   9.1628360e+06   3.5339355e+01
   9.1917600e+06   4.1687012e+01
   9.1918510e+06   3.2958984e+01
   9.1918980e+06   2.6733398e+01
   9.1919670e+06   2.7404785e+01
   9.2378180e+06   3.7292480e+01
   9.2378860e+06   3.5156250e+01
   9.2379760e+06   2.9602051e+01
   9.2380290e+06   2.2949219e+01
   9.2381510e+06   3.0273437e+01
   9.2690700e+06   4.5593262e+01
   9.2691210e+06   3.3325195e+01
   9.2691790e+06   2.9907227e+01
   9.2913970e+06   3.9978027e+01
   9.2914530e+06   4.3273926e+01
   9.2914680e+06   2.0324707e+01
   9.2915170e+06   3.3142090e+01
   9.2915610e+06   2.2766113e+01
   9.2916250e+06   3.1494141e+01
   9.2917010e+06   3.1982422e+01
   9.2917750e+06   2.5695801e+01
   9.3500740e+06   4.6875000e+01
   9.3501540e+06   3.9611816e+01
   9.3502120e+06   3.5583496e+01
   9.3504210e+06   3.4545898e+01
   9.3504950e+06   4.5410156e+01
   9.3505710e+06   3.3020020e+01
   9.3506710e+06   2.7954102e+01
   9.3507460e+06   2.9235840e+01
   9.3991450e+06   3.9794922e+01
   9.3992170e+06   3.3386230e+01
   9.3992700e+06   2.4414063e+01
   9.3993520e+06   2.7465820e+01
   9.3994660e+06   3.4545898e+01
   9.3995640e+06   3.2592773e+01
   9.3996610e+06   3.5766602e+01
   9.3997470e+06   3.2714844e+01
   9.3998360e+06   2.7099609e+01
   9.4629360e+06   4.3395996e+01
   9.4629980e+06   3.6682129e+01
   9.4630640e+06   2.9907227e+01
   9.4631360e+06   3.3691406e+01
   9.4633610e+06   3.3630371e+01
   9.4898730e+06   3.9062500e+01
   9.4899370e+06   3.5217285e+01
   9.4900010e+06   3.1433105e+01
   9.4901290e+06   3.3020020e+01
   9.5224850e+06   3.4240723e+01
   9.5225450e+06   3.1921387e+01
   9.5226100e+06   3.1494141e+01
   9.5226740e+06   3.1433105e+01
   9.5230930e+06   2.0812988e+01
   9.5534630e+06   4.2907715e+01
   9.5535320e+06   3.7597656e+01
   9.5536200e+06   3.6499023e+01
   9.5536960e+06   3.5949707e+01
   9.5708290e+06   4.6325684e+01
   9.5709200e+06   3.7170410e+01
   9.5709690e+06   3.4667969e+01
   9.5710400e+06   2.2644043e+01
   9.5858350e+06   4.2968750e+01
   9.5859040e+06   3.4423828e+01
   9.5859590e+06   2.6000977e+01
   9.5860090e+06   2.0751953e+01
   9.5860250e+06   2.7099609e+01
   9.5860860e+06   2.1972656e+01
   9.5861980e+06   2.8259277e+01
   9.6007550e+06   3.0517578e+01
   9.6010160e+06   3.8879395e+01
   9.6011520e+06   3.3569336e+01
   9.6012630e+06   3.0883789e+01
   9.6013770e+06   3.6804199e+01
   9.6014720e+06   3.1677246e+01
   9.6015620e+06   3.0334473e+01
   9.6016740e+06   2.8137207e+01
   9.6021140e+06   2.8625488e+01
   9.6024200e+06   3.0212402e+01
   9.6294550e+06   4.2480469e+01
   9.6295600e+06   3.3630371e+01
   9.6296510e+06   2.6794434e+01
   9.6297160e+06   2.7954102e+01
   9.6298520e+06   3.2348633e+01
   9.6299620e+06   3.3813477e+01
   9.6300270e+06   2.8564453e+01
   9.6301030e+06   2.7832031e+01
   9.6301920e+06   2.5451660e+01
   9.6303150e+06   2.7770996e+01
   9.6634680e+06   3.7841797e+01
   9.6635680e+06   3.7597656e+01
   9.6636330e+06   3.1860352e+01
   9.6637170e+06   3.1555176e+01
   9.6638380e+06   3.4484863e+01
   9.6639560e+06   3.2653809e+01
   9.6640610e+06   2.9602051e+01
   9.6641880e+06   2.6306152e+01
   9.6810790e+06   3.7841797e+01
   9.6820030e+06   4.1687012e+01
   9.6821380e+06   3.5583496e+01
   9.6822500e+06   3.0090332e+01
   9.7004170e+06   4.1625977e+01
   9.7006290e+06   3.9855957e+01
   9.7008500e+06   3.8269043e+01
   9.7010970e+06   3.4851074e+01
   9.7091370e+06   3.5644531e+01
   9.7092000e+06   2.8625488e+01
   9.7092740e+06   2.8198242e+01
   9.7093420e+06   3.1005859e+01
   9.7315770e+06   4.7729492e+01
   9.7316520e+06   3.4057617e+01
   9.7317130e+06   2.8442383e+01
   9.7317880e+06   3.2836914e+01
   9.7545690e+06   4.1870117e+01
   9.7547010e+06   3.4667969e+01
   9.7548020e+06   2.9052734e+01
   9.7747410e+06   3.9306641e+01
   9.7748240e+06   3.7170410e+01
   9.7749160e+06   3.8024902e+01
   9.7749780e+06   2.8259277e+01
   9.8050180e+06   4.5959473e+01
   9.8050790e+06   3.5522461e+01
   9.8051420e+06   3.4484863e+01
   9.8052320e+06   3.1127930e+01
   9.8053140e+06   2.7709961e+01
   9.8180530e+06   4.0771484e+01
   9.8185930e+06   3.9184570e+01
   9.8186650e+06   3.4240723e+01
   9.8187360e+06   2.9907227e+01
   9.8188510e+06   3.2653809e+01
   9.8614600e+06   3.7658691e+01
   9.8615310e+06   2.6855469e+01
   9.8615960e+06   2.6794434e+01
   9.8777750e+06   3.7353516e+01
   9.8778760e+06   3.6071777e+01
   9.8779450e+06   3.5034180e+01
   9.8780450e+06   3.4667969e+01
   9.9214570e+06   4.1564941e+01
   9.9215090e+06   2.8564453e+01
   9.9215580e+06   2.9418945e+01
   9.9216270e+06   3.0578613e+01
   9.9413260e+06   4.1992188e+01
   9.9416220e+06   3.8208008e+01
   9.9418250e+06   3.6804199e+01
   9.9419780e+06   3.9794922e+01
   9.9420650e+06   2.1545410e+01
   9.9421740e+06   3.0944824e+01
   9.9423690e+06   3.5522461e+01
   9.9426400e+06   3.1433105e+01
   9.9812340e+06   3.9916992e+01
   9.9812970e+06   2.8137207e+01
   9.9813660e+06   3.5583496e+01
   9.9814430e+06   3.0578613e+01
   9.9815610e+06   3.4362793e+01
   1.0029888e+07   3.8757324e+01
   1.0029949e+07   3.6254883e+01
   1.0030018e+07   2.8442383e+01
   1.0030803e+07   3.5400391e+01
   1.0030868e+07   3.1921387e+01
   1.0030926e+07   2.9907227e+01
   1.0031001e+07   3.2104492e+01
   1.0031114e+07   2.8137207e+01
   1.0031482e+07   3.3264160e+01
   1.0096689e+07   4.5532227e+01
   1.0096764e+07   3.6560059e+01
   1.0096833e+07   3.3447266e+01
   1.0096910e+07   2.6794434e+01
   1.0125322e+07   4.4494629e+01
   1.0125379e+07   3.2287598e+01
   1.0125457e+07   3.2287598e+01
   1.0125521e+07   3.1250000e+01
   1.0168090e+07   3.7719727e+01
   1.0168150e+07   3.2775879e+01
   1.0168250e+07   2.9907227e+01
   1.0168701e+07   4.0527344e+01
   1.0199928e+07   4.0649414e+01
   1.0200003e+07   3.7841797e+01
   1.0200116e+07   3.2043457e+01
   1.0238744e+07   3.7841797e+01
   1.0238804e+07   2.0080566e+01
   1.0238814e+07   3.7353516e+01
   1.0238875e+07   3.5766602e+01
   1.0238926e+07   3.0273437e+01
   1.0289044e+07   4.0771484e+01
   1.0289105e+07   3.7048340e+01
   1.0289152e+07   2.4658203e+01
   1.0289205e+07   2.3376465e+01
   1.0340586e+07   3.9916992e+01
   1.0340646e+07   3.6437988e+01
   1.0340702e+07   2.6367187e+01
   1.0340807e+07   3.4851074e+01
   1.0380604e+07   3.7597656e+01
   1.0380672e+07   3.5095215e+01
   1.0380755e+07   3.6193848e+01
   1.0407852e+07   4.2968750e+01
   1.0407916e+07   3.9611816e+01
   1.0407981e+07   3.0395508e+01
   1.0408037e+07   3.3325195e+01
   1.0408094e+07   2.5329590e+01
   1.0408188e+07   3.1433105e+01
   1.0448865e+07   4.0466309e+01
   1.0448951e+07   4.0161133e+01
   1.0449014e+07   3.2958984e+01
   1.0449064e+07   2.4414063e+01
   1.0449123e+07   2.4841309e+01
   1.0449185e+07   2.2277832e+01
   1.0449265e+07   2.7282715e+01
   1.0449364e+07   2.4719238e+01
   1.0560299e+07   3.6010742e+01
   1.0560361e+07   3.9978027e+01
   1.0585273e+07   4.6997070e+01
   1.0585342e+07   2.8015137e+01
   1.0585393e+07   2.9418945e+01
   1.0585443e+07   2.3254395e+01
   1.0585529e+07   2.8381348e+01
   1.0607233e+07   4.0832520e+01
   1.0607290e+07   3.1127930e+01
   1.0607347e+07   2.9968262e+01
   1.0607398e+07   2.8747559e+01
   1.0607456e+07   2.4902344e+01
   1.0607526e+07   2.3254395e+01
   1.0607610e+07   2.4353027e+01
   1.0672247e+07   4.9316406e+01
   1.0672319e+07   2.8564453e+01
   1.0672370e+07   3.6315918e+01
   1.0672424e+07   3.1616211e+01
   1.0672483e+07   3.4240723e+01
   1.0672547e+07   2.5573730e+01
   1.0672623e+07   2.4475098e+01
   1.0672721e+07   2.4597168e+01
   1.0724141e+07   4.2236328e+01
   1.0724653e+07   3.9611816e+01
   1.0724889e+07   3.1127930e+01
   1.0725048e+07   3.7475586e+01
   1.0725271e+07   3.8879395e+01
   1.0725686e+07   3.4362793e+01
   1.0763826e+07   4.4738770e+01
   1.0796623e+07   4.1687012e+01
   1.0796704e+07   3.3569336e+01
   1.0796759e+07   3.0151367e+01
   1.0796818e+07   3.2287598e+01
   1.0884340e+07   4.0344238e+01
   1.0884419e+07   3.5522461e+01
   1.0884495e+07   3.6621094e+01
   1.0884537e+07   2.2888184e+01
   1.0884609e+07   2.7099609e+01
   1.0948078e+07   4.3884277e+01
   1.0948148e+07   3.2958984e+01
   1.0948213e+07   2.9724121e+01
   1.0971760e+07   4.1198730e+01
   1.0971861e+07   3.8940430e+01
   1.0972821e+07   4.3884277e+01
   1.0973037e+07   3.8391113e+01
   1.0973481e+07   3.6193848e+01
   1.1025771e+07   3.8757324e+01
   1.1025837e+07   3.2531738e+01
   1.1025959e+07   3.3996582e+01
   1.1086455e+07   4.0466309e+01
   1.1086530e+07   2.6550293e+01
   1.1086636e+07   3.3264160e+01
   1.1130288e+07   4.6813965e+01
   1.1130354e+07   3.8696289e+01
   1.1130461e+07   3.4667969e+01
   1.1187513e+07   4.1687012e+01
   1.1187611e+07   3.9184570e+01
   1.1187674e+07   3.0944824e+01
   1.1187741e+07   2.8198242e+01
   1.1214930e+07   3.3813477e+01
   1.1215259e+07   3.5339355e+01
   1.1215456e+07   3.3508301e+01
   1.1215912e+07   2.7954102e+01
   1.1216101e+07   3.3508301e+01
   1.1216610e+07   3.4423828e+01
   1.1237242e+07   4.4860840e+01
   1.1237324e+07   4.0100098e+01
   1.1237593e+07   3.9062500e+01
   1.1291240e+07   4.3090820e+01
   1.1291335e+07   3.2836914e+01
   1.1291386e+07   3.2287598e+01
   1.1291477e+07   3.1494141e+01
   1.1292148e+07   4.1259766e+01
   1.1292243e+07   3.8879395e+01
   1.1292304e+07   2.5878906e+01
   1.1292390e+07   3.1127930e+01
   1.1293341e+07   4.0405273e+01
   1.1293408e+07   2.4230957e+01
   1.1293490e+07   3.0395508e+01
   1.1294540e+07   3.3752441e+01
   1.1294803e+07   3.4667969e+01
   1.1294966e+07   3.9062500e+01
   1.1295112e+07   2.6611328e+01
   1.1366767e+07   3.5766602e+01
   1.1366875e+07   3.4729004e+01
   1.1366944e+07   3.6132813e+01
   1.1367022e+07   2.8442383e+01
   1.1367077e+07   2.5756836e+01
   1.1412954e+07   3.5705566e+01
   1.1413006e+07   3.1372070e+01
   1.1413105e+07   2.6794434e+01
   1.1449555e+07   4.5471191e+01
   1.1457407e+07   4.2297363e+01
   1.1457458e+07   3.3630371e+01
   1.1457568e+07   3.6865234e+01
   1.1467742e+07   2.0263672e+01
   1.1510604e+07   3.8879395e+01
   1.1510685e+07   3.6743164e+01
   1.1510728e+07   2.6184082e+01
   1.1510808e+07   2.4475098e+01
   1.1511567e+07   4.1687012e+01
   1.1511624e+07   3.2653809e+01
   1.1511691e+07   2.9235840e+01
   1.1512628e+07   3.3935547e+01
   1.1512733e+07   3.0578613e+01
   1.1512823e+07   3.0822754e+01
   1.1513939e+07   3.6376953e+01
   1.1514066e+07   2.8442383e+01
   1.1514187e+07   2.6672363e+01
   1.1514298e+07   3.1005859e+01
   1.1554899e+07   4.5288086e+01
   1.1555098e+07   3.8818359e+01
   1.1555562e+07   3.9245605e+01
   1.1555745e+07   3.5888672e+01
   1.1555879e+07   3.8024902e+01
   1.1634941e+07   4.8217773e+01
   1.1635042e+07   3.9489746e+01
   1.1635090e+07   2.6184082e+01
   1.1635204e+07   3.7231445e+01
   1.1678271e+07   4.0527344e+01
   1.1678333e+07   3.4118652e+01
   1.1678412e+07   3.1372070e+01
   1.1733587e+07   3.8879395e+01
   1.1733648e+07   3.3935547e+01
   1.1763160e+07   3.7963867e+01
   1.1763218e+07   3.5278320e+01
   1.1802744e+07   3.8879395e+01
   1.1822562e+07   3.5644531e+01
   1.1822620e+07   3.2714844e+01
   1.1822679e+07   3.5888672e+01
   1.1849647e+07   3.5156250e+01
   1.1849726e+07   3.5400391e+01
   1.1849779e+07   2.9541016e+01
   1.1849831e+07   3.0578613e+01
   1.1886799e+07   3.7963867e+01
   1.1887043e+07   3.3081055e+01
   1.1887259e+07   4.1259766e+01
   1.1887446e+07   2.6916504e+01
   1.1887605e+07   3.6376953e+01
   1.1887913e+07   3.1616211e+01
   1.1912651e+07   3.3630371e+01
   1.1971182e+07   4.0893555e+01
