   1.1999000e+07   0.0000000e+00
   3.3380000e+03   2.3986816e+01
   3.4160000e+03   2.0935059e+01
   3.4530000e+03   3.1250000e+01
   3.5490000e+03   2.6123047e+01
   1.2964000e+04   1.9409180e+01
   1.4962000e+04   2.3437500e+01
   1.5017000e+04   2.4414063e+01
   1.5115000e+04   2.7954102e+01
   1.5177000e+04   1.9836426e+01
   2.3278000e+04   2.0080566e+01
   3.2538000e+04   1.9409180e+01
   4.2320000e+04   1.9775391e+01
   4.8262000e+04   1.9409180e+01
   4.8288000e+04   2.3437500e+01
   4.8315000e+04   2.3803711e+01
   4.8358000e+04   2.1362305e+01
   4.8385000e+04   2.0202637e+01
   4.8440000e+04   2.1728516e+01
   4.8968000e+04   1.9409180e+01
   4.9217000e+04   1.9714355e+01
   4.9384000e+04   2.4902344e+01
   4.9557000e+04   2.0629883e+01
   5.5526000e+04   1.9470215e+01
   6.9629000e+04   2.2521973e+01
   6.9660000e+04   1.9592285e+01
   6.9691000e+04   2.3376465e+01
   6.9725000e+04   2.6123047e+01
   6.9772000e+04   3.6010742e+01
   6.9803000e+04   1.9470215e+01
   6.9829000e+04   2.1667480e+01
   6.9864000e+04   2.8320313e+01
   6.9901000e+04   2.2155762e+01
   6.9970000e+04   2.0507813e+01
   7.0052000e+04   1.9348145e+01
   7.0100000e+04   2.5939941e+01
   7.0182000e+04   2.1789551e+01
   7.0323000e+04   2.2644043e+01
   8.0480000e+04   1.9348145e+01
   8.0728000e+04   2.6611328e+01
   8.0819000e+04   2.0324707e+01
   8.0862000e+04   1.9531250e+01
   8.0889000e+04   2.1606445e+01
   8.0900000e+04   2.6733398e+01
   8.0940000e+04   2.0812988e+01
   8.1031000e+04   2.5146484e+01
   8.1062000e+04   2.1789551e+01
   8.1072000e+04   2.0935059e+01
   8.1102000e+04   1.9958496e+01
   8.1113000e+04   1.9897461e+01
   8.1252000e+04   2.0080566e+01
   8.1339000e+04   2.1057129e+01
   8.2010000e+04   2.6428223e+01
   8.2402000e+04   2.0812988e+01
   8.2500000e+04   2.0263672e+01
   8.2752000e+04   1.9897461e+01
   8.2914000e+04   2.0690918e+01
   8.3330000e+04   1.9531250e+01
   1.1476900e+05   1.9531250e+01
   1.3892900e+05   2.0019531e+01
   1.5144700e+05   2.0935059e+01
   1.5153500e+05   1.9836426e+01
   1.5162400e+05   3.0334473e+01
   1.5164200e+05   2.2155762e+01
   1.5167100e+05   2.1667480e+01
   1.5169100e+05   2.7221680e+01
   1.5170200e+05   2.6855469e+01
   1.5172600e+05   2.5695801e+01
   1.5173700e+05   2.3620605e+01
   1.5179000e+05   2.5756836e+01
   1.5192700e+05   2.4291992e+01
   1.8103100e+05   2.0019531e+01
   1.8425900e+05   2.1789551e+01
   1.8970900e+05   2.1484375e+01
   1.9308000e+05   2.2460938e+01
   1.9439000e+05   2.1423340e+01
   1.9447500e+05   2.4780273e+01
   1.9450800e+05   1.9653320e+01
   1.9454800e+05   2.1057129e+01
   1.9458800e+05   2.5695801e+01
   1.9461500e+05   2.7221680e+01
   1.9463700e+05   2.2155762e+01
   1.9468600e+05   2.3681641e+01
   1.9473300e+05   2.1240234e+01
   1.9489600e+05   1.9348145e+01
   1.9565600e+05   2.0019531e+01
   2.3093600e+05   2.3010254e+01
   2.3183700e+05   2.0446777e+01
   2.3186500e+05   2.1484375e+01
   2.3203700e+05   2.4963379e+01
   2.3207800e+05   3.4179688e+01
   2.3209100e+05   1.9836426e+01
   2.3212000e+05   3.2775879e+01
   2.3215200e+05   2.2338867e+01
   2.3217900e+05   2.0874023e+01
   2.3223500e+05   2.0690918e+01
   2.3235500e+05   2.1118164e+01
   2.3243000e+05   2.2888184e+01
   2.3252300e+05   2.0629883e+01
   2.3264100e+05   1.9592285e+01
   2.3270600e+05   2.6123047e+01
   2.5766600e+05   1.9775391e+01
   2.5769900e+05   2.2827148e+01
   2.5775700e+05   2.2460938e+01
   2.5778600e+05   2.1911621e+01
   2.5786300e+05   2.0141602e+01
   2.5791300e+05   2.1362305e+01
   2.5795600e+05   2.0202637e+01
   2.5797600e+05   2.2766113e+01
   2.5799300e+05   2.0019531e+01
   2.5806700e+05   2.3132324e+01
   2.5813300e+05   2.5390625e+01
   2.5819100e+05   2.3376465e+01
   2.5824700e+05   1.9531250e+01
   2.5851600e+05   1.9470215e+01
   2.8627400e+05   2.0751953e+01
   2.8628800e+05   2.4475098e+01
   2.8634600e+05   1.9836426e+01
   2.8636200e+05   2.2583008e+01
   2.8637900e+05   1.9653320e+01
   2.8642500e+05   2.0080566e+01
   2.8643600e+05   2.0141602e+01
   2.8644900e+05   2.0507813e+01
   2.8648100e+05   1.9470215e+01
   2.8657300e+05   2.0629883e+01
   2.8658700e+05   2.3376465e+01
   2.8660800e+05   2.2766113e+01
   2.8671900e+05   1.9592285e+01
   2.8685700e+05   2.0019531e+01
   3.1020100e+05   2.1423340e+01
   3.1027500e+05   1.9775391e+01
   3.1035600e+05   1.9958496e+01
   3.1046900e+05   2.9052734e+01
   3.1051400e+05   2.0690918e+01
   3.1053000e+05   2.3315430e+01
   3.1059400e+05   2.1301270e+01
   3.1063100e+05   1.9470215e+01
   3.1067300e+05   2.4230957e+01
   3.1077600e+05   2.0385742e+01
   3.1081800e+05   2.0263672e+01
   3.1097400e+05   2.1911621e+01
   3.1111900e+05   2.1667480e+01
   3.1121500e+05   2.3376465e+01
   3.2323600e+05   1.9653320e+01
   3.3385100e+05   2.0751953e+01
   3.3484300e+05   2.0507813e+01
   3.3584800e+05   2.0019531e+01
   3.3589700e+05   2.0568848e+01
   3.3597400e+05   2.3376465e+01
   3.3621600e+05   1.9348145e+01
   3.3647000e+05   2.2277832e+01
   3.5316900e+05   2.0141602e+01
   3.5320900e+05   2.5817871e+01
   3.5324100e+05   3.1494141e+01
   3.5326400e+05   2.4353027e+01
   3.5327800e+05   2.5878906e+01
   3.5330000e+05   2.6794434e+01
   3.5331600e+05   2.1728516e+01
   3.5332600e+05   2.2094727e+01
   3.5336000e+05   1.9348145e+01
   3.5346600e+05   2.5390625e+01
   3.5353600e+05   2.0141602e+01
   3.5382000e+05   2.1789551e+01
   3.9400000e+05   3.3325195e+01
   3.9404300e+05   2.2033691e+01
   3.9407100e+05   2.2216797e+01
   3.9411500e+05   2.4841309e+01
   3.9413600e+05   3.1738281e+01
   3.9418400e+05   2.2460938e+01
   3.9421300e+05   2.2521973e+01
   3.9462000e+05   1.9653320e+01
   4.2063000e+05   1.9409180e+01
   4.2224700e+05   1.9958496e+01
   4.3392400e+05   2.1118164e+01
   4.3476600e+05   2.2277832e+01
   4.3492100e+05   1.9653320e+01
   4.3498300e+05   2.2766113e+01
   4.3506900e+05   1.9592285e+01
   4.3508200e+05   2.8259277e+01
   4.3512800e+05   2.4108887e+01
   4.3515300e+05   2.2155762e+01
   4.3522300e+05   2.5573730e+01
   4.3527100e+05   2.4047852e+01
   4.3533200e+05   2.2155762e+01
   4.3549500e+05   2.0935059e+01
   4.3566200e+05   2.0507813e+01
   4.4838400e+05   2.0935059e+01
   4.5570700e+05   1.9592285e+01
   4.5718300e+05   1.9592285e+01
   4.5733200e+05   2.0812988e+01
   4.5739500e+05   2.1179199e+01
   4.5743900e+05   2.6000977e+01
   4.5750500e+05   2.3925781e+01
   4.5753600e+05   2.6428223e+01
   4.5770800e+05   1.9409180e+01
   4.5772400e+05   1.9714355e+01
   4.5785900e+05   1.9531250e+01
   4.8734700e+05   2.1789551e+01
   4.8757600e+05   2.0446777e+01
   4.8763200e+05   2.0141602e+01
   4.8779800e+05   2.2277832e+01
   4.8789600e+05   2.3315430e+01
   5.1151900e+05   1.9348145e+01
   5.1157500e+05   2.1057129e+01
   5.1167900e+05   2.0935059e+01
   5.1981000e+05   1.9836426e+01
   5.2858100e+05   2.2521973e+01
   5.2871700e+05   2.2888184e+01
   5.3699900e+05   2.0263672e+01
   5.3729700e+05   1.9897461e+01
   5.6262500e+05   1.9836426e+01
   5.6280000e+05   2.0874023e+01
   5.6331100e+05   1.9897461e+01
   5.6976100e+05   2.2521973e+01
   5.7295800e+05   2.0202637e+01
   5.8065500e+05   2.1057129e+01
   5.8075500e+05   2.0019531e+01
   5.8094100e+05   1.9775391e+01
   5.8096400e+05   2.0019531e+01
   5.8180900e+05   2.0446777e+01
   6.0435700e+05   2.2338867e+01
   6.1761900e+05   2.3376465e+01
   6.1797800e+05   1.9592285e+01
   6.3377800e+05   2.0446777e+01
   6.3400100e+05   2.1423340e+01
   6.5266800e+05   1.9836426e+01
   6.5289500e+05   2.3071289e+01
   6.5332900e+05   2.0385742e+01
   6.5363800e+05   1.9897461e+01
   6.6023400e+05   2.0263672e+01
   6.7112900e+05   2.0568848e+01
   6.7115300e+05   2.0202637e+01
   6.9577000e+05   1.9348145e+01
   7.0223300e+05   2.0996094e+01
   7.0232000e+05   1.9470215e+01
   7.0234700e+05   2.0446777e+01
   7.0237600e+05   2.0080566e+01
   7.1970400e+05   1.9409180e+01
   7.1976300e+05   2.0874023e+01
   7.1988500e+05   2.0324707e+01
   7.2046000e+05   2.1606445e+01
   7.2801900e+05   1.9348145e+01
   7.2943200e+05   1.9531250e+01
   7.3150200e+05   2.2094727e+01
   7.3152600e+05   1.9653320e+01
   7.3155000e+05   2.1301270e+01
   7.4499200e+05   1.9531250e+01
   7.5748400e+05   1.9592285e+01
   7.5759900e+05   1.9470215e+01
   7.5770400e+05   2.1545410e+01
   7.5830300e+05   1.9653320e+01
   7.5862700e+05   2.0019531e+01
   7.5914100e+05   2.1972656e+01
   7.5954100e+05   2.0874023e+01
   7.6196200e+05   2.0080566e+01
   7.6211000e+05   1.9470215e+01
   7.6277100e+05   2.2460938e+01
   7.6330200e+05   2.2705078e+01
   7.7802400e+05   2.2216797e+01
   7.8548400e+05   1.9592285e+01
   7.8553000e+05   2.0385742e+01
   7.8559900e+05   2.0812988e+01
   7.8567500e+05   2.3193359e+01
   7.8579600e+05   1.9409180e+01
   7.8656000e+05   2.4108887e+01
   7.8820300e+05   2.0019531e+01
   7.8832200e+05   2.1545410e+01
   7.8960200e+05   1.9836426e+01
   7.8974600e+05   1.9836426e+01
   7.8979300e+05   2.1118164e+01
   7.9091500e+05   2.0935059e+01
   8.2778800e+05   1.9470215e+01
   8.3566500e+05   2.2399902e+01
   8.3598800e+05   2.0019531e+01
   8.3609000e+05   2.0507813e+01
   8.3668800e+05   2.0996094e+01
   8.3728500e+05   2.0202637e+01
   8.5046200e+05   1.9470215e+01
   8.5220900e+05   2.0996094e+01
   8.5236600e+05   1.9470215e+01
   8.5273800e+05   1.9958496e+01
   8.5327000e+05   1.9653320e+01
   8.5696200e+05   2.0812988e+01
   8.5763400e+05   2.1118164e+01
   8.7100600e+05   2.2155762e+01
   8.7634200e+05   1.9470215e+01
   8.7643800e+05   1.9409180e+01
   8.7658800e+05   2.0507813e+01
   8.7663900e+05   2.0629883e+01
   8.7665200e+05   2.0507813e+01
   8.7701200e+05   1.9714355e+01
   8.7714300e+05   2.0263672e+01
   8.7763900e+05   2.1850586e+01
   8.9336000e+05   2.0141602e+01
   9.1201600e+05   2.0385742e+01
   9.1921300e+05   2.4902344e+01
   9.1929900e+05   2.1118164e+01
   9.1933700e+05   2.2888184e+01
   9.1978600e+05   2.2033691e+01
   9.2078400e+05   2.0812988e+01
   9.2151800e+05   2.3193359e+01
   9.4855600e+05   2.0080566e+01
   9.4866500e+05   2.0874023e+01
   9.4886100e+05   2.0385742e+01
   9.4892800e+05   2.0263672e+01
   9.4913900e+05   2.0141602e+01
   9.4919600e+05   2.1484375e+01
   9.4931900e+05   1.9653320e+01
   9.5064200e+05   1.9348145e+01
   9.5119200e+05   1.9531250e+01
   9.5168600e+05   2.0080566e+01
   1.0026420e+06   1.9470215e+01
   1.0027760e+06   1.9958496e+01
   1.0029000e+06   2.0080566e+01
   1.0029470e+06   2.1484375e+01
   1.0029840e+06   2.0202637e+01
   1.0030460e+06   2.8991699e+01
   1.0031170e+06   1.9531250e+01
   1.0039860e+06   2.3498535e+01
   1.0048760e+06   2.2155762e+01
   1.0075780e+06   1.9409180e+01
   1.0077080e+06   2.0935059e+01
   1.0086610e+06   1.9531250e+01
   1.0103850e+06   2.0019531e+01
   1.0187890e+06   2.1789551e+01
   1.0188590e+06   1.9470215e+01
   1.0188840e+06   2.0202637e+01
   1.0190110e+06   1.9897461e+01
   1.0194970e+06   2.2033691e+01
   1.0501640e+06   2.0141602e+01
   1.0501900e+06   2.0874023e+01
   1.0510030e+06   2.2827148e+01
   1.0525510e+06   1.9836426e+01
   1.0561690e+06   2.2460938e+01
   1.1014090e+06   2.1057129e+01
   1.1114410e+06   1.9897461e+01
   1.1116760e+06   2.2583008e+01
   1.1117210e+06   2.2705078e+01
   1.1121720e+06   1.9775391e+01
   1.1123060e+06   2.3071289e+01
   1.1125380e+06   2.0080566e+01
   1.1126170e+06   2.0446777e+01
   1.1127580e+06   1.9531250e+01
   1.1129570e+06   2.4169922e+01
   1.1133660e+06   2.0690918e+01
   1.1139490e+06   2.1057129e+01
   1.1146280e+06   2.0202637e+01
   1.1172870e+06   2.2644043e+01
   1.1769550e+06   2.1545410e+01
   1.1854590e+06   3.7780762e+01
   1.1854700e+06   2.0263672e+01
   1.1855000e+06   2.4719238e+01
   1.1855200e+06   1.9592285e+01
   1.1856150e+06   2.4108887e+01
   1.1856520e+06   2.0507813e+01
   1.1876650e+06   1.9592285e+01
   1.1903360e+06   1.9592285e+01
   1.2268100e+06   1.9409180e+01
   1.2378080e+06   2.1789551e+01
   1.2545160e+06   1.9897461e+01
   1.2546810e+06   2.0568848e+01
   1.2547380e+06   2.2216797e+01
   1.2552960e+06   2.2338867e+01
   1.2553390e+06   2.0385742e+01
   1.2569180e+06   2.2338867e+01
   1.2575690e+06   2.0446777e+01
   1.2576010e+06   1.9348145e+01
   1.2585600e+06   1.9958496e+01
   1.2594520e+06   2.0080566e+01
   1.2605730e+06   1.9958496e+01
   1.2625340e+06   2.0141602e+01
   1.2627320e+06   2.0080566e+01
   1.2729100e+06   2.1362305e+01
   1.2783460e+06   2.1911621e+01
   1.2920880e+06   2.2277832e+01
   1.3136150e+06   2.0019531e+01
   1.3147460e+06   2.0690918e+01
   1.3171160e+06   2.0812988e+01
   1.3196470e+06   2.0202637e+01
   1.3215490e+06   2.0080566e+01
   1.3217130e+06   3.0883789e+01
   1.3217430e+06   3.2165527e+01
   1.3217590e+06   2.9174805e+01
   1.3217890e+06   2.0996094e+01
   1.3218140e+06   2.2766113e+01
   1.3218710e+06   2.6184082e+01
   1.3219550e+06   1.9470215e+01
   1.3553350e+06   1.9470215e+01
   1.3672680e+06   2.0690918e+01
   1.3673450e+06   2.1789551e+01
   1.3673780e+06   3.5461426e+01
   1.3674120e+06   2.6489258e+01
   1.3674800e+06   2.3559570e+01
   1.3675420e+06   2.2949219e+01
   1.3885150e+06   2.0874023e+01
   1.3919050e+06   2.0202637e+01
   1.4069080e+06   1.9531250e+01
   1.4138680e+06   1.9409180e+01
   1.4162510e+06   2.2338867e+01
   1.4190140e+06   2.1362305e+01
   1.4382000e+06   2.1240234e+01
   1.4382760e+06   3.6132813e+01
   1.4382970e+06   2.0324707e+01
   1.4383270e+06   2.4902344e+01
   1.4383440e+06   2.2094727e+01
   1.4383830e+06   2.4414063e+01
   1.4384230e+06   2.3559570e+01
   1.4384910e+06   2.2094727e+01
   1.4385840e+06   2.0996094e+01
   1.4386890e+06   1.9531250e+01
   1.4389060e+06   1.9897461e+01
   1.4390840e+06   1.9470215e+01
   1.4690370e+06   2.0568848e+01
   1.4705640e+06   2.4169922e+01
   1.4839020e+06   1.9470215e+01
   1.4840560e+06   2.3681641e+01
   1.4840890e+06   2.6306152e+01
   1.4841460e+06   2.4902344e+01
   1.4841690e+06   2.4658203e+01
   1.4842720e+06   1.9348145e+01
   1.4842850e+06   2.5085449e+01
   1.4843150e+06   2.1911621e+01
   1.4845680e+06   1.9592285e+01
   1.5209660e+06   2.1667480e+01
   1.5213120e+06   2.3620605e+01
   1.5213460e+06   2.2827148e+01
   1.5213650e+06   2.1667480e+01
   1.5213860e+06   4.0283203e+01
   1.5214220e+06   3.0822754e+01
   1.5214900e+06   2.0263672e+01
   1.5215400e+06   2.0324707e+01
   1.5529990e+06   2.0935059e+01
   1.5531760e+06   2.3620605e+01
   1.5533310e+06   1.9470215e+01
   1.6031930e+06   2.0874023e+01
   1.6032840e+06   1.9653320e+01
   1.6043390e+06   1.9409180e+01
   1.6135690e+06   2.2644043e+01
   1.6224870e+06   1.9897461e+01
   1.6315460e+06   1.9836426e+01
   1.6389220e+06   2.2705078e+01
   1.6414230e+06   1.9531250e+01
   1.6664210e+06   2.1118164e+01
   1.6666150e+06   2.2644043e+01
   1.6668840e+06   1.9836426e+01
   1.6824220e+06   2.1362305e+01
   1.6875360e+06   2.2460938e+01
   1.7207550e+06   2.4047852e+01
   1.7221720e+06   2.0202637e+01
   1.7481350e+06   1.9836426e+01
   1.7579780e+06   1.9897461e+01
   1.7591530e+06   1.9836426e+01
   1.7593100e+06   1.9592285e+01
   1.7679340e+06   1.9958496e+01
   1.7760590e+06   2.1118164e+01
   1.7769130e+06   1.9958496e+01
   1.7774250e+06   2.1545410e+01
   1.7776390e+06   2.0446777e+01
   1.7882660e+06   1.9836426e+01
   1.8029170e+06   1.9531250e+01
   1.8099190e+06   2.1606445e+01
   1.8100230e+06   1.9592285e+01
   1.8100660e+06   2.5207520e+01
   1.8230290e+06   1.9409180e+01
   1.8274210e+06   2.0385742e+01
   1.8366070e+06   1.9653320e+01
   1.8373810e+06   1.9958496e+01
   1.8421000e+06   1.9714355e+01
   1.8421570e+06   2.0324707e+01
   1.8422110e+06   2.2094727e+01
   1.8422570e+06   1.9775391e+01
   1.8422940e+06   2.0385742e+01
   1.8423750e+06   2.3681641e+01
   1.8424430e+06   1.9409180e+01
   1.8424890e+06   2.2460938e+01
   1.8425390e+06   2.1789551e+01
   1.8425600e+06   2.2888184e+01
   1.8425990e+06   1.9592285e+01
   1.8426350e+06   2.5878906e+01
   1.8426540e+06   2.1728516e+01
   1.8540110e+06   3.0822754e+01
   1.8540230e+06   2.1972656e+01
   1.8540500e+06   2.3315430e+01
   1.8540750e+06   2.2827148e+01
   1.8540880e+06   3.4057617e+01
   1.8541120e+06   1.9653320e+01
   1.8541690e+06   2.2155762e+01
   1.8541860e+06   2.6977539e+01
   1.8542100e+06   2.8686523e+01
   1.8543320e+06   2.6672363e+01
   1.8545050e+06   2.2277832e+01
   1.8547000e+06   2.2827148e+01
   1.8547930e+06   2.0874023e+01
   1.8551160e+06   1.9409180e+01
   1.9076010e+06   2.0568848e+01
   1.9140190e+06   1.9897461e+01
   1.9201770e+06   2.2399902e+01
   1.9325090e+06   2.0324707e+01
   1.9453590e+06   2.0324707e+01
   1.9477780e+06   2.0019531e+01
   1.9611380e+06   1.9775391e+01
   1.9692580e+06   2.0507813e+01
   1.9693210e+06   2.0324707e+01
   1.9693630e+06   2.1118164e+01
   1.9693800e+06   2.8320313e+01
   1.9693930e+06   2.7770996e+01
   1.9694300e+06   2.8320313e+01
   1.9694630e+06   2.1667480e+01
   1.9694830e+06   2.2460938e+01
   1.9695100e+06   2.2277832e+01
   1.9695410e+06   2.0019531e+01
   1.9695590e+06   1.9348145e+01
   1.9699660e+06   2.0446777e+01
   2.0007380e+06   2.1545410e+01
   2.0249940e+06   1.9836426e+01
   2.0294820e+06   2.0874023e+01
   2.0378740e+06   1.9775391e+01
   2.0483870e+06   2.1423340e+01
   2.0576690e+06   2.1972656e+01
   2.0838060e+06   2.0446777e+01
   2.0873420e+06   1.9653320e+01
   2.1064750e+06   1.9958496e+01
   2.1084160e+06   2.2460938e+01
   2.1085550e+06   2.1301270e+01
   2.1162810e+06   2.0996094e+01
   2.1163070e+06   3.1982422e+01
   2.1163450e+06   2.6367188e+01
   2.1163820e+06   1.9958496e+01
   2.1164730e+06   2.2583008e+01
   2.1164900e+06   2.3986816e+01
   2.1165840e+06   2.0446777e+01
   2.1166890e+06   2.0385742e+01
   2.1269080e+06   1.9592285e+01
   2.1270970e+06   2.0507813e+01
   2.1271830e+06   2.0324707e+01
   2.1273260e+06   2.0690918e+01
   2.1274580e+06   2.0874023e+01
   2.1277520e+06   2.0202637e+01
   2.1286800e+06   2.1667480e+01
   2.1287320e+06   2.0324707e+01
   2.1287830e+06   2.2888184e+01
   2.1291070e+06   2.0812988e+01
   2.1817830e+06   1.9592285e+01
   2.1856220e+06   2.3010254e+01
   2.1867140e+06   2.2216797e+01
   2.1867730e+06   2.0568848e+01
   2.2038480e+06   1.9714355e+01
   2.2039420e+06   1.9836426e+01
   2.2114050e+06   1.9897461e+01
   2.2285490e+06   1.9653320e+01
   2.2285840e+06   1.9897461e+01
   2.2287230e+06   2.3620605e+01
   2.2342230e+06   2.0080566e+01
   2.2488990e+06   2.1118164e+01
   2.2523690e+06   2.1362305e+01
   2.2584200e+06   1.9897461e+01
   2.2594250e+06   2.2644043e+01
   2.2595300e+06   2.2949219e+01
   2.2597370e+06   1.9470215e+01
   2.2599430e+06   2.3498535e+01
   2.2605840e+06   1.9958496e+01
   2.2607530e+06   1.9470215e+01
   2.2772470e+06   1.9653320e+01
   2.2774180e+06   1.9409180e+01
   2.2789080e+06   2.0385742e+01
   2.2976200e+06   2.0690918e+01
   2.3003740e+06   2.2094727e+01
   2.3146060e+06   2.0874023e+01
   2.3200010e+06   2.0202637e+01
   2.3201800e+06   1.9897461e+01
   2.3202280e+06   1.9714355e+01
   2.3331780e+06   2.0812988e+01
   2.3418790e+06   2.0751953e+01
   2.3427550e+06   2.0446777e+01
   2.3428180e+06   2.0385742e+01
   2.3581380e+06   2.0080566e+01
   2.3651650e+06   1.9836426e+01
   2.3756170e+06   2.0080566e+01
   2.3893540e+06   2.0507813e+01
   2.4030380e+06   1.9592285e+01
   2.4054140e+06   2.0324707e+01
   2.4131330e+06   2.0507813e+01
   2.4175300e+06   2.2338867e+01
   2.4179000e+06   2.1484375e+01
   2.4184040e+06   2.0446777e+01
   2.4187330e+06   1.9653320e+01
   2.4188650e+06   2.2094727e+01
   2.4340010e+06   1.9470215e+01
   2.4433490e+06   1.9470215e+01
   2.4433740e+06   2.2277832e+01
   2.4434080e+06   2.3742676e+01
   2.4436000e+06   2.2033691e+01
   2.4438450e+06   2.2155762e+01
   2.4653380e+06   1.9531250e+01
   2.4688720e+06   2.1240234e+01
   2.4695910e+06   2.1057129e+01
   2.4697630e+06   1.9470215e+01
   2.4698260e+06   2.0690918e+01
   2.4699350e+06   2.5146484e+01
   2.4701270e+06   2.2460938e+01
   2.4706120e+06   2.1728516e+01
   2.4911730e+06   1.9531250e+01
   2.4992910e+06   2.0141602e+01
   2.4994100e+06   2.5939941e+01
   2.4994300e+06   2.1179199e+01
   2.5162700e+06   1.9531250e+01
   2.5268020e+06   2.2766113e+01
   2.5303220e+06   1.9958496e+01
   2.5328520e+06   2.3376465e+01
   2.5341110e+06   2.0629883e+01
   2.5354870e+06   2.0751953e+01
   2.5355940e+06   1.9409180e+01
   2.5459430e+06   2.1240234e+01
   2.5552870e+06   2.3010254e+01
   2.5553470e+06   2.0629883e+01
   2.5553820e+06   2.3132324e+01
   2.5560830e+06   2.0996094e+01
   2.5809470e+06   1.9653320e+01
   2.5811590e+06   2.0263672e+01
   2.5811870e+06   1.9348145e+01
   2.5813640e+06   2.0935059e+01
   2.5819120e+06   2.0202637e+01
   2.5834500e+06   2.4963379e+01
   2.5864570e+06   2.0568848e+01
   2.5895890e+06   2.0874023e+01
   2.5917210e+06   1.9531250e+01
   2.5933820e+06   2.0263672e+01
   2.6173780e+06   2.3071289e+01
   2.6176740e+06   2.0751953e+01
   2.6177640e+06   1.9409180e+01
   2.6181320e+06   2.1972656e+01
   2.6183640e+06   2.0568848e+01
   2.6193110e+06   2.1179199e+01
   2.6244720e+06   1.9348145e+01
   2.6245390e+06   2.4902344e+01
   2.6250460e+06   2.0874023e+01
   2.6253860e+06   2.0263672e+01
   2.6689930e+06   2.0202637e+01
   2.6692870e+06   1.9653320e+01
   2.6698400e+06   2.0812988e+01
   2.6880490e+06   2.0141602e+01
   2.6953390e+06   1.9653320e+01
   2.6985420e+06   2.0324707e+01
   2.6988210e+06   1.9470215e+01
   2.6988620e+06   1.9653320e+01
   2.7006440e+06   2.2399902e+01
   2.7308480e+06   2.0996094e+01
   2.7314750e+06   1.9348145e+01
   2.7317420e+06   1.9409180e+01
   2.7319220e+06   2.0385742e+01
   2.7585290e+06   2.1972656e+01
   2.7586350e+06   2.2705078e+01
   2.7603560e+06   2.0080566e+01
   2.7707830e+06   2.0019531e+01
   2.7708790e+06   2.8137207e+01
   2.7709190e+06   2.5268555e+01
   2.7709300e+06   1.9714355e+01
   2.7712840e+06   2.0996094e+01
   2.7714350e+06   2.1972656e+01
   2.7714900e+06   1.9897461e+01
   2.7726890e+06   2.1484375e+01
   2.7730190e+06   2.0690918e+01
   2.7737110e+06   1.9958496e+01
   2.7936840e+06   2.0507813e+01
   2.8059270e+06   2.0385742e+01
   2.8092340e+06   2.0080566e+01
   2.8093370e+06   2.2644043e+01
   2.8093620e+06   2.0935059e+01
   2.8094070e+06   2.1057129e+01
   2.8099040e+06   2.0080566e+01
   2.8100300e+06   2.3437500e+01
   2.8100560e+06   2.0263672e+01
   2.8103050e+06   2.2094727e+01
   2.8119300e+06   1.9348145e+01
   2.8120250e+06   2.0385742e+01
   2.8122560e+06   1.9348145e+01
   2.8155210e+06   2.1667480e+01
   2.8158400e+06   1.9592285e+01
   2.8173250e+06   2.0935059e+01
   2.8380110e+06   2.0080566e+01
   2.8515380e+06   2.0812988e+01
   2.8516110e+06   2.1606445e+01
   2.8517590e+06   1.9470215e+01
   2.8518420e+06   1.9653320e+01
   2.8520370e+06   1.9531250e+01
   2.8522030e+06   1.9836426e+01
   2.8525750e+06   2.1484375e+01
   2.8702810e+06   1.9897461e+01
   2.8725880e+06   2.2644043e+01
   2.8744000e+06   1.9897461e+01
   2.8790270e+06   2.2155762e+01
   2.8790570e+06   2.3193359e+01
   2.8795980e+06   2.4475098e+01
   2.8807670e+06   2.1789551e+01
   2.8811020e+06   2.3864746e+01
   2.8811410e+06   2.2888184e+01
   2.8819230e+06   2.1240234e+01
   2.8819990e+06   2.0385742e+01
   2.9082750e+06   1.9531250e+01
   2.9196380e+06   2.2216797e+01
   2.9232500e+06   2.0629883e+01
   2.9233810e+06   2.3193359e+01
   2.9235860e+06   2.0812988e+01
   2.9241390e+06   1.9592285e+01
   2.9250370e+06   1.9714355e+01
   2.9424380e+06   2.0080566e+01
   2.9673260e+06   2.1484375e+01
   2.9674260e+06   2.9907227e+01
   2.9674860e+06   2.2033691e+01
   3.0012160e+06   2.0446777e+01
   3.0013360e+06   2.0324707e+01
   3.0015480e+06   2.0324707e+01
   3.0016670e+06   1.9592285e+01
   3.0024970e+06   2.1179199e+01
   3.0135510e+06   2.0324707e+01
   3.0314150e+06   1.9592285e+01
   3.0348650e+06   2.0507813e+01
   3.0350920e+06   2.0019531e+01
   3.0351470e+06   2.0385742e+01
   3.0377290e+06   2.0446777e+01
   3.0377730e+06   1.9653320e+01
   3.0390660e+06   1.9897461e+01
   3.0408600e+06   2.1240234e+01
   3.0500000e+06   2.2094727e+01
   3.0500140e+06   2.6611328e+01
   3.0500510e+06   2.0812988e+01
   3.0500810e+06   2.4169922e+01
   3.0506480e+06   2.1728516e+01
   3.0509940e+06   2.0996094e+01
   3.0514040e+06   2.0629883e+01
   3.0851010e+06   1.9836426e+01
   3.0868270e+06   2.1057129e+01
   3.0952260e+06   2.3803711e+01
   3.1070260e+06   2.0874023e+01
   3.1072410e+06   2.0141602e+01
   3.1085820e+06   2.3010254e+01
   3.1089510e+06   2.0446777e+01
   3.1094040e+06   1.9592285e+01
   3.1110670e+06   2.2094727e+01
   3.1534150e+06   2.1179199e+01
   3.1540110e+06   1.9714355e+01
   3.1540560e+06   2.0874023e+01
   3.1541490e+06   2.4658203e+01
   3.1546300e+06   1.9958496e+01
   3.1555070e+06   2.1850586e+01
   3.1732570e+06   2.0263672e+01
   3.1771960e+06   1.9592285e+01
   3.1786260e+06   2.0202637e+01
   3.1807320e+06   1.9653320e+01
   3.1871130e+06   1.9836426e+01
   3.1966360e+06   2.2460938e+01
   3.1975020e+06   2.1911621e+01
   3.2205720e+06   2.6672363e+01
   3.2205820e+06   2.9418945e+01
   3.2206390e+06   1.9836426e+01
   3.2206770e+06   2.5329590e+01
   3.2206900e+06   2.1972656e+01
   3.2207780e+06   2.1606445e+01
   3.2369720e+06   1.9897461e+01
   3.2472440e+06   2.0080566e+01
   3.2596450e+06   2.0568848e+01
   3.2602380e+06   1.9958496e+01
   3.2957870e+06   2.1972656e+01
   3.2961350e+06   1.9653320e+01
   3.2974280e+06   2.0080566e+01
   3.2977340e+06   1.9775391e+01
   3.2992710e+06   2.0812988e+01
   3.3177470e+06   1.9897461e+01
   3.3364880e+06   2.0019531e+01
   3.3367570e+06   2.0324707e+01
   3.3371440e+06   1.9775391e+01
   3.3376650e+06   2.1057129e+01
   3.3383310e+06   2.0263672e+01
   3.3657420e+06   2.0141602e+01
   3.3665550e+06   2.1118164e+01
   3.3896980e+06   1.9592285e+01
   3.4163060e+06   3.9001465e+01
   3.4163340e+06   1.9592285e+01
   3.4163820e+06   2.0080566e+01
   3.4163940e+06   2.0263672e+01
   3.4164200e+06   2.8503418e+01
   3.4164400e+06   2.2827148e+01
   3.4164850e+06   1.9958496e+01
   3.4165140e+06   2.1362305e+01
   3.4165640e+06   2.1545410e+01
   3.4447900e+06   1.9897461e+01
   3.4509740e+06   1.9836426e+01
   3.4574110e+06   2.2155762e+01
   3.4707430e+06   2.6550293e+01
   3.4707780e+06   2.9907227e+01
   3.4708160e+06   2.4841309e+01
   3.4708360e+06   2.0690918e+01
   3.4708670e+06   2.1484375e+01
   3.4708890e+06   2.2766113e+01
   3.4709280e+06   2.3620605e+01
   3.4710710e+06   2.0751953e+01
   3.4715960e+06   1.9897461e+01
   3.4981850e+06   2.0080566e+01
   3.5011750e+06   2.2277832e+01
   3.5163040e+06   1.9714355e+01
   3.5211170e+06   1.9775391e+01
   3.5272060e+06   2.6428223e+01
   3.5272360e+06   2.2644043e+01
   3.5272650e+06   2.0202637e+01
   3.5272790e+06   2.2705078e+01
   3.5273210e+06   2.2583008e+01
   3.5273470e+06   2.0996094e+01
   3.5274510e+06   2.0385742e+01
   3.5689730e+06   2.0446777e+01
   3.5792230e+06   2.3315430e+01
   3.5794110e+06   2.0385742e+01
   3.5961560e+06   2.1240234e+01
   3.6041150e+06   2.1301270e+01
   3.6188680e+06   1.9836426e+01
   3.6237540e+06   2.0324707e+01
   3.6315440e+06   1.9714355e+01
   3.6432280e+06   2.3193359e+01
   3.6444560e+06   2.2216797e+01
   3.6471030e+06   1.9714355e+01
   3.6578150e+06   2.0568848e+01
   3.6742690e+06   2.1240234e+01
   3.6857050e+06   2.1179199e+01
   3.6857370e+06   3.1188965e+01
   3.6857590e+06   1.9653320e+01
   3.6857820e+06   2.0507813e+01
   3.6857980e+06   1.9958496e+01
   3.6858270e+06   2.4536133e+01
   3.6858540e+06   2.1911621e+01
   3.6858870e+06   2.8015137e+01
   3.6859570e+06   2.1606445e+01
   3.6860910e+06   2.2094727e+01
   3.6863460e+06   2.1667480e+01
   3.7070130e+06   1.9836426e+01
   3.7302530e+06   2.1484375e+01
   3.7374830e+06   2.1118164e+01
   3.7375170e+06   2.7404785e+01
   3.7375470e+06   2.0935059e+01
   3.7376020e+06   2.6428223e+01
   3.7376240e+06   2.0141602e+01
   3.7376400e+06   2.3681641e+01
   3.7527630e+06   1.9592285e+01
   3.7527810e+06   2.3498535e+01
   3.7528440e+06   2.0935059e+01
   3.7528600e+06   2.3132324e+01
   3.7529410e+06   2.0935059e+01
   3.7529710e+06   2.2827148e+01
   3.7530210e+06   2.2338867e+01
   3.7530710e+06   2.5024414e+01
   3.7533560e+06   1.9653320e+01
   3.8238000e+06   2.0935059e+01
   3.8373760e+06   1.9592285e+01
   3.8464970e+06   2.0202637e+01
   3.8672080e+06   1.9836426e+01
   3.8761710e+06   2.0812988e+01
   3.8792170e+06   2.0690918e+01
   3.8792600e+06   2.0874023e+01
   3.8793420e+06   2.0751953e+01
   3.8794370e+06   2.0935059e+01
   3.8863580e+06   2.4047852e+01
   3.9124970e+06   2.1301270e+01
   3.9191540e+06   2.0019531e+01
   3.9626660e+06   2.2338867e+01
   3.9810680e+06   2.0568848e+01
   4.0002790e+06   1.9592285e+01
   4.0076100e+06   2.1057129e+01
   4.0104130e+06   2.2399902e+01
   4.0319760e+06   2.0568848e+01
   4.0342810e+06   1.9653320e+01
   4.0343200e+06   2.8381348e+01
   4.0345150e+06   1.9958496e+01
   4.0346930e+06   2.1667480e+01
   4.0347900e+06   2.2644043e+01
   4.0354330e+06   2.0507813e+01
   4.0359150e+06   2.0324707e+01
   4.0933670e+06   2.1057129e+01
   4.0971770e+06   2.0996094e+01
   4.0976760e+06   2.0019531e+01
   4.0977080e+06   1.9775391e+01
   4.1304530e+06   2.0019531e+01
   4.1554660e+06   2.1850586e+01
   4.1555980e+06   2.2521973e+01
   4.1564020e+06   2.2094727e+01
   4.1564710e+06   2.0446777e+01
   4.2033520e+06   2.0446777e+01
   4.2090910e+06   2.3315430e+01
   4.2091950e+06   2.1850586e+01
   4.2094460e+06   2.1484375e+01
   4.2096620e+06   2.1728516e+01
   4.2100270e+06   2.2521973e+01
   4.2107120e+06   2.0690918e+01
   4.2107550e+06   2.0080566e+01
   4.2229360e+06   2.0629883e+01
   4.2281650e+06   1.9653320e+01
   4.2350410e+06   1.9592285e+01
   4.2484420e+06   2.1362305e+01
   4.2622710e+06   2.0568848e+01
   4.2640730e+06   2.2521973e+01
   4.3175300e+06   2.1179199e+01
   4.3178960e+06   1.9836426e+01
   4.3184290e+06   2.1606445e+01
   4.3184900e+06   2.1850586e+01
   4.3188430e+06   1.9836426e+01
   4.3311120e+06   2.2155762e+01
   4.3407230e+06   1.9653320e+01
   4.3532790e+06   1.9653320e+01
   4.3632420e+06   2.0324707e+01
   4.3722570e+06   2.0202637e+01
   4.3724870e+06   2.0019531e+01
   4.4014830e+06   2.0019531e+01
   4.4249570e+06   1.9714355e+01
   4.4254500e+06   2.2033691e+01
   4.4260040e+06   2.1179199e+01
   4.4333600e+06   2.1972656e+01
   4.4531960e+06   2.0629883e+01
   4.4790990e+06   2.1972656e+01
   4.4794590e+06   2.0385742e+01
   4.5091940e+06   2.0812988e+01
   4.5251960e+06   2.0690918e+01
   4.5252660e+06   2.0690918e+01
   4.5404940e+06   1.9775391e+01
   4.5519110e+06   2.0446777e+01
   4.5692570e+06   2.3559570e+01
   4.5733280e+06   2.0141602e+01
   4.5738240e+06   2.2949219e+01
   4.5746500e+06   2.0874023e+01
   4.5750120e+06   2.1301270e+01
   4.6133380e+06   2.0324707e+01
   4.6208880e+06   2.2033691e+01
   4.6209960e+06   1.9714355e+01
   4.6309410e+06   2.0080566e+01
   4.6524400e+06   2.0324707e+01
   4.6526170e+06   1.9653320e+01
   4.6655690e+06   2.1179199e+01
   4.6660740e+06   1.9775391e+01
   4.6909200e+06   1.9592285e+01
   4.7186780e+06   2.0324707e+01
   4.7187110e+06   2.7221680e+01
   4.7187310e+06   2.2583008e+01
   4.7187460e+06   2.7465820e+01
   4.7187850e+06   2.2033691e+01
   4.7187980e+06   2.7160645e+01
   4.7188290e+06   2.7465820e+01
   4.7188400e+06   2.1789551e+01
   4.7188650e+06   2.5634766e+01
   4.7338030e+06   2.3376465e+01
   4.7339390e+06   2.0202637e+01
   4.7339800e+06   3.2226563e+01
   4.7340220e+06   3.0700684e+01
   4.7340550e+06   2.8137207e+01
   4.7340830e+06   2.1118164e+01
   4.7341180e+06   1.9897461e+01
   4.7341470e+06   2.1850586e+01
   4.7342270e+06   2.2644043e+01
   4.7343300e+06   2.3315430e+01
   4.7352480e+06   2.0385742e+01
   4.7355770e+06   2.1545410e+01
   4.7363320e+06   2.1667480e+01
   4.7902320e+06   2.0996094e+01
   4.7968690e+06   2.0507813e+01
   4.7985410e+06   1.9592285e+01
   4.7987840e+06   2.1179199e+01
   4.7988390e+06   1.9653320e+01
   4.7989700e+06   2.3742676e+01
   4.7990050e+06   2.4475098e+01
   4.7990830e+06   2.0263672e+01
   4.7991060e+06   2.0202637e+01
   4.7992340e+06   2.0446777e+01
   4.7993630e+06   2.2949219e+01
   4.7994120e+06   2.0507813e+01
   4.7996340e+06   2.0446777e+01
   4.8181490e+06   1.9653320e+01
   4.8201790e+06   2.1240234e+01
   4.8470730e+06   2.0874023e+01
   4.8831860e+06   2.2338867e+01
   4.8832310e+06   2.5268555e+01
   4.8832580e+06   2.0324707e+01
   4.8832840e+06   2.2888184e+01
   4.8833360e+06   2.7221680e+01
   4.8833540e+06   2.0446777e+01
   4.8833810e+06   2.8686523e+01
   4.8835090e+06   2.2827148e+01
   4.8837320e+06   2.0019531e+01
   4.9276880e+06   2.0690918e+01
   4.9615930e+06   2.0751953e+01
   4.9746960e+06   2.0141602e+01
   4.9795440e+06   2.0690918e+01
   4.9849900e+06   1.9958496e+01
   4.9897840e+06   2.0080566e+01
   4.9898600e+06   1.9592285e+01
   4.9899000e+06   2.3010254e+01
   5.0048500e+06   2.0141602e+01
   5.0240440e+06   2.3864746e+01
   5.0427140e+06   2.0141602e+01
   5.0745260e+06   2.2521973e+01
   5.0746410e+06   2.1972656e+01
   5.1043430e+06   2.1423340e+01
   5.1045040e+06   2.0202637e+01
   5.1398490e+06   1.9775391e+01
   5.1427280e+06   1.9653320e+01
   5.1523020e+06   1.9958496e+01
   5.1591930e+06   2.0385742e+01
   5.1743630e+06   2.3010254e+01
   5.1920950e+06   2.0690918e+01
   5.1923090e+06   2.0935059e+01
   5.1989230e+06   2.0080566e+01
   5.2096570e+06   2.0629883e+01
   5.2096900e+06   2.0080566e+01
   5.2098870e+06   2.1179199e+01
   5.2284520e+06   2.5817871e+01
   5.2284810e+06   2.3132324e+01
   5.2285870e+06   1.9958496e+01
   5.2291100e+06   2.0874023e+01
   5.2293840e+06   1.9714355e+01
   5.2601790e+06   2.0507813e+01
   5.2915810e+06   1.9714355e+01
   5.3284290e+06   2.2094727e+01
   5.3444110e+06   2.0507813e+01
   5.3668000e+06   2.0385742e+01
   5.3766520e+06   1.9958496e+01
   5.4111520e+06   2.4719238e+01
   5.4111820e+06   2.5817871e+01
   5.4112880e+06   1.9653320e+01
   5.4113190e+06   3.2592773e+01
   5.4113590e+06   1.9897461e+01
   5.4114120e+06   1.9714355e+01
   5.4114420e+06   2.0446777e+01
   5.4344350e+06   2.2644043e+01
   5.4630980e+06   2.0141602e+01
   5.4963880e+06   2.3010254e+01
   5.5078020e+06   2.0568848e+01
   5.5093520e+06   2.0996094e+01
   5.5093780e+06   1.9836426e+01
   5.5241140e+06   2.3010254e+01
   5.5439100e+06   2.0385742e+01
   5.5916750e+06   2.0874023e+01
   5.6025410e+06   2.2216797e+01
   5.6029480e+06   2.2094727e+01
   5.6032260e+06   2.5207520e+01
   5.6338140e+06   1.9897461e+01
   5.6408120e+06   2.1484375e+01
   5.6530400e+06   2.1362305e+01
   5.6672950e+06   2.1484375e+01
   5.6687710e+06   1.9653320e+01
   5.6687970e+06   2.2827148e+01
   5.6688210e+06   2.6000977e+01
   5.6688650e+06   3.3996582e+01
   5.6688860e+06   3.1616211e+01
   5.6689300e+06   2.7343750e+01
   5.6689750e+06   2.1728516e+01
   5.6690240e+06   2.1057129e+01
   5.7367380e+06   2.1667480e+01
   5.7367750e+06   1.9958496e+01
   5.7368290e+06   2.8015137e+01
   5.7368870e+06   2.0202637e+01
   5.7369300e+06   2.2277832e+01
   5.7369570e+06   2.2583008e+01
   5.7369860e+06   2.3620605e+01
   5.7370080e+06   2.6672363e+01
   5.7370510e+06   2.0935059e+01
   5.7375260e+06   2.0935059e+01
   5.7583760e+06   2.4536133e+01
   5.7829280e+06   2.0812988e+01
   5.7962020e+06   2.1667480e+01
   5.7980760e+06   2.2583008e+01
   5.8059700e+06   2.4719238e+01
   5.8060040e+06   2.7587891e+01
   5.8060390e+06   2.2949219e+01
   5.8060490e+06   2.4719238e+01
   5.8060770e+06   2.0874023e+01
   5.8061080e+06   2.2155762e+01
   5.8061230e+06   2.1667480e+01
   5.8216570e+06   2.4902344e+01
   5.8216830e+06   2.3742676e+01
   5.8217050e+06   2.0263672e+01
   5.8217540e+06   2.4902344e+01
   5.8218380e+06   1.9775391e+01
   5.8218840e+06   2.1362305e+01
   5.8219100e+06   2.2460938e+01
   5.8224420e+06   2.1728516e+01
   5.8834270e+06   2.1362305e+01
   5.9157060e+06   2.0263672e+01
   5.9289490e+06   2.0812988e+01
   5.9290160e+06   2.0080566e+01
   5.9290300e+06   2.3864746e+01
   5.9290720e+06   2.0568848e+01
   5.9291440e+06   2.8259277e+01
   5.9292240e+06   2.0019531e+01
   5.9292960e+06   2.1789551e+01
   6.0253830e+06   1.9470215e+01
   6.0265350e+06   1.9714355e+01
   6.0266720e+06   1.9470215e+01
   6.0268150e+06   2.0874023e+01
   6.0269400e+06   1.9897461e+01
   6.0269800e+06   1.9348145e+01
   6.0333130e+06   2.0507813e+01
   6.0440640e+06   1.9653320e+01
   6.0559330e+06   1.9287109e+01
   6.0657560e+06   1.9287109e+01
   6.0699090e+06   2.1667480e+01
   6.0707000e+06   2.1240234e+01
   6.0956500e+06   2.0874023e+01
   6.1008940e+06   2.0751953e+01
   6.1011900e+06   2.2277832e+01
   6.1013770e+06   2.0141602e+01
   6.1019590e+06   2.0263672e+01
   6.1399570e+06   1.9470215e+01
   6.1616060e+06   1.9531250e+01
   6.1661090e+06   2.0019531e+01
   6.1759940e+06   1.9836426e+01
   6.1768430e+06   1.9348145e+01
   6.2011930e+06   2.2094727e+01
   6.2119380e+06   1.9287109e+01
   6.2248080e+06   2.3010254e+01
   6.2248460e+06   1.9714355e+01
   6.2249120e+06   2.3681641e+01
   6.2249430e+06   1.9775391e+01
   6.2249810e+06   2.5390625e+01
   6.2250320e+06   2.0568848e+01
   6.2250530e+06   3.0517578e+01
   6.2251280e+06   2.1240234e+01
   6.2251690e+06   2.2583008e+01
   6.2253520e+06   2.0202637e+01
   6.2383980e+06   1.9287109e+01
   6.2384710e+06   2.2277832e+01
   6.2386460e+06   2.1606445e+01
   6.2389090e+06   1.9653320e+01
   6.2398850e+06   1.9531250e+01
   6.2960330e+06   2.0385742e+01
   6.3008050e+06   1.9287109e+01
   6.3056710e+06   2.0446777e+01
   6.3723990e+06   2.0690918e+01
   6.3763570e+06   2.0202637e+01
   6.3841080e+06   1.9653320e+01
   6.3916600e+06   2.0080566e+01
   6.4273260e+06   2.0080566e+01
   6.4312510e+06   1.9714355e+01
   6.4334550e+06   2.4597168e+01
   6.4335340e+06   3.0883789e+01
   6.4335540e+06   2.2521973e+01
   6.4336220e+06   2.0446777e+01
   6.4336410e+06   1.9287109e+01
   6.4336820e+06   2.0019531e+01
   6.4337790e+06   2.2766113e+01
   6.4338930e+06   2.1179199e+01
   6.5207400e+06   2.0019531e+01
   6.5299620e+06   2.1728516e+01
   6.5319020e+06   2.2216797e+01
   6.5395910e+06   1.9592285e+01
   6.5517810e+06   2.0507813e+01
   6.5636350e+06   2.0629883e+01
   6.6069620e+06   2.3803711e+01
   6.6070210e+06   2.6184082e+01
   6.6070440e+06   2.1301270e+01
   6.6071060e+06   2.0324707e+01
   6.6071350e+06   2.6000977e+01
   6.6071930e+06   1.9409180e+01
   6.6072430e+06   2.0080566e+01
   6.6072580e+06   2.0019531e+01
   6.6072880e+06   4.0954590e+01
   6.6589630e+06   1.9653320e+01
   6.6822620e+06   1.9592285e+01
   6.6830480e+06   1.9409180e+01
   6.6835320e+06   2.1606445e+01
   6.6927640e+06   2.0507813e+01
   6.7131580e+06   1.9836426e+01
   6.7155920e+06   2.2338867e+01
   6.7261540e+06   2.1606445e+01
   6.7312960e+06   2.0202637e+01
   6.7401630e+06   2.0385742e+01
   6.7563330e+06   1.9470215e+01
   6.7678650e+06   1.9653320e+01
   6.7693300e+06   1.9775391e+01
   6.7880180e+06   2.1667480e+01
   6.7882120e+06   2.0385742e+01
   6.7882520e+06   2.0935059e+01
   6.7888390e+06   1.9287109e+01
   6.8011930e+06   2.0568848e+01
   6.8204070e+06   1.9348145e+01
   6.8253240e+06   1.9592285e+01
   6.8347180e+06   2.5939941e+01
   6.8348240e+06   2.0751953e+01
   6.8481000e+06   2.9174805e+01
   6.8481140e+06   2.6000977e+01
   6.8481450e+06   2.1911621e+01
   6.8481660e+06   2.5268555e+01
   6.8481780e+06   2.3742676e+01
   6.8482030e+06   2.4230957e+01
   6.8482290e+06   2.8625488e+01
   6.8482850e+06   1.9470215e+01
   6.8483340e+06   2.9113770e+01
   6.8484750e+06   2.0446777e+01
   6.8885560e+06   1.9653320e+01
   6.8998530e+06   2.0568848e+01
   6.9056190e+06   2.0568848e+01
   6.9355600e+06   2.0690918e+01
   6.9533140e+06   1.9653320e+01
   6.9533540e+06   2.6611328e+01
   7.0081110e+06   2.3986816e+01
   7.0084300e+06   2.1911621e+01
   7.0088330e+06   2.0202637e+01
   7.0412870e+06   1.9409180e+01
   7.0514270e+06   1.9348145e+01
   7.0678360e+06   1.9897461e+01
   7.0679510e+06   2.2399902e+01
   7.0679820e+06   2.3315430e+01
   7.0679970e+06   2.4353027e+01
   7.0680150e+06   2.8991699e+01
   7.0680390e+06   1.9836426e+01
   7.0680690e+06   2.1240234e+01
   7.0681810e+06   2.0629883e+01
   7.0681980e+06   2.0874023e+01
   7.0685020e+06   1.9714355e+01
   7.1204630e+06   1.9409180e+01
   7.1401190e+06   1.9470215e+01
   7.1510650e+06   2.0751953e+01
   7.1807640e+06   1.9897461e+01
   7.1814510e+06   2.1606445e+01
   7.1963340e+06   1.9897461e+01
   7.1999700e+06   2.0080566e+01
   7.2092490e+06   1.9531250e+01
   7.2205220e+06   2.1850586e+01
   7.2913720e+06   1.9653320e+01
   7.3001040e+06   2.0202637e+01
   7.3282550e+06   1.9653320e+01
   7.3284590e+06   2.2705078e+01
   7.3286990e+06   2.4597168e+01
   7.3299640e+06   1.9470215e+01
   7.3374200e+06   1.9287109e+01
   7.3908460e+06   1.9653320e+01
   7.4005700e+06   2.1484375e+01
   7.4168730e+06   1.9287109e+01
   7.4192840e+06   1.9409180e+01
   7.4480430e+06   2.1484375e+01
   7.4598910e+06   2.0568848e+01
   7.4601290e+06   2.1301270e+01
   7.4607550e+06   2.2033691e+01
   7.4609310e+06   1.9836426e+01
   7.4613860e+06   2.0507813e+01
   7.4615260e+06   1.9592285e+01
   7.4737760e+06   2.0507813e+01
   7.4928620e+06   1.9592285e+01
   7.5342590e+06   1.9592285e+01
   7.5436880e+06   1.9592285e+01
   7.5440310e+06   2.0874023e+01
   7.5440640e+06   2.0690918e+01
   7.5441120e+06   2.2644043e+01
   7.5442020e+06   2.2216797e+01
   7.5853230e+06   2.0141602e+01
   7.5884240e+06   2.0385742e+01
   7.5927960e+06   2.1972656e+01
   7.5929210e+06   1.9592285e+01
   7.5929360e+06   2.6916504e+01
   7.5929790e+06   2.1301270e+01
   7.5929990e+06   2.1240234e+01
   7.5930660e+06   2.2277832e+01
   7.5930820e+06   1.9409180e+01
   7.5931020e+06   2.1301270e+01
   7.5934220e+06   2.2338867e+01
   7.6293020e+06   2.0507813e+01
   7.6303370e+06   1.9287109e+01
   7.6370550e+06   2.0141602e+01
   7.6370830e+06   2.4536133e+01
   7.6371170e+06   1.9531250e+01
   7.6371320e+06   2.6733398e+01
   7.6371650e+06   2.2827148e+01
   7.6373920e+06   2.2644043e+01
   7.6374270e+06   2.0690918e+01
   7.6374520e+06   2.0324707e+01
   7.6378150e+06   2.0812988e+01
   7.6646080e+06   2.0019531e+01
   7.6972580e+06   2.0507813e+01
   7.7188110e+06   2.3437500e+01
   7.7188380e+06   2.5573730e+01
   7.7188690e+06   2.0080566e+01
   7.7188920e+06   1.9287109e+01
   7.7189170e+06   2.2338867e+01
   7.7189460e+06   2.6062012e+01
   7.7190130e+06   1.9409180e+01
   7.7190460e+06   2.4597168e+01
   7.7191130e+06   2.7343750e+01
   7.7191460e+06   2.0629883e+01
   7.7489550e+06   2.1301270e+01
   7.7653720e+06   1.9287109e+01
   7.7811170e+06   2.0019531e+01
   7.7841150e+06   2.0141602e+01
   7.8128680e+06   1.9348145e+01
   7.8240590e+06   2.0141602e+01
   7.8286940e+06   2.0263672e+01
   7.8621330e+06   2.2033691e+01
   7.8759980e+06   1.9592285e+01
   7.8789150e+06   2.0019531e+01
   7.8936890e+06   3.0517578e+01
   7.8937180e+06   2.0324707e+01
   7.8937440e+06   3.3996582e+01
   7.8937670e+06   2.0324707e+01
   7.8938130e+06   2.8930664e+01
   7.8938390e+06   2.2827148e+01
   7.8938600e+06   2.1789551e+01
   7.8939290e+06   2.3559570e+01
   7.9167040e+06   1.9653320e+01
   7.9471040e+06   1.9958496e+01
   7.9602930e+06   2.7893066e+01
   7.9603830e+06   2.0935059e+01
   7.9604400e+06   2.1606445e+01
   7.9604800e+06   2.0324707e+01
   7.9605110e+06   2.3742676e+01
   7.9605540e+06   2.1728516e+01
   7.9826060e+06   1.9836426e+01
   7.9890030e+06   1.9470215e+01
   8.0049490e+06   2.0141602e+01
   8.0318510e+06   2.0080566e+01
   8.0453940e+06   2.2094727e+01
   8.0455150e+06   2.1362305e+01
   8.0455410e+06   1.9348145e+01
   8.0455720e+06   2.2216797e+01
   8.0456000e+06   2.3010254e+01
   8.0456460e+06   2.5390625e+01
   8.0456750e+06   2.4780273e+01
   8.0456930e+06   2.1118164e+01
   8.0457330e+06   2.0263672e+01
   8.0457590e+06   2.2277832e+01
   8.0458150e+06   2.2827148e+01
   8.0458580e+06   1.9287109e+01
   8.0464650e+06   1.9348145e+01
   8.0848230e+06   2.0324707e+01
   8.0899130e+06   2.0751953e+01
   8.0899510e+06   2.4047852e+01
   8.0900240e+06   2.2277832e+01
   8.0900570e+06   2.0324707e+01
   8.0900860e+06   2.0080566e+01
   8.0901180e+06   2.2949219e+01
   8.0901670e+06   1.9958496e+01
   8.0902450e+06   2.4047852e+01
   8.0902660e+06   1.9592285e+01
   8.0903710e+06   1.9836426e+01
   8.1355890e+06   2.0812988e+01
   8.1423230e+06   1.9287109e+01
   8.1771160e+06   1.9531250e+01
   8.1879830e+06   2.1911621e+01
   8.1880420e+06   1.9287109e+01
   8.1880730e+06   2.1301270e+01
   8.1892080e+06   2.2277832e+01
   8.2143520e+06   1.9653320e+01
   8.2163930e+06   1.9348145e+01
   8.2305390e+06   1.9958496e+01
   8.2314080e+06   1.9531250e+01
   8.2315430e+06   2.1545410e+01
   8.2580980e+06   1.9531250e+01
   8.2609720e+06   2.5939941e+01
   8.2609990e+06   2.3132324e+01
   8.2610770e+06   2.0812988e+01
   8.2611280e+06   2.4597168e+01
   8.2611560e+06   2.3376465e+01
   8.2611680e+06   2.5390625e+01
   8.2612200e+06   2.5390625e+01
   8.2613180e+06   2.0446777e+01
   8.3008580e+06   2.2094727e+01
   8.3311480e+06   1.9592285e+01
   8.3312070e+06   1.9897461e+01
   8.3312480e+06   1.9287109e+01
   8.3312980e+06   1.9897461e+01
   8.3313160e+06   2.2705078e+01
   8.3313780e+06   2.2766113e+01
   8.3314140e+06   2.5573730e+01
   8.3314790e+06   2.0324707e+01
   8.3315000e+06   2.3010254e+01
   8.3315280e+06   2.6245117e+01
   8.3315540e+06   2.3010254e+01
   8.3315840e+06   2.3742676e+01
   8.3342980e+06   1.9409180e+01
   8.3502780e+06   1.9836426e+01
   8.3830710e+06   2.1362305e+01
   8.3982120e+06   2.5756836e+01
   8.3987030e+06   1.9958496e+01
   8.4071890e+06   1.9409180e+01
   8.4101690e+06   1.9775391e+01
   8.4292980e+06   1.9348145e+01
   8.4390750e+06   2.2216797e+01
   8.4490600e+06   1.9470215e+01
   8.4756280e+06   1.9348145e+01
   8.5311100e+06   2.0812988e+01
   8.5312290e+06   2.0690918e+01
   8.5312660e+06   1.9470215e+01
   8.5312890e+06   2.0996094e+01
   8.5313560e+06   2.5756836e+01
   8.5314220e+06   2.4719238e+01
   8.5314610e+06   2.0263672e+01
   8.5315370e+06   2.4597168e+01
   8.5316950e+06   2.0629883e+01
   8.5547060e+06   1.9958496e+01
   8.5672190e+06   2.0263672e+01
   8.5702750e+06   2.0019531e+01
   8.6112940e+06   1.9531250e+01
   8.6439610e+06   2.1057129e+01
   8.6589600e+06   2.1057129e+01
   8.7040860e+06   2.0080566e+01
   8.7118880e+06   2.3315430e+01
   8.7119080e+06   2.0202637e+01
   8.7119200e+06   2.2033691e+01
   8.7119840e+06   2.2033691e+01
   8.7120200e+06   2.0751953e+01
   8.7120490e+06   2.0812988e+01
   8.7121040e+06   2.7709961e+01
   8.7122140e+06   2.6184082e+01
   8.7122600e+06   2.0629883e+01
   8.7123050e+06   1.9958496e+01
   8.7486840e+06   1.9958496e+01
   8.7576090e+06   2.0324707e+01
   8.7772490e+06   1.9592285e+01
   8.7877570e+06   2.2033691e+01
   8.7878890e+06   2.2888184e+01
   8.7879010e+06   2.4963379e+01
   8.7879410e+06   2.4230957e+01
   8.7879650e+06   2.4536133e+01
   8.7880390e+06   2.4780273e+01
   8.7880610e+06   2.1118164e+01
   8.7881320e+06   1.9531250e+01
   8.7881580e+06   2.0263672e+01
   8.7881900e+06   2.3742676e+01
   8.7884890e+06   2.0812988e+01
   8.8538250e+06   2.0324707e+01
   8.8635570e+06   1.9409180e+01
   8.8778150e+06   2.0324707e+01
   8.9025130e+06   2.0263672e+01
   8.9078500e+06   2.0446777e+01
   8.9226260e+06   2.0019531e+01
   8.9288560e+06   2.0629883e+01
   8.9294970e+06   2.0751953e+01
   8.9469240e+06   1.9775391e+01
   8.9574840e+06   2.0019531e+01
   8.9575140e+06   1.9836426e+01
   8.9575370e+06   2.0812988e+01
   8.9575690e+06   2.3376465e+01
   8.9576350e+06   2.0080566e+01
   8.9576720e+06   2.5329590e+01
   8.9576870e+06   2.6611328e+01
   8.9577230e+06   2.1362305e+01
   8.9577460e+06   1.9592285e+01
   8.9881060e+06   1.9470215e+01
   8.9887100e+06   1.9287109e+01
   9.0029950e+06   2.4108887e+01
   9.0259130e+06   1.9653320e+01
   9.0347490e+06   1.9470215e+01
   9.0506790e+06   2.1179199e+01
   9.0690810e+06   1.9470215e+01
   9.1024590e+06   1.9226074e+01
   9.1125050e+06   2.0874023e+01
   9.1217410e+06   2.0263672e+01
   9.1355960e+06   2.2583008e+01
   9.1356210e+06   2.0141602e+01
   9.1356560e+06   2.8381348e+01
   9.1356940e+06   2.1362305e+01
   9.1357070e+06   3.0395508e+01
   9.1357370e+06   2.2766113e+01
   9.1358300e+06   2.3498535e+01
   9.1359330e+06   1.9470215e+01
   9.1493190e+06   2.0568848e+01
   9.1493790e+06   2.6855469e+01
   9.1494400e+06   3.0822754e+01
   9.1496150e+06   2.6123047e+01
   9.1497080e+06   2.2216797e+01
   9.1498060e+06   2.1728516e+01
   9.1498300e+06   1.9226074e+01
   9.1498480e+06   2.0690918e+01
   9.1501060e+06   2.2705078e+01
   9.1502450e+06   1.9348145e+01
   9.1511880e+06   2.0446777e+01
   9.1823530e+06   1.9653320e+01
   9.2323460e+06   2.0263672e+01
   9.2323580e+06   2.3864746e+01
   9.2323880e+06   2.3376465e+01
   9.2324140e+06   2.4169922e+01
   9.2324530e+06   2.4963379e+01
   9.2324970e+06   2.1667480e+01
   9.2325280e+06   2.2216797e+01
   9.2327150e+06   2.1301270e+01
   9.2818980e+06   2.3620605e+01
   9.2819250e+06   2.1545410e+01
   9.2819510e+06   2.2155762e+01
   9.2819700e+06   2.1301270e+01
   9.2819970e+06   2.2644043e+01
   9.2820180e+06   2.0446777e+01
   9.2820720e+06   2.0751953e+01
   9.2820840e+06   2.0935059e+01
   9.3044540e+06   1.9592285e+01
   9.3335410e+06   2.2399902e+01
   9.3335550e+06   2.7282715e+01
   9.3335750e+06   2.1606445e+01
   9.3336020e+06   2.8198242e+01
   9.3336190e+06   2.3254395e+01
   9.3336290e+06   2.2521973e+01
   9.3336950e+06   2.0080566e+01
   9.3337070e+06   1.9165039e+01
   9.3338010e+06   2.3193359e+01
   9.3340650e+06   2.0996094e+01
   9.3342730e+06   1.9165039e+01
   9.3727690e+06   2.1301270e+01
   9.3765580e+06   1.9409180e+01
   9.3857580e+06   4.1015625e+01
   9.3857940e+06   2.4414063e+01
   9.3858460e+06   2.0751953e+01
   9.3858590e+06   2.4841309e+01
   9.3858840e+06   1.9470215e+01
   9.3859040e+06   2.1118164e+01
   9.3859300e+06   2.5268555e+01
   9.3860510e+06   2.0751953e+01
   9.3862780e+06   1.9470215e+01
   9.3863340e+06   2.1484375e+01
   9.3864100e+06   1.9958496e+01
   9.4263550e+06   2.0568848e+01
   9.4280470e+06   1.9470215e+01
   9.4302920e+06   1.9165039e+01
   9.4416360e+06   2.1118164e+01
   9.4494710e+06   1.9958496e+01
   9.4530180e+06   2.4230957e+01
   9.4530560e+06   2.0019531e+01
   9.4532350e+06   2.8625488e+01
   9.4532800e+06   2.3742676e+01
   9.4533220e+06   1.9592285e+01
   9.4533410e+06   3.3142090e+01
   9.4533920e+06   1.9287109e+01
   9.4535010e+06   2.3681641e+01
   9.4742650e+06   1.9714355e+01
   9.4798770e+06   1.9775391e+01
   9.4909520e+06   1.9531250e+01
   9.4982830e+06   1.9836426e+01
   9.5260590e+06   2.1362305e+01
   9.5261060e+06   2.3376465e+01
   9.5359660e+06   2.0019531e+01
   9.5676830e+06   1.9714355e+01
   9.6002940e+06   2.0385742e+01
   9.6239520e+06   1.9592285e+01
   9.6261420e+06   1.9653320e+01
   9.6488550e+06   1.9653320e+01
   9.6489840e+06   1.9897461e+01
   9.6490590e+06   1.9897461e+01
   9.6633380e+06   2.2644043e+01
   9.7082420e+06   2.0324707e+01
   9.7465400e+06   2.0019531e+01
   9.7577930e+06   2.2033691e+01
   9.7691120e+06   2.0812988e+01
   9.7750690e+06   1.9531250e+01
   9.8035970e+06   2.2460938e+01
   9.8036370e+06   2.1301270e+01
   9.8036540e+06   1.9592285e+01
   9.8036840e+06   2.6062012e+01
   9.8037350e+06   2.5390625e+01
   9.8037450e+06   2.2338867e+01
   9.8037920e+06   1.9226074e+01
   9.8038180e+06   2.1850586e+01
   9.8040960e+06   2.0446777e+01
   9.8643060e+06   2.1240234e+01
   9.8773280e+06   2.1606445e+01
   9.8775020e+06   2.6000977e+01
   9.8776310e+06   2.1606445e+01
   9.9061060e+06   2.0996094e+01
   9.9112470e+06   1.9897461e+01
   9.9113660e+06   2.0080566e+01
   9.9411470e+06   2.3010254e+01
   9.9411970e+06   2.2827148e+01
   9.9511010e+06   1.9470215e+01
   9.9686160e+06   1.9409180e+01
   9.9687490e+06   2.0751953e+01
   9.9688960e+06   1.9348145e+01
   9.9689870e+06   1.9531250e+01
   9.9805570e+06   1.9409180e+01
   9.9807930e+06   2.8686523e+01
   9.9808080e+06   2.4475098e+01
   9.9808290e+06   2.2399902e+01
   9.9808440e+06   2.6672363e+01
   9.9808820e+06   1.9226074e+01
   9.9809250e+06   2.3437500e+01
   9.9809830e+06   1.9653320e+01
   1.0045115e+07   2.0141602e+01
   1.0045434e+07   1.9165039e+01
   1.0046229e+07   1.9104004e+01
   1.0085247e+07   2.0507813e+01
   1.0085371e+07   2.3559570e+01
   1.0085399e+07   2.1423340e+01
   1.0119780e+07   2.0507813e+01
   1.0134915e+07   1.9226074e+01
   1.0137803e+07   1.9348145e+01
   1.0138831e+07   2.0019531e+01
   1.0140629e+07   1.9226074e+01
   1.0142600e+07   1.9531250e+01
   1.0142775e+07   2.1972656e+01
   1.0143141e+07   2.0751953e+01
   1.0152572e+07   2.1972656e+01
   1.0197150e+07   2.1911621e+01
   1.0197261e+07   1.9165039e+01
   1.0201223e+07   1.9470215e+01
   1.0209452e+07   1.9958496e+01
   1.0228171e+07   2.0263672e+01
   1.0237034e+07   1.9470215e+01
   1.0238953e+07   2.6672363e+01
   1.0246094e+07   2.2644043e+01
   1.0246218e+07   2.0263672e+01
   1.0274670e+07   2.0507813e+01
   1.0289800e+07   2.2705078e+01
   1.0289862e+07   2.0202637e+01
   1.0292862e+07   2.1484375e+01
   1.0293387e+07   1.9775391e+01
   1.0329851e+07   2.0324707e+01
   1.0333325e+07   2.2644043e+01
   1.0333456e+07   2.0629883e+01
   1.0367808e+07   1.9226074e+01
   1.0369498e+07   2.0019531e+01
   1.0378375e+07   2.1179199e+01
   1.0400902e+07   2.1240234e+01
   1.0404301e+07   2.0751953e+01
   1.0404658e+07   2.3193359e+01
   1.0427760e+07   1.9470215e+01
   1.0428281e+07   1.9531250e+01
   1.0428745e+07   2.1728516e+01
   1.0433477e+07   2.3132324e+01
   1.0433519e+07   2.2949219e+01
   1.0433803e+07   1.9958496e+01
   1.0434494e+07   2.1240234e+01
   1.0435647e+07   2.0629883e+01
   1.0435937e+07   1.9653320e+01
   1.0473948e+07   1.9592285e+01
   1.0476024e+07   2.0324707e+01
   1.0476947e+07   2.0141602e+01
   1.0487011e+07   1.9653320e+01
   1.0502799e+07   2.0324707e+01
   1.0524447e+07   1.9226074e+01
   1.0525397e+07   2.2033691e+01
   1.0572121e+07   1.9165039e+01
   1.0572162e+07   2.1789551e+01
   1.0573034e+07   1.9287109e+01
   1.0573099e+07   1.9958496e+01
   1.0601046e+07   1.9958496e+01
   1.0627997e+07   1.9165039e+01
   1.0629242e+07   1.9775391e+01
   1.0630099e+07   2.4230957e+01
   1.0701394e+07   2.1362305e+01
   1.0701907e+07   2.1423340e+01
   1.0740064e+07   1.9714355e+01
   1.0740656e+07   2.1606445e+01
   1.0740724e+07   2.1545410e+01
   1.0798670e+07   1.9653320e+01
   1.0799710e+07   2.0812988e+01
   1.0800512e+07   2.2155762e+01
   1.0849344e+07   2.1545410e+01
   1.0870479e+07   2.9479980e+01
   1.0870507e+07   1.9409180e+01
   1.0870532e+07   2.5390625e+01
   1.0870589e+07   2.3315430e+01
   1.0870612e+07   2.1118164e+01
   1.0870654e+07   2.5146484e+01
   1.0870673e+07   1.9287109e+01
   1.0870754e+07   2.0812988e+01
   1.0870945e+07   2.1057129e+01
   1.0885215e+07   2.1728516e+01
   1.0885251e+07   2.0935059e+01
   1.0885306e+07   2.2338867e+01
   1.0885319e+07   2.0324707e+01
   1.0885336e+07   2.5268555e+01
   1.0885352e+07   2.1606445e+01
   1.0885396e+07   2.5756836e+01
   1.0885415e+07   2.2033691e+01
   1.0885473e+07   1.9165039e+01
   1.0885740e+07   2.2033691e+01
   1.0886428e+07   2.0324707e+01
   1.0887141e+07   1.9592285e+01
   1.0960402e+07   1.9592285e+01
   1.0968750e+07   1.9287109e+01
   1.0971725e+07   1.9348145e+01
   1.0973261e+07   2.7954102e+01
   1.0973272e+07   3.4667969e+01
   1.0973301e+07   1.9714355e+01
   1.0973319e+07   2.0263672e+01
   1.0973343e+07   2.1423340e+01
   1.0973361e+07   2.0141602e+01
   1.0973400e+07   1.9287109e+01
   1.0973445e+07   2.2521973e+01
   1.0973514e+07   2.5085449e+01
   1.0973671e+07   2.0507813e+01
   1.0973776e+07   1.9409180e+01
   1.0973926e+07   2.0019531e+01
   1.0974666e+07   1.9226074e+01
   1.0992614e+07   2.3681641e+01
   1.0992646e+07   2.2399902e+01
   1.0992682e+07   2.0019531e+01
   1.0992714e+07   2.4108887e+01
   1.0992748e+07   2.9052734e+01
   1.0992766e+07   2.0324707e+01
   1.0992803e+07   2.4902344e+01
   1.0992824e+07   2.0324707e+01
   1.0992871e+07   2.0935059e+01
   1.0992971e+07   1.9531250e+01
   1.0993122e+07   2.0935059e+01
   1.0993328e+07   2.0629883e+01
   1.0993408e+07   2.0019531e+01
   1.0993457e+07   2.0019531e+01
   1.1088016e+07   1.9409180e+01
   1.1096298e+07   2.0874023e+01
   1.1101354e+07   1.9714355e+01
   1.1103787e+07   1.9104004e+01
   1.1138464e+07   1.9897461e+01
   1.1179844e+07   1.9348145e+01
   1.1229007e+07   1.9592285e+01
   1.1299285e+07   1.9348145e+01
   1.1321525e+07   1.9104004e+01
   1.1334046e+07   1.9104004e+01
   1.1335316e+07   1.9348145e+01
   1.1344777e+07   2.0812988e+01
   1.1391313e+07   2.5390625e+01
   1.1391444e+07   2.3742676e+01
   1.1391481e+07   2.4169922e+01
   1.1391526e+07   2.7221680e+01
   1.1391560e+07   2.2460938e+01
   1.1391617e+07   2.0324707e+01
   1.1391640e+07   1.9165039e+01
   1.1412502e+07   1.9836426e+01
   1.1484411e+07   1.9836426e+01
   1.1498115e+07   1.9226074e+01
   1.1508796e+07   1.9836426e+01
   1.1520832e+07   2.1606445e+01
   1.1520860e+07   2.4047852e+01
   1.1520996e+07   1.9775391e+01
   1.1521011e+07   1.9348145e+01
   1.1521137e+07   1.9348145e+01
   1.1571269e+07   1.9775391e+01
   1.1598487e+07   1.9409180e+01
   1.1598515e+07   1.9165039e+01
   1.1643408e+07   1.9226074e+01
   1.1643442e+07   2.6672363e+01
   1.1643457e+07   1.9653320e+01
   1.1643483e+07   2.3742676e+01
   1.1643540e+07   1.9470215e+01
   1.1643568e+07   2.9724121e+01
   1.1643600e+07   1.9836426e+01
   1.1643697e+07   2.4597168e+01
   1.1643709e+07   1.9775391e+01
   1.1643975e+07   1.9592285e+01
   1.1692305e+07   2.0324707e+01
   1.1724480e+07   2.0324707e+01
   1.1735846e+07   2.4536133e+01
   1.1735885e+07   2.0507813e+01
   1.1735922e+07   2.0263672e+01
   1.1735935e+07   2.0874023e+01
   1.1735987e+07   2.0141602e+01
   1.1736017e+07   2.4780273e+01
   1.1736168e+07   2.0141602e+01
   1.1736362e+07   1.9775391e+01
   1.1795372e+07   1.9104004e+01
   1.1813215e+07   1.9592285e+01
   1.1840992e+07   1.9897461e+01
   1.1888203e+07   2.1972656e+01
   1.1908639e+07   1.9897461e+01
   1.1923435e+07   1.9226074e+01
   1.1947865e+07   2.0141602e+01
   1.1960749e+07   1.9897461e+01
   1.1989370e+07   1.9714355e+01
   1.1996827e+07   2.0446777e+01
