   1.1999000e+07   0.0000000e+00
   3.7073000e+04   2.3071289e+01
   4.2594000e+04   2.1789551e+01
   6.8228000e+04   2.4963379e+01
   7.7091000e+04   2.1301270e+01
   9.6884000e+04   2.1667480e+01
   9.7094000e+04   2.1606445e+01
   1.5306700e+05   2.1423340e+01
   1.8544900e+05   2.2338867e+01
   2.0299000e+05   2.3559570e+01
   2.9583400e+05   2.4353027e+01
   3.1063500e+05   2.1362305e+01
   3.1074700e+05   2.5451660e+01
   3.1899500e+05   2.2766113e+01
   3.6451100e+05   2.4414063e+01
   4.2481600e+05   2.3864746e+01
   4.2489000e+05   2.3376465e+01
   4.8195400e+05   2.4841309e+01
   5.0406800e+05   2.4475098e+01
   5.1405800e+05   2.1972656e+01
   5.3808400e+05   2.3193359e+01
   5.5780200e+05   2.1240234e+01
   6.3220800e+05   2.1789551e+01
   6.7181700e+05   2.1789551e+01
   7.0105400e+05   2.2888184e+01
   7.0109300e+05   2.5756836e+01
   7.2101400e+05   2.1301270e+01
   7.3575300e+05   2.3376465e+01
   7.3592700e+05   2.1972656e+01
   7.6250900e+05   2.1240234e+01
   7.6260700e+05   2.2033691e+01
   7.8346300e+05   2.2399902e+01
   7.9764000e+05   2.1789551e+01
   8.3417500e+05   2.2277832e+01
   8.3420600e+05   2.2705078e+01
   8.3426500e+05   2.1423340e+01
   8.5478400e+05   2.1850586e+01
   8.9009500e+05   2.4658203e+01
   9.3758700e+05   2.7343750e+01
   9.4704600e+05   2.6794434e+01
   9.6741400e+05   2.1484375e+01
   9.8160700e+05   2.2644043e+01
   1.0279460e+06   2.2277832e+01
   1.0279910e+06   2.1423340e+01
   1.0280100e+06   2.1301270e+01
   1.0545380e+06   2.5146484e+01
   1.0545960e+06   2.1240234e+01
   1.1181990e+06   2.3864746e+01
   1.1451200e+06   2.1850586e+01
   1.1533800e+06   2.2155762e+01
   1.1707330e+06   2.4475098e+01
   1.1790110e+06   2.1362305e+01
   1.1839140e+06   2.3193359e+01
   1.2425490e+06   2.2766113e+01
   1.2560570e+06   2.5390625e+01
   1.2561250e+06   2.2216797e+01
   1.2564290e+06   2.2888184e+01
   1.2882210e+06   2.1240234e+01
   1.2896070e+06   2.1301270e+01
   1.3079240e+06   2.1545410e+01
   1.3190440e+06   2.5390625e+01
   1.3356280e+06   2.1240234e+01
   1.3838110e+06   2.3193359e+01
   1.4053890e+06   2.1301270e+01
   1.4153390e+06   2.1972656e+01
   1.4154380e+06   2.1362305e+01
   1.4633270e+06   2.1484375e+01
   1.4732960e+06   2.5817871e+01
   1.4733740e+06   2.4536133e+01
   1.5493880e+06   2.4414063e+01
   1.5762020e+06   2.2644043e+01
   1.6078140e+06   2.3498535e+01
   1.7040300e+06   2.3315430e+01
   1.7263380e+06   2.6428223e+01
   1.7775060e+06   2.1606445e+01
   1.8305440e+06   2.2644043e+01
   1.8320290e+06   2.2521973e+01
   1.8762690e+06   2.8930664e+01
   1.8762890e+06   2.1301270e+01
   1.8937860e+06   2.3559570e+01
   1.8938120e+06   2.3376465e+01
   1.8938860e+06   2.3803711e+01
   2.0431550e+06   2.7038574e+01
   2.1100690e+06   2.3498535e+01
   2.1772510e+06   2.2216797e+01
   2.2990220e+06   2.7954102e+01
   2.2991490e+06   2.1972656e+01
   2.3108440e+06   2.4536133e+01
   2.3742260e+06   2.4291992e+01
   2.3997730e+06   2.3498535e+01
   2.4224670e+06   2.3681641e+01
   2.5171590e+06   2.1423340e+01
   2.5227050e+06   2.1301270e+01
   2.5552650e+06   2.2521973e+01
   2.5840880e+06   2.2155762e+01
   2.6132460e+06   2.1423340e+01
   2.6133930e+06   2.1362305e+01
   2.6352760e+06   2.2888184e+01
   2.6353650e+06   2.3071289e+01
   2.6605740e+06   2.2888184e+01
   2.7238740e+06   2.5085449e+01
   2.7304470e+06   2.1301270e+01
   2.7508490e+06   2.4414063e+01
   2.7817720e+06   2.3803711e+01
   2.7834400e+06   2.1606445e+01
   2.7835480e+06   2.3559570e+01
   2.7850890e+06   2.2705078e+01
   2.7854730e+06   2.2460938e+01
   2.7951340e+06   2.2277832e+01
   2.8290580e+06   2.1911621e+01
   2.8571550e+06   2.1240234e+01
   2.8572010e+06   2.9235840e+01
   2.8587340e+06   2.3620605e+01
   2.8671300e+06   2.6794434e+01
   2.9709570e+06   2.2521973e+01
   2.9764290e+06   2.3071289e+01
   2.9764740e+06   2.3010254e+01
   2.9765080e+06   2.1240234e+01
   3.0762940e+06   2.1667480e+01
   3.0801720e+06   2.2888184e+01
   3.0802390e+06   2.1850586e+01
   3.0802600e+06   2.7038574e+01
   3.1682350e+06   2.5024414e+01
   3.1683420e+06   2.2094727e+01
   3.2561530e+06   2.4536133e+01
   3.3351110e+06   2.1240234e+01
   3.3850940e+06   2.4108887e+01
   3.3851740e+06   2.3986816e+01
   3.4115440e+06   2.1423340e+01
   3.4685240e+06   2.1362305e+01
   3.4688350e+06   2.2827148e+01
   3.4728600e+06   2.1301270e+01
   3.4729450e+06   2.2399902e+01
   3.5202180e+06   2.5207520e+01
   3.5623910e+06   2.2033691e+01
   3.6261790e+06   2.1606445e+01
   3.6394030e+06   2.1728516e+01
   3.6821240e+06   2.2399902e+01
   3.6822070e+06   2.5268555e+01
   3.7229490e+06   2.2888184e+01
   3.7279320e+06   2.1423340e+01
   3.7282740e+06   2.1423340e+01
   3.7616870e+06   2.1423340e+01
   3.8107540e+06   2.1301270e+01
   3.8129430e+06   2.2399902e+01
   3.8526390e+06   2.2644043e+01
   3.8574520e+06   2.8503418e+01
   3.8575190e+06   2.3803711e+01
   3.9489030e+06   2.1301270e+01
   3.9490630e+06   2.1606445e+01
   4.0491400e+06   2.2644043e+01
   4.0815100e+06   2.2094727e+01
   4.1899410e+06   2.2644043e+01
   4.2606520e+06   2.1301270e+01
   4.2646830e+06   2.4414063e+01
   4.2904390e+06   2.1423340e+01
   4.3163220e+06   2.3193359e+01
   4.4256290e+06   2.2644043e+01
   4.4725630e+06   2.4597168e+01
   4.4726490e+06   2.1789551e+01
   4.5001190e+06   2.1972656e+01
   4.5002020e+06   2.3925781e+01
   4.5704490e+06   2.1179199e+01
   4.5705210e+06   2.1606445e+01
   4.5791440e+06   2.1484375e+01
   4.5953750e+06   2.3803711e+01
   4.5954240e+06   2.4475098e+01
   4.5954630e+06   2.4414063e+01
   4.6348570e+06   2.2521973e+01
   4.6764190e+06   2.1423340e+01
   4.7090850e+06   2.4780273e+01
   4.7506600e+06   2.1789551e+01
   4.7895690e+06   2.3010254e+01
   4.8151100e+06   2.3681641e+01
   4.8316530e+06   2.1789551e+01
   4.9903230e+06   2.7526855e+01
   5.0356940e+06   2.3071289e+01
   5.1300710e+06   2.1606445e+01
   5.1302080e+06   2.1362305e+01
   5.1496860e+06   2.2216797e+01
   5.1497370e+06   2.2033691e+01
   5.1543200e+06   2.4291992e+01
   5.2255510e+06   2.4047852e+01
   5.3061790e+06   2.1911621e+01
   5.3176900e+06   2.1667480e+01
   5.5518490e+06   2.1240234e+01
   5.5659750e+06   2.1423340e+01
   5.5898780e+06   2.8259277e+01
   5.6193530e+06   2.1301270e+01
   5.6572170e+06   2.1423340e+01
   5.7240170e+06   2.1850586e+01
   5.7285120e+06   2.1240234e+01
   5.7627360e+06   2.2705078e+01
   5.7627940e+06   2.6123047e+01
   5.8068480e+06   2.1240234e+01
   5.8218140e+06   2.1240234e+01
   5.8410720e+06   2.2216797e+01
   5.8878630e+06   2.4475098e+01
   6.0164440e+06   2.3010254e+01
   6.0488480e+06   2.2644043e+01
   6.0488750e+06   2.2338867e+01
   6.1655510e+06   3.0944824e+01
   6.1899160e+06   2.1667480e+01
   6.2286420e+06   2.2644043e+01
   6.2286640e+06   2.1423340e+01
   6.3155400e+06   2.1972656e+01
   6.3156130e+06   2.2583008e+01
   6.3156380e+06   2.3132324e+01
   6.3502410e+06   2.6916504e+01
   6.3692390e+06   2.2460938e+01
   6.3965470e+06   2.1606445e+01
   6.4255040e+06   2.1484375e+01
   6.4255880e+06   2.2888184e+01
   6.4257180e+06   2.1606445e+01
   6.4658170e+06   2.2094727e+01
   6.4658810e+06   2.5207520e+01
   6.5001820e+06   2.2338867e+01
   6.5467810e+06   2.1972656e+01
   6.5624150e+06   2.2827148e+01
   6.5809690e+06   2.1728516e+01
   6.6735500e+06   2.3437500e+01
   6.6929020e+06   2.2460938e+01
   6.6929940e+06   2.2583008e+01
   6.7163580e+06   2.2033691e+01
   6.7164070e+06   2.2216797e+01
   6.7367730e+06   2.3864746e+01
   6.7686180e+06   2.2888184e+01
   6.8008740e+06   2.3986816e+01
   6.8009710e+06   2.6977539e+01
   6.8238000e+06   2.3620605e+01
   6.8238300e+06   2.1728516e+01
   6.8238570e+06   2.3437500e+01
   6.8855560e+06   2.6123047e+01
   6.8855980e+06   2.4841309e+01
   6.8856590e+06   2.1667480e+01
   7.0972640e+06   2.1545410e+01
   7.1741330e+06   2.2216797e+01
   7.1966050e+06   2.5329590e+01
   7.1966730e+06   2.4108887e+01
   7.1966970e+06   2.5207520e+01
   7.1967550e+06   2.3742676e+01
   7.2748740e+06   2.1484375e+01
   7.3532730e+06   2.2094727e+01
   7.3712360e+06   2.3864746e+01
   7.4505930e+06   2.1423340e+01
   7.4506670e+06   2.2216797e+01
   7.4771590e+06   2.3193359e+01
   7.5020870e+06   2.3742676e+01
   7.5198270e+06   2.1484375e+01
   7.5515240e+06   2.1911621e+01
   7.5516590e+06   2.1911621e+01
   7.5844970e+06   2.1423340e+01
   7.6142340e+06   2.1728516e+01
   7.6303360e+06   2.3864746e+01
   7.7620820e+06   2.1728516e+01
   7.9172310e+06   2.1667480e+01
   7.9921490e+06   2.2827148e+01
   8.0185120e+06   2.1606445e+01
   8.0420250e+06   2.2338867e+01
   8.0663100e+06   2.3193359e+01
   8.1333860e+06   2.1789551e+01
   8.1525730e+06   2.1728516e+01
   8.1725590e+06   2.2399902e+01
   8.2432500e+06   2.1667480e+01
   8.4406960e+06   2.2033691e+01
   8.5187540e+06   2.2521973e+01
   8.5212280e+06   2.3803711e+01
   8.5212460e+06   2.1484375e+01
   8.5764280e+06   2.9479980e+01
   8.6678200e+06   2.5939941e+01
   8.6992660e+06   2.2033691e+01
   8.7427480e+06   2.3864746e+01
   8.7428600e+06   2.3010254e+01
   8.8344820e+06   2.1728516e+01
   8.9532200e+06   2.2949219e+01
   9.0002220e+06   2.2949219e+01
   9.0860430e+06   2.3986816e+01
   9.1128180e+06   3.0395508e+01
   9.1191360e+06   2.1484375e+01
   9.1407560e+06   2.4047852e+01
   9.2379770e+06   2.1057129e+01
   9.2915670e+06   2.3315430e+01
   9.3069440e+06   2.1057129e+01
   9.3501320e+06   2.2094727e+01
   9.3506740e+06   2.1240234e+01
   9.3994950e+06   2.3498535e+01
   9.4332230e+06   2.1911621e+01
   9.4631010e+06   2.1911621e+01
   9.4900790e+06   2.3681641e+01
   9.5535110e+06   2.4414063e+01
   9.5536040e+06   2.1118164e+01
   9.5651150e+06   2.1362305e+01
   9.5710010e+06   2.1179199e+01
   9.5859390e+06   2.4047852e+01
   9.6013950e+06   2.4536133e+01
   9.6293200e+06   2.3132324e+01
   9.6640220e+06   2.2399902e+01
   9.6820410e+06   2.3193359e+01
   9.7008010e+06   2.4536133e+01
   9.7092280e+06   2.1545410e+01
   9.7316250e+06   2.3010254e+01
   9.7319070e+06   2.2827148e+01
   9.7747620e+06   2.2644043e+01
   9.8558750e+06   2.1362305e+01
   9.8616780e+06   2.1301270e+01
   9.9215280e+06   2.2338867e+01
   9.9413450e+06   2.1240234e+01
   9.9813270e+06   2.3071289e+01
   9.9932490e+06   2.2460938e+01
   1.0009440e+07   2.4597168e+01
   1.0029931e+07   2.3010254e+01
   1.0029977e+07   2.1118164e+01
   1.0030022e+07   2.3803711e+01
   1.0318082e+07   2.2521973e+01
   1.0433248e+07   2.1789551e+01
   1.0449037e+07   2.2583008e+01
   1.0511720e+07   2.1179199e+01
   1.0560324e+07   2.1057129e+01
   1.0560378e+07   2.6306152e+01
   1.0607370e+07   2.2583008e+01
   1.0607413e+07   2.1362305e+01
   1.0672360e+07   2.2216797e+01
   1.0724868e+07   2.1362305e+01
   1.0724912e+07   2.1179199e+01
   1.0948146e+07   2.1606445e+01
   1.1025814e+07   2.2949219e+01
   1.1130349e+07   2.3132324e+01
   1.1189392e+07   2.1423340e+01
   1.1237338e+07   2.2460938e+01
   1.1359390e+07   2.1118164e+01
   1.1412981e+07   2.3925781e+01
   1.1413138e+07   2.4169922e+01
   1.1635087e+07   2.3193359e+01
   1.1672271e+07   2.1423340e+01
   1.1678312e+07   2.2277832e+01
   1.1730294e+07   2.1179199e+01
   1.1736338e+07   2.1118164e+01
   1.1849792e+07   2.1911621e+01
   1.1864735e+07   2.1240234e+01
   1.1887762e+07   2.1606445e+01
   1.1902187e+07   2.2460938e+01
