   1.1999000e+07   0.0000000e+00
   6.6400000e+03   2.4230957e+01
   6.8257000e+04   2.2460938e+01
   1.5281700e+05   2.2460938e+01
   1.5295800e+05   2.5573730e+01
   1.5300200e+05   2.5451660e+01
   2.0333600e+05   2.1606445e+01
   3.6457600e+05   2.1789551e+01
   5.0402800e+05   2.2155762e+01
   5.0406500e+05   2.3620605e+01
   5.0408400e+05   2.2216797e+01
   5.0411900e+05   2.2888184e+01
   5.0416400e+05   2.3132324e+01
   5.3777400e+05   2.1179199e+01
   5.3787500e+05   2.3437500e+01
   6.8600700e+05   2.4963379e+01
   7.3566400e+05   2.1789551e+01
   7.8356000e+05   2.2644043e+01
   7.9755000e+05   2.4108887e+01
   8.1242900e+05   2.1911621e+01
   8.3414500e+05   2.4230957e+01
   8.3418400e+05   2.3132324e+01
   8.3419500e+05   3.1433105e+01
   8.3427200e+05   2.6367188e+01
   9.3759300e+05   2.2338867e+01
   9.4700400e+05   2.2521973e+01
   9.4703800e+05   2.1545410e+01
   9.4711600e+05   2.1789551e+01
   9.4724800e+05   2.1911621e+01
   9.8156000e+05   2.1484375e+01
   1.0049040e+06   2.1301270e+01
   1.0049250e+06   2.1423340e+01
   1.0279890e+06   2.1240234e+01
   1.0961610e+06   2.2399902e+01
   1.1708160e+06   2.4353027e+01
   1.1788520e+06   2.3986816e+01
   1.2895970e+06   2.1972656e+01
   1.3358350e+06   2.2827148e+01
   1.3358890e+06   2.4230957e+01
   1.3976130e+06   2.1179199e+01
   1.4153340e+06   2.1301270e+01
   1.4154660e+06   2.1301270e+01
   1.4732230e+06   2.2094727e+01
   1.4733760e+06   2.5512695e+01
   1.6076150e+06   2.1057129e+01
   1.6078300e+06   2.2277832e+01
   1.8936900e+06   2.3559570e+01
   1.8937310e+06   2.5573730e+01
   1.8937770e+06   2.1850586e+01
   1.8937880e+06   2.3254395e+01
   1.8938350e+06   2.3620605e+01
   1.8939040e+06   2.2216797e+01
   1.9963190e+06   2.2399902e+01
   2.0430170e+06   2.5024414e+01
   2.0431380e+06   2.6672363e+01
   2.0431660e+06   2.1423340e+01
   2.1100630e+06   2.3864746e+01
   2.1101000e+06   2.4475098e+01
   2.1603750e+06   2.2766113e+01
   2.1772370e+06   2.5390625e+01
   2.2510610e+06   2.1484375e+01
   2.2510860e+06   2.2644043e+01
   2.3743230e+06   2.2399902e+01
   2.3998400e+06   2.1545410e+01
   2.5308370e+06   2.3498535e+01
   2.5309920e+06   2.2888184e+01
   2.7818320e+06   2.9541016e+01
   2.7819170e+06   2.1362305e+01
   2.8571500e+06   2.1545410e+01
   2.9764420e+06   2.1057129e+01
   2.9765190e+06   2.6550293e+01
   2.9765760e+06   2.2949219e+01
   2.9766170e+06   2.3193359e+01
   3.0801190e+06   2.1179199e+01
   3.0803040e+06   2.2766113e+01
   3.2636740e+06   2.0935059e+01
   3.3355640e+06   2.2827148e+01
   3.3851760e+06   2.6184082e+01
   3.5202180e+06   2.1118164e+01
   3.6034600e+06   2.1850586e+01
   3.6035310e+06   2.2949219e+01
   3.7282650e+06   2.2644043e+01
   3.7616590e+06   2.1240234e+01
   3.8775780e+06   2.2094727e+01
   4.1012780e+06   2.3864746e+01
   4.1629970e+06   2.3986816e+01
   4.2251010e+06   2.0874023e+01
   4.2251420e+06   2.0874023e+01
   4.2624190e+06   2.0874023e+01
   4.3947990e+06   2.8503418e+01
   4.3950150e+06   2.1118164e+01
   4.5380750e+06   2.0874023e+01
   4.5704650e+06   2.1728516e+01
   4.6348950e+06   2.0874023e+01
   4.6765600e+06   2.6306152e+01
   4.8475830e+06   2.1179199e+01
   4.9904380e+06   2.4169922e+01
   5.0357080e+06   2.2033691e+01
   5.1496960e+06   2.1728516e+01
   5.4399560e+06   2.0874023e+01
   5.4400040e+06   2.1179199e+01
   5.5899050e+06   2.2216797e+01
   5.6572220e+06   2.6550293e+01
   5.7240570e+06   2.1057129e+01
   5.8411170e+06   2.3742676e+01
   5.8878910e+06   2.3010254e+01
   6.0165240e+06   2.2338867e+01
   6.1975340e+06   2.0629883e+01
   6.2566860e+06   2.2155762e+01
   6.2567140e+06   2.3193359e+01
   6.2568000e+06   2.2521973e+01
   6.3155710e+06   2.4658203e+01
   6.3155900e+06   2.1118164e+01
   6.3157050e+06   2.1972656e+01
   6.3368670e+06   2.0874023e+01
   6.3502660e+06   2.2827148e+01
   6.3693200e+06   2.1484375e+01
   6.3694770e+06   2.0629883e+01
   6.3695530e+06   2.2827148e+01
   6.3695720e+06   2.7954102e+01
   6.3696090e+06   2.1545410e+01
   6.3696410e+06   2.0690918e+01
   6.4255680e+06   2.0812988e+01
   6.4256670e+06   2.5207520e+01
   6.4658550e+06   2.3986816e+01
   6.4660640e+06   2.4414063e+01
   6.4663480e+06   2.0996094e+01
   6.5002050e+06   2.4597168e+01
   6.5284050e+06   2.1301270e+01
   6.5284460e+06   2.1789551e+01
   6.5622850e+06   2.0874023e+01
   6.5623050e+06   2.3315430e+01
   6.5808050e+06   2.1240234e+01
   6.5808410e+06   2.2216797e+01
   6.5809130e+06   2.1911621e+01
   6.5950550e+06   2.1667480e+01
   6.6734830e+06   2.1057129e+01
   6.6735470e+06   2.0996094e+01
   6.6929130e+06   2.0874023e+01
   6.6930990e+06   2.1179199e+01
   6.7163470e+06   2.1057129e+01
   6.8237720e+06   2.4108887e+01
   6.8509880e+06   2.1057129e+01
   6.9084610e+06   2.1362305e+01
   6.9423300e+06   2.1179199e+01
   6.9834070e+06   2.1118164e+01
   7.0088450e+06   2.1545410e+01
   7.0716210e+06   2.0812988e+01
   7.1309750e+06   2.3315430e+01
   7.1740390e+06   2.3498535e+01
   7.1965170e+06   2.5756836e+01
   7.1966560e+06   2.4719238e+01
   7.2821160e+06   2.1179199e+01
   7.4771580e+06   2.0874023e+01
   7.5198890e+06   2.0996094e+01
   7.7025670e+06   2.6306152e+01
   7.8161190e+06   2.1911621e+01
   7.8288160e+06   2.3254395e+01
   7.8594610e+06   2.0996094e+01
   7.9668240e+06   2.1301270e+01
   8.1334500e+06   2.1606445e+01
   8.1524700e+06   2.2949219e+01
   8.1525810e+06   2.4414063e+01
   8.1526540e+06   2.0935059e+01
   8.2887480e+06   2.0996094e+01
   8.3208410e+06   2.0935059e+01
   8.4356010e+06   2.4475098e+01
   8.5532680e+06   2.2399902e+01
   8.5584460e+06   2.0996094e+01
   8.5762900e+06   2.0874023e+01
   8.5763730e+06   2.1667480e+01
   8.6678090e+06   2.4169922e+01
   8.6678850e+06   2.4230957e+01
   8.6679570e+06   2.2888184e+01
   8.7429650e+06   2.0751953e+01
   9.0686730e+06   2.3193359e+01
   9.2915460e+06   2.3254395e+01
   9.2916900e+06   2.0935059e+01
   9.3505450e+06   2.1911621e+01
   9.3506330e+06   2.1911621e+01
   9.3507340e+06   2.9602051e+01
   9.3997110e+06   2.2460938e+01
   9.3998480e+06   2.1362305e+01
   9.5225410e+06   2.2277832e+01
   9.5536070e+06   2.0935059e+01
   9.5858840e+06   2.2705078e+01
   9.5860130e+06   2.1606445e+01
   9.6014460e+06   2.3498535e+01
   9.6017190e+06   2.1423340e+01
   9.6299890e+06   2.3437500e+01
   9.6639820e+06   2.1606445e+01
   9.7003350e+06   2.1972656e+01
   9.7092770e+06   2.3742676e+01
   9.7318180e+06   2.5512695e+01
   9.7749470e+06   2.3559570e+01
   9.8615240e+06   2.1911621e+01
   9.8780100e+06   2.2949219e+01
   9.9082090e+06   2.1057129e+01
   1.0238823e+07   2.1911621e+01
   1.0407869e+07   2.1362305e+01
   1.0407960e+07   2.3376465e+01
   1.0408034e+07   2.4963379e+01
   1.0408206e+07   2.2277832e+01
   1.0449147e+07   2.0935059e+01
   1.0607354e+07   2.6733398e+01
   1.0672258e+07   2.1606445e+01
   1.0672377e+07   2.5756836e+01
