   1.1999000e+07   0.0000000e+00
   3.2550000e+03   2.7343750e+01
   3.4670000e+03   2.0812988e+01
   1.4769000e+04   2.0507813e+01
   1.4830000e+04   2.2460938e+01
   1.5113000e+04   2.1423340e+01
   3.2536000e+04   2.2033691e+01
   4.7945000e+04   2.1179199e+01
   4.8266000e+04   2.2338867e+01
   4.8966000e+04   2.2216797e+01
   5.8920000e+04   2.0751953e+01
   6.9864000e+04   2.0446777e+01
   8.0611000e+04   2.0996094e+01
   8.1120000e+04   2.2766113e+01
   1.3892900e+05   2.0996094e+01
   1.4946200e+05   2.1179199e+01
   1.5152900e+05   2.4291992e+01
   1.8103100e+05   2.0629883e+01
   1.9308000e+05   2.0996094e+01
   1.9431800e+05   2.4841309e+01
   1.9437900e+05   2.0935059e+01
   1.9466400e+05   2.4353027e+01
   2.2428100e+05   2.2644043e+01
   2.3185400e+05   2.6062012e+01
   2.5592700e+05   2.2644043e+01
   2.5741800e+05   2.1179199e+01
   2.5754100e+05   2.0812988e+01
   2.5761700e+05   2.1850586e+01
   2.8624400e+05   2.2155762e+01
   2.8659800e+05   2.0507813e+01
   3.0850000e+05   2.1484375e+01
   3.1050300e+05   2.3071289e+01
   3.1067100e+05   2.4597168e+01
   3.1084500e+05   2.1423340e+01
   3.2598400e+05   2.0568848e+01
   3.3566300e+05   2.6123047e+01
   3.3571300e+05   2.8625488e+01
   3.3583600e+05   2.0874023e+01
   3.5328500e+05   2.3071289e+01
   3.5332400e+05   3.5888672e+01
   3.7603100e+05   2.3437500e+01
   4.1387200e+05   2.0996094e+01
   4.1701300e+05   2.0446777e+01
   4.2224900e+05   2.3071289e+01
   4.2730100e+05   2.0690918e+01
   4.3489200e+05   2.2521973e+01
   4.3495600e+05   2.3315430e+01
   4.3504800e+05   2.1545410e+01
   4.3509000e+05   2.1545410e+01
   4.5176800e+05   2.0996094e+01
   4.5486600e+05   2.1179199e+01
   4.5727400e+05   2.0385742e+01
   4.5746600e+05   2.1972656e+01
   4.8649500e+05   2.1240234e+01
   4.8757800e+05   2.2460938e+01
   4.8820800e+05   2.1850586e+01
   5.0709900e+05   2.0446777e+01
   5.1128000e+05   2.2338867e+01
   5.1144200e+05   2.2094727e+01
   5.1147800e+05   2.0446777e+01
   5.1154800e+05   2.0751953e+01
   5.1981000e+05   2.3376465e+01
   5.2422400e+05   2.0446777e+01
   5.2598100e+05   2.0568848e+01
   5.2897800e+05   2.2216797e+01
   5.3640000e+05   2.6306152e+01
   5.5733200e+05   2.2277832e+01
   5.5839400e+05   2.1850586e+01
   5.6265400e+05   2.2155762e+01
   5.6273100e+05   2.1972656e+01
   5.6976100e+05   2.3864746e+01
   5.8160700e+05   2.0385742e+01
   5.9019900e+05   2.0568848e+01
   5.9196700e+05   2.1423340e+01
   5.9552900e+05   2.1972656e+01
   5.9670200e+05   2.2644043e+01
   5.9785800e+05   2.0568848e+01
   5.9996000e+05   2.0629883e+01
   6.0431500e+05   2.2216797e+01
   6.1711900e+05   2.0874023e+01
   6.1761900e+05   2.0935059e+01
   6.1764600e+05   2.0446777e+01
   6.1771100e+05   2.2888184e+01
   6.2725900e+05   2.2338867e+01
   6.3380100e+05   2.3071289e+01
   6.3400100e+05   2.0568848e+01
   6.3422900e+05   2.4414063e+01
   6.4705800e+05   2.0751953e+01
   6.5358700e+05   2.0874023e+01
   6.6733300e+05   2.2827148e+01
   6.7105700e+05   2.5512695e+01
   6.7109900e+05   2.2277832e+01
   6.7113300e+05   2.6916504e+01
   6.7130700e+05   2.4719238e+01
   6.8426500e+05   2.1911621e+01
   6.8465500e+05   2.3864746e+01
   6.8468300e+05   2.0629883e+01
   6.9076900e+05   2.0751953e+01
   6.9279000e+05   2.0996094e+01
   6.9577100e+05   2.1911621e+01
   6.9591100e+05   2.1057129e+01
   7.0225100e+05   2.1545410e+01
   7.0241300e+05   2.0446777e+01
   7.0283300e+05   2.1057129e+01
   7.0289700e+05   2.1301270e+01
   7.0294800e+05   2.1240234e+01
   7.0316500e+05   2.0629883e+01
   7.0326300e+05   2.2460938e+01
   7.0352400e+05   2.1484375e+01
   7.0383400e+05   2.1972656e+01
   7.0391700e+05   2.1789551e+01
   7.1978000e+05   2.3681641e+01
   7.1987700e+05   3.2287598e+01
   7.2008100e+05   2.1057129e+01
   7.2033600e+05   2.0507813e+01
   7.2046200e+05   2.2644043e+01
   7.2064700e+05   2.1301270e+01
   7.3156200e+05   2.0568848e+01
   7.3183100e+05   2.2399902e+01
   7.3192100e+05   2.0812988e+01
   7.3196700e+05   2.2521973e+01
   7.3229200e+05   2.3132324e+01
   7.3236700e+05   2.2094727e+01
   7.3246500e+05   2.2277832e+01
   7.3258100e+05   2.0874023e+01
   7.4140600e+05   2.2155762e+01
   7.5501500e+05   2.1972656e+01
   7.5743800e+05   2.1911621e+01
   7.5748400e+05   2.1301270e+01
   7.5751100e+05   2.2277832e+01
   7.5755100e+05   2.3437500e+01
   7.5770400e+05   2.1362305e+01
   7.5798900e+05   2.3376465e+01
   7.5812000e+05   2.1362305e+01
   7.5834900e+05   2.1118164e+01
   7.5914100e+05   2.0629883e+01
   7.5959200e+05   2.2705078e+01
   7.6183500e+05   2.1911621e+01
   7.6187800e+05   2.1423340e+01
   7.6188800e+05   2.3132324e+01
   7.6207000e+05   2.3498535e+01
   7.6260200e+05   2.0507813e+01
   7.6311200e+05   2.1240234e+01
   7.6359700e+05   2.0507813e+01
   7.6398800e+05   2.1301270e+01
   7.6533500e+05   2.0874023e+01
   7.6584700e+05   2.5146484e+01
   7.8514200e+05   2.1423340e+01
   7.8554300e+05   2.5817871e+01
   7.8564200e+05   2.3864746e+01
   7.8591700e+05   2.0507813e+01
   7.8607000e+05   2.5024414e+01
   7.8617300e+05   2.1484375e+01
   7.8652700e+05   2.1118164e+01
   7.8820300e+05   2.4230957e+01
   7.8823300e+05   2.7709961e+01
   7.8832200e+05   2.9724121e+01
   7.8873500e+05   2.0690918e+01
   7.8897900e+05   2.1545410e+01
   7.8974600e+05   2.2033691e+01
   7.9101300e+05   2.0812988e+01
   7.9116300e+05   2.3315430e+01
   7.9123100e+05   2.8015137e+01
   8.2391100e+05   2.0751953e+01
   8.3566500e+05   2.1850586e+01
   8.3609000e+05   2.1179199e+01
   8.3637000e+05   2.1118164e+01
   8.3674900e+05   2.0812988e+01
   8.3690000e+05   2.4230957e+01
   8.3696200e+05   2.0568848e+01
   8.3698100e+05   2.1850586e+01
   8.5046200e+05   2.1728516e+01
   8.5205700e+05   2.1362305e+01
   8.5223800e+05   2.2094727e+01
   8.5227000e+05   2.7954102e+01
   8.5233200e+05   2.1911621e+01
   8.5236600e+05   2.1728516e+01
   8.5254300e+05   2.0751953e+01
   8.5274900e+05   2.3010254e+01
   8.5290300e+05   2.1606445e+01
   8.5379200e+05   2.1362305e+01
   8.5381800e+05   2.2094727e+01
   8.5403100e+05   2.2460938e+01
   8.5538700e+05   2.1850586e+01
   8.5623300e+05   2.1728516e+01
   8.5767800e+05   2.2949219e+01
   8.5839100e+05   2.2033691e+01
   8.5904900e+05   2.1606445e+01
   8.7630500e+05   2.2033691e+01
   8.7646400e+05   2.2033691e+01
   8.7648600e+05   2.1362305e+01
   8.7762500e+05   2.0874023e+01
   9.0357000e+05   2.1362305e+01
   9.0543100e+05   2.3925781e+01
   9.1911600e+05   2.0874023e+01
   9.1920500e+05   2.3986816e+01
   9.1929900e+05   2.0690918e+01
   9.1963000e+05   2.0690918e+01
   9.1972700e+05   2.0996094e+01
   9.2017500e+05   2.2949219e+01
   9.2083600e+05   2.0385742e+01
   9.2158800e+05   2.5512695e+01
   9.2200800e+05   2.1057129e+01
   9.2258700e+05   2.1362305e+01
   9.2346800e+05   2.0385742e+01
   9.3426100e+05   2.0996094e+01
   9.4866500e+05   2.1179199e+01
   9.4889100e+05   2.0629883e+01
   9.4898000e+05   2.2033691e+01
   9.4913900e+05   2.2521973e+01
   9.4978500e+05   2.1362305e+01
   9.5152600e+05   2.0996094e+01
   9.5164000e+05   2.1057129e+01
   9.5278000e+05   2.3498535e+01
   9.5323400e+05   2.2033691e+01
   9.5381800e+05   2.1301270e+01
   9.5468500e+05   2.6306152e+01
   9.5545100e+05   2.0935059e+01
   9.6806000e+05   2.3193359e+01
   9.7609700e+05   2.1545410e+01
   9.7611700e+05   2.2705078e+01
   9.7618300e+05   2.2155762e+01
   9.7625500e+05   2.1179199e+01
   9.7642900e+05   2.5512695e+01
   9.7664600e+05   2.0629883e+01
   9.7674300e+05   2.2644043e+01
   9.7734500e+05   2.0568848e+01
   9.7795100e+05   2.1972656e+01
   9.7890500e+05   2.0507813e+01
   1.0029470e+06   2.1240234e+01
   1.0030650e+06   2.3620605e+01
   1.0031520e+06   2.1545410e+01
   1.0033230e+06   2.3559570e+01
   1.0035600e+06   2.2766113e+01
   1.0040480e+06   2.3254395e+01
   1.0049330e+06   2.2155762e+01
   1.0051650e+06   2.2155762e+01
   1.0052450e+06   2.0996094e+01
   1.0066400e+06   2.9479980e+01
   1.0086610e+06   2.1911621e+01
   1.0092550e+06   2.1972656e+01
   1.0093610e+06   2.8930664e+01
   1.0103830e+06   2.1972656e+01
   1.0187890e+06   2.1423340e+01
   1.0188480e+06   2.1789551e+01
   1.0190110e+06   2.1911621e+01
   1.0191190e+06   2.0935059e+01
   1.0194010e+06   2.2094727e+01
   1.0194970e+06   2.0385742e+01
   1.0199660e+06   2.3376465e+01
   1.0210750e+06   2.3925781e+01
   1.0451900e+06   2.0385742e+01
   1.0499940e+06   2.4169922e+01
   1.0501010e+06   2.4230957e+01
   1.0501290e+06   2.4658203e+01
   1.0501800e+06   2.1667480e+01
   1.0502520e+06   2.5878906e+01
   1.0503190e+06   2.1911621e+01
   1.0504740e+06   2.3071289e+01
   1.0505120e+06   2.0996094e+01
   1.0510550e+06   2.4108887e+01
   1.0510760e+06   2.1423340e+01
   1.0511870e+06   2.1118164e+01
   1.0512070e+06   2.0751953e+01
   1.0516690e+06   2.0446777e+01
   1.0517070e+06   2.0629883e+01
   1.0544330e+06   2.0446777e+01
   1.0545860e+06   2.5512695e+01
   1.0548170e+06   2.1057129e+01
   1.0554050e+06   2.2705078e+01
   1.0554420e+06   2.1240234e+01
   1.0555850e+06   2.3620605e+01
   1.0562070e+06   2.1118164e+01
   1.0567900e+06   2.2644043e+01
   1.0867200e+06   2.0629883e+01
   1.0906390e+06   2.1667480e+01
   1.0949700e+06   2.0874023e+01
   1.1082000e+06   2.1911621e+01
   1.1108310e+06   2.1118164e+01
   1.1115810e+06   2.2583008e+01
   1.1119570e+06   2.4658203e+01
   1.1120350e+06   2.4841309e+01
   1.1121570e+06   2.0446777e+01
   1.1123930e+06   2.0874023e+01
   1.1125380e+06   2.0812988e+01
   1.1129550e+06   2.0751953e+01
   1.1130820e+06   2.0385742e+01
   1.1137070e+06   2.1240234e+01
   1.1149630e+06   2.2766113e+01
   1.1157400e+06   2.0385742e+01
   1.1161270e+06   2.1606445e+01
   1.1169200e+06   2.2094727e+01
   1.1176850e+06   2.1606445e+01
   1.1186030e+06   2.3437500e+01
   1.1186700e+06   2.0385742e+01
   1.1190960e+06   2.1301270e+01
   1.1193570e+06   2.1118164e+01
   1.1196550e+06   2.1423340e+01
   1.1210450e+06   2.4169922e+01
   1.1388280e+06   2.0751953e+01
   1.1413890e+06   2.1240234e+01
   1.1459470e+06   2.1911621e+01
   1.1625350e+06   2.3681641e+01
   1.1689040e+06   2.1911621e+01
   1.1731300e+06   2.5146484e+01
   1.1750630e+06   2.3864746e+01
   1.1772240e+06   2.1301270e+01
   1.1857120e+06   2.1484375e+01
   1.1858750e+06   2.3498535e+01
   1.1876740e+06   2.3376465e+01
   1.1878810e+06   2.2521973e+01
   1.1879430e+06   2.1484375e+01
   1.1884900e+06   2.0812988e+01
   1.1887960e+06   2.1362305e+01
   1.1892850e+06   2.0996094e+01
   1.1895540e+06   2.3437500e+01
   1.1899800e+06   2.1606445e+01
   1.1909410e+06   2.2033691e+01
   1.1917140e+06   2.1362305e+01
   1.1922950e+06   2.0568848e+01
   1.2209330e+06   2.0874023e+01
   1.2268090e+06   2.1362305e+01
   1.2352320e+06   2.1789551e+01
   1.2469680e+06   2.0446777e+01
   1.2540500e+06   3.6682129e+01
   1.2541120e+06   2.5085449e+01
   1.2543800e+06   2.2033691e+01
   1.2544220e+06   2.3925781e+01
   1.2545950e+06   2.2521973e+01
   1.2546810e+06   2.4597168e+01
   1.2556650e+06   2.5817871e+01
   1.2559340e+06   2.3559570e+01
   1.2563450e+06   2.4780273e+01
   1.2565860e+06   2.0568848e+01
   1.2571810e+06   2.4108887e+01
   1.2580360e+06   2.0935059e+01
   1.2581840e+06   2.4475098e+01
   1.2588010e+06   2.2521973e+01
   1.2592530e+06   2.2888184e+01
   1.2594520e+06   2.1057129e+01
   1.2599370e+06   2.0812988e+01
   1.2611200e+06   2.1362305e+01
   1.2857910e+06   2.2705078e+01
   1.2958630e+06   2.0874023e+01
   1.2969680e+06   2.0812988e+01
   1.3122330e+06   2.1667480e+01
   1.3208320e+06   2.0751953e+01
   1.3215490e+06   2.2155762e+01
   1.3418360e+06   2.1545410e+01
   1.3510370e+06   2.1728516e+01
   1.3522100e+06   2.2888184e+01
   1.3674460e+06   2.5695801e+01
   1.3937050e+06   2.0812988e+01
   1.4069080e+06   2.0385742e+01
   1.4082610e+06   2.1240234e+01
   1.4095420e+06   2.0690918e+01
   1.4241760e+06   2.1545410e+01
   1.4253910e+06   2.0690918e+01
   1.4273620e+06   2.2094727e+01
   1.4284670e+06   2.1484375e+01
   1.4382880e+06   2.0751953e+01
   1.4383830e+06   2.8991699e+01
   1.4738120e+06   2.6428223e+01
   1.4835420e+06   2.1118164e+01
   1.4839020e+06   2.3681641e+01
   1.5030030e+06   2.2094727e+01
   1.5169220e+06   2.4169922e+01
   1.5528860e+06   2.0385742e+01
   1.5617150e+06   2.4536133e+01
   1.5683010e+06   2.1484375e+01
   1.5720610e+06   2.0568848e+01
   1.5734630e+06   2.0874023e+01
   1.5780250e+06   2.3010254e+01
   1.5871830e+06   2.1423340e+01
   1.5879750e+06   2.0996094e+01
   1.5970940e+06   2.1972656e+01
   1.6030830e+06   2.2216797e+01
   1.6031110e+06   2.0751953e+01
   1.6033950e+06   2.3681641e+01
   1.6035780e+06   2.1057129e+01
   1.6042710e+06   2.2460938e+01
   1.6172000e+06   2.2094727e+01
   1.6224870e+06   2.0874023e+01
   1.6231520e+06   2.1240234e+01
   1.6296370e+06   2.1667480e+01
   1.6329340e+06   2.0690918e+01
   1.6357770e+06   2.0507813e+01
   1.6378820e+06   2.6123047e+01
   1.6407610e+06   2.0935059e+01
   1.6413870e+06   2.1179199e+01
   1.6527960e+06   2.2033691e+01
   1.6585160e+06   2.1301270e+01
   1.6603500e+06   2.0812988e+01
   1.6638380e+06   2.0996094e+01
   1.6664210e+06   2.0446777e+01
   1.6666120e+06   2.3071289e+01
   1.6787780e+06   2.2338867e+01
   1.6797090e+06   2.2094727e+01
   1.6876460e+06   2.0996094e+01
   1.7048530e+06   2.1606445e+01
   1.7050080e+06   2.3376465e+01
   1.7112160e+06   2.1118164e+01
   1.7156160e+06   2.1789551e+01
   1.7197170e+06   2.0568848e+01
   1.7207550e+06   2.0996094e+01
   1.7221110e+06   2.3742676e+01
   1.7221400e+06   2.0690918e+01
   1.7222060e+06   3.8940430e+01
   1.7288460e+06   2.1972656e+01
   1.7334280e+06   2.4108887e+01
   1.7405210e+06   2.0812988e+01
   1.7425450e+06   2.0996094e+01
   1.7557670e+06   2.1118164e+01
   1.7585970e+06   2.2888184e+01
   1.7590960e+06   2.2827148e+01
   1.7591210e+06   2.2338867e+01
   1.7593080e+06   2.0935059e+01
   1.7656740e+06   2.1179199e+01
   1.7772080e+06   2.1789551e+01
   1.7772560e+06   2.4902344e+01
   1.7773840e+06   2.2827148e+01
   1.7774250e+06   3.0761719e+01
   1.7776390e+06   2.0874023e+01
   1.7924320e+06   2.2827148e+01
   1.7944220e+06   2.1545410e+01
   1.7970880e+06   2.0812988e+01
   1.7972220e+06   2.0629883e+01
   1.8097570e+06   2.3925781e+01
   1.8098480e+06   2.2277832e+01
   1.8098850e+06   2.0507813e+01
   1.8100470e+06   2.2827148e+01
   1.8102310e+06   2.4047852e+01
   1.8105420e+06   2.1789551e+01
   1.8230290e+06   2.0690918e+01
   1.8289480e+06   2.0507813e+01
   1.8363840e+06   2.2460938e+01
   1.8364850e+06   2.0935059e+01
   1.8365160e+06   2.0690918e+01
   1.8365530e+06   2.0751953e+01
   1.8367020e+06   2.0568848e+01
   1.8367880e+06   2.0446777e+01
   1.8368390e+06   2.3437500e+01
   1.8369000e+06   2.5634766e+01
   1.8372350e+06   2.0385742e+01
   1.8373790e+06   2.2216797e+01
   1.8540880e+06   2.1484375e+01
   1.8541840e+06   2.1789551e+01
   1.8542310e+06   2.0935059e+01
   1.8840040e+06   2.2277832e+01
   1.8875490e+06   2.0507813e+01
   1.9000230e+06   2.4902344e+01
   1.9106030e+06   2.2949219e+01
   1.9140190e+06   2.1667480e+01
   1.9165040e+06   2.0568848e+01
   1.9180200e+06   2.2277832e+01
   1.9234250e+06   2.3681641e+01
   1.9313790e+06   2.2399902e+01
   1.9334960e+06   2.0935059e+01
   1.9343880e+06   2.0629883e+01
   1.9372930e+06   2.1850586e+01
   1.9436180e+06   2.2399902e+01
   1.9548330e+06   2.4047852e+01
   1.9582640e+06   2.1362305e+01
   1.9626580e+06   2.0935059e+01
   1.9690720e+06   2.1240234e+01
   2.0019040e+06   2.3315430e+01
   2.0029050e+06   2.0690918e+01
   2.0066670e+06   2.2827148e+01
   2.0093550e+06   2.0935059e+01
   2.0128730e+06   2.0446777e+01
   2.0309330e+06   2.0935059e+01
   2.0337220e+06   2.2155762e+01
   2.0349810e+06   2.1240234e+01
   2.0366250e+06   2.7648926e+01
   2.0376810e+06   2.3071289e+01
   2.0463140e+06   2.2399902e+01
   2.0483870e+06   2.2155762e+01
   2.0558560e+06   2.2888184e+01
   2.0567390e+06   2.0874023e+01
   2.0576690e+06   2.0690918e+01
   2.0612540e+06   2.0690918e+01
   2.0631830e+06   2.1057129e+01
   2.0678640e+06   2.5207520e+01
   2.0838060e+06   2.2338867e+01
   2.0870480e+06   2.2033691e+01
   2.0872810e+06   2.8808594e+01
   2.0873090e+06   2.3193359e+01
   2.0873810e+06   2.1484375e+01
   2.0951430e+06   2.6855469e+01
   2.1020690e+06   2.1362305e+01
   2.1038490e+06   2.1667480e+01
   2.1084030e+06   2.1850586e+01
   2.1084540e+06   2.0385742e+01
   2.1085890e+06   2.1850586e+01
   2.1161840e+06   2.4047852e+01
   2.1164340e+06   2.0568848e+01
   2.1271830e+06   2.1057129e+01
   2.1272130e+06   2.2827148e+01
   2.1273260e+06   2.2399902e+01
   2.1279420e+06   2.3254395e+01
   2.1538780e+06   2.0446777e+01
   2.1766770e+06   2.1789551e+01
   2.1779230e+06   2.1301270e+01
   2.1868380e+06   2.2216797e+01
   2.1869340e+06   2.2216797e+01
   2.1927930e+06   2.4536133e+01
   2.1940860e+06   2.3864746e+01
   2.2019130e+06   2.2155762e+01
   2.2038580e+06   2.4963379e+01
   2.2287230e+06   2.0507813e+01
   2.2338690e+06   2.0996094e+01
   2.2387230e+06   2.0446777e+01
   2.2395560e+06   2.5146484e+01
   2.2461340e+06   2.3376465e+01
   2.2500450e+06   2.0935059e+01
   2.2522100e+06   2.1667480e+01
   2.2522650e+06   2.4230957e+01
   2.2524020e+06   2.0507813e+01
   2.2595470e+06   2.1301270e+01
   2.2597770e+06   2.2094727e+01
   2.2600570e+06   2.0690918e+01
   2.2603020e+06   2.2033691e+01
   2.2605010e+06   2.3010254e+01
   2.2605840e+06   2.2521973e+01
   2.2606590e+06   2.2033691e+01
   2.2609000e+06   2.0568848e+01
   2.2747560e+06   2.2888184e+01
   2.2772010e+06   2.1789551e+01
   2.2772470e+06   2.2705078e+01
   2.2774180e+06   2.1118164e+01
   2.2787470e+06   2.0812988e+01
   2.2787730e+06   2.7648926e+01
   2.2913480e+06   2.1301270e+01
   2.2939020e+06   2.0996094e+01
   2.3000160e+06   2.2766113e+01
   2.3146030e+06   2.2155762e+01
   2.3174230e+06   2.2155762e+01
   2.3199270e+06   2.1301270e+01
   2.3200070e+06   2.3193359e+01
   2.3201280e+06   2.7526855e+01
   2.3201800e+06   2.2338867e+01
   2.3202280e+06   2.0507813e+01
   2.3276470e+06   2.2827148e+01
   2.3428180e+06   2.2705078e+01
   2.3429030e+06   2.5146484e+01
   2.3429330e+06   2.3010254e+01
   2.3580750e+06   2.3742676e+01
   2.3711790e+06   2.0751953e+01
   2.3723630e+06   2.0874023e+01
   2.3755070e+06   2.4658203e+01
   2.3756680e+06   2.2033691e+01
   2.3892950e+06   2.1057129e+01
   2.3893180e+06   2.3498535e+01
   2.3893710e+06   2.1179199e+01
   2.3895160e+06   2.1667480e+01
   2.3900270e+06   2.0935059e+01
   2.4061080e+06   2.0629883e+01
   2.4061660e+06   2.2277832e+01
   2.4062460e+06   2.3559570e+01
   2.4062800e+06   2.3559570e+01
   2.4063730e+06   2.2277832e+01
   2.4065370e+06   2.0568848e+01
   2.4066600e+06   2.0996094e+01
   2.4175210e+06   2.0385742e+01
   2.4186710e+06   2.3437500e+01
   2.4188650e+06   2.0874023e+01
   2.4190140e+06   2.0629883e+01
   2.4191530e+06   2.0507813e+01
   2.4191890e+06   2.1301270e+01
   2.4194090e+06   2.0629883e+01
   2.4269420e+06   2.2399902e+01
   2.4289280e+06   2.1423340e+01
   2.4302440e+06   2.0935059e+01
   2.4354330e+06   2.3437500e+01
   2.4366120e+06   2.0446777e+01
   2.4394980e+06   2.2094727e+01
   2.4433490e+06   2.1118164e+01
   2.4433740e+06   2.1728516e+01
   2.4436450e+06   2.0996094e+01
   2.4437440e+06   2.1789551e+01
   2.4581580e+06   2.2216797e+01
   2.4700610e+06   2.4475098e+01
   2.4702490e+06   2.6428223e+01
   2.4703670e+06   2.5451660e+01
   2.4704950e+06   2.8198242e+01
   2.4705650e+06   3.0822754e+01
   2.4970600e+06   2.0996094e+01
   2.4995340e+06   2.0812988e+01
   2.4997000e+06   2.1240234e+01
   2.5093440e+06   2.0812988e+01
   2.5107340e+06   2.1423340e+01
   2.5127610e+06   2.1423340e+01
   2.5156730e+06   2.4169922e+01
   2.5157640e+06   2.3071289e+01
   2.5303200e+06   2.4841309e+01
   2.5326040e+06   2.1972656e+01
   2.5326650e+06   2.0874023e+01
   2.5328170e+06   2.0446777e+01
   2.5334450e+06   2.5756836e+01
   2.5335200e+06   2.1057129e+01
   2.5335780e+06   2.0568848e+01
   2.5337130e+06   2.2399902e+01
   2.5339430e+06   2.1728516e+01
   2.5353420e+06   2.0385742e+01
   2.5353690e+06   2.0568848e+01
   2.5354090e+06   2.3498535e+01
   2.5459430e+06   2.2033691e+01
   2.5553010e+06   2.0568848e+01
   2.5553170e+06   2.2827148e+01
   2.5554390e+06   2.1911621e+01
   2.5555710e+06   2.1179199e+01
   2.5558210e+06   2.0935059e+01
   2.5560130e+06   2.0629883e+01
   2.5758950e+06   2.2949219e+01
   2.5809470e+06   2.1301270e+01
   2.5810270e+06   2.3803711e+01
   2.5811460e+06   2.2521973e+01
   2.5812800e+06   2.3010254e+01
   2.5816620e+06   2.0996094e+01
   2.5817420e+06   2.3193359e+01
   2.5818700e+06   2.5634766e+01
   2.5819110e+06   2.0935059e+01
   2.5824150e+06   2.1484375e+01
   2.5830920e+06   2.4658203e+01
   2.5831250e+06   2.0812988e+01
   2.5856970e+06   2.4963379e+01
   2.5857670e+06   2.2949219e+01
   2.5858530e+06   2.0385742e+01
   2.5864020e+06   2.2766113e+01
   2.5872790e+06   2.0935059e+01
   2.5873210e+06   2.0385742e+01
   2.5894630e+06   2.4841309e+01
   2.5895140e+06   2.2460938e+01
   2.5898150e+06   2.2644043e+01
   2.5905830e+06   2.0996094e+01
   2.5913860e+06   2.0690918e+01
   2.5933820e+06   2.4353027e+01
   2.5963220e+06   2.0812988e+01
   2.6173780e+06   2.4047852e+01
   2.6174450e+06   2.0568848e+01
   2.6174800e+06   2.1667480e+01
   2.6175200e+06   2.0568848e+01
   2.6176280e+06   2.0935059e+01
   2.6179210e+06   2.0874023e+01
   2.6180130e+06   2.1362305e+01
   2.6180880e+06   2.0751953e+01
   2.6182160e+06   2.2827148e+01
   2.6189930e+06   2.2033691e+01
   2.6194360e+06   2.0935059e+01
   2.6244450e+06   2.4475098e+01
   2.6244650e+06   2.2460938e+01
   2.6245430e+06   2.4353027e+01
   2.6246920e+06   2.0568848e+01
   2.6249670e+06   2.2033691e+01
   2.6250930e+06   2.1301270e+01
   2.6256650e+06   2.1362305e+01
   2.6261550e+06   2.3010254e+01
   2.6262480e+06   2.2399902e+01
   2.6263080e+06   2.3254395e+01
   2.6414770e+06   2.0385742e+01
   2.6688690e+06   2.0507813e+01
   2.6689650e+06   2.1667480e+01
   2.6693270e+06   2.0690918e+01
   2.6695020e+06   2.0446777e+01
   2.6695310e+06   2.2888184e+01
   2.6880490e+06   2.2399902e+01
   2.6895750e+06   2.1423340e+01
   2.6907040e+06   2.1972656e+01
   2.6921360e+06   2.1179199e+01
   2.6986530e+06   2.3010254e+01
   2.6987020e+06   2.4353027e+01
   2.6987460e+06   2.5817871e+01
   2.6988620e+06   2.0996094e+01
   2.6991100e+06   2.8625488e+01
   2.7000740e+06   2.2766113e+01
   2.7002110e+06   2.3010254e+01
   2.7004650e+06   2.2766113e+01
   2.7208850e+06   2.0507813e+01
   2.7308120e+06   2.3864746e+01
   2.7308780e+06   2.0629883e+01
   2.7310280e+06   2.1423340e+01
   2.7310510e+06   2.1057129e+01
   2.7311770e+06   2.0446777e+01
   2.7314750e+06   2.3193359e+01
   2.7316170e+06   2.1484375e+01
   2.7319220e+06   2.4902344e+01
   2.7331900e+06   2.2216797e+01
   2.7333370e+06   2.1179199e+01
   2.7350760e+06   2.0568848e+01
   2.7585390e+06   2.0812988e+01
   2.7586130e+06   2.0385742e+01
   2.7603560e+06   2.1423340e+01
   2.7707830e+06   2.1972656e+01
   2.7708550e+06   2.2827148e+01
   2.7709310e+06   2.2949219e+01
   2.7710950e+06   2.2460938e+01
   2.7713730e+06   2.1911621e+01
   2.7714350e+06   2.1240234e+01
   2.7714900e+06   3.3508301e+01
   2.7716110e+06   2.1240234e+01
   2.7720580e+06   2.0385742e+01
   2.7726920e+06   2.1057129e+01
   2.7729820e+06   2.1484375e+01
   2.7733260e+06   2.2705078e+01
   2.7734870e+06   2.1057129e+01
   2.7736410e+06   2.4780273e+01
   2.8024240e+06   2.0507813e+01
   2.8045860e+06   2.2155762e+01
   2.8092640e+06   2.1179199e+01
   2.8093020e+06   2.3620605e+01
   2.8093180e+06   2.2827148e+01
   2.8099040e+06   2.0812988e+01
   2.8107280e+06   2.1301270e+01
   2.8107850e+06   2.0385742e+01
   2.8136590e+06   2.1667480e+01
   2.8150610e+06   2.0751953e+01
   2.8172880e+06   2.1789551e+01
   2.8174320e+06   2.3620605e+01
   2.8287140e+06   2.3132324e+01
   2.8380110e+06   2.0446777e+01
   2.8471490e+06   2.4291992e+01
   2.8487350e+06   2.1301270e+01
   2.8499490e+06   2.2094727e+01
   2.8515140e+06   2.3620605e+01
   2.8516010e+06   2.2033691e+01
   2.8516700e+06   2.0690918e+01
   2.8523760e+06   2.1057129e+01
   2.8530710e+06   2.1240234e+01
   2.8702810e+06   2.3498535e+01
   2.8774800e+06   2.5329590e+01
   2.8791130e+06   2.3254395e+01
   2.8792350e+06   2.0874023e+01
   2.8793170e+06   2.0385742e+01
   2.8793910e+06   2.0446777e+01
   2.8795510e+06   2.0690918e+01
   2.8799650e+06   2.0812988e+01
   2.8805560e+06   2.2033691e+01
   2.8806730e+06   2.0446777e+01
   2.8807010e+06   2.4475098e+01
   2.8818060e+06   2.2827148e+01
   2.8819230e+06   2.1972656e+01
   2.8825400e+06   2.0629883e+01
   2.8827020e+06   2.1789551e+01
   2.9045140e+06   2.1301270e+01
   2.9145330e+06   2.4108887e+01
   2.9232990e+06   2.0996094e+01
   2.9235460e+06   2.1667480e+01
   2.9239200e+06   2.1545410e+01
   2.9240030e+06   2.0446777e+01
   2.9241730e+06   2.1606445e+01
   2.9399580e+06   2.1972656e+01
   2.9437680e+06   2.2094727e+01
   2.9603310e+06   2.2705078e+01
   2.9667790e+06   2.2827148e+01
   2.9669120e+06   2.7282715e+01
   2.9672160e+06   2.0446777e+01
   2.9682540e+06   2.2949219e+01
   2.9686430e+06   2.3559570e+01
   2.9687580e+06   2.1240234e+01
   2.9689270e+06   2.0507813e+01
   2.9693690e+06   2.3681641e+01
   3.0002080e+06   2.6306152e+01
   3.0002610e+06   2.3620605e+01
   3.0003490e+06   2.5573730e+01
   3.0007340e+06   2.3681641e+01
   3.0009970e+06   2.2705078e+01
   3.0013170e+06   2.1850586e+01
   3.0015450e+06   2.4719238e+01
   3.0016460e+06   2.1911621e+01
   3.0120350e+06   2.5024414e+01
   3.0213960e+06   2.1423340e+01
   3.0349270e+06   2.4108887e+01
   3.0349570e+06   2.1118164e+01
   3.0350140e+06   2.5512695e+01
   3.0350940e+06   2.2399902e+01
   3.0358770e+06   2.0935059e+01
   3.0359310e+06   2.1301270e+01
   3.0359640e+06   2.1301270e+01
   3.0362080e+06   2.3193359e+01
   3.0363910e+06   2.1362305e+01
   3.0371160e+06   2.1423340e+01
   3.0376970e+06   2.0507813e+01
   3.0384710e+06   2.0751953e+01
   3.0385280e+06   2.1118164e+01
   3.0402190e+06   2.1850586e+01
   3.0410180e+06   2.1118164e+01
   3.0415620e+06   2.0874023e+01
   3.0501000e+06   2.1240234e+01
   3.0501740e+06   2.0629883e+01
   3.0508940e+06   2.0812988e+01
   3.0514040e+06   2.0751953e+01
   3.0517370e+06   2.1423340e+01
   3.0744230e+06   2.3071289e+01
   3.0907200e+06   2.1179199e+01
   3.0919090e+06   2.2216797e+01
   3.0927430e+06   2.2888184e+01
   3.0927630e+06   2.1301270e+01
   3.0928720e+06   2.4902344e+01
   3.0930820e+06   2.7465820e+01
   3.0931620e+06   2.2216797e+01
   3.0933500e+06   2.1545410e+01
   3.0934030e+06   2.3254395e+01
   3.0943020e+06   2.2888184e+01
   3.0946740e+06   2.1362305e+01
   3.0950100e+06   2.1423340e+01
   3.0951430e+06   2.2705078e+01
   3.0952260e+06   2.3742676e+01
   3.1067750e+06   2.1240234e+01
   3.1071280e+06   2.1911621e+01
   3.1075200e+06   2.2033691e+01
   3.1076330e+06   2.2521973e+01
   3.1081210e+06   2.0568848e+01
   3.1090610e+06   2.2094727e+01
   3.1096090e+06   2.0874023e+01
   3.1109670e+06   2.0996094e+01
   3.1113670e+06   2.1850586e+01
   3.1318030e+06   2.1850586e+01
   3.1468800e+06   2.1484375e+01
   3.1527870e+06   2.1179199e+01
   3.1534260e+06   2.0507813e+01
   3.1536300e+06   2.0751953e+01
   3.1540150e+06   2.1911621e+01
   3.1541830e+06   2.0996094e+01
   3.1543110e+06   2.1301270e+01
   3.1546300e+06   2.0751953e+01
   3.1552630e+06   2.0629883e+01
   3.1555370e+06   2.2521973e+01
   3.1683830e+06   2.0507813e+01
   3.1751050e+06   2.0874023e+01
   3.1841180e+06   2.1179199e+01
   3.1858250e+06   2.2094727e+01
   3.1871130e+06   2.0751953e+01
   3.1966360e+06   2.1728516e+01
   3.1975020e+06   2.0874023e+01
   3.2038330e+06   2.0568848e+01
   3.2053440e+06   2.5634766e+01
   3.2098980e+06   2.2460938e+01
   3.2161270e+06   2.2033691e+01
   3.2172110e+06   2.1911621e+01
   3.2194740e+06   2.2216797e+01
   3.2205360e+06   2.2583008e+01
   3.2206770e+06   2.1301270e+01
   3.2357240e+06   2.1728516e+01
   3.2551530e+06   2.0996094e+01
   3.2595660e+06   2.0629883e+01
   3.2596210e+06   2.8564453e+01
   3.2596450e+06   2.1362305e+01
   3.2599180e+06   2.3864746e+01
   3.2600970e+06   2.1728516e+01
   3.2602750e+06   2.5634766e+01
   3.2604770e+06   2.2705078e+01
   3.2606120e+06   2.1179199e+01
   3.2606760e+06   2.2766113e+01
   3.2610090e+06   2.0874023e+01
   3.2753740e+06   2.3437500e+01
   3.2942630e+06   2.1728516e+01
   3.2957870e+06   2.2705078e+01
   3.2959690e+06   2.1789551e+01
   3.2960570e+06   2.5329590e+01
   3.2960860e+06   2.1850586e+01
   3.2963150e+06   2.1972656e+01
   3.2969630e+06   2.0568848e+01
   3.2971220e+06   2.0690918e+01
   3.2975670e+06   2.3315430e+01
   3.2975950e+06   2.4536133e+01
   3.2977160e+06   2.1667480e+01
   3.2978160e+06   2.0568848e+01
   3.2978300e+06   2.0751953e+01
   3.2978800e+06   2.4719238e+01
   3.2979170e+06   2.1118164e+01
   3.2980980e+06   2.5207520e+01
   3.2983290e+06   2.1057129e+01
   3.2986630e+06   2.1606445e+01
   3.3271110e+06   2.3010254e+01
   3.3364900e+06   2.0629883e+01
   3.3366030e+06   2.3559570e+01
   3.3366430e+06   2.1240234e+01
   3.3366760e+06   2.4536133e+01
   3.3367940e+06   2.4108887e+01
   3.3368360e+06   2.1362305e+01
   3.3368980e+06   2.2216797e+01
   3.3370310e+06   3.1372070e+01
   3.3370990e+06   2.0690918e+01
   3.3374910e+06   2.0812988e+01
   3.3375440e+06   2.6855469e+01
   3.3376650e+06   2.5085449e+01
   3.3381040e+06   2.1423340e+01
   3.3492680e+06   2.2460938e+01
   3.3630850e+06   2.0812988e+01
   3.3656700e+06   2.8076172e+01
   3.3657090e+06   2.0507813e+01
   3.3657400e+06   2.3193359e+01
   3.3658570e+06   2.1057129e+01
   3.3663030e+06   2.2949219e+01
   3.3667470e+06   2.5329590e+01
   3.3668190e+06   2.0690918e+01
   3.3673890e+06   2.1118164e+01
   3.4031630e+06   2.0568848e+01
   3.4079140e+06   2.2644043e+01
   3.4087410e+06   2.1972656e+01
   3.4155060e+06   2.1362305e+01
   3.4161100e+06   2.0690918e+01
   3.4426630e+06   2.2338867e+01
   3.4509720e+06   2.1728516e+01
   3.4626060e+06   2.4169922e+01
   3.4644840e+06   2.0690918e+01
   3.4706220e+06   2.0996094e+01
   3.4708190e+06   2.3986816e+01
   3.4709030e+06   2.2521973e+01
   3.4709270e+06   2.6306152e+01
   3.4918620e+06   2.3071289e+01
   3.5011750e+06   2.3315430e+01
   3.5057760e+06   2.3559570e+01
   3.5116420e+06   2.0874023e+01
   3.5163040e+06   2.1545410e+01
   3.5194720e+06   2.1667480e+01
   3.5273020e+06   2.1301270e+01
   3.5273500e+06   2.0568848e+01
   3.5274650e+06   2.1118164e+01
   3.5791260e+06   2.1240234e+01
   3.5792930e+06   2.2766113e+01
   3.5793250e+06   2.0751953e+01
   3.5794110e+06   2.2644043e+01
   3.5796920e+06   2.2827148e+01
   3.5948490e+06   2.1545410e+01
   3.6015310e+06   2.3132324e+01
   3.6071460e+06   2.0751953e+01
   3.6078100e+06   2.2033691e+01
   3.6151870e+06   2.1545410e+01
   3.6382360e+06   2.3193359e+01
   3.6383500e+06   2.3498535e+01
   3.6383710e+06   2.1179199e+01
   3.6432280e+06   2.0812988e+01
   3.6471030e+06   2.2766113e+01
   3.6517940e+06   2.3254395e+01
   3.6577330e+06   2.1362305e+01
   3.6577870e+06   2.0507813e+01
   3.6578510e+06   2.0935059e+01
   3.6578860e+06   2.1240234e+01
   3.6579060e+06   2.6672363e+01
   3.6579350e+06   2.0812988e+01
   3.6742110e+06   2.0690918e+01
   3.6742530e+06   2.7221680e+01
   3.6744580e+06   2.2033691e+01
   3.6844000e+06   2.1179199e+01
   3.6858760e+06   2.0690918e+01
   3.7281690e+06   2.1789551e+01
   3.7323650e+06   2.1118164e+01
   3.7375560e+06   2.2827148e+01
   3.7525300e+06   2.3803711e+01
   3.7525950e+06   2.2460938e+01
   3.7529410e+06   2.3559570e+01
   3.7763220e+06   2.2399902e+01
   3.7972970e+06   2.1179199e+01
   3.8009450e+06   2.0751953e+01
   3.8301280e+06   2.1484375e+01
   3.8467490e+06   2.2155762e+01
   3.8487100e+06   2.4719238e+01
   3.8493420e+06   2.1118164e+01
   3.8520760e+06   2.2033691e+01
   3.8595360e+06   2.2766113e+01
   3.8595520e+06   2.8015137e+01
   3.8597110e+06   2.1728516e+01
   3.8718280e+06   2.0507813e+01
   3.8791830e+06   2.4108887e+01
   3.8792600e+06   2.1545410e+01
   3.8895770e+06   2.4658203e+01
   3.8918230e+06   2.0935059e+01
   3.8974980e+06   2.5268555e+01
   3.9038480e+06   2.1240234e+01
   3.9039180e+06   2.0874023e+01
   3.9039440e+06   2.5756836e+01
   3.9040620e+06   2.4291992e+01
   3.9093440e+06   2.1789551e+01
   3.9191030e+06   2.1057129e+01
   3.9250200e+06   2.2521973e+01
   3.9419910e+06   2.4719238e+01
   3.9421010e+06   2.0996094e+01
   3.9625320e+06   2.3925781e+01
   3.9625710e+06   2.0935059e+01
   3.9697960e+06   2.4597168e+01
   3.9708210e+06   2.1667480e+01
   3.9811720e+06   2.1423340e+01
   3.9812580e+06   2.5817871e+01
   3.9813950e+06   2.1362305e+01
   3.9866890e+06   2.0812988e+01
   3.9920730e+06   2.1240234e+01
   4.0015760e+06   2.2460938e+01
   4.0096890e+06   2.0507813e+01
   4.0103800e+06   2.1484375e+01
   4.0104130e+06   2.0507813e+01
   4.0104460e+06   2.5329590e+01
   4.0104850e+06   2.1118164e+01
   4.0105140e+06   2.4108887e+01
   4.0243050e+06   2.1240234e+01
   4.0248410e+06   2.3254395e+01
   4.0249070e+06   2.1240234e+01
   4.0249380e+06   2.0690918e+01
   4.0319760e+06   2.0690918e+01
   4.0338610e+06   2.3193359e+01
   4.0339930e+06   2.2033691e+01
   4.0342810e+06   2.3254395e+01
   4.0347780e+06   2.3498535e+01
   4.0349680e+06   2.1911621e+01
   4.0427540e+06   2.1423340e+01
   4.0491020e+06   2.2705078e+01
   4.0646600e+06   2.1240234e+01
   4.0728510e+06   2.0629883e+01
   4.0746020e+06   2.8747559e+01
   4.0746330e+06   2.0874023e+01
   4.0959640e+06   2.0690918e+01
   4.0971770e+06   2.1484375e+01
   4.1071340e+06   2.5573730e+01
   4.1130870e+06   2.0874023e+01
   4.1162540e+06   2.1179199e+01
   4.1162970e+06   3.5034180e+01
   4.1164090e+06   2.0507813e+01
   4.1164830e+06   2.1057129e+01
   4.1215490e+06   2.1606445e+01
   4.1231030e+06   2.1545410e+01
   4.1278150e+06   2.0996094e+01
   4.1300490e+06   2.1057129e+01
   4.1301480e+06   2.1362305e+01
   4.1302940e+06   2.3193359e+01
   4.1304520e+06   2.7954102e+01
   4.1393570e+06   2.0812988e+01
   4.1488290e+06   2.1118164e+01
   4.1550020e+06   2.1728516e+01
   4.1555960e+06   2.1484375e+01
   4.1569170e+06   2.6367188e+01
   4.1647200e+06   2.0935059e+01
   4.1814470e+06   2.6672363e+01
   4.1837090e+06   2.5939941e+01
   4.1949080e+06   2.3986816e+01
   4.2031720e+06   2.5085449e+01
   4.2032080e+06   2.5573730e+01
   4.2090890e+06   2.0874023e+01
   4.2093720e+06   2.1301270e+01
   4.2094460e+06   2.2583008e+01
   4.2096820e+06   2.2216797e+01
   4.2106490e+06   2.1240234e+01
   4.2186540e+06   2.6916504e+01
   4.2229380e+06   2.3193359e+01
   4.2394640e+06   2.0996094e+01
   4.2485430e+06   2.4963379e+01
   4.2486130e+06   2.4169922e+01
   4.2637650e+06   2.0629883e+01
   4.2642770e+06   2.0751953e+01
   4.2772800e+06   2.1545410e+01
   4.2806880e+06   2.0874023e+01
   4.2994190e+06   2.0812988e+01
   4.3008610e+06   2.2338867e+01
   4.3139280e+06   2.2216797e+01
   4.3160770e+06   2.3010254e+01
   4.3176030e+06   2.2155762e+01
   4.3179420e+06   2.0507813e+01
   4.3724870e+06   2.5817871e+01
   4.3845390e+06   2.2033691e+01
   4.3869260e+06   2.1484375e+01
   4.3882140e+06   2.1484375e+01
   4.3914260e+06   2.2094727e+01
   4.3969970e+06   2.2155762e+01
   4.4162310e+06   2.2521973e+01
   4.4254500e+06   2.3437500e+01
   4.4256700e+06   2.2644043e+01
   4.4257320e+06   2.1972656e+01
   4.4402080e+06   2.1789551e+01
   4.4437160e+06   2.1850586e+01
   4.4591530e+06   2.0812988e+01
   4.4633840e+06   2.3559570e+01
   4.4785150e+06   2.1301270e+01
   4.4788270e+06   2.4902344e+01
   4.4792750e+06   2.0690918e+01
   4.4794590e+06   2.0568848e+01
   4.4896080e+06   2.0629883e+01
   4.5014330e+06   2.2827148e+01
   4.5090970e+06   2.1606445e+01
   4.5091190e+06   2.0751953e+01
   4.5091550e+06   2.0629883e+01
   4.5094800e+06   2.2155762e+01
   4.5252090e+06   2.1179199e+01
   4.5252270e+06   2.3986816e+01
   4.5416750e+06   2.1179199e+01
   4.5727410e+06   2.1545410e+01
   4.5733280e+06   2.3620605e+01
   4.5734340e+06   2.2766113e+01
   4.5742910e+06   2.1179199e+01
   4.5745810e+06   2.2399902e+01
   4.5750130e+06   2.2033691e+01
   4.5898280e+06   2.2399902e+01
   4.5972770e+06   2.0935059e+01
   4.6088890e+06   2.1728516e+01
   4.6099930e+06   2.1240234e+01
   4.6116630e+06   2.0690918e+01
   4.6178730e+06   2.2766113e+01
   4.6239630e+06   2.0629883e+01
   4.6253400e+06   2.0996094e+01
   4.6307770e+06   2.1240234e+01
   4.6308560e+06   2.3071289e+01
   4.6309390e+06   2.0996094e+01
   4.6399310e+06   2.1118164e+01
   4.6410830e+06   2.3010254e+01
   4.6525420e+06   2.1850586e+01
   4.6651910e+06   2.1301270e+01
   4.6655670e+06   2.0507813e+01
   4.6656090e+06   2.3742676e+01
   4.6659970e+06   2.1423340e+01
   4.6669220e+06   2.4169922e+01
   4.6669870e+06   2.1972656e+01
   4.6670780e+06   2.3742676e+01
   4.6671400e+06   2.2888184e+01
   4.6782510e+06   2.1545410e+01
   4.6812510e+06   2.0568848e+01
   4.6881880e+06   2.3376465e+01
   4.6943300e+06   2.1667480e+01
   4.6975820e+06   2.3315430e+01
   4.7014570e+06   2.0812988e+01
   4.7187550e+06   2.3193359e+01
   4.7339800e+06   2.5390625e+01
   4.7341570e+06   2.0690918e+01
   4.7782470e+06   2.0812988e+01
   4.7837710e+06   2.2766113e+01
   4.7968690e+06   2.0568848e+01
   4.7985750e+06   2.5024414e+01
   4.7986810e+06   2.1545410e+01
   4.7986940e+06   2.1423340e+01
   4.7987840e+06   2.5634766e+01
   4.8277400e+06   2.1179199e+01
   4.8327510e+06   2.0935059e+01
   4.8380880e+06   2.0996094e+01
   4.8539100e+06   2.0751953e+01
   4.8612560e+06   2.2827148e+01
   4.8648090e+06   2.1789551e+01
   4.8714570e+06   2.3071289e+01
   4.8833380e+06   2.8869629e+01
   4.9225270e+06   2.0751953e+01
   4.9374140e+06   2.0568848e+01
   4.9381690e+06   2.2888184e+01
   4.9556370e+06   2.3864746e+01
   4.9727670e+06   2.1667480e+01
   4.9903140e+06   2.3864746e+01
   5.0027330e+06   2.1118164e+01
   5.0048500e+06   2.2460938e+01
   5.0075040e+06   2.0751953e+01
   5.0075400e+06   2.0751953e+01
   5.0076430e+06   2.1667480e+01
   5.0076730e+06   2.1423340e+01
   5.0180440e+06   2.1789551e+01
   5.0238340e+06   2.1667480e+01
   5.0238910e+06   2.5756836e+01
   5.0239880e+06   2.1606445e+01
   5.0240440e+06   2.1362305e+01
   5.0496790e+06   2.1301270e+01
   5.0497850e+06   2.2888184e+01
   5.0639430e+06   2.1118164e+01
   5.0658670e+06   2.1606445e+01
   5.0660170e+06   2.0690918e+01
   5.0729680e+06   2.1850586e+01
   5.0745240e+06   2.9602051e+01
   5.0746350e+06   2.5329590e+01
   5.0746700e+06   2.1118164e+01
   5.0747290e+06   2.3132324e+01
   5.0748010e+06   2.0874023e+01
   5.0815520e+06   2.2277832e+01
   5.0883000e+06   2.2155762e+01
   5.0902760e+06   2.0568848e+01
   5.0918710e+06   2.3864746e+01
   5.0919060e+06   2.1911621e+01
   5.0919350e+06   2.4353027e+01
   5.0919570e+06   2.4963379e+01
   5.1041940e+06   2.0507813e+01
   5.1043010e+06   2.6794434e+01
   5.1044290e+06   2.1118164e+01
   5.1174150e+06   2.1728516e+01
   5.1239380e+06   2.4414063e+01
   5.1279980e+06   2.0690918e+01
   5.1289960e+06   2.3925781e+01
   5.1454100e+06   2.0812988e+01
   5.1467570e+06   2.1057129e+01
   5.1589300e+06   2.0568848e+01
   5.1589570e+06   2.3376465e+01
   5.1590580e+06   2.4047852e+01
   5.1590770e+06   2.2094727e+01
   5.1743220e+06   2.5634766e+01
   5.1919050e+06   2.1667480e+01
   5.1919480e+06   2.3742676e+01
   5.1970450e+06   2.1789551e+01
   5.2096570e+06   2.1423340e+01
   5.2096900e+06   2.3864746e+01
   5.2198660e+06   2.1545410e+01
   5.2207980e+06   2.0751953e+01
   5.2265900e+06   2.2399902e+01
   5.2483890e+06   2.3193359e+01
   5.2503300e+06   2.1118164e+01
   5.2503930e+06   2.2949219e+01
   5.2504470e+06   2.2155762e+01
   5.2671780e+06   2.2888184e+01
   5.2681330e+06   2.2338867e+01
   5.2767440e+06   2.0996094e+01
   5.2791530e+06   2.1423340e+01
   5.2792080e+06   2.5390625e+01
   5.2793450e+06   2.0751953e+01
   5.2793960e+06   2.3681641e+01
   5.2881660e+06   2.3498535e+01
   5.3017180e+06   2.0935059e+01
   5.3042020e+06   2.1118164e+01
   5.3089990e+06   2.3986816e+01
   5.3091370e+06   2.0507813e+01
   5.3343600e+06   2.0568848e+01
   5.3344480e+06   2.7893066e+01
   5.3345260e+06   2.2949219e+01
   5.3465690e+06   2.0812988e+01
   5.3505860e+06   2.2216797e+01
   5.3506290e+06   2.4169922e+01
   5.3508470e+06   2.1484375e+01
   5.3566040e+06   2.4230957e+01
   5.3633090e+06   2.3376465e+01
   5.3685580e+06   2.2949219e+01
   5.3686460e+06   2.3986816e+01
   5.3794220e+06   2.1179199e+01
   5.3923480e+06   2.1240234e+01
   5.3953420e+06   2.1545410e+01
   5.4059300e+06   2.1667480e+01
   5.4060280e+06   2.0507813e+01
   5.4062740e+06   2.1667480e+01
   5.4063110e+06   2.0996094e+01
   5.4478970e+06   2.1118164e+01
   5.4892730e+06   2.3864746e+01
   5.5014000e+06   2.1423340e+01
   5.5077170e+06   2.3498535e+01
   5.5078950e+06   2.1484375e+01
   5.5093780e+06   2.3254395e+01
   5.5230560e+06   2.0507813e+01
   5.5325520e+06   2.0812988e+01
   5.5419440e+06   2.1606445e+01
   5.5469970e+06   2.3498535e+01
   5.5470990e+06   2.4169922e+01
   5.5569190e+06   2.5146484e+01
   5.5684030e+06   2.3132324e+01
   5.5684770e+06   2.4719238e+01
   5.5685150e+06   2.2094727e+01
   5.5687200e+06   2.1118164e+01
   5.5892060e+06   2.2460938e+01
   5.5924360e+06   2.1545410e+01
   5.5925210e+06   2.8442383e+01
   5.5976030e+06   2.0507813e+01
   5.6030660e+06   2.0935059e+01
   5.6333430e+06   2.0507813e+01
   5.6338120e+06   2.5390625e+01
   5.6346470e+06   2.1118164e+01
   5.6394320e+06   2.1545410e+01
   5.6405410e+06   2.0751953e+01
   5.6407290e+06   2.0629883e+01
   5.6530400e+06   2.1911621e+01
   5.6538770e+06   2.6550293e+01
   5.6587750e+06   2.0996094e+01
   5.6588370e+06   2.4414063e+01
   5.6689360e+06   2.6916504e+01
   5.7369390e+06   2.1850586e+01
   5.7370080e+06   2.0568848e+01
   5.7625470e+06   2.0751953e+01
   5.7803760e+06   2.0874023e+01
   5.7829280e+06   2.0568848e+01
   5.7980760e+06   2.0629883e+01
   5.8060420e+06   2.4108887e+01
   5.8478020e+06   2.3498535e+01
   5.8629230e+06   2.1728516e+01
   5.8649910e+06   2.2094727e+01
   5.8705910e+06   2.0629883e+01
   5.8779130e+06   2.0629883e+01
   5.8797070e+06   2.0568848e+01
   5.8842140e+06   2.1057129e+01
   5.8878090e+06   2.1911621e+01
   5.9002890e+06   2.5329590e+01
   5.9065550e+06   2.1362305e+01
   5.9223240e+06   2.0874023e+01
   5.9242560e+06   2.3864746e+01
   5.9450530e+06   2.3071289e+01
   5.9533590e+06   2.3254395e+01
   5.9652540e+06   2.6489258e+01
   5.9652980e+06   2.0874023e+01
   5.9653420e+06   2.0935059e+01
   5.9655540e+06   2.1240234e+01
   5.9665870e+06   2.2155762e+01
   5.9666370e+06   2.0996094e+01
   5.9668190e+06   2.1423340e+01
   5.9668740e+06   2.0507813e+01
   5.9719130e+06   2.3254395e+01
   5.9727960e+06   2.8808594e+01
   5.9756530e+06   2.1972656e+01
   5.9877630e+06   2.4963379e+01
   5.9889760e+06   2.2460938e+01
   5.9890170e+06   2.2583008e+01
   5.9890490e+06   2.3254395e+01
   5.9976820e+06   2.1423340e+01
   5.9979290e+06   2.1789551e+01
   6.0112060e+06   2.2521973e+01
   6.0202180e+06   2.2644043e+01
   6.0246330e+06   2.1362305e+01
   6.0267070e+06   2.1301270e+01
   6.0404070e+06   2.0874023e+01
   6.0440470e+06   2.3010254e+01
   6.0440910e+06   2.2583008e+01
   6.0549230e+06   2.4719238e+01
   6.0555840e+06   2.4169922e+01
   6.0559330e+06   2.3010254e+01
   6.0567820e+06   2.1606445e+01
   6.0568970e+06   2.0935059e+01
   6.0569290e+06   2.3986816e+01
   6.0570830e+06   2.0629883e+01
   6.0690250e+06   2.1728516e+01
   6.0769580e+06   2.0812988e+01
   6.0894200e+06   2.2216797e+01
   6.0929010e+06   2.3925781e+01
   6.1007080e+06   2.2277832e+01
   6.1009840e+06   2.1057129e+01
   6.1010510e+06   2.2949219e+01
   6.1012590e+06   2.2888184e+01
   6.1130890e+06   2.0568848e+01
   6.1195680e+06   2.2094727e+01
   6.1302620e+06   2.1606445e+01
   6.1337240e+06   2.2033691e+01
   6.1343110e+06   2.2521973e+01
   6.1586510e+06   2.1850586e+01
   6.1654510e+06   2.1057129e+01
   6.1767320e+06   2.3498535e+01
   6.1767860e+06   2.3132324e+01
   6.1768380e+06   2.1484375e+01
   6.2237680e+06   2.1667480e+01
   6.2381810e+06   2.0751953e+01
   6.2387260e+06   2.2094727e+01
   6.2387880e+06   2.0629883e+01
   6.2398870e+06   2.2216797e+01
   6.2578520e+06   2.0751953e+01
   6.2627780e+06   2.0996094e+01
   6.2824610e+06   2.1545410e+01
   6.2907840e+06   2.1118164e+01
   6.2998880e+06   2.4902344e+01
   6.3018140e+06   2.2216797e+01
   6.3065880e+06   2.4291992e+01
   6.3128860e+06   2.0690918e+01
   6.3244630e+06   2.0690918e+01
   6.3251900e+06   2.3315430e+01
   6.3282430e+06   2.2460938e+01
   6.3306890e+06   2.1118164e+01
   6.3378470e+06   2.2583008e+01
   6.3398440e+06   2.1972656e+01
   6.3559390e+06   2.1057129e+01
   6.3581140e+06   2.4597168e+01
   6.3609060e+06   2.1301270e+01
   6.3619450e+06   2.1301270e+01
   6.3692380e+06   2.0996094e+01
   6.3723990e+06   2.0812988e+01
   6.3833230e+06   2.1545410e+01
   6.3838380e+06   2.4780273e+01
   6.3979770e+06   2.1484375e+01
   6.4110980e+06   2.0935059e+01
   6.4128510e+06   2.1179199e+01
   6.4262480e+06   2.2094727e+01
   6.4710630e+06   2.2460938e+01
   6.4945190e+06   2.2094727e+01
   6.5051190e+06   2.1545410e+01
   6.5092320e+06   2.2277832e+01
   6.5299620e+06   2.2155762e+01
   6.5393280e+06   2.4841309e+01
   6.5401820e+06   2.0690918e+01
   6.5907440e+06   2.0690918e+01
   6.5944350e+06   2.0629883e+01
   6.5963540e+06   2.0874023e+01
   6.6044650e+06   2.2033691e+01
   6.6072150e+06   2.1057129e+01
   6.6406600e+06   2.2277832e+01
   6.6769740e+06   2.2338867e+01
   6.6812100e+06   2.1423340e+01
   6.6919650e+06   2.1423340e+01
   6.7027360e+06   2.1911621e+01
   6.7218820e+06   2.1362305e+01
   6.7400390e+06   2.0751953e+01
   6.7401890e+06   2.1667480e+01
   6.7547990e+06   2.1972656e+01
   6.7878520e+06   2.1057129e+01
   6.8051300e+06   2.4597168e+01
   6.8347480e+06   2.0812988e+01
   6.8393060e+06   2.0690918e+01
   6.8481450e+06   3.0456543e+01
   6.8482230e+06   2.3376465e+01
   6.8792520e+06   2.1789551e+01
   6.8852060e+06   2.1118164e+01
   6.8896440e+06   2.0874023e+01
   6.9718910e+06   2.1728516e+01
   6.9775090e+06   2.0690918e+01
   6.9847440e+06   2.2460938e+01
   6.9903780e+06   2.3376465e+01
   6.9946890e+06   2.0690918e+01
   6.9995830e+06   2.2094727e+01
   7.0078210e+06   2.4536133e+01
   7.0180730e+06   2.1484375e+01
   7.0362040e+06   2.1057129e+01
   7.0409590e+06   2.1606445e+01
   7.0410770e+06   2.1728516e+01
   7.0411920e+06   2.2644043e+01
   7.0485680e+06   2.1850586e+01
   7.0523110e+06   2.4291992e+01
   7.0536580e+06   2.0690918e+01
   7.0951920e+06   2.0812988e+01
   7.1156120e+06   2.1301270e+01
   7.1192660e+06   2.1972656e+01
   7.1263020e+06   2.1240234e+01
   7.1657660e+06   2.0996094e+01
   7.1666070e+06   2.1484375e+01
   7.1675550e+06   2.1911621e+01
   7.1683290e+06   2.3193359e+01
   7.1691840e+06   2.0568848e+01
   7.1728140e+06   2.3803711e+01
   7.1811370e+06   2.4841309e+01
   7.1813760e+06   2.1911621e+01
   7.2115220e+06   2.3681641e+01
   7.2152190e+06   2.3376465e+01
   7.2262740e+06   2.0812988e+01
   7.2560060e+06   2.2827148e+01
   7.2597790e+06   2.1057129e+01
   7.2607200e+06   2.0996094e+01
   7.2609830e+06   2.3864746e+01
   7.2657500e+06   2.1606445e+01
   7.2659880e+06   2.0874023e+01
   7.2831080e+06   2.1057129e+01
   7.2985280e+06   2.1667480e+01
   7.3011870e+06   2.1667480e+01
   7.3066200e+06   2.2094727e+01
   7.3066890e+06   2.5939941e+01
   7.3068030e+06   2.3254395e+01
   7.3141280e+06   2.1789551e+01
   7.3264080e+06   2.1484375e+01
   7.3271050e+06   2.2155762e+01
   7.3286440e+06   2.1545410e+01
   7.3288400e+06   2.3315430e+01
   7.3300630e+06   2.0874023e+01
   7.3503750e+06   2.1362305e+01
   7.3680860e+06   2.2888184e+01
   7.3802820e+06   2.2949219e+01
   7.3803170e+06   2.3620605e+01
   7.3931710e+06   2.1057129e+01
   7.3980790e+06   2.1850586e+01
   7.4009530e+06   2.1667480e+01
   7.4032980e+06   2.0874023e+01
   7.4033290e+06   2.3376465e+01
   7.4155510e+06   2.0812988e+01
   7.4207810e+06   2.0629883e+01
   7.4228920e+06   2.2216797e+01
   7.4276720e+06   2.1423340e+01
   7.4460980e+06   2.1911621e+01
   7.4605740e+06   2.1545410e+01
   7.4609710e+06   2.3437500e+01
   7.4769480e+06   2.3864746e+01
   7.5015800e+06   2.1972656e+01
   7.5020610e+06   2.2766113e+01
   7.5387310e+06   2.1789551e+01
   7.5645960e+06   2.1118164e+01
   7.5732420e+06   2.2399902e+01
   7.5790060e+06   2.2338867e+01
   7.5853230e+06   2.0690918e+01
   7.5931520e+06   2.1240234e+01
   7.6853430e+06   2.3376465e+01
   7.6859990e+06   2.1545410e+01
   7.6968950e+06   2.1362305e+01
   7.7059990e+06   2.0629883e+01
   7.7149170e+06   2.1240234e+01
   7.7172090e+06   2.0812988e+01
   7.7236310e+06   2.1240234e+01
   7.7383680e+06   2.1728516e+01
   7.7546660e+06   2.3925781e+01
   7.7711430e+06   2.2521973e+01
   7.8004170e+06   2.1972656e+01
   7.8090700e+06   2.2216797e+01
   7.8126590e+06   2.1301270e+01
   7.8128990e+06   2.1423340e+01
   7.8670530e+06   2.1118164e+01
   7.8684560e+06   2.1972656e+01
   7.8752470e+06   2.1301270e+01
   7.8828260e+06   2.2277832e+01
   7.8829190e+06   2.2033691e+01
   7.8881080e+06   2.0690918e+01
   7.8936770e+06   2.0812988e+01
   7.9245230e+06   2.1667480e+01
   7.9605650e+06   2.3864746e+01
   7.9760830e+06   2.2094727e+01
   7.9866610e+06   2.2094727e+01
   7.9998600e+06   2.1728516e+01
   8.0020460e+06   2.5756836e+01
   8.0032400e+06   2.2583008e+01
   8.0040270e+06   2.1057129e+01
   8.0145880e+06   2.1423340e+01
   8.0157360e+06   2.1057129e+01
   8.0304840e+06   2.1850586e+01
   8.0651190e+06   2.3132324e+01
   8.0687190e+06   2.2277832e+01
   8.0896480e+06   2.1057129e+01
   8.0897450e+06   2.0629883e+01
   8.1036890e+06   2.1179199e+01
   8.1093690e+06   2.6062012e+01
   8.1109060e+06   2.1118164e+01
   8.1159140e+06   2.0568848e+01
   8.1248520e+06   2.1240234e+01
   8.1419070e+06   2.3376465e+01
   8.1487870e+06   2.0996094e+01
   8.1619560e+06   2.0996094e+01
   8.1776230e+06   2.0812988e+01
   8.1778420e+06   2.1545410e+01
   8.1779820e+06   2.1911621e+01
   8.1880420e+06   2.1362305e+01
   8.1883350e+06   2.0874023e+01
   8.1888620e+06   2.5268555e+01
   8.1978440e+06   2.4475098e+01
   8.2020730e+06   2.2033691e+01
   8.2027680e+06   2.1728516e+01
   8.2051490e+06   2.2766113e+01
   8.2068990e+06   2.2216797e+01
   8.2079960e+06   2.2155762e+01
   8.2169110e+06   2.0690918e+01
   8.2281590e+06   2.1728516e+01
   8.2314370e+06   2.1423340e+01
   8.2367710e+06   2.0874023e+01
   8.2385870e+06   2.3620605e+01
   8.2397540e+06   2.5085449e+01
   8.2426140e+06   2.0690918e+01
   8.2580980e+06   2.1484375e+01
   8.2608870e+06   2.1362305e+01
   8.2755860e+06   2.1728516e+01
   8.3047600e+06   2.0568848e+01
   8.3549390e+06   2.1179199e+01
   8.3704260e+06   2.1606445e+01
   8.3789000e+06   2.3742676e+01
   8.3823340e+06   2.3803711e+01
   8.3831880e+06   2.1667480e+01
   8.3894250e+06   2.2460938e+01
   8.3925450e+06   2.1850586e+01
   8.3951290e+06   2.2644043e+01
   8.3989170e+06   2.6855469e+01
   8.4071920e+06   2.0751953e+01
   8.4150770e+06   2.1606445e+01
   8.4169840e+06   2.1301270e+01
   8.4178090e+06   2.2521973e+01
   8.4329090e+06   2.1423340e+01
   8.4347490e+06   2.1118164e+01
   8.4388530e+06   2.2521973e+01
   8.4647290e+06   2.1362305e+01
   8.4867260e+06   2.5512695e+01
   8.5079040e+06   2.1301270e+01
   8.5156250e+06   2.0629883e+01
   8.5309880e+06   2.1972656e+01
   8.5310720e+06   2.1911621e+01
   8.5312290e+06   2.1728516e+01
   8.5631640e+06   2.3803711e+01
   8.5672190e+06   2.1118164e+01
   8.5750340e+06   2.0996094e+01
   8.5932550e+06   2.2766113e+01
   8.6003520e+06   2.1057129e+01
   8.6112960e+06   2.1850586e+01
   8.6148530e+06   2.2705078e+01
   8.6150190e+06   2.1423340e+01
   8.6152730e+06   2.0812988e+01
   8.6285000e+06   2.0690918e+01
   8.6369070e+06   2.2094727e+01
   8.6408450e+06   2.2216797e+01
   8.6415190e+06   2.0935059e+01
   8.6569480e+06   2.1484375e+01
   8.6587160e+06   2.0996094e+01
   8.6826500e+06   2.1057129e+01
   8.6826840e+06   2.2521973e+01
   8.6832440e+06   2.0874023e+01
   8.6877570e+06   2.0690918e+01
   8.6890270e+06   2.0812988e+01
   8.6949350e+06   2.1667480e+01
   8.6975050e+06   2.0996094e+01
   8.7092690e+06   2.3437500e+01
   8.7116530e+06   2.2338867e+01
   8.7347390e+06   2.0935059e+01
   8.7441330e+06   2.1728516e+01
   8.7484750e+06   2.0812988e+01
   8.7485030e+06   2.2033691e+01
   8.7486130e+06   2.1423340e+01
   8.7640880e+06   2.1484375e+01
   8.7762670e+06   2.0996094e+01
   8.8012890e+06   2.2033691e+01
   8.8030740e+06   2.0751953e+01
   8.8386450e+06   2.3864746e+01
   8.8509960e+06   2.2521973e+01
   8.8534920e+06   2.1423340e+01
   8.8537220e+06   2.1972656e+01
   8.8538250e+06   2.0568848e+01
   8.8541220e+06   2.1911621e+01
   8.8591570e+06   2.4841309e+01
   8.8613770e+06   2.0629883e+01
   8.8764170e+06   2.1606445e+01
   8.8801620e+06   2.2338867e+01
   8.8802380e+06   2.0996094e+01
   8.8839460e+06   2.1484375e+01
   8.8894030e+06   2.2888184e+01
   8.8996910e+06   2.1362305e+01
   8.9011700e+06   2.1301270e+01
   8.9221670e+06   2.1423340e+01
   8.9303650e+06   2.1667480e+01
   8.9335450e+06   2.1240234e+01
   8.9443650e+06   2.2338867e+01
   8.9580990e+06   2.0812988e+01
   8.9826340e+06   2.1545410e+01
   8.9839740e+06   2.0751953e+01
   8.9866430e+06   2.1301270e+01
   9.0042550e+06   2.2521973e+01
   9.0101530e+06   2.5268555e+01
   9.0193680e+06   2.0812988e+01
   9.0328320e+06   2.0751953e+01
   9.0406750e+06   2.0996094e+01
   9.0499850e+06   2.1606445e+01
   9.0506790e+06   2.0751953e+01
   9.0507640e+06   2.0751953e+01
   9.0516410e+06   2.4719238e+01
   9.0518680e+06   2.0690918e+01
   9.0619080e+06   2.3193359e+01
   9.0765010e+06   2.3254395e+01
   9.0772360e+06   2.1423340e+01
   9.0772760e+06   2.4230957e+01
   9.0774940e+06   2.5451660e+01
   9.0851350e+06   2.5024414e+01
   9.0896410e+06   2.0812988e+01
   9.1071460e+06   2.0751953e+01
   9.1217410e+06   2.4902344e+01
   9.1357440e+06   2.5878906e+01
   9.1357990e+06   2.1972656e+01
   9.1491760e+06   2.1545410e+01
   9.1761310e+06   2.0690918e+01
   9.1791620e+06   2.1911621e+01
   9.1913350e+06   2.0935059e+01
   9.2059170e+06   2.2460938e+01
   9.2224150e+06   2.1545410e+01
   9.2253540e+06   2.1423340e+01
   9.2292580e+06   2.1606445e+01
   9.2312280e+06   2.3559570e+01
   9.2485710e+06   2.1240234e+01
   9.2778380e+06   2.0812988e+01
   9.2820670e+06   2.4963379e+01
   9.2823060e+06   2.1118164e+01
   9.3018540e+06   2.1118164e+01
   9.3044540e+06   2.1057129e+01
   9.3242450e+06   2.0690918e+01
   9.3314690e+06   2.0874023e+01
   9.3336770e+06   2.5756836e+01
   9.3338030e+06   2.1362305e+01
   9.3646680e+06   2.1911621e+01
   9.3774460e+06   2.2705078e+01
   9.3812810e+06   2.1789551e+01
   9.3847730e+06   2.1240234e+01
   9.3858850e+06   3.0456543e+01
   9.4048720e+06   2.3437500e+01
   9.4242010e+06   2.2583008e+01
   9.4280470e+06   2.1423340e+01
   9.4533700e+06   2.6855469e+01
   9.4742650e+06   2.1118164e+01
   9.4770260e+06   2.2644043e+01
   9.4845960e+06   2.3193359e+01
   9.4888740e+06   2.1118164e+01
   9.4962250e+06   2.1606445e+01
   9.5056240e+06   2.0812988e+01
   9.5146720e+06   2.2277832e+01
   9.5206540e+06   2.0935059e+01
   9.5488980e+06   2.3803711e+01
   9.5619880e+06   2.1118164e+01
   9.5641820e+06   2.0690918e+01
   9.5663900e+06   2.4902344e+01
   9.5678910e+06   2.0690918e+01
   9.5680470e+06   2.2338867e+01
   9.5682510e+06   2.0996094e+01
   9.5840160e+06   2.1484375e+01
   9.5876810e+06   2.3620605e+01
   9.5879920e+06   2.1911621e+01
   9.5880720e+06   2.1606445e+01
   9.5883270e+06   2.0935059e+01
   9.6010200e+06   2.1118164e+01
   9.6108910e+06   2.1850586e+01
   9.6169440e+06   2.0812988e+01
   9.6232570e+06   2.0935059e+01
   9.6283930e+06   2.1362305e+01
   9.6294110e+06   2.4841309e+01
   9.6294700e+06   2.3986816e+01
   9.6463180e+06   2.0812988e+01
   9.6489540e+06   2.0935059e+01
   9.6489720e+06   2.3010254e+01
   9.6490550e+06   2.2644043e+01
   9.6633400e+06   2.1545410e+01
   9.6675170e+06   2.4108887e+01
   9.6675940e+06   2.4414063e+01
   9.6753190e+06   2.1545410e+01
   9.6795340e+06   2.0751953e+01
   9.6805170e+06   2.2705078e+01
   9.6856920e+06   2.2644043e+01
   9.6857490e+06   2.0751953e+01
   9.6956910e+06   2.1789551e+01
   9.7011930e+06   2.2094727e+01
   9.7081150e+06   2.0874023e+01
   9.7082420e+06   2.4108887e+01
   9.7186370e+06   2.4658203e+01
   9.7259540e+06   2.1057129e+01
   9.7274770e+06   2.1423340e+01
   9.7365910e+06   2.1118164e+01
   9.7448770e+06   2.0874023e+01
   9.7482420e+06   2.2521973e+01
   9.7503150e+06   2.0690918e+01
   9.7561360e+06   2.1667480e+01
   9.7790810e+06   2.0751953e+01
   9.7802800e+06   2.0935059e+01
   9.7941340e+06   2.3010254e+01
   9.8037240e+06   2.3193359e+01
   9.8332340e+06   2.1728516e+01
   9.8608620e+06   2.2705078e+01
   9.8756500e+06   2.1667480e+01
   9.8774980e+06   2.1484375e+01
   9.8776420e+06   2.1789551e+01
   9.8778170e+06   2.1057129e+01
   9.8782190e+06   2.4536133e+01
   9.8785570e+06   2.1789551e+01
   9.8893330e+06   2.0690918e+01
   9.8927040e+06   2.4902344e+01
   9.9093040e+06   2.4108887e+01
   9.9112850e+06   2.1240234e+01
   9.9114080e+06   2.1972656e+01
   9.9114570e+06   2.1118164e+01
   9.9116770e+06   2.1667480e+01
   9.9120530e+06   2.1179199e+01
   9.9122070e+06   2.1301270e+01
   9.9123040e+06   2.1484375e+01
   9.9206330e+06   2.2888184e+01
   9.9241480e+06   2.0751953e+01
   9.9305310e+06   2.2460938e+01
   9.9411790e+06   2.2277832e+01
   9.9420230e+06   2.2216797e+01
   9.9422970e+06   2.1423340e+01
   9.9426240e+06   2.1362305e+01
   9.9687140e+06   2.6611328e+01
   9.9699840e+06   2.1545410e+01
   9.9703770e+06   2.3986816e+01
   9.9704870e+06   2.1789551e+01
   9.9705610e+06   2.2888184e+01
   9.9706830e+06   2.2766113e+01
   1.0020137e+07   2.0690918e+01
   1.0045910e+07   2.2644043e+01
   1.0046537e+07   2.4169922e+01
   1.0048269e+07   2.0751953e+01
   1.0048408e+07   2.6550293e+01
   1.0048550e+07   2.1545410e+01
   1.0059687e+07   2.1911621e+01
   1.0082432e+07   2.2033691e+01
   1.0085091e+07   2.0812988e+01
   1.0085135e+07   2.3620605e+01
   1.0086869e+07   2.2583008e+01
   1.0103021e+07   2.0935059e+01
   1.0119518e+07   2.0996094e+01
   1.0119619e+07   2.1057129e+01
   1.0120770e+07   2.2521973e+01
   1.0137307e+07   2.1057129e+01
   1.0137412e+07   2.6672363e+01
   1.0138315e+07   2.4658203e+01
   1.0140318e+07   2.2094727e+01
   1.0141395e+07   2.3010254e+01
   1.0141444e+07   2.3864746e+01
   1.0142604e+07   2.1240234e+01
   1.0176904e+07   2.2094727e+01
   1.0179958e+07   2.2705078e+01
   1.0188142e+07   2.1728516e+01
   1.0188936e+07   2.0751953e+01
   1.0193969e+07   2.0751953e+01
   1.0194775e+07   2.5573730e+01
   1.0194823e+07   2.0996094e+01
   1.0195911e+07   2.1850586e+01
   1.0198152e+07   2.2399902e+01
   1.0200902e+07   2.0935059e+01
   1.0200974e+07   2.5329590e+01
   1.0201044e+07   2.2705078e+01
   1.0201275e+07   2.4414063e+01
   1.0201485e+07   2.2705078e+01
   1.0201770e+07   2.0935059e+01
   1.0202074e+07   2.1423340e+01
   1.0217116e+07   2.2277832e+01
   1.0218511e+07   2.0812988e+01
   1.0231402e+07   2.2583008e+01
   1.0235300e+07   2.2094727e+01
   1.0237044e+07   2.2338867e+01
   1.0237074e+07   2.4291992e+01
   1.0237383e+07   2.0996094e+01
   1.0237738e+07   2.3376465e+01
   1.0238509e+07   2.1301270e+01
   1.0238590e+07   2.4780273e+01
   1.0238794e+07   2.0690918e+01
   1.0246031e+07   2.1423340e+01
   1.0246085e+07   2.1484375e+01
   1.0246152e+07   2.4841309e+01
   1.0246525e+07   2.4353027e+01
   1.0246947e+07   2.3071289e+01
   1.0247094e+07   2.4230957e+01
   1.0248160e+07   2.2705078e+01
   1.0258648e+07   2.2216797e+01
   1.0285782e+07   2.1240234e+01
   1.0289465e+07   2.2644043e+01
   1.0289544e+07   2.0812988e+01
   1.0289651e+07   2.4475098e+01
   1.0289696e+07   2.0690918e+01
   1.0289936e+07   2.1789551e+01
   1.0290004e+07   2.3925781e+01
   1.0290127e+07   2.3376465e+01
   1.0290436e+07   2.2399902e+01
   1.0290983e+07   2.4414063e+01
   1.0291051e+07   2.1606445e+01
   1.0291092e+07   2.1850586e+01
   1.0292294e+07   2.5085449e+01
   1.0294081e+07   2.1301270e+01
   1.0294271e+07   2.0874023e+01
   1.0319942e+07   2.2644043e+01
   1.0324530e+07   2.2827148e+01
   1.0327718e+07   2.2094727e+01
   1.0329774e+07   2.2888184e+01
   1.0329920e+07   2.4414063e+01
   1.0329936e+07   2.3803711e+01
   1.0330073e+07   2.1545410e+01
   1.0330355e+07   2.3193359e+01
   1.0330570e+07   2.1179199e+01
   1.0330700e+07   2.3376465e+01
   1.0331429e+07   2.1423340e+01
   1.0332478e+07   2.2399902e+01
   1.0334145e+07   2.1850586e+01
   1.0351248e+07   2.0690918e+01
   1.0359501e+07   2.3681641e+01
   1.0360584e+07   2.0812988e+01
   1.0370321e+07   2.1545410e+01
   1.0378020e+07   3.1433105e+01
   1.0378109e+07   2.3315430e+01
   1.0378570e+07   2.3437500e+01
   1.0378674e+07   2.1911621e+01
   1.0378977e+07   2.2277832e+01
   1.0379294e+07   2.1728516e+01
   1.0380461e+07   2.4597168e+01
   1.0380984e+07   2.2216797e+01
   1.0397236e+07   2.0751953e+01
   1.0399420e+07   2.2216797e+01
   1.0404127e+07   2.5390625e+01
   1.0404198e+07   2.4536133e+01
   1.0404394e+07   2.0874023e+01
   1.0404552e+07   2.1972656e+01
   1.0405094e+07   2.0874023e+01
   1.0421650e+07   2.0812988e+01
   1.0427669e+07   2.4841309e+01
   1.0427680e+07   2.3498535e+01
   1.0427788e+07   2.2033691e+01
   1.0427841e+07   2.2216797e+01
   1.0427967e+07   2.3498535e+01
   1.0428195e+07   2.8625488e+01
   1.0428455e+07   2.1606445e+01
   1.0428534e+07   2.1118164e+01
   1.0429022e+07   2.3010254e+01
   1.0429400e+07   2.2216797e+01
   1.0433974e+07   2.1484375e+01
   1.0434010e+07   2.6062012e+01
   1.0434054e+07   2.5268555e+01
   1.0434272e+07   2.1118164e+01
   1.0434318e+07   2.2644043e+01
   1.0434605e+07   2.3620605e+01
   1.0448623e+07   2.2949219e+01
   1.0452594e+07   2.1606445e+01
   1.0473841e+07   2.0874023e+01
   1.0473947e+07   2.5756836e+01
   1.0474119e+07   2.0751953e+01
   1.0474267e+07   2.9785156e+01
   1.0474393e+07   2.1850586e+01
   1.0474512e+07   2.1423340e+01
   1.0474714e+07   2.1484375e+01
   1.0474785e+07   2.1423340e+01
   1.0476076e+07   2.3315430e+01
   1.0476583e+07   2.1423340e+01
   1.0476699e+07   2.0874023e+01
   1.0522234e+07   2.1240234e+01
   1.0522652e+07   2.0874023e+01
   1.0523067e+07   2.4414063e+01
   1.0523217e+07   2.1484375e+01
   1.0524203e+07   2.0812988e+01
   1.0525065e+07   2.1179199e+01
   1.0525175e+07   2.1789551e+01
   1.0570544e+07   2.2888184e+01
   1.0570554e+07   2.3498535e+01
   1.0570773e+07   2.2155762e+01
   1.0570868e+07   2.3193359e+01
   1.0571048e+07   2.0690918e+01
   1.0572162e+07   2.5390625e+01
   1.0572357e+07   2.2583008e+01
   1.0573201e+07   2.1118164e+01
   1.0620408e+07   2.2155762e+01
   1.0628016e+07   2.5329590e+01
   1.0628114e+07   2.2399902e+01
   1.0628137e+07   2.5207520e+01
   1.0628230e+07   2.3986816e+01
   1.0628287e+07   2.0935059e+01
   1.0628428e+07   2.5207520e+01
   1.0628608e+07   2.2521973e+01
   1.0628820e+07   2.1667480e+01
   1.0628875e+07   2.9724121e+01
   1.0629727e+07   2.1118164e+01
   1.0638857e+07   2.1179199e+01
   1.0657295e+07   2.3803711e+01
   1.0657371e+07   2.7221680e+01
   1.0657534e+07   2.1179199e+01
   1.0657792e+07   2.1667480e+01
   1.0657954e+07   2.0751953e+01
   1.0658179e+07   2.1850586e+01
   1.0658980e+07   2.5451660e+01
   1.0659103e+07   2.2399902e+01
   1.0698328e+07   2.1423340e+01
   1.0700808e+07   2.9663086e+01
   1.0700852e+07   2.4841309e+01
   1.0700911e+07   2.1057129e+01
   1.0701032e+07   2.2949219e+01
   1.0701394e+07   2.4047852e+01
   1.0701480e+07   2.1240234e+01
   1.0701773e+07   2.0751953e+01
   1.0702518e+07   2.1972656e+01
   1.0739037e+07   2.1972656e+01
   1.0739096e+07   2.2460938e+01
   1.0739223e+07   2.2705078e+01
   1.0739463e+07   2.2216797e+01
   1.0739598e+07   2.4169922e+01
   1.0740656e+07   2.1118164e+01
   1.0740737e+07   2.4169922e+01
   1.0798668e+07   2.3498535e+01
   1.0799548e+07   2.1118164e+01
   1.0799612e+07   2.4902344e+01
   1.0799797e+07   2.4353027e+01
   1.0800271e+07   2.0996094e+01
   1.0848121e+07   2.1850586e+01
   1.0848172e+07   2.1911621e+01
   1.0848403e+07   2.5329590e+01
   1.0848486e+07   2.3071289e+01
   1.0848599e+07   2.2338867e+01
   1.0848662e+07   2.0690918e+01
   1.0864644e+07   2.1118164e+01
   1.0885206e+07   2.1118164e+01
   1.0885444e+07   2.1057129e+01
   1.0885470e+07   2.2583008e+01
   1.0885513e+07   2.1362305e+01
   1.0885611e+07   2.3315430e+01
   1.0944308e+07   2.1301270e+01
   1.0945311e+07   2.2949219e+01
   1.0950500e+07   2.2949219e+01
   1.0973365e+07   2.2277832e+01
   1.0992658e+07   2.7709961e+01
   1.0992749e+07   2.6733398e+01
   1.0992832e+07   2.5634766e+01
   1.1021444e+07   2.1972656e+01
   1.1038092e+07   2.3193359e+01
   1.1057463e+07   2.1484375e+01
   1.1058346e+07   2.2460938e+01
   1.1061388e+07   2.1667480e+01
   1.1075791e+07   2.3376465e+01
   1.1106824e+07   2.1362305e+01
   1.1116352e+07   2.2277832e+01
   1.1120055e+07   2.3376465e+01
   1.1126386e+07   2.1850586e+01
   1.1128726e+07   2.1545410e+01
   1.1130994e+07   2.0812988e+01
   1.1133209e+07   2.2033691e+01
   1.1175627e+07   2.4230957e+01
   1.1183766e+07   2.3193359e+01
   1.1197358e+07   2.1606445e+01
   1.1227530e+07   2.4414063e+01
   1.1245068e+07   2.2277832e+01
   1.1259910e+07   2.1179199e+01
   1.1275710e+07   2.1057129e+01
   1.1276683e+07   2.4230957e+01
   1.1288675e+07   2.2094727e+01
   1.1288764e+07   2.1972656e+01
   1.1288848e+07   2.3437500e+01
   1.1304160e+07   2.1789551e+01
   1.1307479e+07   2.1118164e+01
   1.1314210e+07   2.1057129e+01
   1.1325056e+07   2.0935059e+01
   1.1326217e+07   2.3254395e+01
   1.1326399e+07   2.7038574e+01
   1.1326489e+07   2.1728516e+01
   1.1334762e+07   2.1057129e+01
   1.1335207e+07   2.5939941e+01
   1.1335273e+07   2.6428223e+01
   1.1335316e+07   2.2460938e+01
   1.1362484e+07   2.1179199e+01
   1.1391481e+07   2.7038574e+01
   1.1441756e+07   2.2277832e+01
   1.1451549e+07   2.1911621e+01
   1.1469873e+07   2.2583008e+01
   1.1470788e+07   2.0874023e+01
   1.1471534e+07   2.2094727e+01
   1.1491881e+07   2.4353027e+01
   1.1500610e+07   2.4658203e+01
   1.1556738e+07   2.0996094e+01
   1.1598422e+07   2.9724121e+01
   1.1604059e+07   2.0690918e+01
   1.1605851e+07   2.0812988e+01
   1.1626182e+07   2.1606445e+01
   1.1639846e+07   2.4291992e+01
   1.1643575e+07   2.1484375e+01
   1.1643784e+07   2.1179199e+01
   1.1694454e+07   2.1911621e+01
   1.1703040e+07   2.2155762e+01
   1.1724480e+07   2.0996094e+01
   1.1735890e+07   3.0700684e+01
   1.1812577e+07   2.1484375e+01
   1.1816099e+07   2.2399902e+01
   1.1827100e+07   2.4780273e+01
   1.1858797e+07   2.1850586e+01
   1.1908639e+07   2.1545410e+01
   1.1911765e+07   2.1911621e+01
   1.1924646e+07   2.4902344e+01
   1.1932112e+07   2.3864746e+01
   1.1947794e+07   2.2766113e+01
   1.1965617e+07   2.4780273e+01
   1.1966225e+07   2.1850586e+01
   1.1972220e+07   2.0935059e+01
   1.1991317e+07   2.1179199e+01
   1.1992369e+07   2.1240234e+01
   1.1996827e+07   2.2766113e+01
