   1.1999000e+07   0.0000000e+00
   6.6140000e+03   3.9184570e+01
   6.6580000e+03   2.1728516e+01
   6.7100000e+03   2.4047852e+01
   6.8210000e+03   6.5368652e+01
   4.2592000e+04   2.1606445e+01
   4.2639000e+04   3.3142090e+01
   4.2731000e+04   2.1667480e+01
   4.2778000e+04   2.1606445e+01
   4.2822000e+04   5.7739258e+01
   6.8223000e+04   3.9794922e+01
   6.8266000e+04   3.1188965e+01
   6.8279000e+04   2.2521973e+01
   6.8322000e+04   2.5817871e+01
   6.8337000e+04   2.7709961e+01
   9.6783000e+04   2.6428223e+01
   9.7025000e+04   2.3315430e+01
   9.7358000e+04   2.7282715e+01
   1.4303100e+05   3.5156250e+01
   1.4307900e+05   3.6071777e+01
   1.4310600e+05   2.2949219e+01
   1.4314900e+05   2.3986816e+01
   1.4330100e+05   6.0913086e+01
   1.4434000e+05   2.1484375e+01
   1.5287500e+05   2.5817871e+01
   1.5288500e+05   2.7099609e+01
   1.5291000e+05   5.8959961e+01
   1.5294000e+05   3.2287598e+01
   1.5299200e+05   3.4851074e+01
   1.5307000e+05   2.1667480e+01
   1.5308300e+05   2.9602051e+01
   1.5315800e+05   4.1748047e+01
   1.5323900e+05   4.9194336e+01
   1.5332300e+05   3.6804199e+01
   1.5341600e+05   3.1372070e+01
   1.5350700e+05   3.8269043e+01
   1.5360400e+05   3.5461426e+01
   1.5372500e+05   3.9123535e+01
   1.5384300e+05   3.4179688e+01
   1.5396300e+05   3.2531738e+01
   1.5408500e+05   3.1494141e+01
   1.5425100e+05   2.8259277e+01
   1.5437200e+05   3.1555176e+01
   1.5450700e+05   3.2531738e+01
   1.5462900e+05   3.6315918e+01
   1.5475600e+05   3.0822754e+01
   1.5488400e+05   3.0517578e+01
   1.5501300e+05   2.4230957e+01
   1.5514400e+05   3.6987305e+01
   1.5527900e+05   3.1005859e+01
   1.5540000e+05   2.2949219e+01
   1.5553300e+05   2.4597168e+01
   1.5566500e+05   2.6123047e+01
   1.5579200e+05   2.7160645e+01
   1.5593100e+05   2.1423340e+01
   1.5606400e+05   2.1423340e+01
   1.5619900e+05   2.4108887e+01
   1.5632700e+05   2.1240234e+01
   1.5661000e+05   2.2033691e+01
   1.5674800e+05   2.2399902e+01
   1.5701800e+05   2.3376465e+01
   1.5716600e+05   2.3071289e+01
   1.5730000e+05   2.4902344e+01
   1.5758200e+05   2.2277832e+01
   1.5802100e+05   2.2094727e+01
   1.5930200e+05   2.3132324e+01
   1.5952300e+05   2.3620605e+01
   1.5976300e+05   2.6184082e+01
   1.6001100e+05   2.9602051e+01
   1.6036300e+05   2.4414063e+01
   1.6285400e+05   2.3437500e+01
   1.6446600e+05   2.5085449e+01
   1.6585600e+05   2.5939941e+01
   1.6733300e+05   2.5146484e+01
   1.7182500e+05   2.3559570e+01
   1.7925400e+05   2.4719238e+01
   1.8824700e+05   2.4902344e+01
   1.9778700e+05   2.6550293e+01
   2.0294600e+05   3.4423828e+01
   2.0299300e+05   2.6916504e+01
   2.0304000e+05   2.1789551e+01
   2.0305700e+05   2.1240234e+01
   2.0311300e+05   2.2399902e+01
   2.0317700e+05   6.3232422e+01
   2.0324100e+05   2.3803711e+01
   2.0329100e+05   5.3955078e+01
   2.0338400e+05   4.8767090e+01
   2.0340800e+05   2.2094727e+01
   2.0349000e+05   4.8156738e+01
   2.0351200e+05   2.2949219e+01
   2.0359700e+05   4.0527344e+01
   2.0371300e+05   3.6315918e+01
   2.0383700e+05   3.9672852e+01
   2.0397900e+05   4.5593262e+01
   2.5791000e+05   2.3986816e+01
   2.5835300e+05   2.1545410e+01
   2.9578900e+05   3.9062500e+01
   2.9583900e+05   3.1799316e+01
   2.9590400e+05   2.5207520e+01
   3.1045000e+05   2.1179199e+01
   3.1069100e+05   3.2897949e+01
   3.1070200e+05   7.0983887e+01
   3.1074900e+05   2.3986816e+01
   3.1078000e+05   3.7109375e+01
   3.1079800e+05   5.6396484e+01
   3.1082200e+05   2.3132324e+01
   3.1085200e+05   2.4047852e+01
   3.1087700e+05   5.0476074e+01
   3.1095900e+05   3.9001465e+01
   3.1104900e+05   3.8146973e+01
   3.1114700e+05   4.2602539e+01
   3.1125000e+05   4.5166016e+01
   3.1137600e+05   3.8940430e+01
   3.1149900e+05   3.7475586e+01
   3.2181200e+05   2.2583008e+01
   3.2348200e+05   2.4536133e+01
   3.2553500e+05   3.0700684e+01
   3.2755700e+05   2.2033691e+01
   3.3059000e+05   2.6611328e+01
   3.3356300e+05   2.8320313e+01
   3.6449700e+05   3.4057617e+01
   3.6454900e+05   2.7038574e+01
   3.6473100e+05   6.2133789e+01
   4.2473600e+05   3.1127930e+01
   4.2479100e+05   3.3569336e+01
   4.2484400e+05   2.4169922e+01
   4.2485500e+05   2.5390625e+01
   4.3712200e+05   2.3071289e+01
   4.3726800e+05   3.4973145e+01
   4.3744800e+05   2.2766113e+01
   4.6337000e+05   2.2888184e+01
   4.6338000e+05   2.8747559e+01
   4.6344000e+05   3.2470703e+01
   4.8187100e+05   3.7719727e+01
   4.8192400e+05   3.0334473e+01
   4.8195300e+05   2.6062012e+01
   4.8198200e+05   4.0649414e+01
   5.0393800e+05   2.1972656e+01
   5.0396100e+05   2.2705078e+01
   5.0399900e+05   2.7160645e+01
   5.0403200e+05   6.3049316e+01
   5.0405000e+05   2.2460938e+01
   5.0407600e+05   4.0161133e+01
   5.0410500e+05   7.3364258e+01
   5.0414200e+05   2.8564453e+01
   5.0416500e+05   2.3986816e+01
   5.0417800e+05   2.2705078e+01
   5.0419200e+05   4.4982910e+01
   5.0427400e+05   4.0344238e+01
   5.0436000e+05   3.9306641e+01
   5.0445500e+05   3.8085938e+01
   5.0455300e+05   3.1921387e+01
   5.0465700e+05   3.6437988e+01
   5.0478700e+05   4.5837402e+01
   5.0492900e+05   3.4606934e+01
   5.0599600e+05   3.8146973e+01
   5.0618700e+05   3.5339355e+01
   5.0635400e+05   3.3020020e+01
   5.0652100e+05   3.8146973e+01
   5.0668700e+05   3.7597656e+01
   5.0684700e+05   3.0395508e+01
   5.0700500e+05   2.8625488e+01
   5.0715700e+05   2.6367188e+01
   5.0731700e+05   2.7221680e+01
   5.0747400e+05   2.3437500e+01
   5.0762500e+05   2.8137207e+01
   5.0777100e+05   2.6184082e+01
   5.0792300e+05   2.4902344e+01
   5.0807400e+05   2.5268555e+01
   5.0823100e+05   2.1362305e+01
   5.0839200e+05   2.5878906e+01
   5.0854500e+05   2.1240234e+01
   5.0871100e+05   2.9541016e+01
   5.0890500e+05   2.4475098e+01
   5.0908700e+05   2.1179199e+01
   5.0928700e+05   2.7465820e+01
   5.0952200e+05   3.2531738e+01
   5.0976000e+05   3.4790039e+01
   5.1003500e+05   2.6184082e+01
   5.1309400e+05   2.3193359e+01
   5.1503200e+05   2.7099609e+01
   5.1661300e+05   2.2583008e+01
   5.1853000e+05   2.3986816e+01
   5.2034500e+05   2.1789551e+01
   5.2211100e+05   2.8686523e+01
   5.2978400e+05   2.1789551e+01
   5.3740500e+05   2.3864746e+01
   5.3752900e+05   4.0710449e+01
   5.3754100e+05   2.6611328e+01
   5.3758200e+05   2.9113770e+01
   5.3759200e+05   2.9479980e+01
   5.3764300e+05   2.9602051e+01
   5.3778600e+05   6.6101074e+01
   5.3783400e+05   2.3620605e+01
   5.3786900e+05   2.2155762e+01
   5.3790100e+05   4.9194336e+01
   5.3802100e+05   4.3945313e+01
   5.3812800e+05   4.5471191e+01
   5.3824100e+05   4.0649414e+01
   5.3832600e+05   2.2521973e+01
   5.3835400e+05   3.7780762e+01
   5.3847800e+05   3.4606934e+01
   5.3861300e+05   3.3203125e+01
   5.3876900e+05   3.8635254e+01
   5.3893200e+05   4.1931152e+01
   5.5069100e+05   2.5695801e+01
   5.5518900e+05   2.2216797e+01
   5.5726100e+05   2.3437500e+01
   5.6332700e+05   2.1911621e+01
   5.6943200e+05   2.6123047e+01
   5.7889500e+05   3.8269043e+01
   5.7894400e+05   2.7587891e+01
   5.7896200e+05   2.1789551e+01
   5.7900000e+05   2.1911621e+01
   5.7906700e+05   2.2155762e+01
   5.7911700e+05   2.3132324e+01
   5.7915200e+05   6.0302734e+01
   5.7928400e+05   5.1147461e+01
   5.7943500e+05   4.6020508e+01
   6.0058700e+05   4.6325684e+01
   6.0062700e+05   2.2583008e+01
   6.0063700e+05   2.9602051e+01
   6.0085600e+05   5.8471680e+01
   6.3220100e+05   4.9743652e+01
   6.3225500e+05   4.1809082e+01
   6.3233300e+05   2.6489258e+01
   6.3244500e+05   5.8532715e+01
   6.3867400e+05   2.5817871e+01
   6.3870200e+05   3.6621094e+01
   6.3872900e+05   2.4658203e+01
   6.3876300e+05   3.5583496e+01
   6.3880400e+05   2.4719238e+01
   6.3883800e+05   2.7465820e+01
   6.3899200e+05   6.2683105e+01
   6.7157900e+05   3.3264160e+01
   6.7163400e+05   2.2644043e+01
   6.7170800e+05   2.4047852e+01
   6.7172900e+05   2.6245117e+01
   6.7185200e+05   5.2978516e+01
   6.8586000e+05   2.1423340e+01
   6.8588800e+05   3.7658691e+01
   6.8594300e+05   2.6000977e+01
   6.8599000e+05   2.5268555e+01
   6.8601800e+05   3.0273438e+01
   6.8603200e+05   2.1301270e+01
   6.8605800e+05   2.7099609e+01
   7.0108400e+05   3.3874512e+01
   7.0109500e+05   2.3315430e+01
   7.0114200e+05   2.7099609e+01
   7.0135200e+05   6.2927246e+01
   7.3566400e+05   3.7658691e+01
   7.3571400e+05   3.1311035e+01
   7.3574300e+05   2.5207520e+01
   7.3580400e+05   3.4179688e+01
   7.3592700e+05   7.1350098e+01
   7.6251000e+05   3.5461426e+01
   7.6252100e+05   2.4047852e+01
   7.6256100e+05   2.5390625e+01
   7.6258400e+05   2.3315430e+01
   7.6260800e+05   2.2521973e+01
   7.6261800e+05   2.4963379e+01
   7.8345700e+05   2.9296875e+01
   7.8347100e+05   2.6000977e+01
   7.8350600e+05   3.3630371e+01
   7.8355100e+05   2.2460938e+01
   7.8356100e+05   2.7465820e+01
   7.8369300e+05   5.2124023e+01
   7.9618100e+05   2.9785156e+01
   7.9753000e+05   3.7963867e+01
   7.9756800e+05   2.3803711e+01
   7.9758400e+05   2.6794434e+01
   7.9764000e+05   2.8503418e+01
   7.9779900e+05   5.7678223e+01
   8.1232000e+05   3.9367676e+01
   8.1243200e+05   3.2897949e+01
   8.1258300e+05   5.4199219e+01
   8.3410600e+05   2.1423340e+01
   8.3411900e+05   2.2094727e+01
   8.3414900e+05   5.1391602e+01
   8.3418300e+05   4.1687012e+01
   8.3420400e+05   2.1240234e+01
   8.3422700e+05   4.0649414e+01
   8.3426400e+05   2.9418945e+01
   8.3427700e+05   2.7893066e+01
   8.3431400e+05   3.5156250e+01
   8.3440000e+05   3.4790039e+01
   8.3443600e+05   2.3376465e+01
   8.3449000e+05   4.3090820e+01
   8.3453100e+05   2.3254395e+01
   8.3458500e+05   4.7546387e+01
   8.3469400e+05   4.1687012e+01
   8.3481900e+05   2.8198242e+01
   8.3495300e+05   2.6916504e+01
   8.3651700e+05   3.9489746e+01
   8.3669400e+05   3.7353516e+01
   8.3686200e+05   3.7475586e+01
   8.3701100e+05   3.3996582e+01
   8.3717000e+05   3.5217285e+01
   8.3732600e+05   3.4667969e+01
   8.3748200e+05   3.1066895e+01
   8.3762300e+05   2.9541016e+01
   8.3775900e+05   2.2949219e+01
   8.3790700e+05   2.1423340e+01
   8.3805300e+05   2.4169922e+01
   8.3819600e+05   2.7465820e+01
   8.3834100e+05   2.4780273e+01
   8.3862300e+05   2.3620605e+01
   8.3907000e+05   2.5085449e+01
   8.3925500e+05   2.6794434e+01
   8.3941700e+05   2.3498535e+01
   8.3974500e+05   2.4719238e+01
   8.3993500e+05   2.1850586e+01
   8.4014900e+05   2.3010254e+01
   8.4037500e+05   2.5207520e+01
   8.4065000e+05   2.8869629e+01
   8.4092100e+05   2.7282715e+01
   8.4399300e+05   2.7893066e+01
   8.4535900e+05   2.6245117e+01
   8.4703300e+05   2.5939941e+01
   8.4882200e+05   2.7893066e+01
   8.5091900e+05   2.3803711e+01
   8.5596300e+05   2.8320313e+01
   8.6750400e+05   2.7160645e+01
   8.6756500e+05   2.1911621e+01
   8.9001500e+05   3.2287598e+01
   8.9007000e+05   3.8269043e+01
   8.9012800e+05   3.0151367e+01
   8.9016500e+05   2.2033691e+01
   8.9028500e+05   5.8349609e+01
   9.0448100e+05   2.1667480e+01
   9.0449700e+05   3.2775879e+01
   9.0452500e+05   2.5024414e+01
   9.0454800e+05   3.3691406e+01
   9.0461200e+05   2.2094727e+01
   9.0474700e+05   5.7434082e+01
   9.3749300e+05   3.9916992e+01
   9.3754800e+05   3.1250000e+01
   9.3757000e+05   2.7099609e+01
   9.3758100e+05   2.2827148e+01
   9.3762500e+05   2.4719238e+01
   9.4702900e+05   5.2612305e+01
   9.4704300e+05   3.7109375e+01
   9.4705400e+05   2.5207520e+01
   9.4708100e+05   2.2583008e+01
   9.4712000e+05   5.3344727e+01
   9.4713500e+05   2.4902344e+01
   9.4717900e+05   2.2216797e+01
   9.4719300e+05   2.3071289e+01
   9.4721500e+05   3.5522461e+01
   9.4731100e+05   4.4372559e+01
   9.4740600e+05   3.8208008e+01
   9.4750500e+05   3.9916992e+01
   9.4762700e+05   4.0893555e+01
   9.4775600e+05   3.8146973e+01
   9.4792400e+05   3.6560059e+01
   9.4806500e+05   4.1748047e+01
   9.5983300e+05   2.2277832e+01
   9.6180600e+05   2.4230957e+01
   9.6367200e+05   2.8808594e+01
   9.6534400e+05   2.5939941e+01
   9.6716900e+05   2.4841309e+01
   9.6926300e+05   2.2399902e+01
   9.8156700e+05   2.2155762e+01
   9.8158700e+05   3.7475586e+01
   9.8164400e+05   2.6184082e+01
   9.8171600e+05   2.2399902e+01
   9.8174800e+05   2.7404785e+01
   9.8182300e+05   5.4077148e+01
   9.8196500e+05   4.7058105e+01
   9.8210400e+05   4.7912598e+01
   1.0048700e+06   3.8574219e+01
   1.0049150e+06   2.4047852e+01
   1.0049270e+06   2.1423340e+01
   1.0049670e+06   2.3193359e+01
   1.0050120e+06   2.4169922e+01
   1.0279130e+06   3.4057617e+01
   1.0279720e+06   2.4475098e+01
   1.0279960e+06   2.2583008e+01
   1.0280390e+06   2.2521973e+01
   1.0280610e+06   3.2287598e+01
   1.0283740e+06   3.1921387e+01
   1.0521720e+06   2.1728516e+01
   1.0545520e+06   3.7170410e+01
   1.0546060e+06   2.3803711e+01
   1.0546710e+06   2.3254395e+01
   1.0547020e+06   3.0456543e+01
   1.0707210e+06   3.7353516e+01
   1.0707770e+06   2.6916504e+01
   1.0708700e+06   2.7587891e+01
   1.0960140e+06   3.1982422e+01
   1.0960560e+06   2.5085449e+01
   1.0960670e+06   2.6977539e+01
   1.0961660e+06   2.5024414e+01
   1.1181560e+06   2.4169922e+01
   1.1181840e+06   3.3081055e+01
   1.1182310e+06   2.9418945e+01
   1.1182630e+06   2.2338867e+01
   1.1183020e+06   2.6611328e+01
   1.1451790e+06   2.1972656e+01
   1.1451950e+06   4.4372559e+01
   1.1452460e+06   2.7770996e+01
   1.1452850e+06   2.4597168e+01
   1.1453140e+06   2.5939941e+01
   1.1457420e+06   3.7658691e+01
   1.1707040e+06   3.0151367e+01
   1.1707150e+06   3.3691406e+01
   1.1707680e+06   2.8991699e+01
   1.1708400e+06   2.4597168e+01
   1.1709780e+06   2.6123047e+01
   1.1788290e+06   3.6193848e+01
   1.1788830e+06   3.4240723e+01
   1.1789110e+06   2.6123047e+01
   1.1789430e+06   2.2277832e+01
   1.1790350e+06   2.9602051e+01
   1.1791430e+06   5.4809570e+01
   1.2105110e+06   4.7424316e+01
   1.2105630e+06   2.6184082e+01
   1.2106610e+06   2.5268555e+01
   1.2113040e+06   3.2470703e+01
   1.2425230e+06   2.2644043e+01
   1.2425840e+06   3.6499023e+01
   1.2426550e+06   2.8381348e+01
   1.2560350e+06   3.5766602e+01
   1.2560930e+06   2.9724121e+01
   1.2561430e+06   2.2583008e+01
   1.2561770e+06   2.4536133e+01
   1.2563800e+06   3.5766602e+01
   1.2567450e+06   3.4057617e+01
   1.2895730e+06   3.6682129e+01
   1.2896200e+06   2.7404785e+01
   1.2896460e+06   2.1667480e+01
   1.2896970e+06   2.6306152e+01
   1.2898230e+06   2.6123047e+01
   1.2898510e+06   5.8898926e+01
   1.3190510e+06   3.1127930e+01
   1.3191070e+06   2.3864746e+01
   1.3191760e+06   2.1179199e+01
   1.3355410e+06   2.3498535e+01
   1.3358320e+06   2.4719238e+01
   1.3358790e+06   4.7729492e+01
   1.3359110e+06   3.7109375e+01
   1.3359290e+06   2.4291992e+01
   1.3359810e+06   4.6447754e+01
   1.3360290e+06   3.5095215e+01
   1.3360480e+06   2.1423340e+01
   1.3360680e+06   4.6875000e+01
   1.3360880e+06   2.5329590e+01
   1.3361630e+06   5.2246094e+01
   1.3362540e+06   3.7536621e+01
   1.3363560e+06   4.1809082e+01
   1.3364680e+06   4.3640137e+01
   1.3365860e+06   3.9794922e+01
   1.3367110e+06   3.8574219e+01
   1.3482180e+06   2.1667480e+01
   1.3504600e+06   2.8625488e+01
   1.3527210e+06   2.3559570e+01
   1.3554530e+06   2.3742676e+01
   1.3656690e+06   2.5695801e+01
   1.3837940e+06   3.3752441e+01
   1.3838530e+06   2.8869629e+01
   1.3838740e+06   2.1423340e+01
   1.3839300e+06   2.6000977e+01
   1.4153130e+06   2.3681641e+01
   1.4153250e+06   4.1442871e+01
   1.4153770e+06   3.0273438e+01
   1.4154470e+06   2.4841309e+01
   1.4399310e+06   3.9367676e+01
   1.4399870e+06   2.3864746e+01
   1.4400220e+06   3.1494141e+01
   1.4400740e+06   3.1921387e+01
   1.4402460e+06   5.8227539e+01
   1.4632580e+06   3.5949707e+01
   1.4633020e+06   2.5756836e+01
   1.4633250e+06   3.1005859e+01
   1.4633730e+06   2.3803711e+01
   1.4633990e+06   3.6193848e+01
   1.4635090e+06   6.0119629e+01
   1.4732260e+06   2.3559570e+01
   1.4732490e+06   2.6794434e+01
   1.4732640e+06   5.1513672e+01
   1.4732960e+06   5.5053711e+01
   1.4733250e+06   2.3010254e+01
   1.4733550e+06   5.0354004e+01
   1.4733870e+06   2.7099609e+01
   1.4734520e+06   5.1391602e+01
   1.4734720e+06   3.1494141e+01
   1.4735410e+06   4.3701172e+01
   1.4735510e+06   2.2460938e+01
   1.4736300e+06   4.1076660e+01
   1.4737000e+06   2.2033691e+01
   1.4737290e+06   3.8330078e+01
   1.4738290e+06   3.4484863e+01
   1.4739450e+06   3.5705566e+01
   1.4740860e+06   2.5085449e+01
   1.4742280e+06   3.8574219e+01
   1.4743560e+06   3.8085938e+01
   1.4745100e+06   3.5095215e+01
   1.4746740e+06   3.2653809e+01
   1.4748390e+06   3.1738281e+01
   1.4749990e+06   3.6315918e+01
   1.4751690e+06   2.5207520e+01
   1.4753510e+06   3.5339355e+01
   1.4755000e+06   2.7404785e+01
   1.4756630e+06   3.0761719e+01
   1.4758120e+06   2.3742676e+01
   1.4759730e+06   2.6428223e+01
   1.4761260e+06   2.8381348e+01
   1.4762730e+06   2.2460938e+01
   1.4764440e+06   3.2653809e+01
   1.4766000e+06   2.3193359e+01
   1.4767680e+06   2.3864746e+01
   1.4769380e+06   2.6672363e+01
   1.4771140e+06   2.6550293e+01
   1.4772850e+06   2.3620605e+01
   1.4774590e+06   2.5878906e+01
   1.4776350e+06   2.1362305e+01
   1.4778140e+06   2.6000977e+01
   1.4779910e+06   2.2033691e+01
   1.4783420e+06   2.1972656e+01
   1.4785420e+06   2.5512695e+01
   1.4787490e+06   2.3986816e+01
   1.4789610e+06   2.3254395e+01
   1.4791550e+06   2.1606445e+01
   1.4793750e+06   2.1972656e+01
   1.4796090e+06   2.5512695e+01
   1.4799130e+06   2.3559570e+01
   1.4802510e+06   3.1799316e+01
   1.4955140e+06   2.5207520e+01
   1.5045430e+06   3.4057617e+01
   1.5266030e+06   2.6855469e+01
   1.5280360e+06   3.2409668e+01
   1.5280480e+06   2.3010254e+01
   1.5280780e+06   2.3437500e+01
   1.5280950e+06   3.3203125e+01
   1.5281470e+06   2.2033691e+01
   1.5282980e+06   4.7180176e+01
   1.5492740e+06   3.9245605e+01
   1.5493240e+06   3.6254883e+01
   1.5493930e+06   2.2033691e+01
   1.5495310e+06   5.1147461e+01
   1.5761390e+06   3.4118652e+01
   1.5762030e+06   2.3559570e+01
   1.5762860e+06   2.4902344e+01
   1.5979040e+06   3.1311035e+01
   1.5979540e+06   2.3864746e+01
   1.5979980e+06   2.2521973e+01
   1.5980530e+06   2.6672363e+01
   1.5980690e+06   2.2033691e+01
   1.5982110e+06   2.6977539e+01
   1.6077310e+06   5.1086426e+01
   1.6077570e+06   3.0944824e+01
   1.6077670e+06   4.2236328e+01
   1.6077780e+06   2.7832031e+01
   1.6078010e+06   3.1311035e+01
   1.6078250e+06   4.6325684e+01
   1.6078730e+06   3.7841797e+01
   1.6079140e+06   3.6987305e+01
   1.6080030e+06   4.0161133e+01
   1.6080970e+06   3.7719727e+01
   1.6081930e+06   3.6804199e+01
   1.6082210e+06   2.7160645e+01
   1.6082900e+06   3.6315918e+01
   1.6083950e+06   3.6682129e+01
   1.6085180e+06   3.7353516e+01
   1.6086480e+06   3.7780762e+01
   1.6087980e+06   4.0039063e+01
   1.6106820e+06   4.3029785e+01
   1.6109450e+06   3.8940430e+01
   1.6111540e+06   3.7414551e+01
   1.6113340e+06   3.9001465e+01
   1.6115050e+06   3.4973145e+01
   1.6116700e+06   3.6254883e+01
   1.6118310e+06   2.8320313e+01
   1.6119840e+06   2.5634766e+01
   1.6121420e+06   2.7099609e+01
   1.6122980e+06   2.3315430e+01
   1.6126100e+06   2.1240234e+01
   1.6127690e+06   2.2399902e+01
   1.6129300e+06   2.3559570e+01
   1.6132590e+06   2.3925781e+01
   1.6134410e+06   2.6794434e+01
   1.6136330e+06   2.9846191e+01
   1.6138280e+06   2.9052734e+01
   1.6140620e+06   2.8747559e+01
   1.6143340e+06   3.2775879e+01
   1.6147310e+06   3.1860352e+01
   1.6219300e+06   2.8930664e+01
   1.6240390e+06   2.8381348e+01
   1.6262970e+06   2.2277832e+01
   1.6292270e+06   2.3986816e+01
   1.6318830e+06   2.9785156e+01
   1.6344480e+06   2.5329590e+01
   1.6377870e+06   4.3212891e+01
   1.6378460e+06   3.3386230e+01
   1.6379010e+06   2.2216797e+01
   1.6379420e+06   2.4475098e+01
   1.6380910e+06   5.7250977e+01
   1.6749480e+06   2.6489258e+01
   1.6749740e+06   2.1423340e+01
   1.6750010e+06   2.9846191e+01
   1.6750330e+06   2.1423340e+01
   1.6750640e+06   3.2653809e+01
   1.6752270e+06   6.3476563e+01
   1.7040120e+06   3.4851074e+01
   1.7040360e+06   2.3803711e+01
   1.7040690e+06   2.5451660e+01
   1.7041370e+06   3.4179688e+01
   1.7261980e+06   3.6926270e+01
   1.7262800e+06   2.6672363e+01
   1.7263350e+06   2.4108887e+01
   1.7533710e+06   3.4667969e+01
   1.7534250e+06   2.8381348e+01
   1.7534540e+06   2.5573730e+01
   1.7535030e+06   2.5085449e+01
   1.7536860e+06   5.5358887e+01
   1.7774900e+06   3.1799316e+01
   1.7775450e+06   2.9907227e+01
   1.7776230e+06   2.4658203e+01
   1.8053040e+06   3.6376953e+01
   1.8053600e+06   2.5573730e+01
   1.8053780e+06   2.1972656e+01
   1.8054350e+06   2.9907227e+01
   1.8305710e+06   3.2531738e+01
   1.8306270e+06   2.1911621e+01
   1.8307490e+06   2.8503418e+01
   1.8310770e+06   2.8503418e+01
   1.8318720e+06   3.9184570e+01
   1.8319940e+06   3.3264160e+01
   1.8320300e+06   2.3742676e+01
   1.8321200e+06   2.7893066e+01
   1.8322590e+06   2.8137207e+01
   1.8324000e+06   2.3559570e+01
   1.8325310e+06   2.1667480e+01
   1.8328390e+06   2.3803711e+01
   1.8762440e+06   3.0700684e+01
   1.8762650e+06   2.1484375e+01
   1.8762960e+06   3.7414551e+01
   1.8763910e+06   3.2043457e+01
   1.8765020e+06   5.7128906e+01
   1.8766720e+06   3.5156250e+01
   1.8771040e+06   3.4729004e+01
   1.8773440e+06   3.2775879e+01
   1.8937010e+06   2.3315430e+01
   1.8937180e+06   2.1301270e+01
   1.8937530e+06   6.1828613e+01
   1.8937940e+06   2.5451660e+01
   1.8938160e+06   2.3254395e+01
   1.8938470e+06   4.5959473e+01
   1.8938680e+06   3.1188965e+01
   1.8939210e+06   2.1484375e+01
   1.8939380e+06   4.1687012e+01
   1.8939720e+06   2.1850586e+01
   1.8940260e+06   4.3884277e+01
   1.8941200e+06   4.7973633e+01
   1.8942180e+06   3.4545898e+01
   1.8943340e+06   4.9438477e+01
   1.9043860e+06   2.4414063e+01
   1.9064180e+06   2.5329590e+01
   1.9084330e+06   2.2888184e+01
   1.9107910e+06   3.0334473e+01
   1.9153640e+06   2.9724121e+01
   1.9177720e+06   2.3071289e+01
   1.9296300e+06   2.2827148e+01
   1.9312530e+06   2.1179199e+01
   1.9312790e+06   2.7954102e+01
   1.9313450e+06   3.7170410e+01
   1.9313820e+06   2.1728516e+01
   1.9314160e+06   2.1606445e+01
   1.9315260e+06   2.1301270e+01
   1.9316050e+06   5.5603027e+01
   1.9691290e+06   3.7048340e+01
   1.9691860e+06   3.8940430e+01
   1.9692070e+06   2.2338867e+01
   1.9692600e+06   2.4291992e+01
   1.9694350e+06   5.4443359e+01
   1.9696160e+06   3.7170410e+01
   1.9961640e+06   3.6437988e+01
   1.9962200e+06   3.0395508e+01
   1.9962630e+06   2.2399902e+01
   1.9962970e+06   2.4963379e+01
   2.0202000e+06   3.4851074e+01
   2.0202590e+06   2.4475098e+01
   2.0202790e+06   2.1789551e+01
   2.0203420e+06   2.7465820e+01
   2.0430130e+06   2.4047852e+01
   2.0430630e+06   2.3132324e+01
   2.0430870e+06   4.8767090e+01
   2.0431100e+06   2.3864746e+01
   2.0431220e+06   3.5522461e+01
   2.0431980e+06   4.1931152e+01
   2.0432180e+06   3.5644531e+01
   2.0432920e+06   3.7475586e+01
   2.0433880e+06   4.4189453e+01
   2.0434800e+06   4.1381836e+01
   2.0435790e+06   4.3762207e+01
   2.0436950e+06   4.4921875e+01
   2.0438250e+06   4.0100098e+01
   2.0440120e+06   4.2785645e+01
   2.0576870e+06   2.5939941e+01
   2.0577480e+06   2.2277832e+01
   2.0597520e+06   2.5329590e+01
   2.0625000e+06   3.3691406e+01
   2.0655110e+06   2.3315430e+01
   2.0764520e+06   2.2460938e+01
   2.0811310e+06   3.4179688e+01
   2.0811920e+06   2.2155762e+01
   2.0812390e+06   2.1545410e+01
   2.0812790e+06   2.8137207e+01
   2.0814130e+06   4.9987793e+01
   2.1100300e+06   3.5400391e+01
   2.1100870e+06   2.5085449e+01
   2.1303530e+06   4.8339844e+01
   2.1304150e+06   2.9968262e+01
   2.1304860e+06   2.4475098e+01
   2.1305350e+06   2.1179199e+01
   2.1305750e+06   2.2155762e+01
   2.1603610e+06   2.2583008e+01
   2.1604280e+06   2.6611328e+01
   2.1605070e+06   2.7465820e+01
   2.1772230e+06   5.9997559e+01
   2.1772540e+06   4.4250488e+01
   2.1772830e+06   2.3010254e+01
   2.1773390e+06   6.0791016e+01
   2.1773720e+06   2.6489258e+01
   2.1774360e+06   4.1625977e+01
   2.1774460e+06   2.9602051e+01
   2.1775310e+06   3.5583496e+01
   2.1776310e+06   3.7658691e+01
   2.1777430e+06   3.9306641e+01
   2.1778650e+06   3.8818359e+01
   2.1780000e+06   4.1625977e+01
   2.1781360e+06   3.8208008e+01
   2.1782920e+06   4.2297363e+01
   2.1784680e+06   3.7292480e+01
   2.1939500e+06   3.1738281e+01
   2.2016230e+06   2.5634766e+01
   2.2258780e+06   4.0344238e+01
   2.2259450e+06   3.7658691e+01
   2.2509410e+06   3.4240723e+01
   2.2510100e+06   2.6062012e+01
   2.2510240e+06   2.1301270e+01
   2.2510860e+06   2.5024414e+01
   2.2511220e+06   2.2216797e+01
   2.2512140e+06   5.7983398e+01
   2.2750470e+06   3.5217285e+01
   2.2751090e+06   3.3447266e+01
   2.2751340e+06   2.6367188e+01
   2.2990170e+06   3.6376953e+01
   2.2990430e+06   2.1240234e+01
   2.2990810e+06   2.7893066e+01
   2.2991600e+06   2.8625488e+01
   2.2991990e+06   2.3315430e+01
   2.2992800e+06   6.2133789e+01
   2.3097280e+06   2.9785156e+01
   2.3098300e+06   2.1362305e+01
   2.3099740e+06   2.2766113e+01
   2.3104020e+06   2.6916504e+01
   2.3109300e+06   4.0100098e+01
   2.3110430e+06   3.3996582e+01
   2.3111240e+06   2.2399902e+01
   2.3111480e+06   2.9846191e+01
   2.3494960e+06   3.1738281e+01
   2.3495320e+06   2.1179199e+01
   2.3495570e+06   3.2958984e+01
   2.3496040e+06   2.2277832e+01
   2.3496330e+06   2.2705078e+01
   2.3742340e+06   4.0344238e+01
   2.3742590e+06   2.4414063e+01
   2.3742900e+06   2.1545410e+01
   2.3997750e+06   2.1301270e+01
   2.3998400e+06   2.7832031e+01
   2.3998700e+06   2.1972656e+01
   2.3999280e+06   2.6916504e+01
   2.4223560e+06   3.4057617e+01
   2.4223860e+06   2.2644043e+01
   2.4224120e+06   3.3874512e+01
   2.4476200e+06   3.9428711e+01
   2.4476730e+06   2.1484375e+01
   2.4476940e+06   2.4902344e+01
   2.4477700e+06   2.1606445e+01
   2.4775610e+06   2.2766113e+01
   2.4775880e+06   3.6315918e+01
   2.4776490e+06   2.5634766e+01
   2.4777740e+06   2.8320313e+01
   2.4912400e+06   3.6132813e+01
   2.4913320e+06   2.5634766e+01
   2.4913680e+06   3.1921387e+01
   2.5171950e+06   3.7231445e+01
   2.5172570e+06   2.8137207e+01
   2.5172940e+06   2.2705078e+01
   2.5173320e+06   2.5878906e+01
   2.5307830e+06   2.1789551e+01
   2.5308550e+06   5.8044434e+01
   2.5308690e+06   3.9550781e+01
   2.5308940e+06   3.1555176e+01
   2.5309470e+06   5.2551270e+01
   2.5309750e+06   3.2897949e+01
   2.5310100e+06   2.1667480e+01
   2.5310420e+06   4.9987793e+01
   2.5311350e+06   4.4799805e+01
   2.5312320e+06   3.9001465e+01
   2.5313360e+06   3.6376953e+01
   2.5314560e+06   4.0527344e+01
   2.5439940e+06   2.5268555e+01
   2.5457960e+06   2.6062012e+01
   2.5515950e+06   2.7832031e+01
   2.5540170e+06   2.3315430e+01
   2.5574930e+06   2.4963379e+01
   2.5852690e+06   3.1250000e+01
   2.5853290e+06   2.4047852e+01
   2.6131840e+06   2.2094727e+01
   2.6132150e+06   3.7414551e+01
   2.6132770e+06   2.8259277e+01
   2.6132940e+06   2.3010254e+01
   2.6133490e+06   2.1667480e+01
   2.6134210e+06   2.4353027e+01
   2.6134700e+06   5.9997559e+01
   2.6352540e+06   3.3630371e+01
   2.6353120e+06   2.9846191e+01
   2.6353380e+06   2.1667480e+01
   2.6353840e+06   2.2155762e+01
   2.6355120e+06   5.7678223e+01
   2.6605430e+06   4.1076660e+01
   2.6606110e+06   3.9245605e+01
   2.6848900e+06   3.8085938e+01
   2.6849500e+06   2.2094727e+01
   2.6850410e+06   2.3193359e+01
   2.6851710e+06   6.1096191e+01
   2.6853540e+06   2.8869629e+01
   2.6855500e+06   3.1250000e+01
   2.6856900e+06   2.7038574e+01
   2.6858620e+06   2.2949219e+01
   2.6860400e+06   2.5146484e+01
   2.6862170e+06   2.1423340e+01
   2.6862400e+06   2.2460938e+01
   2.6865690e+06   2.3315430e+01
   2.7237720e+06   3.2043457e+01
   2.7238220e+06   2.2460938e+01
   2.7238990e+06   2.1545410e+01
   2.7239580e+06   2.3620605e+01
   2.7240580e+06   5.8837891e+01
   2.7508680e+06   3.3020020e+01
   2.7509290e+06   2.7954102e+01
   2.7510090e+06   2.5024414e+01
   2.7510410e+06   2.1423340e+01
   2.7816720e+06   2.2338867e+01
   2.7817710e+06   4.1137695e+01
   2.7819550e+06   3.5034180e+01
   2.7820150e+06   5.4931641e+01
   2.7832600e+06   3.9245605e+01
   2.7834220e+06   2.7526855e+01
   2.7835080e+06   2.2460938e+01
   2.7835980e+06   2.6672363e+01
   2.7836110e+06   2.9113770e+01
   2.7837100e+06   2.1179199e+01
   2.7841700e+06   2.3498535e+01
   2.7845790e+06   2.9113770e+01
   2.7847950e+06   2.3803711e+01
   2.7848640e+06   2.1972656e+01
   2.7849670e+06   2.4780273e+01
   2.7856470e+06   2.1545410e+01
   2.7858930e+06   2.2216797e+01
   2.7861820e+06   2.3376465e+01
   2.7864070e+06   2.2705078e+01
   2.7867330e+06   2.1179199e+01
   2.7872340e+06   2.6855469e+01
   2.7873280e+06   2.1362305e+01
   2.7874820e+06   2.1850586e+01
   2.7878020e+06   2.4841309e+01
   2.7881030e+06   2.7343750e+01
   2.7884560e+06   2.3864746e+01
   2.7888670e+06   2.5695801e+01
   2.7892060e+06   2.6733398e+01
   2.7895070e+06   2.9846191e+01
   2.7898410e+06   2.5573730e+01
   2.7950250e+06   2.7526855e+01
   2.7951110e+06   3.5461426e+01
   2.7951980e+06   2.4230957e+01
   2.7953340e+06   5.3833008e+01
   2.7955210e+06   5.2856445e+01
   2.7958300e+06   2.9602051e+01
   2.7960380e+06   2.3376465e+01
   2.7962270e+06   2.5390625e+01
   2.7964540e+06   2.5756836e+01
   2.7964790e+06   2.1789551e+01
   2.7966720e+06   2.2033691e+01
   2.8571310e+06   3.9184570e+01
   2.8571820e+06   2.9479980e+01
   2.8571930e+06   2.2583008e+01
   2.8572410e+06   2.7038574e+01
   2.8573780e+06   6.6223145e+01
   2.8575380e+06   4.7424316e+01
   2.8585890e+06   3.1799316e+01
   2.8587030e+06   3.5400391e+01
   2.8587820e+06   2.1484375e+01
   2.8588010e+06   2.3559570e+01
   2.8588870e+06   2.2888184e+01
   2.8591540e+06   2.1667480e+01
   2.8595540e+06   3.1005859e+01
   2.8597570e+06   2.3925781e+01
   2.8599260e+06   2.4841309e+01
   2.8603110e+06   2.5451660e+01
   2.8605850e+06   3.3752441e+01
   2.8616600e+06   3.4667969e+01
   2.8619440e+06   3.4606934e+01
   2.8622590e+06   2.7832031e+01
   2.8627020e+06   3.3386230e+01
   2.8629650e+06   2.7465820e+01
   2.8632940e+06   3.0334473e+01
   2.8636890e+06   2.6794434e+01
   2.8641800e+06   3.3813477e+01
   2.8651100e+06   2.6489258e+01
   2.8655610e+06   2.4597168e+01
   2.8663030e+06   3.3874512e+01
   2.8664870e+06   2.3742676e+01
   2.8667290e+06   2.6733398e+01
   2.8671290e+06   2.4108887e+01
   2.8676310e+06   3.1433105e+01
   2.8682930e+06   3.4973145e+01
   2.8688890e+06   2.2521973e+01
   2.8693740e+06   2.4353027e+01
   2.8700470e+06   2.5085449e+01
   2.8707650e+06   2.2277832e+01
   2.8711350e+06   2.8015137e+01
   2.9006670e+06   2.3803711e+01
   2.9007600e+06   3.0700684e+01
   2.9008080e+06   2.2399902e+01
   2.9008930e+06   2.1301270e+01
   2.9009720e+06   6.9030762e+01
   2.9010860e+06   3.4301758e+01
   2.9011010e+06   4.8339844e+01
   2.9012250e+06   5.9326172e+01
   2.9013460e+06   5.0903320e+01
   2.9016580e+06   2.7832031e+01
   2.9019010e+06   2.9174805e+01
   2.9020640e+06   2.8259277e+01
   2.9028950e+06   2.9052734e+01
   2.9031680e+06   2.9541016e+01
   2.9033350e+06   3.4179688e+01
   2.9035370e+06   2.4291992e+01
   2.9042420e+06   2.7832031e+01
   2.9045070e+06   2.6367188e+01
   2.9050970e+06   2.6855469e+01
   2.9054100e+06   2.8625488e+01
   2.9057840e+06   2.6245117e+01
   2.9063260e+06   2.7160645e+01
   2.9069090e+06   2.8564453e+01
   2.9763930e+06   2.3071289e+01
   2.9764610e+06   2.3498535e+01
   2.9764790e+06   4.2114258e+01
   2.9765160e+06   2.1911621e+01
   2.9765460e+06   5.3039551e+01
   2.9765840e+06   2.2827148e+01
   2.9766310e+06   2.4169922e+01
   2.9766570e+06   4.6020508e+01
   2.9766770e+06   2.1484375e+01
   2.9767270e+06   2.2094727e+01
   2.9767530e+06   4.5288086e+01
   2.9768520e+06   4.7363281e+01
   2.9769570e+06   4.8217773e+01
   2.9785530e+06   3.3569336e+01
   2.9788250e+06   3.7475586e+01
   2.9790120e+06   2.9785156e+01
   2.9791970e+06   2.7160645e+01
   2.9793730e+06   2.8320313e+01
   2.9795250e+06   2.1850586e+01
   2.9799860e+06   2.5512695e+01
   2.9802050e+06   2.2460938e+01
   2.9805190e+06   2.3132324e+01
   2.9810640e+06   2.1484375e+01
   2.9813960e+06   3.1066895e+01
   2.9817540e+06   2.2460938e+01
   2.9824470e+06   2.6306152e+01
   2.9828440e+06   2.2460938e+01
   2.9831620e+06   2.5268555e+01
   2.9834550e+06   2.4841309e+01
   2.9837120e+06   2.5085449e+01
   2.9839330e+06   2.6123047e+01
   2.9842930e+06   2.6245117e+01
   3.0035490e+06   2.5085449e+01
   3.0801340e+06   2.2766113e+01
   3.0801530e+06   3.0700684e+01
   3.0801760e+06   5.3344727e+01
   3.0802450e+06   2.3986816e+01
   3.0802860e+06   5.0659180e+01
   3.0803050e+06   2.2094727e+01
   3.0803320e+06   3.1616211e+01
   3.0803870e+06   4.0954590e+01
   3.0804810e+06   4.3151855e+01
   3.0805840e+06   4.9682617e+01
   3.0806890e+06   4.1076660e+01
   3.0962790e+06   2.6184082e+01
   3.1030300e+06   2.2033691e+01
   3.1682100e+06   3.7048340e+01
   3.1682680e+06   2.6367188e+01
   3.1683300e+06   2.8747559e+01
   3.1683770e+06   3.1982422e+01
   3.1685080e+06   6.6406250e+01
   3.2207170e+06   2.1423340e+01
   3.2418020e+06   2.6245117e+01
   3.2492990e+06   2.9418945e+01
   3.2560710e+06   3.6743164e+01
   3.2561140e+06   2.1423340e+01
   3.2561360e+06   2.8137207e+01
   3.2562190e+06   2.8991699e+01
   3.2564130e+06   2.7709961e+01
   3.2889600e+06   2.6306152e+01
   3.2891410e+06   2.2644043e+01
   3.3055400e+06   3.6254883e+01
   3.3055950e+06   2.2705078e+01
   3.3056770e+06   2.7893066e+01
   3.3058210e+06   3.2531738e+01
   3.3351800e+06   5.9875488e+01
   3.3352020e+06   2.8808594e+01
   3.3352910e+06   4.8828125e+01
   3.3353500e+06   3.6254883e+01
   3.3353810e+06   4.4799805e+01
   3.3354240e+06   2.3315430e+01
   3.3354720e+06   3.8269043e+01
   3.3355690e+06   3.9428711e+01
   3.3356830e+06   4.5715332e+01
   3.3357940e+06   3.7231445e+01
   3.3359270e+06   3.9367676e+01
   3.3363310e+06   4.2114258e+01
   3.3369790e+06   4.3212891e+01
   3.3371900e+06   3.9916992e+01
   3.3373620e+06   3.8330078e+01
   3.3375540e+06   4.1809082e+01
   3.3377430e+06   3.6193848e+01
   3.3379250e+06   3.0517578e+01
   3.3381050e+06   2.9113770e+01
   3.3382910e+06   2.8320313e+01
   3.3384810e+06   2.9602051e+01
   3.3386520e+06   2.5207520e+01
   3.3388280e+06   2.8137207e+01
   3.3390080e+06   3.0639648e+01
   3.3391800e+06   2.3498535e+01
   3.3393760e+06   2.5573730e+01
   3.3395780e+06   2.7954102e+01
   3.3397680e+06   2.8381348e+01
   3.3399380e+06   2.6245117e+01
   3.3401230e+06   2.3010254e+01
   3.3402940e+06   2.2705078e+01
   3.3404950e+06   2.2521973e+01
   3.3407380e+06   2.5878906e+01
   3.3409890e+06   3.1677246e+01
   3.3413160e+06   3.0883789e+01
   3.3416720e+06   3.4057617e+01
   3.3461550e+06   2.6489258e+01
   3.3485590e+06   2.9479980e+01
   3.3510560e+06   2.1545410e+01
   3.3541100e+06   2.9113770e+01
   3.3565710e+06   2.3315430e+01
   3.3566380e+06   2.5573730e+01
   3.3599190e+06   3.1311035e+01
   3.3844670e+06   2.5268555e+01
   3.3846720e+06   2.1667480e+01
   3.3849190e+06   4.2419434e+01
   3.3851150e+06   5.9387207e+01
   3.3852690e+06   4.5166016e+01
   3.3853440e+06   2.3193359e+01
   3.3853670e+06   2.1850586e+01
   3.3853920e+06   4.4860840e+01
   3.3854570e+06   2.5451660e+01
   3.3855000e+06   3.7231445e+01
   3.3855150e+06   4.2663574e+01
   3.3855430e+06   2.2521973e+01
   3.3856140e+06   4.0344238e+01
   3.3856520e+06   2.2277832e+01
   3.3857280e+06   3.0578613e+01
   3.3858660e+06   4.4067383e+01
   3.3860250e+06   3.7231445e+01
   3.3861760e+06   3.7536621e+01
   3.3863640e+06   3.7414551e+01
   3.4034630e+06   2.2827148e+01
   3.4112410e+06   3.1433105e+01
   3.4312030e+06   2.3986816e+01
   3.4728340e+06   2.2094727e+01
   3.4729000e+06   3.0822754e+01
   3.5201200e+06   2.6245117e+01
   3.5201830e+06   2.8442383e+01
   3.5357630e+06   2.1728516e+01
   3.5622930e+06   3.2714844e+01
   3.5623480e+06   2.7709961e+01
   3.5623730e+06   2.4841309e+01
   3.5624570e+06   2.7404785e+01
   3.5625230e+06   2.1667480e+01
   3.5626310e+06   3.2470703e+01
   3.6034140e+06   3.9367676e+01
   3.6034710e+06   2.9602051e+01
   3.6035030e+06   2.5817871e+01
   3.6394210e+06   3.2775879e+01
   3.6394740e+06   3.0578613e+01
   3.6820860e+06   3.6926270e+01
   3.6821520e+06   3.6437988e+01
   3.7229480e+06   2.1667480e+01
   3.7230190e+06   2.3925781e+01
   3.7231990e+06   5.5114746e+01
   3.7276230e+06   2.5329590e+01
   3.7277710e+06   2.5756836e+01
   3.7281530e+06   5.7678223e+01
   3.7281910e+06   2.4475098e+01
   3.7282300e+06   2.6123047e+01
   3.7282400e+06   3.3203125e+01
   3.7282640e+06   4.4128418e+01
   3.7283580e+06   3.7536621e+01
   3.7283770e+06   3.2104492e+01
   3.7284520e+06   3.8208008e+01
   3.7285500e+06   3.4973145e+01
   3.7286570e+06   3.6621094e+01
   3.7287600e+06   3.7963867e+01
   3.7288900e+06   3.8696289e+01
   3.7290540e+06   4.1625977e+01
   3.7292030e+06   3.5827637e+01
   3.7293750e+06   3.6010742e+01
   3.7295430e+06   3.6010742e+01
   3.7296960e+06   3.8574219e+01
   3.7298620e+06   3.6071777e+01
   3.7300310e+06   3.0273438e+01
   3.7302010e+06   3.4423828e+01
   3.7303510e+06   2.8259277e+01
   3.7305150e+06   3.1616211e+01
   3.7306840e+06   2.3925781e+01
   3.7308650e+06   2.8625488e+01
   3.7310480e+06   2.9174805e+01
   3.7312240e+06   2.9296875e+01
   3.7313960e+06   2.6184082e+01
   3.7315570e+06   2.4536133e+01
   3.7317290e+06   2.2521973e+01
   3.7319230e+06   2.5207520e+01
   3.7320850e+06   2.4536133e+01
   3.7322680e+06   2.3132324e+01
   3.7328040e+06   2.2827148e+01
   3.7329920e+06   2.4597168e+01
   3.7331850e+06   2.6245117e+01
   3.7333700e+06   3.1005859e+01
   3.7335750e+06   2.7587891e+01
   3.7337820e+06   2.1728516e+01
   3.7340140e+06   2.7282715e+01
   3.7342380e+06   2.2155762e+01
   3.7345010e+06   2.3620605e+01
   3.7348020e+06   3.0090332e+01
   3.7449910e+06   2.2888184e+01
   3.7480970e+06   2.6062012e+01
   3.7508030e+06   2.1484375e+01
   3.7616170e+06   3.4545898e+01
   3.7616340e+06   2.1789551e+01
   3.7616790e+06   2.9418945e+01
   3.7617240e+06   2.2155762e+01
   3.7617690e+06   2.5085449e+01
   3.8108560e+06   2.5573730e+01
   3.8110930e+06   2.2460938e+01
   3.8113690e+06   2.2094727e+01
   3.8119380e+06   2.2888184e+01
   3.8126970e+06   2.7832031e+01
   3.8574290e+06   3.8085938e+01
   3.8574980e+06   3.8024902e+01
   3.8774730e+06   4.9621582e+01
   3.8775300e+06   2.8320313e+01
   3.8775490e+06   5.0476074e+01
   3.8775690e+06   4.6691895e+01
   3.8776610e+06   3.5095215e+01
   3.8777510e+06   3.2470703e+01
   3.8778540e+06   3.6193848e+01
   3.8779690e+06   3.0700684e+01
   3.8780890e+06   3.9062500e+01
   3.8782240e+06   3.6010742e+01
   3.8783550e+06   3.9855957e+01
   3.8961720e+06   2.3986816e+01
   3.8994640e+06   2.2705078e+01
   3.9092080e+06   2.1606445e+01
   3.9129250e+06   2.2155762e+01
   3.9489150e+06   3.3081055e+01
   3.9489270e+06   2.4291992e+01
   3.9489810e+06   2.7221680e+01
   3.9634400e+06   2.2644043e+01
   3.9635930e+06   2.3986816e+01
   3.9636450e+06   2.1362305e+01
   3.9636800e+06   5.4016113e+01
   3.9638020e+06   5.5847168e+01
   3.9639070e+06   4.1198730e+01
   3.9639240e+06   2.5512695e+01
   3.9639770e+06   2.3925781e+01
   3.9640070e+06   4.5043945e+01
   3.9641100e+06   4.4311523e+01
   3.9642270e+06   3.9245605e+01
   3.9643520e+06   4.0466309e+01
   3.9645010e+06   3.8818359e+01
   3.9646590e+06   4.2419434e+01
   3.9858510e+06   2.6489258e+01
   4.0200070e+06   2.5634766e+01
   4.0203100e+06   2.7526855e+01
   4.0491160e+06   4.6081543e+01
   4.0491840e+06   2.7221680e+01
   4.0493170e+06   2.9724121e+01
   4.0814140e+06   3.6743164e+01
   4.0814970e+06   3.8024902e+01
   4.1010790e+06   5.7617188e+01
   4.1011920e+06   5.3588867e+01
   4.1012200e+06   2.7038574e+01
   4.1012960e+06   3.4912109e+01
   4.1013990e+06   4.3640137e+01
   4.1015110e+06   3.9916992e+01
   4.1016310e+06   4.1442871e+01
   4.1017740e+06   4.4921875e+01
   4.1019270e+06   3.9733887e+01
   4.1251780e+06   2.8320313e+01
   4.1548890e+06   2.4475098e+01
   4.1549540e+06   2.2521973e+01
   4.1628300e+06   2.1789551e+01
   4.1628990e+06   2.2949219e+01
   4.1629860e+06   2.8869629e+01
   4.1630220e+06   5.5480957e+01
   4.1630580e+06   3.3142090e+01
   4.1630940e+06   2.7648926e+01
   4.1631260e+06   4.7607422e+01
   4.1632230e+06   4.2724609e+01
   4.1633230e+06   4.5166016e+01
   4.1634350e+06   3.6865234e+01
   4.1634450e+06   2.3315430e+01
   4.1635550e+06   3.3081055e+01
   4.1636710e+06   3.6560059e+01
   4.1638260e+06   3.3142090e+01
   4.1767630e+06   2.2216797e+01
   4.1799980e+06   2.4963379e+01
   4.1828680e+06   2.2521973e+01
   4.1962520e+06   2.2338867e+01
   4.2250090e+06   2.9785156e+01
   4.2250750e+06   2.4230957e+01
   4.2365870e+06   6.1645508e+01
   4.2606250e+06   2.6977539e+01
   4.2606590e+06   2.2277832e+01
   4.2606850e+06   3.1738281e+01
   4.2904440e+06   3.1982422e+01
   4.2905040e+06   2.7954102e+01
   4.2905170e+06   2.2216797e+01
   4.2905780e+06   2.6367188e+01
   4.2906480e+06   2.1423340e+01
   4.2906800e+06   5.1696777e+01
   4.3128400e+06   2.4658203e+01
   4.3130060e+06   2.6550293e+01
   4.3166960e+06   5.7739258e+01
   4.3167270e+06   2.1911621e+01
   4.3168170e+06   5.8227539e+01
   4.3168270e+06   2.2705078e+01
   4.3168880e+06   3.4973145e+01
   4.3169210e+06   6.3293457e+01
   4.3170270e+06   4.5349121e+01
   4.3171370e+06   3.6560059e+01
   4.3172600e+06   3.8452148e+01
   4.3301290e+06   2.7770996e+01
   4.3372500e+06   2.4902344e+01
   4.3675800e+06   2.1484375e+01
   4.3676280e+06   3.1127930e+01
   4.3677040e+06   2.2155762e+01
   4.3947580e+06   2.1423340e+01
   4.3947980e+06   5.8227539e+01
   4.3948760e+06   2.2705078e+01
   4.3949180e+06   3.8757324e+01
   4.3949570e+06   2.2277832e+01
   4.3950260e+06   4.8645020e+01
   4.3950550e+06   2.1789551e+01
   4.3951330e+06   4.7058105e+01
   4.3952460e+06   4.0771484e+01
   4.3953620e+06   3.6743164e+01
   4.3954950e+06   3.9550781e+01
   4.3956450e+06   4.0344238e+01
   4.4118380e+06   2.3864746e+01
   4.4255150e+06   2.5024414e+01
   4.4256180e+06   2.2277832e+01
   4.4259650e+06   2.1545410e+01
   4.4261940e+06   2.3925781e+01
   4.4725270e+06   3.6499023e+01
   4.4725760e+06   2.2583008e+01
   4.4725900e+06   2.9785156e+01
   4.5001180e+06   4.5471191e+01
   4.5001420e+06   2.1423340e+01
   4.5001840e+06   3.5766602e+01
   4.5002000e+06   2.3254395e+01
   4.5240920e+06   6.0791016e+01
   4.5380220e+06   2.8625488e+01
   4.5380950e+06   2.6245117e+01
   4.5704010e+06   3.4790039e+01
   4.5704620e+06   3.1250000e+01
   4.5704810e+06   2.3742676e+01
   4.5705190e+06   2.2033691e+01
   4.5705310e+06   2.5817871e+01
   4.5705500e+06   2.8747559e+01
   4.5953910e+06   3.5217285e+01
   4.5954490e+06   3.3203125e+01
   4.5956370e+06   5.5480957e+01
   4.6348410e+06   3.7475586e+01
   4.6348990e+06   2.7038574e+01
   4.6764530e+06   3.3569336e+01
   4.6765270e+06   2.8686523e+01
   4.6765850e+06   2.6367188e+01
   4.7090560e+06   2.5085449e+01
   4.7090740e+06   3.7841797e+01
   4.7091040e+06   2.2399902e+01
   4.7091260e+06   2.4353027e+01
   4.7265040e+06   2.8991699e+01
   4.7371750e+06   2.1606445e+01
   4.7505400e+06   3.9123535e+01
   4.7506130e+06   2.5817871e+01
   4.7506250e+06   2.4047852e+01
   4.7895380e+06   4.0344238e+01
   4.7895960e+06   2.8869629e+01
   4.8151120e+06   2.1423340e+01
   4.8151730e+06   3.2226563e+01
   4.8153030e+06   3.4301758e+01
   4.8475200e+06   3.3996582e+01
   4.8475750e+06   2.1362305e+01
   4.8476470e+06   3.1066895e+01
   4.8477520e+06   5.2246094e+01
   4.8905380e+06   4.0344238e+01
   4.8906010e+06   3.2531738e+01
   4.8906960e+06   2.7832031e+01
   4.8908410e+06   5.9936523e+01
   4.9066630e+06   3.2104492e+01
   4.9067170e+06   3.1860352e+01
   4.9251990e+06   2.3010254e+01
   4.9255730e+06   2.2705078e+01
   4.9256960e+06   2.3986816e+01
   4.9257790e+06   2.1545410e+01
   4.9259240e+06   3.6437988e+01
   4.9520090e+06   3.4851074e+01
   4.9520910e+06   3.0273438e+01
   4.9521520e+06   2.5512695e+01
   4.9903110e+06   3.2775879e+01
   4.9903350e+06   2.7893066e+01
   4.9903680e+06   3.3264160e+01
   5.0356610e+06   4.0771484e+01
   5.0357210e+06   3.0883789e+01
   5.0357620e+06   3.0029297e+01
   5.0436960e+06   2.8015137e+01
   5.0437520e+06   2.3071289e+01
   5.0441780e+06   2.2644043e+01
   5.0802630e+06   2.4047852e+01
   5.0804750e+06   2.4169922e+01
   5.0973040e+06   3.5156250e+01
   5.0973260e+06   2.1606445e+01
   5.0973670e+06   2.7526855e+01
   5.1301860e+06   3.9306641e+01
   5.1302380e+06   2.1484375e+01
   5.1304420e+06   6.3110352e+01
   5.1497020e+06   3.8085938e+01
   5.1497390e+06   2.5634766e+01
   5.1497640e+06   3.0456543e+01
   5.1942790e+06   3.1433105e+01
   5.1943080e+06   2.2155762e+01
   5.1943320e+06   2.9479980e+01
   5.1945670e+06   2.5756836e+01
   5.2250650e+06   2.9602051e+01
   5.2255330e+06   2.9418945e+01
   5.2255960e+06   2.5207520e+01
   5.2256820e+06   2.3254395e+01
   5.2525040e+06   2.5939941e+01
   5.2527640e+06   2.5146484e+01
   5.2661070e+06   2.6367188e+01
   5.3061520e+06   3.4118652e+01
   5.3062120e+06   2.6306152e+01
   5.3351570e+06   3.6071777e+01
   5.3352220e+06   3.0151367e+01
   5.3566680e+06   2.2216797e+01
   5.3584870e+06   2.8442383e+01
   5.3589050e+06   2.7648926e+01
   5.3604280e+06   3.8696289e+01
   5.3605310e+06   3.3447266e+01
   5.3605900e+06   2.2460938e+01
   5.3606650e+06   2.5756836e+01
   5.3872770e+06   5.9509277e+01
   5.4073550e+06   3.2348633e+01
   5.4073750e+06   2.2705078e+01
   5.4074110e+06   3.7170410e+01
   5.4399300e+06   3.7658691e+01
   5.4399930e+06   2.3376465e+01
   5.4767040e+06   3.4484863e+01
   5.4767500e+06   3.1677246e+01
   5.4768420e+06   3.4240723e+01
   5.5074890e+06   2.4902344e+01
   5.5075450e+06   2.6733398e+01
   5.5075970e+06   2.3010254e+01
   5.5077170e+06   5.5725098e+01
   5.5459390e+06   3.8085938e+01
   5.5460150e+06   2.3986816e+01
   5.5793340e+06   2.4841309e+01
   5.5793630e+06   2.2216797e+01
   5.5793950e+06   2.6306152e+01
   5.5794530e+06   2.2094727e+01
   5.5794760e+06   2.8015137e+01
   5.5796150e+06   5.6396484e+01
   5.5888510e+06   2.4475098e+01
   5.5890480e+06   2.2583008e+01
   5.5891220e+06   2.1362305e+01
   5.5896510e+06   2.3986816e+01
   5.5897260e+06   2.5451660e+01
   5.5898340e+06   2.1423340e+01
   5.5898450e+06   5.7678223e+01
   5.5899420e+06   2.3132324e+01
   5.5899520e+06   6.0180664e+01
   5.5899790e+06   2.4230957e+01
   5.5900000e+06   2.1972656e+01
   5.5900190e+06   2.3376465e+01
   5.5900480e+06   3.3508301e+01
   5.5901330e+06   3.3142090e+01
   5.5902270e+06   3.9733887e+01
   5.5903290e+06   3.3081055e+01
   5.5904270e+06   3.7902832e+01
   5.5905320e+06   4.3090820e+01
   5.5906450e+06   4.1564941e+01
   5.6034940e+06   2.8747559e+01
   5.6052390e+06   2.2888184e+01
   5.6173910e+06   2.4169922e+01
   5.6571470e+06   3.6621094e+01
   5.6571690e+06   2.3376465e+01
   5.6572080e+06   3.0822754e+01
   5.6955700e+06   3.1738281e+01
   5.6956030e+06   2.2949219e+01
   5.6956350e+06   2.5329590e+01
   5.6956790e+06   2.7282715e+01
   5.7239770e+06   3.1860352e+01
   5.7240370e+06   3.3874512e+01
   5.7240580e+06   2.1362305e+01
   5.7242260e+06   4.8706055e+01
   5.7627000e+06   3.3874512e+01
   5.7627250e+06   2.4719238e+01
   5.7627690e+06   3.5095215e+01
   5.7627990e+06   2.1545410e+01
   5.7629470e+06   5.5175781e+01
   5.8067770e+06   3.7658691e+01
   5.8067990e+06   2.3620605e+01
   5.8068640e+06   2.7587891e+01
   5.8217730e+06   3.6621094e+01
   5.8218450e+06   2.4841309e+01
   5.8410250e+06   3.2531738e+01
   5.8410910e+06   2.5085449e+01
   5.8412710e+06   5.7067871e+01
   5.8878620e+06   3.1555176e+01
   5.8879440e+06   3.3569336e+01
   5.9256110e+06   3.4973145e+01
   5.9256700e+06   2.6977539e+01
   5.9560000e+06   3.9062500e+01
   5.9560720e+06   3.0273438e+01
   5.9561550e+06   2.7709961e+01
   5.9854300e+06   3.1494141e+01
   5.9855040e+06   2.9113770e+01
   5.9855170e+06   2.4597168e+01
   5.9856130e+06   3.0029297e+01
   6.0164310e+06   2.8625488e+01
   6.0164930e+06   2.4108887e+01
   6.0166680e+06   5.1147461e+01
   6.0488240e+06   2.7404785e+01
   6.0488900e+06   2.6245117e+01
   6.0490900e+06   5.1147461e+01
   6.0792650e+06   3.6376953e+01
   6.0793320e+06   2.5207520e+01
   6.0793700e+06   2.3803711e+01
   6.0795310e+06   6.2194824e+01
   6.0972470e+06   3.4362793e+01
   6.0973020e+06   2.7770996e+01
   6.1344280e+06   3.1372070e+01
   6.1345090e+06   2.6184082e+01
   6.1654370e+06   4.1625977e+01
   6.1655010e+06   2.8137207e+01
   6.1657130e+06   6.2438965e+01
   6.1856830e+06   6.8481445e+01
   6.1974530e+06   2.2216797e+01
   6.1975190e+06   2.8137207e+01
   6.1977010e+06   5.9509277e+01
   6.2286510e+06   3.4301758e+01
   6.2287020e+06   2.1728516e+01
   6.2287130e+06   3.5156250e+01
   6.2287420e+06   2.2644043e+01
   6.2289200e+06   6.4941406e+01
   6.2566530e+06   5.0903320e+01
   6.2566750e+06   4.2968750e+01
   6.2567220e+06   2.9479980e+01
   6.2567350e+06   2.8747559e+01
   6.2567500e+06   5.0109863e+01
   6.2568070e+06   2.1484375e+01
   6.2568370e+06   4.3273926e+01
   6.2569020e+06   2.3925781e+01
   6.2569250e+06   4.8278809e+01
   6.2570010e+06   2.3925781e+01
   6.2570120e+06   3.0151367e+01
   6.2571000e+06   3.6560059e+01
   6.2571930e+06   3.3508301e+01
   6.2573040e+06   3.5522461e+01
   6.2574350e+06   4.2175293e+01
   6.2722060e+06   2.5390625e+01
   6.2751400e+06   2.6245117e+01
   6.2776590e+06   2.5024414e+01
   6.2798250e+06   2.3986816e+01
   6.3155960e+06   5.6518555e+01
   6.3156190e+06   3.3996582e+01
   6.3156510e+06   3.6010742e+01
   6.3156840e+06   3.6010742e+01
   6.3157360e+06   2.1423340e+01
   6.3157770e+06   4.1503906e+01
   6.3158690e+06   3.0273437e+01
   6.3159680e+06   4.1320801e+01
   6.3160610e+06   3.2348633e+01
   6.3161640e+06   3.7109375e+01
   6.3162760e+06   3.9123535e+01
   6.3163840e+06   3.9306641e+01
   6.3165430e+06   3.2775879e+01
   6.3175100e+06   3.2653809e+01
   6.3176830e+06   3.6804199e+01
   6.3178450e+06   3.4484863e+01
   6.3180200e+06   3.2531738e+01
   6.3181730e+06   3.2958984e+01
   6.3183340e+06   2.8991699e+01
   6.3185090e+06   3.2287598e+01
   6.3186770e+06   3.2043457e+01
   6.3188540e+06   2.7832031e+01
   6.3190260e+06   2.7954102e+01
   6.3192160e+06   2.7038574e+01
   6.3194050e+06   2.5817871e+01
   6.3196070e+06   2.6123047e+01
   6.3197890e+06   3.1311035e+01
   6.3199830e+06   2.9663086e+01
   6.3201770e+06   2.5146484e+01
   6.3203810e+06   2.7038574e+01
   6.3205990e+06   2.4353027e+01
   6.3208440e+06   2.7465820e+01
   6.3210740e+06   2.9846191e+01
   6.3213190e+06   3.2653809e+01
   6.3215830e+06   3.2714844e+01
   6.3218750e+06   2.3498535e+01
   6.3339600e+06   2.3803711e+01
   6.3359070e+06   2.3681641e+01
   6.3381560e+06   2.2827148e+01
   6.3502100e+06   2.2216797e+01
   6.3502230e+06   5.6030273e+01
   6.3502720e+06   3.6743164e+01
   6.3502980e+06   2.5451660e+01
   6.3503150e+06   2.6000977e+01
   6.3503580e+06   4.1320801e+01
   6.3503750e+06   2.1484375e+01
   6.3504010e+06   3.0883789e+01
   6.3504980e+06   3.2165527e+01
   6.3505750e+06   2.2521973e+01
   6.3505950e+06   2.3742676e+01
   6.3507030e+06   2.6794434e+01
   6.3508100e+06   2.9418945e+01
   6.3509530e+06   3.0944824e+01
   6.3511020e+06   3.0822754e+01
   6.3512290e+06   2.5024414e+01
   6.3517280e+06   3.6926270e+01
   6.3518960e+06   2.9479980e+01
   6.3520620e+06   3.2775879e+01
   6.3522810e+06   2.6062012e+01
   6.3531310e+06   4.0588379e+01
   6.3533620e+06   3.9367676e+01
   6.3536070e+06   3.3325195e+01
   6.3538940e+06   3.3752441e+01
   6.3542000e+06   4.0222168e+01
   6.3545000e+06   3.1860352e+01
   6.3693100e+06   3.7231445e+01
   6.3694820e+06   5.5419922e+01
   6.3695190e+06   2.7343750e+01
   6.3695960e+06   4.4128418e+01
   6.3696120e+06   2.5085449e+01
   6.3696350e+06   3.2897949e+01
   6.3696630e+06   3.3813477e+01
   6.3696970e+06   3.3325195e+01
   6.3697100e+06   2.1484375e+01
   6.3697960e+06   2.8259277e+01
   6.3699070e+06   3.0700684e+01
   6.3700090e+06   2.8320313e+01
   6.3701270e+06   2.4230957e+01
   6.3702660e+06   3.1494141e+01
   6.3704180e+06   3.0395508e+01
   6.3705730e+06   2.5451660e+01
   6.3707280e+06   3.0395508e+01
   6.3884880e+06   2.7038574e+01
   6.4036620e+06   2.6489258e+01
   6.4253540e+06   3.0212402e+01
   6.4254070e+06   2.6550293e+01
   6.4254370e+06   2.2460938e+01
   6.4255060e+06   2.3132324e+01
   6.4255680e+06   6.3110352e+01
   6.4256330e+06   2.2338867e+01
   6.4256500e+06   2.5085449e+01
   6.4256680e+06   4.7363281e+01
   6.4257280e+06   2.6123047e+01
   6.4257400e+06   2.8076172e+01
   6.4257640e+06   2.7526855e+01
   6.4258020e+06   2.4047852e+01
   6.4258560e+06   3.5400391e+01
   6.4259510e+06   3.3447266e+01
   6.4260620e+06   4.2358398e+01
   6.4261800e+06   3.1250000e+01
   6.4657730e+06   2.2949219e+01
   6.4657940e+06   3.4423828e+01
   6.4659870e+06   2.1301270e+01
   6.4660040e+06   5.5297852e+01
   6.4660210e+06   2.2766113e+01
   6.4660670e+06   2.4597168e+01
   6.4660880e+06   2.2521973e+01
   6.4661140e+06   4.6508789e+01
   6.4662180e+06   4.3701172e+01
   6.4663170e+06   3.5156250e+01
   6.4664150e+06   3.1677246e+01
   6.4664450e+06   2.1972656e+01
   6.4665280e+06   3.1982422e+01
   6.4666490e+06   2.9846191e+01
   6.4667640e+06   2.8625488e+01
   6.4669150e+06   3.3935547e+01
   6.5000830e+06   3.5339355e+01
   6.5001500e+06   3.3996582e+01
   6.5002160e+06   2.4902344e+01
   6.5002320e+06   2.5939941e+01
   6.5002770e+06   5.5358887e+01
   6.5002930e+06   2.1545410e+01
   6.5003300e+06   2.3986816e+01
   6.5003820e+06   2.5634766e+01
   6.5003940e+06   4.4616699e+01
   6.5004220e+06   2.1850586e+01
   6.5004520e+06   2.1606445e+01
   6.5004960e+06   3.6926270e+01
   6.5006030e+06   4.0588379e+01
   6.5007180e+06   3.5705566e+01
   6.5008490e+06   3.2409668e+01
   6.5009680e+06   2.9663086e+01
   6.5011270e+06   3.3691406e+01
   6.5012950e+06   4.1381836e+01
   6.5283250e+06   3.2897949e+01
   6.5283450e+06   2.1301270e+01
   6.5284000e+06   2.4353027e+01
   6.5284620e+06   2.6367188e+01
   6.5284980e+06   2.6977539e+01
   6.5285340e+06   4.8767090e+01
   6.5286800e+06   4.5593262e+01
   6.5288290e+06   4.5349121e+01
   6.5290060e+06   4.1992188e+01
   6.5292340e+06   4.1748047e+01
   6.5467800e+06   4.3884277e+01
   6.5468640e+06   2.8381348e+01
   6.5468960e+06   2.7282715e+01
   6.5470010e+06   5.0170898e+01
   6.5470730e+06   2.4414063e+01
   6.5472140e+06   4.4067383e+01
   6.5622510e+06   2.9846191e+01
   6.5623280e+06   2.7648926e+01
   6.5624660e+06   4.8828125e+01
   6.5626570e+06   5.0781250e+01
   6.5807800e+06   2.8198242e+01
   6.5808300e+06   2.2033691e+01
   6.5808510e+06   2.7404785e+01
   6.5810090e+06   5.2429199e+01
   6.5811720e+06   5.0292969e+01
   6.5948730e+06   3.2592773e+01
   6.5949540e+06   3.0212402e+01
   6.5951170e+06   5.5419922e+01
   6.6119610e+06   2.3498535e+01
   6.6119830e+06   2.7160645e+01
   6.6120430e+06   2.6794434e+01
   6.6120920e+06   2.3254395e+01
   6.6121240e+06   2.3925781e+01
   6.6122140e+06   5.1452637e+01
   6.6123780e+06   4.6752930e+01
   6.6308940e+06   3.2287598e+01
   6.6309760e+06   2.6184082e+01
   6.6310060e+06   2.3376465e+01
   6.6311370e+06   5.2062988e+01
   6.6313240e+06   5.2673340e+01
   6.6485100e+06   3.8879395e+01
   6.6485810e+06   3.4301758e+01
   6.6487460e+06   5.2734375e+01
   6.6734570e+06   3.1555176e+01
   6.6735260e+06   2.5756836e+01
   6.6736300e+06   3.4423828e+01
   6.6929030e+06   3.5034180e+01
   6.6929720e+06   3.0639648e+01
   6.6930730e+06   2.2949219e+01
   6.6931280e+06   2.6123047e+01
   6.6931470e+06   5.3894043e+01
   6.6943740e+06   6.3110352e+01
   6.7163130e+06   3.2531738e+01
   6.7163770e+06   3.2958984e+01
   6.7164250e+06   2.3498535e+01
   6.7164850e+06   3.3447266e+01
   6.7366720e+06   2.1850586e+01
   6.7367210e+06   2.2888184e+01
   6.7367410e+06   2.1301270e+01
   6.7685710e+06   3.7109375e+01
   6.7686400e+06   2.7404785e+01
   6.7687170e+06   3.3935547e+01
   6.7840630e+06   2.2644043e+01
   6.7841280e+06   2.2644043e+01
   6.7842060e+06   2.3742676e+01
   6.8008830e+06   3.4667969e+01
   6.8009540e+06   2.6550293e+01
   6.8011400e+06   5.7617188e+01
   6.8237220e+06   2.3925781e+01
   6.8237510e+06   2.2094727e+01
   6.8237820e+06   6.4208984e+01
   6.8237960e+06   3.1188965e+01
   6.8238400e+06   3.0639648e+01
   6.8238770e+06   5.4443359e+01
   6.8238900e+06   3.0578613e+01
   6.8239170e+06   2.1240234e+01
   6.8239410e+06   2.7221680e+01
   6.8239740e+06   3.0639648e+01
   6.8240600e+06   3.7841797e+01
   6.8241610e+06   3.8208008e+01
   6.8242630e+06   3.8696289e+01
   6.8243830e+06   3.7658691e+01
   6.8245150e+06   3.9978027e+01
   6.8246620e+06   4.1381836e+01
   6.8248080e+06   3.5156250e+01
   6.8389440e+06   2.6306152e+01
   6.8416040e+06   2.3559570e+01
   6.8452670e+06   2.2155762e+01
   6.8508680e+06   2.2338867e+01
   6.8508850e+06   2.5268555e+01
   6.8509520e+06   2.7221680e+01
   6.8510160e+06   2.1728516e+01
   6.8510440e+06   3.0029297e+01
   6.8511650e+06   5.4687500e+01
   6.8846830e+06   2.8808594e+01
   6.8855690e+06   3.0395508e+01
   6.8856340e+06   2.8259277e+01
   6.8858610e+06   5.1696777e+01
   6.9082620e+06   3.0456543e+01
   6.9082920e+06   2.3376465e+01
   6.9083210e+06   2.4291992e+01
   6.9083430e+06   2.2949219e+01
   6.9085590e+06   3.7353516e+01
   6.9087750e+06   2.2583008e+01
   6.9298540e+06   3.4118652e+01
   6.9299190e+06   3.5522461e+01
   6.9422530e+06   2.4108887e+01
   6.9422890e+06   5.2734375e+01
   6.9423600e+06   3.1738281e+01
   6.9833390e+06   3.9733887e+01
   6.9834090e+06   3.2348633e+01
   7.0087640e+06   2.8625488e+01
   7.0088360e+06   3.4057617e+01
   7.0409310e+06   2.3010254e+01
   7.0420670e+06   2.1728516e+01
   7.0715270e+06   3.5583496e+01
   7.0716010e+06   2.2155762e+01
   7.0716150e+06   2.8076172e+01
   7.0716680e+06   2.1484375e+01
   7.0782070e+06   5.9020996e+01
   7.0972760e+06   3.5827637e+01
   7.0972860e+06   2.1606445e+01
   7.0973570e+06   2.9846191e+01
   7.0975080e+06   3.4057617e+01
   7.1308370e+06   2.3437500e+01
   7.1309000e+06   2.8991699e+01
   7.1309150e+06   2.8503418e+01
   7.1589890e+06   3.3386230e+01
   7.1590010e+06   2.3376465e+01
   7.1590560e+06   3.4912109e+01
   7.1740210e+06   3.0456543e+01
   7.1740810e+06   2.7648926e+01
   7.1741800e+06   2.3132324e+01
   7.1743160e+06   3.6254883e+01
   7.1745190e+06   2.7343750e+01
   7.1964700e+06   2.2766113e+01
   7.1965100e+06   2.1667480e+01
   7.1965700e+06   2.1484375e+01
   7.1966020e+06   2.4108887e+01
   7.1966220e+06   2.2216797e+01
   7.1966450e+06   2.3620605e+01
   7.1966750e+06   5.4382324e+01
   7.1967210e+06   2.2094727e+01
   7.1967650e+06   3.6926270e+01
   7.1968540e+06   4.1442871e+01
   7.1969410e+06   3.9123535e+01
   7.1970310e+06   3.8330078e+01
   7.1971490e+06   4.2724609e+01
   7.1972610e+06   3.3935547e+01
   7.1973750e+06   4.0893555e+01
   7.2021460e+06   4.4250488e+01
   7.2090210e+06   5.9997559e+01
   7.2105290e+06   2.9846191e+01
   7.2134670e+06   2.4414063e+01
   7.2161800e+06   2.3559570e+01
   7.2183790e+06   2.6611328e+01
   7.2242960e+06   2.3803711e+01
   7.2380620e+06   2.1667480e+01
   7.2548150e+06   3.0944824e+01
   7.2548850e+06   2.7282715e+01
   7.2818850e+06   2.2155762e+01
   7.2819450e+06   4.1992188e+01
   7.2820200e+06   2.6672363e+01
   7.2820420e+06   2.6184082e+01
   7.2820750e+06   2.2094727e+01
   7.3176940e+06   3.4545898e+01
   7.3177420e+06   2.1301270e+01
   7.3177650e+06   3.6010742e+01
   7.3433820e+06   3.1311035e+01
   7.3434410e+06   2.3803711e+01
   7.3435150e+06   2.6733398e+01
   7.3712320e+06   3.7902832e+01
   7.3712510e+06   2.3376465e+01
   7.3713160e+06   3.0395508e+01
   7.3713520e+06   2.4902344e+01
   7.4024120e+06   3.6437988e+01
   7.4024690e+06   3.2470703e+01
   7.4245370e+06   6.7016602e+01
   7.4344980e+06   2.4169922e+01
   7.4345540e+06   2.3925781e+01
   7.4505600e+06   3.5217285e+01
   7.4506290e+06   2.8442383e+01
   7.4607240e+06   2.9479980e+01
   7.4770550e+06   3.2592773e+01
   7.4771340e+06   2.7282715e+01
   7.4771630e+06   2.1301270e+01
   7.5021030e+06   3.7170410e+01
   7.5021700e+06   3.2348633e+01
   7.5022870e+06   2.6489258e+01
   7.5198260e+06   3.1738281e+01
   7.5198430e+06   2.6306152e+01
   7.5198820e+06   2.3620605e+01
   7.5200020e+06   2.3437500e+01
   7.5515400e+06   3.4301758e+01
   7.5516010e+06   3.5827637e+01
   7.5518280e+06   6.2744141e+01
   7.5716510e+06   2.7038574e+01
   7.5716860e+06   2.1728516e+01
   7.5717240e+06   2.5573730e+01
   7.5719010e+06   3.2714844e+01
   7.6086010e+06   3.8208008e+01
   7.6086640e+06   2.6611328e+01
   7.6087700e+06   2.3925781e+01
   7.6278040e+06   2.3925781e+01
   7.6281600e+06   2.7893066e+01
   7.6291610e+06   3.1860352e+01
   7.6295810e+06   2.3437500e+01
   7.6303210e+06   2.6611328e+01
   7.6304020e+06   2.5451660e+01
   7.6305120e+06   3.6437988e+01
   7.6535740e+06   4.2175293e+01
   7.6536480e+06   3.0151367e+01
   7.6697090e+06   2.6428223e+01
   7.6701270e+06   2.9113770e+01
   7.6702920e+06   2.3010254e+01
   7.6707990e+06   3.3020020e+01
   7.6708230e+06   2.5756836e+01
   7.6708910e+06   2.2888184e+01
   7.7025560e+06   3.5156250e+01
   7.7025890e+06   2.5451660e+01
   7.7026220e+06   3.4790039e+01
   7.7345780e+06   3.4118652e+01
   7.7346100e+06   2.2521973e+01
   7.7346380e+06   2.7648926e+01
   7.7346740e+06   2.1301270e+01
   7.7348100e+06   6.1218262e+01
   7.7350410e+06   5.8227539e+01
   7.7620050e+06   2.7160645e+01
   7.7893440e+06   3.3874512e+01
   7.7894100e+06   2.6733398e+01
   7.7896120e+06   2.4047852e+01
   7.8161170e+06   3.0334473e+01
   7.8162030e+06   3.0517578e+01
   7.8288010e+06   3.7902832e+01
   7.8288160e+06   2.5756836e+01
   7.8288670e+06   2.7343750e+01
   7.8289050e+06   2.1667480e+01
   7.8593260e+06   3.6499023e+01
   7.8593480e+06   2.3193359e+01
   7.8593900e+06   2.5695801e+01
   7.8770010e+06   2.1240234e+01
   7.8877660e+06   2.2094727e+01
   7.8879200e+06   2.2155762e+01
   7.8913740e+06   3.8635254e+01
   7.8914470e+06   2.3803711e+01
   7.8917400e+06   3.5339355e+01
   7.9044360e+06   2.8259277e+01
   7.9079120e+06   2.3193359e+01
   7.9124080e+06   2.4108887e+01
   7.9172290e+06   3.5339355e+01
   7.9172560e+06   2.1667480e+01
   7.9172920e+06   3.0334473e+01
   7.9327970e+06   3.2775879e+01
   7.9328610e+06   3.2287598e+01
   7.9487160e+06   2.6977539e+01
   7.9667730e+06   3.2104492e+01
   7.9668290e+06   2.2216797e+01
   7.9668930e+06   2.4841309e+01
   7.9921340e+06   3.7841797e+01
   7.9921960e+06   3.8879395e+01
   7.9922780e+06   2.4719238e+01
   8.0185140e+06   3.4179688e+01
   8.0185700e+06   2.5268555e+01
   8.0186450e+06   2.7526855e+01
   8.0186700e+06   2.1423340e+01
   8.0418960e+06   3.2836914e+01
   8.0419740e+06   3.3630371e+01
   8.0421760e+06   4.6447754e+01
   8.0662680e+06   2.1728516e+01
   8.0663010e+06   2.1667480e+01
   8.0663130e+06   5.5175781e+01
   8.0663360e+06   2.2644043e+01
   8.0663820e+06   2.5634766e+01
   8.0664150e+06   5.0476074e+01
   8.0665010e+06   4.3884277e+01
   8.0665120e+06   2.1301270e+01
   8.0665900e+06   4.0222168e+01
   8.0666670e+06   3.8818359e+01
   8.0667510e+06   3.2836914e+01
   8.0668510e+06   4.3212891e+01
   8.0669690e+06   4.2663574e+01
   8.0671040e+06   4.1381836e+01
   8.0672290e+06   3.9123535e+01
   8.0673970e+06   3.7414551e+01
   8.0675830e+06   4.1809082e+01
   8.0677640e+06   3.8696289e+01
   8.0808210e+06   3.1127930e+01
   8.0831080e+06   2.1789551e+01
   8.0932660e+06   2.3559570e+01
   8.0954740e+06   2.6000977e+01
   8.1051730e+06   2.1667480e+01
   8.1333750e+06   2.6123047e+01
   8.1334350e+06   2.5390625e+01
   8.1524300e+06   2.4719238e+01
   8.1524680e+06   6.4514160e+01
   8.1524900e+06   3.1311035e+01
   8.1525200e+06   2.1423340e+01
   8.1525430e+06   2.2399902e+01
   8.1525650e+06   3.5400391e+01
   8.1525940e+06   2.9235840e+01
   8.1526080e+06   2.1911621e+01
   8.1526560e+06   3.1555176e+01
   8.1526660e+06   2.5512695e+01
   8.1527450e+06   4.1748047e+01
   8.1528330e+06   4.0588379e+01
   8.1529310e+06   3.4667969e+01
   8.1530370e+06   3.4545898e+01
   8.1531490e+06   3.6254883e+01
   8.1533060e+06   3.7231445e+01
   8.1534700e+06   4.2724609e+01
   8.1536040e+06   4.3090820e+01
   8.1715780e+06   2.4536133e+01
   8.1775720e+06   2.9846191e+01
   8.2184190e+06   3.1311035e+01
   8.2184950e+06   3.0151367e+01
   8.2185320e+06   2.1240234e+01
   8.2432380e+06   3.4484863e+01
   8.2433180e+06   2.9968262e+01
   8.2438270e+06   4.1809082e+01
   8.2442850e+06   3.1616211e+01
   8.2444000e+06   2.5512695e+01
   8.2444680e+06   2.2644043e+01
   8.2445560e+06   2.1972656e+01
   8.2445770e+06   2.5390625e+01
   8.2887200e+06   3.5156250e+01
   8.2887910e+06   3.6010742e+01
   8.2888490e+06   2.2216797e+01
   8.3206950e+06   3.2226563e+01
   8.3207550e+06   2.3010254e+01
   8.3208410e+06   2.2888184e+01
   8.3481630e+06   2.4658203e+01
   8.3482640e+06   2.3437500e+01
   8.3483630e+06   5.8105469e+01
   8.3801050e+06   2.7038574e+01
   8.3808690e+06   3.2592773e+01
   8.3808850e+06   2.4780273e+01
   8.3809310e+06   3.2104492e+01
   8.4063600e+06   3.2836914e+01
   8.4063710e+06   2.1911621e+01
   8.4064180e+06   2.7221680e+01
   8.4065500e+06   2.7954102e+01
   8.4355680e+06   3.4423828e+01
   8.4356260e+06   2.4169922e+01
   8.4356680e+06   2.2705078e+01
   8.4594850e+06   3.2897949e+01
   8.4595590e+06   2.8808594e+01
   8.4596370e+06   2.7587891e+01
   8.4597560e+06   5.3222656e+01
   8.4962820e+06   4.0161133e+01
   8.4962970e+06   2.1789551e+01
   8.4963390e+06   2.5634766e+01
   8.5212390e+06   3.6193848e+01
   8.5213180e+06   2.5573730e+01
   8.5213330e+06   2.4597168e+01
   8.5213800e+06   2.4108887e+01
   8.5531990e+06   3.3752441e+01
   8.5532610e+06   3.1860352e+01
   8.5759970e+06   2.4475098e+01
   8.5760660e+06   2.1301270e+01
   8.5762310e+06   2.4963379e+01
   8.5762820e+06   2.1301270e+01
   8.5763480e+06   5.5847168e+01
   8.5763970e+06   4.5288086e+01
   8.5764500e+06   2.2277832e+01
   8.5765270e+06   2.5573730e+01
   8.5765510e+06   3.5461426e+01
   8.5765620e+06   2.5756836e+01
   8.5765970e+06   2.3071289e+01
   8.5766390e+06   3.8330078e+01
   8.5766490e+06   2.2460938e+01
   8.5767320e+06   3.9978027e+01
   8.5768290e+06   4.0039063e+01
   8.5769390e+06   3.7475586e+01
   8.5770500e+06   3.9916992e+01
   8.5884010e+06   2.9296875e+01
   8.5908120e+06   2.7954102e+01
   8.5934820e+06   2.3925781e+01
   8.5961940e+06   2.3498535e+01
   8.5987550e+06   2.4230957e+01
   8.6469890e+06   3.2836914e+01
   8.6470600e+06   2.9785156e+01
   8.6470760e+06   2.6550293e+01
   8.6472430e+06   5.0231934e+01
   8.6677660e+06   2.2277832e+01
   8.6678170e+06   6.0668945e+01
   8.6678450e+06   5.4992676e+01
   8.6679110e+06   4.5104980e+01
   8.6679820e+06   3.2714844e+01
   8.6680050e+06   3.2470703e+01
   8.6680970e+06   4.5043945e+01
   8.6681850e+06   3.9489746e+01
   8.6682840e+06   3.5339355e+01
   8.6683890e+06   3.8757324e+01
   8.6685150e+06   3.3752441e+01
   8.6686310e+06   3.0273438e+01
   8.6687580e+06   3.2653809e+01
   8.6689140e+06   2.8503418e+01
   8.6690910e+06   3.7780762e+01
   8.6840500e+06   2.3315430e+01
   8.6869080e+06   2.6123047e+01
   8.6895450e+06   2.7954102e+01
   8.7177880e+06   2.2460938e+01
   8.7178700e+06   2.9174805e+01
   8.7427320e+06   4.0466309e+01
   8.7427970e+06   2.8198242e+01
   8.7428300e+06   2.3437500e+01
   8.7428440e+06   2.1728516e+01
   8.7785180e+06   4.0832520e+01
   8.7785910e+06   2.2399902e+01
   8.8050690e+06   2.4047852e+01
   8.8051360e+06   3.6254883e+01
   8.8052190e+06   2.2216797e+01
   8.8053700e+06   6.0302734e+01
   8.8344910e+06   4.1625977e+01
   8.8345120e+06   2.4108887e+01
   8.8345660e+06   2.5085449e+01
   8.8347740e+06   5.4748535e+01
   8.8711910e+06   3.7170410e+01
   8.8712480e+06   3.8696289e+01
   8.9076000e+06   2.9602051e+01
   8.9076680e+06   2.4780273e+01
   8.9369570e+06   3.1311035e+01
   8.9370190e+06   3.4179688e+01
   8.9370750e+06   2.1911621e+01
   8.9370900e+06   2.2766113e+01
   8.9372450e+06   5.7617188e+01
   8.9527270e+06   2.9846191e+01
   8.9528140e+06   2.5329590e+01
   8.9534060e+06   3.1494141e+01
   8.9835250e+06   2.1362305e+01
   9.0001890e+06   3.6010742e+01
   9.0002630e+06   2.7770996e+01
   9.0353400e+06   2.5451660e+01
   9.0354080e+06   3.0090332e+01
   9.0587870e+06   3.7475586e+01
   9.0588430e+06   2.1484375e+01
   9.0859660e+06   3.8208008e+01
   9.0859990e+06   2.3254395e+01
   9.0860330e+06   2.9785156e+01
   9.0860920e+06   2.1301270e+01
   9.0861090e+06   3.1921387e+01
   9.0862570e+06   5.8715820e+01
   9.1128190e+06   3.4545898e+01
   9.1128910e+06   2.1362305e+01
   9.1407690e+06   3.3325195e+01
   9.1408300e+06   2.8442383e+01
   9.1599780e+06   3.4545898e+01
   9.1627330e+06   3.0090332e+01
   9.1628150e+06   3.0761719e+01
   9.1918660e+06   3.0578613e+01
   9.1919480e+06   2.2888184e+01
   9.1920370e+06   2.7099609e+01
   9.1921010e+06   5.2978516e+01
   9.2378530e+06   3.5278320e+01
   9.2379390e+06   3.3081055e+01
   9.2381450e+06   6.4575195e+01
   9.2690980e+06   2.5939941e+01
   9.2691580e+06   2.8381348e+01
   9.2692680e+06   2.8259277e+01
   9.2914270e+06   2.4291992e+01
   9.2914410e+06   2.1362305e+01
   9.2914890e+06   6.2927246e+01
   9.2915060e+06   3.2348633e+01
   9.2915250e+06   2.3254395e+01
   9.2915460e+06   4.1259766e+01
   9.2915810e+06   4.8339844e+01
   9.2916020e+06   2.5268555e+01
   9.2916640e+06   3.8818359e+01
   9.2917480e+06   3.7048340e+01
   9.2918310e+06   3.8208008e+01
   9.2919150e+06   3.4790039e+01
   9.2920160e+06   3.5156250e+01
   9.2921180e+06   3.1799316e+01
   9.2944270e+06   4.4006348e+01
   9.2945940e+06   3.5766602e+01
   9.2947550e+06   4.4616699e+01
   9.2949140e+06   3.3020020e+01
   9.2950700e+06   3.2287598e+01
   9.2952220e+06   3.2104492e+01
   9.2953640e+06   2.9357910e+01
   9.2955120e+06   3.0029297e+01
   9.2956450e+06   2.9724121e+01
   9.2957930e+06   3.0456543e+01
   9.2959430e+06   2.8503418e+01
   9.2960870e+06   2.1423340e+01
   9.2962380e+06   2.3132324e+01
   9.2964020e+06   2.6306152e+01
   9.2967070e+06   2.6916504e+01
   9.2968660e+06   2.2033691e+01
   9.2971750e+06   2.3864746e+01
   9.2975090e+06   2.6123047e+01
   9.2976900e+06   2.6489258e+01
   9.2978670e+06   2.4902344e+01
   9.2980590e+06   2.2033691e+01
   9.2984670e+06   2.3803711e+01
   9.2986840e+06   2.4536133e+01
   9.2989530e+06   2.8930664e+01
   9.2992220e+06   2.9907227e+01
   9.2995660e+06   3.9550781e+01
   9.3084790e+06   2.7770996e+01
   9.3142130e+06   2.8137207e+01
   9.3186880e+06   2.6977539e+01
   9.3501230e+06   3.2531738e+01
   9.3501960e+06   2.8869629e+01
   9.3502270e+06   2.4108887e+01
   9.3504340e+06   5.4870605e+01
   9.3504960e+06   2.3376465e+01
   9.3505570e+06   4.4494629e+01
   9.3506300e+06   2.1911621e+01
   9.3506570e+06   3.5034180e+01
   9.3507610e+06   4.1809082e+01
   9.3508580e+06   3.3935547e+01
   9.3509500e+06   3.8024902e+01
   9.3510580e+06   3.4179688e+01
   9.3511730e+06   3.5095215e+01
   9.3512910e+06   3.1066895e+01
   9.3514420e+06   3.7780762e+01
   9.3516000e+06   3.3081055e+01
   9.3517490e+06   3.9184570e+01
   9.3519280e+06   3.6376953e+01
   9.3521200e+06   3.2348633e+01
   9.3522800e+06   3.1616211e+01
   9.3524870e+06   3.2226563e+01
   9.3730060e+06   2.3803711e+01
   9.3991920e+06   3.8269043e+01
   9.3992590e+06   2.2399902e+01
   9.3994710e+06   6.0241699e+01
   9.3996060e+06   5.5480957e+01
   9.3997120e+06   4.3823242e+01
   9.3998140e+06   3.7475586e+01
   9.3999130e+06   3.4179688e+01
   9.4000220e+06   3.8452148e+01
   9.4001190e+06   3.5034180e+01
   9.4002320e+06   3.8024902e+01
   9.4003610e+06   3.4606934e+01
   9.4005000e+06   3.2897949e+01
   9.4006540e+06   4.1564941e+01
   9.4008040e+06   3.6987305e+01
   9.4629930e+06   2.7526855e+01
   9.4630780e+06   2.9968262e+01
   9.4631660e+06   2.7954102e+01
   9.4632650e+06   5.8044434e+01
   9.4634120e+06   5.4443359e+01
   9.4635600e+06   4.7058105e+01
   9.4637810e+06   4.7180176e+01
   9.4899230e+06   2.3864746e+01
   9.4900030e+06   2.7526855e+01
   9.5225370e+06   2.2094727e+01
   9.5226140e+06   2.3376465e+01
   9.5535110e+06   3.2409668e+01
   9.5535780e+06   3.3996582e+01
   9.5709450e+06   2.6245117e+01
   9.5710070e+06   2.4291992e+01
   9.5712160e+06   5.2734375e+01
   9.5859190e+06   5.7861328e+01
   9.5859360e+06   2.4902344e+01
   9.5859650e+06   4.5776367e+01
   9.5859910e+06   2.2583008e+01
   9.5860060e+06   4.4738770e+01
   9.5861010e+06   3.4667969e+01
   9.5861930e+06   3.5705566e+01
   9.5862880e+06   3.5644531e+01
   9.5863820e+06   4.0832520e+01
   9.5864970e+06   3.3325195e+01
   9.5866210e+06   3.1372070e+01
   9.5867490e+06   3.5583496e+01
   9.5868690e+06   3.3569336e+01
   9.5869990e+06   2.8137207e+01
   9.5871550e+06   3.4851074e+01
   9.5873140e+06   3.2897949e+01
   9.5874780e+06   3.6682129e+01
   9.5876400e+06   3.9306641e+01
   9.5878260e+06   3.5583496e+01
   9.5881840e+06   4.1381836e+01
   9.5883700e+06   2.5268555e+01
   9.5885690e+06   3.5827637e+01
   9.5887540e+06   3.0761719e+01
   9.5889420e+06   3.3020020e+01
   9.5891130e+06   2.8991699e+01
   9.5892870e+06   2.9602051e+01
   9.5894860e+06   2.7709961e+01
   9.5896720e+06   2.9846191e+01
   9.5898640e+06   2.7832031e+01
   9.5900670e+06   2.8442383e+01
   9.5902580e+06   2.6733398e+01
   9.5904600e+06   2.9541016e+01
   9.5906660e+06   2.7343750e+01
   9.5908820e+06   2.6000977e+01
   9.5911390e+06   3.1433105e+01
   9.5913870e+06   3.2348633e+01
   9.5916610e+06   3.0334473e+01
   9.5919880e+06   2.6245117e+01
   9.5924370e+06   3.5156250e+01
   9.6009130e+06   3.6682129e+01
   9.6010560e+06   4.8522949e+01
   9.6011180e+06   2.5390625e+01
   9.6012500e+06   2.3132324e+01
   9.6012790e+06   3.9062500e+01
   9.6014000e+06   2.5878906e+01
   9.6014370e+06   3.6926270e+01
   9.6015690e+06   3.7109375e+01
   9.6017080e+06   2.6672363e+01
   9.6018430e+06   2.9113770e+01
   9.6019910e+06   3.3386230e+01
   9.6021480e+06   2.8381348e+01
   9.6029510e+06   2.9846191e+01
   9.6031870e+06   3.4912109e+01
   9.6188350e+06   2.2216797e+01
   9.6240770e+06   2.2094727e+01
   9.6262770e+06   2.1545410e+01
   9.6295930e+06   4.1259766e+01
   9.6296940e+06   2.9235840e+01
   9.6298740e+06   5.9753418e+01
   9.6299800e+06   2.3254395e+01
   9.6300100e+06   5.2307129e+01
   9.6301290e+06   4.2053223e+01
   9.6302420e+06   3.7292480e+01
   9.6303520e+06   3.5339355e+01
   9.6304640e+06   3.8635254e+01
   9.6305900e+06   3.3996582e+01
   9.6307500e+06   3.6193848e+01
   9.6633280e+06   2.1789551e+01
   9.6635700e+06   4.2541504e+01
   9.6636740e+06   3.4484863e+01
   9.6638600e+06   5.3527832e+01
   9.6639180e+06   2.4414063e+01
   9.6640180e+06   4.1442871e+01
   9.6641390e+06   4.4250488e+01
   9.6641970e+06   2.1667480e+01
   9.6642600e+06   3.3569336e+01
   9.6643850e+06   3.3630371e+01
   9.6645110e+06   3.5339355e+01
   9.6646590e+06   3.3569336e+01
   9.6648300e+06   3.5034180e+01
   9.6650240e+06   4.1503906e+01
   9.6811260e+06   3.4301758e+01
   9.6820670e+06   3.4057617e+01
   9.6822410e+06   3.6743164e+01
   9.7008380e+06   3.0395508e+01
   9.7091520e+06   2.2033691e+01
   9.7092210e+06   2.7648926e+01
   9.7093040e+06   2.2399902e+01
   9.7093190e+06   2.5939941e+01
   9.7093400e+06   2.2827148e+01
   9.7316710e+06   2.1362305e+01
   9.7317580e+06   3.1555176e+01
   9.7546450e+06   3.5705566e+01
   9.7547710e+06   2.9235840e+01
   9.7748110e+06   4.5837402e+01
   9.7748620e+06   2.2216797e+01
   9.7748950e+06   2.7404785e+01
   9.8050870e+06   3.7780762e+01
   9.8051600e+06   4.0527344e+01
   9.8052450e+06   2.2399902e+01
   9.8052650e+06   2.6733398e+01
   9.8053710e+06   5.0537109e+01
   9.8185800e+06   3.5705566e+01
   9.8186770e+06   3.2470703e+01
   9.8188240e+06   3.2836914e+01
   9.8615100e+06   4.4128418e+01
   9.8615820e+06   3.0944824e+01
   9.8616930e+06   2.2338867e+01
   9.8779040e+06   3.4545898e+01
   9.8779740e+06   3.1921387e+01
   9.8781360e+06   2.5573730e+01
   9.9215170e+06   3.0517578e+01
   9.9215860e+06   3.3203125e+01
   9.9413260e+06   2.3681641e+01
   9.9812890e+06   3.5278320e+01
   9.9813670e+06   2.9235840e+01
   1.0029930e+07   2.5512695e+01
   1.0030003e+07   3.1372070e+01
   1.0030882e+07   3.9001465e+01
   1.0030965e+07   3.3874512e+01
   1.0031077e+07   2.1911621e+01
   1.0096757e+07   4.0161133e+01
   1.0096829e+07   2.9602051e+01
   1.0096921e+07   2.2521973e+01
   1.0125379e+07   3.9672852e+01
   1.0125441e+07   2.5146484e+01
   1.0125685e+07   5.4138184e+01
   1.0168138e+07   3.1738281e+01
   1.0168223e+07   3.3569336e+01
   1.0168457e+07   3.0456543e+01
   1.0185631e+07   6.4331055e+01
   1.0199993e+07   2.9846191e+01
   1.0200044e+07   2.3132324e+01
   1.0200057e+07   2.3864746e+01
   1.0200155e+07   3.2104492e+01
   1.0238785e+07   3.2531738e+01
   1.0238854e+07   2.9479980e+01
   1.0238903e+07   2.2338867e+01
   1.0289129e+07   3.5705566e+01
   1.0289201e+07   2.9785156e+01
   1.0340662e+07   4.2114258e+01
   1.0340747e+07   2.5024414e+01
   1.0380669e+07   3.8391113e+01
   1.0380738e+07   2.4108887e+01
   1.0407952e+07   5.7556152e+01
   1.0407973e+07   2.6977539e+01
   1.0407996e+07   3.1250000e+01
   1.0408019e+07   2.2033691e+01
   1.0408051e+07   4.7058105e+01
   1.0408139e+07   4.2358398e+01
   1.0408221e+07   4.5166016e+01
   1.0408309e+07   4.3151855e+01
   1.0408402e+07   4.0649414e+01
   1.0408509e+07   3.8574219e+01
   1.0408608e+07   3.9184570e+01
   1.0408721e+07   4.2907715e+01
   1.0421973e+07   2.4719238e+01
   1.0424594e+07   2.2338867e+01
   1.0435590e+07   2.6489258e+01
   1.0448866e+07   2.4169922e+01
   1.0448883e+07   2.2155762e+01
   1.0448969e+07   6.7321777e+01
   1.0448982e+07   3.0822754e+01
   1.0448993e+07   4.1748047e+01
   1.0449078e+07   5.1208496e+01
   1.0449110e+07   3.0090332e+01
   1.0449121e+07   3.3142090e+01
   1.0449172e+07   3.6132813e+01
   1.0449262e+07   3.8757324e+01
   1.0449345e+07   3.6315918e+01
   1.0449444e+07   3.4729004e+01
   1.0449557e+07   3.4423828e+01
   1.0449686e+07   3.8635254e+01
   1.0449717e+07   2.2460938e+01
   1.0449822e+07   3.2165527e+01
   1.0449960e+07   3.4179688e+01
   1.0450096e+07   3.3508301e+01
   1.0450261e+07   3.5888672e+01
   1.0450412e+07   3.5949707e+01
   1.0450576e+07   3.4545898e+01
   1.0450752e+07   3.9489746e+01
   1.0450936e+07   3.3020020e+01
   1.0451127e+07   3.6071777e+01
   1.0451340e+07   3.0578613e+01
   1.0451520e+07   2.8930664e+01
   1.0451737e+07   3.2287598e+01
   1.0451923e+07   2.7648926e+01
   1.0452105e+07   3.4240723e+01
   1.0452304e+07   3.0029297e+01
   1.0452526e+07   2.6428223e+01
   1.0452721e+07   2.9418945e+01
   1.0452935e+07   2.9968262e+01
   1.0453144e+07   2.9357910e+01
   1.0453371e+07   2.5390625e+01
   1.0453590e+07   2.7587891e+01
   1.0453820e+07   2.9907227e+01
   1.0454061e+07   2.7770996e+01
   1.0454289e+07   3.6682129e+01
   1.0454578e+07   2.8259277e+01
   1.0454872e+07   3.0273438e+01
   1.0455231e+07   2.8747559e+01
   1.0473128e+07   2.7587891e+01
   1.0560370e+07   2.8808594e+01
   1.0560618e+07   3.2592773e+01
   1.0585339e+07   2.8808594e+01
   1.0585353e+07   2.1484375e+01
   1.0585415e+07   2.5939941e+01
   1.0585464e+07   2.2033691e+01
   1.0607295e+07   2.3681641e+01
   1.0607331e+07   5.5297852e+01
   1.0607363e+07   4.0161133e+01
   1.0607388e+07   2.2094727e+01
   1.0607430e+07   4.4189453e+01
   1.0607442e+07   2.7526855e+01
   1.0607519e+07   6.0180664e+01
   1.0607604e+07   3.7292480e+01
   1.0607692e+07   3.2165527e+01
   1.0607783e+07   3.9733887e+01
   1.0607881e+07   3.5705566e+01
   1.0607991e+07   3.8940430e+01
   1.0608105e+07   3.3020020e+01
   1.0608241e+07   3.5583496e+01
   1.0608371e+07   2.4291992e+01
   1.0608563e+07   3.9916992e+01
   1.0608719e+07   3.5827637e+01
   1.0608878e+07   3.7536621e+01
   1.0609027e+07   3.8452148e+01
   1.0672284e+07   2.2583008e+01
   1.0672329e+07   5.4077148e+01
   1.0672347e+07   2.7893066e+01
   1.0672363e+07   3.5217285e+01
   1.0672420e+07   4.7912598e+01
   1.0672506e+07   2.5451660e+01
   1.0672536e+07   2.8015137e+01
   1.0672607e+07   3.5705566e+01
   1.0672671e+07   2.1606445e+01
   1.0672697e+07   3.0456543e+01
   1.0672800e+07   3.7536621e+01
   1.0672898e+07   3.5705566e+01
   1.0672960e+07   2.5085449e+01
   1.0673016e+07   3.8330078e+01
   1.0673168e+07   2.5756836e+01
   1.0673302e+07   3.3325195e+01
   1.0673464e+07   3.2226563e+01
   1.0673637e+07   3.5034180e+01
   1.0673788e+07   3.7597656e+01
   1.0724414e+07   2.9602051e+01
   1.0724889e+07   2.3132324e+01
   1.0724974e+07   3.1494141e+01
   1.0725329e+07   4.7302246e+01
   1.0725390e+07   3.4851074e+01
   1.0725568e+07   3.6376953e+01
   1.0725925e+07   2.1484375e+01
   1.0796736e+07   3.5583496e+01
   1.0796809e+07   2.2583008e+01
   1.0884436e+07   2.8930664e+01
   1.0884518e+07   2.3620605e+01
   1.0884532e+07   2.2033691e+01
   1.0884657e+07   4.8828125e+01
   1.0948092e+07   4.0710449e+01
   1.0948165e+07   2.7587891e+01
   1.0971822e+07   3.3447266e+01
   1.0971904e+07   2.3742676e+01
   1.0972400e+07   2.4963379e+01
   1.0972601e+07   3.0334473e+01
   1.1025818e+07   2.9113770e+01
   1.1086475e+07   3.0029297e+01
   1.1086518e+07   2.2155762e+01
   1.1086548e+07   3.1433105e+01
   1.1130339e+07   3.3325195e+01
   1.1130414e+07   2.3315430e+01
   1.1187680e+07   2.9113770e+01
   1.1187774e+07   2.6000977e+01
   1.1214685e+07   2.4353027e+01
   1.1214877e+07   2.2644043e+01
   1.1214901e+07   2.4475098e+01
   1.1237331e+07   3.8574219e+01
   1.1237614e+07   2.6794434e+01
   1.1291342e+07   3.2592773e+01
   1.1291430e+07   2.9541016e+01
   1.1292192e+07   2.8625488e+01
   1.1292313e+07   3.1127930e+01
   1.1292448e+07   2.3315430e+01
   1.1293461e+07   4.0039063e+01
   1.1294976e+07   3.9123535e+01
   1.1295076e+07   3.9184570e+01
   1.1366858e+07   3.3630371e+01
   1.1366973e+07   2.2216797e+01
   1.1366983e+07   3.0273438e+01
   1.1413000e+07   3.0456543e+01
   1.1413088e+07   2.5024414e+01
   1.1457446e+07   3.5278320e+01
   1.1457640e+07   2.7404785e+01
   1.1510695e+07   3.1921387e+01
   1.1510771e+07   2.3864746e+01
   1.1510891e+07   5.8227539e+01
   1.1511663e+07   3.5095215e+01
   1.1511748e+07   2.6367188e+01
   1.1512771e+07   3.1921387e+01
   1.1512952e+07   2.7221680e+01
   1.1514146e+07   3.1494141e+01
   1.1514246e+07   2.9357910e+01
   1.1514420e+07   2.5329590e+01
   1.1540572e+07   2.1789551e+01
   1.1554877e+07   2.4108887e+01
   1.1635023e+07   3.5156250e+01
   1.1635090e+07   3.0395508e+01
   1.1678285e+07   3.6682129e+01
   1.1678362e+07   2.9357910e+01
   1.1733625e+07   2.3437500e+01
   1.1733641e+07   2.8625488e+01
   1.1763196e+07   3.7597656e+01
   1.1763267e+07   2.5939941e+01
   1.1822616e+07   4.0344238e+01
   1.1822691e+07   2.2644043e+01
   1.1849740e+07   2.8015137e+01
   1.1849811e+07   3.0944824e+01
   1.1849869e+07   2.2827148e+01
   1.1886378e+07   2.5146484e+01
   1.1886652e+07   2.5939941e+01
   1.1947175e+07   2.1667480e+01
   1.1971204e+07   4.0954590e+01
   1.1971289e+07   2.2766113e+01
