   1.1999000e+07   0.0000000e+00
   1.2888000e+04   1.1065674e+02
   1.2901000e+04   2.7282715e+01
   1.2924000e+04   4.4372559e+01
   1.2938000e+04   1.1627197e+02
   1.2963000e+04   1.9592285e+01
   1.2992000e+04   1.9348145e+01
   1.3368000e+04   1.8798828e+01
   1.3952000e+04   2.0263672e+01
   1.4490000e+04   1.9165039e+01
   1.5634000e+04   2.1606445e+01
   1.5651000e+04   1.2933350e+02
   1.5674000e+04   5.7617188e+01
   1.5702000e+04   1.9531250e+01
   1.5744000e+04   1.3092041e+02
   1.5781000e+04   4.0832520e+01
   1.5828000e+04   2.6184082e+01
   1.5889000e+04   2.0812988e+01
   1.6072000e+04   1.9531250e+01
   7.0106000e+04   2.1118164e+01
   7.0119000e+04   2.6550293e+01
   7.0144000e+04   5.4626465e+01
   7.0156000e+04   1.8920898e+01
   7.0180000e+04   2.3742676e+01
   7.0199000e+04   3.3081055e+01
   7.0228000e+04   3.9733887e+01
   7.0244000e+04   1.1682129e+02
   7.0272000e+04   4.9865723e+01
   7.0301000e+04   1.6070557e+02
   7.0318000e+04   3.0212402e+01
   7.0337000e+04   2.3132324e+01
   7.0364000e+04   1.8737793e+01
   7.0398000e+04   7.3181152e+01
   7.0419000e+04   1.9348145e+01
   7.0477000e+04   2.0080566e+01
   7.0537000e+04   1.9714355e+01
   7.0597000e+04   2.0019531e+01
   7.0622000e+04   1.8432617e+01
   7.0648000e+04   2.1362305e+01
   7.0770000e+04   1.9531250e+01
   8.1922000e+04   1.8798828e+01
   8.1947000e+04   4.5166016e+01
   8.1984000e+04   2.0202637e+01
   8.2022000e+04   1.9104004e+01
   8.2049000e+04   2.3315430e+01
   8.2069000e+04   1.2426758e+02
   8.2086000e+04   2.5512695e+01
   8.2104000e+04   2.4780273e+01
   8.2146000e+04   1.0839844e+02
   8.2165000e+04   6.9885254e+01
   8.2180000e+04   2.4475098e+01
   8.2209000e+04   5.3283691e+01
   8.2228000e+04   5.0537109e+01
   8.2243000e+04   1.9836426e+01
   8.2256000e+04   4.3273926e+01
   8.2283000e+04   3.9672852e+01
   8.2298000e+04   5.0720215e+01
   8.2333000e+04   4.3212891e+01
   8.2345000e+04   3.0029297e+01
   8.2370000e+04   3.9672852e+01
   8.2389000e+04   4.2846680e+01
   8.2407000e+04   2.1057129e+01
   8.2444000e+04   4.4555664e+01
   8.2462000e+04   2.3254395e+01
   8.2483000e+04   2.8137207e+01
   8.2531000e+04   4.4677734e+01
   8.2578000e+04   2.1789551e+01
   8.2590000e+04   1.9653320e+01
   8.2608000e+04   5.5114746e+01
   8.2694000e+04   2.7648926e+01
   8.2713000e+04   5.6091309e+01
   8.2745000e+04   1.9470215e+01
   8.2820000e+04   2.3559570e+01
   8.2892000e+04   6.4636230e+01
   8.2921000e+04   1.8493652e+01
   8.3013000e+04   4.8461914e+01
   8.3066000e+04   3.0822754e+01
   8.3221000e+04   5.5480957e+01
   8.3389000e+04   5.8837891e+01
   8.3435000e+04   3.5095215e+01
   1.5220500e+05   2.3925781e+01
   1.5225500e+05   2.4719238e+01
   1.5227300e+05   1.3531494e+02
   1.5229800e+05   2.4719238e+01
   1.5232500e+05   1.2042236e+02
   1.5235000e+05   3.4118652e+01
   1.5237200e+05   4.5776367e+01
   1.5239300e+05   8.0749512e+01
   1.5241000e+05   3.5888672e+01
   1.5242900e+05   5.6396484e+01
   1.5246800e+05   8.9477539e+01
   1.5249300e+05   3.2348633e+01
   1.5251200e+05   5.1452637e+01
   1.5252600e+05   7.6843262e+01
   1.5254800e+05   2.7648926e+01
   1.5256300e+05   3.0334473e+01
   1.5259800e+05   5.0781250e+01
   1.5261100e+05   3.4667969e+01
   1.5268100e+05   5.3955078e+01
   1.5271000e+05   1.8493652e+01
   1.5276600e+05   1.8493652e+01
   1.9555200e+05   1.9409180e+01
   1.9557100e+05   2.3559570e+01
   1.9558200e+05   3.4240723e+01
   1.9562000e+05   1.0882568e+02
   1.9565100e+05   1.2786865e+02
   1.9566700e+05   6.1401367e+01
   1.9569700e+05   7.6782227e+01
   1.9573100e+05   6.4941406e+01
   1.9574300e+05   5.7617188e+01
   1.9575300e+05   3.6132813e+01
   1.9577100e+05   3.8574219e+01
   1.9578200e+05   4.4006348e+01
   1.9581600e+05   1.4837646e+02
   1.9583200e+05   3.4667969e+01
   1.9585100e+05   2.9663086e+01
   1.9587500e+05   6.2988281e+01
   1.9589100e+05   2.7160645e+01
   1.9590600e+05   2.3559570e+01
   1.9591600e+05   4.8767090e+01
   1.9594500e+05   3.2104492e+01
   1.9597400e+05   2.3681641e+01
   1.9599500e+05   4.6081543e+01
   1.9601400e+05   2.2094727e+01
   1.9604700e+05   2.0507813e+01
   1.9607300e+05   4.6997070e+01
   1.9620600e+05   2.0202637e+01
   1.9629100e+05   5.9997559e+01
   2.5720400e+05   2.2888184e+01
   2.5723700e+05   2.0996094e+01
   2.5724700e+05   2.1179199e+01
   2.5725700e+05   1.0150146e+02
   2.5727200e+05   1.3244629e+02
   2.5730300e+05   6.2500000e+01
   2.5732600e+05   9.4116211e+01
   2.5733700e+05   1.9531250e+01
   2.5735900e+05   2.8015137e+01
   2.5737700e+05   6.6284180e+01
   2.5738900e+05   9.7778320e+01
   2.5741600e+05   3.1799316e+01
   2.5744900e+05   7.0617676e+01
   2.5748200e+05   7.4707031e+01
   2.5750500e+05   7.1411133e+01
   2.5752500e+05   4.8339844e+01
   2.5754900e+05   3.2531738e+01
   2.5756800e+05   5.7617188e+01
   2.5758200e+05   2.0568848e+01
   2.5759800e+05   2.5329590e+01
   2.5764900e+05   3.9001465e+01
   2.5786900e+05   2.0141602e+01
   2.5795800e+05   6.6467285e+01
   3.0997800e+05   2.4169922e+01
   3.1002400e+05   2.3620605e+01
   3.1004400e+05   2.4780273e+01
   3.1006200e+05   1.8676758e+01
   3.1007200e+05   1.0748291e+02
   3.1009500e+05   1.2005615e+02
   3.1011600e+05   6.6345215e+01
   3.1014200e+05   7.8063965e+01
   3.1016100e+05   2.7893066e+01
   3.1019600e+05   7.1960449e+01
   3.1021900e+05   3.5644531e+01
   3.1023200e+05   3.8879395e+01
   3.1025800e+05   9.9304199e+01
   3.1027000e+05   3.4912109e+01
   3.1029100e+05   3.7658691e+01
   3.1030300e+05   3.5522461e+01
   3.1034500e+05   5.7922363e+01
   3.1036200e+05   3.5888672e+01
   3.1039000e+05   2.3925781e+01
   3.1043500e+05   5.4687500e+01
   3.1044500e+05   1.9165039e+01
   3.1062500e+05   2.0141602e+01
   3.5344200e+05   1.8554688e+01
   3.5359800e+05   1.9287109e+01
   3.5365400e+05   1.9226074e+01
   3.5368800e+05   1.0205078e+02
   3.5370600e+05   1.0577393e+02
   3.5372000e+05   3.9306641e+01
   3.5374100e+05   7.5195313e+01
   3.5375700e+05   8.3068848e+01
   3.5379000e+05   6.0974121e+01
   3.5381300e+05   8.3251953e+01
   3.5382600e+05   8.8867187e+01
   3.5384600e+05   3.2653809e+01
   3.5385700e+05   2.7893066e+01
   3.5388700e+05   4.9682617e+01
   3.5390700e+05   5.2978516e+01
   3.5392700e+05   5.9020996e+01
   3.5393900e+05   2.6977539e+01
   3.5395000e+05   2.8320313e+01
   3.5397300e+05   2.9113770e+01
   3.5400100e+05   5.3222656e+01
   3.5401200e+05   3.1188965e+01
   3.5404700e+05   2.3803711e+01
   3.5408600e+05   5.7495117e+01
   3.5409700e+05   2.3620605e+01
   3.9483700e+05   1.9226074e+01
   3.9487500e+05   1.9348145e+01
   3.9489600e+05   2.2766113e+01
   3.9491900e+05   1.0839844e+02
   3.9493900e+05   1.3726807e+02
   3.9496300e+05   5.3344727e+01
   3.9499500e+05   7.9650879e+01
   3.9500900e+05   4.3579102e+01
   3.9504500e+05   3.5827637e+01
   3.9505700e+05   9.4726563e+01
   3.9508900e+05   7.5988770e+01
   3.9512500e+05   6.9580078e+01
   3.9514200e+05   2.4841309e+01
   3.9516400e+05   4.9499512e+01
   3.9517800e+05   2.3498535e+01
   3.9520600e+05   2.4780273e+01
   3.9523600e+05   4.2419434e+01
   3.9524700e+05   2.3498535e+01
   3.9527600e+05   2.7832031e+01
   3.9532400e+05   5.3955078e+01
   3.9533700e+05   2.0507813e+01
   3.9539400e+05   2.2583008e+01
   3.9554900e+05   6.8176270e+01
   4.3628300e+05   1.1547852e+02
   4.3631200e+05   1.1517334e+02
   4.3632600e+05   6.3598633e+01
   4.3634200e+05   2.9113770e+01
   4.3636800e+05   9.0026855e+01
   4.3640000e+05   4.9255371e+01
   4.3641500e+05   2.2033691e+01
   4.3644400e+05   7.4279785e+01
   4.3647700e+05   1.0961914e+02
   4.3648900e+05   5.2551270e+01
   4.3651400e+05   8.8745117e+01
   4.3653000e+05   2.3986816e+01
   4.3654700e+05   2.8381348e+01
   4.3657000e+05   8.3251953e+01
   4.3658800e+05   2.5573730e+01
   4.3661300e+05   1.8920898e+01
   4.3663400e+05   6.0241699e+01
   4.3664800e+05   2.1057129e+01
   4.3669200e+05   2.2583008e+01
   4.3670500e+05   4.5349121e+01
   4.3672700e+05   2.0263672e+01
   4.3673900e+05   1.9958496e+01
   4.3679300e+05   4.4799805e+01
   4.8703700e+05   2.0507813e+01
   4.8705300e+05   1.8981934e+01
   4.8706500e+05   2.4963379e+01
   4.8709100e+05   2.4841309e+01
   4.8711400e+05   2.1118164e+01
   4.8713900e+05   8.7036133e+01
   4.8715600e+05   1.1553955e+02
   4.8717800e+05   6.3964844e+01
   4.8719800e+05   2.7709961e+01
   4.8721800e+05   4.8461914e+01
   4.8723000e+05   2.7709961e+01
   4.8727100e+05   9.1247559e+01
   4.8728500e+05   2.2521973e+01
   4.8729500e+05   2.6794434e+01
   4.8732400e+05   8.2275391e+01
   4.8733400e+05   4.0405273e+01
   4.8737700e+05   6.7687988e+01
   4.8739100e+05   2.5695801e+01
   4.8741600e+05   6.9946289e+01
   4.8742900e+05   2.9479980e+01
   4.8745000e+05   2.0080566e+01
   4.8749300e+05   2.1911621e+01
   4.8750400e+05   2.9724121e+01
   4.8753600e+05   2.1911621e+01
   4.8757500e+05   2.0446777e+01
   4.8760100e+05   1.9775391e+01
   5.3623500e+05   2.0263672e+01
   5.3626400e+05   2.0690918e+01
   5.3630200e+05   1.1090088e+02
   5.3633200e+05   5.1452637e+01
   5.3634400e+05   2.4108887e+01
   5.3636800e+05   2.7221680e+01
   5.3638300e+05   1.0650635e+02
   5.3640400e+05   6.0791016e+01
   5.3642200e+05   3.7170410e+01
   5.3644700e+05   7.0739746e+01
   5.3647000e+05   3.1860352e+01
   5.3648800e+05   2.5268555e+01
   5.3651500e+05   2.5512695e+01
   5.3653600e+05   2.6367188e+01
   5.3654900e+05   3.0212402e+01
   5.3658500e+05   2.7465820e+01
   5.3659800e+05   8.1359863e+01
   5.3661300e+05   7.7514648e+01
   5.3666500e+05   2.1057129e+01
   5.3668000e+05   2.3559570e+01
   5.3671200e+05   1.8798828e+01
   5.8023900e+05   2.0019531e+01
   5.8026600e+05   2.4047852e+01
   5.8031300e+05   1.0382080e+02
   5.8032500e+05   1.1877441e+02
   5.8036000e+05   6.0791016e+01
   5.8039800e+05   2.8015137e+01
   5.8041700e+05   3.7597656e+01
   5.8044700e+05   1.0076904e+02
   5.8046800e+05   2.7954102e+01
   5.8048300e+05   7.1594238e+01
   5.8049900e+05   2.7160645e+01
   5.8055200e+05   2.5939941e+01
   5.8057100e+05   2.5207520e+01
   5.8058600e+05   1.9104004e+01
   5.8062200e+05   1.8371582e+01
   5.8063400e+05   2.9541016e+01
   6.1768900e+05   1.9104004e+01
   6.1770100e+05   1.8676758e+01
   6.1772000e+05   2.2705078e+01
   6.1773500e+05   1.8493652e+01
   6.1776400e+05   1.2219238e+02
   6.1778500e+05   1.1138916e+02
   6.1781600e+05   5.7983398e+01
   6.1783200e+05   2.7526855e+01
   6.1787000e+05   9.2041016e+01
   6.1788400e+05   2.2399902e+01
   6.1789500e+05   2.1789551e+01
   6.1791000e+05   1.8737793e+01
   6.1793300e+05   2.5268555e+01
   6.1795400e+05   7.5927734e+01
   6.1797600e+05   2.3254395e+01
   6.1802600e+05   2.0141602e+01
   6.1807300e+05   2.6855469e+01
   6.1810800e+05   2.0324707e+01
   6.5257800e+05   2.2277832e+01
   6.5260500e+05   2.0080566e+01
   6.5263300e+05   1.9836426e+01
   6.5264900e+05   1.0925293e+02
   6.5267100e+05   1.2573242e+02
   6.5269700e+05   6.8237305e+01
   6.5271400e+05   2.3071289e+01
   6.5273600e+05   8.7890625e+01
   6.5275000e+05   1.9775391e+01
   6.5277600e+05   2.6489258e+01
   6.5278700e+05   2.0629883e+01
   6.5280000e+05   2.2399902e+01
   6.5283300e+05   2.8442383e+01
   6.5290900e+05   1.8859863e+01
   6.5296600e+05   3.2714844e+01
   6.8395700e+05   1.8554688e+01
   6.8399300e+05   2.2338867e+01
   6.8402300e+05   3.0639648e+01
   6.8404800e+05   1.8450928e+02
   6.8407600e+05   2.2216797e+01
   6.8409600e+05   6.5124512e+01
   6.8411200e+05   3.5095215e+01
   6.8413800e+05   2.3559570e+01
   6.8416600e+05   2.5390625e+01
   6.8418600e+05   2.4414063e+01
   6.8419800e+05   4.1748047e+01
   6.8424000e+05   2.0202637e+01
   6.8429000e+05   2.1850586e+01
   6.8432100e+05   1.9104004e+01
   6.8438300e+05   2.0019531e+01
   6.8439500e+05   2.2338867e+01
   6.8458400e+05   1.8798828e+01
   7.0775200e+05   2.1484375e+01
   7.0778600e+05   2.2583008e+01
   7.0780800e+05   9.7595215e+01
   7.0784600e+05   2.1606445e+01
   7.0786400e+05   5.7006836e+01
   7.0789000e+05   2.0568848e+01
   7.0791400e+05   2.4719238e+01
   7.0792800e+05   2.0202637e+01
   7.0795100e+05   2.6855469e+01
   7.0796200e+05   1.9042969e+01
   7.0801800e+05   1.9836426e+01
   7.0810600e+05   2.0141602e+01
   7.0814500e+05   1.9287109e+01
   7.3369400e+05   2.0263672e+01
   7.3373600e+05   2.2521973e+01
   7.3376800e+05   1.0461426e+02
   7.3380000e+05   1.2829590e+02
   7.3382900e+05   9.0393066e+01
   7.3385200e+05   2.0629883e+01
   7.3388000e+05   4.4738770e+01
   7.3392700e+05   3.0578613e+01
   7.3394100e+05   1.8432617e+01
   7.3554500e+05   1.8920898e+01
   7.3558400e+05   2.0385742e+01
   7.3617400e+05   1.9836426e+01
   7.3621700e+05   1.9042969e+01
   7.3636600e+05   1.8493652e+01
   7.3640100e+05   2.0690918e+01
   7.3643300e+05   2.3864746e+01
   7.3929000e+05   1.9653320e+01
   7.3951200e+05   2.0080566e+01
   7.4118400e+05   2.4353027e+01
   7.4124700e+05   1.8798828e+01
   7.4127700e+05   2.1118164e+01
   7.4166400e+05   1.8920898e+01
   7.4381600e+05   1.8371582e+01
   7.4382900e+05   2.3193359e+01
   7.4431900e+05   2.4902344e+01
   7.4433600e+05   1.9287109e+01
   7.4435500e+05   1.8737793e+01
   7.4669300e+05   1.8920898e+01
   7.6831200e+05   1.9042969e+01
   7.6834600e+05   3.2714844e+01
   7.6836200e+05   1.8737793e+01
   7.6838700e+05   1.0607910e+02
   7.6840300e+05   2.4963379e+01
   7.6843900e+05   2.3254395e+01
   7.6846500e+05   8.2580566e+01
   7.6849100e+05   3.2104492e+01
   7.6850300e+05   2.1179199e+01
   7.6855500e+05   1.9165039e+01
   7.6858800e+05   1.8615723e+01
   7.6862000e+05   1.8371582e+01
   7.8719100e+05   1.8798828e+01
   7.8740500e+05   2.5329590e+01
   7.8743300e+05   2.2583008e+01
   7.8746800e+05   5.2124023e+01
   7.8749300e+05   2.8137207e+01
   7.8752300e+05   7.0983887e+01
   7.8754100e+05   8.0139160e+01
   7.8755600e+05   2.4902344e+01
   7.8757900e+05   2.1484375e+01
   7.8762200e+05   2.7587891e+01
   7.8763400e+05   2.7587891e+01
   7.8774300e+05   1.8920898e+01
   7.8798800e+05   1.9470215e+01
   7.9194800e+05   1.8493652e+01
   7.9413800e+05   1.8371582e+01
   7.9459000e+05   1.8737793e+01
   7.9531400e+05   2.0507813e+01
   8.3485200e+05   1.0437012e+02
   8.3486500e+05   4.0771484e+01
   8.3516200e+05   1.0321045e+02
   8.3523000e+05   4.1564941e+01
   8.3527900e+05   8.5754395e+01
   8.3577400e+05   1.8798828e+01
   8.3578600e+05   2.3010254e+01
   8.3581200e+05   1.0827637e+02
   8.3582700e+05   3.6499023e+01
   8.3584100e+05   1.0833740e+02
   8.3586400e+05   6.3903809e+01
   8.3589600e+05   6.9152832e+01
   8.3590800e+05   3.0090332e+01
   8.3593000e+05   2.5939941e+01
   8.3597200e+05   2.1301270e+01
   8.3598500e+05   2.1362305e+01
   8.3602200e+05   2.0629883e+01
   8.3610400e+05   2.0446777e+01
   8.3613400e+05   2.3620605e+01
   8.3637900e+05   1.8859863e+01
   8.3760500e+05   2.0263672e+01
   8.4108400e+05   1.8798828e+01
   8.4269100e+05   1.8859863e+01
   8.4332200e+05   1.8737793e+01
   8.4346900e+05   2.3620605e+01
   8.4374500e+05   1.8493652e+01
   8.4386600e+05   1.8737793e+01
   8.4440800e+05   1.9958496e+01
   8.7708400e+05   2.0019531e+01
   8.7713600e+05   1.9897461e+01
   8.7715900e+05   2.5939941e+01
   8.7716900e+05   1.0955811e+02
   8.7718600e+05   1.0089111e+02
   8.7721300e+05   3.9001465e+01
   8.7723600e+05   2.8198242e+01
   8.7724900e+05   8.2519531e+01
   8.7727200e+05   2.4230957e+01
   8.7728900e+05   2.7526855e+01
   8.7732800e+05   2.3620605e+01
   8.7734600e+05   2.9663086e+01
   8.7735800e+05   1.8920898e+01
   8.7739800e+05   2.6062012e+01
   8.7764800e+05   1.9653320e+01
   8.7778400e+05   1.8371582e+01
   8.7790400e+05   2.0324707e+01
   8.7794500e+05   1.9165039e+01
   8.8062700e+05   1.9897461e+01
   8.8068100e+05   1.8981934e+01
   8.8070800e+05   1.8554688e+01
   9.2001700e+05   1.8859863e+01
   9.2004700e+05   2.3498535e+01
   9.2006200e+05   9.3994141e+01
   9.2008400e+05   1.2304688e+02
   9.2012200e+05   3.9916992e+01
   9.2013700e+05   6.9946289e+01
   9.2015200e+05   2.5634766e+01
   9.2017700e+05   2.3559570e+01
   9.2021600e+05   5.8349609e+01
   9.2024500e+05   3.0456543e+01
   9.2025500e+05   1.9226074e+01
   9.2030300e+05   2.1667480e+01
   9.2033000e+05   2.1301270e+01
   9.2182100e+05   1.8493652e+01
   9.2225200e+05   1.8371582e+01
   9.2234000e+05   1.9836426e+01
   9.2576900e+05   1.9348145e+01
   9.2584000e+05   2.0690918e+01
   9.2588700e+05   1.8371582e+01
   9.2605900e+05   1.9348145e+01
   9.2608700e+05   1.9531250e+01
   9.2610200e+05   1.8737793e+01
   9.2627600e+05   1.9042969e+01
   9.2631000e+05   2.1606445e+01
   9.2650400e+05   1.9165039e+01
   9.2699400e+05   1.8432617e+01
   9.4805200e+05   1.0595703e+02
   9.4806900e+05   3.8635254e+01
   9.4813100e+05   7.7697754e+01
   9.4814300e+05   3.6560059e+01
   9.4977500e+05   1.9042969e+01
   9.4983800e+05   2.0690918e+01
   9.4984900e+05   2.9052734e+01
   9.4986400e+05   1.1822510e+02
   9.4989100e+05   2.1850586e+01
   9.4990100e+05   2.0690918e+01
   9.4993700e+05   4.0893555e+01
   9.4994700e+05   1.0479736e+02
   9.4996900e+05   1.9165039e+01
   9.4999400e+05   1.8798828e+01
   9.5002400e+05   5.2612305e+01
   9.5005300e+05   3.4545898e+01
   9.5006500e+05   2.0263672e+01
   9.5017300e+05   2.0629883e+01
   9.5073200e+05   2.1118164e+01
   9.5130800e+05   1.9226074e+01
   9.5406500e+05   1.9409180e+01
   9.5519800e+05   1.8371582e+01
   1.0036620e+06   2.0446777e+01
   1.0036750e+06   2.6367188e+01
   1.0037100e+06   1.2213135e+02
   1.0037260e+06   2.8259277e+01
   1.0037420e+06   4.7668457e+01
   1.0037720e+06   8.7341309e+01
   1.0037860e+06   2.3437500e+01
   1.0038290e+06   1.9226074e+01
   1.0038450e+06   6.0729980e+01
   1.0038740e+06   2.5207520e+01
   1.0038890e+06   2.0812988e+01
   1.0039080e+06   2.3071289e+01
   1.0083330e+06   2.3254395e+01
   1.0093130e+06   2.2766113e+01
   1.0093570e+06   1.9714355e+01
   1.0099240e+06   1.9165039e+01
   1.0266520e+06   2.0996094e+01
   1.0266800e+06   2.1789551e+01
   1.0267070e+06   2.3254395e+01
   1.0267180e+06   2.3254395e+01
   1.0267360e+06   1.9104004e+01
   1.0267570e+06   1.0656738e+02
   1.0267710e+06   2.2644043e+01
   1.0267890e+06   2.3010254e+01
   1.0268090e+06   2.1057129e+01
   1.0268320e+06   9.2834473e+01
   1.0268420e+06   2.1057129e+01
   1.0268770e+06   1.2170410e+02
   1.0269000e+06   3.5217285e+01
   1.0270090e+06   2.2827148e+01
   1.0276500e+06   1.8737793e+01
   1.0316430e+06   2.0629883e+01
   1.0324950e+06   2.0446777e+01
   1.1123970e+06   2.0629883e+01
   1.1124070e+06   2.2766113e+01
   1.1124450e+06   1.3806152e+02
   1.1124570e+06   1.8981934e+01
   1.1124680e+06   1.9470215e+01
   1.1124900e+06   2.5024414e+01
   1.1125150e+06   6.2255859e+01
   1.1125320e+06   2.0080566e+01
   1.1126130e+06   1.9042969e+01
   1.1126640e+06   1.9775391e+01
   1.1127090e+06   2.2644043e+01
   1.1128590e+06   1.8920898e+01
   1.1130310e+06   2.2644043e+01
   1.1133010e+06   1.9470215e+01
   1.1134920e+06   1.8554688e+01
   1.1148710e+06   1.9165039e+01
   1.1151150e+06   1.9897461e+01
   1.1156120e+06   2.1606445e+01
   1.1156430e+06   2.5390625e+01
   1.1162810e+06   2.1545410e+01
   1.1166070e+06   1.8371582e+01
   1.1169310e+06   2.0690918e+01
   1.1172350e+06   1.8371582e+01
   1.1194380e+06   2.0141602e+01
   1.1862490e+06   1.8981934e+01
   1.1862970e+06   2.0812988e+01
   1.1863090e+06   1.8615723e+01
   1.1863400e+06   2.1118164e+01
   1.1863700e+06   1.0314941e+02
   1.1863840e+06   2.4658203e+01
   1.1864060e+06   1.1810303e+02
   1.1864280e+06   2.3254395e+01
   1.1864420e+06   7.8735352e+01
   1.1864790e+06   2.0935059e+01
   1.1865540e+06   2.2766113e+01
   1.1866740e+06   2.0446777e+01
   1.1869000e+06   2.3681641e+01
   1.1869710e+06   1.9836426e+01
   1.1876060e+06   1.8371582e+01
   1.1880750e+06   2.3071289e+01
   1.1897890e+06   1.8981934e+01
   1.1898810e+06   1.8615723e+01
   1.1899310e+06   3.1616211e+01
   1.1902700e+06   1.9042969e+01
   1.1911130e+06   1.8920898e+01
   1.1922260e+06   1.9958496e+01
   1.2547120e+06   2.2216797e+01
   1.2547260e+06   1.8798828e+01
   1.2547590e+06   1.2847900e+02
   1.2547820e+06   1.1859131e+02
   1.2547950e+06   2.1179199e+01
   1.2548270e+06   7.6538086e+01
   1.2548420e+06   1.8798828e+01
   1.2548720e+06   9.5275879e+01
   1.2548930e+06   2.4475098e+01
   1.2549570e+06   1.8432617e+01
   1.3364560e+06   1.1212158e+02
   1.3365150e+06   1.1517334e+02
   1.3366170e+06   3.6437988e+01
   1.3367630e+06   8.2458496e+01
   1.3367830e+06   3.8146973e+01
   1.3681480e+06   2.0874023e+01
   1.3682970e+06   2.3071289e+01
   1.3692740e+06   2.1911621e+01
   1.3697180e+06   1.9836426e+01
   1.3701050e+06   1.9409180e+01
   1.4390490e+06   1.9348145e+01
   1.4391940e+06   1.8493652e+01
   1.4393440e+06   1.8371582e+01
   1.4395260e+06   2.1789551e+01
   1.4398920e+06   2.3254395e+01
   1.4407220e+06   1.8676758e+01
   1.4414120e+06   2.0385742e+01
   1.4609610e+06   1.8371582e+01
   1.4609990e+06   1.9592285e+01
   1.4687530e+06   1.8920898e+01
   1.4739660e+06   1.0015869e+02
   1.4740270e+06   6.9824219e+01
   1.4740400e+06   3.1982422e+01
   1.4741060e+06   3.5583496e+01
   1.4744300e+06   1.0235596e+02
   1.4744730e+06   1.8737793e+01
   1.4744830e+06   3.0944824e+01
   1.4746270e+06   1.2719727e+02
   1.4752900e+06   1.8432617e+01
   1.4848740e+06   2.4353027e+01
   1.4850110e+06   2.4597168e+01
   1.4853920e+06   2.1972656e+01
   1.4854100e+06   1.9958496e+01
   1.4855740e+06   1.8920898e+01
   1.4856580e+06   1.8676758e+01
   1.4864270e+06   2.0568848e+01
   1.4870090e+06   2.1728516e+01
   1.5222560e+06   1.9287109e+01
   1.5225390e+06   2.7954102e+01
   1.5227210e+06   2.0324707e+01
   1.5228480e+06   1.8371582e+01
   1.5231640e+06   2.0996094e+01
   1.5231800e+06   1.9836426e+01
   1.5236440e+06   2.1850586e+01
   1.5244210e+06   2.8442383e+01
   1.5510660e+06   2.3132324e+01
   1.5805190e+06   1.8981934e+01
   1.5807080e+06   1.1328125e+02
   1.5807200e+06   1.1633301e+02
   1.5807450e+06   4.6875000e+01
   1.6083170e+06   1.0900879e+02
   1.6084380e+06   9.2346191e+01
   1.6084860e+06   4.0893555e+01
   1.6085600e+06   7.2998047e+01
   1.6096510e+06   1.1364746e+02
   1.8068110e+06   1.8859863e+01
   1.8068360e+06   2.4353027e+01
   1.8068530e+06   2.2521973e+01
   1.8069120e+06   2.1606445e+01
   1.8069420e+06   1.1358643e+02
   1.8069690e+06   1.1651611e+02
   1.8069870e+06   2.0812988e+01
   1.8374580e+06   2.2338867e+01
   1.8374690e+06   2.0202637e+01
   1.8375010e+06   1.3964844e+02
   1.8375200e+06   5.2124023e+01
   1.8375330e+06   2.5329590e+01
   1.8375580e+06   3.1799316e+01
   1.8375780e+06   1.5466309e+02
   1.8376050e+06   1.9165039e+01
   1.8376180e+06   2.9418945e+01
   1.8376390e+06   2.1240234e+01
   1.8439590e+06   2.2338867e+01
   1.8547960e+06   1.8554688e+01
   1.8551260e+06   2.2338867e+01
   1.8552480e+06   1.8432617e+01
   1.8556440e+06   2.1789551e+01
   1.8561190e+06   2.2766113e+01
   1.8571370e+06   1.8859863e+01
   1.8943240e+06   1.0662842e+02
   1.8944450e+06   9.8999023e+01
   1.8945060e+06   5.6457520e+01
   1.8945540e+06   3.2531738e+01
   1.8945920e+06   2.3315430e+01
   1.8946280e+06   2.9724121e+01
   1.8948700e+06   1.0491943e+02
   1.8948900e+06   4.3762207e+01
   1.8949280e+06   4.0832520e+01
   1.8949390e+06   4.0039063e+01
   1.8949710e+06   1.0546875e+02
   1.8949860e+06   2.2766113e+01
   1.8950400e+06   7.2387695e+01
   1.8950590e+06   3.8696289e+01
   1.8950690e+06   3.6560059e+01
   1.8950920e+06   3.4240723e+01
   1.8951190e+06   8.4167480e+01
   1.8951510e+06   1.0247803e+02
   1.8951660e+06   5.3527832e+01
   1.8951760e+06   2.2705078e+01
   1.8952050e+06   5.2490234e+01
   1.8952160e+06   2.4597168e+01
   1.8952540e+06   3.0212402e+01
   1.8952760e+06   3.4423828e+01
   1.8952890e+06   3.0151367e+01
   1.8953080e+06   2.3437500e+01
   1.8953380e+06   2.3132324e+01
   1.8954970e+06   1.8432617e+01
   1.8955310e+06   1.8493652e+01
   1.9697750e+06   4.7302246e+01
   1.9698980e+06   4.6081543e+01
   1.9699150e+06   1.8432617e+01
   1.9699860e+06   3.5522461e+01
   1.9699970e+06   1.1602783e+02
   1.9700150e+06   1.0388184e+02
   1.9700260e+06   3.1982422e+01
   1.9700610e+06   1.0369873e+02
   1.9700760e+06   2.1484375e+01
   1.9701080e+06   3.7536621e+01
   1.9701270e+06   7.5988770e+01
   1.9701540e+06   1.8554688e+01
   1.9701930e+06   6.1340332e+01
   1.9702120e+06   2.4780273e+01
   1.9702290e+06   2.3010254e+01
   1.9704120e+06   1.8981934e+01
   2.0753240e+06   1.2316895e+02
   2.0958890e+06   1.8615723e+01
   2.1165990e+06   1.8981934e+01
   2.1172660e+06   1.9836426e+01
   2.1173220e+06   1.9775391e+01
   2.1176600e+06   4.6264648e+01
   2.1178690e+06   1.8798828e+01
   2.1186920e+06   1.9409180e+01
   2.1291410e+06   1.9714355e+01
   2.1291740e+06   1.0919189e+02
   2.1292050e+06   1.0791016e+02
   2.1292250e+06   1.0406494e+02
   2.1292470e+06   2.2155762e+01
   2.1292740e+06   8.2824707e+01
   2.1292850e+06   2.5451660e+01
   2.1293010e+06   2.1789551e+01
   2.1293630e+06   2.3071289e+01
   2.1293740e+06   4.5898438e+01
   2.1294080e+06   3.1005859e+01
   2.1294610e+06   2.5268555e+01
   2.1294750e+06   2.3742676e+01
   2.1294880e+06   3.8757324e+01
   2.1295090e+06   3.0883789e+01
   2.1295360e+06   3.3874512e+01
   2.1295480e+06   3.8085938e+01
   2.1295770e+06   1.3262939e+02
   2.1296340e+06   2.1118164e+01
   2.1296590e+06   2.2338867e+01
   2.1296810e+06   2.3620605e+01
   2.1297070e+06   2.0874023e+01
   2.2338370e+06   2.0812988e+01
   2.2339190e+06   1.1022949e+02
   2.2339430e+06   1.9592285e+01
   2.2339530e+06   4.3273926e+01
   2.2339920e+06   1.0998535e+02
   2.2340620e+06   1.9714355e+01
   2.3002230e+06   2.8198242e+01
   2.3002780e+06   1.0998535e+02
   2.3003060e+06   1.2164307e+02
   2.3003370e+06   2.4597168e+01
   2.3003590e+06   3.9733887e+01
   2.3003790e+06   1.8493652e+01
   2.3004600e+06   1.9104004e+01
   2.3543830e+06   2.1484375e+01
   2.3544410e+06   2.0324707e+01
   2.3544600e+06   1.0388184e+02
   2.3544770e+06   1.0583496e+02
   2.3544910e+06   4.1992188e+01
   2.3545180e+06   1.9531250e+01
   2.3545350e+06   1.8737793e+01
   2.3545590e+06   8.3679199e+01
   2.3545910e+06   2.1118164e+01
   2.3902640e+06   2.0751953e+01
   2.3903020e+06   1.8981934e+01
   2.3903200e+06   1.8432617e+01
   2.3903460e+06   1.6693115e+02
   2.3903630e+06   4.0344238e+01
   2.3903920e+06   7.0190430e+01
   2.3904080e+06   2.1667480e+01
   2.3904180e+06   6.9641113e+01
   2.3904500e+06   3.0944824e+01
   2.3904790e+06   8.3190918e+01
   2.3905720e+06   2.1118164e+01
   2.4165670e+06   2.1179199e+01
   2.4166220e+06   1.9653320e+01
   2.4166470e+06   1.8737793e+01
   2.4166770e+06   1.1016846e+02
   2.4166920e+06   1.8859863e+01
   2.4167100e+06   2.8808594e+01
   2.4167200e+06   1.9409180e+01
   2.4167400e+06   3.6437988e+01
   2.4167680e+06   2.0812988e+01
   2.4168210e+06   1.9104004e+01
   2.4686290e+06   2.1606445e+01
   2.4686800e+06   1.9287109e+01
   2.4687080e+06   2.4841309e+01
   2.4687300e+06   1.1157227e+02
   2.4687410e+06   1.1871338e+02
   2.4687680e+06   5.3833008e+01
   2.5265660e+06   1.9592285e+01
   2.5266090e+06   1.9531250e+01
   2.5266600e+06   2.0874023e+01
   2.5266810e+06   1.0144043e+02
   2.5267000e+06   1.1938477e+02
   2.5267310e+06   4.2785645e+01
   2.5267770e+06   1.9409180e+01
   2.5267960e+06   9.7778320e+01
   2.5314590e+06   1.1254883e+02
   2.5315390e+06   7.1594238e+01
   2.5315670e+06   4.0039063e+01
   2.5317200e+06   8.9782715e+01
   2.5317580e+06   3.9245605e+01
   2.5318430e+06   6.4758301e+01
   2.5347410e+06   2.2583008e+01
   2.5347730e+06   1.0034180e+02
   2.5348320e+06   1.0650635e+02
   2.5348630e+06   8.6791992e+01
   2.5348830e+06   1.9348145e+01
   2.5349150e+06   1.0583496e+02
   2.5349290e+06   1.9592285e+01
   2.5349880e+06   2.4597168e+01
   2.5516260e+06   1.8371582e+01
   2.5562020e+06   1.9409180e+01
   2.5562610e+06   1.0626221e+02
   2.5562850e+06   1.2060547e+02
   2.5562990e+06   3.5522461e+01
   2.5563150e+06   2.4658203e+01
   2.5563450e+06   2.0019531e+01
   2.5563610e+06   2.2216797e+01
   2.5822690e+06   1.8859863e+01
   2.5823690e+06   1.1108398e+02
   2.5823930e+06   4.7668457e+01
   2.5824130e+06   1.0760498e+02
   2.5824250e+06   2.0751953e+01
   2.5824500e+06   7.3181152e+01
   2.5824750e+06   2.0874023e+01
   2.5922030e+06   1.8859863e+01
   2.5922480e+06   1.0113525e+02
   2.5922990e+06   2.0507813e+01
   2.5923380e+06   4.4555664e+01
   2.5923490e+06   2.1057129e+01
   2.5923700e+06   8.5510254e+01
   2.5924240e+06   2.0202637e+01
   2.6180760e+06   2.5878906e+01
   2.6181770e+06   1.0900879e+02
   2.6181990e+06   2.0935059e+01
   2.6182170e+06   1.1108398e+02
   2.6182380e+06   5.9570313e+01
   2.6182660e+06   4.2358398e+01
   2.6183030e+06   9.6801758e+01
   2.6261340e+06   1.1816406e+02
   2.6262530e+06   2.0874023e+01
   2.6262770e+06   9.9548340e+01
   2.6262940e+06   8.8684082e+01
   2.6263180e+06   5.1391602e+01
   2.6263460e+06   2.0507813e+01
   2.6263710e+06   7.7758789e+01
   2.6263930e+06   2.8442383e+01
   2.6264400e+06   1.2170410e+02
   2.6264720e+06   2.1057129e+01
   2.6265070e+06   2.3315430e+01
   2.6696020e+06   1.9287109e+01
   2.6696120e+06   2.4047852e+01
   2.6696900e+06   2.1911621e+01
   2.6697170e+06   1.6308594e+02
   2.6697340e+06   2.3925781e+01
   2.6697520e+06   4.7668457e+01
   2.6697880e+06   2.1728516e+01
   2.6995720e+06   2.1240234e+01
   2.6996020e+06   2.0324707e+01
   2.6996160e+06   1.1431885e+02
   2.6996450e+06   1.2628174e+02
   2.6996570e+06   4.2053223e+01
   2.6996880e+06   7.9772949e+01
   2.6997210e+06   8.8989258e+01
   2.7314480e+06   1.9287109e+01
   2.7315100e+06   1.0839844e+02
   2.7315350e+06   1.1578369e+02
   2.7315530e+06   5.1208496e+01
   2.7315690e+06   2.0629883e+01
   2.7315920e+06   7.4584961e+01
   2.7316060e+06   1.9409180e+01
   2.7316180e+06   2.1484375e+01
   2.7316590e+06   1.0089111e+02
   2.7353620e+06   1.1523438e+02
   2.7590400e+06   1.9836426e+01
   2.7591190e+06   2.1057129e+01
   2.7591560e+06   1.3806152e+02
   2.7591740e+06   2.2399902e+01
   2.7591870e+06   1.9165039e+01
   2.7592110e+06   2.0141602e+01
   2.7592560e+06   9.3322754e+01
   2.7718410e+06   1.9226074e+01
   2.7719240e+06   2.1301270e+01
   2.7719430e+06   1.0577393e+02
   2.7719690e+06   2.7954102e+01
   2.7720160e+06   2.0812988e+01
   2.7720530e+06   4.9011230e+01
   2.7720730e+06   9.8693848e+01
   2.8098460e+06   1.9714355e+01
   2.8098850e+06   1.1157227e+02
   2.8099030e+06   2.3864746e+01
   2.8099210e+06   4.7302246e+01
   2.8100490e+06   1.9653320e+01
   2.8508140e+06   2.3010254e+01
   2.8508400e+06   2.2155762e+01
   2.8508780e+06   1.0449219e+02
   2.8509120e+06   1.9653320e+01
   2.8509380e+06   1.8615723e+01
   2.8509790e+06   1.1132813e+02
   2.8510310e+06   1.8554688e+01
   2.8511330e+06   1.8371582e+01
   2.8533160e+06   1.8798828e+01
   2.8533690e+06   2.0080566e+01
   2.8534120e+06   2.3071289e+01
   2.8534270e+06   1.3305664e+02
   2.8534760e+06   2.3925781e+01
   2.8534920e+06   2.3559570e+01
   2.8535080e+06   1.8798828e+01
   2.8535370e+06   2.2033691e+01
   2.8537070e+06   2.2216797e+01
   2.8795650e+06   2.3254395e+01
   2.8795800e+06   2.4169922e+01
   2.8796200e+06   1.8920898e+01
   2.8796490e+06   2.0568848e+01
   2.8796720e+06   1.8890381e+02
   2.8796920e+06   2.3498535e+01
   2.8797230e+06   2.3315430e+01
   2.8797510e+06   1.9714355e+01
   2.8797690e+06   2.3620605e+01
   2.8797980e+06   2.0385742e+01
   2.9238200e+06   1.8493652e+01
   2.9239230e+06   1.8371582e+01
   2.9239550e+06   1.1114502e+02
   2.9240060e+06   4.5959473e+01
   2.9240190e+06   2.1606445e+01
   2.9240410e+06   1.1688232e+02
   2.9240590e+06   2.4353027e+01
   2.9241380e+06   2.1484375e+01
   2.9478610e+06   1.2658691e+02
   2.9521580e+06   1.1596680e+02
   2.9674390e+06   2.2949219e+01
   2.9674840e+06   1.8371582e+01
   2.9675050e+06   1.0333252e+02
   2.9675240e+06   1.1096191e+02
   2.9675450e+06   5.7922363e+01
   2.9675690e+06   2.3803711e+01
   2.9675960e+06   7.6538086e+01
   2.9676080e+06   2.1911621e+01
   2.9676260e+06   1.8371582e+01
   2.9676810e+06   2.0019531e+01
   3.0007720e+06   2.6794434e+01
   3.0007900e+06   2.0935059e+01
   3.0008090e+06   2.2094727e+01
   3.0008310e+06   2.2338867e+01
   3.0008620e+06   2.5390625e+01
   3.0008730e+06   1.0784912e+02
   3.0009060e+06   1.1761475e+02
   3.0009170e+06   2.3437500e+01
   3.0009370e+06   2.2460938e+01
   3.0009470e+06   2.9357910e+01
   3.0031490e+06   1.9104004e+01
   3.0031980e+06   1.0418701e+02
   3.0032230e+06   1.1578369e+02
   3.0032470e+06   4.6752930e+01
   3.0032640e+06   2.0263672e+01
   3.0032990e+06   7.7453613e+01
   3.0033300e+06   9.4848633e+01
   3.0033620e+06   2.1972656e+01
   3.0033750e+06   2.2460938e+01
   3.0034520e+06   2.0446777e+01
   3.0038520e+06   2.0996094e+01
   3.0356150e+06   1.1822510e+02
   3.0356310e+06   2.1484375e+01
   3.0356580e+06   2.0263672e+01
   3.0357110e+06   9.6191406e+01
   3.0357370e+06   8.9294434e+01
   3.0357480e+06   5.6945801e+01
   3.0358440e+06   1.9714355e+01
   3.0510160e+06   1.8798828e+01
   3.0510420e+06   1.1151123e+02
   3.0510750e+06   1.0369873e+02
   3.0510940e+06   2.3193359e+01
   3.0511160e+06   4.2724609e+01
   3.0511290e+06   2.2888184e+01
   3.0511580e+06   1.9653320e+01
   3.0808620e+06   1.0559082e+02
   3.0809260e+06   4.3518066e+01
   3.0809520e+06   8.6059570e+01
   3.0810990e+06   4.3518066e+01
   3.0811100e+06   9.6252441e+01
   3.0933390e+06   2.6550293e+01
   3.0933590e+06   2.1606445e+01
   3.0933880e+06   1.9409180e+01
   3.0934050e+06   1.0504150e+02
   3.0934210e+06   1.2274170e+02
   3.0934420e+06   2.2033691e+01
   3.0934630e+06   7.4401855e+01
   3.0934930e+06   1.9165039e+01
   3.0935260e+06   3.1372070e+01
   3.0935480e+06   8.5449219e+01
   3.1046860e+06   1.1962891e+02
   3.1075450e+06   1.8554688e+01
   3.1075870e+06   2.1850586e+01
   3.1076420e+06   2.1179199e+01
   3.1076790e+06   1.2139893e+02
   3.1077050e+06   5.8532715e+01
   3.1077740e+06   2.1789551e+01
   3.1077840e+06   1.9409180e+01
   3.1525120e+06   1.9653320e+01
   3.1525360e+06   2.0690918e+01
   3.1525470e+06   2.2827148e+01
   3.1525870e+06   1.9592285e+01
   3.1525980e+06   3.0883789e+01
   3.1526970e+06   1.9287109e+01
   3.1527710e+06   1.9592285e+01
   3.1553670e+06   2.0019531e+01
   3.1555140e+06   2.1728516e+01
   3.1555400e+06   1.0504150e+02
   3.1555580e+06   2.0629883e+01
   3.1556050e+06   2.5451660e+01
   3.1556400e+06   2.4230957e+01
   3.1556830e+06   2.2338867e+01
   3.1557210e+06   1.8920898e+01
   3.1557360e+06   1.9775391e+01
   3.1557900e+06   2.2399902e+01
   3.2369140e+06   2.0751953e+01
   3.2369340e+06   2.1057129e+01
   3.2369630e+06   2.1118164e+01
   3.2369770e+06   2.0202637e+01
   3.2370140e+06   1.0900879e+02
   3.2370290e+06   1.8737793e+01
   3.2370680e+06   1.1975098e+02
   3.2603430e+06   2.0080566e+01
   3.2603840e+06   2.1667480e+01
   3.2603950e+06   2.5878906e+01
   3.2604180e+06   1.0528564e+02
   3.2604590e+06   5.3894043e+01
   3.2604690e+06   2.0141602e+01
   3.2605120e+06   1.1047363e+02
   3.2605380e+06   2.1423340e+01
   3.2985140e+06   9.8815918e+01
   3.2985430e+06   1.3220215e+02
   3.2985550e+06   2.6062012e+01
   3.2985790e+06   6.8847656e+01
   3.2986580e+06   9.2407227e+01
   3.2986770e+06   1.9042969e+01
   3.2987830e+06   1.0443115e+02
   3.2988200e+06   1.9958496e+01
   3.3356460e+06   1.8676758e+01
   3.3356870e+06   3.0273438e+01
   3.3357130e+06   2.2705078e+01
   3.3357390e+06   1.0992432e+02
   3.3358000e+06   4.8156738e+01
   3.3658250e+06   2.0996094e+01
   3.3658660e+06   2.0996094e+01
   3.3658870e+06   1.0540771e+02
   3.3659230e+06   2.3986816e+01
   3.3659530e+06   1.8432617e+01
   3.3659810e+06   2.0751953e+01
   3.4169660e+06   1.8554688e+01
   3.4171360e+06   2.4047852e+01
   3.4172640e+06   2.1423340e+01
   3.4175900e+06   1.8615723e+01
   3.4178230e+06   1.9287109e+01
   3.4178970e+06   2.1850586e+01
   3.4179240e+06   1.9714355e+01
   3.4179490e+06   1.9653320e+01
   3.4179740e+06   2.2747803e+02
   3.4179910e+06   1.9958496e+01
   3.4180200e+06   1.8493652e+01
   3.4180700e+06   8.6547852e+01
   3.4181030e+06   9.6618652e+01
   3.4181290e+06   1.8493652e+01
   3.4653130e+06   4.6569824e+01
   3.4713290e+06   2.8015137e+01
   3.4718260e+06   2.1728516e+01
   3.4720370e+06   2.1118164e+01
   3.4725440e+06   2.2155762e+01
   3.4725590e+06   2.0690918e+01
   3.4725960e+06   2.4169922e+01
   3.4726490e+06   1.0131836e+02
   3.4726610e+06   1.9165039e+01
   3.4726930e+06   2.0568848e+01
   3.4727410e+06   1.8737793e+01
   3.5056430e+06   2.1057129e+01
   3.5056660e+06   1.8676758e+01
   3.5057020e+06   1.0815430e+02
   3.5057370e+06   1.8981934e+01
   3.5057540e+06   1.9958496e+01
   3.5274850e+06   1.8432617e+01
   3.5280500e+06   2.1057129e+01
   3.5283670e+06   2.0446777e+01
   3.5287570e+06   2.4719238e+01
   3.5291460e+06   1.8859863e+01
   3.5295680e+06   2.0690918e+01
   3.5307570e+06   2.1972656e+01
   3.5517450e+06   1.2237549e+02
   3.5520830e+06   1.1486816e+02
   3.5688430e+06   2.0874023e+01
   3.5688720e+06   1.8554688e+01
   3.5689170e+06   2.7648926e+01
   3.5689270e+06   2.2277832e+01
   3.5690280e+06   5.7922363e+01
   3.6028660e+06   1.9470215e+01
   3.6029430e+06   2.2644043e+01
   3.6029770e+06   4.5410156e+01
   3.6036430e+06   1.9836426e+01
   3.6038350e+06   1.8798828e+01
   3.6854590e+06   1.1340332e+02
   3.6855300e+06   3.7658691e+01
   3.6856610e+06   3.9733887e+01
   3.6858830e+06   1.8981934e+01
   3.6859520e+06   2.0751953e+01
   3.6859980e+06   2.2827148e+01
   3.6860450e+06   2.0202637e+01
   3.6861120e+06   2.0019531e+01
   3.6861670e+06   1.9531250e+01
   3.6862760e+06   1.9226074e+01
   3.6863590e+06   1.8493652e+01
   3.6864830e+06   1.9470215e+01
   3.6865040e+06   2.1728516e+01
   3.6866400e+06   2.3254395e+01
   3.7287750e+06   1.0717773e+02
   3.7288410e+06   7.3242188e+01
   3.7288610e+06   3.9916992e+01
   3.7289110e+06   5.0842285e+01
   3.7289280e+06   4.0832520e+01
   3.7294030e+06   2.0568848e+01
   3.7383100e+06   1.8798828e+01
   3.7384650e+06   1.9042969e+01
   3.7386580e+06   2.0202637e+01
   3.7402010e+06   2.5268555e+01
   3.7404580e+06   1.8798828e+01
   3.7411430e+06   1.9836426e+01
   3.7535650e+06   2.6794434e+01
   3.7556580e+06   1.9897461e+01
   3.8234740e+06   1.9897461e+01
   3.8235440e+06   2.3498535e+01
   3.8235730e+06   1.0894775e+02
   3.8236130e+06   5.1696777e+01
   3.8236440e+06   2.1240234e+01
   3.8237280e+06   2.1057129e+01
   3.8780780e+06   1.0687256e+02
   3.8781590e+06   4.6264648e+01
   3.8781790e+06   8.3618164e+01
   3.8782250e+06   3.3813477e+01
   3.8782390e+06   3.1799316e+01
   3.8782770e+06   1.8493652e+01
   3.8783410e+06   2.2216797e+01
   3.8785160e+06   1.0888672e+02
   3.8785290e+06   4.7668457e+01
   3.8786450e+06   1.0528564e+02
   3.8786630e+06   2.1240234e+01
   3.8786840e+06   4.1015625e+01
   3.8787020e+06   2.1850586e+01
   3.8787850e+06   2.1240234e+01
   3.8789450e+06   1.8737793e+01
   3.8789670e+06   2.7282715e+01
   3.8789880e+06   2.1972656e+01
   3.8790050e+06   1.8920898e+01
   3.8790240e+06   3.4606934e+01
   3.8790450e+06   2.0123291e+02
   3.8790590e+06   3.5583496e+01
   3.8791070e+06   5.4565430e+01
   3.8791400e+06   2.6306152e+01
   3.8791710e+06   2.9418945e+01
   3.8792080e+06   1.8859863e+01
   3.8792300e+06   2.2338867e+01
   3.8792840e+06   2.0263672e+01
   3.8794570e+06   1.9531250e+01
   3.9627130e+06   2.0385742e+01
   3.9627600e+06   2.1789551e+01
   3.9627890e+06   2.5085449e+01
   3.9628310e+06   4.4189453e+01
   3.9628710e+06   2.0080566e+01
   3.9628890e+06   1.3165283e+02
   3.9629570e+06   1.9592285e+01
   3.9629950e+06   2.4291992e+01
   3.9630100e+06   1.9104004e+01
   3.9630530e+06   1.9042969e+01
   3.9630850e+06   3.6499023e+01
   3.9631040e+06   2.4841309e+01
   3.9631250e+06   2.4536133e+01
   3.9631580e+06   2.0996094e+01
   3.9631820e+06   1.2268066e+02
   3.9632080e+06   1.8432617e+01
   3.9632180e+06   2.1301270e+01
   3.9632570e+06   9.5520020e+01
   3.9632820e+06   1.9775391e+01
   3.9633040e+06   1.9165039e+01
   3.9633220e+06   2.2155762e+01
   3.9633680e+06   2.5329590e+01
   4.0336680e+06   2.0080566e+01
   4.0336900e+06   1.9348145e+01
   4.0337500e+06   1.0632324e+02
   4.0337780e+06   1.1566162e+02
   4.0337920e+06   2.3925781e+01
   4.0338320e+06   7.7270508e+01
   4.0338460e+06   2.7648926e+01
   4.0338810e+06   2.4780273e+01
   4.0339070e+06   3.6560059e+01
   4.0339260e+06   9.9792480e+01
   4.0339510e+06   3.0517578e+01
   4.0339680e+06   2.0263672e+01
   4.0339930e+06   2.4169922e+01
   4.0340040e+06   2.6000977e+01
   4.0340400e+06   5.1940918e+01
   4.0340570e+06   6.8237305e+01
   4.0340700e+06   2.4353027e+01
   4.0340900e+06   2.8381348e+01
   4.0341120e+06   2.7893066e+01
   4.0341350e+06   1.9775391e+01
   4.0341710e+06   2.3620605e+01
   4.0342020e+06   2.1301270e+01
   4.1003110e+06   2.2094727e+01
   4.1003330e+06   2.9602051e+01
   4.1003600e+06   1.9470215e+01
   4.1003780e+06   2.6550293e+01
   4.1003960e+06   1.1730957e+02
   4.1004250e+06   1.1175537e+02
   4.1004570e+06   6.7810059e+01
   4.1004730e+06   4.7607422e+01
   4.1004970e+06   9.4055176e+01
   4.1005130e+06   2.4230957e+01
   4.1005460e+06   3.3752441e+01
   4.1005660e+06   3.3508301e+01
   4.1005830e+06   2.7038574e+01
   4.1006070e+06   1.0968018e+02
   4.1006260e+06   1.9409180e+01
   4.1006380e+06   3.1921387e+01
   4.1006480e+06   2.5451660e+01
   4.1006710e+06   2.3986816e+01
   4.1007080e+06   8.9782715e+01
   4.1007190e+06   3.1066895e+01
   4.1008220e+06   2.2094727e+01
   4.1008660e+06   1.8615723e+01
   4.1009840e+06   7.5744629e+01
   4.1010140e+06   1.8859863e+01
   4.1547590e+06   2.3376465e+01
   4.1547840e+06   2.4780273e+01
   4.1548040e+06   2.0141602e+01
   4.1548230e+06   1.0711670e+02
   4.1548370e+06   4.6997070e+01
   4.1548550e+06   1.1340332e+02
   4.1548790e+06   5.7189941e+01
   4.1549080e+06   4.4799805e+01
   4.1549190e+06   8.3129883e+01
   4.1549450e+06   3.5644531e+01
   4.1549770e+06   7.2998047e+01
   4.1550030e+06   4.8889160e+01
   4.1550260e+06   2.5024414e+01
   4.1550390e+06   4.0100098e+01
   4.1550710e+06   7.2326660e+01
   4.1550860e+06   2.0263672e+01
   4.1551080e+06   1.8432617e+01
   4.1551260e+06   3.3447266e+01
   4.1551390e+06   2.1728516e+01
   4.1551840e+06   6.8176270e+01
   4.1551950e+06   2.5512695e+01
   4.1552570e+06   2.0690918e+01
   4.1554160e+06   1.9836426e+01
   4.2086180e+06   2.1789551e+01
   4.2086350e+06   1.9775391e+01
   4.2086650e+06   2.3559570e+01
   4.2086960e+06   1.1553955e+02
   4.2087190e+06   2.8076172e+01
   4.2087330e+06   1.1981201e+02
   4.2087520e+06   5.5603027e+01
   4.2087780e+06   2.8503418e+01
   4.2088050e+06   9.8510742e+01
   4.2088330e+06   4.8889160e+01
   4.2088470e+06   2.4475098e+01
   4.2088750e+06   5.8715820e+01
   4.2088910e+06   8.2458496e+01
   4.2089100e+06   3.2348633e+01
   4.2089330e+06   2.5146484e+01
   4.2089680e+06   7.7148438e+01
   4.2089830e+06   3.2104492e+01
   4.2089980e+06   2.0629883e+01
   4.2090540e+06   2.4414063e+01
   4.2090700e+06   6.0424805e+01
   4.2620860e+06   1.8432617e+01
   4.2621240e+06   1.9531250e+01
   4.2621560e+06   2.0385742e+01
   4.2621780e+06   1.1517334e+02
   4.2622080e+06   1.1468506e+02
   4.2622310e+06   6.1218262e+01
   4.2622540e+06   3.7353516e+01
   4.2622700e+06   2.8198242e+01
   4.2622890e+06   2.7038574e+01
   4.2623130e+06   5.2429199e+01
   4.2623410e+06   6.0791016e+01
   4.2623600e+06   3.8940430e+01
   4.2623760e+06   1.0009766e+02
   4.2623970e+06   2.9479980e+01
   4.2624200e+06   2.7404785e+01
   4.2624310e+06   2.8442383e+01
   4.2624540e+06   7.1777344e+01
   4.2624780e+06   2.3315430e+01
   4.2625000e+06   2.0202637e+01
   4.2625250e+06   5.3710938e+01
   4.2625380e+06   1.9104004e+01
   4.2626280e+06   5.4626465e+01
   4.3158890e+06   2.4475098e+01
   4.3159140e+06   2.9541016e+01
   4.3159430e+06   2.0812988e+01
   4.3159600e+06   9.4238281e+01
   4.3159820e+06   1.2170410e+02
   4.3160100e+06   6.4819336e+01
   4.3160320e+06   2.7954102e+01
   4.3160510e+06   9.5336914e+01
   4.3160690e+06   3.0578613e+01
   4.3160820e+06   2.8259277e+01
   4.3160920e+06   2.4475098e+01
   4.3161190e+06   1.2426758e+02
   4.3161330e+06   6.0668945e+01
   4.3161920e+06   2.4780273e+01
   4.3162150e+06   7.6171875e+01
   4.3162280e+06   2.2277832e+01
   4.3162500e+06   1.9897461e+01
   4.3162760e+06   2.0996094e+01
   4.3163090e+06   5.4504395e+01
   4.3163400e+06   2.9418945e+01
   4.3164040e+06   5.5541992e+01
   4.3165030e+06   5.7189941e+01
   4.3165340e+06   2.2583008e+01
   4.3716790e+06   2.2888184e+01
   4.3717090e+06   1.8432617e+01
   4.3717330e+06   1.1383057e+02
   4.3717580e+06   1.2841797e+02
   4.3717830e+06   5.6213379e+01
   4.3717960e+06   3.2226563e+01
   4.3718270e+06   8.3557129e+01
   4.3718550e+06   3.2348633e+01
   4.3718800e+06   6.0485840e+01
   4.3719010e+06   7.9650879e+01
   4.3719140e+06   3.0212402e+01
   4.3719410e+06   4.0832520e+01
   4.3719840e+06   8.1542969e+01
   4.3719940e+06   8.5449219e+01
   4.3720350e+06   2.1240234e+01
   4.3720520e+06   2.6916504e+01
   4.3720740e+06   6.5612793e+01
   4.3721030e+06   2.0935059e+01
   4.3721310e+06   2.0629883e+01
   4.3721710e+06   5.4565430e+01
   4.4247810e+06   1.9653320e+01
   4.4247920e+06   1.9348145e+01
   4.4248110e+06   2.4291992e+01
   4.4248350e+06   1.1511230e+02
   4.4248580e+06   5.3405762e+01
   4.4248720e+06   1.1230469e+02
   4.4248880e+06   6.7565918e+01
   4.4249230e+06   4.0405273e+01
   4.4249330e+06   8.9355469e+01
   4.4249640e+06   5.5358887e+01
   4.4249840e+06   2.3193359e+01
   4.4250010e+06   2.3986816e+01
   4.4250330e+06   7.8308105e+01
   4.4250450e+06   3.1921387e+01
   4.4250670e+06   2.0751953e+01
   4.4250910e+06   3.1311035e+01
   4.4251230e+06   5.8959961e+01
   4.4251370e+06   2.2949219e+01
   4.4251750e+06   2.1972656e+01
   4.4251860e+06   2.1667480e+01
   4.4252020e+06   5.4016113e+01
   4.4252310e+06   1.9592285e+01
   4.4252500e+06   1.8493652e+01
   4.4253840e+06   6.8664551e+01
   4.4767620e+06   2.2338867e+01
   4.4768270e+06   1.9531250e+01
   4.4768530e+06   1.1236572e+02
   4.4768820e+06   5.6091309e+01
   4.4769020e+06   2.1484375e+01
   4.4769170e+06   1.8432617e+01
   4.4769480e+06   3.2714844e+01
   4.4769600e+06   8.6547852e+01
   4.4769790e+06   3.1005859e+01
   4.4770080e+06   6.8847656e+01
   4.4770240e+06   2.7954102e+01
   4.4770460e+06   1.0229492e+02
   4.4770690e+06   2.9968262e+01
   4.4770810e+06   3.6071777e+01
   4.4771010e+06   2.9968262e+01
   4.4771160e+06   2.3132324e+01
   4.4771400e+06   7.3547363e+01
   4.4771520e+06   2.7832031e+01
   4.4771680e+06   2.5390625e+01
   4.4772220e+06   1.9653320e+01
   4.4772370e+06   6.9946289e+01
   4.4772750e+06   2.3132324e+01
   4.5262430e+06   1.9165039e+01
   4.5262630e+06   2.4047852e+01
   4.5262730e+06   2.0019531e+01
   4.5262990e+06   2.0385742e+01
   4.5263140e+06   1.0919189e+02
   4.5263390e+06   4.0771484e+01
   4.5263670e+06   1.2933350e+02
   4.5263960e+06   2.5695801e+01
   4.5264230e+06   5.0720215e+01
   4.5264380e+06   1.0345459e+02
   4.5264680e+06   1.1596680e+02
   4.5264820e+06   4.8828125e+01
   4.5265050e+06   2.6184082e+01
   4.5265180e+06   2.2399902e+01
   4.5265450e+06   2.5634766e+01
   4.5265740e+06   7.3120117e+01
   4.5265930e+06   2.3864746e+01
   4.5266190e+06   8.2702637e+01
   4.5266370e+06   3.1860352e+01
   4.5266720e+06   5.5786133e+01
   4.5266860e+06   2.6123047e+01
   4.5267240e+06   2.2644043e+01
   4.5267610e+06   1.9653320e+01
   4.5267730e+06   6.0058594e+01
   4.5731460e+06   1.8615723e+01
   4.5731820e+06   1.8737793e+01
   4.5732230e+06   1.0217285e+02
   4.5732430e+06   6.1645508e+01
   4.5732650e+06   1.0076904e+02
   4.5732860e+06   7.4890137e+01
   4.5733080e+06   4.3701172e+01
   4.5733290e+06   7.2814941e+01
   4.5733510e+06   4.5471191e+01
   4.5733680e+06   2.2460938e+01
   4.5733840e+06   9.5092773e+01
   4.5734030e+06   3.4973145e+01
   4.5734140e+06   2.3681641e+01
   4.5734310e+06   1.9897461e+01
   4.5734650e+06   1.8432617e+01
   4.5734980e+06   2.9052734e+01
   4.5735150e+06   7.6110840e+01
   4.5735360e+06   2.1972656e+01
   4.5736160e+06   2.1423340e+01
   4.5736370e+06   6.5429688e+01
   4.6207390e+06   2.1057129e+01
   4.6207630e+06   2.0874023e+01
   4.6207750e+06   1.0406494e+02
   4.6208160e+06   1.2591553e+02
   4.6208390e+06   5.9326172e+01
   4.6208680e+06   4.1992188e+01
   4.6208860e+06   3.3752441e+01
   4.6209010e+06   8.3618164e+01
   4.6209180e+06   2.1911621e+01
   4.6209410e+06   3.5339355e+01
   4.6209770e+06   1.8920898e+01
   4.6210050e+06   2.5451660e+01
   4.6210180e+06   7.0068359e+01
   4.6210310e+06   3.8879395e+01
   4.6210660e+06   1.8981934e+01
   4.6210990e+06   3.5949707e+01
   4.6211310e+06   2.0935059e+01
   4.6211930e+06   7.8552246e+01
   4.6212080e+06   2.0812988e+01
   4.6401580e+06   1.1895752e+02
   4.6417200e+06   1.2286377e+02
   4.6653580e+06   1.8432617e+01
   4.6654120e+06   2.3498535e+01
   4.6654270e+06   2.0996094e+01
   4.6654540e+06   3.3081055e+01
   4.6654770e+06   2.0874023e+01
   4.6655070e+06   1.0571289e+02
   4.6655230e+06   2.3925781e+01
   4.6655420e+06   6.4636230e+01
   4.6655560e+06   3.3325195e+01
   4.6655760e+06   6.9274902e+01
   4.6655920e+06   3.8330078e+01
   4.6656120e+06   2.4353027e+01
   4.6656580e+06   2.0324707e+01
   4.6657040e+06   3.3264160e+01
   4.6657230e+06   2.5268555e+01
   4.6657860e+06   2.0751953e+01
   4.6658100e+06   2.3986816e+01
   4.6658680e+06   2.2888184e+01
   4.7007130e+06   2.1057129e+01
   4.7007300e+06   2.2888184e+01
   4.7007460e+06   2.1179199e+01
   4.7007660e+06   2.0019531e+01
   4.7007810e+06   9.9304199e+01
   4.7007930e+06   1.8859863e+01
   4.7008200e+06   4.4982910e+01
   4.7008560e+06   1.0986328e+02
   4.7008720e+06   2.3620605e+01
   4.7008880e+06   2.2766113e+01
   4.7009230e+06   1.8798828e+01
   4.7009620e+06   2.3132324e+01
   4.7010350e+06   1.8554688e+01
   4.7010900e+06   1.8981934e+01
   4.7192500e+06   2.2216797e+01
   4.7193070e+06   2.8747559e+01
   4.7193710e+06   2.1301270e+01
   4.7193820e+06   1.0290527e+02
   4.7194160e+06   1.1749268e+02
   4.7194300e+06   3.1188965e+01
   4.7194610e+06   2.7465820e+01
   4.7194810e+06   2.0202637e+01
   4.7195550e+06   1.9287109e+01
   4.7197050e+06   2.0202637e+01
   4.7197920e+06   1.9348145e+01
   4.7345690e+06   2.0324707e+01
   4.7346530e+06   2.6611328e+01
   4.7347090e+06   1.1657715e+02
   4.7347290e+06   1.0784912e+02
   4.7347450e+06   2.0874023e+01
   4.7347710e+06   2.2766113e+01
   4.7348110e+06   2.4108887e+01
   4.7348240e+06   2.2583008e+01
   4.7348790e+06   2.2766113e+01
   4.7349390e+06   2.0568848e+01
   4.7351450e+06   1.8554688e+01
   4.7351550e+06   2.3559570e+01
   4.7680500e+06   1.8676758e+01
   4.7680940e+06   2.0019531e+01
   4.7681290e+06   1.1077881e+02
   4.7681390e+06   1.8859863e+01
   4.7681750e+06   4.5837402e+01
   4.7681880e+06   1.1437988e+02
   4.7682470e+06   1.9042969e+01
   4.7682850e+06   1.8920898e+01
   4.7683130e+06   2.8747559e+01
   4.7684040e+06   1.9470215e+01
   4.7860960e+06   1.9042969e+01
   4.7976040e+06   1.8432617e+01
   4.7976580e+06   1.0345459e+02
   4.7976700e+06   1.8493652e+01
   4.7976820e+06   3.0639648e+01
   4.7977120e+06   4.0405273e+01
   4.7977300e+06   1.0015869e+02
   4.7977480e+06   2.5085449e+01
   4.7977620e+06   2.4719238e+01
   4.7977750e+06   2.5695801e+01
   4.7978010e+06   1.9470215e+01
   4.7978430e+06   2.2583008e+01
   4.7978640e+06   2.3498535e+01
   4.7979670e+06   1.8981934e+01
   4.8121510e+06   1.9470215e+01
   4.8122530e+06   2.5024414e+01
   4.8122840e+06   2.1423340e+01
   4.8123210e+06   9.9060059e+01
   4.8123420e+06   4.3029785e+01
   4.8124400e+06   2.1240234e+01
   4.8388850e+06   1.8798828e+01
   4.8440430e+06   2.2155762e+01
   4.8440820e+06   1.9104004e+01
   4.8441180e+06   1.0070801e+02
   4.8441300e+06   1.9104004e+01
   4.8441650e+06   4.0527344e+01
   4.8442040e+06   1.9348145e+01
   4.8442150e+06   1.8859863e+01
   4.8442460e+06   1.9226074e+01
   4.8443060e+06   2.2521973e+01
   4.8443230e+06   1.8737793e+01
   4.8443740e+06   1.9409180e+01
   4.8619590e+06   1.9409180e+01
   4.8619910e+06   1.1108398e+02
   4.8620190e+06   1.1114502e+02
   4.8620580e+06   4.6142578e+01
   4.8620870e+06   2.6184082e+01
   4.8621010e+06   2.0507813e+01
   4.8621320e+06   1.0736084e+02
   4.8621460e+06   4.1625977e+01
   4.8621690e+06   9.4360352e+01
   4.8622170e+06   2.0446777e+01
   4.8833490e+06   1.8798828e+01
   4.8838640e+06   2.0141602e+01
   4.8839260e+06   1.9409180e+01
   4.8839470e+06   1.9775391e+01
   4.8839920e+06   2.3559570e+01
   4.8840170e+06   1.9226074e+01
   4.8840530e+06   1.8981934e+01
   4.8841170e+06   2.0996094e+01
   4.9117500e+06   1.8432617e+01
   4.9118410e+06   1.8798828e+01
   4.9118760e+06   2.8015137e+01
   4.9119080e+06   1.9958496e+01
   4.9119180e+06   1.1578369e+02
   4.9119410e+06   2.3254395e+01
   4.9119850e+06   9.5886230e+01
   4.9120150e+06   1.9287109e+01
   4.9120310e+06   2.0690918e+01
   4.9120780e+06   1.9287109e+01
   4.9120990e+06   1.8493652e+01
   4.9395200e+06   1.9592285e+01
   4.9395490e+06   1.9775391e+01
   4.9395790e+06   2.3193359e+01
   4.9396170e+06   8.7219238e+01
   4.9396310e+06   2.8930664e+01
   4.9396990e+06   5.1635742e+01
   4.9397230e+06   2.0446777e+01
   4.9398780e+06   1.8432617e+01
   4.9724790e+06   2.1789551e+01
   4.9724950e+06   2.2583008e+01
   4.9725260e+06   2.3742676e+01
   4.9725430e+06   2.4475098e+01
   4.9725640e+06   1.0894775e+02
   4.9726080e+06   1.8920898e+01
   4.9726240e+06   4.7546387e+01
   4.9726550e+06   2.3376465e+01
   4.9726760e+06   1.9653320e+01
   4.9727370e+06   1.9226074e+01
   4.9729750e+06   2.0141602e+01
   5.0039400e+06   1.9287109e+01
   5.0039760e+06   2.0080566e+01
   5.0040000e+06   2.4719238e+01
   5.0040230e+06   2.0385742e+01
   5.0040350e+06   3.2531738e+01
   5.0040600e+06   1.0009766e+02
   5.0040830e+06   1.9775391e+01
   5.0041210e+06   4.5288086e+01
   5.0041450e+06   8.0505371e+01
   5.0041710e+06   2.0507813e+01
   5.0042490e+06   2.4169922e+01
   5.0044110e+06   1.8554688e+01
   5.0255820e+06   2.1118164e+01
   5.0257190e+06   1.1157227e+02
   5.0257320e+06   2.5512695e+01
   5.0257610e+06   1.8615723e+01
   5.0257930e+06   1.8981934e+01
   5.0261120e+06   1.9958496e+01
   5.0526120e+06   2.0202637e+01
   5.0526360e+06   2.4047852e+01
   5.0526960e+06   2.0202637e+01
   5.0527180e+06   1.2078857e+02
   5.0527340e+06   2.2705078e+01
   5.0527590e+06   1.2664795e+02
   5.0528610e+06   1.8493652e+01
   5.0737030e+06   1.8798828e+01
   5.0737420e+06   2.1728516e+01
   5.0737520e+06   2.0324707e+01
   5.0737900e+06   2.0324707e+01
   5.0738130e+06   3.1677246e+01
   5.0738370e+06   9.9304199e+01
   5.0738830e+06   2.0019531e+01
   5.0738960e+06   1.1602783e+02
   5.0739880e+06   5.1086426e+01
   5.1054260e+06   1.9897461e+01
   5.1055280e+06   2.0812988e+01
   5.1055390e+06   1.1810303e+02
   5.1055730e+06   2.4841309e+01
   5.1055900e+06   2.3925781e+01
   5.1056120e+06   9.3383789e+01
   5.1056250e+06   1.2823486e+02
   5.1056770e+06   2.1484375e+01
   5.1073430e+06   1.8493652e+01
   5.1074870e+06   1.8737793e+01
   5.1076820e+06   1.8798828e+01
   5.1077070e+06   1.8920898e+01
   5.1108320e+06   1.8432617e+01
   5.1108590e+06   1.8798828e+01
   5.1108920e+06   1.8859863e+01
   5.1109430e+06   2.0019531e+01
   5.1111380e+06   2.0080566e+01
   5.1577800e+06   1.8859863e+01
   5.1577960e+06   2.1728516e+01
   5.1578260e+06   1.9348145e+01
   5.1578400e+06   2.7832031e+01
   5.1578710e+06   1.0296631e+02
   5.1578920e+06   3.0883789e+01
   5.1579140e+06   2.5817871e+01
   5.1579360e+06   6.2622070e+01
   5.1580280e+06   2.0751953e+01
   5.1581580e+06   2.4719238e+01
   5.1583660e+06   1.8432617e+01
   5.1596480e+06   1.8859863e+01
   5.1609330e+06   1.9104004e+01
   5.1624990e+06   2.0751953e+01
   5.1635360e+06   1.9897461e+01
   5.1645000e+06   2.0751953e+01
   5.2276360e+06   2.0019531e+01
   5.2276720e+06   2.0446777e+01
   5.2276970e+06   2.4108887e+01
   5.2277130e+06   1.9165039e+01
   5.2277300e+06   1.0205078e+02
   5.2277540e+06   2.3803711e+01
   5.2277690e+06   1.0943604e+02
   5.2277860e+06   5.8166504e+01
   5.2278230e+06   2.2521973e+01
   5.2278390e+06   1.9409180e+01
   5.2278690e+06   1.9470215e+01
   5.2279030e+06   1.9226074e+01
   5.2280000e+06   1.9653320e+01
   5.2282800e+06   1.8981934e+01
   5.2283120e+06   2.0751953e+01
   5.2297890e+06   1.9226074e+01
   5.2302800e+06   2.0629883e+01
   5.2303990e+06   1.9104004e+01
   5.2335600e+06   2.0141602e+01
   5.2338000e+06   1.8798828e+01
   5.2372750e+06   1.9958496e+01
   5.2372930e+06   3.8452148e+01
   5.2373420e+06   1.8493652e+01
   5.2373720e+06   3.0456543e+01
   5.2373900e+06   1.1712646e+02
   5.2374300e+06   2.2155762e+01
   5.2481910e+06   2.0141602e+01
   5.2482170e+06   1.9104004e+01
   5.2482390e+06   2.4780273e+01
   5.2482700e+06   2.2399902e+01
   5.2482870e+06   1.1529541e+02
   5.2483290e+06   1.9104004e+01
   5.2483550e+06   2.7648926e+01
   5.2483660e+06   7.9772949e+01
   5.2484040e+06   1.1706543e+02
   5.2484180e+06   3.3386230e+01
   5.2485010e+06   2.2277832e+01
   5.2604230e+06   2.1301270e+01
   5.2604570e+06   2.0019531e+01
   5.2604710e+06   2.1545410e+01
   5.2604940e+06   1.9409180e+01
   5.2605090e+06   2.2827148e+01
   5.2605380e+06   1.0778809e+02
   5.2605750e+06   2.0812988e+01
   5.2606030e+06   7.0434570e+01
   5.2606190e+06   2.3620605e+01
   5.2606290e+06   2.2216797e+01
   5.2606500e+06   2.4169922e+01
   5.2606850e+06   1.8676758e+01
   5.2607160e+06   2.5634766e+01
   5.2607870e+06   1.9042969e+01
   5.2609980e+06   1.9531250e+01
   5.2631610e+06   2.1362305e+01
   5.2922650e+06   2.3986816e+01
   5.2922950e+06   1.8859863e+01
   5.2923080e+06   1.8737793e+01
   5.2923330e+06   1.0729980e+02
   5.2923440e+06   6.1584473e+01
   5.2923650e+06   2.1728516e+01
   5.2923880e+06   2.5024414e+01
   5.2924270e+06   7.6049805e+01
   5.2924570e+06   2.2460938e+01
   5.2924790e+06   2.1545410e+01
   5.2925110e+06   2.0751953e+01
   5.2925260e+06   2.2888184e+01
   5.2925510e+06   1.8615723e+01
   5.2949110e+06   1.9592285e+01
   5.3564740e+06   1.1291504e+02
   5.3791310e+06   2.1057129e+01
   5.3791540e+06   2.6611328e+01
   5.3791680e+06   2.3193359e+01
   5.3791800e+06   1.1431885e+02
   5.3792160e+06   1.1425781e+02
   5.3792430e+06   7.7148438e+01
   5.3792610e+06   2.2094727e+01
   5.3792890e+06   2.2827148e+01
   5.3793160e+06   2.0263672e+01
   5.3793330e+06   1.9531250e+01
   5.3800030e+06   1.8493652e+01
   5.3801050e+06   2.0202637e+01
   5.3810810e+06   1.9104004e+01
   5.3832900e+06   2.0080566e+01
   5.3841310e+06   1.8493652e+01
   5.3849980e+06   1.8859863e+01
   5.3861580e+06   1.8615723e+01
   5.3867900e+06   1.9531250e+01
   5.3876690e+06   1.9531250e+01
   5.3878340e+06   2.3559570e+01
   5.4117510e+06   1.9470215e+01
   5.4117850e+06   5.3466797e+01
   5.4117970e+06   1.2298584e+02
   5.4118260e+06   1.9775391e+01
   5.4118490e+06   2.0935059e+01
   5.4118750e+06   7.5927734e+01
   5.4118850e+06   2.0751953e+01
   5.4119230e+06   2.0385742e+01
   5.4120430e+06   1.9592285e+01
   5.5056970e+06   1.9836426e+01
   5.5057390e+06   2.1667480e+01
   5.5057690e+06   2.2521973e+01
   5.5058190e+06   1.1468506e+02
   5.5058460e+06   5.3955078e+01
   5.5058560e+06   1.0803223e+02
   5.5059330e+06   9.2712402e+01
   5.5060380e+06   1.9592285e+01
   5.5064740e+06   2.2216797e+01
   5.5068530e+06   2.1057129e+01
   5.5087230e+06   1.9714355e+01
   5.5103310e+06   1.9897461e+01
   5.5123800e+06   2.0141602e+01
   5.5904710e+06   1.1676025e+02
   5.5905020e+06   4.3640137e+01
   5.5905400e+06   7.3303223e+01
   5.5905550e+06   3.4606934e+01
   5.5906500e+06   7.5683594e+01
   5.5913690e+06   2.2338867e+01
   5.5913800e+06   1.8737793e+01
   5.5914020e+06   2.5390625e+01
   5.5914450e+06   9.6252441e+01
   5.5914760e+06   7.1350098e+01
   5.5914900e+06   1.1779785e+02
   5.5915930e+06   1.8493652e+01
   5.5924300e+06   1.9836426e+01
   5.5954540e+06   1.9958496e+01
   5.5958810e+06   1.8920898e+01
   5.5969300e+06   1.9226074e+01
   5.6328950e+06   2.1728516e+01
   5.6329550e+06   1.1511230e+02
   5.6329720e+06   1.0009766e+02
   5.6329900e+06   4.5532227e+01
   5.6330080e+06   2.0996094e+01
   5.6330470e+06   1.8554688e+01
   5.6330780e+06   8.2458496e+01
   5.6331470e+06   1.9592285e+01
   5.6332520e+06   2.0202637e+01
   5.6338750e+06   2.2949219e+01
   5.6339310e+06   1.8798828e+01
   5.6691380e+06   2.0751953e+01
   5.6691720e+06   2.2644043e+01
   5.6694400e+06   2.8381348e+01
   5.6694890e+06   9.4238281e+01
   5.6695030e+06   2.7221680e+01
   5.6695230e+06   2.5146484e+01
   5.6695450e+06   3.8574219e+01
   5.6696150e+06   8.8378906e+01
   5.6696360e+06   2.1240234e+01
   5.6696730e+06   2.1423340e+01
   5.6713510e+06   2.1911621e+01
   5.6723630e+06   2.1057129e+01
   5.6729310e+06   2.0385742e+01
   5.6731960e+06   1.8920898e+01
   5.6734860e+06   1.9531250e+01
   5.7373790e+06   1.8432617e+01
   5.7375960e+06   2.2521973e+01
   5.7376120e+06   1.9470215e+01
   5.7376500e+06   2.0507813e+01
   5.7376920e+06   1.1090088e+02
   5.7378860e+06   1.8737793e+01
   5.7402310e+06   2.0629883e+01
   5.8067270e+06   1.8615723e+01
   5.8068170e+06   2.7770996e+01
   5.8068800e+06   1.0919189e+02
   5.8068940e+06   4.4799805e+01
   5.8069080e+06   2.5451660e+01
   5.8075460e+06   1.9348145e+01
   5.8095990e+06   2.0446777e+01
   5.9279680e+06   2.0080566e+01
   5.9279950e+06   1.8676758e+01
   5.9280240e+06   2.4719238e+01
   5.9280350e+06   2.1606445e+01
   5.9280860e+06   1.1041260e+02
   5.9281070e+06   2.1789551e+01
   5.9598580e+06   1.8615723e+01
   5.9598860e+06   1.8615723e+01
   5.9599080e+06   1.8676758e+01
   5.9599270e+06   1.8554688e+01
   5.9599470e+06   2.3498535e+01
   5.9600350e+06   4.3945313e+01
   5.9600490e+06   2.0690918e+01
   5.9606930e+06   1.8737793e+01
   5.9609670e+06   2.0751953e+01
   5.9822660e+06   2.2460938e+01
   5.9823010e+06   2.2460938e+01
   5.9823180e+06   2.0141602e+01
   5.9824020e+06   1.9592285e+01
   5.9825100e+06   1.8798828e+01
   5.9830350e+06   1.9104004e+01
   5.9831360e+06   1.8554688e+01
   5.9832130e+06   1.8798828e+01
   6.0546560e+06   2.0385742e+01
   6.0546840e+06   2.1789551e+01
   6.0547100e+06   2.2155762e+01
   6.0547390e+06   2.1606445e+01
   6.0547700e+06   9.8693848e+01
   6.0547910e+06   2.7770996e+01
   6.0555890e+06   1.9531250e+01
   6.0556130e+06   1.8676758e+01
   6.0556270e+06   1.9165039e+01
   6.0557430e+06   1.8798828e+01
   6.1001240e+06   1.9714355e+01
   6.1001500e+06   2.0507813e+01
   6.1001820e+06   1.1132813e+02
   6.1002250e+06   1.8798828e+01
   6.1323500e+06   8.6975098e+01
   6.1469040e+06   1.8615723e+01
   6.1469180e+06   2.5878906e+01
   6.1469890e+06   2.6123047e+01
   6.1470680e+06   2.2888184e+01
   6.1470910e+06   2.2949219e+01
   6.1478830e+06   2.1545410e+01
   6.1485050e+06   2.3376465e+01
   6.1644060e+06   1.8798828e+01
   6.1644770e+06   1.1389160e+02
   6.1645040e+06   2.2521973e+01
   6.1651800e+06   2.0629883e+01
   6.1658580e+06   2.2705078e+01
   6.2259000e+06   2.4963379e+01
   6.2260930e+06   2.2216797e+01
   6.2262940e+06   2.2827148e+01
   6.2269190e+06   3.2409668e+01
   6.2277630e+06   2.4658203e+01
   6.2571970e+06   4.5898438e+01
   6.2572210e+06   1.0601807e+02
   6.2572710e+06   6.0424805e+01
   6.2572870e+06   3.7536621e+01
   6.2573820e+06   8.4655762e+01
   6.2574850e+06   4.3579102e+01
   6.2576990e+06   2.0141602e+01
   6.2577550e+06   1.8676758e+01
   6.2580290e+06   1.9836426e+01
   6.2582290e+06   1.9348145e+01
   6.2583700e+06   2.0446777e+01
   6.2587990e+06   1.8371582e+01
   6.3242470e+06   1.9897461e+01
   6.3812340e+06   2.0568848e+01
   6.3813580e+06   1.5698242e+02
   6.3813920e+06   1.9042969e+01
   6.3815420e+06   1.9226074e+01
   6.4152890e+06   1.9226074e+01
   6.4154090e+06   2.2399902e+01
   6.4154470e+06   9.9609375e+01
   6.4264710e+06   1.0473633e+02
   6.4265460e+06   8.0444336e+01
   6.4266680e+06   3.9978027e+01
   6.4269020e+06   1.0632324e+02
   6.4344470e+06   2.0324707e+01
   6.4346480e+06   2.9418945e+01
   6.4348300e+06   1.8676758e+01
   6.4351180e+06   1.9287109e+01
   6.4357010e+06   2.4719238e+01
   6.4359690e+06   1.8676758e+01
   6.4371180e+06   1.9104004e+01
   6.4377180e+06   1.9592285e+01
   6.4828310e+06   1.9226074e+01
   6.4829010e+06   1.9409180e+01
   6.4829370e+06   1.9531250e+01
   6.4830000e+06   1.1633301e+02
   6.5191190e+06   1.8981934e+01
   6.5191790e+06   1.8432617e+01
   6.5192160e+06   1.0229492e+02
   6.5192270e+06   4.9316406e+01
   6.5192600e+06   1.8371582e+01
   6.5192740e+06   1.2268066e+02
   6.5671040e+06   2.1362305e+01
   6.5671910e+06   2.3132324e+01
   6.5672460e+06   9.8876953e+01
   6.5672750e+06   2.5390625e+01
   6.5673210e+06   1.8432617e+01
   6.5673680e+06   4.0161133e+01
   6.6082820e+06   2.8747559e+01
   6.6082930e+06   1.9897461e+01
   6.6083800e+06   1.8798828e+01
   6.6085990e+06   2.0690918e+01
   6.6090030e+06   1.9470215e+01
   6.6428410e+06   1.8676758e+01
   6.7354710e+06   1.9104004e+01
   6.7355040e+06   1.8554688e+01
   6.7356280e+06   1.1590576e+02
   6.7867260e+06   3.8513184e+01
   6.7868250e+06   3.4484863e+01
   6.7868460e+06   1.8493652e+01
   6.7869160e+06   1.9226074e+01
   6.7869300e+06   1.0626221e+02
   6.7869520e+06   2.7770996e+01
   6.7869910e+06   1.1181641e+02
   6.7870080e+06   6.5795898e+01
   6.7870370e+06   2.6977539e+01
   6.7870560e+06   3.1982422e+01
   6.7870690e+06   1.1743164e+02
   6.7870990e+06   2.3010254e+01
   6.7871230e+06   2.1362305e+01
   6.7871340e+06   3.4057617e+01
   6.7871470e+06   3.3081055e+01
   6.7871740e+06   1.3269043e+02
   6.7871910e+06   2.0202637e+01
   6.7872170e+06   3.2653809e+01
   6.7872550e+06   2.2949219e+01
   6.7872670e+06   1.9897461e+01
   6.7872820e+06   2.0568848e+01
   6.7872960e+06   2.0996094e+01
   6.7873580e+06   2.2583008e+01
   6.7874370e+06   2.1484375e+01
   6.8488450e+06   3.0151367e+01
   6.8489830e+06   2.0019531e+01
   6.8491620e+06   2.2460938e+01
   6.8492970e+06   1.9165039e+01
   6.8494410e+06   1.8493652e+01
   6.8496290e+06   1.9287109e+01
   6.8497140e+06   2.1972656e+01
   6.8497590e+06   2.2521973e+01
   6.8498010e+06   4.0100098e+01
   6.8498190e+06   1.1694336e+02
   6.8498510e+06   1.0845947e+02
   6.8498900e+06   5.4321289e+01
   6.8499120e+06   2.8564453e+01
   6.8499400e+06   1.8615723e+01
   6.8499590e+06   3.5217285e+01
   6.8499840e+06   7.2021484e+01
   6.8500000e+06   6.7993164e+01
   6.8500240e+06   3.0883789e+01
   6.8500360e+06   5.1696777e+01
   6.8500580e+06   4.8095703e+01
   6.8500930e+06   6.5551758e+01
   6.8501200e+06   1.3177490e+02
   6.8501410e+06   2.5085449e+01
   6.8501590e+06   5.7495117e+01
   6.8501890e+06   4.7790527e+01
   6.8502230e+06   4.3762207e+01
   6.8502370e+06   5.3222656e+01
   6.8502600e+06   1.9531250e+01
   6.8502850e+06   2.7282715e+01
   6.8503740e+06   5.6762695e+01
   6.8937240e+06   1.8676758e+01
   6.9521590e+06   2.0507813e+01
   6.9522140e+06   2.0690918e+01
   6.9522450e+06   1.1065674e+02
   6.9522770e+06   5.1025391e+01
   6.9522960e+06   1.0528564e+02
   6.9523120e+06   7.7575684e+01
   6.9523270e+06   1.8981934e+01
   6.9523610e+06   2.3010254e+01
   6.9523840e+06   1.0272217e+02
   6.9524010e+06   3.4240723e+01
   6.9524180e+06   2.9663086e+01
   6.9524460e+06   3.3081055e+01
   6.9524650e+06   2.3315430e+01
   6.9524930e+06   3.0639648e+01
   6.9525100e+06   3.3386230e+01
   6.9525240e+06   1.9470215e+01
   6.9525340e+06   3.0700684e+01
   6.9525450e+06   2.7526855e+01
   6.9525680e+06   9.3139648e+01
   6.9525930e+06   4.4250488e+01
   6.9526130e+06   8.7341309e+01
   6.9526410e+06   2.3376465e+01
   6.9526630e+06   2.4169922e+01
   6.9526840e+06   2.3742676e+01
   6.9527120e+06   2.3437500e+01
   6.9527490e+06   1.9226074e+01
   6.9534120e+06   2.2460938e+01
   7.0073360e+06   1.9531250e+01
   7.0075510e+06   1.9897461e+01
   7.0076730e+06   2.4475098e+01
   7.0076880e+06   4.3945313e+01
   7.0077400e+06   2.0080566e+01
   7.0078150e+06   1.8493652e+01
   7.0078570e+06   2.4536133e+01
   7.0078800e+06   5.1391602e+01
   7.0079300e+06   1.0003662e+02
   7.0079520e+06   2.8198242e+01
   7.0079740e+06   8.4350586e+01
   7.0079950e+06   7.0861816e+01
   7.0080150e+06   7.1105957e+01
   7.0080340e+06   9.6374512e+01
   7.0080470e+06   3.6071777e+01
   7.0080620e+06   2.9357910e+01
   7.0080940e+06   5.6213379e+01
   7.0081150e+06   2.8747559e+01
   7.0081420e+06   2.0996094e+01
   7.0081590e+06   3.3752441e+01
   7.0081830e+06   1.8981934e+01
   7.0082140e+06   1.9653320e+01
   7.0082360e+06   2.5207520e+01
   7.0082770e+06   1.8432617e+01
   7.0354870e+06   1.1834717e+02
   7.0686700e+06   1.9226074e+01
   7.0686860e+06   2.7404785e+01
   7.0687610e+06   1.9470215e+01
   7.0687730e+06   5.4321289e+01
   7.0687920e+06   2.4475098e+01
   7.0688130e+06   2.1728516e+01
   7.0688300e+06   1.3500977e+02
   7.0688490e+06   3.6254883e+01
   7.0688800e+06   4.4250488e+01
   7.0688940e+06   1.6210938e+02
   7.0689190e+06   2.9724121e+01
   7.0689340e+06   3.4423828e+01
   7.0689570e+06   1.5020752e+02
   7.0689770e+06   2.1606445e+01
   7.0690030e+06   2.2705078e+01
   7.0690160e+06   5.9143066e+01
   7.0690400e+06   2.3803711e+01
   7.0690700e+06   4.4494629e+01
   7.0691080e+06   5.1269531e+01
   7.0691190e+06   2.4597168e+01
   7.0691510e+06   1.9958496e+01
   7.0697330e+06   1.8554688e+01
   7.1802090e+06   2.0080566e+01
   7.1802530e+06   1.8676758e+01
   7.1802830e+06   1.8859863e+01
   7.1803110e+06   1.9531250e+01
   7.1803300e+06   2.0568848e+01
   7.1803700e+06   1.0156250e+02
   7.1803920e+06   8.9843750e+01
   7.1804060e+06   1.9287109e+01
   7.1804370e+06   1.8615723e+01
   7.1804690e+06   1.0272217e+02
   7.1804910e+06   1.8371582e+01
   7.1805280e+06   2.1179199e+01
   7.1805770e+06   2.3742676e+01
   7.1805970e+06   5.1269531e+01
   7.1806110e+06   3.0761719e+01
   7.1806360e+06   2.4658203e+01
   7.1806540e+06   8.7524414e+01
   7.1806820e+06   9.3383789e+01
   7.1807010e+06   2.6184082e+01
   7.1807290e+06   1.9104004e+01
   7.1807810e+06   1.8859863e+01
   7.1808350e+06   2.0019531e+01
   7.1808470e+06   7.5134277e+01
   7.1808740e+06   1.9287109e+01
   7.2656730e+06   2.5268555e+01
   7.2656870e+06   2.4108887e+01
   7.2657100e+06   2.3559570e+01
   7.2657400e+06   2.1606445e+01
   7.2657530e+06   1.0552979e+02
   7.2657720e+06   2.8869629e+01
   7.2658300e+06   2.0019531e+01
   7.2658740e+06   9.9487305e+01
   7.2658870e+06   5.2124023e+01
   7.2659000e+06   2.5390625e+01
   7.2659400e+06   3.0395508e+01
   7.2659520e+06   3.2287598e+01
   7.2659710e+06   2.1118164e+01
   7.2659810e+06   4.1809082e+01
   7.2660080e+06   3.3142090e+01
   7.2660320e+06   4.0649414e+01
   7.2660450e+06   2.4963379e+01
   7.2660760e+06   1.8432617e+01
   7.2660980e+06   2.5207520e+01
   7.2661170e+06   2.0141602e+01
   7.2661380e+06   1.0461426e+02
   7.2661890e+06   1.8859863e+01
   7.2662680e+06   1.8432617e+01
   7.3140050e+06   1.9531250e+01
   7.3268790e+06   1.8981934e+01
   7.3269860e+06   1.0681152e+02
   7.3270110e+06   2.5634766e+01
   7.3270300e+06   2.1362305e+01
   7.3270500e+06   2.4169922e+01
   7.3270660e+06   2.0751953e+01
   7.3271000e+06   4.2724609e+01
   7.3271260e+06   1.0162354e+02
   7.3271450e+06   2.0874023e+01
   7.3271780e+06   3.8818359e+01
   7.3271990e+06   2.8320313e+01
   7.3272270e+06   3.0151367e+01
   7.3272580e+06   2.3864746e+01
   7.3272790e+06   3.3508301e+01
   7.3273000e+06   1.8737793e+01
   7.3273300e+06   2.1057129e+01
   7.3273430e+06   2.3620605e+01
   7.3273750e+06   7.6904297e+01
   7.3274190e+06   2.3010254e+01
   7.3274490e+06   2.0812988e+01
   7.3274720e+06   1.9958496e+01
   7.3275260e+06   2.0690918e+01
   7.4001230e+06   2.0385742e+01
   7.4001600e+06   1.9653320e+01
   7.4001710e+06   1.9348145e+01
   7.4002860e+06   1.3598633e+02
   7.4003000e+06   1.8676758e+01
   7.4003460e+06   2.1606445e+01
   7.4003930e+06   4.4433594e+01
   7.4004240e+06   1.8493652e+01
   7.4005010e+06   1.8737793e+01
   7.4005210e+06   2.0874023e+01
   7.4005440e+06   2.0507813e+01
   7.4005630e+06   3.9550781e+01
   7.4005830e+06   2.6611328e+01
   7.4006460e+06   2.4414063e+01
   7.4007140e+06   1.9470215e+01
   7.4008270e+06   1.8554688e+01
   7.4596670e+06   1.8615723e+01
   7.4597700e+06   1.8676758e+01
   7.4598130e+06   2.4658203e+01
   7.4598240e+06   2.1606445e+01
   7.4598780e+06   2.7343750e+01
   7.4599560e+06   1.9226074e+01
   7.4600620e+06   2.2399902e+01
   7.5040600e+06   1.8981934e+01
   7.5041070e+06   1.0821533e+02
   7.5041870e+06   1.8493652e+01
   7.5386140e+06   2.2216797e+01
   7.5386780e+06   2.0202637e+01
   7.5387210e+06   2.9357910e+01
   7.5387530e+06   1.8920898e+01
   7.5387840e+06   2.4108887e+01
   7.5388040e+06   1.1248779e+02
   7.5388270e+06   4.7363281e+01
   7.5851810e+06   1.9042969e+01
   7.5942810e+06   1.8493652e+01
   7.5944640e+06   2.4230957e+01
   7.5954080e+06   1.9592285e+01
   7.5957090e+06   1.9104004e+01
   7.5958330e+06   1.9470215e+01
   7.5959900e+06   2.4414063e+01
   7.6337520e+06   2.0324707e+01
   7.6338370e+06   1.9042969e+01
   7.6339420e+06   9.8815918e+01
   7.6339650e+06   2.1606445e+01
   7.6688750e+06   2.2644043e+01
   7.6688880e+06   1.8554688e+01
   7.6689900e+06   2.0629883e+01
   7.6691310e+06   2.0690918e+01
   7.6974570e+06   2.0202637e+01
   7.6977130e+06   3.8940430e+01
   7.6986900e+06   1.9042969e+01
   7.7199880e+06   2.2155762e+01
   7.7201550e+06   2.1240234e+01
   7.7203090e+06   1.8981934e+01
   7.7203570e+06   1.9592285e+01
   7.7205110e+06   2.0324707e+01
   7.7211430e+06   1.9409180e+01
   7.7219780e+06   2.1606445e+01
   7.7220130e+06   1.8615723e+01
   7.7220620e+06   1.9165039e+01
   7.7225010e+06   1.8859863e+01
   7.7225450e+06   2.0507813e+01
   7.7638440e+06   2.0141602e+01
   7.7639590e+06   1.8676758e+01
   7.7639940e+06   1.0845947e+02
   7.7640170e+06   1.9775391e+01
   7.8120650e+06   1.8676758e+01
   7.8120990e+06   1.9042969e+01
   7.8121390e+06   9.5642090e+01
   7.8121820e+06   1.9226074e+01
   7.8462360e+06   2.0385742e+01
   7.8462480e+06   1.8920898e+01
   7.8463090e+06   2.0690918e+01
   7.8463420e+06   1.9897461e+01
   7.8464000e+06   1.0894775e+02
   7.8464360e+06   5.3283691e+01
   7.8799400e+06   1.9042969e+01
   7.8800200e+06   2.1362305e+01
   7.8800440e+06   2.3437500e+01
   7.8801140e+06   1.9226074e+01
   7.8801580e+06   1.0241699e+02
   7.9262940e+06   1.9042969e+01
   7.9263210e+06   1.9714355e+01
   7.9263710e+06   9.4055176e+01
   7.9263820e+06   1.9897461e+01
   7.9617040e+06   1.9897461e+01
   7.9622720e+06   2.1667480e+01
   7.9624540e+06   1.8859863e+01
   7.9625120e+06   2.2827148e+01
   7.9626550e+06   2.0507813e+01
   7.9627580e+06   1.8737793e+01
   8.0145290e+06   2.4230957e+01
   8.0145820e+06   2.4108887e+01
   8.0146390e+06   9.6679688e+01
   8.0146530e+06   4.3884277e+01
   8.0153790e+06   1.8798828e+01
   8.0159740e+06   2.0263672e+01
   8.0668970e+06   4.2602539e+01
   8.0669310e+06   1.0522461e+02
   8.0670130e+06   1.0571289e+02
   8.0671320e+06   8.4533691e+01
   8.0672070e+06   4.0039063e+01
   8.0674430e+06   1.8981934e+01
   8.0675840e+06   8.8317871e+01
   8.0676550e+06   4.2785645e+01
   8.0680170e+06   2.0751953e+01
   8.0683200e+06   1.9226074e+01
   8.1417310e+06   1.8554688e+01
   8.1418590e+06   2.1240234e+01
   8.1532770e+06   1.0839844e+02
   8.1533360e+06   6.8115234e+01
   8.1534720e+06   8.6425781e+01
   8.2008240e+06   2.0019531e+01
   8.2008640e+06   2.1606445e+01
   8.2009730e+06   1.8554688e+01
   8.4492610e+06   1.8676758e+01
   8.5323400e+06   2.0080566e+01
   8.5327430e+06   1.8798828e+01
   8.5327980e+06   2.8259277e+01
   8.5328130e+06   1.9042969e+01
   8.5331520e+06   1.8920898e+01
   8.5332000e+06   1.8798828e+01
   8.5333840e+06   1.9409180e+01
   8.5770760e+06   1.0363770e+02
   8.5771300e+06   4.3090820e+01
   8.5772780e+06   9.9182129e+01
   8.5774350e+06   9.0637207e+01
   8.6684080e+06   9.7961426e+01
   8.6685330e+06   9.1247559e+01
   8.6685890e+06   6.3293457e+01
   8.6690480e+06   1.9287109e+01
   8.7810400e+06   1.1968994e+02
   8.9588750e+06   1.1151123e+02
   8.9590230e+06   8.3801270e+01
   8.9590430e+06   4.3884277e+01
   8.9598850e+06   2.5695801e+01
   9.1363620e+06   2.1911621e+01
   9.1364430e+06   1.9897461e+01
   9.1364920e+06   2.2277832e+01
   9.1365840e+06   3.7475586e+01
   9.1505740e+06   2.6306152e+01
   9.1507100e+06   1.8188477e+01
   9.1516580e+06   2.4658203e+01
   9.1518160e+06   2.1118164e+01
   9.2331930e+06   2.1057129e+01
   9.2332950e+06   1.9592285e+01
   9.2334420e+06   2.3132324e+01
   9.2340230e+06   1.9165039e+01
   9.2823360e+06   2.1972656e+01
   9.2834100e+06   2.0812988e+01
   9.2837900e+06   2.5451660e+01
   9.2840010e+06   1.9287109e+01
   9.2843360e+06   2.0263672e+01
   9.2855390e+06   2.2399902e+01
   9.2920270e+06   1.1071777e+02
   9.2920780e+06   5.5114746e+01
   9.2921700e+06   2.8991699e+01
   9.2921840e+06   8.7951660e+01
   9.2923750e+06   3.7475586e+01
   9.2923910e+06   1.0351563e+02
   9.2924230e+06   2.7587891e+01
   9.2924710e+06   1.8493652e+01
   9.2925250e+06   1.9592285e+01
   9.2926090e+06   2.0690918e+01
   9.3517240e+06   1.1157227e+02
   9.3519420e+06   1.0083008e+02
   9.3520910e+06   4.2663574e+01
   9.3872290e+06   2.1789551e+01
   9.4007940e+06   1.0833740e+02
   9.5864980e+06   1.0961914e+02
   9.5866370e+06   9.7839355e+01
   9.5866590e+06   3.7414551e+01
   9.5867960e+06   1.1413574e+02
   9.5869090e+06   1.9836426e+01
   9.5870510e+06   1.9897461e+01
   9.5871090e+06   1.8127441e+01
   9.5871930e+06   2.1484375e+01
   9.5872070e+06   3.0639648e+01
   9.5872400e+06   4.5715332e+01
   9.5872540e+06   2.0874023e+01
   9.5872890e+06   3.2897949e+01
   9.5873010e+06   2.7404785e+01
   9.5873230e+06   3.1127930e+01
   9.5873520e+06   1.0925293e+02
   9.5873720e+06   4.4677734e+01
   9.5873830e+06   1.9775391e+01
   9.5873960e+06   2.7648926e+01
   9.5874080e+06   3.0822754e+01
   9.5874350e+06   2.0507813e+01
   9.5874570e+06   2.8076172e+01
   9.5874960e+06   1.9592285e+01
   9.5875220e+06   1.9714355e+01
   9.5875620e+06   2.0385742e+01
   9.5876090e+06   1.8493652e+01
   9.6064690e+06   1.8737793e+01
   9.6068590e+06   1.9592285e+01
   9.6071220e+06   1.8249512e+01
   9.6071360e+06   2.2827148e+01
   9.6071820e+06   5.7250977e+01
   9.6072270e+06   1.9104004e+01
   9.6074360e+06   4.4372559e+01
   9.6074630e+06   2.1606445e+01
   9.6074770e+06   1.8737793e+01
   9.6075080e+06   2.2277832e+01
   9.6075190e+06   1.8920898e+01
   9.6075660e+06   2.0751953e+01
   9.6075990e+06   4.3457031e+01
   9.6076540e+06   1.8615723e+01
   9.6076660e+06   1.8310547e+01
   9.6076930e+06   1.8493652e+01
   9.6077170e+06   3.4912109e+01
   9.6077380e+06   1.9531250e+01
   9.6077550e+06   1.6772461e+02
   9.6077730e+06   3.0517578e+01
   9.6077960e+06   2.6855469e+01
   9.6078220e+06   1.0583496e+02
   9.6078490e+06   6.5185547e+01
   9.6078610e+06   4.7302246e+01
   9.6078820e+06   4.5593262e+01
   9.6079030e+06   6.2316895e+01
   9.6079390e+06   3.6499023e+01
   9.6079690e+06   3.2226563e+01
   9.6079940e+06   5.7006836e+01
   9.6080080e+06   2.7526855e+01
   9.6080380e+06   3.7902832e+01
   9.6080490e+06   2.4841309e+01
   9.6081010e+06   1.9226074e+01
   9.6081340e+06   5.4687500e+01
   9.6081680e+06   2.0446777e+01
   9.6082950e+06   5.8776855e+01
   9.6084560e+06   1.8310547e+01
   9.7077250e+06   2.7160645e+01
   9.7077620e+06   2.0324707e+01
   9.7078040e+06   1.9348145e+01
   9.7078390e+06   1.4685059e+02
   9.7078560e+06   1.0357666e+02
   9.7078720e+06   1.9226074e+01
   9.7078890e+06   2.2094727e+01
   9.7079220e+06   4.8828125e+01
   9.7079380e+06   2.3254395e+01
   9.7079660e+06   2.3254395e+01
   9.7079960e+06   9.3994141e+01
   9.7080130e+06   4.0954590e+01
   9.7080330e+06   7.9528809e+01
   9.7080450e+06   2.1179199e+01
   9.7080680e+06   2.7770996e+01
   9.7080900e+06   7.8674316e+01
   9.7081080e+06   7.0983887e+01
   9.7081710e+06   2.5268555e+01
   9.7081930e+06   2.1057129e+01
   9.7082770e+06   2.0263672e+01
   9.7083420e+06   1.9836426e+01
   9.7084270e+06   1.9287109e+01
   9.7805660e+06   2.1179199e+01
   9.7806030e+06   2.1484375e+01
   9.7806530e+06   9.2468262e+01
   9.7806840e+06   5.7556152e+01
   9.7807100e+06   1.1260986e+02
   9.7807360e+06   7.4584961e+01
   9.7807520e+06   2.9479980e+01
   9.7807850e+06   8.2580566e+01
   9.7807990e+06   3.8208008e+01
   9.7808210e+06   2.9846191e+01
   9.7808490e+06   9.8022461e+01
   9.7808590e+06   2.1423340e+01
   9.7808700e+06   3.0700684e+01
   9.7809030e+06   8.1970215e+01
   9.7809230e+06   5.9020996e+01
   9.7809510e+06   3.9245605e+01
   9.7809650e+06   2.7282715e+01
   9.7809900e+06   4.2724609e+01
   9.7810040e+06   2.1972656e+01
   9.7810550e+06   2.0019531e+01
   9.7812100e+06   1.8371582e+01
   9.7812630e+06   2.1301270e+01
   9.8053710e+06   1.9836426e+01
   9.8053900e+06   1.2432861e+02
   9.8054110e+06   1.0229492e+02
   9.8054390e+06   1.9958496e+01
   9.8054560e+06   3.1127930e+01
   9.8054840e+06   7.3181152e+01
   9.8054990e+06   7.2937012e+01
   9.8055200e+06   2.7343750e+01
   9.8055600e+06   7.9040527e+01
   9.8055780e+06   2.2338867e+01
   9.8055930e+06   4.6752930e+01
   9.8056170e+06   3.6315918e+01
   9.8056360e+06   5.6213379e+01
   9.8056800e+06   2.0935059e+01
   9.8057020e+06   4.6081543e+01
   9.8057800e+06   4.0039063e+01
   9.8057960e+06   2.0507813e+01
   9.8059970e+06   3.1738281e+01
   9.8060410e+06   6.2927246e+01
   9.8060670e+06   1.8798828e+01
   9.8768840e+06   2.8564453e+01
   9.8769460e+06   1.0205078e+02
   9.8769680e+06   4.2724609e+01
   9.8769850e+06   9.9792480e+01
   9.8770030e+06   2.6000977e+01
   9.8770170e+06   1.9287109e+01
   9.8770430e+06   7.3486328e+01
   9.8770600e+06   3.2897949e+01
   9.8770730e+06   2.1240234e+01
   9.8771020e+06   6.9335938e+01
   9.8771330e+06   7.5378418e+01
   9.8771530e+06   2.8137207e+01
   9.8771710e+06   5.0903320e+01
   9.8772000e+06   3.6071777e+01
   9.8772130e+06   2.4536133e+01
   9.8772450e+06   3.0090332e+01
   9.8772810e+06   4.1625977e+01
   9.8773460e+06   2.1606445e+01
   9.8773650e+06   5.6030273e+01
   9.8774050e+06   1.9531250e+01
   9.8775230e+06   2.0141602e+01
   9.9402200e+06   2.2705078e+01
   9.9403070e+06   2.3925781e+01
   9.9403490e+06   1.0021973e+02
   9.9403720e+06   4.1809082e+01
   9.9403830e+06   1.0681152e+02
   9.9403990e+06   6.0913086e+01
   9.9404240e+06   3.6315918e+01
   9.9404530e+06   8.8928223e+01
   9.9404830e+06   5.9509277e+01
   9.9405070e+06   3.7902832e+01
   9.9405200e+06   8.5266113e+01
   9.9405470e+06   4.3884277e+01
   9.9405670e+06   2.0996094e+01
   9.9405920e+06   9.2163086e+01
   9.9406070e+06   2.7832031e+01
   9.9406260e+06   1.8554688e+01
   9.9406400e+06   2.5634766e+01
   9.9406590e+06   6.4636230e+01
   9.9406710e+06   3.0883789e+01
   9.9406940e+06   2.5268555e+01
   9.9407800e+06   5.3833008e+01
   9.9408090e+06   2.0141602e+01
   9.9408770e+06   5.5297852e+01
   9.9814530e+06   2.0019531e+01
   9.9814740e+06   2.0263672e+01
   9.9815330e+06   9.3444824e+01
   9.9815520e+06   5.3833008e+01
   9.9815760e+06   1.1975098e+02
   9.9816020e+06   3.2592773e+01
   9.9816260e+06   2.8259277e+01
   9.9816420e+06   7.7514648e+01
   9.9816710e+06   5.0354004e+01
   9.9816940e+06   2.6123047e+01
   9.9817130e+06   5.9631348e+01
   9.9817350e+06   4.3701172e+01
   9.9817540e+06   6.3842773e+01
   9.9817680e+06   3.0883789e+01
   9.9817840e+06   2.8259277e+01
   9.9817960e+06   5.2734375e+01
   9.9818320e+06   1.8249512e+01
   9.9818460e+06   3.3996582e+01
   9.9818750e+06   3.7414551e+01
   9.9819350e+06   3.3691406e+01
   9.9819590e+06   2.1301270e+01
   9.9820020e+06   2.4719238e+01
   9.9820950e+06   4.4738770e+01
   9.9822900e+06   6.1889648e+01
   9.9824880e+06   5.1147461e+01
   9.9825770e+06   1.8127441e+01
   1.0044758e+07   1.9165039e+01
   1.0044829e+07   2.3803711e+01
   1.0044850e+07   2.0385742e+01
   1.0044881e+07   8.8806152e+01
   1.0044901e+07   1.9836426e+01
   1.0044921e+07   1.3085938e+02
   1.0044943e+07   6.9885254e+01
   1.0044973e+07   8.2275391e+01
   1.0044984e+07   3.6865234e+01
   1.0045010e+07   8.1359863e+01
   1.0045044e+07   6.9946289e+01
   1.0045063e+07   4.9804688e+01
   1.0045091e+07   6.5124512e+01
   1.0045105e+07   3.6437988e+01
   1.0045125e+07   2.1667480e+01
   1.0045162e+07   5.0781250e+01
   1.0045183e+07   2.4475098e+01
   1.0045243e+07   4.2724609e+01
   1.0045257e+07   2.3010254e+01
   1.0045323e+07   4.5288086e+01
   1.0045416e+07   4.6508789e+01
   1.0045499e+07   1.8310547e+01
   1.0045539e+07   4.6997070e+01
   1.0045755e+07   5.6091309e+01
   1.0087156e+07   2.2338867e+01
   1.0087200e+07   9.7595215e+01
   1.0087226e+07   5.0048828e+01
   1.0087240e+07   1.9165039e+01
   1.0087250e+07   1.0528564e+02
   1.0087278e+07   3.6682129e+01
   1.0087304e+07   8.5876465e+01
   1.0087334e+07   4.7973633e+01
   1.0087346e+07   3.4790039e+01
   1.0087371e+07   4.6569824e+01
   1.0087395e+07   8.4777832e+01
   1.0087410e+07   1.9958496e+01
   1.0087423e+07   2.9968262e+01
   1.0087457e+07   6.9152832e+01
   1.0087474e+07   2.4536133e+01
   1.0087503e+07   2.7221680e+01
   1.0087526e+07   3.3203125e+01
   1.0087541e+07   2.5695801e+01
   1.0087576e+07   3.5888672e+01
   1.0087629e+07   1.9836426e+01
   1.0087658e+07   3.2287598e+01
   1.0087712e+07   1.9958496e+01
   1.0087730e+07   1.8432617e+01
   1.0087806e+07   1.8249512e+01
   1.0087901e+07   4.7607422e+01
   1.0088081e+07   5.8227539e+01
   1.0106561e+07   1.2304688e+02
   1.0132928e+07   1.9287109e+01
   1.0140624e+07   2.0385742e+01
   1.0140670e+07   2.6550293e+01
   1.0140689e+07   1.1895752e+02
   1.0140720e+07   1.1364746e+02
   1.0140741e+07   2.4963379e+01
   1.0140755e+07   7.7331543e+01
   1.0140792e+07   8.5693359e+01
   1.0140809e+07   9.9121094e+01
   1.0140820e+07   3.5156250e+01
   1.0140853e+07   4.8156738e+01
   1.0140879e+07   1.0974121e+02
   1.0140896e+07   2.2094727e+01
   1.0140917e+07   5.9387207e+01
   1.0140950e+07   7.1838379e+01
   1.0140970e+07   4.2175293e+01
   1.0140988e+07   2.5756836e+01
   1.0141020e+07   5.5053711e+01
   1.0141041e+07   2.0690918e+01
   1.0141054e+07   1.8249512e+01
   1.0141066e+07   2.7587891e+01
   1.0141094e+07   3.0029297e+01
   1.0141193e+07   4.1992188e+01
   1.0141212e+07   1.9409180e+01
   1.0141273e+07   1.9165039e+01
   1.0141316e+07   4.9133301e+01
   1.0141538e+07   4.9804688e+01
   1.0195740e+07   1.8981934e+01
   1.0195752e+07   2.8503418e+01
   1.0195776e+07   1.9470215e+01
   1.0195800e+07   1.1120605e+02
   1.0195824e+07   5.6152344e+01
   1.0195846e+07   1.1370850e+02
   1.0195869e+07   7.2204590e+01
   1.0195887e+07   9.5153809e+01
   1.0195900e+07   7.4279785e+01
   1.0195929e+07   4.2602539e+01
   1.0195955e+07   4.7180176e+01
   1.0195975e+07   6.9580078e+01
   1.0195989e+07   7.2692871e+01
   1.0196017e+07   2.7160645e+01
   1.0196049e+07   8.7646484e+01
   1.0196083e+07   2.7465820e+01
   1.0196114e+07   5.8898926e+01
   1.0196124e+07   2.7893066e+01
   1.0196150e+07   2.0202637e+01
   1.0196185e+07   5.3527832e+01
   1.0196217e+07   2.8381348e+01
   1.0196265e+07   3.3447266e+01
   1.0196276e+07   2.1911621e+01
   1.0196343e+07   1.9470215e+01
   1.0196402e+07   3.9794922e+01
   1.0196433e+07   1.8127441e+01
   1.0196672e+07   5.7861328e+01
   1.0200024e+07   1.0595703e+02
   1.0241168e+07   2.0446777e+01
   1.0247405e+07   1.8371582e+01
   1.0247455e+07   1.9165039e+01
   1.0247467e+07   2.4291992e+01
   1.0247500e+07   2.1301270e+01
   1.0247515e+07   2.0874023e+01
   1.0247556e+07   1.0729980e+02
   1.0247579e+07   1.9226074e+01
   1.0247604e+07   4.7668457e+01
   1.0247626e+07   3.9489746e+01
   1.0247637e+07   7.1472168e+01
   1.0247654e+07   6.2744141e+01
   1.0247679e+07   3.6560059e+01
   1.0247701e+07   3.1555176e+01
   1.0247723e+07   8.0261230e+01
   1.0247743e+07   3.1372070e+01
   1.0247767e+07   3.0273438e+01
   1.0247784e+07   3.2165527e+01
   1.0247800e+07   4.2724609e+01
   1.0247810e+07   2.6123047e+01
   1.0247828e+07   2.2644043e+01
   1.0247845e+07   2.3132324e+01
   1.0247879e+07   4.7546387e+01
   1.0247889e+07   2.1911621e+01
   1.0247934e+07   2.7587891e+01
   1.0247970e+07   4.3212891e+01
   1.0248124e+07   5.5297852e+01
   1.0248361e+07   4.8767090e+01
   1.0300656e+07   2.0568848e+01
   1.0300681e+07   1.8554688e+01
   1.0300714e+07   2.1179199e+01
   1.0300740e+07   1.0577393e+02
   1.0300754e+07   3.6987305e+01
   1.0300784e+07   1.1614990e+02
   1.0300802e+07   7.2265625e+01
   1.0300820e+07   3.9245605e+01
   1.0300840e+07   8.7036133e+01
   1.0300857e+07   7.5927734e+01
   1.0300883e+07   5.2429199e+01
   1.0300904e+07   2.6855469e+01
   1.0300930e+07   7.3364258e+01
   1.0300949e+07   3.8024902e+01
   1.0300966e+07   9.2163086e+01
   1.0300979e+07   3.1738281e+01
   1.0300991e+07   1.9836426e+01
   1.0301009e+07   2.4841309e+01
   1.0301044e+07   6.7077637e+01
   1.0301061e+07   2.7587891e+01
   1.0301079e+07   2.6672363e+01
   1.0301099e+07   2.9541016e+01
   1.0301130e+07   4.7180176e+01
   1.0301159e+07   1.8981934e+01
   1.0301220e+07   4.3457031e+01
   1.0301383e+07   5.6274414e+01
   1.0301421e+07   1.8249512e+01
   1.0348495e+07   1.8249512e+01
   1.0350883e+07   1.9714355e+01
   1.0350917e+07   1.8432617e+01
   1.0350933e+07   1.8798828e+01
   1.0350959e+07   2.0812988e+01
   1.0350979e+07   1.0229492e+02
   1.0351000e+07   4.9438477e+01
   1.0351023e+07   1.0711670e+02
   1.0351054e+07   7.9040527e+01
   1.0351064e+07   4.7058105e+01
   1.0351091e+07   3.7353516e+01
   1.0351110e+07   8.6547852e+01
   1.0351123e+07   1.9042969e+01
   1.0351134e+07   2.4475098e+01
   1.0351169e+07   2.3498535e+01
   1.0351187e+07   3.3264160e+01
   1.0351220e+07   6.1462402e+01
   1.0351245e+07   2.5939941e+01
   1.0351276e+07   2.6550293e+01
   1.0351306e+07   5.4382324e+01
   1.0351320e+07   2.6733398e+01
   1.0351341e+07   2.0812988e+01
   1.0351369e+07   2.4230957e+01
   1.0351389e+07   4.3945313e+01
   1.0351428e+07   2.3010254e+01
   1.0351513e+07   5.2673340e+01
   1.0400537e+07   1.9348145e+01
   1.0400549e+07   1.8249512e+01
   1.0400580e+07   2.2888184e+01
   1.0400616e+07   2.7099609e+01
   1.0400645e+07   1.0345459e+02
   1.0400668e+07   5.3283691e+01
   1.0400692e+07   1.9714355e+01
   1.0400713e+07   1.1401367e+02
   1.0400730e+07   5.9753418e+01
   1.0400762e+07   3.9733887e+01
   1.0400775e+07   2.2277832e+01
   1.0400803e+07   2.1545410e+01
   1.0400825e+07   2.9113770e+01
   1.0400857e+07   1.8981934e+01
   1.0400905e+07   3.2775879e+01
   1.0400934e+07   1.8310547e+01
   1.0400957e+07   9.1796875e+01
   1.0400973e+07   2.2460938e+01
   1.0401002e+07   2.1240234e+01
   1.0401044e+07   1.8676758e+01
   1.0401064e+07   6.0607910e+01
   1.0401121e+07   1.9714355e+01
   1.0401280e+07   6.1706543e+01
   1.0446376e+07   1.9409180e+01
   1.0446425e+07   2.0202637e+01
   1.0446461e+07   2.6672363e+01
   1.0446481e+07   2.2277832e+01
   1.0446499e+07   1.3061523e+02
   1.0446552e+07   2.8747559e+01
   1.0446582e+07   4.4433594e+01
   1.0446612e+07   2.8015137e+01
   1.0446626e+07   2.1911621e+01
   1.0446646e+07   2.6672363e+01
   1.0446725e+07   2.3925781e+01
   1.0446747e+07   1.8188477e+01
   1.0446758e+07   2.0202637e+01
   1.0446781e+07   2.6489258e+01
   1.0446806e+07   2.2277832e+01
   1.0446850e+07   7.4584961e+01
   1.0446939e+07   2.0568848e+01
   1.0486722e+07   1.8615723e+01
   1.0486826e+07   1.9714355e+01
   1.0486843e+07   9.0454102e+01
   1.0486856e+07   5.3588867e+01
   1.0486923e+07   1.8920898e+01
   1.0487082e+07   2.0263672e+01
   1.0487138e+07   2.3803711e+01
   1.0487178e+07   1.9104004e+01
   1.0521777e+07   1.9470215e+01
   1.0521832e+07   2.0263672e+01
   1.0521918e+07   2.0996094e+01
   1.0521939e+07   9.1003418e+01
   1.0521949e+07   1.8371582e+01
   1.0521966e+07   4.7607422e+01
   1.0521989e+07   1.1175537e+02
   1.0522005e+07   2.0202637e+01
   1.0522082e+07   1.9897461e+01
   1.0522115e+07   3.2348633e+01
   1.0522208e+07   2.1606445e+01
   1.0553639e+07   1.8493652e+01
   1.0553659e+07   1.9226074e+01
   1.0553717e+07   1.0357666e+02
   1.0553731e+07   1.8676758e+01
   1.0553759e+07   2.1545410e+01
   1.0553776e+07   2.2216797e+01
   1.0553790e+07   2.0568848e+01
   1.0553827e+07   4.0222168e+01
   1.0553861e+07   1.9531250e+01
   1.0572285e+07   2.0080566e+01
   1.0572314e+07   2.1606445e+01
   1.0572348e+07   1.8188477e+01
   1.0572558e+07   2.0690918e+01
   1.0599252e+07   2.1667480e+01
   1.0599353e+07   1.0223389e+02
   1.0599376e+07   2.3193359e+01
   1.0599411e+07   1.8676758e+01
   1.0599449e+07   4.3151855e+01
   1.0599483e+07   1.9104004e+01
   1.0605480e+07   1.2280273e+02
   1.0629065e+07   2.2277832e+01
   1.0629080e+07   2.3498535e+01
   1.0629094e+07   1.9531250e+01
   1.0629144e+07   1.0192871e+02
   1.0656441e+07   1.9836426e+01
   1.0656472e+07   1.9348145e+01
   1.0656501e+07   2.1423340e+01
   1.0656517e+07   2.2460938e+01
   1.0656620e+07   1.0400391e+02
   1.0673553e+07   1.0516357e+02
   1.0673620e+07   3.9245605e+01
   1.0673659e+07   9.5458984e+01
   1.0683110e+07   2.1972656e+01
   1.0683145e+07   1.0888672e+02
   1.0683244e+07   2.0874023e+01
   1.0683333e+07   1.9836426e+01
   1.0702509e+07   2.1362305e+01
   1.0702530e+07   1.8432617e+01
   1.0702559e+07   2.0324707e+01
   1.0702575e+07   1.9165039e+01
   1.0702640e+07   1.9226074e+01
   1.0702659e+07   2.1301270e+01
   1.0702687e+07   1.8554688e+01
   1.0702730e+07   1.0443115e+02
   1.0702754e+07   2.4841309e+01
   1.0702792e+07   1.8371582e+01
   1.0702814e+07   1.9409180e+01
   1.0702896e+07   1.9592285e+01
   1.0737579e+07   1.8188477e+01
   1.0737667e+07   1.8127441e+01
   1.0737686e+07   2.2155762e+01
   1.0737708e+07   1.8737793e+01
   1.0768069e+07   1.8737793e+01
   1.0768132e+07   2.1545410e+01
   1.0768153e+07   1.9042969e+01
   1.0768164e+07   2.3437500e+01
   1.0798330e+07   1.9104004e+01
   1.0798359e+07   1.9836426e+01
   1.0798406e+07   1.9836426e+01
   1.0798469e+07   2.0141602e+01
   1.0798480e+07   1.0925293e+02
   1.0798540e+07   1.8371582e+01
   1.0799641e+07   1.8127441e+01
   1.0820995e+07   3.2043457e+01
   1.0846902e+07   1.8249512e+01
   1.0846970e+07   2.2705078e+01
   1.0847048e+07   2.0446777e+01
   1.0847215e+07   1.9714355e+01
   1.0847735e+07   1.8920898e+01
   1.0848174e+07   2.0568848e+01
   1.0871116e+07   2.0446777e+01
   1.0871134e+07   2.2766113e+01
   1.0871175e+07   2.2094727e+01
   1.0871201e+07   2.2705078e+01
   1.0871265e+07   1.8127441e+01
   1.0871299e+07   2.0263672e+01
   1.0871320e+07   1.8310547e+01
   1.0871335e+07   1.0736084e+02
   1.0905454e+07   4.4982910e+01
   1.0916967e+07   1.8798828e+01
   1.0917022e+07   1.9653320e+01
   1.0917054e+07   2.1362305e+01
   1.0917112e+07   2.3437500e+01
   1.0917171e+07   9.4848633e+01
   1.0917184e+07   2.2766113e+01
   1.0917226e+07   2.0751953e+01
   1.0917269e+07   2.1423340e+01
   1.0917328e+07   1.8188477e+01
   1.0918019e+07   1.9653320e+01
   1.0918042e+07   1.8859863e+01
   1.0958677e+07   2.0629883e+01
   1.0958741e+07   2.0080566e+01
   1.0958763e+07   1.9592285e+01
   1.0958813e+07   1.0418701e+02
   1.0958898e+07   1.8920898e+01
   1.0959072e+07   2.1179199e+01
   1.0994062e+07   2.4475098e+01
   1.0994380e+07   2.1911621e+01
   1.0994583e+07   1.9042969e+01
   1.0994630e+07   2.1728516e+01
   1.0994702e+07   2.0874023e+01
   1.0994733e+07   1.0314941e+02
   1.0994801e+07   7.2387695e+01
   1.0994876e+07   1.9104004e+01
   1.0994981e+07   1.9104004e+01
   1.0995205e+07   1.8432617e+01
   1.1035053e+07   1.8493652e+01
   1.1035094e+07   2.4047852e+01
   1.1035128e+07   2.1606445e+01
   1.1035140e+07   1.9714355e+01
   1.1035177e+07   1.0229492e+02
   1.1035210e+07   2.5878906e+01
   1.1035225e+07   2.2766113e+01
   1.1035243e+07   1.8188477e+01
   1.1035267e+07   8.3679199e+01
   1.1035358e+07   2.1850586e+01
   1.1076384e+07   1.9348145e+01
   1.1076422e+07   1.9042969e+01
   1.1076452e+07   1.8432617e+01
   1.1076464e+07   3.1860352e+01
   1.1076499e+07   2.1606445e+01
   1.1076527e+07   1.9226074e+01
   1.1076588e+07   9.5947266e+01
   1.1076648e+07   1.8310547e+01
   1.1076711e+07   2.0568848e+01
   1.1101682e+07   1.1657715e+02
   1.1116597e+07   2.0935059e+01
   1.1116637e+07   1.8127441e+01
   1.1116679e+07   2.0141602e+01
   1.1116701e+07   1.9653320e+01
   1.1116765e+07   9.6740723e+01
   1.1116919e+07   1.8188477e+01
   1.1117358e+07   1.8554688e+01
   1.1156825e+07   1.9348145e+01
   1.1156862e+07   1.9531250e+01
   1.1156887e+07   1.8859863e+01
   1.1156926e+07   2.3132324e+01
   1.1156959e+07   1.0101318e+02
   1.1156998e+07   1.9104004e+01
   1.1157112e+07   2.0935059e+01
   1.1157133e+07   2.7282715e+01
   1.1196997e+07   1.8432617e+01
   1.1197155e+07   1.8615723e+01
   1.1197171e+07   1.0791016e+02
   1.1197204e+07   1.9104004e+01
   1.1237860e+07   2.3498535e+01
   1.1237880e+07   1.8371582e+01
   1.1237913e+07   9.9182129e+01
   1.1237925e+07   2.0202637e+01
   1.1284231e+07   2.5146484e+01
   1.1284268e+07   2.3559570e+01
   1.1284289e+07   1.8249512e+01
   1.1284311e+07   9.7900391e+01
   1.1284363e+07   2.2094727e+01
   1.1284412e+07   1.9287109e+01
   1.1284651e+07   1.8188477e+01
   1.1284839e+07   1.8371582e+01
   1.1324676e+07   1.8188477e+01
   1.1324704e+07   2.1484375e+01
   1.1324753e+07   9.3017578e+01
   1.1324797e+07   1.8249512e+01
   1.1324819e+07   4.7119141e+01
   1.1324835e+07   1.8920898e+01
   1.1324863e+07   1.8371582e+01
   1.1362109e+07   1.8371582e+01
   1.1362140e+07   2.2949219e+01
   1.1362237e+07   1.0742188e+02
   1.1362278e+07   1.8737793e+01
   1.1392171e+07   1.8676758e+01
   1.1392249e+07   9.9426270e+01
   1.1392360e+07   1.9409180e+01
   1.1392381e+07   2.3010254e+01
   1.1393869e+07   1.8249512e+01
   1.1395501e+07   1.9287109e+01
   1.1420202e+07   1.2145996e+02
   1.1421319e+07   1.2219238e+02
   1.1421398e+07   8.7524414e+01
   1.1421513e+07   1.0546875e+02
   1.1421833e+07   5.1147461e+01
   1.1441052e+07   2.0751953e+01
   1.1441077e+07   2.1606445e+01
   1.1441107e+07   1.8371582e+01
   1.1441268e+07   1.9653320e+01
   1.1441299e+07   9.8449707e+01
   1.1442573e+07   1.8493652e+01
   1.1479440e+07   1.8493652e+01
   1.1479491e+07   1.8310547e+01
   1.1479554e+07   2.1972656e+01
   1.1479615e+07   1.0028076e+02
   1.1479645e+07   2.2033691e+01
   1.1479729e+07   1.9287109e+01
   1.1506634e+07   1.0888672e+02
   1.1515927e+07   2.1911621e+01
   1.1515969e+07   1.8737793e+01
   1.1516057e+07   1.0943604e+02
   1.1516207e+07   1.8493652e+01
   1.1559049e+07   2.0629883e+01
   1.1559102e+07   1.8859863e+01
   1.1559117e+07   1.9897461e+01
   1.1559192e+07   2.3071289e+01
   1.1559221e+07   2.1850586e+01
   1.1559326e+07   2.0568848e+01
   1.1559666e+07   2.0263672e+01
   1.1595714e+07   2.1179199e+01
   1.1595758e+07   2.1362305e+01
   1.1595792e+07   1.8859863e+01
   1.1595825e+07   2.2583008e+01
   1.1595894e+07   2.0812988e+01
   1.1595927e+07   1.8493652e+01
   1.1633681e+07   1.8371582e+01
   1.1633702e+07   2.0507813e+01
   1.1633725e+07   1.9958496e+01
   1.1633742e+07   9.0209961e+01
   1.1633813e+07   1.8310547e+01
   1.1675353e+07   2.0202637e+01
   1.1675372e+07   2.2094727e+01
   1.1675435e+07   2.3498535e+01
   1.1675553e+07   9.9243164e+01
   1.1675573e+07   2.0568848e+01
   1.1676075e+07   1.9042969e+01
   1.1703790e+07   2.2399902e+01
   1.1703803e+07   2.0141602e+01
   1.1703829e+07   1.8920898e+01
   1.1703882e+07   1.9531250e+01
   1.1703957e+07   1.8127441e+01
   1.1736674e+07   1.8127441e+01
   1.1736773e+07   2.1972656e+01
   1.1736784e+07   2.7404785e+01
   1.1737030e+07   1.9104004e+01
   1.1768067e+07   2.1972656e+01
   1.1768125e+07   2.0507813e+01
   1.1768147e+07   1.9042969e+01
   1.1768160e+07   1.9104004e+01
   1.1768189e+07   1.8188477e+01
   1.1768199e+07   1.0601807e+02
   1.1768269e+07   1.8493652e+01
   1.1768302e+07   2.2888184e+01
   1.1769293e+07   1.8432617e+01
   1.1769413e+07   1.8493652e+01
   1.1818234e+07   2.4108887e+01
   1.1818473e+07   2.1179199e+01
   1.1845524e+07   1.1328125e+02
   1.1882969e+07   1.9165039e+01
   1.1883008e+07   2.0263672e+01
   1.1883868e+07   1.8554688e+01
   1.1884057e+07   1.8859863e+01
   1.1946159e+07   1.8127441e+01
   1.1995493e+07   4.5288086e+01
