   1.1999000e+07   0.0000000e+00
   1.3671000e+04   2.2888184e+01
   5.1891000e+04   2.1545410e+01
   7.4902000e+04   1.7944336e+01
   1.0425400e+05   3.4179688e+01
   1.1022500e+05   2.1179199e+01
   1.3637400e+05   1.8737793e+01
   1.9320200e+05   1.9165039e+01
   2.1330200e+05   2.0996094e+01
   2.5052700e+05   1.9042969e+01
   2.5063400e+05   2.0751953e+01
   2.5068900e+05   2.7465820e+01
   2.5070500e+05   2.8564453e+01
   2.5072900e+05   1.8188477e+01
   2.5074400e+05   2.1545410e+01
   2.5077300e+05   2.3132324e+01
   2.5212700e+05   1.7639160e+01
   2.5298700e+05   2.0935059e+01
   2.5337400e+05   3.2165527e+01
   2.5380100e+05   1.9348145e+01
   3.8012100e+05   2.2949219e+01
   3.8041000e+05   1.7700195e+01
   3.8055800e+05   2.0263672e+01
   3.8058900e+05   1.8249512e+01
   3.8076500e+05   2.1362305e+01
   4.4315300e+05   2.0202637e+01
   4.4324000e+05   2.2155762e+01
   4.4326200e+05   2.6916504e+01
   4.4329000e+05   2.8564453e+01
   4.4330700e+05   2.3681641e+01
   4.4536100e+05   1.7944336e+01
   4.4545300e+05   1.9104004e+01
   4.4577500e+05   2.2460938e+01
   4.4590400e+05   1.8615723e+01
   4.4624900e+05   1.8127441e+01
   4.6182600e+05   1.7517090e+01
   4.6200700e+05   4.1015625e+01
   4.6201700e+05   3.2653809e+01
   4.6203000e+05   2.0324707e+01
   4.6207000e+05   1.9165039e+01
   5.1308600e+05   3.5644531e+01
   5.8442700e+05   3.8208008e+01
   5.8445600e+05   2.8076172e+01
   5.8450300e+05   2.1301270e+01
   5.8453200e+05   2.6794434e+01
   5.8591300e+05   1.7822266e+01
   5.8605500e+05   2.0385742e+01
   5.8633700e+05   1.8127441e+01
   5.8636400e+05   3.5644531e+01
   5.8649800e+05   1.7639160e+01
   5.8655000e+05   1.7883301e+01
   5.8657500e+05   1.8554688e+01
   5.8668900e+05   1.8981934e+01
   5.8673200e+05   2.2338867e+01
   7.8672900e+05   1.7395020e+01
   8.7037300e+05   1.7700195e+01
   9.1710300e+05   4.6630859e+01
   9.1712400e+05   3.6804199e+01
   9.1716400e+05   2.0812988e+01
   9.1754600e+05   1.7883301e+01
   9.1923700e+05   1.7456055e+01
   9.1929700e+05   1.9104004e+01
   1.0031600e+06   2.6184082e+01
   1.0737190e+06   2.9968262e+01
   1.0876100e+06   3.2653809e+01
   1.1007570e+06   3.8818359e+01
   1.1007770e+06   5.4443359e+01
   1.1009430e+06   1.8554687e+01
   1.1021520e+06   1.8066406e+01
   1.1301270e+06   6.5429688e+01
   1.1301380e+06   2.8686523e+01
   1.1301620e+06   3.0700684e+01
   1.1301880e+06   2.7282715e+01
   1.1306120e+06   1.9531250e+01
   1.2119900e+06   1.8127441e+01
   1.2120080e+06   3.3203125e+01
   1.2120370e+06   3.1311035e+01
   1.2137300e+06   1.8737793e+01
   1.2833470e+06   1.7761230e+01
   1.2834250e+06   1.7395020e+01
   1.2834620e+06   3.2592773e+01
   1.2834750e+06   2.4658203e+01
   1.2835010e+06   1.7456055e+01
   1.2835270e+06   2.5024414e+01
   1.2844560e+06   1.9409180e+01
   1.2851440e+06   1.8066406e+01
   1.3158040e+06   1.7639160e+01
   1.3350530e+06   2.8076172e+01
   1.3406010e+06   1.9042969e+01
   1.3407870e+06   1.7761230e+01
   1.3432320e+06   2.1362305e+01
   1.3769960e+06   3.5034180e+01
   1.3853790e+06   2.0690918e+01
   1.3854090e+06   2.9113770e+01
   1.3854410e+06   2.4963379e+01
   1.3854670e+06   2.0690918e+01
   1.3854940e+06   2.5512695e+01
   1.4072930e+06   3.1188965e+01
   1.4901600e+06   1.8920898e+01
   1.4907500e+06   2.0996094e+01
   1.6585960e+06   3.3081055e+01
   1.6586080e+06   4.3579102e+01
   1.6586250e+06   3.0700684e+01
   1.6586480e+06   1.9409180e+01
   1.6587490e+06   1.9165039e+01
   1.6590000e+06   1.7944336e+01
   1.6590520e+06   1.9226074e+01
   1.6605550e+06   2.7221680e+01
   1.6619860e+06   1.8066406e+01
   1.7508780e+06   3.2897949e+01
   1.8484720e+06   1.9531250e+01
   1.9250660e+06   2.7954102e+01
   1.9250770e+06   6.8786621e+01
   1.9254340e+06   1.7456055e+01
   2.0660900e+06   1.8798828e+01
   2.1202090e+06   1.7578125e+01
   2.1220360e+06   1.8432617e+01
   2.1220480e+06   4.2236328e+01
   2.1221020e+06   3.2165527e+01
   2.1222620e+06   1.7761230e+01
   2.1788530e+06   1.7395020e+01
   2.2700090e+06   3.6621094e+01
   2.2700190e+06   4.5471191e+01
   2.2700360e+06   2.2888184e+01
   2.2700720e+06   2.5390625e+01
   2.2702950e+06   1.8188477e+01
   2.2704100e+06   1.7883301e+01
   2.2717070e+06   1.8371582e+01
   2.2722420e+06   3.2531738e+01
   2.2722610e+06   2.4963379e+01
   2.2722940e+06   2.5329590e+01
   2.2723300e+06   1.8188477e+01
   2.2724370e+06   2.2155762e+01
   2.2725450e+06   2.7404785e+01
   2.2734980e+06   1.8432617e+01
   2.2871780e+06   2.0263672e+01
   2.2871930e+06   2.9907227e+01
   2.2872160e+06   2.5695801e+01
   2.2872310e+06   2.0141602e+01
   2.3662040e+06   3.3569336e+01
   2.4283430e+06   1.7639160e+01
   2.5060200e+06   2.0385742e+01
   2.5472970e+06   1.7761230e+01
   2.5751930e+06   4.4921875e+01
   2.5752050e+06   4.5166016e+01
   2.5752200e+06   2.6245117e+01
   2.5752620e+06   2.2277832e+01
   2.5768900e+06   1.7517090e+01
   2.6511050e+06   3.5034180e+01
   2.8286370e+06   1.7517090e+01
   2.8286930e+06   1.9714355e+01
   2.8297670e+06   1.9592285e+01
   2.8700750e+06   6.2316895e+01
   2.8701060e+06   2.5512695e+01
   2.8703180e+06   1.9165039e+01
   2.8718720e+06   1.8615723e+01
   2.8721210e+06   1.9714355e+01
   3.0365410e+06   7.5439453e+01
   3.0365590e+06   3.0029297e+01
   3.0366030e+06   1.8615723e+01
   3.0384200e+06   3.7109375e+01
   3.0384540e+06   1.8615723e+01
   3.0386430e+06   1.8432617e+01
   3.0386960e+06   2.0141602e+01
   3.0387340e+06   2.8198242e+01
   3.0389760e+06   2.4414063e+01
   3.0390620e+06   1.8676758e+01
   3.2105420e+06   5.2856445e+01
   3.2105590e+06   1.8127441e+01
   3.2105980e+06   2.9296875e+01
   3.2108400e+06   2.0935059e+01
   3.2121800e+06   1.7578125e+01
   3.2127480e+06   2.4841309e+01
   3.2129080e+06   2.1789551e+01
   3.2130290e+06   2.3193359e+01
   3.2132500e+06   3.3630371e+01
   3.4077630e+06   2.0263672e+01
   3.4077800e+06   4.6875000e+01
   3.4077990e+06   2.6916504e+01
   3.4078140e+06   2.0263672e+01
   3.4078260e+06   1.8371582e+01
   3.4078510e+06   1.8249512e+01
   3.4098890e+06   1.8310547e+01
   3.4099530e+06   3.3203125e+01
   3.4099990e+06   1.8066406e+01
   3.4101610e+06   2.4902344e+01
   3.4102400e+06   2.9418945e+01
   3.4102500e+06   1.8188477e+01
   3.7314060e+06   2.2460938e+01
   3.7331180e+06   2.3315430e+01
   3.8092330e+06   1.7883301e+01
   3.8095150e+06   2.2216797e+01
   3.8095410e+06   2.9907227e+01
   3.8095600e+06   3.6193848e+01
   3.8095820e+06   2.1972656e+01
   3.8095980e+06   3.1005859e+01
   3.8096270e+06   2.5634766e+01
   3.8096380e+06   1.8615723e+01
   3.8099030e+06   1.7578125e+01
   3.8099560e+06   1.8127441e+01
   3.9356710e+06   2.3193359e+01
   4.0067090e+06   1.7639160e+01
   4.0074470e+06   4.0954590e+01
   4.0074620e+06   4.4616699e+01
   4.0074840e+06   1.7578125e+01
   4.0077790e+06   1.7883301e+01
   4.0091470e+06   1.8371582e+01
   4.0092920e+06   2.1850586e+01
   4.0093030e+06   2.2949219e+01
   4.0095140e+06   1.9592285e+01
   4.0095340e+06   3.1005859e+01
   4.0095750e+06   2.0202637e+01
   4.0096850e+06   1.8615723e+01
   4.0097350e+06   1.7517090e+01
   4.0097940e+06   1.8920898e+01
   4.0098410e+06   2.4169922e+01
   4.0098630e+06   2.7282715e+01
   4.0103030e+06   2.0263672e+01
   4.1806100e+06   2.1179199e+01
   4.1811830e+06   5.1635742e+01
   4.1812150e+06   2.0751953e+01
   4.1816110e+06   1.8371582e+01
   4.1816410e+06   1.8005371e+01
   4.1835810e+06   1.7639160e+01
   4.1836180e+06   1.9470215e+01
   4.2300190e+06   3.2287598e+01
   4.2482980e+06   1.9042969e+01
   4.3703220e+06   2.8869629e+01
   4.3703490e+06   2.4536133e+01
   4.3703770e+06   2.0507813e+01
   4.3703980e+06   2.0568848e+01
   4.3727570e+06   2.0751953e+01
   4.3730120e+06   4.2114258e+01
   4.3733130e+06   1.8859863e+01
   4.3737630e+06   2.2338867e+01
   4.5360730e+06   1.8493652e+01
   4.5488600e+06   3.1066895e+01
   4.6009190e+06   1.7883301e+01
   4.6368170e+06   2.9296875e+01
   4.7475260e+06   2.0629883e+01
   4.7476650e+06   2.0263672e+01
   4.7486250e+06   4.1015625e+01
   4.7486380e+06   4.7485352e+01
   4.7486970e+06   2.6977539e+01
   4.7505110e+06   1.7944336e+01
   4.7520920e+06   2.3193359e+01
   4.7526660e+06   1.9897461e+01
   4.8163320e+06   3.1250000e+01
   4.8195870e+06   2.2399902e+01
   4.8427850e+06   1.7761230e+01
   4.8830730e+06   2.1606445e+01
   4.8845310e+06   1.8554688e+01
   4.8845510e+06   4.4738770e+01
   4.8846250e+06   2.7954102e+01
   4.8848290e+06   1.9165039e+01
   4.8865850e+06   3.1372070e+01
   4.8866030e+06   1.9531250e+01
   4.8866230e+06   2.3498535e+01
   4.8868180e+06   1.9104004e+01
   4.8869020e+06   2.3376465e+01
   4.8869550e+06   1.9714355e+01
   4.8870830e+06   2.3620605e+01
   4.8871230e+06   1.7700195e+01
   4.8873140e+06   1.9592285e+01
   4.8963670e+06   1.7761230e+01
   4.9890450e+06   3.7170410e+01
   5.0659120e+06   1.7761230e+01
   5.0660320e+06   2.7587891e+01
   5.0660500e+06   3.6560059e+01
   5.0660690e+06   2.4047852e+01
   5.0661010e+06   1.9226074e+01
   5.0661220e+06   3.4606934e+01
   5.0661640e+06   2.2888184e+01
   5.0685870e+06   1.7822266e+01
   5.1395070e+06   2.0812988e+01
   5.1763000e+06   1.8432617e+01
   5.2040660e+06   1.8066406e+01
   5.2046490e+06   2.0751953e+01
   5.3546000e+06   3.1188965e+01
   5.4680210e+06   1.8676758e+01
   5.5323700e+06   2.1911621e+01
   5.5810470e+06   5.1330566e+01
   5.5810680e+06   2.1362305e+01
   5.5814550e+06   1.9470215e+01
   5.5828730e+06   2.2827148e+01
   5.5829050e+06   2.0629883e+01
   5.5829430e+06   2.1972656e+01
   5.5831430e+06   1.8371582e+01
   5.5831660e+06   1.7761230e+01
   5.5832190e+06   1.8432617e+01
   5.5833600e+06   1.7883301e+01
   5.5834210e+06   3.8818359e+01
   5.5835520e+06   1.8371582e+01
   5.5844360e+06   2.3010254e+01
   5.5849020e+06   1.8981934e+01
   5.7487100e+06   3.6193848e+01
   5.7498570e+06   3.1738281e+01
   5.8786150e+06   3.3508301e+01
   5.8937650e+06   1.7578125e+01
   5.9518270e+06   3.5766602e+01
   5.9527340e+06   2.9663086e+01
   6.0250150e+06   3.3996582e+01
   6.1028920e+06   5.0720215e+01
   6.1029080e+06   3.5949707e+01
   6.1029210e+06   1.7944336e+01
   6.1032550e+06   1.8005371e+01
   6.1046150e+06   2.0080566e+01
   6.1048760e+06   1.8981934e+01
   6.1050100e+06   1.7944336e+01
   6.1050330e+06   2.0385742e+01
   6.1050440e+06   2.0202637e+01
   6.1051330e+06   2.8320313e+01
   6.1052320e+06   1.9958496e+01
   6.1052810e+06   2.0996094e+01
   6.1054550e+06   2.6794434e+01
   6.1055120e+06   1.7944336e+01
   6.1056510e+06   3.4606934e+01
   6.1059730e+06   1.8188477e+01
   6.1238310e+06   4.6081543e+01
   6.1238440e+06   2.7465820e+01
   6.1238680e+06   2.0507813e+01
   6.1238980e+06   2.0080566e+01
   6.1315940e+06   2.1301270e+01
   6.1488500e+06   3.1616211e+01
   6.1940530e+06   2.0935059e+01
   6.2651440e+06   2.0812988e+01
   6.2651560e+06   6.7443848e+01
   6.2652190e+06   2.8686523e+01
   6.2652480e+06   2.5634766e+01
   6.2675070e+06   1.8310547e+01
   6.4126760e+06   3.5644531e+01
   6.4180620e+06   2.0141602e+01
   6.5322650e+06   1.7883301e+01
   6.5322780e+06   3.1066895e+01
   6.5323620e+06   2.8625488e+01
   6.5323970e+06   3.9367676e+01
   6.5324310e+06   1.9409180e+01
   6.5324420e+06   2.9663086e+01
   6.5324550e+06   1.8920898e+01
   6.5346240e+06   1.9653320e+01
   6.5354860e+06   2.2644043e+01
   6.5487860e+06   2.0751953e+01
   6.5580860e+06   2.5390625e+01
   6.6868280e+06   2.2766113e+01
   6.7391670e+06   3.4423828e+01
   6.9925360e+06   2.8869629e+01
   6.9965280e+06   3.0578613e+01
   7.0369710e+06   2.0812988e+01
   7.0688040e+06   2.0263672e+01
   7.1506090e+06   1.8432617e+01
   7.1947940e+06   3.4240723e+01
   7.1948150e+06   4.9011230e+01
   7.1951440e+06   1.8554688e+01
   7.1952740e+06   1.8493652e+01
   7.1964230e+06   2.5268555e+01
   7.1965670e+06   2.1362305e+01
   7.1966680e+06   1.9348145e+01
   7.1966910e+06   2.6306152e+01
   7.1968750e+06   2.3132324e+01
   7.1969910e+06   3.4057617e+01
   7.1971730e+06   1.9836426e+01
   7.1972210e+06   1.8737793e+01
   7.1974920e+06   1.8737793e+01
   7.2005820e+06   2.1789551e+01
   7.2012610e+06   1.9653320e+01
   7.2634410e+06   1.8371582e+01
   7.3535080e+06   3.1921387e+01
   7.4822570e+06   3.1799316e+01
   7.5288640e+06   3.3691406e+01
   7.5371970e+06   3.3386230e+01
   7.5565860e+06   3.1738281e+01
   7.6627860e+06   2.0812988e+01
   7.7130080e+06   3.4973145e+01
   7.7543620e+06   3.1250000e+01
   7.7593400e+06   3.1860352e+01
   7.7593670e+06   3.1005859e+01
   7.7594110e+06   3.4423828e+01
   7.7597110e+06   2.0568848e+01
   7.7610620e+06   2.4047852e+01
   7.7614420e+06   1.9042969e+01
   7.7615690e+06   2.5146484e+01
   7.7615930e+06   2.2949219e+01
   7.7619130e+06   1.8554688e+01
   7.7626760e+06   1.8371582e+01
   7.8348250e+06   3.0761719e+01
   7.9034610e+06   2.2521973e+01
   7.9935300e+06   1.8127441e+01
   8.2331710e+06   7.1228027e+01
   8.2331890e+06   3.7475586e+01
   8.2332040e+06   1.9714355e+01
   8.2334970e+06   1.8676758e+01
   8.2335250e+06   1.7883301e+01
   8.2343830e+06   1.8249512e+01
   8.2348570e+06   1.9165039e+01
   8.2348960e+06   2.7343750e+01
   8.2351760e+06   1.8554688e+01
   8.2352010e+06   2.4047852e+01
   8.2353240e+06   1.9775391e+01
   8.2353420e+06   1.8066406e+01
   8.2354440e+06   1.9226074e+01
   8.2355100e+06   2.1850586e+01
   8.2360740e+06   2.0263672e+01
   8.2371040e+06   2.2033691e+01
   8.3497280e+06   2.3376465e+01
   8.3497420e+06   3.0822754e+01
   8.3497580e+06   3.3874512e+01
   8.3502200e+06   2.1057129e+01
   8.3513800e+06   3.0334473e+01
   8.3517260e+06   1.8981934e+01
   8.3518690e+06   1.8615723e+01
   8.3520150e+06   1.7944336e+01
   8.3521950e+06   2.4780273e+01
   8.4500890e+06   2.1057129e+01
   8.5087430e+06   3.5705566e+01
   8.8547500e+06   2.8442383e+01
   8.8830920e+06   6.1279297e+01
   8.8831190e+06   3.6315918e+01
   8.8833340e+06   1.9958496e+01
   8.8851100e+06   2.1728516e+01
   8.8853080e+06   1.8737793e+01
   8.8853970e+06   2.5695801e+01
   8.8856000e+06   2.6184082e+01
   8.9734830e+06   1.8432617e+01
   8.9916770e+06   3.1433105e+01
   9.0550470e+06   2.9785156e+01
   9.0717840e+06   3.1433105e+01
   9.3732870e+06   2.9968262e+01
   9.5144910e+06   3.4362793e+01
   9.5903800e+06   7.6721191e+01
   9.5903900e+06   2.3681641e+01
   9.5904230e+06   1.8005371e+01
   9.5921150e+06   1.9287109e+01
   9.5922530e+06   2.0263672e+01
   9.5925750e+06   2.8625488e+01
   9.5928090e+06   1.9287109e+01
   9.6796090e+06   2.2155762e+01
   9.8124800e+06   3.3020020e+01
   9.8124980e+06   6.9885254e+01
   9.8125090e+06   3.1311035e+01
   9.8125220e+06   1.8371582e+01
   9.8125590e+06   1.9104004e+01
   9.8128890e+06   2.0874023e+01
   9.8130110e+06   1.8127441e+01
   9.8145040e+06   2.0812988e+01
   9.8149600e+06   3.2470703e+01
   9.8151200e+06   2.0507813e+01
   9.8153200e+06   2.1362305e+01
   9.8156410e+06   1.8188477e+01
   9.9734530e+06   1.8798828e+01
   9.9831170e+06   1.8066406e+01
   9.9831290e+06   4.7668457e+01
   9.9832070e+06   2.1118164e+01
   9.9847080e+06   2.0507813e+01
   9.9850920e+06   2.3498535e+01
   9.9851190e+06   2.2766113e+01
   9.9853640e+06   1.8920898e+01
   9.9855170e+06   1.8798828e+01
   9.9860610e+06   2.0324707e+01
   1.0051337e+07   2.5573730e+01
   1.0051348e+07   3.7109375e+01
   1.0051372e+07   3.7048340e+01
   1.0051407e+07   3.5034180e+01
   1.0051803e+07   1.8127441e+01
   1.0052989e+07   2.2827148e+01
   1.0053213e+07   1.8615723e+01
   1.0053237e+07   2.6062012e+01
   1.0053437e+07   2.1118164e+01
   1.0053472e+07   2.1362305e+01
   1.0054505e+07   1.8371582e+01
   1.0119379e+07   2.0507813e+01
   1.0119390e+07   2.5939941e+01
   1.0119406e+07   2.9052734e+01
   1.0119435e+07   3.0517578e+01
   1.0120946e+07   1.8676758e+01
   1.0121613e+07   1.8066406e+01
   1.0270818e+07   3.4667969e+01
   1.0380765e+07   3.1433105e+01
   1.0385675e+07   1.9409180e+01
   1.0614793e+07   3.7719727e+01
   1.0622789e+07   1.9409180e+01
   1.0659709e+07   3.6437988e+01
   1.0932002e+07   3.0151367e+01
   1.1177031e+07   2.0202637e+01
   1.1177058e+07   4.9865723e+01
   1.1177089e+07   2.2338867e+01
   1.1177105e+07   3.1860352e+01
   1.1179174e+07   1.9042969e+01
   1.1179422e+07   1.9226074e+01
   1.1179660e+07   1.8188477e+01
   1.1179927e+07   1.9775391e+01
   1.1183238e+07   2.0202637e+01
   1.1252977e+07   1.8127441e+01
   1.1282929e+07   3.3386230e+01
   1.1552802e+07   1.9958496e+01
   1.1599570e+07   1.9470215e+01
   1.1729228e+07   5.9020996e+01
   1.1729239e+07   3.6376953e+01
   1.1729250e+07   2.6306152e+01
   1.1729296e+07   2.6489258e+01
   1.1729513e+07   2.1972656e+01
   1.1729584e+07   1.8859863e+01
   1.1731067e+07   1.8859863e+01
   1.1731175e+07   2.0935059e+01
   1.1731200e+07   2.3620605e+01
   1.1731400e+07   3.0273438e+01
   1.1731561e+07   1.9531250e+01
   1.1732279e+07   2.0629883e+01
   1.1754365e+07   3.2592773e+01
   1.1838070e+07   2.0263672e+01
