   1.1999000e+07   0.0000000e+00
   5.8445600e+05   2.2216797e+01
   2.5595240e+06   2.2583008e+01
   2.8700350e+06   2.2583008e+01
   2.8700480e+06   2.3132324e+01
   4.0074120e+06   2.2705078e+01
   4.0397450e+06   2.0751953e+01
   4.5511380e+06   2.0751953e+01
   5.9814690e+06   2.0935059e+01
   6.5324710e+06   2.2521973e+01
   8.0081670e+06   2.1545410e+01
   8.2331440e+06   2.2216797e+01
   8.3497340e+06   2.1484375e+01
   8.8830620e+06   2.1362305e+01
   9.8125010e+06   2.3071289e+01
   1.1134660e+07   2.1484375e+01
   1.1268865e+07   2.2399902e+01
