   1.1999000e+07   0.0000000e+00
   2.5082900e+05   2.0812988e+01
   2.5087400e+05   2.9113770e+01
   2.5089200e+05   2.0385742e+01
   2.5091800e+05   3.4179688e+01
   2.5094800e+05   3.5156250e+01
   2.5095800e+05   3.1311035e+01
   2.5097500e+05   2.2094727e+01
   2.5099200e+05   2.3132324e+01
   2.5101500e+05   2.4475098e+01
   2.5220800e+05   2.1728516e+01
   3.5444400e+05   2.1911621e+01
   4.0342600e+05   2.3376465e+01
   4.4319500e+05   2.1240234e+01
   4.4321900e+05   2.2888184e+01
   4.4326300e+05   5.1696777e+01
   4.4328700e+05   3.6132813e+01
   4.4333300e+05   3.4423828e+01
   4.4339100e+05   2.3010254e+01
   4.4341500e+05   2.1362305e+01
   4.4368400e+05   2.0812988e+01
   4.4499800e+05   2.3925781e+01
   4.4512600e+05   2.1423340e+01
   4.4527900e+05   2.1301270e+01
   4.4537700e+05   2.5268555e+01
   4.4546500e+05   2.0324707e+01
   4.4577000e+05   2.2277832e+01
   4.4596400e+05   2.1667480e+01
   4.4603700e+05   2.3925781e+01
   4.6200000e+05   2.2033691e+01
   4.6203300e+05   3.3691406e+01
   4.6206200e+05   2.9724121e+01
   4.6209400e+05   2.8686523e+01
   4.6211100e+05   2.0874023e+01
   4.6212400e+05   3.6865234e+01
   4.6214700e+05   2.1301270e+01
   4.6217500e+05   2.1972656e+01
   4.6220500e+05   2.9541016e+01
   4.6221500e+05   2.2644043e+01
   4.6351100e+05   2.1972656e+01
   5.4687800e+05   2.0690918e+01
   5.8439200e+05   3.4240723e+01
   5.8441400e+05   2.7954102e+01
   5.8443200e+05   2.1118164e+01
   5.8445000e+05   3.6193848e+01
   5.8456900e+05   2.2705078e+01
   5.8464600e+05   2.1789551e+01
   5.8467500e+05   2.0446777e+01
   5.8614900e+05   2.1972656e+01
   5.8621100e+05   2.0385742e+01
   5.8626800e+05   3.3386230e+01
   5.8630100e+05   2.2094727e+01
   5.8639700e+05   2.0568848e+01
   5.8642800e+05   2.0935059e+01
   5.8645000e+05   2.0385742e+01
   5.8664200e+05   2.0568848e+01
   5.8669200e+05   3.2409668e+01
   5.8676900e+05   2.1240234e+01
   9.1667400e+05   2.1179199e+01
   9.1678600e+05   2.5817871e+01
   9.1687000e+05   2.2460938e+01
   9.1692900e+05   3.2409668e+01
   9.1694500e+05   2.4475098e+01
   9.1698300e+05   2.1484375e+01
   9.1701400e+05   2.5268555e+01
   9.1723100e+05   2.1118164e+01
   1.1007880e+06   4.6569824e+01
   1.1008110e+06   3.0395508e+01
   1.1008350e+06   2.8015137e+01
   1.1008580e+06   2.2094727e+01
   1.1008680e+06   4.0649414e+01
   1.1009190e+06   2.4597168e+01
   1.1010000e+06   2.1301270e+01
   1.1301000e+06   3.1188965e+01
   1.1301180e+06   2.2583008e+01
   1.1301730e+06   4.2419434e+01
   1.1301900e+06   3.0761719e+01
   1.1302160e+06   3.0822754e+01
   1.1302530e+06   3.1372070e+01
   1.1302810e+06   4.8095703e+01
   1.2120120e+06   3.0334473e+01
   1.2120340e+06   4.4738770e+01
   1.2120550e+06   2.5207520e+01
   1.2121060e+06   4.5166016e+01
   1.2121260e+06   2.6062012e+01
   1.2121370e+06   2.2094727e+01
   1.2121750e+06   2.2216797e+01
   1.2121940e+06   2.0812988e+01
   1.2130120e+06   2.0507813e+01
   1.2835820e+06   3.2714844e+01
   1.2835960e+06   4.9743652e+01
   1.2836330e+06   2.2705078e+01
   1.2836450e+06   3.2470703e+01
   1.2836810e+06   3.8818359e+01
   1.2837120e+06   2.1606445e+01
   1.2837280e+06   2.3071289e+01
   1.3856060e+06   2.6428223e+01
   1.3856270e+06   4.0527344e+01
   1.3856410e+06   4.0588379e+01
   1.3856640e+06   3.3203125e+01
   1.3856820e+06   4.5471191e+01
   1.3857000e+06   3.1433105e+01
   1.3857300e+06   2.2399902e+01
   1.3857860e+06   2.6000977e+01
   1.3858780e+06   2.1484375e+01
   1.6583690e+06   2.1423340e+01
   1.6583970e+06   3.9001465e+01
   1.6584130e+06   2.1179199e+01
   1.6584510e+06   3.3325195e+01
   1.6584760e+06   3.5644531e+01
   1.6584890e+06   4.2968750e+01
   1.6585220e+06   2.2583008e+01
   1.6585400e+06   2.2277832e+01
   1.6587550e+06   2.2888184e+01
   1.9250340e+06   3.0700684e+01
   1.9250630e+06   2.6672363e+01
   1.9250770e+06   3.6621094e+01
   1.9250970e+06   2.8015137e+01
   1.9251070e+06   3.9062500e+01
   1.9251390e+06   4.7241211e+01
   1.9251590e+06   2.0874023e+01
   1.9251840e+06   3.6376953e+01
   1.9253910e+06   2.3681641e+01
   2.1218400e+06   3.0700684e+01
   2.1218670e+06   2.4963379e+01
   2.1218880e+06   2.7648926e+01
   2.1219200e+06   3.8757324e+01
   2.1219470e+06   3.4118652e+01
   2.1219750e+06   2.7038574e+01
   2.1220030e+06   3.6437988e+01
   2.2696370e+06   2.3742676e+01
   2.2697710e+06   2.1423340e+01
   2.2698070e+06   2.2827148e+01
   2.2698460e+06   4.1931152e+01
   2.2698560e+06   2.8747559e+01
   2.2699010e+06   2.8137207e+01
   2.2699380e+06   2.3193359e+01
   2.2699700e+06   2.1911621e+01
   2.2717400e+06   2.0324707e+01
   2.2871840e+06   3.3142090e+01
   2.2872010e+06   3.5095215e+01
   2.2872300e+06   2.3437500e+01
   2.2872450e+06   2.2644043e+01
   2.2873140e+06   2.0507813e+01
   2.2873340e+06   2.4414063e+01
   2.2873490e+06   2.1301270e+01
   2.2874000e+06   2.5695801e+01
   2.5749820e+06   2.3925781e+01
   2.5750150e+06   3.6315918e+01
   2.5750430e+06   4.3579102e+01
   2.5750550e+06   3.0639648e+01
   2.5751020e+06   4.8400879e+01
   2.5751280e+06   2.2155762e+01
   2.7578860e+06   2.0507813e+01
   2.8700490e+06   3.1860352e+01
   2.8700680e+06   2.6611328e+01
   2.8700940e+06   2.6306152e+01
   2.8701210e+06   3.3630371e+01
   2.8701400e+06   4.3762207e+01
   2.8701800e+06   2.5085449e+01
   2.8702000e+06   3.0883789e+01
   2.8702370e+06   2.7648926e+01
   2.8703920e+06   2.1484375e+01
   3.0362790e+06   2.0141602e+01
   3.0363210e+06   2.2094727e+01
   3.0363350e+06   2.2644043e+01
   3.0363730e+06   3.2348633e+01
   3.0364060e+06   3.7536621e+01
   3.0364360e+06   2.6123047e+01
   3.0364690e+06   3.0151367e+01
   3.0379080e+06   2.0568848e+01
   3.0387420e+06   2.1057129e+01
   3.1290090e+06   2.1179199e+01
   3.2101730e+06   2.2888184e+01
   3.2103010e+06   3.2470703e+01
   3.2103440e+06   3.6376953e+01
   3.2103620e+06   3.3691406e+01
   3.2103890e+06   4.5715332e+01
   3.2104090e+06   2.0690918e+01
   3.2104480e+06   3.7902832e+01
   3.2105360e+06   2.3071289e+01
   3.2105620e+06   2.3193359e+01
   3.4077420e+06   2.3376465e+01
   3.4077680e+06   2.8381348e+01
   3.4077830e+06   2.8381348e+01
   3.4078440e+06   2.2094727e+01
   3.4078770e+06   2.2949219e+01
   3.4078960e+06   2.2521973e+01
   3.4079180e+06   2.0935059e+01
   3.4092930e+06   2.4902344e+01
   3.4097050e+06   2.1118164e+01
   3.4097900e+06   2.1179199e+01
   3.4101700e+06   2.0996094e+01
   3.8085780e+06   2.0263672e+01
   3.8087830e+06   2.4414063e+01
   3.8095750e+06   2.3681641e+01
   3.8096060e+06   3.0700684e+01
   3.8096250e+06   4.5532227e+01
   3.8096570e+06   3.6071777e+01
   3.8096870e+06   5.6030273e+01
   3.8097090e+06   2.2094727e+01
   3.8097910e+06   2.2644043e+01
   3.8117720e+06   2.0141602e+01
   4.0072210e+06   2.2705078e+01
   4.0072340e+06   2.2705078e+01
   4.0072740e+06   2.0935059e+01
   4.0072850e+06   2.1667480e+01
   4.0073190e+06   4.0039063e+01
   4.0073360e+06   2.5756836e+01
   4.0073540e+06   3.9306641e+01
   4.0074420e+06   2.1484375e+01
   4.0074720e+06   2.0507813e+01
   4.0075330e+06   2.0751953e+01
   4.0076170e+06   2.1423340e+01
   4.0096500e+06   2.8991699e+01
   4.1809590e+06   2.6977539e+01
   4.1809730e+06   2.8869629e+01
   4.1809940e+06   2.7282715e+01
   4.1810160e+06   2.1972656e+01
   4.1810500e+06   3.1555176e+01
   4.1810630e+06   3.6315918e+01
   4.1810870e+06   2.4719238e+01
   4.1810980e+06   2.3559570e+01
   4.1830650e+06   2.0263672e+01
   4.3705720e+06   3.2104492e+01
   4.3705870e+06   3.4240723e+01
   4.3706190e+06   4.1259766e+01
   4.3706390e+06   2.8747559e+01
   4.3706730e+06   2.1850586e+01
   4.3707230e+06   2.0385742e+01
   4.3707400e+06   2.3132324e+01
   4.3710520e+06   2.2399902e+01
   4.3724250e+06   2.6367188e+01
   4.3725560e+06   2.3803711e+01
   4.3727120e+06   2.1423340e+01
   4.3727470e+06   2.0202637e+01
   4.3727660e+06   2.0935059e+01
   4.3728380e+06   2.1850586e+01
   4.3729210e+06   2.2521973e+01
   4.3729940e+06   2.2766113e+01
   4.3730270e+06   2.3437500e+01
   4.7482120e+06   2.0507813e+01
   4.7483810e+06   2.1240234e+01
   4.7484320e+06   2.4536133e+01
   4.7484670e+06   3.2043457e+01
   4.7484820e+06   3.9428711e+01
   4.7485100e+06   2.6306152e+01
   4.7485390e+06   3.6071777e+01
   4.7485600e+06   2.8503418e+01
   4.7486290e+06   2.3559570e+01
   4.7500690e+06   2.5146484e+01
   4.8842450e+06   3.0883789e+01
   4.8843160e+06   2.1789551e+01
   4.8843270e+06   2.2766113e+01
   4.8843620e+06   3.0639648e+01
   4.8843920e+06   3.6621094e+01
   4.8844110e+06   3.4973145e+01
   4.8844470e+06   3.5095215e+01
   4.8845230e+06   2.0141602e+01
   4.8862410e+06   2.0385742e+01
   4.8863360e+06   2.1362305e+01
   4.8865150e+06   2.2766113e+01
   4.8869000e+06   2.2155762e+01
   4.8870120e+06   2.3742676e+01
   4.8870480e+06   2.0751953e+01
   4.8870910e+06   2.2888184e+01
   4.8873080e+06   2.3864746e+01
   4.9305700e+06   2.0141602e+01
   5.0662860e+06   5.0964355e+01
   5.0663010e+06   3.4606934e+01
   5.0663130e+06   2.2155762e+01
   5.0663240e+06   3.4362793e+01
   5.0663480e+06   3.4362793e+01
   5.0663820e+06   2.4658203e+01
   5.0664280e+06   2.0324707e+01
   5.0681620e+06   2.0202637e+01
   5.0682260e+06   2.0812988e+01
   5.0682800e+06   2.5817871e+01
   5.0684630e+06   2.1728516e+01
   5.0684970e+06   2.3315430e+01
   5.0685410e+06   2.1423340e+01
   5.0686100e+06   2.0690918e+01
   5.0686720e+06   2.0202637e+01
   5.5810300e+06   2.6977539e+01
   5.5810430e+06   2.7587891e+01
   5.5810710e+06   2.9235840e+01
   5.5810970e+06   3.1555176e+01
   5.5811270e+06   2.0568848e+01
   5.5811540e+06   3.2531738e+01
   5.5812840e+06   2.0874023e+01
   5.5829880e+06   2.2338867e+01
   5.5830990e+06   2.4963379e+01
   5.5831090e+06   2.1789551e+01
   5.5831890e+06   2.0568848e+01
   5.5832720e+06   2.1911621e+01
   5.5833190e+06   2.1301270e+01
   5.5833510e+06   2.3620605e+01
   5.5834410e+06   2.2644043e+01
   5.5834520e+06   2.1057129e+01
   5.5836100e+06   2.0446777e+01
   6.1026770e+06   2.1789551e+01
   6.1027030e+06   2.9663086e+01
   6.1027280e+06   2.2460938e+01
   6.1027530e+06   3.4912109e+01
   6.1027700e+06   4.0832520e+01
   6.1028060e+06   4.0832520e+01
   6.1028900e+06   2.6062012e+01
   6.1029170e+06   2.4841309e+01
   6.1048650e+06   2.1484375e+01
   6.1048910e+06   2.2949219e+01
   6.1050380e+06   2.3559570e+01
   6.1052160e+06   2.5207520e+01
   6.1053960e+06   2.0690918e+01
   6.1054410e+06   2.1789551e+01
   6.1055020e+06   2.1057129e+01
   6.1055610e+06   2.2277832e+01
   6.1237710e+06   2.2155762e+01
   6.1238130e+06   2.2644043e+01
   6.1238230e+06   2.0996094e+01
   6.1238380e+06   2.3742676e+01
   6.1238900e+06   2.3132324e+01
   6.1239260e+06   3.7719727e+01
   6.1239550e+06   2.4291992e+01
   6.1257620e+06   2.1423340e+01
   6.1257770e+06   2.0751953e+01
   6.2649020e+06   2.0874023e+01
   6.2649930e+06   4.9377441e+01
   6.2650060e+06   3.7231445e+01
   6.2650240e+06   2.7893066e+01
   6.2650350e+06   5.0048828e+01
   6.2650930e+06   2.9235840e+01
   6.2669330e+06   2.3681641e+01
   6.2670960e+06   2.1789551e+01
   6.5326150e+06   4.0466309e+01
   6.5326310e+06   2.6733398e+01
   6.5326500e+06   2.9357910e+01
   6.5326810e+06   4.4799805e+01
   6.5327610e+06   2.0568848e+01
   6.5328090e+06   2.3376465e+01
   6.5345460e+06   2.1545410e+01
   6.5345670e+06   2.3132324e+01
   6.5348120e+06   2.9968262e+01
   6.5349010e+06   2.3498535e+01
   6.5349270e+06   2.1972656e+01
   6.5349830e+06   2.1728516e+01
   6.5350460e+06   2.0568848e+01
   6.5351570e+06   2.9846191e+01
   7.1947410e+06   2.5390625e+01
   7.1947620e+06   2.2521973e+01
   7.1947930e+06   3.7719727e+01
   7.1948190e+06   3.0822754e+01
   7.1948300e+06   4.7546387e+01
   7.1948700e+06   2.0568848e+01
   7.1968980e+06   2.4047852e+01
   7.1969090e+06   2.0935059e+01
   7.1969270e+06   2.1606445e+01
   7.1970300e+06   2.0996094e+01
   7.1970860e+06   2.5207520e+01
   7.1972080e+06   2.3925781e+01
   7.1973200e+06   2.3010254e+01
   7.1975490e+06   2.1057129e+01
   7.1984550e+06   2.0507813e+01
   7.7590760e+06   2.2827148e+01
   7.7591560e+06   2.1118164e+01
   7.7591660e+06   3.4667969e+01
   7.7592060e+06   2.8686523e+01
   7.7592230e+06   3.4606934e+01
   7.7592480e+06   2.0690918e+01
   7.7592710e+06   4.0344238e+01
   7.7609790e+06   2.2216797e+01
   7.7614060e+06   2.1972656e+01
   7.7615830e+06   2.3925781e+01
   7.7616500e+06   2.0507813e+01
   7.7617280e+06   2.1179199e+01
   7.7619530e+06   2.1423340e+01
   8.2329740e+06   2.2460938e+01
   8.2329990e+06   5.3588867e+01
   8.2330120e+06   3.3630371e+01
   8.2330290e+06   4.2053223e+01
   8.2330510e+06   3.1799316e+01
   8.2330850e+06   2.3376465e+01
   8.2331620e+06   2.8381348e+01
   8.2332180e+06   2.4230957e+01
   8.2353710e+06   2.0874023e+01
   8.2356000e+06   2.0507813e+01
   8.2356850e+06   2.3254395e+01
   8.3494700e+06   2.0629883e+01
   8.3495350e+06   2.1850586e+01
   8.3495800e+06   3.2714844e+01
   8.3496100e+06   3.5888672e+01
   8.3496300e+06   2.5512695e+01
   8.3496440e+06   3.1127930e+01
   8.3496680e+06   2.2766113e+01
   8.3496850e+06   2.2399902e+01
   8.3497010e+06   2.1667480e+01
   8.3497260e+06   2.2094727e+01
   8.3497720e+06   2.2399902e+01
   8.3512290e+06   2.4047852e+01
   8.3513930e+06   2.5146484e+01
   8.3515470e+06   2.5512695e+01
   8.8830730e+06   3.4118652e+01
   8.8830960e+06   4.3701172e+01
   8.8831220e+06   3.5522461e+01
   8.8831390e+06   4.0527344e+01
   8.8831750e+06   2.7954102e+01
   8.8832020e+06   2.5695801e+01
   8.8833850e+06   2.2216797e+01
   8.8845470e+06   2.2338867e+01
   8.8846390e+06   2.0629883e+01
   8.8851620e+06   2.1911621e+01
   8.8852010e+06   2.2521973e+01
   8.8853740e+06   2.4902344e+01
   8.8855600e+06   2.1606445e+01
   9.2989880e+06   2.0568848e+01
   9.5902250e+06   2.6611328e+01
   9.5902500e+06   7.5012207e+01
   9.5902670e+06   2.4963379e+01
   9.5903100e+06   5.5053711e+01
   9.5903220e+06   2.4353027e+01
   9.5904650e+06   2.1057129e+01
   9.5910680e+06   2.1911621e+01
   9.5911560e+06   2.1423340e+01
   9.5921200e+06   2.3193359e+01
   9.5927040e+06   2.0935059e+01
   9.5927930e+06   2.3742676e+01
   9.8123950e+06   2.1606445e+01
   9.8124300e+06   6.4941406e+01
   9.8124460e+06   8.2092285e+01
   9.8124610e+06   2.5695801e+01
   9.8125110e+06   2.5512695e+01
   9.8125610e+06   2.1362305e+01
   9.8142910e+06   2.1972656e+01
   9.8144180e+06   2.1423340e+01
   9.8145580e+06   2.0935059e+01
   9.9830540e+06   3.8757324e+01
   9.9830770e+06   4.4372559e+01
   9.9830980e+06   2.4475098e+01
   9.9831170e+06   2.0690918e+01
   9.9831680e+06   2.4475098e+01
   9.9832940e+06   2.3254395e+01
   9.9848200e+06   2.1179199e+01
   9.9850440e+06   2.0996094e+01
   9.9851170e+06   2.2705078e+01
   9.9851630e+06   2.1240234e+01
   9.9852530e+06   2.1057129e+01
   9.9854040e+06   2.1301270e+01
   9.9854820e+06   2.1972656e+01
   1.0050832e+07   2.3437500e+01
   1.0051294e+07   2.9724121e+01
   1.0051307e+07   2.4291992e+01
   1.0051328e+07   3.6926270e+01
   1.0051376e+07   3.5034180e+01
   1.0051391e+07   2.6428223e+01
   1.0051431e+07   2.8442383e+01
   1.0051477e+07   2.6245117e+01
   1.0053061e+07   2.3254395e+01
   1.0053155e+07   2.6611328e+01
   1.0053316e+07   2.1240234e+01
   1.0053337e+07   2.1118164e+01
   1.0053471e+07   2.4169922e+01
   1.0053587e+07   2.4047852e+01
   1.0119213e+07   2.6062012e+01
   1.0119230e+07   4.2358398e+01
   1.0119286e+07   2.2644043e+01
   1.0121602e+07   2.3071289e+01
   1.0409319e+07   2.0812988e+01
   1.0963941e+07   2.0996094e+01
   1.1177022e+07   3.4545898e+01
   1.1177050e+07   3.2409668e+01
   1.1177079e+07   4.0832520e+01
   1.1177104e+07   2.8808594e+01
   1.1177134e+07   2.7343750e+01
   1.1177152e+07   2.6611328e+01
   1.1177180e+07   2.4780273e+01
   1.1177203e+07   2.2766113e+01
   1.1178371e+07   2.0690918e+01
   1.1179433e+07   2.1118164e+01
   1.1193191e+07   2.1911621e+01
   1.1238432e+07   2.0446777e+01
   1.1729002e+07   2.0507813e+01
   1.1729040e+07   2.0751953e+01
   1.1729072e+07   2.0812988e+01
   1.1729097e+07   6.1218262e+01
   1.1729121e+07   2.1545410e+01
   1.1729149e+07   4.1748047e+01
   1.1729298e+07   2.4780273e+01
   1.1730851e+07   2.4108887e+01
   1.1731494e+07   2.1972656e+01
   1.1731618e+07   2.7526855e+01
