   1.1999000e+07   0.0000000e+00
   2.5080800e+05   2.4902344e+01
   2.5082700e+05   3.0883789e+01
   2.5084200e+05   5.7128906e+01
   2.5086900e+05   2.4536133e+01
   2.5089700e+05   2.6550293e+01
   2.5091800e+05   2.3437500e+01
   2.5099000e+05   2.1972656e+01
   4.0306900e+05   2.2766113e+01
   4.4332100e+05   4.1931152e+01
   4.4334900e+05   3.7780762e+01
   4.4337800e+05   5.4321289e+01
   4.4341900e+05   2.3437500e+01
   4.4344800e+05   2.3681641e+01
   4.4347300e+05   2.0568848e+01
   4.4503500e+05   2.0690918e+01
   4.4513200e+05   2.3742676e+01
   4.4515500e+05   2.0629883e+01
   4.4528900e+05   2.2094727e+01
   4.4545100e+05   2.2277832e+01
   4.4551000e+05   2.2705078e+01
   4.4558600e+05   2.0690918e+01
   4.6193700e+05   2.4353027e+01
   4.6195600e+05   5.7434082e+01
   4.6198500e+05   2.8442383e+01
   4.6199800e+05   2.5146484e+01
   4.6202600e+05   3.1738281e+01
   4.6204000e+05   2.5085449e+01
   5.8447300e+05   2.8076172e+01
   5.8448400e+05   2.4597168e+01
   5.8451900e+05   3.2348633e+01
   5.8453200e+05   3.3752441e+01
   5.8455200e+05   2.1423340e+01
   5.8457800e+05   3.5217285e+01
   5.8460600e+05   2.6367188e+01
   5.8463900e+05   2.5085449e+01
   5.8471100e+05   2.3681641e+01
   5.8608900e+05   2.3254395e+01
   5.8612700e+05   2.1301270e+01
   5.8626100e+05   2.2033691e+01
   5.8635000e+05   2.7587891e+01
   5.8637800e+05   2.1179199e+01
   7.1923300e+05   2.1667480e+01
   8.7450900e+05   2.0629883e+01
   9.1696100e+05   2.0996094e+01
   9.1698300e+05   2.4780273e+01
   9.1701900e+05   4.8583984e+01
   9.1703300e+05   3.1311035e+01
   9.1708500e+05   2.5634766e+01
   9.1711100e+05   2.2644043e+01
   9.1713600e+05   2.2888184e+01
   9.1902700e+05   2.3193359e+01
   1.1006900e+06   2.1911621e+01
   1.1007000e+06   2.4353027e+01
   1.1007240e+06   2.7770996e+01
   1.1007440e+06   2.9357910e+01
   1.1007590e+06   2.4536133e+01
   1.1007990e+06   2.6733398e+01
   1.1008150e+06   2.7038574e+01
   1.1008320e+06   2.1118164e+01
   1.1009210e+06   2.6062012e+01
   1.1025650e+06   2.2888184e+01
   1.1300110e+06   2.7648926e+01
   1.1300410e+06   3.1311035e+01
   1.1300540e+06   2.9541016e+01
   1.1300840e+06   2.5268555e+01
   1.1301030e+06   3.0883789e+01
   1.1301190e+06   2.6428223e+01
   1.1301480e+06   2.3437500e+01
   1.1301940e+06   2.4963379e+01
   1.1304920e+06   2.1789551e+01
   1.1316970e+06   2.2094727e+01
   1.2119270e+06   3.0883789e+01
   1.2119520e+06   3.7902832e+01
   1.2119650e+06   3.6499023e+01
   1.2119920e+06   2.3010254e+01
   1.2120210e+06   2.5024414e+01
   1.2120410e+06   2.2155762e+01
   1.2120680e+06   2.6306152e+01
   1.2121590e+06   2.8991699e+01
   1.2121790e+06   2.2216797e+01
   1.2834810e+06   2.1728516e+01
   1.2834910e+06   4.4677734e+01
   1.2835220e+06   3.6987305e+01
   1.2835370e+06   3.8757324e+01
   1.2835720e+06   5.1757813e+01
   1.2835900e+06   2.7099609e+01
   1.2836290e+06   2.2644043e+01
   1.3855260e+06   2.4597168e+01
   1.3855440e+06   2.9663086e+01
   1.3855720e+06   2.4230957e+01
   1.3855910e+06   2.6428223e+01
   1.3856370e+06   2.9296875e+01
   1.3856530e+06   2.0812988e+01
   1.3856840e+06   2.2644043e+01
   1.3857180e+06   2.4658203e+01
   1.3857850e+06   2.2827148e+01
   1.6584390e+06   2.1606445e+01
   1.6584680e+06   2.3742676e+01
   1.6584870e+06   2.2277832e+01
   1.6584980e+06   3.3508301e+01
   1.6585460e+06   3.4729004e+01
   1.6586080e+06   2.5268555e+01
   1.6586390e+06   2.5024414e+01
   1.6587070e+06   2.5573730e+01
   1.9249470e+06   2.1118164e+01
   1.9249760e+06   2.8320313e+01
   1.9249900e+06   8.5815430e+01
   1.9250090e+06   2.3132324e+01
   1.9250470e+06   2.7343750e+01
   1.9250900e+06   2.0812988e+01
   1.9251610e+06   2.2827148e+01
   1.9251820e+06   2.2766113e+01
   1.9272380e+06   2.2888184e+01
   2.1000240e+06   2.1118164e+01
   2.1217150e+06   2.5634766e+01
   2.1218690e+06   2.4902344e+01
   2.1219010e+06   3.5888672e+01
   2.1219170e+06   3.8757324e+01
   2.1219530e+06   5.0170898e+01
   2.1219800e+06   2.5756836e+01
   2.1219960e+06   2.8625488e+01
   2.1221200e+06   2.3620605e+01
   2.1237200e+06   2.3193359e+01
   2.1239170e+06   2.0874023e+01
   2.1244850e+06   2.1484375e+01
   2.2698450e+06   2.1911621e+01
   2.2698860e+06   3.8085938e+01
   2.2698980e+06   3.1433105e+01
   2.2699240e+06   3.2348633e+01
   2.2699710e+06   3.7109375e+01
   2.2700030e+06   2.9663086e+01
   2.2700350e+06   2.2827148e+01
   2.2719290e+06   2.3559570e+01
   2.2719590e+06   4.1137695e+01
   2.2720170e+06   2.1789551e+01
   2.2871080e+06   4.5959473e+01
   2.2871200e+06   5.9387207e+01
   2.2871500e+06   2.1118164e+01
   2.2871710e+06   2.4108887e+01
   2.2871880e+06   3.0517578e+01
   2.2872500e+06   2.9357910e+01
   2.2875430e+06   2.0568848e+01
   2.2875860e+06   2.2583008e+01
   2.5750940e+06   2.2888184e+01
   2.5751210e+06   3.6132813e+01
   2.5751400e+06   2.6428223e+01
   2.5751670e+06   3.3203125e+01
   2.5751950e+06   3.2348633e+01
   2.5752350e+06   2.1972656e+01
   2.5752490e+06   3.2043457e+01
   2.8699770e+06   4.4250488e+01
   2.8700070e+06   5.1086426e+01
   2.8700220e+06   3.4729004e+01
   2.8700540e+06   2.7160645e+01
   2.8700830e+06   2.3925781e+01
   2.8702430e+06   2.4230957e+01
   3.0363780e+06   2.3803711e+01
   3.0364180e+06   3.5034180e+01
   3.0364290e+06   2.0690918e+01
   3.0364450e+06   5.7739258e+01
   3.0364790e+06   3.5339355e+01
   3.0365370e+06   2.1728516e+01
   3.0382220e+06   2.1728516e+01
   3.0383110e+06   2.2521973e+01
   3.0383670e+06   2.6367188e+01
   3.0385940e+06   2.2094727e+01
   3.0386700e+06   2.0690918e+01
   3.0387410e+06   2.2705078e+01
   3.2104030e+06   2.2338867e+01
   3.2104450e+06   3.2775879e+01
   3.2104690e+06   3.0822754e+01
   3.2104800e+06   3.0090332e+01
   3.2104970e+06   3.2348633e+01
   3.2105260e+06   2.5085449e+01
   3.2105560e+06   2.0812988e+01
   3.2105810e+06   2.4536133e+01
   3.2124480e+06   2.1057129e+01
   3.2125260e+06   2.1057129e+01
   3.2125400e+06   2.1606445e+01
   3.2127440e+06   2.1606445e+01
   3.2129880e+06   2.3925781e+01
   3.4078190e+06   2.3132324e+01
   3.4078290e+06   3.3508301e+01
   3.4078470e+06   3.5034180e+01
   3.4078860e+06   3.6254883e+01
   3.4078960e+06   3.4545898e+01
   3.4080280e+06   2.1362305e+01
   3.4081540e+06   2.0629883e+01
   3.4094780e+06   2.1240234e+01
   3.4095720e+06   2.2094727e+01
   3.4096150e+06   2.1789551e+01
   3.4096300e+06   2.4841309e+01
   3.4098240e+06   2.3132324e+01
   3.4100190e+06   2.1240234e+01
   3.4101140e+06   2.2094727e+01
   3.4101950e+06   2.0690918e+01
   3.4755440e+06   2.3010254e+01
   3.8092610e+06   2.0690918e+01
   3.8092900e+06   2.1484375e+01
   3.8095230e+06   2.0751953e+01
   3.8095540e+06   5.0537109e+01
   3.8095800e+06   2.5390625e+01
   3.8096050e+06   3.4912109e+01
   3.8096800e+06   2.5512695e+01
   4.0072900e+06   2.2949219e+01
   4.0073110e+06   2.6062012e+01
   4.0073400e+06   4.0344238e+01
   4.0073780e+06   3.7048340e+01
   4.0073920e+06   2.2155762e+01
   4.0074190e+06   2.4414063e+01
   4.0074390e+06   2.4047852e+01
   4.0074600e+06   2.1911621e+01
   4.0091990e+06   2.2949219e+01
   4.0092370e+06   2.5817871e+01
   4.0094140e+06   2.3437500e+01
   4.0096020e+06   2.2033691e+01
   4.0096640e+06   2.1057129e+01
   4.0098070e+06   2.3681641e+01
   4.0098410e+06   2.3132324e+01
   4.1810360e+06   2.2399902e+01
   4.1810470e+06   3.5339355e+01
   4.1810820e+06   4.3151855e+01
   4.1810920e+06   3.1616211e+01
   4.1811200e+06   2.1911621e+01
   4.1811340e+06   3.8513184e+01
   4.1811570e+06   2.6367188e+01
   4.1811990e+06   2.6123047e+01
   4.1812340e+06   2.1667480e+01
   4.1830130e+06   2.1057129e+01
   4.1833830e+06   2.2277832e+01
   4.3704990e+06   3.1433105e+01
   4.3705170e+06   2.7954102e+01
   4.3705420e+06   3.9733887e+01
   4.3705760e+06   2.2583008e+01
   4.3706140e+06   2.2888184e+01
   4.3706250e+06   2.2888184e+01
   4.3706410e+06   2.2033691e+01
   4.3720970e+06   2.0935059e+01
   4.3723370e+06   2.1240234e+01
   4.3725290e+06   2.1240234e+01
   4.3725890e+06   2.1362305e+01
   4.3727370e+06   2.2521973e+01
   4.3727930e+06   2.0935059e+01
   4.3728480e+06   2.0751953e+01
   4.5983710e+06   2.0751953e+01
   4.7485360e+06   3.2714844e+01
   4.7485490e+06   4.0039063e+01
   4.7485990e+06   2.2216797e+01
   4.7486220e+06   2.6062012e+01
   4.7486610e+06   2.5207520e+01
   4.7486910e+06   3.1921387e+01
   4.8843550e+06   2.3681641e+01
   4.8843920e+06   2.2094727e+01
   4.8844220e+06   4.4616699e+01
   4.8844390e+06   4.3029785e+01
   4.8844500e+06   2.1728516e+01
   4.8844730e+06   2.8259277e+01
   4.8844960e+06   3.4484863e+01
   4.8845360e+06   2.2644043e+01
   4.8845910e+06   2.1301270e+01
   4.8862360e+06   2.1057129e+01
   4.8863340e+06   3.1250000e+01
   4.8868400e+06   2.0996094e+01
   5.0661900e+06   2.7343750e+01
   5.0662390e+06   5.8349609e+01
   5.0662560e+06   3.7841797e+01
   5.0662870e+06   2.6733398e+01
   5.0663160e+06   2.9357910e+01
   5.0680420e+06   2.1118164e+01
   5.0680750e+06   2.2094727e+01
   5.0682400e+06   2.1667480e+01
   5.0682920e+06   2.2094727e+01
   5.0684290e+06   2.1057129e+01
   5.0685940e+06   2.5756836e+01
   5.0687420e+06   2.1057129e+01
   5.0688490e+06   2.0874023e+01
   5.5809470e+06   2.1423340e+01
   5.5809830e+06   5.5725098e+01
   5.5809940e+06   3.1616211e+01
   5.5810250e+06   2.3803711e+01
   5.5810450e+06   2.1728516e+01
   5.5810760e+06   2.0751953e+01
   5.5828330e+06   2.2155762e+01
   5.5829750e+06   2.1667480e+01
   5.5830480e+06   2.3925781e+01
   5.5831720e+06   2.0812988e+01
   5.5832100e+06   2.2277832e+01
   5.5832710e+06   2.0935059e+01
   5.5834030e+06   2.2216797e+01
   5.5834400e+06   2.4414063e+01
   5.5836940e+06   2.1057129e+01
   5.6082290e+06   2.0568848e+01
   6.1027520e+06   2.1240234e+01
   6.1027790e+06   2.8991699e+01
   6.1028040e+06   4.0283203e+01
   6.1028330e+06   2.5512695e+01
   6.1028700e+06   3.0029297e+01
   6.1028970e+06   2.3803711e+01
   6.1029300e+06   2.3925781e+01
   6.1030060e+06   2.3925781e+01
   6.1046980e+06   2.1179199e+01
   6.1047760e+06   2.0935059e+01
   6.1049250e+06   2.6428223e+01
   6.1049570e+06   2.3437500e+01
   6.1051460e+06   2.1362305e+01
   6.1236740e+06   2.0629883e+01
   6.1237140e+06   2.9296875e+01
   6.1237280e+06   5.2978516e+01
   6.1237680e+06   3.0578613e+01
   6.1237830e+06   2.6428223e+01
   6.1238160e+06   2.3803711e+01
   6.1239460e+06   2.7404785e+01
   6.1239880e+06   2.1484375e+01
   6.1241650e+06   2.3803711e+01
   6.2433770e+06   2.1423340e+01
   6.2640780e+06   2.0751953e+01
   6.2650460e+06   2.3803711e+01
   6.2650760e+06   2.1057129e+01
   6.2650900e+06   2.7526855e+01
   6.2651190e+06   2.4658203e+01
   6.2651310e+06   2.0812988e+01
   6.2651650e+06   2.0812988e+01
   6.2651840e+06   2.8991699e+01
   6.2652220e+06   2.0874023e+01
   6.2652640e+06   2.5207520e+01
   6.2669380e+06   2.2460938e+01
   6.2672520e+06   2.1606445e+01
   6.2673300e+06   2.7221680e+01
   6.4704530e+06   2.2644043e+01
   6.5325490e+06   2.8076172e+01
   6.5325770e+06   4.7180176e+01
   6.5325960e+06   4.5837402e+01
   6.5326280e+06   2.7648926e+01
   6.5326610e+06   2.4658203e+01
   6.5341260e+06   2.0507813e+01
   6.5344770e+06   2.8198242e+01
   6.5345790e+06   2.0935059e+01
   6.5346480e+06   2.0751953e+01
   6.5347950e+06   2.1484375e+01
   7.1946980e+06   4.4616699e+01
   7.1947100e+06   8.5571289e+01
   7.1947480e+06   2.6000977e+01
   7.1947850e+06   2.1179199e+01
   7.1948380e+06   2.2460938e+01
   7.1964820e+06   2.0996094e+01
   7.1967120e+06   2.0385742e+01
   7.1969190e+06   2.0568848e+01
   7.1969570e+06   2.0996094e+01
   7.1970060e+06   2.4108887e+01
   7.1972170e+06   2.2155762e+01
   7.1972290e+06   2.2033691e+01
   7.1974300e+06   2.1240234e+01
   7.1975740e+06   2.0629883e+01
   7.5475820e+06   2.0324707e+01
   7.7592540e+06   3.1860352e+01
   7.7592810e+06   4.2602539e+01
   7.7592970e+06   4.1809082e+01
   7.7593110e+06   2.9357910e+01
   7.7593290e+06   2.4108887e+01
   7.7593470e+06   3.8696289e+01
   7.7593920e+06   2.2216797e+01
   7.7594320e+06   2.3437500e+01
   7.7611760e+06   2.3559570e+01
   7.7612200e+06   2.0690918e+01
   7.7614260e+06   2.0507813e+01
   7.7614950e+06   2.0751953e+01
   7.7615910e+06   2.3376465e+01
   7.7616440e+06   2.2094727e+01
   7.7617500e+06   2.1179199e+01
   7.7619620e+06   2.0996094e+01
   8.1875900e+06   2.0751953e+01
   8.2330560e+06   2.3498535e+01
   8.2330870e+06   4.7546387e+01
   8.2331040e+06   3.0639648e+01
   8.2331520e+06   2.5024414e+01
   8.2331690e+06   2.1118164e+01
   8.2331860e+06   2.5939941e+01
   8.2332110e+06   3.9001465e+01
   8.2347410e+06   2.2583008e+01
   8.2349760e+06   2.0629883e+01
   8.2352190e+06   2.1545410e+01
   8.2355410e+06   2.0324707e+01
   8.3265590e+06   2.3315430e+01
   8.3496800e+06   3.4973145e+01
   8.3496930e+06   3.9733887e+01
   8.3497150e+06   2.3986816e+01
   8.3497600e+06   2.0446777e+01
   8.3498400e+06   2.1972656e+01
   8.3513300e+06   2.1728516e+01
   8.3514880e+06   2.3010254e+01
   8.3515700e+06   2.2705078e+01
   8.3521620e+06   2.4230957e+01
   8.8829700e+06   2.0751953e+01
   8.8830060e+06   3.4301758e+01
   8.8830170e+06   3.4240723e+01
   8.8830730e+06   2.2644043e+01
   8.8831030e+06   2.8198242e+01
   8.8831380e+06   2.3315430e+01
   8.8848150e+06   2.1789551e+01
   8.8854390e+06   2.4169922e+01
   8.8865490e+06   2.0751953e+01
   9.1259340e+06   2.0812988e+01
   9.5902870e+06   2.4658203e+01
   9.5903250e+06   2.2460938e+01
   9.5903380e+06   4.4921875e+01
   9.5903590e+06   2.0935059e+01
   9.5903840e+06   2.4475098e+01
   9.5904100e+06   2.1728516e+01
   9.5904500e+06   2.1057129e+01
   9.8124660e+06   2.2155762e+01
   9.8125050e+06   3.6437988e+01
   9.8125350e+06   3.8940430e+01
   9.8125530e+06   2.4353027e+01
   9.8125910e+06   2.3315430e+01
   9.8126170e+06   2.1545410e+01
   9.8126680e+06   2.2094727e+01
   9.8141440e+06   2.1301270e+01
   9.8141800e+06   2.0935059e+01
   9.8145080e+06   2.0751953e+01
   9.8148920e+06   2.0568848e+01
   9.9831360e+06   3.6865234e+01
   9.9831470e+06   3.6560059e+01
   9.9831820e+06   3.2165527e+01
   9.9832000e+06   2.1972656e+01
   9.9832280e+06   2.7648926e+01
   9.9832690e+06   2.1484375e+01
   9.9832980e+06   2.2460938e+01
   9.9853350e+06   2.1240234e+01
   1.0051389e+07   2.7770996e+01
   1.0051422e+07   3.4790039e+01
   1.0051440e+07   3.5705566e+01
   1.0051454e+07   4.3701172e+01
   1.0051502e+07   2.5390625e+01
   1.0052951e+07   2.1484375e+01
   1.0053050e+07   2.2949219e+01
   1.0053110e+07   2.6611328e+01
   1.0053218e+07   2.3132324e+01
   1.0053639e+07   2.1667480e+01
   1.0119306e+07   2.8076172e+01
   1.0119334e+07   2.6000977e+01
   1.0119349e+07   3.0883789e+01
   1.0119389e+07   2.6000977e+01
   1.0119415e+07   2.3315430e+01
   1.0119492e+07   2.0874023e+01
   1.0120966e+07   2.3620605e+01
   1.0121066e+07   2.0751953e+01
   1.0121463e+07   2.6794434e+01
   1.0121524e+07   2.0690918e+01
   1.1177090e+07   2.6000977e+01
   1.1177114e+07   4.1687012e+01
   1.1177138e+07   2.4841309e+01
   1.1177210e+07   2.2399902e+01
   1.1177235e+07   2.1606445e+01
   1.1178869e+07   2.1057129e+01
   1.1179468e+07   2.5329590e+01
   1.1276075e+07   2.2277832e+01
   1.1729161e+07   3.5705566e+01
   1.1729175e+07   3.4179688e+01
   1.1729195e+07   2.1911621e+01
   1.1729212e+07   2.1179199e+01
   1.1729243e+07   3.4057617e+01
   1.1729301e+07   2.9785156e+01
   1.1731225e+07   2.1118164e+01
