   1.1999000e+07   0.0000000e+00
   9.5112000e+04   1.9958496e+01
   1.3586000e+05   2.5207520e+01
   2.5075100e+05   2.7832031e+01
   2.5076800e+05   1.7883301e+01
   2.5456600e+05   1.8066406e+01
   2.5513900e+05   1.8432617e+01
   2.5620000e+05   1.8798828e+01
   2.5649100e+05   1.8676758e+01
   2.6239700e+05   1.9104004e+01
   3.8072300e+05   2.4353027e+01
   4.1930500e+05   1.9042969e+01
   4.4325400e+05   2.5817871e+01
   4.5690300e+05   1.8737793e+01
   4.6209300e+05   1.9165039e+01
   4.6609800e+05   1.9226074e+01
   4.6697000e+05   1.7822266e+01
   4.6751400e+05   1.9836426e+01
   5.8444400e+05   2.5756836e+01
   5.8453600e+05   2.5817871e+01
   5.9249400e+05   1.9348145e+01
   5.9284300e+05   1.8493652e+01
   5.9414500e+05   2.2155762e+01
   5.9483500e+05   1.8432617e+01
   9.1712900e+05   2.3071289e+01
   9.1718800e+05   2.0324707e+01
   9.1910000e+05   1.7822266e+01
   9.1995800e+05   1.8310547e+01
   9.2087300e+05   1.8615723e+01
   9.2116100e+05   2.0263672e+01
   9.2216300e+05   1.8188477e+01
   9.2252700e+05   1.8066406e+01
   1.1008240e+06   2.4841309e+01
   1.1008350e+06   1.8127441e+01
   1.1009030e+06   2.0019531e+01
   1.1024940e+06   2.0263672e+01
   1.1035610e+06   1.8676758e+01
   1.1046660e+06   1.9470215e+01
   1.1051890e+06   1.7883301e+01
   1.1302010e+06   2.6123047e+01
   1.1322260e+06   1.8676758e+01
   1.1325480e+06   2.0568848e+01
   1.1328210e+06   1.7944336e+01
   1.1331560e+06   1.7883301e+01
   1.1334760e+06   1.9287109e+01
   1.1338970e+06   1.8249512e+01
   1.1342690e+06   1.9165039e+01
   1.1346220e+06   1.7944336e+01
   1.1353990e+06   1.8188477e+01
   1.1361790e+06   1.8371582e+01
   1.2120590e+06   2.9663086e+01
   1.2142150e+06   2.0446777e+01
   1.2145290e+06   2.1606445e+01
   1.2148780e+06   2.1667480e+01
   1.2152310e+06   1.9104004e+01
   1.2156380e+06   1.8371582e+01
   1.2161540e+06   2.1118164e+01
   1.2835320e+06   2.1606445e+01
   1.2849800e+06   1.8737793e+01
   1.2852370e+06   1.8188477e+01
   1.2855340e+06   1.8676758e+01
   1.2858600e+06   1.9226074e+01
   1.2865540e+06   2.2949219e+01
   1.2871290e+06   1.9287109e+01
   1.2879140e+06   2.0812988e+01
   1.3408450e+06   2.2949219e+01
   1.3854970e+06   2.8015137e+01
   1.3856020e+06   2.3193359e+01
   1.3870520e+06   1.7883301e+01
   1.3878760e+06   1.9348145e+01
   1.3885770e+06   2.1789551e+01
   1.3891760e+06   2.5024414e+01
   1.6586410e+06   2.7709961e+01
   1.6587160e+06   1.9592285e+01
   1.6602830e+06   1.8798828e+01
   1.6605470e+06   1.8066406e+01
   1.6610490e+06   1.8188477e+01
   1.6620990e+06   2.3620605e+01
   1.9251390e+06   2.4719238e+01
   1.9252170e+06   1.7822266e+01
   1.9263750e+06   1.8005371e+01
   1.9268850e+06   2.1484375e+01
   1.9273700e+06   1.8859863e+01
   1.9276060e+06   1.9104004e+01
   1.9285360e+06   2.0996094e+01
   1.9292400e+06   2.1606445e+01
   1.9296300e+06   1.8127441e+01
   1.9305620e+06   1.8371582e+01
   2.1220860e+06   2.6428223e+01
   2.1247230e+06   1.8493652e+01
   2.1250200e+06   1.8493652e+01
   2.1253710e+06   1.9897461e+01
   2.1256820e+06   1.8676758e+01
   2.1260020e+06   1.8554688e+01
   2.1267560e+06   1.8981934e+01
   2.1272270e+06   2.2644043e+01
   2.1276320e+06   1.9226074e+01
   2.2700500e+06   3.1250000e+01
   2.2701240e+06   1.8737793e+01
   2.2872810e+06   2.3803711e+01
   2.2907740e+06   1.8493652e+01
   2.2911410e+06   1.8066406e+01
   2.2915710e+06   1.8615723e+01
   2.2921280e+06   1.8127441e+01
   2.5752110e+06   1.9531250e+01
   2.5752300e+06   2.5573730e+01
   2.5753100e+06   1.9165039e+01
   2.5772010e+06   1.8310547e+01
   2.5774650e+06   1.8981934e+01
   2.5778000e+06   2.2705078e+01
   2.5780850e+06   2.1545410e+01
   2.5794420e+06   2.1423340e+01
   2.5798510e+06   1.9653320e+01
   2.5808950e+06   1.9592285e+01
   2.8701340e+06   2.8381348e+01
   2.8702130e+06   2.0751953e+01
   2.8717080e+06   1.8798828e+01
   2.8735390e+06   2.1362305e+01
   2.8747930e+06   2.0080566e+01
   2.8750760e+06   1.7944336e+01
   2.8753990e+06   1.9348145e+01
   2.8757520e+06   1.8005371e+01
   2.8761600e+06   1.7822266e+01
   2.8765290e+06   2.0141602e+01
   2.8774480e+06   1.9836426e+01
   3.0365700e+06   2.8442383e+01
   3.0366490e+06   1.8493652e+01
   3.0381300e+06   2.1789551e+01
   3.0437700e+06   2.1911621e+01
   3.0457810e+06   1.8005371e+01
   3.0461060e+06   1.8188477e+01
   3.0467320e+06   1.7639160e+01
   3.0473920e+06   1.9836426e+01
   3.0493420e+06   2.0507813e+01
   3.2105700e+06   1.9958496e+01
   3.2106520e+06   2.2216797e+01
   3.2122320e+06   1.8798828e+01
   3.2125040e+06   1.9531250e+01
   3.2128030e+06   1.7944336e+01
   3.2130960e+06   2.1423340e+01
   3.2133310e+06   2.0263672e+01
   3.2138630e+06   2.1545410e+01
   3.2141660e+06   2.1911621e+01
   3.2145000e+06   1.7944336e+01
   3.2151670e+06   1.7761230e+01
   3.2154780e+06   1.8859863e+01
   3.2158610e+06   1.7578125e+01
   3.2162430e+06   1.8615723e+01
   3.2165940e+06   1.7639160e+01
   3.2170250e+06   2.1545410e+01
   3.2175250e+06   1.8371582e+01
   3.4077910e+06   2.4475098e+01
   3.4078850e+06   1.8920898e+01
   3.4090950e+06   1.7700195e+01
   3.4093380e+06   2.0629883e+01
   3.4098550e+06   1.9531250e+01
   3.4143500e+06   2.0202637e+01
   3.4156820e+06   1.8737793e+01
   3.4164250e+06   1.7700195e+01
   3.4174690e+06   1.8859863e+01
   3.8096310e+06   3.0029297e+01
   3.8115010e+06   2.0568848e+01
   3.8119830e+06   2.0202637e+01
   3.8122100e+06   1.7639160e+01
   3.8125000e+06   1.7883301e+01
   3.8130750e+06   2.1484375e+01
   3.8142690e+06   1.8371582e+01
   3.8148850e+06   1.8981934e+01
   3.8157050e+06   1.9836426e+01
   3.8161540e+06   2.2338867e+01
   3.8166940e+06   1.7883301e+01
   4.0074850e+06   3.2775879e+01
   4.0088390e+06   2.0812988e+01
   4.0091610e+06   2.0080566e+01
   4.0094260e+06   1.9653320e+01
   4.0160700e+06   1.9226074e+01
   4.0195340e+06   1.8310547e+01
   4.1812160e+06   2.7770996e+01
   4.1827570e+06   2.3071289e+01
   4.1830410e+06   2.1545410e+01
   4.1833320e+06   1.8066406e+01
   4.1835830e+06   1.8188477e+01
   4.1839210e+06   2.0507813e+01
   4.1842850e+06   1.9226074e+01
   4.3704540e+06   3.0456543e+01
   4.3705440e+06   2.2094727e+01
   4.3721070e+06   1.8310547e+01
   4.3727940e+06   1.8554688e+01
   4.3778600e+06   2.1118164e+01
   4.3782330e+06   1.9287109e+01
   4.3791090e+06   1.8371582e+01
   4.7486640e+06   2.5878906e+01
   4.7487500e+06   1.8798828e+01
   4.7504070e+06   1.7822266e+01
   4.7532760e+06   1.7761230e+01
   4.7536350e+06   1.9592285e+01
   4.7540510e+06   1.9104004e+01
   4.7550030e+06   2.0385742e+01
   4.8825270e+06   1.8493652e+01
   4.8845730e+06   2.4353027e+01
   4.8846620e+06   2.1484375e+01
   4.8857020e+06   1.9531250e+01
   4.8869060e+06   1.8676758e+01
   4.8963460e+06   1.8432617e+01
   4.8966920e+06   1.7578125e+01
   5.0661210e+06   2.3254395e+01
   5.0662370e+06   2.0812988e+01
   5.0675630e+06   1.7944336e+01
   5.0678280e+06   1.8554688e+01
   5.0690990e+06   2.3376465e+01
   5.0700820e+06   1.8127441e+01
   5.1823220e+06   1.8005371e+01
   5.5811100e+06   3.3264160e+01
   5.5828820e+06   2.0080566e+01
   5.5876000e+06   1.7883301e+01
   5.5892240e+06   1.8493652e+01
   5.5896360e+06   1.9531250e+01
   5.5899490e+06   1.7761230e+01
   5.5903870e+06   2.2094727e+01
   6.1029260e+06   3.4240723e+01
   6.1030020e+06   2.1911621e+01
   6.1044560e+06   1.8615723e+01
   6.1088350e+06   1.8493652e+01
   6.1128440e+06   1.9165039e+01
   6.1131820e+06   1.8249512e+01
   6.1135380e+06   2.1057129e+01
   6.1239170e+06   2.1972656e+01
   6.1267960e+06   1.8371582e+01
   6.1286890e+06   1.8615723e+01
   6.1298300e+06   2.4353027e+01
   6.1307780e+06   1.8249512e+01
   6.2651840e+06   2.4658203e+01
   6.2652740e+06   1.8066406e+01
   6.2670910e+06   2.0629883e+01
   6.2676470e+06   2.0874023e+01
   6.2681310e+06   1.9775391e+01
   6.2689340e+06   1.8615723e+01
   6.2700320e+06   1.9714355e+01
   6.2712710e+06   1.8249512e+01
   6.2721900e+06   1.8920898e+01
   6.2728200e+06   1.8859863e+01
   6.2740710e+06   2.0568848e+01
   6.2744160e+06   1.8615723e+01
   6.2748290e+06   1.8432617e+01
   6.2754010e+06   1.8432617e+01
   6.5083700e+06   1.7944336e+01
   6.5324320e+06   1.8798828e+01
   6.5325480e+06   2.1606445e+01
   6.5340970e+06   1.7944336e+01
   6.5343090e+06   1.9897461e+01
   6.5347890e+06   1.9531250e+01
   6.5411790e+06   1.8554688e+01
   6.5415160e+06   1.8554688e+01
   7.1948440e+06   1.7944336e+01
   7.1948580e+06   3.1372070e+01
   7.1966400e+06   1.9592285e+01
   7.2003200e+06   1.8066406e+01
   7.2006040e+06   1.8127441e+01
   7.2020570e+06   1.9409180e+01
   7.2039530e+06   1.8005371e+01
   7.2053270e+06   2.0751953e+01
   7.7593710e+06   2.6794434e+01
   7.7594510e+06   2.0080566e+01
   7.7607290e+06   1.8615723e+01
   7.7611630e+06   1.8127441e+01
   7.7669390e+06   1.8249512e+01
   7.7687100e+06   1.7944336e+01
   7.7711680e+06   1.8859863e+01
   7.7716610e+06   1.9958496e+01
   8.2332000e+06   2.9663086e+01
   8.2332770e+06   2.0568848e+01
   8.2345750e+06   1.9958496e+01
   8.2391920e+06   1.7700195e+01
   8.2397250e+06   1.8005371e+01
   8.2400310e+06   2.2521973e+01
   8.2423280e+06   1.8066406e+01
   8.2426520e+06   1.9042969e+01
   8.2433500e+06   1.9897461e+01
   8.2444660e+06   1.8615723e+01
   8.2452400e+06   1.8676758e+01
   8.2458100e+06   2.4291992e+01
   8.3497660e+06   2.9663086e+01
   8.3498570e+06   2.4536133e+01
   8.3507510e+06   1.8859863e+01
   8.3509580e+06   2.0812988e+01
   8.3580960e+06   1.8066406e+01
   8.3618060e+06   1.9592285e+01
   8.3622880e+06   1.8249512e+01
   8.3628820e+06   1.8005371e+01
   8.8831500e+06   2.9724121e+01
   8.8850100e+06   1.8188477e+01
   8.8878510e+06   1.8920898e+01
   8.8905950e+06   1.8127441e+01
   8.8917360e+06   1.7700195e+01
   8.8921150e+06   1.8188477e+01
   8.8934450e+06   1.9287109e+01
   9.5904070e+06   3.1494141e+01
   9.5977050e+06   1.8005371e+01
   9.5993420e+06   1.9042969e+01
   9.5996970e+06   1.8859863e+01
   9.6004500e+06   1.8249512e+01
   9.6008840e+06   2.1789551e+01
   9.6021840e+06   2.0385742e+01
   9.8125050e+06   2.4719238e+01
   9.8125980e+06   2.3315430e+01
   9.8142150e+06   1.9836426e+01
   9.8169210e+06   2.0996094e+01
   9.8174650e+06   1.8493652e+01
   9.8186040e+06   2.0324707e+01
   9.8196640e+06   2.0996094e+01
   9.8209330e+06   1.8859863e+01
   9.8221820e+06   2.0690918e+01
   9.8224910e+06   1.8676758e+01
   9.8228600e+06   1.8554688e+01
   9.8238960e+06   1.8798828e+01
   9.8242600e+06   1.8188477e+01
   9.9530630e+06   1.8005371e+01
   9.9831460e+06   2.8686523e+01
   9.9848050e+06   1.8432617e+01
   9.9873580e+06   1.8737793e+01
   9.9878740e+06   1.8920898e+01
   9.9896970e+06   2.0751953e+01
   9.9900370e+06   1.7639160e+01
   9.9910920e+06   2.1240234e+01
   9.9918130e+06   2.2094727e+01
   9.9921640e+06   1.8066406e+01
   9.9926220e+06   1.8005371e+01
   9.9932480e+06   1.8859863e+01
   1.0051367e+07   2.5756836e+01
   1.0051399e+07   1.7700195e+01
   1.0051478e+07   2.0141602e+01
   1.0052665e+07   1.8127441e+01
   1.0052906e+07   1.9348145e+01
   1.0053134e+07   1.8615723e+01
   1.0053333e+07   2.3315430e+01
   1.0055047e+07   1.8554688e+01
   1.0055665e+07   1.9409180e+01
   1.0055978e+07   1.7883301e+01
   1.0056565e+07   2.0568848e+01
   1.0057648e+07   1.8676758e+01
   1.0058074e+07   1.7639160e+01
   1.0058574e+07   1.9409180e+01
   1.0059070e+07   1.9348145e+01
   1.0119410e+07   2.5756836e+01
   1.0120371e+07   1.7761230e+01
   1.0120597e+07   1.7639160e+01
   1.0122292e+07   1.7639160e+01
   1.0123479e+07   1.9226074e+01
   1.0123900e+07   2.2460938e+01
   1.0124288e+07   1.9165039e+01
   1.0124918e+07   1.9775391e+01
   1.1177076e+07   2.9357910e+01
   1.1177159e+07   1.8066406e+01
   1.1178739e+07   1.9348145e+01
   1.1182301e+07   1.9104004e+01
   1.1182581e+07   1.8737793e+01
   1.1183196e+07   1.9042969e+01
   1.1183490e+07   1.7761230e+01
   1.1184123e+07   1.9226074e+01
   1.1184808e+07   2.0141602e+01
   1.1185142e+07   1.8188477e+01
   1.1185573e+07   2.1362305e+01
   1.1186325e+07   1.8798828e+01
   1.1729259e+07   3.0578613e+01
   1.1729341e+07   2.2766113e+01
   1.1735821e+07   2.0141602e+01
   1.1736423e+07   1.8188477e+01
   1.1737012e+07   1.9409180e+01
   1.1737368e+07   1.8554688e+01
   1.1737718e+07   2.1789551e+01
   1.1738080e+07   1.9287109e+01
   1.1738481e+07   1.8005371e+01
   1.1739655e+07   1.8127441e+01
   1.1740075e+07   1.8310547e+01
   1.1740546e+07   2.2766113e+01
   1.1741261e+07   1.9653320e+01
