   1.1999000e+07   0.0000000e+00
   2.5083200e+05   2.7221680e+01
   2.5084700e+05   2.4414063e+01
   2.5099000e+05   2.0874023e+01
   2.5269400e+05   2.0812988e+01
   2.5308600e+05   1.9592285e+01
   4.4335100e+05   3.6132813e+01
   4.4336400e+05   2.1545410e+01
   4.4339200e+05   1.9897461e+01
   4.4341100e+05   2.2033691e+01
   4.4353100e+05   2.4291992e+01
   4.4517000e+05   2.3376465e+01
   4.6194000e+05   2.2888184e+01
   4.6198500e+05   1.9714355e+01
   4.6200100e+05   2.3742676e+01
   5.8340800e+05   1.9470215e+01
   5.8451000e+05   2.7221680e+01
   5.8454800e+05   2.0324707e+01
   5.8456500e+05   2.1057129e+01
   5.8584300e+05   2.2705078e+01
   7.0043500e+05   1.9409180e+01
   9.1698500e+05   2.6306152e+01
   9.1700600e+05   2.4780273e+01
   9.1702500e+05   2.7648926e+01
   9.1706900e+05   1.9958496e+01
   1.1007040e+06   2.1728516e+01
   1.1007210e+06   2.5451660e+01
   1.1029380e+06   1.9348145e+01
   1.1029740e+06   2.0141602e+01
   1.1300660e+06   1.9775391e+01
   1.1301390e+06   1.9653320e+01
   1.2119260e+06   2.3193359e+01
   1.2119560e+06   2.3315430e+01
   1.2120000e+06   2.3925781e+01
   1.2835200e+06   2.0751953e+01
   1.2835840e+06   2.0751953e+01
   1.3855410e+06   2.2521973e+01
   1.3855550e+06   3.3935547e+01
   1.3855900e+06   2.2277832e+01
   1.3856060e+06   2.1789551e+01
   1.3856600e+06   1.9409180e+01
   1.5120400e+06   2.0385742e+01
   1.6584740e+06   2.6855469e+01
   1.6585330e+06   2.4780273e+01
   1.9249720e+06   3.0151367e+01
   1.9249820e+06   2.9541016e+01
   1.9250120e+06   2.0629883e+01
   1.9251080e+06   2.1301270e+01
   2.1218620e+06   2.4719238e+01
   2.1791750e+06   1.9470215e+01
   2.2698530e+06   2.3071289e+01
   2.2698700e+06   2.2949219e+01
   2.2699140e+06   2.5146484e+01
   2.2699690e+06   2.3193359e+01
   2.2718640e+06   2.1301270e+01
   2.2719520e+06   1.9592285e+01
   2.2870720e+06   2.2338867e+01
   2.2871010e+06   3.2897949e+01
   2.2871310e+06   2.1301270e+01
   2.2871680e+06   2.0141602e+01
   2.5750790e+06   2.0141602e+01
   2.5751110e+06   1.9714355e+01
   2.5751210e+06   2.0141602e+01
   2.5751600e+06   3.0212402e+01
   2.5752000e+06   2.0141602e+01
   2.5752760e+06   2.1057129e+01
   2.8699750e+06   2.0751953e+01
   2.8699980e+06   2.5817871e+01
   2.8700290e+06   2.4780273e+01
   3.0363950e+06   2.3254395e+01
   3.0364110e+06   2.2521973e+01
   3.0364410e+06   2.7221680e+01
   3.0364520e+06   1.9287109e+01
   3.1498770e+06   2.0263672e+01
   3.2103810e+06   1.9836426e+01
   3.2104170e+06   2.1728516e+01
   3.2104530e+06   2.2216797e+01
   3.2104790e+06   1.9531250e+01
   3.2105060e+06   2.0080566e+01
   3.2123670e+06   2.1667480e+01
   3.2124810e+06   1.9714355e+01
   3.2132640e+06   1.9165039e+01
   3.4078630e+06   3.1188965e+01
   3.4078750e+06   3.5766602e+01
   3.7624840e+06   1.9714355e+01
   3.8092390e+06   1.9287109e+01
   3.8095070e+06   2.0751953e+01
   3.8095450e+06   2.6062012e+01
   3.8095560e+06   2.8930664e+01
   3.9164470e+06   1.9592285e+01
   4.0072250e+06   2.0874023e+01
   4.0072960e+06   2.9296875e+01
   4.0073160e+06   2.4963379e+01
   4.0073450e+06   1.9104004e+01
   4.0074500e+06   2.0080566e+01
   4.1810250e+06   2.1728516e+01
   4.1810610e+06   2.8503418e+01
   4.1810960e+06   1.9409180e+01
   4.1811100e+06   2.6916504e+01
   4.1812970e+06   1.9836426e+01
   4.1828100e+06   1.9775391e+01
   4.1829390e+06   2.2216797e+01
   4.3705160e+06   2.6184082e+01
   4.3705290e+06   2.6245117e+01
   4.3705770e+06   2.5024414e+01
   4.3708010e+06   2.2277832e+01
   4.3720290e+06   1.9348145e+01
   4.3857200e+06   1.9653320e+01
   4.4332260e+06   2.0629883e+01
   4.6492760e+06   2.0202637e+01
   4.7485370e+06   2.9235840e+01
   4.7485580e+06   2.5329590e+01
   4.7485830e+06   2.8625488e+01
   4.8843670e+06   2.4597168e+01
   4.8844080e+06   2.9846191e+01
   4.8844200e+06   2.1484375e+01
   4.8844590e+06   2.3254395e+01
   4.8851310e+06   1.9165039e+01
   4.8854970e+06   1.9348145e+01
   4.8865550e+06   1.9226074e+01
   4.9652440e+06   1.9775391e+01
   5.0662240e+06   2.2705078e+01
   5.0662430e+06   2.6489258e+01
   5.0662690e+06   2.3864746e+01
   5.0662850e+06   2.1911621e+01
   5.0662950e+06   1.9226074e+01
   5.0663380e+06   1.9348145e+01
   5.0683140e+06   2.0874023e+01
   5.3938030e+06   2.0568848e+01
   5.5809600e+06   2.0568848e+01
   5.5809800e+06   3.3752441e+01
   5.5810190e+06   2.2766113e+01
   5.5810350e+06   2.9785156e+01
   5.5833350e+06   1.9165039e+01
   6.1027720e+06   2.8137207e+01
   6.1027910e+06   3.0578613e+01
   6.1236580e+06   2.4780273e+01
   6.1251320e+06   2.1118164e+01
   6.2307740e+06   1.9287109e+01
   6.2650590e+06   2.1240234e+01
   6.2650790e+06   1.9897461e+01
   6.2651430e+06   2.2705078e+01
   6.2652540e+06   2.1789551e+01
   6.3447110e+06   1.9531250e+01
   6.4234300e+06   1.9409180e+01
   6.5325670e+06   2.9602051e+01
   6.5325800e+06   2.9235840e+01
   6.5326350e+06   2.1667480e+01
   6.5329400e+06   1.9287109e+01
   6.5344720e+06   2.0507813e+01
   6.9227100e+06   1.9714355e+01
   7.0113570e+06   1.9348145e+01
   7.1946400e+06   2.2827148e+01
   7.1946620e+06   2.0751953e+01
   7.1946990e+06   2.1850586e+01
   7.1947760e+06   2.0629883e+01
   7.1948110e+06   1.9348145e+01
   7.1948520e+06   1.9653320e+01
   7.1965400e+06   1.9653320e+01
   7.1974030e+06   2.2949219e+01
   7.7592590e+06   2.6062012e+01
   7.7592800e+06   2.0874023e+01
   7.7593780e+06   2.5390625e+01
   7.7595600e+06   1.9348145e+01
   7.7609040e+06   2.1301270e+01
   7.7616270e+06   1.9348145e+01
   7.9635550e+06   2.0263672e+01
   8.2043730e+06   1.9775391e+01
   8.2330720e+06   2.2644043e+01
   8.2330940e+06   2.9052734e+01
   8.2331070e+06   1.9836426e+01
   8.2331500e+06   2.4230957e+01
   8.2351060e+06   1.9958496e+01
   8.3495110e+06   2.2094727e+01
   8.3496990e+06   2.5085449e+01
   8.3497430e+06   1.9653320e+01
   8.3498920e+06   1.9409180e+01
   8.8829450e+06   1.9531250e+01
   8.8830010e+06   2.6977539e+01
   8.8830170e+06   2.8686523e+01
   8.8830620e+06   2.2155762e+01
   8.8831440e+06   2.1545410e+01
   8.9026350e+06   1.9287109e+01
   8.9885990e+06   2.0080566e+01
   9.5903150e+06   2.9235840e+01
   9.5903340e+06   2.7893066e+01
   9.5903910e+06   2.2888184e+01
   9.5904590e+06   2.2460937e+01
   9.5925050e+06   2.3010254e+01
   9.6217330e+06   2.1606445e+01
   9.8125040e+06   2.6672363e+01
   9.8125210e+06   2.4475098e+01
   9.8125500e+06   2.2338867e+01
   9.9831560e+06   3.6865234e+01
   9.9831710e+06   2.1667480e+01
   9.9832070e+06   2.3010254e+01
   9.9854480e+06   1.9531250e+01
   1.0051426e+07   3.2470703e+01
   1.0051458e+07   2.5573730e+01
   1.0053224e+07   2.1484375e+01
   1.0119322e+07   1.9348145e+01
   1.0119355e+07   2.2827148e+01
   1.0119393e+07   2.0324707e+01
   1.0631230e+07   1.9592285e+01
   1.1177117e+07   2.4414063e+01
   1.1177135e+07   2.8869629e+01
   1.1177166e+07   1.9409180e+01
   1.1435924e+07   1.9775391e+01
   1.1538716e+07   1.9287109e+01
   1.1729151e+07   2.1789551e+01
   1.1729173e+07   2.1728516e+01
   1.1729196e+07   2.1606445e+01
