   1.1999000e+07   0.0000000e+00
   2.7942000e+06   1.6357422e+01
   4.0986120e+06   1.6906738e+01
   5.2360600e+06   1.6479492e+01
   5.8488180e+06   1.7150879e+01
   5.9358490e+06   1.6723633e+01
   5.9488870e+06   1.6906738e+01
   5.9589350e+06   1.6906738e+01
   5.9592280e+06   1.6906738e+01
   5.9638210e+06   1.6662598e+01
   6.0132010e+06   1.6723633e+01
   6.1412080e+06   1.6662598e+01
   6.1507320e+06   1.6662598e+01
   6.3737320e+06   1.7700195e+01
   6.3974520e+06   1.8920898e+01
   6.4282590e+06   1.7333984e+01
   6.4522660e+06   1.7639160e+01
   6.5205220e+06   1.7150879e+01
   6.5334170e+06   1.6845703e+01
   6.5387050e+06   1.7578125e+01
   7.0324000e+06   1.6601563e+01
   7.2724030e+06   1.6601563e+01
   7.2772800e+06   1.6540527e+01
   7.2918530e+06   1.6540527e+01
   7.2933960e+06   1.7395020e+01
   7.3461000e+06   1.8188477e+01
   7.3535120e+06   1.8798828e+01
   7.3551060e+06   1.6784668e+01
   7.3598700e+06   1.7639160e+01
   7.3622800e+06   1.6784668e+01
   7.3665140e+06   1.7883301e+01
   7.3719150e+06   1.6784668e+01
   7.3763740e+06   1.6540527e+01
   7.3815620e+06   1.7150879e+01
   7.3855990e+06   1.7883301e+01
   7.3884720e+06   1.8005371e+01
   7.3893080e+06   1.7028809e+01
   7.3935020e+06   1.7761230e+01
   7.4038130e+06   1.7944336e+01
   7.4045870e+06   1.7150879e+01
   7.4094930e+06   1.6845703e+01
   7.4101760e+06   1.6723633e+01
   7.4162720e+06   1.7395020e+01
   7.4196120e+06   1.6845703e+01
   7.4221960e+06   1.7395020e+01
   7.4235780e+06   1.6723633e+01
   7.4297750e+06   1.8737793e+01
   7.4351030e+06   1.9592285e+01
   7.4355930e+06   1.7333984e+01
   7.4358740e+06   1.6784668e+01
   7.4385230e+06   1.6540527e+01
   7.4393840e+06   1.6784668e+01
   7.4409530e+06   1.6540527e+01
   7.4425060e+06   1.7089844e+01
   7.4436040e+06   1.8127441e+01
   7.4446490e+06   1.8188477e+01
   7.4449710e+06   1.6662598e+01
   7.4472020e+06   1.6845703e+01
   7.4498420e+06   1.9409180e+01
   7.4578600e+06   1.6540527e+01
   7.4586260e+06   1.6662598e+01
   7.4689990e+06   1.6906738e+01
   7.4699350e+06   1.8188477e+01
   7.4843520e+06   1.7578125e+01
   7.4891650e+06   1.6601563e+01
   7.4983100e+06   1.7089844e+01
   7.4999340e+06   1.6967773e+01
   7.5078940e+06   1.7822266e+01
   7.5141540e+06   1.6601563e+01
   7.5212090e+06   1.7456055e+01
   7.5245940e+06   1.6784668e+01
   7.5278350e+06   1.7822266e+01
   7.5450170e+06   1.6845703e+01
   7.5503660e+06   1.6845703e+01
   7.5504170e+06   1.6723633e+01
   7.5581750e+06   1.7395020e+01
   7.5683510e+06   1.8127441e+01
   7.5903180e+06   1.6601563e+01
   7.5923050e+06   1.9042969e+01
   7.5934520e+06   1.7150879e+01
   7.5963200e+06   1.6784668e+01
   7.6009990e+06   1.6723633e+01
   7.6074640e+06   1.7761230e+01
   7.6083860e+06   1.6540527e+01
   7.6528480e+06   1.6601563e+01
   7.7029850e+06   1.6967773e+01
   7.7368870e+06   1.6723633e+01
   7.7372730e+06   1.7822266e+01
   7.7558980e+06   1.8371582e+01
   7.7593850e+06   1.7211914e+01
   7.7615200e+06   1.6845703e+01
   7.7619800e+06   1.7944336e+01
   7.7659500e+06   1.7211914e+01
   7.7708150e+06   1.8676758e+01
   7.7767490e+06   1.7456055e+01
   7.7860560e+06   1.8005371e+01
   7.7942030e+06   1.6540527e+01
   7.7950960e+06   1.6662598e+01
   7.7956090e+06   1.6967773e+01
   7.7975930e+06   1.7944336e+01
   7.8000970e+06   1.6662598e+01
   7.8021200e+06   1.8920898e+01
   7.8025340e+06   1.6967773e+01
   7.8040700e+06   1.7883301e+01
   7.8090250e+06   1.7395020e+01
   7.8116930e+06   1.6906738e+01
   7.8126290e+06   1.8188477e+01
   7.8149530e+06   1.6784668e+01
   7.8171680e+06   1.7517090e+01
   7.8186600e+06   1.8432617e+01
   7.8188440e+06   1.8615723e+01
   7.8214480e+06   1.6723633e+01
   7.8219370e+06   1.6967773e+01
   7.8241550e+06   1.7578125e+01
   7.8308650e+06   1.7456055e+01
   7.8311530e+06   1.6540527e+01
   7.8322640e+06   1.6845703e+01
   7.8364070e+06   1.7822266e+01
   7.8465630e+06   1.6662598e+01
   7.8475240e+06   1.6601563e+01
   7.8487650e+06   1.8188477e+01
   7.8500430e+06   1.6784668e+01
   7.8518020e+06   1.8432617e+01
   7.8523340e+06   1.8493652e+01
   7.8549450e+06   1.7150879e+01
   7.8558120e+06   1.7456055e+01
   7.8559140e+06   1.6540527e+01
   7.8660000e+06   1.6601563e+01
   7.8762770e+06   1.6906738e+01
   7.8787540e+06   1.8249512e+01
   7.8828340e+06   1.7150879e+01
   7.8925860e+06   1.6723633e+01
   7.8931230e+06   1.7150879e+01
   7.8958470e+06   1.6784668e+01
   7.9017660e+06   1.6540527e+01
   7.9093470e+06   2.1545410e+01
   7.9215760e+06   1.7700195e+01
   7.9285870e+06   1.6845703e+01
   7.9464240e+06   1.8432617e+01
   7.9530140e+06   1.8005371e+01
   7.9542370e+06   2.2583008e+01
   7.9659310e+06   2.0080566e+01
   7.9734700e+06   1.6601563e+01
   7.9759710e+06   1.7395020e+01
   7.9916530e+06   1.6540527e+01
   7.9936680e+06   1.8371582e+01
   7.9949710e+06   1.7517090e+01
   7.9984460e+06   1.6967773e+01
   7.9992850e+06   1.7333984e+01
   8.0060500e+06   1.6906738e+01
   8.0091620e+06   1.6906738e+01
   8.0111470e+06   1.7333984e+01
   8.0271580e+06   1.7517090e+01
   8.0379500e+06   1.7028809e+01
   8.0396940e+06   1.6723633e+01
   8.0440450e+06   1.7517090e+01
   8.0581150e+06   1.7395020e+01
   8.0595340e+06   1.7822266e+01
   8.0613990e+06   1.6845703e+01
   8.0756900e+06   1.6845703e+01
   8.0800500e+06   1.7456055e+01
   8.0844380e+06   1.7639160e+01
   8.0906720e+06   1.6845703e+01
   8.0956480e+06   1.7822266e+01
   8.0970670e+06   1.7089844e+01
   8.0999930e+06   1.7517090e+01
   8.1005700e+06   1.6662598e+01
   8.1022020e+06   1.7517090e+01
   8.1033570e+06   1.7456055e+01
   8.1067380e+06   1.7456055e+01
   8.1117430e+06   1.7883301e+01
   8.1293430e+06   1.7089844e+01
   8.1326290e+06   1.7150879e+01
   8.1334060e+06   1.6540527e+01
   8.1401840e+06   1.7089844e+01
   8.1480690e+06   1.7456055e+01
   8.1491680e+06   1.8493652e+01
   8.1673790e+06   1.6967773e+01
   8.1715070e+06   1.6784668e+01
   8.1736100e+06   1.7028809e+01
   8.1743730e+06   1.7150879e+01
   8.1836220e+06   1.6540527e+01
   8.1842190e+06   1.6723633e+01
   8.1875070e+06   1.7944336e+01
   8.1975350e+06   1.8127441e+01
   8.2167180e+06   1.7272949e+01
   8.2353920e+06   1.7211914e+01
   8.2367770e+06   1.6723633e+01
   8.2473540e+06   1.7333984e+01
   8.2477210e+06   1.6540527e+01
   8.2581220e+06   1.6540527e+01
   8.2685260e+06   1.7272949e+01
   8.2715720e+06   1.7517090e+01
   8.2751140e+06   2.0935059e+01
   8.2856550e+06   1.6662598e+01
   8.2881080e+06   1.8554688e+01
   8.2907930e+06   1.7211914e+01
   8.2920360e+06   1.7883301e+01
   8.5465500e+06   1.6540527e+01
   8.5491990e+06   1.7700195e+01
   8.5655850e+06   1.6540527e+01
   8.5666090e+06   1.7028809e+01
   8.5794810e+06   1.9287109e+01
   8.5816260e+06   1.6601563e+01
   8.5832310e+06   1.7517090e+01
   8.5846510e+06   1.7578125e+01
   8.5910960e+06   1.7761230e+01
   8.6196130e+06   1.6784668e+01
   8.6217000e+06   1.7211914e+01
   8.6239190e+06   1.8249512e+01
   8.6303360e+06   1.7089844e+01
   8.6303920e+06   1.7150879e+01
   8.6314560e+06   1.9836426e+01
   8.6319870e+06   1.7150879e+01
   8.6324590e+06   1.7578125e+01
   8.6389710e+06   1.7578125e+01
   8.6404250e+06   1.8432617e+01
   8.6422430e+06   1.7395020e+01
   8.6680620e+06   1.6845703e+01
   8.6725730e+06   1.8249512e+01
   8.6784010e+06   1.7333984e+01
   8.6784450e+06   1.6662598e+01
   8.6808650e+06   1.7089844e+01
   8.6809220e+06   1.6662598e+01
   8.6809490e+06   1.7272949e+01
   8.6830310e+06   1.7272949e+01
   8.6877840e+06   1.7150879e+01
   8.6884500e+06   1.7517090e+01
   8.6925600e+06   1.7211914e+01
   8.6927880e+06   1.7028809e+01
   8.6936550e+06   1.7761230e+01
   8.7027400e+06   1.7089844e+01
   8.7121420e+06   1.7456055e+01
   8.7201350e+06   1.6662598e+01
   8.7213470e+06   1.6967773e+01
   8.7217740e+06   1.6601563e+01
   8.7404260e+06   1.8066406e+01
   8.7474830e+06   1.6906738e+01
   8.7542860e+06   1.7883301e+01
   8.7706950e+06   1.7578125e+01
   8.7737450e+06   1.8432617e+01
   8.7764050e+06   1.6601563e+01
   8.7890970e+06   1.8371582e+01
   8.7989880e+06   1.6540527e+01
   8.8066920e+06   1.7456055e+01
   8.8148170e+06   1.6784668e+01
   8.8172360e+06   1.7822266e+01
   8.8213490e+06   1.7639160e+01
   8.9061120e+06   1.8371582e+01
   8.9072290e+06   1.9470215e+01
   8.9101290e+06   1.6723633e+01
   8.9109400e+06   1.6601563e+01
   8.9133640e+06   1.8005371e+01
   8.9199670e+06   1.7333984e+01
   8.9252530e+06   1.7822266e+01
   8.9311820e+06   1.7211914e+01
   8.9313800e+06   1.6662598e+01
   8.9314090e+06   1.7211914e+01
   8.9365890e+06   1.7517090e+01
   8.9388650e+06   1.6662598e+01
   8.9390430e+06   1.6723633e+01
   8.9413140e+06   1.7028809e+01
   8.9459660e+06   1.7089844e+01
   8.9467080e+06   1.6662598e+01
   8.9522650e+06   1.7517090e+01
   8.9545030e+06   1.8615723e+01
   8.9562740e+06   1.7700195e+01
   8.9594130e+06   1.6784668e+01
   8.9691620e+06   1.6601563e+01
   8.9697360e+06   1.6906738e+01
   8.9697690e+06   1.7578125e+01
   8.9754260e+06   1.6967773e+01
   8.9771390e+06   1.6906738e+01
   8.9789170e+06   1.8249512e+01
   8.9790210e+06   1.8371582e+01
   8.9802730e+06   1.6845703e+01
   8.9847810e+06   1.7700195e+01
   8.9864800e+06   1.7089844e+01
   8.9883910e+06   1.8066406e+01
   8.9910530e+06   1.7211914e+01
   8.9919830e+06   1.7211914e+01
   8.9944260e+06   1.7700195e+01
   8.9944730e+06   1.6662598e+01
   8.9949630e+06   1.6540527e+01
   9.0009260e+06   1.8432617e+01
   9.0083780e+06   1.6662598e+01
   9.0089270e+06   1.6479492e+01
   9.0095370e+06   1.8676758e+01
   9.0140080e+06   1.7150879e+01
   9.0181450e+06   1.6601563e+01
   9.0187840e+06   1.7028809e+01
   9.0226100e+06   1.6845703e+01
   9.0232650e+06   1.6662598e+01
   9.0239880e+06   1.7517090e+01
   9.0245650e+06   1.6540527e+01
   9.0276980e+06   1.9104004e+01
   9.0278860e+06   1.8127441e+01
   9.0324880e+06   1.7822266e+01
   9.0352290e+06   1.8371582e+01
   9.0416210e+06   1.6906738e+01
   9.0427950e+06   1.7028809e+01
   9.0445910e+06   1.7028809e+01
   9.0522840e+06   1.6967773e+01
   9.0597630e+06   1.7578125e+01
   9.0644210e+06   1.6723633e+01
   9.0683060e+06   1.8066406e+01
   9.2363290e+06   1.7089844e+01
   9.2421050e+06   1.6967773e+01
   1.1647705e+07   1.6418457e+01
