   1.1999000e+07   0.0000000e+00
   2.5080800e+05   1.8981934e+01
   2.5086100e+05   2.1118164e+01
   2.5093300e+05   1.9287109e+01
   4.4323900e+05   1.8859863e+01
   4.4326200e+05   2.2216797e+01
   4.4364200e+05   1.8676758e+01
   4.6217100e+05   2.0202637e+01
   4.6227100e+05   1.8798828e+01
   5.8431200e+05   2.0507813e+01
   9.1703200e+05   2.0629883e+01
   9.1706700e+05   2.1911621e+01
   1.0361240e+06   1.9470215e+01
   1.1008430e+06   1.8920898e+01
   1.1008630e+06   2.1301270e+01
   1.1010480e+06   1.9042969e+01
   1.1302710e+06   1.9104004e+01
   1.2122340e+06   1.9042969e+01
   1.2836450e+06   1.9042969e+01
   1.2836670e+06   2.0141602e+01
   1.2836820e+06   1.9714355e+01
   1.2837120e+06   2.1667480e+01
   1.6585510e+06   1.8432617e+01
   1.9251540e+06   2.0690918e+01
   2.1220190e+06   2.8015137e+01
   2.1220360e+06   1.9958496e+01
   2.2873590e+06   2.0690918e+01
   2.2874780e+06   1.9409180e+01
   2.5751230e+06   2.1850586e+01
   2.5751340e+06   2.1301270e+01
   2.5751640e+06   2.0935059e+01
   2.8701600e+06   2.8198242e+01
   3.0364500e+06   1.9287109e+01
   3.0365410e+06   1.9592285e+01
   3.0368980e+06   1.8615723e+01
   3.2104620e+06   1.8432617e+01
   3.2104790e+06   2.8259277e+01
   3.2105080e+06   1.8554688e+01
   3.2105530e+06   1.8737793e+01
   3.4076580e+06   2.7587891e+01
   3.4076690e+06   2.0935059e+01
   3.8097020e+06   2.1362305e+01
   4.0074550e+06   2.0874023e+01
   4.1811010e+06   1.9592285e+01
   4.1811510e+06   2.7099609e+01
   4.3705220e+06   2.1057129e+01
   4.5328660e+06   1.8371582e+01
   4.7485650e+06   2.9174805e+01
   4.7485890e+06   2.2033691e+01
   4.7486010e+06   1.8737793e+01
   4.8844530e+06   2.0324707e+01
   4.8844710e+06   2.4047852e+01
   4.8844930e+06   1.9409180e+01
   4.8845050e+06   2.1484375e+01
   5.0662320e+06   2.2094727e+01
   5.0662540e+06   1.8737793e+01
   5.5811290e+06   2.0690918e+01
   5.5811400e+06   2.2583008e+01
   5.5811710e+06   1.9531250e+01
   6.1028290e+06   3.2714844e+01
   6.1239130e+06   1.8737793e+01
   6.1239350e+06   2.5268555e+01
   6.1387830e+06   1.8554688e+01
   6.2650780e+06   2.3010254e+01
   6.2651080e+06   2.0202637e+01
   6.5325550e+06   2.5756836e+01
   6.5325950e+06   2.0507813e+01
   6.5326600e+06   2.0019531e+01
   7.1948650e+06   2.2094727e+01
   7.7593000e+06   3.1188965e+01
   7.7594010e+06   1.8493652e+01
   8.2331140e+06   2.1972656e+01
   8.3496540e+06   1.9104004e+01
   8.4229150e+06   1.9165039e+01
   8.8831710e+06   2.3437500e+01
   8.8831990e+06   2.2705078e+01
   8.8833010e+06   1.9042969e+01
   9.3042850e+06   1.9042969e+01
   9.3994350e+06   1.8981934e+01
   9.5903190e+06   2.2888184e+01
   9.7372050e+06   1.9653320e+01
   9.8123970e+06   1.8188477e+01
   9.8124220e+06   2.2888184e+01
   9.8124660e+06   2.0202637e+01
   9.9830420e+06   1.8310547e+01
   1.0051226e+07   1.9531250e+01
   1.0051344e+07   1.9348145e+01
   1.0051411e+07   1.8249512e+01
   1.0119300e+07   2.0935059e+01
   1.0119328e+07   2.3010254e+01
   1.1176988e+07   2.2521973e+01
   1.1729159e+07   2.1789551e+01
   1.1729169e+07   2.9052734e+01
   1.1729225e+07   1.8188477e+01
