   1.1999000e+07   0.0000000e+00
   7.1749000e+04   4.4799805e+01
   8.3280000e+04   2.4719238e+01
   8.3333000e+04   2.3925781e+01
   8.3353000e+04   3.1311035e+01
   8.3375000e+04   3.0456543e+01
   8.3421000e+04   2.3315430e+01
   8.3451000e+04   4.6081543e+01
   8.3483000e+04   2.8320313e+01
   8.3762000e+04   2.3742676e+01
   8.3881000e+04   2.8259277e+01
   8.4088000e+04   2.4353027e+01
   8.4118000e+04   3.0395508e+01
   8.4153000e+04   2.7954102e+01
   8.4238000e+04   2.3681641e+01
   8.4423000e+04   2.4780273e+01
   8.4444000e+04   2.8381348e+01
   8.4754000e+04   2.4414063e+01
   8.5262000e+04   2.3437500e+01
   8.5797000e+04   3.0456543e+01
   8.6091000e+04   2.8503418e+01
   9.0419000e+04   2.5024414e+01
   9.1382000e+04   2.4108887e+01
   9.1556000e+04   2.4597168e+01
   9.3085000e+04   2.4780273e+01
   1.8514100e+05   2.3742676e+01
   1.8732400e+05   2.5512695e+01
   1.8736800e+05   2.4780273e+01
   1.8739000e+05   2.3742676e+01
   1.8740500e+05   2.7709961e+01
   1.8746000e+05   2.5939941e+01
   1.8747500e+05   4.2663574e+01
   1.8750500e+05   4.3273926e+01
   1.8752600e+05   3.5827637e+01
   1.8757800e+05   3.1555176e+01
   1.8761800e+05   3.9184570e+01
   1.8764500e+05   2.9296875e+01
   1.8769000e+05   2.4291992e+01
   1.8772000e+05   2.4658203e+01
   1.8777600e+05   2.3864746e+01
   1.8779000e+05   2.3864746e+01
   1.8785000e+05   2.3742676e+01
   1.8786800e+05   2.3681641e+01
   1.8791500e+05   2.6611328e+01
   1.8829200e+05   3.1250000e+01
   1.8837000e+05   2.5878906e+01
   1.8851900e+05   2.7404785e+01
   1.8861500e+05   2.3498535e+01
   1.8873500e+05   2.3864746e+01
   1.8877400e+05   2.3986816e+01
   1.8894000e+05   2.3620605e+01
   1.8964400e+05   2.5024414e+01
   1.9070900e+05   2.5512695e+01
   1.9095800e+05   2.3803711e+01
   1.9197300e+05   2.6672363e+01
   1.9227100e+05   2.3803711e+01
   1.9410800e+05   2.4658203e+01
   1.9468700e+05   2.4230957e+01
   1.9609800e+05   3.7109375e+01
   2.0653000e+05   2.3437500e+01
   2.3948400e+05   2.3681641e+01
   2.3952100e+05   3.3081055e+01
   2.3953100e+05   7.1594238e+01
   2.3955500e+05   5.9020996e+01
   2.3956900e+05   4.7058105e+01
   2.3959100e+05   3.3264160e+01
   2.3961200e+05   3.6437988e+01
   2.3963200e+05   2.8015137e+01
   2.3964200e+05   5.3649902e+01
   2.3968500e+05   2.8076172e+01
   2.3970700e+05   4.4738770e+01
   2.3972200e+05   2.4597168e+01
   2.3974400e+05   3.0944824e+01
   2.3978000e+05   2.6306152e+01
   2.3981600e+05   3.4545898e+01
   2.3983200e+05   2.3986816e+01
   2.3991200e+05   2.5390625e+01
   2.3993000e+05   2.8503418e+01
   2.3997300e+05   2.3803711e+01
   2.4002800e+05   2.8442383e+01
   2.4004900e+05   2.8930664e+01
   2.4010500e+05   2.6428223e+01
   2.4020200e+05   2.7465820e+01
   2.4046900e+05   2.5878906e+01
   2.4051200e+05   2.3986816e+01
   2.4082500e+05   2.4902344e+01
   2.4096600e+05   2.5146484e+01
   2.4118900e+05   2.7832031e+01
   2.4157800e+05   2.7465820e+01
   2.4220000e+05   2.5756836e+01
   3.0684100e+05   2.5878906e+01
   3.0695300e+05   4.1381836e+01
   3.0706400e+05   2.9113770e+01
   3.0707900e+05   2.8381348e+01
   3.0713400e+05   2.4597168e+01
   3.0714500e+05   2.5451660e+01
   3.0719000e+05   3.2775879e+01
   3.0726400e+05   2.4475098e+01
   3.0730800e+05   3.3325195e+01
   3.0732500e+05   2.4963379e+01
   3.0744400e+05   3.1372070e+01
   3.0754300e+05   2.4475098e+01
   3.0771400e+05   2.3437500e+01
   3.0776000e+05   2.3742676e+01
   3.0782100e+05   2.3620605e+01
   3.0784500e+05   2.3925781e+01
   3.0787000e+05   3.0761719e+01
   3.0802700e+05   2.3986816e+01
   3.0827500e+05   2.3376465e+01
   3.0830200e+05   2.7404785e+01
   3.0854000e+05   2.6611328e+01
   3.0860200e+05   2.6977539e+01
   3.0887700e+05   2.5817871e+01
   3.0891200e+05   3.1860352e+01
   3.1200500e+05   2.4597168e+01
   3.1222600e+05   2.3559570e+01
   3.1469900e+05   2.6977539e+01
   3.1606400e+05   2.5939941e+01
   3.1700200e+05   2.6733398e+01
   3.1786600e+05   2.6000977e+01
   3.1789600e+05   2.3559570e+01
   3.1803700e+05   2.6428223e+01
   3.1955400e+05   2.3742676e+01
   3.1973500e+05   2.4169922e+01
   3.1990100e+05   2.4047852e+01
   4.0064800e+05   3.4729004e+01
   4.0067300e+05   2.5451660e+01
   4.0075400e+05   3.0822754e+01
   4.0078800e+05   2.4169922e+01
   4.0080100e+05   3.0578613e+01
   4.0086500e+05   2.5146484e+01
   4.0089500e+05   2.6245117e+01
   4.0096000e+05   2.7160645e+01
   4.0104200e+05   2.3742676e+01
   4.0110000e+05   2.4841309e+01
   4.0114400e+05   2.7770996e+01
   4.0133300e+05   3.0334473e+01
   4.0139200e+05   2.4169922e+01
   4.0148600e+05   3.0273438e+01
   4.0149700e+05   2.7099609e+01
   4.0155600e+05   2.6428223e+01
   4.0163800e+05   2.3620605e+01
   4.0167500e+05   2.3864746e+01
   4.0204300e+05   2.5146484e+01
   4.0226400e+05   2.4475098e+01
   4.0306800e+05   2.4047852e+01
   4.0365200e+05   2.4414063e+01
   4.0704800e+05   2.4841309e+01
   4.0888900e+05   2.5329590e+01
   4.0963000e+05   2.5573730e+01
   4.1142900e+05   2.4414063e+01
   4.1250400e+05   2.3925781e+01
   4.1456200e+05   2.8686523e+01
   5.1524000e+05   2.5878906e+01
   5.7229400e+05   2.7770996e+01
   5.8134900e+05   2.3803711e+01
   6.5847400e+05   2.4291992e+01
   7.0996400e+05   2.3803711e+01
   9.0033900e+05   3.0700684e+01
   9.3392300e+05   2.5207520e+01
   9.3394100e+05   6.7626953e+01
   9.3396000e+05   4.2541504e+01
   9.3398400e+05   4.9377441e+01
   9.3399900e+05   3.2470703e+01
   9.3402300e+05   3.8574219e+01
   9.3403600e+05   3.1127930e+01
   9.3411300e+05   2.3864746e+01
   9.3412400e+05   3.1311035e+01
   9.3420500e+05   4.5410156e+01
   9.3435400e+05   2.4353027e+01
   9.3440400e+05   2.5207520e+01
   9.3444900e+05   3.4545898e+01
   9.3452500e+05   2.3925781e+01
   9.3456000e+05   2.7587891e+01
   9.3461000e+05   2.4291992e+01
   9.3472400e+05   2.4658203e+01
   9.3515100e+05   2.6000977e+01
   1.1339370e+06   2.4963379e+01
   1.2602430e+06   2.7465820e+01
   1.2602630e+06   2.3559570e+01
   1.2605850e+06   2.3620605e+01
   1.2606070e+06   4.8828125e+01
   1.2606180e+06   6.5490723e+01
   1.2606580e+06   4.5959473e+01
   1.2606830e+06   3.8513184e+01
   1.2607080e+06   4.4372559e+01
   1.2607680e+06   2.8625488e+01
   1.2608120e+06   3.2348633e+01
   1.2608320e+06   3.1250000e+01
   1.2608800e+06   2.3925781e+01
   1.2608950e+06   3.6560059e+01
   1.2609420e+06   2.4169922e+01
   1.2610200e+06   3.0151367e+01
   1.2610990e+06   2.4108887e+01
   1.2612110e+06   2.4536133e+01
   1.2613120e+06   2.3559570e+01
   1.2615090e+06   2.3925781e+01
   1.2618510e+06   3.5705566e+01
   1.2621940e+06   3.9794922e+01
   1.4039540e+06   2.3315430e+01
   1.5713670e+06   2.5878906e+01
   1.6017980e+06   2.7526855e+01
   1.6018980e+06   5.5786133e+01
   1.6019130e+06   3.0273438e+01
   1.6019500e+06   4.1748047e+01
   1.6019630e+06   4.7851563e+01
   1.6019900e+06   3.0578613e+01
   1.6020220e+06   2.8747559e+01
   1.6020460e+06   3.4057617e+01
   1.6020600e+06   2.3803711e+01
   1.6020980e+06   2.5024414e+01
   1.6021160e+06   3.8146973e+01
   1.6022240e+06   2.5878906e+01
   1.6022700e+06   2.7465820e+01
   1.6024680e+06   2.4169922e+01
   1.6025640e+06   2.9296875e+01
   1.6026750e+06   2.4414063e+01
   1.6028190e+06   2.7587891e+01
   1.6028550e+06   2.3315430e+01
   1.6030240e+06   2.5329590e+01
   1.6031960e+06   2.9113770e+01
   1.8598540e+06   2.7893066e+01
   1.9806820e+06   2.8076172e+01
   1.9808240e+06   2.4780273e+01
   1.9810580e+06   2.7038574e+01
   1.9811350e+06   2.4780273e+01
   1.9815020e+06   2.4597168e+01
   1.9819710e+06   2.7038574e+01
   1.9832770e+06   2.7770996e+01
   2.0428810e+06   2.3559570e+01
   2.0828960e+06   2.6916504e+01
   2.0964460e+06   2.3742676e+01
   2.1113260e+06   2.5207520e+01
   2.1808460e+06   5.4687500e+01
   2.1808630e+06   2.3498535e+01
   2.1808870e+06   3.8574219e+01
   2.1809110e+06   4.1809082e+01
   2.1809430e+06   2.8320313e+01
   2.1809780e+06   3.6010742e+01
   2.1810370e+06   3.1005859e+01
   2.1810920e+06   3.1677246e+01
   2.1811110e+06   3.9550781e+01
   2.1811520e+06   2.5329590e+01
   2.1811870e+06   2.7526855e+01
   2.1818260e+06   3.0517578e+01
   2.8898590e+06   4.5043945e+01
   3.0232530e+06   2.5878906e+01
   3.0235300e+06   3.2104492e+01
   3.0238230e+06   2.5024414e+01
   3.0245930e+06   2.5634766e+01
   3.5792500e+06   3.0761719e+01
   3.7378560e+06   2.5024414e+01
   3.7380380e+06   2.7526855e+01
   3.7380700e+06   2.7709961e+01
   3.7380940e+06   2.8015137e+01
   3.7381780e+06   3.8269043e+01
   3.7381960e+06   6.2133789e+01
   3.7382230e+06   3.4606934e+01
   3.7382370e+06   2.4291992e+01
   3.7382650e+06   2.9663086e+01
   3.7382860e+06   2.3681641e+01
   3.7383160e+06   2.5817871e+01
   3.7383670e+06   3.2409668e+01
   3.7383970e+06   2.6977539e+01
   3.7384120e+06   2.5085449e+01
   3.7384350e+06   3.6132813e+01
   3.7385760e+06   2.9541016e+01
   3.7389630e+06   2.3376465e+01
   3.7390250e+06   2.3498535e+01
   3.7392310e+06   3.1311035e+01
   3.7393070e+06   2.6367188e+01
   3.7394360e+06   2.7832031e+01
   3.8593460e+06   2.8259277e+01
   4.0687320e+06   4.4067383e+01
   4.3819460e+06   2.4169922e+01
   4.3820310e+06   2.4047852e+01
   4.3820580e+06   2.3803711e+01
   4.3820770e+06   5.2856445e+01
   4.3821230e+06   2.4169922e+01
   4.3821390e+06   7.0678711e+01
   4.3822080e+06   4.5227051e+01
   4.3822260e+06   4.1503906e+01
   4.3822790e+06   2.5573730e+01
   4.3822940e+06   3.4851074e+01
   4.3823570e+06   2.8442383e+01
   4.3823680e+06   2.4536133e+01
   4.3824260e+06   2.5146484e+01
   4.3824370e+06   2.5268555e+01
   4.3824900e+06   2.4475098e+01
   4.3825170e+06   2.3498535e+01
   4.3830760e+06   2.3681641e+01
   4.6476820e+06   2.4230957e+01
   5.0713890e+06   2.9052734e+01
   5.0953720e+06   4.2785645e+01
   5.0955840e+06   4.3457031e+01
   5.2756590e+06   2.6550293e+01
   5.2758010e+06   2.8930664e+01
   5.2759000e+06   5.9265137e+01
   5.2759130e+06   2.8198242e+01
   5.2759480e+06   2.7099609e+01
   5.2760060e+06   2.5207520e+01
   5.2760520e+06   3.4912109e+01
   5.2760680e+06   2.7526855e+01
   5.2761070e+06   2.6428223e+01
   5.2761250e+06   4.8217773e+01
   5.2762690e+06   2.6367188e+01
   5.2764240e+06   2.5207520e+01
   5.2764390e+06   2.3315430e+01
   5.2765350e+06   2.3437500e+01
   5.2766390e+06   2.5573730e+01
   5.2767460e+06   2.3376465e+01
   5.2771310e+06   2.7709961e+01
   5.2772560e+06   2.5329590e+01
   5.2774440e+06   2.4414063e+01
   5.2851080e+06   2.3742676e+01
   5.3208080e+06   2.3376465e+01
   5.3681050e+06   2.4536133e+01
   5.3965890e+06   2.4169922e+01
   5.7300380e+06   2.6489258e+01
   5.7300690e+06   2.8991699e+01
   5.7301510e+06   2.6123047e+01
   5.7301610e+06   4.7607422e+01
   5.7302030e+06   2.8991699e+01
   5.7302160e+06   4.3457031e+01
   5.7302430e+06   2.7343750e+01
   5.7302660e+06   2.6672363e+01
   5.7302890e+06   3.8513184e+01
   5.7303000e+06   2.9174805e+01
   5.7303430e+06   2.7160645e+01
   5.7303580e+06   3.5644531e+01
   5.7303910e+06   2.6000977e+01
   5.7304010e+06   4.8034668e+01
   5.7304180e+06   3.0273438e+01
   5.7304650e+06   2.3437500e+01
   5.7306330e+06   2.3559570e+01
   5.7307060e+06   3.0395508e+01
   5.7308460e+06   2.5878906e+01
   5.7318430e+06   3.4240723e+01
   5.8567130e+06   2.4719238e+01
   6.1073170e+06   2.3498535e+01
   8.1696140e+06   2.4230957e+01
   8.2924790e+06   2.3742676e+01
   8.3559800e+06   2.5817871e+01
   8.3560080e+06   3.2592773e+01
   8.3560300e+06   5.2246094e+01
   8.3560840e+06   4.7485352e+01
   8.3561160e+06   3.2958984e+01
   8.3561460e+06   2.9663086e+01
   8.3561640e+06   2.9541016e+01
   8.3562000e+06   2.3376465e+01
   8.3562220e+06   2.5207520e+01
   8.3562670e+06   4.5898438e+01
   8.3562980e+06   2.5939941e+01
   8.3563910e+06   3.1188965e+01
   8.3564350e+06   2.7099609e+01
   8.3565630e+06   2.8503418e+01
   8.3567200e+06   2.4475098e+01
   8.3570240e+06   2.6916504e+01
   8.3577780e+06   2.6367188e+01
   8.3581230e+06   3.6376953e+01
   8.3699330e+06   3.1005859e+01
   1.1144250e+07   2.3071289e+01
   1.1790352e+07   4.2602539e+01
   1.1828028e+07   3.3813477e+01
