   1.1999000e+07   0.0000000e+00
   1.8108000e+04   3.5156250e+01
   6.4852000e+04   2.9602051e+01
   6.7973000e+04   2.8808594e+01
   7.1427000e+04   3.2531738e+01
   8.3622000e+04   3.4729004e+01
   8.3856000e+04   3.5644531e+01
   8.3976000e+04   3.1127930e+01
   8.4072000e+04   2.3193359e+01
   8.4201000e+04   3.2165527e+01
   8.4287000e+04   3.7353516e+01
   8.4392000e+04   2.7709961e+01
   8.4495000e+04   2.9296875e+01
   8.4614000e+04   2.8503418e+01
   8.4763000e+04   2.5695801e+01
   8.4868000e+04   3.3325195e+01
   8.4981000e+04   2.9846191e+01
   8.5090000e+04   2.7282715e+01
   8.5187000e+04   3.3447266e+01
   8.5294000e+04   2.6000977e+01
   8.5395000e+04   2.6428223e+01
   8.5539000e+04   2.4414063e+01
   8.5653000e+04   2.7832031e+01
   8.5835000e+04   2.3803711e+01
   8.5936000e+04   2.2949219e+01
   8.6110000e+04   3.6010742e+01
   8.6272000e+04   2.6306152e+01
   8.6423000e+04   3.1860352e+01
   8.6522000e+04   2.8747559e+01
   8.6659000e+04   2.6062012e+01
   8.6832000e+04   3.0090332e+01
   8.6954000e+04   2.5573730e+01
   8.7094000e+04   3.9428711e+01
   8.7226000e+04   2.2460938e+01
   8.7363000e+04   3.4179688e+01
   8.7497000e+04   3.0456543e+01
   8.7613000e+04   2.9907227e+01
   8.7802000e+04   2.9296875e+01
   8.7963000e+04   2.6550293e+01
   8.8229000e+04   2.2827148e+01
   8.8471000e+04   3.1677246e+01
   8.8762000e+04   2.8015137e+01
   8.9144000e+04   2.9418945e+01
   8.9381000e+04   2.8564453e+01
   8.9607000e+04   2.7404785e+01
   8.9776000e+04   3.1433105e+01
   8.9946000e+04   2.9724121e+01
   9.0555000e+04   3.3081055e+01
   9.0866000e+04   3.0883789e+01
   9.1181000e+04   3.0700684e+01
   9.2415000e+04   3.1311035e+01
   9.3217000e+04   3.6315918e+01
   1.2384700e+05   2.8259277e+01
   1.3933700e+05   3.1860352e+01
   1.4570700e+05   2.9235840e+01
   1.4725800e+05   3.2409668e+01
   1.5731700e+05   2.3315430e+01
   1.7575500e+05   3.3264160e+01
   1.8105800e+05   2.8869629e+01
   1.8151400e+05   3.0029297e+01
   1.8403200e+05   3.7231445e+01
   1.8763600e+05   3.6193848e+01
   1.8786700e+05   3.8024902e+01
   1.8796900e+05   3.2165527e+01
   1.8807700e+05   3.1005859e+01
   1.8823600e+05   3.0090332e+01
   1.8833300e+05   3.3508301e+01
   1.8841500e+05   3.2775879e+01
   1.8855000e+05   2.8015137e+01
   1.8864800e+05   2.8686523e+01
   1.8874300e+05   3.0700684e+01
   1.8882800e+05   3.1066895e+01
   1.8892100e+05   2.5085449e+01
   1.8900100e+05   3.1005859e+01
   1.8912000e+05   2.5756836e+01
   1.8921300e+05   2.6489258e+01
   1.8931600e+05   2.6794434e+01
   1.8939500e+05   2.6550293e+01
   1.8950300e+05   3.1677246e+01
   1.8961200e+05   2.9174805e+01
   1.8974200e+05   3.2775879e+01
   1.8983700e+05   2.6062012e+01
   1.8994100e+05   2.8808594e+01
   1.9007800e+05   2.8625488e+01
   1.9018000e+05   2.9113770e+01
   1.9030500e+05   2.5573730e+01
   1.9043000e+05   3.3081055e+01
   1.9055800e+05   3.3386230e+01
   1.9071900e+05   2.5024414e+01
   1.9086200e+05   2.8930664e+01
   1.9098600e+05   2.9724121e+01
   1.9116000e+05   2.7343750e+01
   1.9129200e+05   2.6916504e+01
   1.9147700e+05   2.9663086e+01
   1.9160100e+05   4.0100098e+01
   1.9177500e+05   3.1799316e+01
   1.9192900e+05   2.5207520e+01
   1.9207200e+05   2.7343750e+01
   1.9220700e+05   2.8869629e+01
   1.9234900e+05   3.2897949e+01
   1.9250800e+05   2.6489258e+01
   1.9261700e+05   3.3325195e+01
   1.9279500e+05   2.6733398e+01
   1.9294800e+05   2.6306152e+01
   1.9320000e+05   2.5024414e+01
   1.9343600e+05   2.4414063e+01
   1.9368600e+05   2.4719238e+01
   1.9394400e+05   2.5207520e+01
   1.9411000e+05   3.3081055e+01
   1.9447500e+05   2.7038574e+01
   1.9546100e+05   2.9541016e+01
   1.9609700e+05   3.1921387e+01
   1.9624600e+05   2.9968262e+01
   1.9637000e+05   2.6428223e+01
   1.9663900e+05   3.0334473e+01
   1.9689600e+05   3.0517578e+01
   1.9706000e+05   2.6367188e+01
   2.2923000e+05   3.2653809e+01
   2.3881500e+05   2.5695801e+01
   2.4001100e+05   2.7954102e+01
   2.4018300e+05   3.2104492e+01
   2.4030500e+05   2.9907227e+01
   2.4043500e+05   2.8930664e+01
   2.4056200e+05   2.9418945e+01
   2.4065400e+05   2.8381348e+01
   2.4076500e+05   3.2287598e+01
   2.4086700e+05   2.4047852e+01
   2.4103300e+05   2.5451660e+01
   2.4115300e+05   3.2043457e+01
   2.4125800e+05   3.2287598e+01
   2.4136800e+05   2.5634766e+01
   2.4151100e+05   2.9296875e+01
   2.4162400e+05   2.8015137e+01
   2.4176500e+05   2.6245117e+01
   2.4188500e+05   3.5278320e+01
   2.4200500e+05   2.8503418e+01
   2.4212000e+05   2.5695801e+01
   2.4223700e+05   2.8930664e+01
   2.4236400e+05   2.3437500e+01
   2.4255700e+05   3.3386230e+01
   2.4267800e+05   2.7221680e+01
   2.4283200e+05   3.3447266e+01
   2.4296000e+05   2.4841309e+01
   2.4309100e+05   2.7465820e+01
   2.4324300e+05   2.9907227e+01
   2.4344100e+05   2.8442383e+01
   2.4365900e+05   2.3864746e+01
   2.4385400e+05   3.0944824e+01
   2.4407300e+05   2.8015137e+01
   2.4425300e+05   2.9479980e+01
   2.4441000e+05   2.7832031e+01
   2.4471100e+05   2.6916504e+01
   2.4688200e+05   2.8930664e+01
   2.5487400e+05   3.0395508e+01
   2.7327000e+05   3.3020020e+01
   2.8070500e+05   2.8076172e+01
   3.0137800e+05   3.7414551e+01
   3.0722400e+05   3.0822754e+01
   3.0743000e+05   4.1503906e+01
   3.0763600e+05   3.6621094e+01
   3.0776600e+05   3.7536621e+01
   3.0787600e+05   3.0700684e+01
   3.0801000e+05   2.9357910e+01
   3.0814800e+05   2.8930664e+01
   3.0823000e+05   3.3325195e+01
   3.0835200e+05   3.0639648e+01
   3.0845800e+05   3.5644531e+01
   3.0857800e+05   2.7099609e+01
   3.0873400e+05   3.3081055e+01
   3.0886800e+05   2.9907227e+01
   3.0896300e+05   2.5878906e+01
   3.0907200e+05   2.6306152e+01
   3.0918400e+05   3.4484863e+01
   3.0931900e+05   2.7343750e+01
   3.0944800e+05   2.9296875e+01
   3.0956500e+05   3.1738281e+01
   3.0966200e+05   2.6733398e+01
   3.0978600e+05   2.6489258e+01
   3.0992900e+05   2.9479980e+01
   3.1007200e+05   3.3630371e+01
   3.1026500e+05   2.5939941e+01
   3.1045800e+05   2.2399902e+01
   3.1062300e+05   2.4780273e+01
   3.1080000e+05   2.5146484e+01
   3.1101700e+05   2.2949219e+01
   3.1115300e+05   3.4301758e+01
   3.1126900e+05   3.3569336e+01
   3.1140300e+05   2.8869629e+01
   3.1157800e+05   2.5939941e+01
   3.1173300e+05   2.7709961e+01
   3.1190600e+05   2.9174805e+01
   3.1208500e+05   3.0090332e+01
   3.1227800e+05   2.2766113e+01
   3.1252700e+05   2.8686523e+01
   3.1278900e+05   2.3498535e+01
   3.1305900e+05   2.3620605e+01
   3.1332800e+05   2.7343750e+01
   3.1441700e+05   2.8320312e+01
   3.1633200e+05   3.1250000e+01
   3.1801600e+05   2.7099609e+01
   3.1819000e+05   3.1433105e+01
   3.1838500e+05   3.4179687e+01
   3.5306500e+05   2.9418945e+01
   3.5492900e+05   2.3132324e+01
   3.5926000e+05   2.4780273e+01
   3.8366800e+05   2.7465820e+01
   3.9946900e+05   3.2653809e+01
   4.0108000e+05   3.0090332e+01
   4.0149700e+05   2.4597168e+01
   4.0159700e+05   3.3325195e+01
   4.0175300e+05   2.6794434e+01
   4.0188300e+05   3.1921387e+01
   4.0204500e+05   3.3935547e+01
   4.0216600e+05   2.8747559e+01
   4.0231700e+05   2.5756836e+01
   4.0245300e+05   3.0395508e+01
   4.0257500e+05   3.2836914e+01
   4.0269900e+05   2.7038574e+01
   4.0280900e+05   2.3315430e+01
   4.0290800e+05   2.9174805e+01
   4.0300900e+05   3.6132813e+01
   4.0313100e+05   3.1921387e+01
   4.0325600e+05   2.8564453e+01
   4.0346500e+05   2.9724121e+01
   4.0361200e+05   2.2460938e+01
   4.0373500e+05   2.3681641e+01
   4.0391300e+05   2.3925781e+01
   4.0405100e+05   2.6000977e+01
   4.0417500e+05   2.5878906e+01
   4.0428400e+05   3.0273438e+01
   4.0440600e+05   2.5756836e+01
   4.0458700e+05   2.7648926e+01
   4.0471800e+05   3.1066895e+01
   4.0485000e+05   3.0761719e+01
   4.0499000e+05   3.0090332e+01
   4.0518500e+05   2.8320313e+01
   4.0532100e+05   2.3742676e+01
   4.0549200e+05   2.6550293e+01
   4.0565900e+05   2.7343750e+01
   4.0579900e+05   2.5268555e+01
   4.0594600e+05   2.4902344e+01
   4.0612300e+05   2.6062012e+01
   4.0630600e+05   3.4545898e+01
   4.0659500e+05   2.6367188e+01
   4.0676100e+05   3.3325195e+01
   4.0690700e+05   3.2287598e+01
   4.0707700e+05   2.5878906e+01
   4.0764200e+05   2.6916504e+01
   4.0909400e+05   3.2653809e+01
   4.0970300e+05   3.1311035e+01
   4.1006200e+05   3.1555176e+01
   4.1051200e+05   3.1433105e+01
   4.1091400e+05   2.2827148e+01
   4.1126600e+05   3.1188965e+01
   4.1143700e+05   3.3447266e+01
   4.1253000e+05   2.9541016e+01
   4.1495800e+05   2.7954102e+01
   4.3770500e+05   2.7282715e+01
   4.5021900e+05   2.6672363e+01
   4.6489700e+05   3.2043457e+01
   4.7190600e+05   3.1372070e+01
   4.8030600e+05   3.1250000e+01
   4.8084100e+05   2.9968262e+01
   4.8330600e+05   3.4667969e+01
   4.8379200e+05   2.7221680e+01
   4.8931800e+05   3.0212402e+01
   4.9512600e+05   2.8320312e+01
   4.9564500e+05   2.9663086e+01
   5.0034800e+05   3.2165527e+01
   5.0946600e+05   3.5522461e+01
   5.1719900e+05   3.2897949e+01
   5.1770900e+05   3.3386230e+01
   5.2378600e+05   2.3742676e+01
   5.2885000e+05   3.0029297e+01
   5.3763600e+05   3.5217285e+01
   5.5017200e+05   3.0029297e+01
   5.5599500e+05   2.7770996e+01
   5.6380300e+05   2.9357910e+01
   5.6942800e+05   2.8930664e+01
   5.6991400e+05   3.3020020e+01
   5.7967500e+05   3.1799316e+01
   5.8549300e+05   2.8930664e+01
   6.0700500e+05   3.2897949e+01
   6.1741200e+05   3.4179688e+01
   6.1790100e+05   3.3630371e+01
   6.2271500e+05   3.0639648e+01
   6.2335900e+05   3.1005859e+01
   6.3182000e+05   3.3752441e+01
   6.3486300e+05   3.1555176e+01
   6.4508800e+05   2.8259277e+01
   6.4554300e+05   3.0700684e+01
   6.5383600e+05   2.5146484e+01
   6.5431700e+05   3.5461426e+01
   6.6141400e+05   2.6733398e+01
   6.6189700e+05   3.8269043e+01
   6.6874200e+05   2.9785156e+01
   6.7187600e+05   2.9907227e+01
   6.7806500e+05   2.6000977e+01
   6.8129100e+05   2.6367188e+01
   6.8380800e+05   2.8930664e+01
   6.8427500e+05   3.3935547e+01
   6.9698300e+05   2.8381348e+01
   7.1037600e+05   3.6010742e+01
   7.1092700e+05   2.9602051e+01
   7.1247900e+05   3.4362793e+01
   7.2959100e+05   3.4606934e+01
   7.3003400e+05   2.3071289e+01
   7.4123100e+05   2.9052734e+01
   7.4347800e+05   3.1616211e+01
   7.5338500e+05   3.0334473e+01
   7.6056100e+05   3.3569336e+01
   7.7151900e+05   2.9174805e+01
   7.7510000e+05   3.3691406e+01
   7.8851200e+05   2.4841309e+01
   7.9869600e+05   3.3203125e+01
   8.0790400e+05   2.8747559e+01
   8.1210300e+05   2.7343750e+01
   8.2447800e+05   2.8686523e+01
   8.2827800e+05   2.8808594e+01
   8.3795500e+05   3.5400391e+01
   8.5578600e+05   2.7893066e+01
   8.6210000e+05   2.7770996e+01
   8.7812000e+05   2.8686523e+01
   8.8844900e+05   3.3020020e+01
   8.9165500e+05   2.9296875e+01
   8.9210400e+05   3.3630371e+01
   9.0710900e+05   3.0761719e+01
   9.1351300e+05   2.6733398e+01
   9.3296200e+05   2.7221680e+01
   9.3414800e+05   3.1555176e+01
   9.4905600e+05   3.9672852e+01
   9.5275100e+05   2.5085449e+01
   9.5323300e+05   2.8442383e+01
   9.5921900e+05   3.4301758e+01
   9.5966700e+05   3.3813477e+01
   9.6428000e+05   2.8625488e+01
   9.7194500e+05   3.2287598e+01
   9.7242800e+05   2.7221680e+01
   9.7298700e+05   3.2104492e+01
   9.7702800e+05   3.2714844e+01
   9.9405000e+05   3.4729004e+01
   1.0083060e+06   3.1982422e+01
   1.0138480e+06   3.2470703e+01
   1.0211250e+06   3.0273438e+01
   1.0263460e+06   3.3996582e+01
   1.0409230e+06   3.0090332e+01
   1.0414060e+06   2.6977539e+01
   1.0526270e+06   2.8991699e+01
   1.0597190e+06   3.0517578e+01
   1.0601440e+06   3.4118652e+01
   1.0672830e+06   3.3630371e+01
   1.0734680e+06   2.9968262e+01
   1.0797880e+06   3.0456543e+01
   1.0942250e+06   3.3203125e+01
   1.0946780e+06   2.6550293e+01
   1.1022030e+06   2.6062012e+01
   1.1221870e+06   3.0944824e+01
   1.1227560e+06   2.8137207e+01
   1.1268730e+06   3.2958984e+01
   1.1307860e+06   3.0151367e+01
   1.1419510e+06   3.1738281e+01
   1.1424700e+06   2.4353027e+01
   1.1573830e+06   3.1005859e+01
   1.1621440e+06   3.1799316e+01
   1.1739690e+06   3.4912109e+01
   1.1744510e+06   3.0090332e+01
   1.1870730e+06   2.4963379e+01
   1.1950800e+06   3.0822754e+01
   1.2015130e+06   2.5268555e+01
   1.2106970e+06   3.1677246e+01
   1.2168340e+06   2.6428223e+01
   1.2192870e+06   2.4780273e+01
   1.2444980e+06   3.3874512e+01
   1.2712110e+06   3.0700684e+01
   1.2716260e+06   3.2897949e+01
   1.2721220e+06   3.0822754e+01
   1.2805200e+06   2.8747559e+01
   1.2809810e+06   2.5390625e+01
   1.3068560e+06   2.7099609e+01
   1.3119200e+06   3.1433105e+01
   1.3178660e+06   2.7465820e+01
   1.3385540e+06   3.2409668e+01
   1.3457380e+06   3.4301758e+01
   1.3497060e+06   2.9357910e+01
   1.3599520e+06   3.4729004e+01
   1.3643910e+06   3.0151367e+01
   1.3649010e+06   3.2409668e+01
   1.3775590e+06   3.3325195e+01
   1.3827430e+06   2.3620605e+01
   1.3832380e+06   2.7404785e+01
   1.3862470e+06   3.3264160e+01
   1.3927660e+06   2.7221680e+01
   1.4015120e+06   3.0334473e+01
   1.4020000e+06   3.0700684e+01
   1.4161370e+06   2.8381348e+01
   1.4317970e+06   3.0822754e+01
   1.4353750e+06   3.0151367e+01
   1.4406530e+06   3.1372070e+01
   1.4506710e+06   2.7954102e+01
   1.4512450e+06   3.0761719e+01
   1.4566230e+06   3.2836914e+01
   1.4572070e+06   2.9907227e+01
   1.4712690e+06   3.0700684e+01
   1.4717580e+06   3.2958984e+01
   1.4782830e+06   2.8747559e+01
   1.5154330e+06   3.7414551e+01
   1.5160800e+06   3.7414551e+01
   1.5364550e+06   3.8208008e+01
   1.5410740e+06   3.1372070e+01
   1.5739360e+06   4.0039063e+01
   1.5891170e+06   2.7770996e+01
   1.5968600e+06   2.5817871e+01
   1.5972890e+06   2.9663086e+01
   1.6018350e+06   3.3081055e+01
   1.6020980e+06   3.1127930e+01
   1.6082750e+06   2.6245117e+01
   1.6160330e+06   2.8991699e+01
   1.6269830e+06   2.6672363e+01
   1.6345090e+06   3.1677246e+01
   1.6350820e+06   3.6865234e+01
   1.6462340e+06   2.4291992e+01
   1.6505730e+06   2.9663086e+01
   1.6578690e+06   3.6254883e+01
   1.6689030e+06   2.9235840e+01
   1.6694340e+06   2.4169922e+01
   1.6948430e+06   3.2531738e+01
   1.7060330e+06   3.2226563e+01
   1.7236860e+06   3.2653809e+01
   1.7241400e+06   4.0832520e+01
   1.7326860e+06   3.1799316e+01
   1.7368040e+06   2.3986816e+01
   1.7555000e+06   2.4963379e+01
   1.7560630e+06   3.0395508e+01
   1.7649320e+06   3.2958984e+01
   1.7736240e+06   3.0883789e+01
   1.7788480e+06   2.9235840e+01
   1.7889370e+06   2.8381348e+01
   1.8293550e+06   2.9724121e+01
   1.8298370e+06   3.1494141e+01
   1.8346540e+06   3.2592773e+01
   1.8602190e+06   3.4484863e+01
   1.8606810e+06   3.3569336e+01
   1.8665860e+06   2.8076172e+01
   1.8671100e+06   3.2836914e+01
   1.8791280e+06   2.7221680e+01
   1.8939210e+06   3.1066895e+01
   1.9133670e+06   2.8381348e+01
   1.9138600e+06   2.8747559e+01
   1.9471050e+06   2.8625488e+01
   1.9833750e+06   2.8320313e+01
   1.9932440e+06   2.8503418e+01
   1.9960390e+06   3.5827637e+01
   2.0267790e+06   3.1494141e+01
   2.0334560e+06   3.3325195e+01
   2.0340460e+06   2.4658203e+01
   2.0467330e+06   3.6743164e+01
   2.0582210e+06   2.9418945e+01
   2.0776800e+06   3.1677246e+01
   2.0836310e+06   2.7709961e+01
   2.0841170e+06   2.8869629e+01
   2.0903270e+06   2.8747559e+01
   2.0974990e+06   2.9296875e+01
   2.0979770e+06   3.4729004e+01
   2.1320080e+06   2.2705078e+01
   2.1342670e+06   3.1738281e+01
   2.1528420e+06   2.8076172e+01
   2.1956980e+06   2.9235840e+01
   2.2060550e+06   3.1311035e+01
   2.2178800e+06   3.2043457e+01
   2.2353170e+06   2.8564453e+01
   2.2819620e+06   3.4790039e+01
   2.2824990e+06   3.0639648e+01
   2.2888980e+06   2.8930664e+01
   2.2893610e+06   2.5146484e+01
   2.2979460e+06   2.6428223e+01
   2.3482950e+06   3.1005859e+01
   2.3487400e+06   3.2104492e+01
   2.3784660e+06   3.5644531e+01
   2.4097980e+06   2.9479980e+01
   2.4144350e+06   3.0883789e+01
   2.4244030e+06   2.7038574e+01
   2.4275700e+06   2.9907227e+01
   2.4297220e+06   4.1992187e+01
   2.4395490e+06   2.6611328e+01
   2.4589330e+06   3.3508301e+01
   2.4593960e+06   3.0395508e+01
   2.4972480e+06   3.6010742e+01
   2.5088170e+06   3.0273438e+01
   2.5465940e+06   2.4353027e+01
   2.5471340e+06   2.6123047e+01
   2.5854090e+06   3.1555176e+01
   2.6172390e+06   3.0334473e+01
   2.6457630e+06   3.0334473e+01
   2.6598980e+06   3.1982422e+01
   2.6700310e+06   2.7893066e+01
   2.6706300e+06   3.0761719e+01
   2.6760340e+06   2.9846191e+01
   2.6765650e+06   3.7963867e+01
   2.6770220e+06   3.4423828e+01
   2.6915550e+06   2.9602051e+01
   2.6920340e+06   3.1616211e+01
   2.7090500e+06   2.7465820e+01
   2.7460380e+06   2.9663086e+01
   2.7794000e+06   2.6184082e+01
   2.8258590e+06   2.9479980e+01
   2.8520910e+06   3.4240723e+01
   2.8567380e+06   3.1677246e+01
   2.8617110e+06   3.1066895e+01
   2.8647090e+06   3.1127930e+01
   2.8746590e+06   2.5329590e+01
   2.8914090e+06   3.2653809e+01
   2.9004510e+06   3.4179687e+01
   2.9010310e+06   2.9602051e+01
   2.9143720e+06   2.5878906e+01
   2.9492400e+06   3.3325195e+01
   2.9796050e+06   3.3081055e+01
   2.9826460e+06   3.1616211e+01
   2.9831240e+06   3.5400391e+01
   3.0148550e+06   2.9052734e+01
   3.0228420e+06   3.1005859e+01
   3.0232720e+06   2.8869629e+01
   3.0236840e+06   3.0151367e+01
   3.0241080e+06   2.6306152e+01
   3.0244950e+06   2.8808594e+01
   3.0815350e+06   2.8747559e+01
   3.1133770e+06   3.3508301e+01
   3.1286070e+06   3.1188965e+01
   3.1290540e+06   2.7221680e+01
   3.1375810e+06   2.9479980e+01
   3.1380300e+06   3.7475586e+01
   3.1456440e+06   2.7099609e+01
   3.1720940e+06   3.1433105e+01
   3.1832850e+06   2.7587891e+01
   3.1868260e+06   3.3142090e+01
   3.1993360e+06   3.1555176e+01
   3.2041860e+06   3.2470703e+01
   3.2105770e+06   3.5461426e+01
   3.2177500e+06   3.2165527e+01
   3.2311900e+06   3.3935547e+01
   3.2618000e+06   3.0212402e+01
   3.2802670e+06   3.3386230e+01
   3.2965510e+06   2.7587891e+01
   3.2971590e+06   3.1005859e+01
   3.3081870e+06   3.3752441e+01
   3.3254370e+06   3.1555176e+01
   3.3586480e+06   3.4667969e+01
   3.4280840e+06   3.1127930e+01
   3.4786020e+06   2.8930664e+01
   3.5134480e+06   3.4790039e+01
   3.5140340e+06   3.2226563e+01
   3.5311840e+06   3.9855957e+01
   3.5318160e+06   2.6489258e+01
   3.5495970e+06   2.8930664e+01
   3.5634440e+06   2.9968262e+01
   3.5730460e+06   3.1494141e+01
   3.6461410e+06   3.1005859e+01
   3.6626550e+06   2.9479980e+01
   3.6631260e+06   3.0151367e+01
   3.6690920e+06   3.2897949e+01
   3.6789950e+06   3.5766602e+01
   3.7014840e+06   3.0334473e+01
   3.7302550e+06   3.3386230e+01
   3.7379490e+06   3.2470703e+01
   3.7382860e+06   3.5827637e+01
   3.7560300e+06   2.9052734e+01
   3.7633870e+06   3.1311035e+01
   3.7638210e+06   3.3447266e+01
   3.8121620e+06   3.3813477e+01
   3.8426790e+06   3.0517578e+01
   3.8431290e+06   3.3325195e+01
   3.8802790e+06   2.9541016e+01
   3.8807770e+06   2.3376465e+01
   3.9439830e+06   3.2470703e+01
   3.9764310e+06   3.5156250e+01
   3.9929470e+06   3.0029297e+01
   4.0328180e+06   3.1311035e+01
   4.1330280e+06   3.3264160e+01
   4.4575400e+06   2.5756836e+01
   4.4760240e+06   3.7963867e+01
   4.4878290e+06   3.2043457e+01
   4.5122530e+06   2.8564453e+01
   4.5126960e+06   3.3691406e+01
   4.5681690e+06   3.3752441e+01
   4.6761290e+06   2.8991699e+01
   4.8667270e+06   2.8686523e+01
   4.8671530e+06   3.7048340e+01
   4.8675870e+06   2.6000977e+01
   4.9218150e+06   3.5400391e+01
   5.0159750e+06   2.8076172e+01
   5.1101900e+06   2.9846191e+01
   5.1106000e+06   3.5095215e+01
   5.1986420e+06   3.3691406e+01
   5.2093150e+06   2.8137207e+01
   5.2267490e+06   2.7770996e+01
   5.2271380e+06   3.5583496e+01
   5.3066810e+06   2.8747559e+01
   5.4053990e+06   3.0334473e+01
   5.4206850e+06   2.6916504e+01
   5.5432910e+06   2.7770996e+01
   5.5437660e+06   2.8015137e+01
   5.6162800e+06   3.6071777e+01
   5.6482600e+06   2.4658203e+01
   5.6705070e+06   3.0700684e+01
   5.6709200e+06   3.3325195e+01
   5.7282950e+06   2.7648926e+01
   5.7304380e+06   2.8137207e+01
   5.8233270e+06   3.3264160e+01
   5.8675430e+06   2.8625488e+01
   5.8984200e+06   3.0822754e+01
   5.9879960e+06   3.4851074e+01
   5.9883970e+06   2.8076172e+01
   6.0254010e+06   2.9296875e+01
   6.0994410e+06   3.7963867e+01
   6.1959390e+06   2.7343750e+01
   6.1963150e+06   2.6062012e+01
   6.2280570e+06   3.0944824e+01
   6.2443240e+06   2.8320312e+01
   6.3315180e+06   3.2226563e+01
   6.3319240e+06   2.8076172e+01
   6.3322920e+06   2.9785156e+01
   6.4092160e+06   3.3142090e+01
   6.4096060e+06   2.7099609e+01
   6.4257540e+06   3.2592773e+01
   6.4261280e+06   2.7465820e+01
   7.0413450e+06   3.4790039e+01
   7.0417870e+06   2.8808594e+01
   7.0512340e+06   3.3752441e+01
   7.0515910e+06   3.2897949e+01
   7.1209170e+06   3.3691406e+01
   7.2185210e+06   3.0700684e+01
   7.2937010e+06   2.6611328e+01
   7.2940510e+06   2.8076172e+01
   7.4201350e+06   2.8442383e+01
   7.6051920e+06   2.8564453e+01
   7.6126200e+06   2.8320312e+01
   7.6129840e+06   3.3874512e+01
   7.6367810e+06   3.2653809e+01
   7.6370980e+06   3.4362793e+01
   7.6943160e+06   2.9357910e+01
   7.6947050e+06   3.0944824e+01
   7.7563780e+06   3.1555176e+01
   7.7567170e+06   3.1494141e+01
   7.7570130e+06   3.3996582e+01
   7.7846390e+06   2.6367187e+01
   7.7850360e+06   2.9052734e+01
   7.8104810e+06   3.0639648e+01
   7.8107990e+06   3.5217285e+01
   7.8111500e+06   3.2714844e+01
   7.8294880e+06   3.3935547e+01
   7.8430530e+06   3.9123535e+01
   7.8933810e+06   2.5573730e+01
   7.8937220e+06   3.0761719e+01
   7.9253340e+06   2.7099609e+01
   7.9439240e+06   3.2897949e+01
   7.9442410e+06   3.5583496e+01
   7.9445720e+06   3.4912109e+01
   7.9449060e+06   3.0944824e+01
   7.9523840e+06   2.4597168e+01
   7.9608920e+06   3.0334473e+01
   7.9612030e+06   3.4851074e+01
   7.9615360e+06   2.9113770e+01
   7.9665150e+06   2.7526855e+01
   7.9668480e+06   3.2592773e+01
   7.9801300e+06   3.3264160e+01
   7.9950530e+06   2.9724121e+01
   7.9954150e+06   2.6733398e+01
   7.9995420e+06   2.8076172e+01
   7.9998660e+06   3.2043457e+01
   8.0002090e+06   3.2409668e+01
   8.0005310e+06   3.0151367e+01
   8.0091220e+06   2.3986816e+01
   8.0094470e+06   2.6794434e+01
   8.0098380e+06   2.4169922e+01
   8.0403760e+06   2.6245117e+01
   8.0706670e+06   2.9235840e+01
   8.0709740e+06   3.2592773e+01
   8.0974030e+06   2.9418945e+01
   8.0977070e+06   2.8564453e+01
   8.1051950e+06   2.8503418e+01
   8.1055340e+06   2.5024414e+01
   8.1521690e+06   2.3071289e+01
   8.1524840e+06   2.9846191e+01
   8.1528430e+06   3.0883789e+01
   8.2004860e+06   3.1494141e+01
   8.2008020e+06   3.1311035e+01
   8.2172830e+06   2.6855469e+01
   8.2176410e+06   3.1799316e+01
   8.2286410e+06   3.4973145e+01
   8.2289440e+06   3.4484863e+01
   8.2486320e+06   3.1188965e+01
   8.2489320e+06   2.7404785e+01
   8.2493190e+06   2.9785156e+01
   8.2559440e+06   3.1250000e+01
   8.2562690e+06   3.0639648e+01
   8.2668710e+06   2.8381348e+01
   8.2671890e+06   3.2836914e+01
   8.2747610e+06   2.5085449e+01
   8.2847110e+06   2.5634766e+01
   8.2851220e+06   3.0822754e+01
   8.3009010e+06   2.5695801e+01
   8.3012230e+06   3.2714844e+01
   8.3158160e+06   2.4719238e+01
   8.4368300e+06   2.6428223e+01
   8.4371320e+06   3.0212402e+01
   8.4374950e+06   2.7526855e+01
   8.4932980e+06   3.1860352e+01
   8.4936230e+06   3.5217285e+01
   8.5205840e+06   2.9357910e+01
   8.5208870e+06   3.7597656e+01
   8.5502880e+06   2.9907227e+01
   8.5506030e+06   3.1738281e+01
   8.6083820e+06   3.0456543e+01
   8.6087990e+06   2.7832031e+01
   8.6477530e+06   2.7099609e+01
   8.6481110e+06   2.6123047e+01
   8.6649220e+06   3.4667969e+01
   8.6652800e+06   2.3681641e+01
   8.6655790e+06   3.1433105e+01
   8.6797700e+06   2.4719238e+01
   8.7095320e+06   3.2714844e+01
   8.7098570e+06   3.8574219e+01
   8.7579400e+06   3.0883789e+01
   8.7582360e+06   2.9418945e+01
   8.7712200e+06   2.8991699e+01
   8.7715450e+06   2.7770996e+01
   8.7870240e+06   2.7465820e+01
   8.7873230e+06   3.4240723e+01
   8.8414460e+06   2.9724121e+01
   8.8417460e+06   3.2165527e+01
   8.8777700e+06   2.9785156e+01
   8.8780760e+06   2.9785156e+01
   8.8869320e+06   2.7404785e+01
   8.9082210e+06   3.5766602e+01
   8.9085520e+06   3.4240723e+01
   8.9088430e+06   2.7160645e+01
   8.9091340e+06   2.8991699e+01
   8.9265270e+06   3.0700684e+01
   8.9268600e+06   2.6916504e+01
   8.9352980e+06   3.1433105e+01
   8.9802460e+06   3.0090332e+01
   8.9805770e+06   3.0517578e+01
   9.0521030e+06   3.3020020e+01
   9.0524720e+06   3.1921387e+01
   9.0528370e+06   3.1555176e+01
   9.0594720e+06   2.9113770e+01
   9.0597890e+06   3.1005859e+01
   9.0789190e+06   3.0029297e+01
   9.0792260e+06   2.8137207e+01
   9.0852190e+06   3.0639648e+01
   9.0855080e+06   3.2043457e+01
   9.0857810e+06   3.3081055e+01
   9.0860530e+06   3.1616211e+01
   9.1040140e+06   3.0151367e+01
   9.1042920e+06   2.9724121e+01
   9.1045510e+06   2.6794434e+01
   9.1243820e+06   3.5827637e+01
   9.1246660e+06   2.9968262e+01
   9.1625000e+06   3.4057617e+01
   9.2274900e+06   3.1005859e+01
   9.2496580e+06   3.7780762e+01
   9.2499560e+06   3.5034180e+01
   9.4482770e+06   2.8747559e+01
   9.4486400e+06   2.6855469e+01
   9.4490300e+06   2.9235840e+01
   9.4493290e+06   2.8564453e+01
   9.4692130e+06   2.8564453e+01
   9.4695080e+06   3.3081055e+01
   9.4698060e+06   2.5939941e+01
   9.4701310e+06   2.3010254e+01
   9.5240070e+06   2.6123047e+01
   9.5419260e+06   2.6489258e+01
   9.5422290e+06   2.9418945e+01
   9.5507870e+06   3.1433105e+01
   9.5510910e+06   2.8137207e+01
   9.5513790e+06   2.8625488e+01
   9.6395860e+06   3.2958984e+01
   9.6398640e+06   2.7648926e+01
   9.6401150e+06   3.1677246e+01
   9.6729550e+06   3.1738281e+01
   9.6732220e+06   3.0700684e+01
   9.6734580e+06   2.6611328e+01
   9.7187110e+06   2.8076172e+01
   9.7987900e+06   2.9479980e+01
   9.7991310e+06   2.6855469e+01
   9.8508820e+06   3.0700684e+01
   9.8511570e+06   2.5573730e+01
   9.8514520e+06   2.6000977e+01
   1.0138685e+07   2.5573730e+01
   1.0138954e+07   2.7832031e+01
   1.0139208e+07   3.3020020e+01
   1.0139447e+07   3.0395508e+01
   1.0139682e+07   2.9174805e+01
   1.0159618e+07   3.2409668e+01
   1.0196518e+07   2.6733398e+01
   1.0196775e+07   2.3986816e+01
   1.0197013e+07   2.6977539e+01
   1.0197240e+07   2.3254395e+01
   1.0244208e+07   3.1127930e+01
   1.0244468e+07   2.7893066e+01
   1.0244723e+07   2.8808594e+01
   1.0265520e+07   2.9785156e+01
   1.0265812e+07   3.0822754e+01
   1.0284800e+07   2.4169922e+01
   1.0306705e+07   3.3508301e+01
   1.0475896e+07   2.9113770e+01
   1.0476153e+07   2.7465820e+01
   1.0476378e+07   3.1860352e+01
   1.0476617e+07   2.7160645e+01
   1.0476862e+07   3.2714844e+01
   1.0527125e+07   3.2104492e+01
   1.0527388e+07   2.6428223e+01
   1.0527667e+07   2.8564453e+01
   1.0527932e+07   3.1066895e+01
   1.0586258e+07   3.2348633e+01
   1.0607231e+07   3.0822754e+01
   1.0607495e+07   2.9541016e+01
   1.0607725e+07   2.4902344e+01
   1.0607954e+07   2.3315430e+01
   1.0638127e+07   2.7954102e+01
   1.0638382e+07   3.1066895e+01
   1.0638603e+07   3.4179688e+01
   1.0638896e+07   2.3803711e+01
   1.0671159e+07   2.3315430e+01
   1.0701818e+07   3.6560059e+01
   1.0702237e+07   2.7954102e+01
   1.0723002e+07   3.0517578e+01
   1.0738714e+07   2.6977539e+01
   1.0738984e+07   2.4536133e+01
   1.0739223e+07   3.1555176e+01
   1.0760243e+07   3.3081055e+01
   1.0771632e+07   3.2470703e+01
   1.0771898e+07   3.2958984e+01
   1.0783361e+07   2.8198242e+01
   1.0783625e+07   2.5268555e+01
   1.0783872e+07   3.1616211e+01
   1.0830090e+07   3.1738281e+01
   1.0830361e+07   2.9785156e+01
   1.0830597e+07   2.9235840e+01
   1.0830855e+07   2.7038574e+01
   1.0851160e+07   3.2592773e+01
   1.0851425e+07   2.6611328e+01
   1.0851664e+07   2.9113770e+01
   1.0851904e+07   2.7099609e+01
   1.0852174e+07   3.2287598e+01
   1.0852441e+07   3.3325195e+01
   1.0852671e+07   3.3630371e+01
   1.0852898e+07   2.6489258e+01
   1.0920086e+07   2.9479980e+01
   1.0920349e+07   2.6977539e+01
   1.0920578e+07   2.8930664e+01
   1.0920828e+07   3.0944824e+01
   1.0921043e+07   2.9785156e+01
   1.0921275e+07   2.7404785e+01
   1.0921560e+07   2.3803711e+01
   1.0938431e+07   2.8381348e+01
   1.0941995e+07   2.9479980e+01
   1.0942270e+07   3.0212402e+01
   1.0973099e+07   3.4240723e+01
   1.0973392e+07   3.2836914e+01
   1.0973716e+07   3.0151367e+01
   1.0986807e+07   2.7404785e+01
   1.0987059e+07   2.3803711e+01
   1.0987306e+07   2.3803711e+01
   1.0987537e+07   2.6428223e+01
   1.0987801e+07   3.0151367e+01
   1.1028670e+07   2.8137207e+01
   1.1028937e+07   2.5512695e+01
   1.1033761e+07   2.4414063e+01
   1.1033999e+07   3.0273438e+01
   1.1034246e+07   2.9541016e+01
   1.1059166e+07   2.7038574e+01
   1.1059406e+07   3.5034180e+01
   1.1059640e+07   3.0700684e+01
   1.1059889e+07   2.8259277e+01
   1.1069514e+07   2.4169922e+01
   1.1069767e+07   2.5756836e+01
   1.1075581e+07   2.6672363e+01
   1.1075863e+07   3.6865234e+01
   1.1112696e+07   3.1188965e+01
   1.1112938e+07   2.4230957e+01
   1.1113170e+07   3.2653809e+01
   1.1113409e+07   3.3874512e+01
   1.1119001e+07   2.6306152e+01
   1.1128220e+07   3.2165527e+01
   1.1128456e+07   2.5695801e+01
   1.1128659e+07   3.1188965e+01
   1.1128864e+07   2.8747559e+01
   1.1129099e+07   3.3569336e+01
   1.1135957e+07   3.0456543e+01
   1.1136252e+07   2.7221680e+01
   1.1136497e+07   2.3803711e+01
   1.1154532e+07   2.5024414e+01
   1.1154784e+07   2.2888184e+01
   1.1167385e+07   2.7038574e+01
   1.1167632e+07   2.7282715e+01
   1.1180297e+07   3.2165527e+01
   1.1180572e+07   2.7648926e+01
   1.1180827e+07   3.0639648e+01
   1.1181048e+07   2.9846191e+01
   1.1181280e+07   2.5756836e+01
   1.1204248e+07   2.6000977e+01
   1.1204499e+07   3.1372070e+01
   1.1219517e+07   3.3081055e+01
   1.1219773e+07   3.2043457e+01
   1.1248221e+07   2.8991699e+01
   1.1248472e+07   2.8991699e+01
   1.1255883e+07   3.0029297e+01
   1.1256215e+07   2.3864746e+01
   1.1279839e+07   2.5939941e+01
   1.1280124e+07   2.6855469e+01
   1.1301981e+07   2.8869629e+01
   1.1302226e+07   3.2836914e+01
   1.1302447e+07   2.7954102e+01
   1.1302678e+07   3.2958984e+01
   1.1302914e+07   2.5634766e+01
   1.1312602e+07   3.2287598e+01
   1.1319318e+07   2.8930664e+01
   1.1319575e+07   3.3508301e+01
   1.1325752e+07   2.4597168e+01
   1.1326009e+07   2.4169922e+01
   1.1338590e+07   2.6794434e+01
   1.1339328e+07   2.4719238e+01
   1.1349345e+07   2.3498535e+01
   1.1349577e+07   3.1616211e+01
   1.1349805e+07   2.4291992e+01
   1.1350031e+07   3.1738281e+01
   1.1383419e+07   2.4597168e+01
   1.1383656e+07   3.2958984e+01
   1.1383845e+07   2.9541016e+01
   1.1384041e+07   3.1677246e+01
   1.1384285e+07   2.4291992e+01
   1.1396562e+07   2.6794434e+01
   1.1396803e+07   2.7221680e+01
   1.1397014e+07   2.7770996e+01
   1.1397240e+07   2.8991699e+01
   1.1404626e+07   2.7465820e+01
   1.1404872e+07   2.9602051e+01
   1.1405110e+07   2.8198242e+01
   1.1405330e+07   3.2531738e+01
   1.1405536e+07   2.9052734e+01
   1.1405767e+07   3.2897949e+01
   1.1405998e+07   2.4841309e+01
   1.1410559e+07   2.8320312e+01
   1.1410837e+07   3.2348633e+01
   1.1418614e+07   3.0029297e+01
   1.1418857e+07   3.2531738e+01
   1.1420662e+07   2.7709961e+01
   1.1427449e+07   2.6000977e+01
   1.1427697e+07   3.2653809e+01
   1.1433494e+07   2.5451660e+01
   1.1433793e+07   3.1616211e+01
   1.1442092e+07   2.6733398e+01
   1.1442327e+07   2.9968262e+01
   1.1442542e+07   3.1250000e+01
   1.1449132e+07   2.9785156e+01
   1.1449399e+07   2.7526855e+01
   1.1456787e+07   3.1066895e+01
   1.1457034e+07   3.1066895e+01
   1.1468454e+07   3.0090332e+01
   1.1468691e+07   2.9418945e+01
   1.1473217e+07   3.2409668e+01
   1.1473483e+07   2.3864746e+01
   1.1473772e+07   2.9235840e+01
   1.1479380e+07   2.7465820e+01
   1.1479618e+07   2.8930664e+01
   1.1485652e+07   2.8442383e+01
   1.1489888e+07   2.8747559e+01
   1.1490178e+07   2.3681641e+01
   1.1490463e+07   2.8015137e+01
   1.1490732e+07   2.6000977e+01
   1.1491052e+07   2.7770996e+01
   1.1491276e+07   2.9541016e+01
   1.1498769e+07   3.0822754e+01
   1.1499038e+07   2.8137207e+01
   1.1508693e+07   3.7353516e+01
   1.1508915e+07   3.2409668e+01
   1.1513721e+07   3.4729004e+01
   1.1513994e+07   2.4536133e+01
   1.1514324e+07   3.1616211e+01
   1.1514553e+07   2.9846191e+01
   1.1523795e+07   2.7160645e+01
   1.1524044e+07   2.9174805e+01
   1.1526032e+07   2.5634766e+01
   1.1526284e+07   3.0822754e+01
   1.1526534e+07   2.7587891e+01
   1.1538853e+07   3.0456543e+01
   1.1539115e+07   3.0578613e+01
   1.1539354e+07   2.6245117e+01
   1.1539596e+07   2.8076172e+01
   1.1546687e+07   2.3254395e+01
   1.1546977e+07   2.7038574e+01
   1.1547204e+07   2.4047852e+01
   1.1547486e+07   2.8259277e+01
   1.1547718e+07   2.6733398e+01
   1.1554045e+07   3.6193848e+01
   1.1554300e+07   2.4597168e+01
   1.1554611e+07   2.6550293e+01
   1.1554844e+07   3.3996582e+01
   1.1557023e+07   2.9113770e+01
   1.1557261e+07   3.0151367e+01
   1.1557475e+07   2.6489258e+01
   1.1563354e+07   3.2470703e+01
   1.1563579e+07   3.2592773e+01
   1.1566433e+07   2.6489258e+01
   1.1566675e+07   2.6916504e+01
   1.1566936e+07   2.4963379e+01
   1.1567175e+07   2.7832031e+01
   1.1567450e+07   2.4475098e+01
   1.1567714e+07   2.5573730e+01
   1.1573979e+07   2.6000977e+01
   1.1574244e+07   3.1372070e+01
   1.1579070e+07   3.0761719e+01
   1.1580838e+07   2.5939941e+01
   1.1581096e+07   2.5268555e+01
   1.1590624e+07   3.2043457e+01
   1.1590852e+07   3.0273438e+01
   1.1591089e+07   2.6123047e+01
   1.1594834e+07   3.1005859e+01
   1.1595065e+07   2.9296875e+01
   1.1595834e+07   2.8747559e+01
   1.1603269e+07   2.8686523e+01
   1.1603913e+07   2.9724121e+01
   1.1604137e+07   3.0456543e+01
   1.1604352e+07   3.3447266e+01
   1.1605652e+07   2.7709961e+01
   1.1613544e+07   3.0456543e+01
   1.1617227e+07   2.3925781e+01
   1.1617502e+07   2.6000977e+01
   1.1619624e+07   2.8503418e+01
   1.1619859e+07   2.9602051e+01
   1.1620087e+07   3.1250000e+01
   1.1625418e+07   2.9724121e+01
   1.1625658e+07   2.8076172e+01
   1.1625907e+07   2.8076172e+01
   1.1626178e+07   2.8930664e+01
   1.1633359e+07   2.5451660e+01
   1.1633604e+07   3.0029297e+01
   1.1638753e+07   3.3325195e+01
   1.1639005e+07   2.8625488e+01
   1.1643199e+07   2.9541016e+01
   1.1644078e+07   2.8991699e+01
   1.1644368e+07   2.5756836e+01
   1.1644709e+07   2.7160645e+01
   1.1644940e+07   3.2348633e+01
   1.1647976e+07   3.1494141e+01
   1.1648254e+07   2.3986816e+01
   1.1652258e+07   2.6062012e+01
   1.1653456e+07   3.3081055e+01
   1.1659173e+07   3.0212402e+01
   1.1661013e+07   2.6794434e+01
   1.1661245e+07   2.6672363e+01
   1.1661521e+07   2.3620605e+01
   1.1665262e+07   2.5573730e+01
   1.1665569e+07   2.6855469e+01
   1.1669516e+07   3.0944824e+01
   1.1670593e+07   2.5817871e+01
   1.1674861e+07   2.8259277e+01
   1.1675096e+07   2.7343750e+01
   1.1675326e+07   2.7465820e+01
   1.1679017e+07   3.0456543e+01
   1.1679289e+07   2.8076172e+01
   1.1684289e+07   2.8259277e+01
   1.1684535e+07   2.7709961e+01
   1.1684815e+07   2.4536133e+01
   1.1685230e+07   2.3620605e+01
   1.1687721e+07   2.9479980e+01
   1.1690943e+07   2.5817871e+01
   1.1691214e+07   2.6672363e+01
   1.1692262e+07   2.5573730e+01
   1.1697193e+07   2.6000977e+01
   1.1697418e+07   2.9296875e+01
   1.1697632e+07   2.4841309e+01
   1.1699528e+07   2.9235840e+01
   1.1701761e+07   2.7893066e+01
   1.1702017e+07   2.9174805e+01
   1.1704672e+07   2.3803711e+01
   1.1704919e+07   3.3447266e+01
   1.1706941e+07   3.0639648e+01
   1.1707208e+07   2.9296875e+01
   1.1711103e+07   2.7832031e+01
   1.1718755e+07   2.6977539e+01
   1.1719005e+07   2.7587891e+01
   1.1719274e+07   2.4230957e+01
   1.1724714e+07   2.4719238e+01
   1.1728490e+07   2.8991699e+01
   1.1734587e+07   2.7465820e+01
   1.1734827e+07   2.6000977e+01
   1.1735131e+07   2.8564453e+01
   1.1739626e+07   2.4597168e+01
   1.1739880e+07   2.8320312e+01
   1.1741045e+07   2.9174805e+01
   1.1741323e+07   3.0456543e+01
   1.1746854e+07   2.4597168e+01
   1.1747076e+07   2.5451660e+01
   1.1754733e+07   2.5695801e+01
   1.1754968e+07   2.6306152e+01
   1.1756151e+07   2.7832031e+01
   1.1759173e+07   2.5634766e+01
   1.1764781e+07   2.9174805e+01
   1.1765059e+07   2.3437500e+01
   1.1766395e+07   2.8259277e+01
   1.1774428e+07   2.7526855e+01
   1.1774687e+07   2.8991699e+01
   1.1777589e+07   2.7526855e+01
   1.1777830e+07   2.2949219e+01
   1.1778099e+07   2.7099609e+01
   1.1779662e+07   2.7526855e+01
   1.1781758e+07   2.5878906e+01
   1.1788255e+07   2.6245117e+01
   1.1792138e+07   3.0090332e+01
   1.1792386e+07   3.1738281e+01
   1.1801781e+07   2.6611328e+01
   1.1802018e+07   2.7160645e+01
   1.1802247e+07   3.0944824e+01
   1.1802508e+07   2.7954102e+01
   1.1810443e+07   2.9052734e+01
   1.1810675e+07   3.2531738e+01
   1.1810890e+07   3.0578613e+01
   1.1816498e+07   2.5878906e+01
   1.1816774e+07   2.6733398e+01
   1.1831370e+07   3.5522461e+01
   1.1831729e+07   2.7160645e+01
   1.1831974e+07   2.6062012e+01
   1.1832202e+07   2.3071289e+01
   1.1833798e+07   2.5756836e+01
   1.1836859e+07   2.9479980e+01
   1.1837103e+07   2.7709961e+01
   1.1841327e+07   3.5949707e+01
   1.1848194e+07   2.6550293e+01
   1.1848472e+07   2.6367188e+01
   1.1858247e+07   3.2409668e+01
   1.1858536e+07   3.2470703e+01
   1.1868569e+07   2.7832031e+01
   1.1886488e+07   2.6489258e+01
   1.1895807e+07   2.9541016e+01
   1.1896074e+07   2.8442383e+01
   1.1896331e+07   2.5634766e+01
   1.1906294e+07   2.6184082e+01
   1.1906595e+07   2.6245117e+01
   1.1914177e+07   2.6367188e+01
   1.1914423e+07   3.4118652e+01
   1.1921687e+07   3.1066895e+01
   1.1921951e+07   2.8747559e+01
   1.1928938e+07   2.5146484e+01
   1.1935889e+07   2.8015137e+01
   1.1937776e+07   2.9296875e+01
   1.1938630e+07   2.4169922e+01
   1.1952308e+07   3.0761719e+01
   1.1971348e+07   2.3681641e+01
   1.1971615e+07   2.8320313e+01
