   1.1999000e+07   0.0000000e+00
   2.3951000e+05   2.5024414e+01
   2.3953800e+05   2.4291992e+01
   9.3395900e+05   3.2287598e+01
   9.3398200e+05   2.3559570e+01
   1.1928620e+06   2.3376465e+01
   1.2606840e+06   2.3803711e+01
   1.6019070e+06   2.6428223e+01
   1.6019230e+06   2.5939941e+01
   1.6019420e+06   2.4475098e+01
   2.1809600e+06   2.7587891e+01
   2.5799230e+06   2.3315430e+01
   3.7380520e+06   2.4902344e+01
   3.7383000e+06   2.7404785e+01
   4.3822320e+06   2.5756836e+01
   4.6476680e+06   2.4353027e+01
   5.2757930e+06   2.4658203e+01
   5.2759090e+06   3.1005859e+01
   8.3560150e+06   2.4536133e+01
   8.3875770e+06   2.4597168e+01
