   1.1999000e+07   0.0000000e+00
   6.9572000e+04   2.1667480e+01
   8.4121000e+04   3.5156250e+01
   8.4242000e+04   2.4536133e+01
   8.4400000e+04   3.8085937e+01
   8.4629000e+04   3.3142090e+01
   8.4758000e+04   2.4475098e+01
   8.5092000e+04   2.2827148e+01
   8.5123000e+04   2.4963379e+01
   8.7977000e+04   2.5329590e+01
   9.2721000e+04   2.5695801e+01
   9.3518000e+04   2.7099609e+01
   9.3794000e+04   2.6855469e+01
   1.3274900e+05   2.1911621e+01
   1.3451100e+05   2.1789551e+01
   1.8784100e+05   2.2949219e+01
   1.8795000e+05   3.6865234e+01
   1.8815700e+05   3.4790039e+01
   1.8832300e+05   2.8076172e+01
   1.8845900e+05   2.6855469e+01
   1.9615200e+05   2.2338867e+01
   2.3974100e+05   2.3254395e+01
   2.3989500e+05   3.4667969e+01
   2.4006700e+05   2.3437500e+01
   2.4009500e+05   2.3803711e+01
   2.4033200e+05   2.5695801e+01
   2.6248100e+05   2.1423340e+01
   3.0759600e+05   2.1728516e+01
   3.0764000e+05   3.1555176e+01
   3.0802600e+05   2.8625488e+01
   3.0823400e+05   2.3620605e+01
   3.0843300e+05   2.5390625e+01
   3.1803800e+05   3.0273438e+01
   4.0195600e+05   3.3569336e+01
   4.0212100e+05   2.9357910e+01
   4.0232100e+05   2.8808594e+01
   4.0256000e+05   2.2766113e+01
   4.0275800e+05   2.4230957e+01
   4.0407500e+05   2.3681641e+01
   4.0561800e+05   2.3925781e+01
   4.0719000e+05   2.1545410e+01
   4.0939100e+05   2.1850586e+01
   4.1117100e+05   2.6977539e+01
   5.0099400e+05   2.1423340e+01
   5.2323700e+05   2.2155762e+01
   5.6775100e+05   2.1423340e+01
   6.5067300e+05   2.6000977e+01
   6.7017400e+05   2.1728516e+01
   6.8321900e+05   2.5085449e+01
   7.2981500e+05   2.2888184e+01
   7.5817000e+05   2.2338867e+01
   8.8053300e+05   2.2338867e+01
   9.3408500e+05   2.2521973e+01
   9.3454000e+05   2.3620605e+01
   9.4534600e+05   2.1911621e+01
   9.6813900e+05   2.1667480e+01
   9.9134500e+05   2.3132324e+01
   1.0217150e+06   2.3010254e+01
   1.0682340e+06   2.4658203e+01
   1.0784130e+06   2.5390625e+01
   1.0974390e+06   2.1972656e+01
   1.1770140e+06   2.1606445e+01
   1.1993870e+06   2.1545410e+01
   1.2379180e+06   2.1789551e+01
   1.2606660e+06   2.2827148e+01
   1.2608390e+06   2.3315430e+01
   1.3084430e+06   2.4108887e+01
   1.3519840e+06   2.1423340e+01
   1.3882000e+06   2.1423340e+01
   1.4013590e+06   2.1606445e+01
   1.5088610e+06   2.3681641e+01
   1.5606320e+06   2.2766113e+01
   1.5744080e+06   2.2216797e+01
   1.5843400e+06   2.1545410e+01
   1.6066590e+06   3.5888672e+01
   1.7168930e+06   2.2338867e+01
   1.7283360e+06   2.1667480e+01
   1.7529750e+06   2.1484375e+01
   1.9269670e+06   2.1728516e+01
   1.9373970e+06   2.2155762e+01
   2.0507120e+06   2.1667480e+01
   2.1036340e+06   2.4780273e+01
   2.1314080e+06   2.2216797e+01
   2.1479440e+06   2.4169922e+01
   2.1570090e+06   2.1606445e+01
   2.1811290e+06   2.2155762e+01
   2.1918010e+06   2.2583008e+01
   2.2031540e+06   2.2399902e+01
   2.2071380e+06   2.2583008e+01
   2.2224710e+06   2.2216797e+01
   2.2805260e+06   2.3437500e+01
   2.3214010e+06   4.0100098e+01
   2.4215680e+06   2.1545410e+01
   2.4801150e+06   2.5146484e+01
   2.5003460e+06   2.1728516e+01
   2.5306680e+06   2.1606445e+01
   2.5840990e+06   2.2094727e+01
   2.6042520e+06   2.5146484e+01
   2.7458050e+06   3.6560059e+01
   3.0477720e+06   2.3803711e+01
   3.2315000e+06   2.2644043e+01
   3.2367730e+06   2.2399902e+01
   3.3987050e+06   2.2094727e+01
   3.4558480e+06   2.3376465e+01
   3.4786480e+06   2.3437500e+01
   3.4902180e+06   2.1789551e+01
   3.6824660e+06   2.2338867e+01
   3.7473500e+06   2.3437500e+01
   3.7935560e+06   2.2277832e+01
   3.9037790e+06   2.3254395e+01
   3.9662400e+06   2.3193359e+01
   4.1299330e+06   2.3864746e+01
   4.1312930e+06   2.1789551e+01
   4.2550310e+06   2.2705078e+01
   4.2996760e+06   2.2094727e+01
   4.3266680e+06   2.1789551e+01
   4.3487970e+06   2.3132324e+01
   4.5048810e+06   2.2277832e+01
   4.5327770e+06   2.2583008e+01
   4.6366100e+06   2.1728516e+01
   4.7411130e+06   2.2399902e+01
   4.7990610e+06   2.3864746e+01
   4.8305360e+06   2.2583008e+01
   4.8521270e+06   2.2277832e+01
   4.9723900e+06   2.2460938e+01
   5.0457040e+06   2.2216797e+01
   5.1075370e+06   2.1667480e+01
   5.2021180e+06   2.1728516e+01
   5.2251620e+06   2.1911621e+01
   5.2329050e+06   2.3315430e+01
   5.2668430e+06   2.1667480e+01
   5.2680100e+06   2.2216797e+01
   5.3043080e+06   2.4353027e+01
   5.3046600e+06   2.1789551e+01
   5.3181440e+06   2.2155762e+01
   5.3482800e+06   2.3803711e+01
   5.3703590e+06   2.3620605e+01
   5.3798330e+06   2.2521973e+01
   5.4158820e+06   2.2705078e+01
   5.5266260e+06   2.2033691e+01
   5.6197260e+06   2.4414063e+01
   5.7062290e+06   2.2033691e+01
   5.7334860e+06   2.5756836e+01
   5.7825300e+06   2.2338867e+01
   5.8529610e+06   2.2949219e+01
   5.9619400e+06   2.1972656e+01
   5.9976330e+06   2.1972656e+01
   5.9996540e+06   2.1972656e+01
   6.0509970e+06   2.2277832e+01
   6.1238020e+06   2.1667480e+01
   6.1378780e+06   2.5573730e+01
   6.1542500e+06   2.2521973e+01
   6.2539630e+06   2.1728516e+01
   6.3348070e+06   2.1850586e+01
   6.3456690e+06   2.1972656e+01
   6.4068570e+06   2.2033691e+01
   6.4624340e+06   2.1850586e+01
   6.5713810e+06   2.2399902e+01
   6.6756560e+06   2.3986816e+01
   6.6958020e+06   2.1728516e+01
   6.7462270e+06   2.2949219e+01
   6.7870530e+06   2.3132324e+01
   7.0152860e+06   2.2277832e+01
   7.3666640e+06   2.4169922e+01
   7.3961140e+06   2.1911621e+01
   7.5429420e+06   2.3071289e+01
   7.7451890e+06   2.3559570e+01
   7.9706440e+06   2.2644043e+01
   7.9787830e+06   2.3132324e+01
   8.0268090e+06   2.1728516e+01
   8.0456390e+06   2.2094727e+01
   8.6567460e+06   2.2155762e+01
   8.7140030e+06   2.2705078e+01
   8.7278390e+06   2.3559570e+01
   8.7575660e+06   2.1911621e+01
   8.8093150e+06   2.1728516e+01
   8.8328890e+06   2.2583008e+01
   9.1807040e+06   2.1484375e+01
   9.1995800e+06   2.5939941e+01
   9.2862570e+06   2.1362305e+01
   9.3121690e+06   2.1850586e+01
   9.4858520e+06   2.2094727e+01
   9.5107410e+06   2.1484375e+01
   9.5284850e+06   2.1850586e+01
   9.5295470e+06   2.1789551e+01
   9.6291070e+06   2.1606445e+01
   9.7195000e+06   2.2705078e+01
   9.9005680e+06   2.1301270e+01
   9.9297310e+06   2.2094727e+01
   9.9413940e+06   2.4597168e+01
   9.9422570e+06   2.2521973e+01
   1.0017937e+07   2.5634766e+01
   1.0019046e+07   2.3254395e+01
   1.0019516e+07   2.1545410e+01
   1.0020144e+07   2.4047852e+01
   1.0021367e+07   2.5451660e+01
   1.0021934e+07   2.4414063e+01
   1.0023005e+07   2.3132324e+01
   1.0024622e+07   2.2766113e+01
   1.0053468e+07   2.1972656e+01
   1.0100864e+07   2.3925781e+01
   1.0101596e+07   2.3498535e+01
   1.0102266e+07   2.4169922e+01
   1.0140258e+07   2.7099609e+01
   1.0141723e+07   2.7709961e+01
   1.0147917e+07   2.2827148e+01
   1.0148806e+07   2.1789551e+01
   1.0149506e+07   2.1728516e+01
   1.0176961e+07   2.5512695e+01
   1.0177687e+07   2.2460938e+01
   1.0178868e+07   2.2399902e+01
   1.0180505e+07   2.2521973e+01
   1.0182929e+07   2.1789551e+01
   1.0235576e+07   2.1484375e+01
   1.0238979e+07   2.7160645e+01
   1.0241659e+07   2.1667480e+01
   1.0243026e+07   2.4597168e+01
   1.0281279e+07   2.3010254e+01
   1.0304417e+07   2.2521973e+01
   1.0325451e+07   2.2094727e+01
   1.0369252e+07   2.1789551e+01
   1.0406401e+07   2.3132324e+01
   1.0466074e+07   2.1850586e+01
   1.0468589e+07   2.1423340e+01
   1.0511089e+07   2.3803711e+01
   1.0532169e+07   2.1301270e+01
   1.0733268e+07   2.3620605e+01
   1.0799645e+07   2.2644043e+01
   1.0859944e+07   2.1667480e+01
   1.0914287e+07   2.2705078e+01
   1.1313549e+07   2.2155762e+01
   1.1746440e+07   2.4719238e+01
   1.1785196e+07   2.1362305e+01
