   1.1999000e+07   0.0000000e+00
   8.4245000e+04   3.7963867e+01
   1.8881000e+05   3.5827637e+01
   2.3956500e+05   3.4851074e+01
   2.3963700e+05   2.8015137e+01
   7.4955700e+05   3.3142090e+01
   9.3398100e+05   3.6193848e+01
   9.3407200e+05   2.9296875e+01
   1.2606440e+06   3.8024902e+01
   1.2607330e+06   2.6916504e+01
   1.6019660e+06   2.7648926e+01
   1.6020730e+06   2.7770996e+01
   1.6022500e+06   2.8686523e+01
   1.9970250e+06   2.4536133e+01
   2.1808990e+06   3.1250000e+01
   2.1810230e+06   2.4597168e+01
   3.7382780e+06   3.3020020e+01
   3.7384370e+06   2.4047852e+01
   4.3821740e+06   2.9113770e+01
   4.4222930e+06   2.3498535e+01
   4.4330740e+06   2.3254395e+01
   4.4627280e+06   2.3193359e+01
   5.2759790e+06   2.8930664e+01
   5.7302210e+06   3.0090332e+01
   5.7303820e+06   2.3376465e+01
   7.9614660e+06   2.3681641e+01
   8.3560940e+06   2.9968262e+01
   8.3562580e+06   2.5573730e+01
   8.3816860e+06   2.4353027e+01
