   1.1999000e+07   0.0000000e+00
   2.4600000e+03   2.3864746e+01
   6.2710000e+03   2.3437500e+01
   1.0549000e+04   2.5451660e+01
   1.3700000e+04   2.2888184e+01
   1.4400000e+04   2.8198242e+01
   1.7170000e+04   2.2888184e+01
   2.5214000e+04   2.5451660e+01
   2.5286000e+04   2.3620605e+01
   3.1924000e+04   2.6733398e+01
   3.3407000e+04   3.2348633e+01
   3.8162000e+04   2.8808594e+01
   4.5109000e+04   2.1911621e+01
   5.0336000e+04   2.5817871e+01
   5.3439000e+04   2.7099609e+01
   5.7202000e+04   2.3986816e+01
   6.4354000e+04   2.3071289e+01
   6.9955000e+04   2.2583008e+01
   7.1123000e+04   2.4353027e+01
   8.0303000e+04   2.6367188e+01
   8.2083000e+04   2.6672363e+01
   8.3123000e+04   2.3376465e+01
   8.3267000e+04   2.5329590e+01
   8.3296000e+04   2.5878906e+01
   8.3385000e+04   2.7526855e+01
   8.3473000e+04   2.4719238e+01
   8.3931000e+04   2.6672363e+01
   8.3973000e+04   2.2827148e+01
   8.4124000e+04   3.1066895e+01
   8.4271000e+04   2.8381348e+01
   8.4437000e+04   3.0334473e+01
   8.4629000e+04   2.2216797e+01
   8.5413000e+04   2.4597168e+01
   8.5497000e+04   2.3071289e+01
   8.5810000e+04   2.2155762e+01
   8.5989000e+04   2.5207520e+01
   8.8986000e+04   2.7221680e+01
   8.9347000e+04   3.0883789e+01
   8.9848000e+04   2.3437500e+01
   9.1159000e+04   2.5329590e+01
   1.0770800e+05   2.3193359e+01
   1.1445700e+05   2.4230957e+01
   1.4222200e+05   2.4230957e+01
   1.4835000e+05   2.3986816e+01
   1.5532600e+05   2.8320313e+01
   1.5847000e+05   2.8564453e+01
   1.6253500e+05   2.2216797e+01
   1.6335100e+05   2.6977539e+01
   1.6944200e+05   2.3010254e+01
   1.7086700e+05   2.4658203e+01
   1.7176900e+05   2.6550293e+01
   1.7645400e+05   2.5756836e+01
   1.8359600e+05   2.4597168e+01
   1.8386700e+05   2.4047852e+01
   1.8512000e+05   2.4169922e+01
   1.8728100e+05   2.8869629e+01
   1.8730500e+05   2.5207520e+01
   1.8749000e+05   2.5390625e+01
   1.8750500e+05   2.2399902e+01
   1.8761700e+05   2.8503418e+01
   1.8816200e+05   2.7709961e+01
   1.8843400e+05   2.4047852e+01
   1.8859700e+05   2.5268555e+01
   1.8867600e+05   2.1850586e+01
   1.8913800e+05   2.5817871e+01
   1.8966200e+05   2.3803711e+01
   1.8990900e+05   2.8015137e+01
   1.9134700e+05   2.3925781e+01
   1.9198900e+05   2.3376465e+01
   1.9254900e+05   2.2521973e+01
   1.9285000e+05   2.2521973e+01
   1.9388200e+05   2.1911621e+01
   1.9486200e+05   2.2338867e+01
   1.9620000e+05   2.4353027e+01
   1.9898100e+05   5.9997559e+01
   2.2243700e+05   2.3376465e+01
   2.3203300e+05   2.6794434e+01
   2.3885800e+05   2.7709961e+01
   2.3947500e+05   2.2766113e+01
   2.3949400e+05   1.6058350e+02
   2.3952700e+05   2.5085449e+01
   2.3956100e+05   8.9721680e+01
   2.3959300e+05   2.3254395e+01
   2.3961100e+05   3.0700684e+01
   2.3964800e+05   3.2104492e+01
   2.3966200e+05   2.1850586e+01
   2.3969300e+05   2.3132324e+01
   2.4009000e+05   2.5451660e+01
   2.4050600e+05   2.2033691e+01
   2.4213900e+05   2.9968262e+01
   2.5930200e+05   2.6794434e+01
   2.6339600e+05   2.2216797e+01
   2.6619100e+05   2.9235840e+01
   2.7094300e+05   2.4353027e+01
   2.7304000e+05   2.3864746e+01
   2.7644900e+05   2.7526855e+01
   2.8439800e+05   2.6428223e+01
   2.8547500e+05   2.3315430e+01
   2.9057200e+05   2.3315430e+01
   3.0015100e+05   2.4902344e+01
   3.0468300e+05   2.2766113e+01
   3.0585400e+05   2.2460937e+01
   3.0639900e+05   2.3986816e+01
   3.0681800e+05   2.2949219e+01
   3.0685900e+05   2.4353027e+01
   3.0698800e+05   2.7648926e+01
   3.0743900e+05   2.1911621e+01
   3.0755100e+05   2.3925781e+01
   3.0771300e+05   2.8564453e+01
   3.0786700e+05   2.2705078e+01
   3.0807700e+05   2.5146484e+01
   3.0828700e+05   2.5268555e+01
   3.0853300e+05   3.0761719e+01
   3.0872900e+05   3.0761719e+01
   3.0915600e+05   2.3376465e+01
   3.0964300e+05   2.3071289e+01
   3.1009600e+05   2.1972656e+01
   3.1178800e+05   2.1911621e+01
   3.1304400e+05   2.4536133e+01
   3.1348100e+05   2.3132324e+01
   3.1562700e+05   2.2949219e+01
   3.1603500e+05   2.2460938e+01
   3.1637800e+05   2.8625488e+01
   3.1691100e+05   2.3620605e+01
   3.1864600e+05   2.4353027e+01
   3.2012900e+05   2.3010254e+01
   3.3200500e+05   2.2460938e+01
   3.4400800e+05   2.9602051e+01
   3.4405700e+05   2.2338867e+01
   3.5127200e+05   2.4658203e+01
   3.5763000e+05   2.2338867e+01
   3.5856100e+05   2.1911621e+01
   3.5969900e+05   2.9479980e+01
   3.7427500e+05   2.2033691e+01
   3.7874900e+05   2.5939941e+01
   3.8383200e+05   2.3376465e+01
   3.8806600e+05   2.6489258e+01
   3.9492900e+05   2.6306152e+01
   3.9833900e+05   2.5390625e+01
   4.0047500e+05   2.1850586e+01
   4.0056700e+05   2.2766113e+01
   4.0071600e+05   2.5512695e+01
   4.0083400e+05   2.3681641e+01
   4.0090300e+05   2.2521973e+01
   4.0147900e+05   2.3498535e+01
   4.0179000e+05   2.9724121e+01
   4.0189600e+05   3.0090332e+01
   4.0206800e+05   2.4719238e+01
   4.0230200e+05   2.7343750e+01
   4.0255900e+05   2.3010254e+01
   4.0267800e+05   3.2104492e+01
   4.0284400e+05   2.3071289e+01
   4.0312700e+05   2.3681641e+01
   4.0351300e+05   2.6367188e+01
   4.0378100e+05   2.5878906e+01
   4.0417300e+05   2.2644043e+01
   4.0490200e+05   2.3376465e+01
   4.0608800e+05   2.2094727e+01
   4.0754000e+05   2.2338867e+01
   4.0884200e+05   2.5085449e+01
   4.1002300e+05   2.2705078e+01
   4.1042200e+05   2.4475098e+01
   4.1067700e+05   2.5634766e+01
   4.1137900e+05   2.2827148e+01
   4.1211900e+05   2.4780273e+01
   4.1299800e+05   2.2216797e+01
   4.1343300e+05   2.6672363e+01
   4.1449200e+05   2.3742676e+01
   4.1467100e+05   2.1972656e+01
   4.2069300e+05   1.8426514e+02
   4.2121600e+05   1.7987061e+02
   4.4032300e+05   2.5268555e+01
   4.4498600e+05   2.6672363e+01
   4.5578900e+05   2.5146484e+01
   4.6162000e+05   2.5085449e+01
   4.6562900e+05   2.2094727e+01
   4.6776900e+05   2.7526855e+01
   4.7468000e+05   2.3681641e+01
   4.7584500e+05   2.3132324e+01
   4.8097400e+05   2.4902344e+01
   4.8413500e+05   2.3925781e+01
   4.8544400e+05   2.9357910e+01
   4.8551000e+05   2.4719238e+01
   4.8909200e+05   2.8442383e+01
   4.9364100e+05   2.6123047e+01
   5.0177400e+05   2.3803711e+01
   5.0373900e+05   2.6733398e+01
   5.0648100e+05   2.3986816e+01
   5.1019100e+05   2.3559570e+01
   5.1222900e+05   2.2399902e+01
   5.1233100e+05   2.3864746e+01
   5.1530400e+05   2.7404785e+01
   5.1646400e+05   2.6367188e+01
   5.2041100e+05   1.3647461e+02
   5.2068200e+05   3.8574219e+01
   5.3346100e+05   2.3315430e+01
   5.3809400e+05   2.4536133e+01
   5.3971200e+05   2.2399902e+01
   5.4420300e+05   2.7282715e+01
   5.5420400e+05   2.8747559e+01
   5.6131700e+05   2.4963379e+01
   5.6652600e+05   2.8442383e+01
   5.6725800e+05   2.1850586e+01
   5.7205300e+05   2.7221680e+01
   5.7307800e+05   2.4719238e+01
   5.7949200e+05   3.0761719e+01
   5.8026000e+05   2.1972656e+01
   5.8133600e+05   3.0944824e+01
   5.8618900e+05   2.4597168e+01
   5.8789100e+05   2.4963379e+01
   5.9060500e+05   2.8625488e+01
   5.9277200e+05   2.5451660e+01
   5.9703400e+05   2.5268555e+01
   6.0406200e+05   2.1911621e+01
   6.1766400e+05   2.7587891e+01
   6.2319700e+05   2.3742676e+01
   6.3126300e+05   2.4047852e+01
   6.3634900e+05   2.6428223e+01
   6.4165100e+05   2.6611328e+01
   6.4660800e+05   2.6489258e+01
   6.4997700e+05   2.5878906e+01
   6.5310300e+05   2.1911621e+01
   6.5384400e+05   2.4841309e+01
   6.5691600e+05   2.6916504e+01
   6.6184700e+05   2.4353027e+01
   6.6648600e+05   2.7770996e+01
   6.7486400e+05   2.3437500e+01
   6.7774100e+05   3.1127930e+01
   6.7913600e+05   2.2216797e+01
   6.8175400e+05   2.3132324e+01
   6.9233500e+05   2.3193359e+01
   6.9923400e+05   2.2277832e+01
   7.0043200e+05   2.8442383e+01
   7.0580300e+05   2.4353027e+01
   7.1156700e+05   2.2888184e+01
   7.1198300e+05   2.3925781e+01
   7.1433700e+05   2.2338867e+01
   7.2088600e+05   2.4536133e+01
   7.3259000e+05   2.3437500e+01
   7.3338500e+05   2.6855469e+01
   7.3496100e+05   2.4475098e+01
   7.3570100e+05   2.4230957e+01
   7.3914700e+05   2.3620605e+01
   7.4531800e+05   2.7221680e+01
   7.5195500e+05   2.2888184e+01
   7.5660400e+05   2.2583008e+01
   7.6015100e+05   2.7709961e+01
   7.6204200e+05   2.2949219e+01
   7.6755700e+05   2.5695801e+01
   7.7292400e+05   2.3803711e+01
   7.7688900e+05   2.6000977e+01
   7.8374900e+05   2.3925781e+01
   7.8910100e+05   2.2216797e+01
   7.9000700e+05   3.5644531e+01
   7.9963800e+05   3.0944824e+01
   8.0038400e+05   2.3742676e+01
   8.1616200e+05   2.4047852e+01
   8.2147900e+05   2.8869629e+01
   8.2527300e+05   2.4169922e+01
   8.2618600e+05   2.4047852e+01
   8.2704300e+05   2.3010254e+01
   8.3171100e+05   2.2399902e+01
   8.3922200e+05   2.2949219e+01
   8.4863300e+05   2.2766113e+01
   8.5249100e+05   2.2705078e+01
   8.5822900e+05   2.8869629e+01
   8.6592900e+05   2.3132324e+01
   8.6794900e+05   2.5756836e+01
   8.7595600e+05   2.2460938e+01
   8.7955500e+05   2.1850586e+01
   8.8431200e+05   2.3315430e+01
   8.8906300e+05   2.3803711e+01
   8.9031000e+05   2.2949219e+01
   8.9147600e+05   2.4169922e+01
   8.9781800e+05   3.0090332e+01
   9.0426900e+05   2.4414063e+01
   9.1220300e+05   2.3010254e+01
   9.2725900e+05   2.4230957e+01
   9.3052700e+05   3.2409668e+01
   9.3186600e+05   2.3742676e+01
   9.3341900e+05   2.2094727e+01
   9.3388300e+05   2.1972656e+01
   9.3392000e+05   2.6916504e+01
   9.3394400e+05   2.3010254e+01
   9.3399000e+05   9.3139648e+01
   9.3404900e+05   2.2277832e+01
   9.3406100e+05   5.5725098e+01
   9.3409400e+05   2.8808594e+01
   9.3418600e+05   3.7414551e+01
   9.3421800e+05   8.9355469e+01
   9.3426800e+05   2.1911621e+01
   9.3431800e+05   3.7597656e+01
   9.3462200e+05   2.3010254e+01
   9.4741900e+05   2.3132324e+01
   9.4954700e+05   2.3376465e+01
   9.5008500e+05   3.1433105e+01
   9.5101700e+05   2.4963379e+01
   9.5173000e+05   2.5695801e+01
   9.5596900e+05   2.3132324e+01
   9.6361200e+05   2.6794434e+01
   9.6741900e+05   2.8137207e+01
   9.6811500e+05   2.2460938e+01
   9.7239800e+05   2.3559570e+01
   9.7647400e+05   2.2094727e+01
   9.7737900e+05   2.5085449e+01
   9.7834300e+05   2.2705078e+01
   9.8302000e+05   2.7221680e+01
   9.8462700e+05   3.0517578e+01
   9.8548900e+05   2.3193359e+01
   9.8832700e+05   2.2644043e+01
   9.8930500e+05   2.4597168e+01
   9.9494700e+05   2.4353027e+01
   9.9563300e+05   2.2888184e+01
   1.0000810e+06   2.5817871e+01
   1.0005340e+06   2.7587891e+01
   1.0013720e+06   2.3132324e+01
   1.0068510e+06   2.2888184e+01
   1.0093000e+06   2.2583008e+01
   1.0117800e+06   2.2338867e+01
   1.0147390e+06   2.5329590e+01
   1.0182100e+06   2.3498535e+01
   1.0229090e+06   2.5573730e+01
   1.0307260e+06   2.2766113e+01
   1.0357730e+06   2.2766113e+01
   1.0365430e+06   2.9479980e+01
   1.0395190e+06   2.4108887e+01
   1.0402980e+06   2.2888184e+01
   1.0464150e+06   2.5085449e+01
   1.0474380e+06   2.7221680e+01
   1.0500310e+06   2.2155762e+01
   1.0535770e+06   2.6367187e+01
   1.0568890e+06   2.7648926e+01
   1.0577270e+06   2.8076172e+01
   1.0630490e+06   2.2949219e+01
   1.0665800e+06   2.1850586e+01
   1.0701470e+06   2.4963379e+01
   1.0729360e+06   2.3315430e+01
   1.0781340e+06   2.2460937e+01
   1.0789140e+06   2.7160645e+01
   1.0836990e+06   2.3315430e+01
   1.0870120e+06   2.2094727e+01
   1.0882980e+06   2.2705078e+01
   1.0895010e+06   2.5085449e+01
   1.0927290e+06   2.3376465e+01
   1.0944610e+06   2.4841309e+01
   1.0989790e+06   2.2583008e+01
   1.0998140e+06   2.4047852e+01
   1.1020140e+06   2.5573730e+01
   1.1053170e+06   2.1850586e+01
   1.1087740e+06   2.2827148e+01
   1.1102160e+06   2.7770996e+01
   1.1129100e+06   2.1850586e+01
   1.1139460e+06   2.5573730e+01
   1.1183740e+06   2.3315430e+01
   1.1212070e+06   2.4230957e+01
   1.1237590e+06   2.4658203e+01
   1.1256270e+06   2.7038574e+01
   1.1281740e+06   2.7038574e+01
   1.1322980e+06   2.6733398e+01
   1.1339270e+06   2.2644043e+01
   1.1372160e+06   2.3620605e+01
   1.1447400e+06   2.2338867e+01
   1.1455350e+06   2.2399902e+01
   1.1552500e+06   2.2033691e+01
   1.1600200e+06   2.3864746e+01
   1.1685440e+06   2.3437500e+01
   1.1827210e+06   2.3742676e+01
   1.1857110e+06   2.2033691e+01
   1.1906450e+06   2.8198242e+01
   1.2004650e+06   2.4597168e+01
   1.2037180e+06   2.9602051e+01
   1.2079170e+06   2.1911621e+01
   1.2104880e+06   2.6733398e+01
   1.2142720e+06   2.3681641e+01
   1.2162180e+06   2.3376465e+01
   1.2203580e+06   2.7587891e+01
   1.2270090e+06   2.2583008e+01
   1.2293600e+06   2.5390625e+01
   1.2308380e+06   2.3559570e+01
   1.2330770e+06   2.3071289e+01
   1.2363320e+06   2.2277832e+01
   1.2478940e+06   2.4291992e+01
   1.2521620e+06   2.4780273e+01
   1.2548820e+06   2.2460938e+01
   1.2588810e+06   2.7221680e+01
   1.2604290e+06   2.5085449e+01
   1.2604630e+06   1.4697266e+02
   1.2605730e+06   1.1425781e+02
   1.2606260e+06   3.0151367e+01
   1.2606560e+06   6.7199707e+01
   1.2606810e+06   2.7587891e+01
   1.2607400e+06   5.6396484e+01
   1.2610690e+06   2.2094727e+01
   1.2719370e+06   2.3071289e+01
   1.2723060e+06   2.3864746e+01
   1.2753950e+06   2.2155762e+01
   1.2807970e+06   2.3681641e+01
   1.2814980e+06   2.1850586e+01
   1.2887960e+06   2.3925781e+01
   1.2896990e+06   2.3315430e+01
   1.2919670e+06   2.6550293e+01
   1.2929580e+06   2.5207520e+01
   1.2950940e+06   2.6977539e+01
   1.2979270e+06   2.7160645e+01
   1.2986620e+06   2.2216797e+01
   1.3066690e+06   2.2705078e+01
   1.3091590e+06   2.3193359e+01
   1.3110680e+06   2.6611328e+01
   1.3148250e+06   2.2521973e+01
   1.3154560e+06   2.2155762e+01
   1.3194600e+06   2.6550293e+01
   1.3204030e+06   2.4291992e+01
   1.3231700e+06   2.3620605e+01
   1.3314090e+06   2.4536133e+01
   1.3349230e+06   2.2644043e+01
   1.3399990e+06   2.4780273e+01
   1.3407890e+06   2.4902344e+01
   1.3429880e+06   2.3681641e+01
   1.3478330e+06   2.2460938e+01
   1.3515210e+06   2.3620605e+01
   1.3523970e+06   2.2155762e+01
   1.3533520e+06   2.2094727e+01
   1.3545330e+06   2.3681641e+01
   1.3574250e+06   2.2460937e+01
   1.3595420e+06   2.2216797e+01
   1.3666710e+06   2.1972656e+01
   1.3735720e+06   2.6794434e+01
   1.3802610e+06   2.3132324e+01
   1.3813780e+06   2.4719238e+01
   1.3839060e+06   2.5024414e+01
   1.3860190e+06   2.2888184e+01
   1.3887200e+06   2.4597168e+01
   1.3933690e+06   2.6123047e+01
   1.3939510e+06   2.2094727e+01
   1.3956450e+06   2.7893066e+01
   1.3987600e+06   2.5756836e+01
   1.4007800e+06   2.2155762e+01
   1.4053470e+06   2.2155762e+01
   1.4109140e+06   2.5390625e+01
   1.4135710e+06   2.8259277e+01
   1.4188810e+06   2.3803711e+01
   1.4235100e+06   2.6672363e+01
   1.4271770e+06   2.4719238e+01
   1.4289480e+06   2.9235840e+01
   1.4330970e+06   2.6428223e+01
   1.4347320e+06   2.6794434e+01
   1.4389210e+06   2.2155762e+01
   1.4459180e+06   2.4291992e+01
   1.4485160e+06   2.5451660e+01
   1.4524040e+06   2.2705078e+01
   1.4559950e+06   2.2216797e+01
   1.4642660e+06   2.8259277e+01
   1.4713260e+06   2.2399902e+01
   1.4730180e+06   2.5085449e+01
   1.4737160e+06   2.5024414e+01
   1.4747490e+06   2.1911621e+01
   1.4781040e+06   2.1850586e+01
   1.4820970e+06   2.2094727e+01
   1.4871980e+06   2.2460938e+01
   1.4896810e+06   2.5268555e+01
   1.4987860e+06   2.3498535e+01
   1.5017780e+06   2.6428223e+01
   1.5039210e+06   2.2705078e+01
   1.5055040e+06   2.4658203e+01
   1.5085550e+06   2.5268555e+01
   1.5108620e+06   2.6672363e+01
   1.5147410e+06   2.4108887e+01
   1.5169840e+06   2.2705078e+01
   1.5188830e+06   2.8686523e+01
   1.5239110e+06   2.4108887e+01
   1.5251280e+06   1.5637207e+02
   1.5257640e+06   2.4108887e+01
   1.5264500e+06   2.5207520e+01
   1.5316410e+06   2.9785156e+01
   1.5353160e+06   2.6306152e+01
   1.5387380e+06   2.3315430e+01
   1.5422100e+06   2.4658203e+01
   1.5453260e+06   2.7587891e+01
   1.5465610e+06   2.2521973e+01
   1.5496800e+06   3.0151367e+01
   1.5519930e+06   2.4475098e+01
   1.5618020e+06   2.3498535e+01
   1.5624540e+06   2.4780273e+01
   1.5629500e+06   2.1850586e+01
   1.5678460e+06   2.7770996e+01
   1.5746900e+06   2.6916504e+01
   1.5754390e+06   2.3437500e+01
   1.5823590e+06   2.6733398e+01
   1.5929010e+06   2.2949219e+01
   1.5977200e+06   2.4963379e+01
   1.6014420e+06   1.4447021e+02
   1.6015390e+06   4.4738770e+01
   1.6015900e+06   1.1047363e+02
   1.6016060e+06   3.7292480e+01
   1.6016600e+06   3.1616211e+01
   1.6017300e+06   3.0639648e+01
   1.6017510e+06   2.4230957e+01
   1.6017950e+06   2.2583008e+01
   1.6018880e+06   2.9785156e+01
   1.6019290e+06   2.2827148e+01
   1.6019480e+06   2.4658203e+01
   1.6020150e+06   2.5817871e+01
   1.6020270e+06   2.1850586e+01
   1.6021030e+06   2.8808594e+01
   1.6021870e+06   2.3803711e+01
   1.6023120e+06   1.1352539e+02
   1.6176470e+06   2.2216797e+01
   1.6183490e+06   2.3376465e+01
   1.6236280e+06   2.7832031e+01
   1.6242440e+06   2.3071289e+01
   1.6286010e+06   2.4597168e+01
   1.6307450e+06   2.4414063e+01
   1.6353130e+06   2.6000977e+01
   1.6361760e+06   2.5329590e+01
   1.6417950e+06   2.4658203e+01
   1.6424620e+06   2.1850586e+01
   1.6464620e+06   2.3437500e+01
   1.6470590e+06   2.2033691e+01
   1.6522110e+06   2.5085449e+01
   1.6558730e+06   2.2521973e+01
   1.6567870e+06   2.6306152e+01
   1.6599590e+06   2.2521973e+01
   1.6606000e+06   2.2949219e+01
   1.6625910e+06   2.5085449e+01
   1.6641010e+06   2.4047852e+01
   1.6678260e+06   2.2888184e+01
   1.6684480e+06   2.1972656e+01
   1.6717080e+06   2.4841309e+01
   1.6724140e+06   2.2583008e+01
   1.6742760e+06   2.4658203e+01
   1.6750670e+06   2.5146484e+01
   1.6764010e+06   2.4291992e+01
   1.6787170e+06   2.2705078e+01
   1.6819770e+06   2.4414063e+01
   1.6845960e+06   2.3315430e+01
   1.6853140e+06   2.5024414e+01
   1.6879780e+06   2.5634766e+01
   1.6939630e+06   2.2033691e+01
   1.6968270e+06   2.6245117e+01
   1.6974810e+06   2.8076172e+01
   1.6983680e+06   2.2277832e+01
   1.6995890e+06   2.6123047e+01
   1.7005450e+06   2.2094727e+01
   1.7046440e+06   2.2338867e+01
   1.7053240e+06   2.3986816e+01
   1.7116470e+06   2.2460938e+01
   1.7123460e+06   2.2460937e+01
   1.7163180e+06   2.3925781e+01
   1.7203670e+06   2.2338867e+01
   1.7212340e+06   2.3193359e+01
   1.7235930e+06   2.5268555e+01
   1.7277860e+06   2.5634766e+01
   1.7315290e+06   2.3986816e+01
   1.7346720e+06   2.3010254e+01
   1.7405490e+06   2.2705078e+01
   1.7433300e+06   2.4353027e+01
   1.7473050e+06   2.7648926e+01
   1.7520060e+06   2.4536133e+01
   1.7569010e+06   2.5390625e+01
   1.7585840e+06   2.3986816e+01
   1.7619830e+06   2.2766113e+01
   1.7682290e+06   2.4658203e+01
   1.7703220e+06   2.3315430e+01
   1.7734530e+06   2.2521973e+01
   1.7898040e+06   2.5939941e+01
   1.7904930e+06   2.2583008e+01
   1.7908990e+06   2.3620605e+01
   1.7917140e+06   2.3864746e+01
   1.7969480e+06   3.3264160e+01
   1.7975080e+06   4.3518066e+01
   1.8011690e+06   2.7221680e+01
   1.8049630e+06   2.2094727e+01
   1.8097440e+06   2.2216797e+01
   1.8139150e+06   2.3010254e+01
   1.8169920e+06   2.3620605e+01
   1.8241390e+06   2.2094727e+01
   1.8287550e+06   2.5512695e+01
   1.8336470e+06   2.5390625e+01
   1.8353630e+06   2.7343750e+01
   1.8360310e+06   2.4291992e+01
   1.8402140e+06   2.6611328e+01
   1.8409350e+06   2.6123047e+01
   1.8414740e+06   2.6123047e+01
   1.8451770e+06   2.3559570e+01
   1.8492440e+06   2.2155762e+01
   1.8560900e+06   2.3010254e+01
   1.8569670e+06   2.2521973e+01
   1.8585000e+06   2.5390625e+01
   1.8609450e+06   2.4841309e+01
   1.8662710e+06   2.2094727e+01
   1.8739240e+06   2.4475098e+01
   1.8775910e+06   2.3620605e+01
   1.8813890e+06   2.5756836e+01
   1.8824300e+06   2.4658203e+01
   1.8936710e+06   2.1972656e+01
   1.8969670e+06   2.5878906e+01
   1.8995240e+06   2.1850586e+01
   1.9044490e+06   2.2521973e+01
   1.9175980e+06   4.6325684e+01
   1.9216910e+06   2.3437500e+01
   1.9265350e+06   2.2644043e+01
   1.9271950e+06   2.8442383e+01
   1.9318420e+06   2.5573730e+01
   1.9322880e+06   2.2155762e+01
   1.9384990e+06   2.6611328e+01
   1.9396460e+06   2.3681641e+01
   1.9465200e+06   2.3559570e+01
   1.9478270e+06   2.2521973e+01
   1.9552130e+06   2.4963379e+01
   1.9578420e+06   2.4291992e+01
   1.9618420e+06   2.6916504e+01
   1.9628240e+06   3.0029297e+01
   1.9675220e+06   2.3132324e+01
   1.9682230e+06   2.2094727e+01
   1.9701280e+06   2.8564453e+01
   1.9778250e+06   2.2155762e+01
   1.9805230e+06   3.7780762e+01
   1.9805600e+06   1.5161133e+02
   1.9806010e+06   2.4719238e+01
   1.9806260e+06   7.2326660e+01
   1.9806890e+06   2.6062012e+01
   1.9807080e+06   4.7180176e+01
   1.9808080e+06   3.1738281e+01
   1.9808500e+06   2.5878906e+01
   1.9809230e+06   2.4658203e+01
   1.9813960e+06   2.8137207e+01
   1.9814710e+06   4.1320801e+01
   1.9816870e+06   6.5002441e+01
   1.9818150e+06   2.3193359e+01
   1.9818520e+06   6.6162109e+01
   1.9820380e+06   5.7739258e+01
   1.9821640e+06   2.3681641e+01
   1.9822010e+06   3.1250000e+01
   1.9823530e+06   2.2766113e+01
   1.9925810e+06   2.1850586e+01
   1.9937340e+06   2.2155762e+01
   2.0016020e+06   2.6245117e+01
   2.0108350e+06   3.3264160e+01
   2.0137320e+06   2.5085449e+01
   2.0274440e+06   2.2094727e+01
   2.0280980e+06   2.3010254e+01
   2.0315100e+06   2.5451660e+01
   2.0334990e+06   2.5939941e+01
   2.0418750e+06   2.2155762e+01
   2.0469270e+06   2.2155762e+01
   2.0521390e+06   2.3864746e+01
   2.0562550e+06   2.3498535e+01
   2.0569420e+06   3.0639648e+01
   2.0638400e+06   2.3071289e+01
   2.0662690e+06   2.6184082e+01
   2.0709690e+06   2.4780273e+01
   2.0743390e+06   2.7221680e+01
   2.0792010e+06   2.9724121e+01
   2.0807540e+06   2.3559570e+01
   2.0831550e+06   2.2460938e+01
   2.0869400e+06   2.2155762e+01
   2.0895940e+06   2.5390625e+01
   2.0903640e+06   2.4475098e+01
   2.0932680e+06   3.6743164e+01
   2.0993050e+06   2.3742676e+01
   2.1021530e+06   2.7282715e+01
   2.1118960e+06   3.0151367e+01
   2.1126780e+06   2.2460938e+01
   2.1161400e+06   2.4841309e+01
   2.1221900e+06   2.2033691e+01
   2.1309560e+06   2.3986816e+01
   2.1333630e+06   2.2705078e+01
   2.1356340e+06   2.6123047e+01
   2.1380150e+06   2.1911621e+01
   2.1418520e+06   2.5451660e+01
   2.1450400e+06   2.4658203e+01
   2.1472170e+06   2.4841309e+01
   2.1598790e+06   2.3437500e+01
   2.1607670e+06   2.5024414e+01
   2.1647510e+06   2.2705078e+01
   2.1651400e+06   2.3559570e+01
   2.1678560e+06   2.2888184e+01
   2.1744570e+06   2.5451660e+01
   2.1771580e+06   2.4963379e+01
   2.1806850e+06   1.3690186e+02
   2.1807930e+06   8.5510254e+01
   2.1808290e+06   2.6245117e+01
   2.1808770e+06   6.7504883e+01
   2.1808950e+06   2.5817871e+01
   2.1809150e+06   2.3315430e+01
   2.1809300e+06   3.1250000e+01
   2.1809630e+06   2.6062012e+01
   2.1811150e+06   2.2644043e+01
   2.1811420e+06   7.7941895e+01
   2.1811710e+06   2.2338867e+01
   2.1942790e+06   2.6184082e+01
   2.2001990e+06   2.4353027e+01
   2.2045770e+06   2.2033691e+01
   2.2078620e+06   2.6611328e+01
   2.2085200e+06   2.4108887e+01
   2.2120910e+06   2.2644043e+01
   2.2133800e+06   2.2094727e+01
   2.2152210e+06   2.4230957e+01
   2.2216920e+06   2.2705078e+01
   2.2230770e+06   2.3498535e+01
   2.2264320e+06   2.3803711e+01
   2.2271410e+06   2.3742676e+01
   2.2320590e+06   2.5878906e+01
   2.2327960e+06   2.4536133e+01
   2.2344790e+06   2.9296875e+01
   2.2362870e+06   2.3193359e+01
   2.2391520e+06   2.5085449e+01
   2.2402390e+06   2.6550293e+01
   2.2441030e+06   2.6123047e+01
   2.2467590e+06   2.2827148e+01
   2.2490960e+06   4.0710449e+01
   2.2503120e+06   2.3376465e+01
   2.2532160e+06   2.4108887e+01
   2.2555240e+06   2.3986816e+01
   2.2603530e+06   2.4963379e+01
   2.2609610e+06   2.2766113e+01
   2.2622400e+06   2.2766113e+01
   2.2652620e+06   2.2094727e+01
   2.2661620e+06   2.2583008e+01
   2.2691260e+06   2.2827148e+01
   2.2722990e+06   2.1850586e+01
   2.2738860e+06   2.5207520e+01
   2.2775880e+06   2.4414063e+01
   2.2793300e+06   2.1850586e+01
   2.2821370e+06   2.4963379e+01
   2.2839040e+06   2.2705078e+01
   2.2868940e+06   2.1911621e+01
   2.2905830e+06   2.2094727e+01
   2.2943010e+06   2.4536133e+01
   2.2982270e+06   2.5573730e+01
   2.2989260e+06   2.3376465e+01
   2.3094570e+06   2.8564453e+01
   2.3109710e+06   2.2644043e+01
   2.3145720e+06   2.2033691e+01
   2.3151920e+06   2.3315430e+01
   2.3193160e+06   2.3254395e+01
   2.3216600e+06   2.2583008e+01
   2.3224970e+06   2.3986816e+01
   2.3273250e+06   2.9174805e+01
   2.3293250e+06   2.5268555e+01
   2.3310870e+06   2.1911621e+01
   2.3338650e+06   2.8625488e+01
   2.3348120e+06   2.7832031e+01
   2.3360230e+06   2.2521973e+01
   2.3376490e+06   2.2155762e+01
   2.3397230e+06   2.2644043e+01
   2.3440100e+06   2.1911621e+01
   2.3447060e+06   2.6184082e+01
   2.3516450e+06   2.1911621e+01
   2.3544000e+06   2.3742676e+01
   2.3572070e+06   2.6000977e+01
   2.3589030e+06   2.2033691e+01
   2.3631390e+06   2.5451660e+01
   2.3638220e+06   2.5756836e+01
   2.3688870e+06   2.3864746e+01
   2.3696870e+06   2.2705078e+01
   2.3736230e+06   2.8503418e+01
   2.3742940e+06   2.7282715e+01
   2.3822490e+06   2.4108887e+01
   2.3851270e+06   2.4291992e+01
   2.3933780e+06   2.3925781e+01
   2.3940880e+06   1.5875244e+02
   2.3955700e+06   2.3376465e+01
   2.4000450e+06   2.2460937e+01
   2.4009050e+06   2.6428223e+01
   2.4042590e+06   2.2583008e+01
   2.4059300e+06   2.5451660e+01
   2.4112160e+06   2.2399902e+01
   2.4165470e+06   2.2338867e+01
   2.4235940e+06   2.2827148e+01
   2.4242330e+06   2.2949219e+01
   2.4280220e+06   2.3254395e+01
   2.4288310e+06   2.3193359e+01
   2.4328030e+06   2.3254395e+01
   2.4353520e+06   4.4372559e+01
   2.4407130e+06   2.3376465e+01
   2.4431410e+06   2.6855469e+01
   2.4447080e+06   3.7963867e+01
   2.4486600e+06   2.3559570e+01
   2.4530890e+06   2.7954102e+01
   2.4584710e+06   2.7526855e+01
   2.4600340e+06   3.2775879e+01
   2.4620260e+06   2.4475098e+01
   2.4646270e+06   2.2277832e+01
   2.4685110e+06   3.7963867e+01
   2.4686520e+06   3.4729004e+01
   2.4696390e+06   3.4912109e+01
   2.4717950e+06   2.6123047e+01
   2.4761760e+06   3.7109375e+01
   2.4763500e+06   3.7536621e+01
   2.4764950e+06   2.5939941e+01
   2.4783810e+06   2.8320313e+01
   2.4829490e+06   2.2338867e+01
   2.4874110e+06   2.2338867e+01
   2.4880290e+06   3.8269043e+01
   2.4880450e+06   2.2521973e+01
   2.4888790e+06   2.6367188e+01
   2.4915290e+06   2.7160645e+01
   2.4967090e+06   2.2277832e+01
   2.5004370e+06   2.5207520e+01
   2.5034910e+06   2.5817871e+01
   2.5051130e+06   2.2094727e+01
   2.5109500e+06   2.6672363e+01
   2.5118320e+06   2.6000977e+01
   2.5134680e+06   2.2277832e+01
   2.5165600e+06   2.4658203e+01
   2.5212210e+06   2.3498535e+01
   2.5261060e+06   2.5207520e+01
   2.5367300e+06   2.3437500e+01
   2.5437240e+06   2.6489258e+01
   2.5507390e+06   2.3315430e+01
   2.5527130e+06   2.3986816e+01
   2.5570530e+06   2.3864746e+01
   2.5621230e+06   4.5898438e+01
   2.5649950e+06   2.1911621e+01
   2.5679820e+06   2.4353027e+01
   2.5707130e+06   4.1809082e+01
   2.5727910e+06   2.2399902e+01
   2.5780960e+06   2.5878906e+01
   2.5815520e+06   2.3742676e+01
   2.5823420e+06   2.3437500e+01
   2.5839210e+06   2.3681641e+01
   2.5882800e+06   2.2827148e+01
   2.5954540e+06   2.7893066e+01
   2.6000420e+06   2.4047852e+01
   2.6021460e+06   2.4230957e+01
   2.6053830e+06   4.0344238e+01
   2.6056160e+06   3.4423828e+01
   2.6057040e+06   2.6855469e+01
   2.6075640e+06   2.6000977e+01
   2.6081890e+06   2.5268555e+01
   2.6119600e+06   2.2521973e+01
   2.6146120e+06   2.5329590e+01
   2.6204230e+06   2.4841309e+01
   2.6209590e+06   3.8330078e+01
   2.6252640e+06   3.5644531e+01
   2.6276670e+06   2.6062012e+01
   2.6345330e+06   3.4667969e+01
   2.6353670e+06   2.2766113e+01
   2.6391890e+06   2.2338867e+01
   2.6449180e+06   2.3010254e+01
   2.6456650e+06   2.6245117e+01
   2.6485270e+06   2.6062012e+01
   2.6509200e+06   2.3986816e+01
   2.6515870e+06   4.0161133e+01
   2.6584610e+06   2.3071289e+01
   2.6592160e+06   2.5817871e+01
   2.6598450e+06   2.6123047e+01
   2.6621490e+06   3.5461426e+01
   2.6627350e+06   3.2348633e+01
   2.6654510e+06   2.6550293e+01
   2.6691290e+06   2.3254395e+01
   2.6710000e+06   3.9916992e+01
   2.6732950e+06   2.3681641e+01
   2.6766330e+06   2.2521973e+01
   2.6828870e+06   2.4414063e+01
   2.6861090e+06   2.7832031e+01
   2.6899170e+06   2.3681641e+01
   2.6920360e+06   2.2460938e+01
   2.6959210e+06   2.4291992e+01
   2.6989930e+06   2.3864746e+01
   2.6997420e+06   2.5817871e+01
   2.7049200e+06   2.3315430e+01
   2.7087900e+06   2.2460938e+01
   2.7103450e+06   2.4780273e+01
   2.7155620e+06   2.1972656e+01
   2.7169540e+06   4.5959473e+01
   2.7184900e+06   2.4902344e+01
   2.7200500e+06   3.9794922e+01
   2.7247520e+06   2.7648926e+01
   2.7284390e+06   3.7353516e+01
   2.7349940e+06   3.2836914e+01
   2.7374190e+06   2.7954102e+01
   2.7398000e+06   2.2277832e+01
   2.7485880e+06   2.3620605e+01
   2.7492780e+06   2.3498535e+01
   2.7562340e+06   2.2033691e+01
   2.7604180e+06   2.5634766e+01
   2.7631990e+06   2.7648926e+01
   2.7690840e+06   2.2949219e+01
   2.7714670e+06   2.3010254e+01
   2.7743660e+06   2.3010254e+01
   2.7789110e+06   2.5024414e+01
   2.7823750e+06   2.2827148e+01
   2.7829950e+06   2.4536133e+01
   2.7872040e+06   2.1972656e+01
   2.7952010e+06   2.3376465e+01
   2.8012510e+06   2.5085449e+01
   2.8046060e+06   2.6916504e+01
   2.8083260e+06   2.4536133e+01
   2.8149460e+06   2.4291992e+01
   2.8239570e+06   2.3559570e+01
   2.8310830e+06   2.3437500e+01
   2.8337170e+06   2.2949219e+01
   2.8344310e+06   2.5939941e+01
   2.8430670e+06   2.8747559e+01
   2.8469830e+06   2.3742676e+01
   2.8546840e+06   2.2766113e+01
   2.8575120e+06   2.2644043e+01
   2.8620150e+06   2.2338867e+01
   2.8668920e+06   2.3315430e+01
   2.8714340e+06   2.5573730e+01
   2.8764160e+06   2.4841309e+01
   2.8817990e+06   2.4169922e+01
   2.8872050e+06   2.4291992e+01
   2.8919990e+06   2.8259277e+01
   2.9028800e+06   2.3742676e+01
   2.9070600e+06   2.4169922e+01
   2.9160800e+06   2.4841309e+01
   2.9177370e+06   2.3620605e+01
   2.9300330e+06   2.8015137e+01
   2.9338570e+06   2.3315430e+01
   2.9420580e+06   2.3071289e+01
   2.9426950e+06   2.2338867e+01
   2.9482130e+06   2.4291992e+01
   2.9527610e+06   2.3559570e+01
   2.9536660e+06   2.4475098e+01
   2.9560990e+06   2.4230957e+01
   2.9602190e+06   2.3925781e+01
   2.9610680e+06   3.1188965e+01
   2.9666580e+06   2.2949219e+01
   2.9673260e+06   2.3132324e+01
   2.9681770e+06   2.2094727e+01
   2.9709230e+06   2.3620605e+01
   2.9756470e+06   2.5878906e+01
   2.9776910e+06   2.2827148e+01
   2.9801350e+06   2.2949219e+01
   2.9805640e+06   2.2521973e+01
   2.9886160e+06   2.3193359e+01
   2.9908460e+06   2.4230957e+01
   2.9998050e+06   2.3742676e+01
   3.0034510e+06   2.2399902e+01
   3.0118370e+06   2.9724121e+01
   3.0160490e+06   2.3010254e+01
   3.0171560e+06   2.3681641e+01
   3.0230680e+06   1.3305664e+02
   3.0230780e+06   4.6752930e+01
   3.0231340e+06   2.5939941e+01
   3.0231730e+06   9.4665527e+01
   3.0232520e+06   3.9428711e+01
   3.0232820e+06   2.3925781e+01
   3.0233530e+06   4.7424316e+01
   3.0234180e+06   2.2460938e+01
   3.0234980e+06   4.6081543e+01
   3.0236900e+06   7.3791504e+01
   3.0238600e+06   6.9335938e+01
   3.0240250e+06   6.4697266e+01
   3.0241730e+06   2.2888184e+01
   3.0242860e+06   6.3232422e+01
   3.0244610e+06   4.6508789e+01
   3.0246320e+06   3.3447266e+01
   3.0250000e+06   2.3254395e+01
   3.0389740e+06   2.4780273e+01
   3.0450810e+06   2.4902344e+01
   3.0492590e+06   2.3193359e+01
   3.0520510e+06   2.3010254e+01
   3.0529460e+06   2.2033691e+01
   3.0569390e+06   2.2338867e+01
   3.0640280e+06   2.3803711e+01
   3.0658060e+06   2.4230957e+01
   3.0682140e+06   2.6672363e+01
   3.0709570e+06   2.4475098e+01
   3.0888760e+06   2.2155762e+01
   3.0906700e+06   2.2399902e+01
   3.0957240e+06   1.3153076e+02
   3.0983450e+06   2.6794434e+01
   3.1012190e+06   2.3437500e+01
   3.1024810e+06   2.4353027e+01
   3.1069090e+06   2.8442383e+01
   3.1118620e+06   2.3559570e+01
   3.1178850e+06   2.2888184e+01
   3.1184820e+06   2.5756836e+01
   3.1254630e+06   2.4597168e+01
   3.1271530e+06   2.5512695e+01
   3.1316880e+06   2.6672363e+01
   3.1347650e+06   2.3376465e+01
   3.1437570e+06   2.4291992e+01
   3.1474350e+06   2.3315430e+01
   3.1511910e+06   2.2827148e+01
   3.1530290e+06   2.8259277e+01
   3.1581370e+06   2.4719238e+01
   3.1683460e+06   2.8259277e+01
   3.1724220e+06   2.3071289e+01
   3.1777980e+06   3.0456543e+01
   3.1805350e+06   2.3132324e+01
   3.1878680e+06   2.7832031e+01
   3.1899220e+06   2.2155762e+01
   3.1954640e+06   2.4047852e+01
   3.2001100e+06   2.3803711e+01
   3.2039620e+06   2.3864746e+01
   3.2106410e+06   2.4597168e+01
   3.2160950e+06   2.4169922e+01
   3.2310410e+06   2.6123047e+01
   3.2363830e+06   2.4353027e+01
   3.2380470e+06   2.4597168e+01
   3.2434130e+06   2.3193359e+01
   3.2498000e+06   2.4230957e+01
   3.2523910e+06   2.3681641e+01
   3.2627050e+06   2.4291992e+01
   3.2650200e+06   2.4047852e+01
   3.2704340e+06   2.3132324e+01
   3.2738270e+06   2.2399902e+01
   3.2796720e+06   2.3010254e+01
   3.2885980e+06   2.6733398e+01
   3.2902990e+06   2.6184082e+01
   3.2978450e+06   2.4475098e+01
   3.2985720e+06   2.3620605e+01
   3.3063780e+06   2.5512695e+01
   3.3081150e+06   2.2949219e+01
   3.3166230e+06   2.2460938e+01
   3.3175750e+06   2.5634766e+01
   3.3206070e+06   2.6062012e+01
   3.3296030e+06   2.2888184e+01
   3.3341360e+06   2.5512695e+01
   3.3445920e+06   2.2399902e+01
   3.3498370e+06   2.5207520e+01
   3.3531350e+06   2.2094727e+01
   3.3538660e+06   2.2033691e+01
   3.3638960e+06   2.6794434e+01
   3.3776180e+06   2.3498535e+01
   3.3785060e+06   2.3681641e+01
   3.3818770e+06   2.2216797e+01
   3.3861210e+06   2.4963379e+01
   3.3875250e+06   2.4169922e+01
   3.3918750e+06   2.3864746e+01
   3.3967400e+06   2.3376465e+01
   3.4018500e+06   2.3864746e+01
   3.4048160e+06   2.6733398e+01
   3.4085780e+06   2.5939941e+01
   3.4177940e+06   2.5024414e+01
   3.4184580e+06   2.5939941e+01
   3.4228450e+06   2.3010254e+01
   3.4237300e+06   2.3803711e+01
   3.4314390e+06   2.3742676e+01
   3.4322390e+06   1.3861084e+02
   3.4393520e+06   2.2766113e+01
   3.4575830e+06   3.0517578e+01
   3.4658610e+06   2.3193359e+01
   3.4720950e+06   2.7404785e+01
   3.4782840e+06   2.4597168e+01
   3.4816150e+06   2.2766113e+01
   3.4887280e+06   2.4353027e+01
   3.4952700e+06   2.3803711e+01
   3.5018970e+06   2.4108887e+01
   3.5053480e+06   2.2338867e+01
   3.5088220e+06   2.4780273e+01
   3.5098680e+06   2.2216797e+01
   3.5129530e+06   3.5400391e+01
   3.5151160e+06   2.6672363e+01
   3.5262550e+06   2.4230957e+01
   3.5288920e+06   2.7099609e+01
   3.5316140e+06   2.4475098e+01
   3.5372870e+06   2.3315430e+01
   3.5452910e+06   2.4536133e+01
   3.5480600e+06   2.2583008e+01
   3.5540190e+06   2.2094727e+01
   3.5611980e+06   2.4536133e+01
   3.5630770e+06   2.2949219e+01
   3.5684160e+06   2.5146484e+01
   3.5724960e+06   2.6184082e+01
   3.5745090e+06   2.3376465e+01
   3.5795820e+06   2.4047852e+01
   3.5840000e+06   2.3803711e+01
   3.5885670e+06   2.2644043e+01
   3.5959530e+06   2.5878906e+01
   3.5984480e+06   2.2155762e+01
   3.6029260e+06   2.3864746e+01
   3.6054440e+06   2.3498535e+01
   3.6091700e+06   2.5207520e+01
   3.6139620e+06   2.2155762e+01
   3.6218100e+06   2.6794434e+01
   3.6282270e+06   2.3132324e+01
   3.6328440e+06   2.5695801e+01
   3.6366710e+06   2.5146484e+01
   3.6384860e+06   2.5939941e+01
   3.6392790e+06   2.3071289e+01
   3.6418630e+06   2.2705078e+01
   3.6501560e+06   2.3803711e+01
   3.6545520e+06   2.5939941e+01
   3.6671630e+06   2.3132324e+01
   3.6743720e+06   2.3010254e+01
   3.6750550e+06   2.5573730e+01
   3.6775440e+06   2.6855469e+01
   3.6820760e+06   2.2094727e+01
   3.6852380e+06   2.4902344e+01
   3.6901060e+06   2.6306152e+01
   3.6976630e+06   2.6855469e+01
   3.6984400e+06   2.2583008e+01
   3.7049550e+06   2.5939941e+01
   3.7218740e+06   2.5146484e+01
   3.7250140e+06   2.5939941e+01
   3.7296480e+06   2.1972656e+01
   3.7353200e+06   2.3620605e+01
   3.7376210e+06   2.5024414e+01
   3.7376580e+06   1.2597656e+02
   3.7376810e+06   3.7353516e+01
   3.7377240e+06   3.5034180e+01
   3.7377530e+06   2.2277832e+01
   3.7377800e+06   1.1523438e+02
   3.7377970e+06   2.4902344e+01
   3.7378550e+06   5.3222656e+01
   3.7379200e+06   3.0578613e+01
   3.7381210e+06   2.8259277e+01
   3.7382410e+06   2.4414063e+01
   3.7382960e+06   2.4414063e+01
   3.7383970e+06   2.6855469e+01
   3.7521500e+06   2.3986816e+01
   3.7563100e+06   2.3864746e+01
   3.7601100e+06   2.2888184e+01
   3.7648050e+06   2.2766113e+01
   3.7654210e+06   2.3559570e+01
   3.7682140e+06   2.2949219e+01
   3.7715180e+06   2.2766113e+01
   3.7842160e+06   2.4902344e+01
   3.7864810e+06   2.4353027e+01
   3.7889150e+06   2.2338867e+01
   3.7895930e+06   2.5878906e+01
   3.7963260e+06   2.3803711e+01
   3.8052680e+06   2.4291992e+01
   3.8121140e+06   2.5024414e+01
   3.8157580e+06   2.3925781e+01
   3.8181760e+06   2.2277832e+01
   3.8188530e+06   2.5085449e+01
   3.8209220e+06   2.2460938e+01
   3.8256040e+06   2.5512695e+01
   3.8289090e+06   2.4047852e+01
   3.8295680e+06   2.4414063e+01
   3.8368620e+06   2.5390625e+01
   3.8405180e+06   2.4230957e+01
   3.8429080e+06   2.3864746e+01
   3.8496990e+06   2.2033691e+01
   3.8511260e+06   2.4291992e+01
   3.8543200e+06   2.3132324e+01
   3.8564360e+06   2.6367188e+01
   3.8567720e+06   2.2338867e+01
   3.8580460e+06   2.2033691e+01
   3.8586760e+06   2.2827148e+01
   3.8595190e+06   2.2888184e+01
   3.8662860e+06   2.5512695e+01
   3.8693530e+06   2.2521973e+01
   3.8757050e+06   2.5878906e+01
   3.8793860e+06   2.7587891e+01
   3.8813060e+06   2.2705078e+01
   3.8819790e+06   2.5390625e+01
   3.8853790e+06   2.3498535e+01
   3.8882250e+06   2.2460938e+01
   3.8889320e+06   2.3071289e+01
   3.8967830e+06   2.3559570e+01
   3.8990300e+06   2.6184082e+01
   3.9028680e+06   2.5024414e+01
   3.9055690e+06   2.3315430e+01
   3.9110440e+06   2.3132324e+01
   3.9134910e+06   2.4291992e+01
   3.9155900e+06   2.2766113e+01
   3.9222100e+06   2.4475098e+01
   3.9267410e+06   2.2094727e+01
   3.9273960e+06   2.6184082e+01
   3.9322220e+06   2.5939941e+01
   3.9328720e+06   2.5329590e+01
   3.9454850e+06   2.5146484e+01
   3.9536530e+06   2.2460938e+01
   3.9611980e+06   2.2094727e+01
   3.9633320e+06   2.6367188e+01
   3.9640330e+06   2.7221680e+01
   3.9677850e+06   2.2399902e+01
   3.9720200e+06   2.2094727e+01
   3.9726340e+06   2.3742676e+01
   3.9768480e+06   2.2644043e+01
   3.9774050e+06   2.8381348e+01
   3.9799550e+06   2.5878906e+01
   3.9814600e+06   3.9001465e+01
   3.9840220e+06   2.3925781e+01
   3.9882160e+06   2.5512695e+01
   3.9909210e+06   2.3071289e+01
   3.9939470e+06   2.7465820e+01
   3.9973820e+06   2.4291992e+01
   4.0027180e+06   2.2216797e+01
   4.0088510e+06   2.3925781e+01
   4.0161290e+06   2.3437500e+01
   4.0192990e+06   2.2766113e+01
   4.0260210e+06   2.4108887e+01
   4.0310640e+06   2.4597168e+01
   4.0374920e+06   2.6428223e+01
   4.0380600e+06   2.5024414e+01
   4.0388460e+06   2.3254395e+01
   4.0442480e+06   2.2216797e+01
   4.0498850e+06   2.2583008e+01
   4.0555460e+06   2.2521973e+01
   4.0595390e+06   2.3376465e+01
   4.0653470e+06   2.6245117e+01
   4.0659110e+06   2.5146484e+01
   4.0717150e+06   2.2216797e+01
   4.0760530e+06   3.0456543e+01
   4.0794950e+06   2.4536133e+01
   4.0867470e+06   2.5634766e+01
   4.1084440e+06   2.4108887e+01
   4.1118810e+06   2.4047852e+01
   4.1206400e+06   2.2216797e+01
   4.1219990e+06   2.4353027e+01
   4.1266850e+06   2.3376465e+01
   4.1338020e+06   2.2338867e+01
   4.1381940e+06   2.9418945e+01
   4.1406460e+06   2.2033691e+01
   4.1481000e+06   2.5451660e+01
   4.1512660e+06   2.7648926e+01
   4.1568600e+06   2.2338867e+01
   4.1575420e+06   2.2277832e+01
   4.1594780e+06   2.2399902e+01
   4.1628850e+06   2.4902344e+01
   4.1703950e+06   2.9418945e+01
   4.1760870e+06   2.9235840e+01
   4.1903190e+06   2.2949219e+01
   4.2006480e+06   2.6611328e+01
   4.2049760e+06   2.7282715e+01
   4.2055920e+06   2.5085449e+01
   4.2064400e+06   1.4154053e+02
   4.2157320e+06   2.6062012e+01
   4.2193050e+06   2.3803711e+01
   4.2272040e+06   2.5146484e+01
   4.2329900e+06   2.3864746e+01
   4.2423810e+06   2.4475098e+01
   4.2494910e+06   2.3742676e+01
   4.2584580e+06   2.8320313e+01
   4.2723880e+06   2.2644043e+01
   4.2763000e+06   2.2888184e+01
   4.2862150e+06   2.4108887e+01
   4.2914130e+06   2.5695801e+01
   4.2965040e+06   2.3986816e+01
   4.2971310e+06   2.2338867e+01
   4.3050050e+06   2.3376465e+01
   4.3069500e+06   2.5695801e+01
   4.3138800e+06   2.3132324e+01
   4.3145810e+06   2.1972656e+01
   4.3258210e+06   2.3803711e+01
   4.3317360e+06   2.4841309e+01
   4.3392380e+06   2.3254395e+01
   4.3445530e+06   2.2949219e+01
   4.3483480e+06   3.8574219e+01
   4.3560010e+06   2.3864746e+01
   4.3595400e+06   2.4169922e+01
   4.3645560e+06   2.3986816e+01
   4.3709510e+06   2.2888184e+01
   4.3750530e+06   2.3620605e+01
   4.3778170e+06   2.5146484e+01
   4.3816480e+06   1.3146973e+02
   4.3816680e+06   4.2663574e+01
   4.3816830e+06   2.3071289e+01
   4.3817450e+06   2.3681641e+01
   4.3817740e+06   9.7534180e+01
   4.3818490e+06   5.7495117e+01
   4.3818660e+06   2.3864746e+01
   4.3818960e+06   2.7526855e+01
   4.3819250e+06   2.8320313e+01
   4.3819990e+06   2.4291992e+01
   4.3820320e+06   2.4536133e+01
   4.3821750e+06   2.3437500e+01
   4.3823660e+06   2.2705078e+01
   4.3960520e+06   2.6123047e+01
   4.4040360e+06   2.6428223e+01
   4.4090720e+06   2.3498535e+01
   4.4121730e+06   2.2277832e+01
   4.4127750e+06   2.2094727e+01
   4.4143080e+06   2.2949219e+01
   4.4191760e+06   2.5207520e+01
   4.4215340e+06   2.4841309e+01
   4.4285450e+06   2.4902344e+01
   4.4317600e+06   2.1972656e+01
   4.4346620e+06   2.3742676e+01
   4.4352180e+06   2.3620605e+01
   4.4393240e+06   2.2216797e+01
   4.4430480e+06   2.2460938e+01
   4.4458140e+06   2.3315430e+01
   4.4463920e+06   2.1972656e+01
   4.4496770e+06   2.2460938e+01
   4.4570680e+06   2.5573730e+01
   4.4576990e+06   2.2888184e+01
   4.4582760e+06   2.5268555e+01
   4.4617050e+06   2.3010254e+01
   4.4623950e+06   2.2644043e+01
   4.4674620e+06   2.2521973e+01
   4.4712830e+06   2.4230957e+01
   4.4742470e+06   2.4963379e+01
   4.4768290e+06   2.3315430e+01
   4.4798890e+06   2.7282715e+01
   4.4804430e+06   2.3681641e+01
   4.4853050e+06   2.4414063e+01
   4.4871350e+06   2.2033691e+01
   4.4940000e+06   2.5024414e+01
   4.5009430e+06   2.3681641e+01
   4.5067660e+06   2.5939941e+01
   4.5074220e+06   2.5939941e+01
   4.5109890e+06   2.2399902e+01
   4.5149510e+06   2.6611328e+01
   4.5156270e+06   2.4536133e+01
   4.5204770e+06   2.6489258e+01
   4.5262770e+06   2.4536133e+01
   4.5268190e+06   2.9174805e+01
   4.5294540e+06   2.5634766e+01
   4.5313100e+06   2.2949219e+01
   4.5318420e+06   2.5268555e+01
   4.5323800e+06   2.4536133e+01
   4.5369900e+06   2.2705078e+01
   4.5403100e+06   2.7832031e+01
   4.5501620e+06   2.2644043e+01
   4.5507620e+06   2.5573730e+01
   4.5536360e+06   2.2216797e+01
   4.5563680e+06   2.2460938e+01
   4.5620340e+06   2.4902344e+01
   4.5673780e+06   2.7282715e+01
   4.5695010e+06   2.2399902e+01
   4.5735730e+06   2.2583008e+01
   4.5772470e+06   2.2155762e+01
   4.5805870e+06   2.3193359e+01
   4.5816340e+06   2.5512695e+01
   4.5886750e+06   2.6367188e+01
   4.5943180e+06   2.2949219e+01
   4.5996840e+06   2.5085449e+01
   4.6049340e+06   2.3132324e+01
   4.6055690e+06   2.3010254e+01
   4.6147060e+06   2.1972656e+01
   4.6178500e+06   2.3559570e+01
   4.6224970e+06   2.2399902e+01
   4.6264030e+06   2.2277832e+01
   4.6271880e+06   3.0456543e+01
   4.6307890e+06   2.2338867e+01
   4.6377310e+06   2.4291992e+01
   4.6406250e+06   2.3803711e+01
   4.6447230e+06   2.5512695e+01
   4.6507140e+06   2.4902344e+01
   4.6513030e+06   2.5878906e+01
   4.6578380e+06   2.2399902e+01
   4.6613200e+06   2.3315430e+01
   4.6649870e+06   2.4597168e+01
   4.6698790e+06   2.6123047e+01
   4.6705040e+06   2.4108887e+01
   4.6769340e+06   2.2583008e+01
   4.6800150e+06   2.4475098e+01
   4.6825920e+06   2.5207520e+01
   4.6858460e+06   2.6245117e+01
   4.6915610e+06   2.3010254e+01
   4.6971120e+06   2.4719238e+01
   4.7040140e+06   2.2705078e+01
   4.7102780e+06   2.4475098e+01
   4.7108430e+06   2.6245117e+01
   4.7184760e+06   2.8442383e+01
   4.7190470e+06   2.2583008e+01
   4.7221900e+06   2.7099609e+01
   4.7279170e+06   2.5634766e+01
   4.7346380e+06   3.0090332e+01
   4.7414890e+06   2.4902344e+01
   4.7422220e+06   2.7343750e+01
   4.7469530e+06   2.4353027e+01
   4.7495550e+06   2.5146484e+01
   4.7607290e+06   2.5756836e+01
   4.7664070e+06   2.7099609e+01
   4.7696250e+06   2.3559570e+01
   4.7733020e+06   2.4047852e+01
   4.7848370e+06   2.6611328e+01
   4.7892300e+06   2.5085449e+01
   4.7899510e+06   2.7893066e+01
   4.8010090e+06   2.2216797e+01
   4.8092400e+06   2.3376465e+01
   4.8238690e+06   2.5512695e+01
   4.8246340e+06   2.4780273e+01
   4.8467640e+06   2.7404785e+01
   4.8499790e+06   2.5573730e+01
   4.8507570e+06   2.2949219e+01
   4.8638370e+06   2.2827148e+01
   4.8644800e+06   2.2277832e+01
   4.8696280e+06   2.6733398e+01
   4.8702490e+06   2.2766113e+01
   4.8813130e+06   2.2644043e+01
   4.8854750e+06   2.5329590e+01
   4.8934420e+06   2.4597168e+01
   4.9019340e+06   2.8137207e+01
   4.9045330e+06   2.6123047e+01
   4.9080390e+06   2.2766113e+01
   4.9104600e+06   2.3986816e+01
   4.9111460e+06   2.3010254e+01
   4.9116710e+06   2.4291992e+01
   4.9172250e+06   2.6733398e+01
   4.9216530e+06   2.5878906e+01
   4.9227040e+06   3.7658691e+01
   4.9260260e+06   2.6489258e+01
   4.9306680e+06   2.3681641e+01
   4.9312540e+06   2.2094727e+01
   4.9378310e+06   2.4658203e+01
   4.9404440e+06   2.2216797e+01
   4.9494590e+06   2.3925781e+01
   4.9512850e+06   4.7729492e+01
   4.9537460e+06   2.2949219e+01
   4.9565690e+06   2.2094727e+01
   4.9638130e+06   2.2033691e+01
   4.9642650e+06   2.3742676e+01
   4.9649070e+06   2.2460937e+01
   4.9800620e+06   2.8320313e+01
   4.9806500e+06   2.2949219e+01
   4.9916110e+06   2.3254395e+01
   4.9941200e+06   4.7729492e+01
   4.9958210e+06   4.3823242e+01
   4.9961900e+06   2.2521973e+01
   5.0016420e+06   2.7832031e+01
   5.0022790e+06   2.6062012e+01
   5.0091920e+06   2.4353027e+01
   5.0116320e+06   2.2277832e+01
   5.0148460e+06   2.6855469e+01
   5.0154730e+06   2.3315430e+01
   5.0199260e+06   2.3376465e+01
   5.0249700e+06   2.3193359e+01
   5.0271580e+06   2.5329590e+01
   5.0361520e+06   2.5390625e+01
   5.0412480e+06   2.5207520e+01
   5.0471130e+06   2.4963379e+01
   5.0477780e+06   2.3803711e+01
   5.0542850e+06   3.0029297e+01
   5.0614040e+06   2.2277832e+01
   5.0692890e+06   2.5634766e+01
   5.0721730e+06   2.7648926e+01
   5.0859400e+06   2.2949219e+01
   5.0883650e+06   2.3742676e+01
   5.0925030e+06   2.1972656e+01
   5.0934190e+06   2.3254395e+01
   5.1052380e+06   2.6428223e+01
   5.1057960e+06   2.4658203e+01
   5.1207160e+06   2.3071289e+01
   5.1290510e+06   2.3681641e+01
   5.1339610e+06   2.4169922e+01
   5.1346750e+06   2.4047852e+01
   5.1391840e+06   2.2583008e+01
   5.1441660e+06   2.3681641e+01
   5.1447380e+06   2.3986816e+01
   5.1517470e+06   2.2338867e+01
   5.1623200e+06   2.2827148e+01
   5.1636260e+06   3.7963867e+01
   5.1638440e+06   4.3945313e+01
   5.1653160e+06   2.5329590e+01
   5.1663050e+06   5.0476074e+01
   5.1690210e+06   2.3254395e+01
   5.1736960e+06   2.3864746e+01
   5.1806300e+06   2.2644043e+01
   5.1883240e+06   2.4291992e+01
   5.1963390e+06   2.4108887e+01
   5.2005500e+06   2.4475098e+01
   5.2038410e+06   2.2766113e+01
   5.2078070e+06   2.3925781e+01
   5.2095930e+06   2.2644043e+01
   5.2192840e+06   2.2216797e+01
   5.2227320e+06   2.4475098e+01
   5.2262140e+06   2.2338867e+01
   5.2311850e+06   2.3620605e+01
   5.2327520e+06   2.3315430e+01
   5.2419480e+06   2.4536133e+01
   5.2446540e+06   2.4047852e+01
   5.2507380e+06   2.8564453e+01
   5.2548100e+06   2.2277832e+01
   5.2616960e+06   2.3498535e+01
   5.2664870e+06   2.3925781e+01
   5.2697750e+06   2.2583008e+01
   5.2714750e+06   2.3803711e+01
   5.2749670e+06   2.4047852e+01
   5.2758890e+06   1.3336182e+02
   5.2759360e+06   3.1555176e+01
   5.2759930e+06   2.2460938e+01
   5.2760040e+06   8.7768555e+01
   5.2761420e+06   2.4169922e+01
   5.2762240e+06   2.4353027e+01
   5.2762370e+06   1.3006592e+02
   5.2764890e+06   1.4050293e+02
   5.2898120e+06   2.3986816e+01
   5.3012890e+06   2.2277832e+01
   5.3061380e+06   2.2949219e+01
   5.3089260e+06   2.3864746e+01
   5.3097140e+06   2.3864746e+01
   5.3166710e+06   2.6062012e+01
   5.3186650e+06   2.5451660e+01
   5.3212530e+06   2.5085449e+01
   5.3217970e+06   2.3559570e+01
   5.3234250e+06   2.2705078e+01
   5.3241710e+06   4.4006348e+01
   5.3290560e+06   2.2583008e+01
   5.3316700e+06   2.2949219e+01
   5.3344640e+06   3.8574219e+01
   5.3353160e+06   2.2094727e+01
   5.3399540e+06   2.2277832e+01
   5.3426390e+06   2.7099609e+01
   5.3459990e+06   2.3071289e+01
   5.3487600e+06   2.2827148e+01
   5.3508450e+06   2.2399902e+01
   5.3513540e+06   2.3254395e+01
   5.3521670e+06   2.2216797e+01
   5.3560160e+06   2.4902344e+01
   5.3608600e+06   2.2766113e+01
   5.3614550e+06   2.6672363e+01
   5.3669280e+06   2.3803711e+01
   5.3683440e+06   2.4963379e+01
   5.3754850e+06   2.2277832e+01
   5.3785490e+06   2.4291992e+01
   5.3835770e+06   2.2705078e+01
   5.3875530e+06   2.5878906e+01
   5.3881000e+06   2.2521973e+01
   5.3915820e+06   2.3071289e+01
   5.3922230e+06   2.3315430e+01
   5.3950960e+06   2.2460938e+01
   5.4002830e+06   2.5268555e+01
   5.4026470e+06   2.2338867e+01
   5.4032340e+06   2.5268555e+01
   5.4069390e+06   2.3559570e+01
   5.4085700e+06   2.4353027e+01
   5.4114630e+06   2.5146484e+01
   5.4145820e+06   2.6916504e+01
   5.4184380e+06   2.3925781e+01
   5.4191300e+06   2.3315430e+01
   5.4219080e+06   2.5329590e+01
   5.4260710e+06   2.2949219e+01
   5.4291470e+06   2.4536133e+01
   5.4297820e+06   2.3925781e+01
   5.4334270e+06   2.2460938e+01
   5.4342750e+06   2.2521973e+01
   5.4348590e+06   2.3864746e+01
   5.4382480e+06   2.6367188e+01
   5.4435090e+06   2.1972656e+01
   5.4517080e+06   2.5634766e+01
   5.4544510e+06   2.3315430e+01
   5.4612070e+06   2.2644043e+01
   5.4677710e+06   2.2705078e+01
   5.4693630e+06   2.9663086e+01
   5.4715720e+06   2.4047852e+01
   5.4721500e+06   2.3559570e+01
   5.4757910e+06   2.6489258e+01
   5.4782350e+06   2.4841309e+01
   5.4807380e+06   2.5207520e+01
   5.4814940e+06   2.2277832e+01
   5.4934560e+06   2.2094727e+01
   5.5002930e+06   2.5329590e+01
   5.5048100e+06   2.3986816e+01
   5.5129920e+06   2.1972656e+01
   5.5162050e+06   2.2583008e+01
   5.5225180e+06   2.2705078e+01
   5.5267790e+06   2.5085449e+01
   5.5294730e+06   2.5817871e+01
   5.5349940e+06   2.6977539e+01
   5.5378220e+06   2.2521973e+01
   5.5403490e+06   2.5390625e+01
   5.5410770e+06   2.6184082e+01
   5.5453490e+06   2.6733398e+01
   5.5481520e+06   2.4780273e+01
   5.5540690e+06   2.3803711e+01
   5.5547780e+06   2.4169922e+01
   5.5579770e+06   2.2949219e+01
   5.5595260e+06   2.4597168e+01
   5.5620820e+06   2.4230957e+01
   5.5627480e+06   2.3559570e+01
   5.5685010e+06   2.3925781e+01
   5.5731930e+06   2.8381348e+01
   5.5780590e+06   2.2399902e+01
   5.5872370e+06   2.3071289e+01
   5.5878070e+06   2.2949219e+01
   5.5915320e+06   2.4658203e+01
   5.5940550e+06   2.2033691e+01
   5.5993230e+06   2.5817871e+01
   5.6070610e+06   2.5146484e+01
   5.6119970e+06   2.4230957e+01
   5.6126470e+06   2.3071289e+01
   5.6171880e+06   2.4414063e+01
   5.6209310e+06   2.3559570e+01
   5.6254370e+06   2.2033691e+01
   5.6259810e+06   2.2033691e+01
   5.6318540e+06   2.5939941e+01
   5.6383810e+06   2.4597168e+01
   5.6402720e+06   3.9062500e+01
   5.6428390e+06   2.2338867e+01
   5.6435070e+06   2.4841309e+01
   5.6508480e+06   2.2888184e+01
   5.6567800e+06   2.2521973e+01
   5.6573860e+06   2.6489258e+01
   5.6624310e+06   2.4536133e+01
   5.6647110e+06   2.3925781e+01
   5.6681940e+06   2.4475098e+01
   5.6752510e+06   2.2583008e+01
   5.6809040e+06   2.3254395e+01
   5.6907520e+06   2.3681641e+01
   5.6913220e+06   2.2338867e+01
   5.6952080e+06   2.2338867e+01
   5.7020320e+06   2.4108887e+01
   5.7026980e+06   2.3498535e+01
   5.7069460e+06   2.2277832e+01
   5.7214490e+06   2.2338867e+01
   5.7239190e+06   2.3986816e+01
   5.7246030e+06   2.4291992e+01
   5.7298810e+06   1.3458252e+02
   5.7299470e+06   2.4291992e+01
   5.7300600e+06   1.1737061e+02
   5.7301090e+06   2.2644043e+01
   5.7301690e+06   6.1767578e+01
   5.7302040e+06   2.9663086e+01
   5.7303040e+06   2.5512695e+01
   5.7304630e+06   1.0253906e+02
   5.7307500e+06   1.3079834e+02
   5.7453850e+06   2.3559570e+01
   5.7470350e+06   2.4230957e+01
   5.7586650e+06   2.2216797e+01
   5.7608330e+06   2.4719238e+01
   5.7653190e+06   2.3620605e+01
   5.7680100e+06   2.6000977e+01
   5.7749410e+06   2.7465820e+01
   5.7772570e+06   2.2705078e+01
   5.7784530e+06   2.6245117e+01
   5.7842300e+06   2.3559570e+01
   5.7880930e+06   2.3681641e+01
   5.7896850e+06   2.5634766e+01
   5.7916540e+06   2.2583008e+01
   5.7973620e+06   2.4353027e+01
   5.8022420e+06   2.4658203e+01
   5.8066060e+06   2.2888184e+01
   5.8072410e+06   2.5451660e+01
   5.8180000e+06   2.4291992e+01
   5.8228020e+06   2.6611328e+01
   5.8240410e+06   2.2521973e+01
   5.8256840e+06   2.3071289e+01
   5.8284410e+06   2.7404785e+01
   5.8339730e+06   2.2827148e+01
   5.8346250e+06   2.4658203e+01
   5.8374100e+06   2.3620605e+01
   5.8423780e+06   2.3254395e+01
   5.8444430e+06   2.2216797e+01
   5.8477450e+06   2.1972656e+01
   5.8532670e+06   2.2216797e+01
   5.8559700e+06   2.2827148e+01
   5.8609520e+06   2.7282715e+01
   5.8633630e+06   2.4475098e+01
   5.8676610e+06   2.2216797e+01
   5.8693320e+06   2.2399902e+01
   5.8768450e+06   2.5146484e+01
   5.8787800e+06   2.3437500e+01
   5.8808560e+06   2.3620605e+01
   5.8813570e+06   2.4475098e+01
   5.8851490e+06   2.6916504e+01
   5.8937350e+06   2.7709961e+01
   5.8955290e+06   2.2033691e+01
   5.8977710e+06   2.2216797e+01
   5.9023510e+06   2.4353027e+01
   5.9049470e+06   2.2460938e+01
   5.9094170e+06   2.2399902e+01
   5.9099420e+06   2.2888184e+01
   5.9123240e+06   4.0893555e+01
   5.9141150e+06   2.2033691e+01
   5.9179550e+06   2.2949219e+01
   5.9228950e+06   2.3010254e+01
   5.9235560e+06   2.5634766e+01
   5.9282530e+06   2.5512695e+01
   5.9356850e+06   2.3437500e+01
   5.9370970e+06   2.5268555e+01
   5.9377050e+06   2.2399902e+01
   5.9407500e+06   2.4291992e+01
   5.9425470e+06   2.2766113e+01
   5.9461800e+06   2.3864746e+01
   5.9523950e+06   2.1972656e+01
   5.9568380e+06   2.2094727e+01
   5.9600640e+06   2.2521973e+01
   5.9729470e+06   2.3803711e+01
   5.9783450e+06   2.8259277e+01
   5.9819230e+06   2.2338867e+01
   5.9824460e+06   2.7099609e+01
   5.9865520e+06   2.2583008e+01
   5.9875010e+06   3.0578613e+01
   5.9921580e+06   2.2094727e+01
   5.9957700e+06   2.1972656e+01
   6.0038740e+06   2.3803711e+01
   6.0062630e+06   2.4841309e+01
   6.0069380e+06   2.4963379e+01
   6.0080630e+06   2.3071289e+01
   6.0145560e+06   2.3620605e+01
   6.0205220e+06   2.8076172e+01
   6.0257110e+06   2.3071289e+01
   6.0284760e+06   2.2766113e+01
   6.0293860e+06   2.3559570e+01
   6.0357010e+06   2.5268555e+01
   6.0396920e+06   2.1911621e+01
   6.0428740e+06   2.8381348e+01
   6.0462620e+06   2.6000977e+01
   6.0495180e+06   2.3864746e+01
   6.0544800e+06   2.2277832e+01
   6.0572100e+06   2.3986816e+01
   6.0610760e+06   2.2460938e+01
   6.0671510e+06   2.3681641e+01
   6.0757100e+06   2.3132324e+01
   6.0784220e+06   2.5573730e+01
   6.0880530e+06   2.3193359e+01
   6.0987940e+06   2.4230957e+01
   6.0995150e+06   2.3376465e+01
   6.1059180e+06   2.4047852e+01
   6.1130430e+06   2.6977539e+01
   6.1182550e+06   2.2827148e+01
   6.1233110e+06   2.4047852e+01
   6.1238910e+06   2.3986816e+01
   6.1280910e+06   2.4169922e+01
   6.1317230e+06   2.2033691e+01
   6.1332890e+06   2.7099609e+01
   6.1369490e+06   2.3010254e+01
   6.1375550e+06   2.7282715e+01
   6.1418810e+06   2.1972656e+01
   6.1470310e+06   2.2155762e+01
   6.1492950e+06   2.6855469e+01
   6.1529700e+06   2.2705078e+01
   6.1543040e+06   2.6062012e+01
   6.1584370e+06   2.3010254e+01
   6.1611460e+06   2.2460938e+01
   6.1643990e+06   2.3803711e+01
   6.1677780e+06   2.2338867e+01
   6.1685150e+06   2.7587891e+01
   6.1724230e+06   2.2155762e+01
   6.1782290e+06   2.4536133e+01
   6.1818750e+06   2.2521973e+01
   6.1911420e+06   2.6184082e+01
   6.1975770e+06   2.3315430e+01
   6.1994330e+06   2.2644043e+01
   6.2000390e+06   2.3193359e+01
   6.2032810e+06   2.6916504e+01
   6.2089090e+06   2.2094727e+01
   6.2092950e+06   2.4108887e+01
   6.2163070e+06   2.2827148e+01
   6.2203170e+06   2.2827148e+01
   6.2208800e+06   2.4291992e+01
   6.2285040e+06   2.3010254e+01
   6.2305680e+06   2.1911621e+01
   6.2406750e+06   2.3925781e+01
   6.2442400e+06   2.3132324e+01
   6.2477970e+06   2.3315430e+01
   6.2497340e+06   2.4047852e+01
   6.2526770e+06   2.3803711e+01
   6.2551340e+06   2.3559570e+01
   6.2564460e+06   2.4414063e+01
   6.2625670e+06   2.2033691e+01
   6.2660780e+06   2.5939941e+01
   6.2768200e+06   2.2766113e+01
   6.2819370e+06   2.4230957e+01
   6.2844850e+06   2.4047852e+01
   6.2904390e+06   2.5268555e+01
   6.2938330e+06   2.3864746e+01
   6.2995790e+06   2.9602051e+01
   6.3035140e+06   2.3437500e+01
   6.3066310e+06   2.4963379e+01
   6.3136350e+06   2.3132324e+01
   6.3179930e+06   2.4780273e+01
   6.3300040e+06   2.2705078e+01
   6.3330720e+06   2.3986816e+01
   6.3360240e+06   2.4353027e+01
   6.3367440e+06   2.6123047e+01
   6.3412130e+06   2.4963379e+01
   6.3417840e+06   2.2644043e+01
   6.3462440e+06   2.4169922e+01
   6.3486100e+06   2.8198242e+01
   6.3492340e+06   2.7893066e+01
   6.3575230e+06   2.3010254e+01
   6.3630370e+06   2.2399902e+01
   6.3656500e+06   2.3559570e+01
   6.3701170e+06   2.2460938e+01
   6.3735200e+06   2.1850586e+01
   6.3773100e+06   2.4719238e+01
   6.3839610e+06   2.2521973e+01
   6.3872820e+06   2.4169922e+01
   6.3905610e+06   2.3132324e+01
   6.3943990e+06   2.5024414e+01
   6.4069150e+06   2.2583008e+01
   6.4092370e+06   2.2521973e+01
   6.4152770e+06   2.4353027e+01
   6.4158400e+06   2.4169922e+01
   6.4190730e+06   2.3010254e+01
   6.4198070e+06   2.2277832e+01
   6.4269350e+06   2.1972656e+01
   6.4324730e+06   2.6672363e+01
   6.4356480e+06   2.6489258e+01
   6.4364980e+06   2.7221680e+01
   6.4426670e+06   2.5390625e+01
   6.4473980e+06   2.2766113e+01
   6.4554010e+06   2.5207520e+01
   6.4572630e+06   2.2033691e+01
   6.4724590e+06   2.3620605e+01
   6.4768240e+06   2.6306152e+01
   6.4774400e+06   2.3742676e+01
   6.4819270e+06   2.4841309e+01
   6.4886130e+06   2.2705078e+01
   6.4929340e+06   2.2705078e+01
   6.4977150e+06   2.2583008e+01
   6.5009890e+06   2.3803711e+01
   6.5040160e+06   2.4291992e+01
   6.5065280e+06   2.2216797e+01
   6.5109130e+06   2.4475098e+01
   6.5167410e+06   2.3681641e+01
   6.5221970e+06   2.5085449e+01
   6.5248620e+06   2.2460938e+01
   6.5297020e+06   2.2033691e+01
   6.5349820e+06   2.4719238e+01
   6.5411700e+06   2.4536133e+01
   6.5437510e+06   2.2888184e+01
   6.5485880e+06   2.4291992e+01
   6.5509810e+06   2.1972656e+01
   6.5515300e+06   2.4047852e+01
   6.5555300e+06   2.1850586e+01
   6.5610690e+06   2.4902344e+01
   6.5645700e+06   2.3132324e+01
   6.5687230e+06   2.5817871e+01
   6.5739830e+06   2.1911621e+01
   6.5766380e+06   2.5329590e+01
   6.5790560e+06   2.3803711e+01
   6.5845870e+06   2.4230957e+01
   6.5872060e+06   2.2277832e+01
   6.6037890e+06   2.4291992e+01
   6.6046210e+06   2.1911621e+01
   6.6113320e+06   2.6184082e+01
   6.6221200e+06   2.2766113e+01
   6.6232450e+06   3.5339355e+01
   6.6246490e+06   2.2827148e+01
   6.6279620e+06   2.2583008e+01
   6.6343700e+06   2.3071289e+01
   6.6388200e+06   2.2399902e+01
   6.6450510e+06   2.2277832e+01
   6.6539400e+06   2.3498535e+01
   6.6593660e+06   2.2460938e+01
   6.6669120e+06   2.4902344e+01
   6.6673150e+06   2.3010254e+01
   6.6743850e+06   2.4902344e+01
   6.6810230e+06   2.3559570e+01
   6.6856080e+06   2.2644043e+01
   6.6901940e+06   2.3315430e+01
   6.6923570e+06   2.1850586e+01
   6.7016490e+06   2.2338867e+01
   6.7055150e+06   2.2766113e+01
   6.7079860e+06   2.3315430e+01
   6.7109080e+06   2.2338867e+01
   6.7184900e+06   2.3437500e+01
   6.7247370e+06   2.4658203e+01
   6.7253270e+06   2.9968262e+01
   6.7297370e+06   2.2216797e+01
   6.7346370e+06   2.7282715e+01
   6.7430220e+06   2.4719238e+01
   6.7473500e+06   2.2155762e+01
   6.7479700e+06   2.5146484e+01
   6.7525520e+06   2.4169922e+01
   6.7621450e+06   2.7160645e+01
   6.7653230e+06   2.2460938e+01
   6.7692060e+06   2.4169922e+01
   6.7746300e+06   2.2644043e+01
   6.7753250e+06   2.4719238e+01
   6.7790720e+06   2.2033691e+01
   6.7871490e+06   2.5207520e+01
   6.7900900e+06   2.2583008e+01
   6.7957130e+06   2.4475098e+01
   6.8036670e+06   2.5329590e+01
   6.8073310e+06   2.3071289e+01
   6.8107470e+06   2.4902344e+01
   6.8205450e+06   2.5512695e+01
   6.8220770e+06   2.6000977e+01
   6.8281780e+06   2.2827148e+01
   6.8314020e+06   2.3559570e+01
   6.8374190e+06   2.6367188e+01
   6.8484420e+06   2.3254395e+01
   6.8489620e+06   2.2705078e+01
   6.8574910e+06   2.3437500e+01
   6.8641900e+06   2.2338867e+01
   6.8660830e+06   2.5207520e+01
   6.8720680e+06   2.6550293e+01
   6.8768630e+06   2.3681641e+01
   6.8814020e+06   2.4841309e+01
   6.8894860e+06   2.1911621e+01
   6.8947440e+06   2.1972656e+01
   6.9038190e+06   2.6367188e+01
   6.9069900e+06   2.2705078e+01
   6.9194370e+06   2.4230957e+01
   6.9225470e+06   2.3254395e+01
   6.9230690e+06   2.1911621e+01
   6.9263280e+06   2.2460938e+01
   6.9303400e+06   2.3071289e+01
   6.9342180e+06   2.3376465e+01
   6.9419700e+06   2.3925781e+01
   6.9479220e+06   2.5390625e+01
   6.9511450e+06   2.4719238e+01
   6.9535300e+06   2.4169922e+01
   6.9582190e+06   2.4597168e+01
   6.9609180e+06   2.2094727e+01
   6.9660440e+06   2.3986816e+01
   6.9707800e+06   2.6855469e+01
   6.9748130e+06   2.6123047e+01
   6.9753720e+06   2.3559570e+01
   6.9825040e+06   2.2644043e+01
   6.9847280e+06   2.2521973e+01
   6.9885310e+06   2.2033691e+01
   6.9921960e+06   2.2277832e+01
   6.9995440e+06   2.4169922e+01
   7.0057140e+06   2.3498535e+01
   7.0089300e+06   2.5390625e+01
   7.0095610e+06   2.1972656e+01
   7.0132670e+06   2.7038574e+01
   7.0161780e+06   2.2155762e+01
   7.0197720e+06   2.2094727e+01
   7.0204060e+06   2.2277832e+01
   7.0266110e+06   2.6489258e+01
   7.0298610e+06   2.4414063e+01
   7.0336960e+06   2.3376465e+01
   7.0367370e+06   2.3620605e+01
   7.0421510e+06   2.5085449e+01
   7.0502120e+06   2.3193359e+01
   7.0508370e+06   2.1911621e+01
   7.0577970e+06   2.3132324e+01
   7.0583520e+06   2.2705078e+01
   7.0644420e+06   2.4108887e+01
   7.0693790e+06   2.1972656e+01
   7.0715580e+06   2.2705078e+01
   7.0756870e+06   2.3681641e+01
   7.0832570e+06   2.2521973e+01
   7.0868150e+06   2.2827148e+01
   7.0912910e+06   2.2888184e+01
   7.0942030e+06   2.4108887e+01
   7.0979940e+06   2.3193359e+01
   7.1032460e+06   2.4902344e+01
   7.1072110e+06   2.1911621e+01
   7.1140150e+06   2.3315430e+01
   7.1147570e+06   2.7099609e+01
   7.1265480e+06   2.6611328e+01
   7.1306470e+06   2.4291992e+01
   7.1331090e+06   2.4536133e+01
   7.1382040e+06   2.3498535e+01
   7.1466190e+06   2.6794434e+01
   7.1482720e+06   3.0151367e+01
   7.1590310e+06   2.4169922e+01
   7.1694840e+06   2.2338867e+01
   7.1780700e+06   2.5024414e+01
   7.1800830e+06   2.2094727e+01
   7.1830010e+06   2.2521973e+01
   7.1845210e+06   2.2277832e+01
   7.1881440e+06   2.2949219e+01
   7.1915560e+06   2.8320313e+01
   7.2024290e+06   2.3498535e+01
   7.2065990e+06   2.2094727e+01
   7.2071740e+06   2.4291992e+01
   7.2131740e+06   2.3681641e+01
   7.2166270e+06   2.2827148e+01
   7.2300050e+06   2.2338867e+01
   7.2335670e+06   2.5085449e+01
   7.2394960e+06   2.3803711e+01
   7.2401670e+06   2.1972656e+01
   7.2406220e+06   2.2094727e+01
   7.2512660e+06   2.2338867e+01
   7.2562350e+06   2.3742676e+01
   7.2597870e+06   2.3254395e+01
   7.2636090e+06   2.3742676e+01
   7.2690910e+06   2.3010254e+01
   7.2696190e+06   2.8747559e+01
   7.2764970e+06   2.3864746e+01
   7.2771060e+06   2.4963379e+01
   7.2826700e+06   2.2949219e+01
   7.2858730e+06   2.4291992e+01
   7.2893690e+06   2.2338867e+01
   7.2930260e+06   2.5878906e+01
   7.2936770e+06   2.2277832e+01
   7.3076220e+06   2.5329590e+01
   7.3130880e+06   2.2094727e+01
   7.3145770e+06   2.6916504e+01
   7.3183880e+06   2.3193359e+01
   7.3224470e+06   2.3803711e+01
   7.3276600e+06   2.5268555e+01
   7.3305100e+06   2.2949219e+01
   7.3325050e+06   2.3071289e+01
   7.3349310e+06   2.2827148e+01
   7.3355420e+06   2.2766113e+01
   7.3411090e+06   2.4902344e+01
   7.3417850e+06   2.3498535e+01
   7.3552600e+06   2.2338867e+01
   7.3591920e+06   2.1911621e+01
   7.3637670e+06   2.3132324e+01
   7.3655250e+06   2.2277832e+01
   7.3677730e+06   2.3071289e+01
   7.3748200e+06   2.3010254e+01
   7.3753980e+06   2.2705078e+01
   7.3845350e+06   2.4536133e+01
   7.3866890e+06   2.3437500e+01
   7.3907140e+06   2.4230957e+01
   7.3938970e+06   2.3925781e+01
   7.4037730e+06   2.3498535e+01
   7.4093490e+06   2.3498535e+01
   7.4128110e+06   2.3437500e+01
   7.4255060e+06   2.2705078e+01
   7.4284830e+06   2.2155762e+01
   7.4310800e+06   2.3742676e+01
   7.4348780e+06   2.4536133e+01
   7.4430330e+06   2.1911621e+01
   7.4482550e+06   2.1850586e+01
   7.4553530e+06   2.4230957e+01
   7.4575940e+06   2.3315430e+01
   7.4580690e+06   2.3193359e+01
   7.4658560e+06   2.4047852e+01
   7.4666010e+06   2.2033691e+01
   7.4702760e+06   2.5451660e+01
   7.4724060e+06   2.3437500e+01
   7.4779710e+06   2.2094727e+01
   7.4820830e+06   2.3193359e+01
   7.4922820e+06   2.2399902e+01
   7.4954020e+06   2.2827148e+01
   7.4983780e+06   2.3193359e+01
   7.5010690e+06   2.3925781e+01
   7.5029870e+06   2.2644043e+01
   7.5119140e+06   2.5817871e+01
   7.5123880e+06   2.2949219e+01
   7.5165400e+06   2.6062012e+01
   7.5197190e+06   2.2521973e+01
   7.5402850e+06   2.5878906e+01
   7.5440840e+06   2.5512695e+01
   7.5475030e+06   2.2277832e+01
   7.5490110e+06   2.4230957e+01
   7.5540200e+06   2.2521973e+01
   7.5595410e+06   2.3010254e+01
   7.5673870e+06   2.2033691e+01
   7.5743850e+06   2.4719238e+01
   7.5835500e+06   2.3132324e+01
   7.5860920e+06   2.2583008e+01
   7.5888600e+06   2.4291992e+01
   7.5969360e+06   2.6123047e+01
   7.6022320e+06   2.2521973e+01
   7.6069530e+06   2.6428223e+01
   7.6158270e+06   2.2583008e+01
   7.6203880e+06   2.2521973e+01
   7.6221240e+06   2.5024414e+01
   7.6226910e+06   2.9113770e+01
   7.6232370e+06   2.4291992e+01
   7.6300410e+06   2.6794434e+01
   7.6362920e+06   2.1972656e+01
   7.6436720e+06   2.2705078e+01
   7.6477040e+06   2.4597168e+01
   7.6500560e+06   2.2277832e+01
   7.6562080e+06   2.7160645e+01
   7.6631750e+06   2.6611328e+01
   7.6708720e+06   2.3437500e+01
   7.6751820e+06   2.3864746e+01
   7.6757240e+06   2.3559570e+01
   7.6806090e+06   2.7343750e+01
   7.6858660e+06   2.5146484e+01
   7.6906850e+06   2.6611328e+01
   7.7049500e+06   2.1972656e+01
   7.7080690e+06   2.4108887e+01
   7.7122490e+06   2.3071289e+01
   7.7128580e+06   2.2033691e+01
   7.7142780e+06   2.2033691e+01
   7.7196360e+06   2.2583008e+01
   7.7244800e+06   2.6367188e+01
   7.7413120e+06   2.4963379e+01
   7.7460940e+06   2.2827148e+01
   7.7517110e+06   2.2521973e+01
   7.7522970e+06   2.5634766e+01
   7.7614230e+06   2.3559570e+01
   7.7675830e+06   2.2216797e+01
   7.7804790e+06   2.2949219e+01
   7.7866060e+06   2.2888184e+01
   7.7872770e+06   2.2705078e+01
   7.7960920e+06   2.2155762e+01
   7.7997050e+06   2.5756836e+01
   7.8052710e+06   2.5268555e+01
   7.8059580e+06   2.5695801e+01
   7.8099010e+06   2.3742676e+01
   7.8104510e+06   2.2827148e+01
   7.8145020e+06   2.2216797e+01
   7.8212620e+06   2.3681641e+01
   7.8291820e+06   2.2338867e+01
   7.8320880e+06   2.7404785e+01
   7.8326550e+06   2.6367188e+01
   7.8426890e+06   2.4108887e+01
   7.8460830e+06   2.2033691e+01
   7.8519970e+06   2.7099609e+01
   7.8539650e+06   2.2155762e+01
   7.8671770e+06   2.5695801e+01
   7.8707460e+06   2.4963379e+01
   7.8732650e+06   2.3010254e+01
   7.8779140e+06   2.3498535e+01
   7.8889730e+06   2.3803711e+01
   7.8913530e+06   2.2949219e+01
   7.8976590e+06   2.1972656e+01
   7.9027480e+06   2.2644043e+01
   7.9033170e+06   2.2766113e+01
   7.9089160e+06   2.4291992e+01
   7.9121530e+06   2.2338867e+01
   7.9151780e+06   2.3925781e+01
   7.9177160e+06   2.2216797e+01
   7.9202900e+06   2.2583008e+01
   7.9222360e+06   2.2338867e+01
   7.9248280e+06   2.4780273e+01
   7.9348450e+06   2.4353027e+01
   7.9410650e+06   2.3559570e+01
   7.9417880e+06   2.2521973e+01
   7.9486800e+06   2.3620605e+01
   7.9536400e+06   2.3559570e+01
   7.9542790e+06   2.2521973e+01
   7.9603760e+06   2.2277832e+01
   7.9652330e+06   2.2521973e+01
   7.9706210e+06   2.4169922e+01
   7.9788390e+06   2.2460938e+01
   7.9812850e+06   2.3254395e+01
   7.9866470e+06   2.4963379e+01
   7.9872610e+06   2.4719238e+01
   7.9966530e+06   2.3315430e+01
   8.0015850e+06   2.2460938e+01
   8.0052010e+06   2.2460938e+01
   8.0068820e+06   2.6123047e+01
   8.0138690e+06   2.6184082e+01
   8.0235710e+06   2.4353027e+01
   8.0264610e+06   2.4108887e+01
   8.0463530e+06   2.1972656e+01
   8.0467320e+06   2.4169922e+01
   8.0515550e+06   2.5390625e+01
   8.0539680e+06   2.6245117e+01
   8.0685750e+06   2.2338867e+01
   8.0717290e+06   2.7465820e+01
   8.0746010e+06   2.5207520e+01
   8.0779040e+06   2.2399902e+01
   8.0908580e+06   2.2338867e+01
   8.0991480e+06   2.4902344e+01
   8.1042230e+06   2.3498535e+01
   8.1086760e+06   2.2460938e+01
   8.1133240e+06   2.2216797e+01
   8.1300780e+06   2.2766113e+01
   8.1443480e+06   2.5329590e+01
   8.1528240e+06   2.3620605e+01
   8.1534190e+06   2.8930664e+01
   8.1580410e+06   2.2949219e+01
   8.1625890e+06   2.2460938e+01
   8.1660550e+06   2.4353027e+01
   8.1693520e+06   2.2033691e+01
   8.1745790e+06   2.4536133e+01
   8.1775130e+06   2.3498535e+01
   8.1791100e+06   2.3193359e+01
   8.1891720e+06   2.3071289e+01
   8.1897460e+06   2.3315430e+01
   8.2074920e+06   2.4230957e+01
   8.2120070e+06   2.5756836e+01
   8.2197440e+06   2.8869629e+01
   8.2247840e+06   2.4475098e+01
   8.2270860e+06   2.3254395e+01
   8.2321300e+06   2.4230957e+01
   8.2359390e+06   2.4108887e+01
   8.2400180e+06   2.4169922e+01
   8.2446340e+06   2.3010254e+01
   8.2495140e+06   2.2705078e+01
   8.2538300e+06   2.1911621e+01
   8.2619090e+06   2.2644043e+01
   8.2709650e+06   2.2216797e+01
   8.2738380e+06   2.2277832e+01
   8.2806950e+06   2.2094727e+01
   8.2852940e+06   2.8137207e+01
   8.2892650e+06   2.3620605e+01
   8.2958480e+06   2.3864746e+01
   8.3002590e+06   2.3803711e+01
   8.3096040e+06   2.2521973e+01
   8.3181530e+06   2.2460938e+01
   8.3253150e+06   2.7160645e+01
   8.3287940e+06   2.3071289e+01
   8.3332770e+06   2.7709961e+01
   8.3361690e+06   2.1972656e+01
   8.3380540e+06   2.4963379e+01
   8.3419410e+06   2.2766113e+01
   8.3549620e+06   2.2094727e+01
   8.3559730e+06   1.2487793e+02
   8.3560140e+06   2.6184082e+01
   8.3560590e+06   7.6416016e+01
   8.3560900e+06   2.5756836e+01
   8.3561190e+06   3.9062500e+01
   8.3562890e+06   2.2583008e+01
   8.3875390e+06   2.8381348e+01
   8.3908020e+06   2.1911621e+01
   8.3968240e+06   2.2521973e+01
   8.3993950e+06   2.2399902e+01
   8.4033790e+06   2.4658203e+01
   8.4069580e+06   3.2775879e+01
   8.4168160e+06   2.3803711e+01
   8.4204900e+06   2.2155762e+01
   8.4210670e+06   2.3498535e+01
   8.4302020e+06   2.2766113e+01
   8.4373400e+06   2.6550293e+01
   8.4379420e+06   2.5390625e+01
   8.4415190e+06   2.2460938e+01
   8.4474430e+06   2.6916504e+01
   8.4514810e+06   2.1850586e+01
   8.4545090e+06   2.2094727e+01
   8.4574030e+06   2.4169922e+01
   8.4608860e+06   2.4902344e+01
   8.4667720e+06   2.4536133e+01
   8.4704150e+06   2.3132324e+01
   8.4737120e+06   2.3925781e+01
   8.4809050e+06   2.2827148e+01
   8.4834240e+06   2.2155762e+01
   8.4865500e+06   2.3864746e+01
   8.4895770e+06   2.2277832e+01
   8.4900560e+06   2.1911621e+01
   8.4957760e+06   2.4230957e+01
   8.5003040e+06   2.4475098e+01
   8.5039190e+06   2.2949219e+01
   8.5068260e+06   2.2644043e+01
   8.5120670e+06   2.3010254e+01
   8.5198770e+06   2.2033691e+01
   8.5234980e+06   2.6489258e+01
   8.5270310e+06   2.2583008e+01
   8.5275200e+06   2.2094727e+01
   8.5281790e+06   2.5024414e+01
   8.5316090e+06   2.1972656e+01
   8.5423400e+06   2.2216797e+01
   8.5508950e+06   2.2766113e+01
   8.5549270e+06   2.3864746e+01
   8.5569660e+06   2.2827148e+01
   8.5611400e+06   2.3132324e+01
   8.5770040e+06   2.1850586e+01
   8.5879560e+06   2.4353027e+01
   8.5957140e+06   2.3193359e+01
   8.5999450e+06   2.5085449e+01
   8.6058660e+06   2.5268555e+01
   8.6063530e+06   2.4414063e+01
   8.6084850e+06   2.5634766e+01
   8.6157270e+06   2.3376465e+01
   8.6200220e+06   2.4047852e+01
   8.6340550e+06   2.3986816e+01
   8.6464170e+06   2.8564453e+01
   8.6493330e+06   2.3498535e+01
   8.6532860e+06   2.3315430e+01
   8.6558190e+06   2.2216797e+01
   8.6598660e+06   2.3620605e+01
   8.6605540e+06   2.2766113e+01
   8.6698500e+06   2.5512695e+01
   8.6744640e+06   2.2460938e+01
   8.6830810e+06   2.3742676e+01
   8.6860410e+06   2.3864746e+01
   8.6914370e+06   2.3498535e+01
   8.7003040e+06   2.4169922e+01
   8.7034450e+06   2.3559570e+01
   8.7117240e+06   2.3925781e+01
   8.7265500e+06   2.4353027e+01
   8.7301420e+06   2.2949219e+01
   8.7358840e+06   2.2644043e+01
   8.7365340e+06   2.7221680e+01
   8.7404090e+06   2.4658203e+01
   8.7492280e+06   2.3071289e+01
   8.7549770e+06   2.4536133e+01
   8.7607540e+06   2.3437500e+01
   8.7637650e+06   2.3803711e+01
   8.7696450e+06   2.2399902e+01
   8.7741140e+06   2.1850586e+01
   8.7789970e+06   2.3437500e+01
   8.7827060e+06   2.2705078e+01
   8.7867090e+06   2.2827148e+01
   8.7872320e+06   2.2583008e+01
   8.7934110e+06   2.3864746e+01
   8.7992010e+06   2.2521973e+01
   8.8069200e+06   2.4902344e+01
   8.8215130e+06   2.6306152e+01
   8.8266280e+06   2.1850586e+01
   8.8294100e+06   2.5939941e+01
   8.8362440e+06   2.2094727e+01
   8.8514040e+06   2.4658203e+01
   8.8571500e+06   2.3254395e+01
   8.8615050e+06   2.4658203e+01
   8.8714480e+06   2.1972656e+01
   8.8758770e+06   2.2521973e+01
   8.8792800e+06   2.1972656e+01
   8.8846930e+06   2.6123047e+01
   8.8913520e+06   2.3925781e+01
   8.8963430e+06   2.3437500e+01
   8.9032500e+06   2.4536133e+01
   8.9085080e+06   2.8137207e+01
   8.9151780e+06   2.3986816e+01
   8.9215430e+06   2.2216797e+01
   8.9339640e+06   2.4475098e+01
   8.9420960e+06   2.3315430e+01
   8.9437140e+06   2.8442383e+01
   8.9467560e+06   2.3071289e+01
   8.9618610e+06   2.6184082e+01
   8.9660760e+06   2.3254395e+01
   8.9852410e+06   2.5207520e+01
   8.9874680e+06   2.2644043e+01
   8.9911230e+06   2.4658203e+01
   8.9968860e+06   2.2155762e+01
   9.0013970e+06   2.5268555e+01
   9.0064990e+06   2.5146484e+01
   9.0179220e+06   2.8808594e+01
   9.0233720e+06   2.3925781e+01
   9.0284050e+06   2.5329590e+01
   9.0538440e+06   2.3132324e+01
   9.0584790e+06   2.2766113e+01
   9.0635590e+06   2.2033691e+01
   9.0728540e+06   2.4963379e+01
   9.0791010e+06   2.9113770e+01
   9.0868070e+06   2.2644043e+01
   9.0981610e+06   2.3376465e+01
   9.1097830e+06   2.4475098e+01
   9.1155720e+06   2.4047852e+01
   9.1204880e+06   2.2155762e+01
   9.1237470e+06   2.2033691e+01
   9.1270040e+06   2.3620605e+01
   9.1319690e+06   2.2705078e+01
   9.1335320e+06   2.5085449e+01
   9.1436100e+06   2.2094727e+01
   9.1629280e+06   2.2766113e+01
   9.1709680e+06   2.2949219e+01
   9.1741030e+06   2.2644043e+01
   9.1807600e+06   2.5878906e+01
   9.1814440e+06   2.2949219e+01
   9.1935700e+06   2.2949219e+01
   9.2023010e+06   2.3132324e+01
   9.2070090e+06   2.3010254e+01
   9.2111910e+06   2.2949219e+01
   9.2241710e+06   2.2583008e+01
   9.2377310e+06   2.3376465e+01
   9.2382840e+06   2.3193359e+01
   9.2555390e+06   2.2583008e+01
   9.2666930e+06   2.2766113e+01
   9.2718190e+06   2.4169922e+01
   9.2723740e+06   2.2766113e+01
   9.2891340e+06   2.4108887e+01
   9.2940870e+06   2.3559570e+01
   9.3105310e+06   2.5268555e+01
   9.3174720e+06   2.1972656e+01
   9.3230700e+06   2.3132324e+01
   9.3334060e+06   2.3437500e+01
   9.3381330e+06   2.2766113e+01
   9.3424490e+06   2.3315430e+01
   9.3477350e+06   2.2766113e+01
   9.3570280e+06   2.3681641e+01
   9.3854740e+06   2.2216797e+01
   9.3940940e+06   2.2644043e+01
   9.4143460e+06   2.5146484e+01
   9.4263330e+06   2.3254395e+01
   9.4407060e+06   2.3376465e+01
   9.4466030e+06   2.4841309e+01
   9.4556630e+06   2.3132324e+01
   9.4635570e+06   2.2705078e+01
   9.4661030e+06   2.3437500e+01
   9.4719000e+06   2.7282715e+01
   9.4744880e+06   2.4230957e+01
   9.4788980e+06   2.5024414e+01
   9.4805360e+06   2.6733398e+01
   9.4817910e+06   2.3193359e+01
   9.4897990e+06   2.3986816e+01
   9.5081400e+06   2.7465820e+01
   9.5138740e+06   1.2451172e+02
   9.5139410e+06   2.5756836e+01
   9.5243630e+06   2.3132324e+01
   9.5311700e+06   2.4841309e+01
   9.5340660e+06   2.3620605e+01
   9.5374940e+06   2.9052734e+01
   9.5413690e+06   2.5573730e+01
   9.5615130e+06   2.3132324e+01
   9.5637020e+06   2.3559570e+01
   9.5668800e+06   2.5390625e+01
   9.5728600e+06   2.2521973e+01
   9.5733310e+06   2.2277832e+01
   9.5774730e+06   2.4536133e+01
   9.5807890e+06   2.5268555e+01
   9.5923810e+06   2.3681641e+01
   9.5928980e+06   2.2888184e+01
   9.5966130e+06   2.2827148e+01
   9.6090960e+06   2.3071289e+01
   9.6147970e+06   2.4963379e+01
   9.6304330e+06   2.2766113e+01
   9.6394340e+06   2.2949219e+01
   9.6433690e+06   2.2766113e+01
   9.6480600e+06   2.2155762e+01
   9.6515290e+06   2.3620605e+01
   9.6589400e+06   2.2277832e+01
   9.6647780e+06   2.3315430e+01
   9.6783420e+06   2.3437500e+01
   9.6860830e+06   2.2644043e+01
   9.6958440e+06   2.4414063e+01
   9.7023260e+06   2.4230957e+01
   9.7050990e+06   2.4780273e+01
   9.7182250e+06   2.2338867e+01
   9.7219210e+06   2.3071289e+01
   9.7270540e+06   2.4108887e+01
   9.7345410e+06   2.3315430e+01
   9.7556880e+06   2.2277832e+01
   9.7629780e+06   2.2216797e+01
   9.7697420e+06   2.5329590e+01
   9.7742050e+06   2.2888184e+01
   9.7784440e+06   2.2399902e+01
   9.7840220e+06   2.2399902e+01
   9.8028840e+06   2.6794434e+01
   9.8064160e+06   2.3681641e+01
   9.8181970e+06   2.2033691e+01
   9.8256020e+06   2.3559570e+01
   9.8358090e+06   2.3254395e+01
   9.8500680e+06   2.3315430e+01
   9.8553960e+06   2.6306152e+01
   9.8650930e+06   2.2888184e+01
   9.8745380e+06   2.2277832e+01
   9.8800010e+06   2.7282715e+01
   9.8853710e+06   2.2033691e+01
   9.8996060e+06   2.1911621e+01
   9.9002410e+06   2.2094727e+01
   9.9106010e+06   2.2827148e+01
   9.9177840e+06   2.4108887e+01
   9.9269260e+06   2.1972656e+01
   9.9345170e+06   2.5085449e+01
   9.9359460e+06   2.5207520e+01
   9.9392300e+06   2.4291992e+01
   9.9436670e+06   2.5756836e+01
   9.9442740e+06   2.2033691e+01
   9.9496350e+06   2.4169922e+01
   9.9558870e+06   2.3498535e+01
   9.9564880e+06   2.2460938e+01
   9.9676150e+06   2.7526855e+01
   9.9800020e+06   2.4291992e+01
   9.9997360e+06   2.4414063e+01
   1.0009760e+07   2.3010254e+01
   1.0021173e+07   2.3559570e+01
   1.0026519e+07   2.2827148e+01
   1.0031007e+07   2.2705078e+01
   1.0033833e+07   2.2094727e+01
   1.0038365e+07   2.4719238e+01
   1.0045806e+07   2.3071289e+01
   1.0052832e+07   2.5573730e+01
   1.0064808e+07   2.1911621e+01
   1.0078901e+07   2.3193359e+01
   1.0079623e+07   2.4108887e+01
   1.0084270e+07   2.4475098e+01
   1.0094526e+07   2.5024414e+01
   1.0094972e+07   2.2521973e+01
   1.0097390e+07   2.4108887e+01
   1.0103426e+07   2.2094727e+01
   1.0104850e+07   2.4963379e+01
   1.0116311e+07   2.3132324e+01
   1.0124695e+07   2.3803711e+01
   1.0135149e+07   2.3925781e+01
   1.0141212e+07   2.2338867e+01
   1.0148862e+07   2.2827148e+01
   1.0151114e+07   2.2094727e+01
   1.0155757e+07   2.2155762e+01
   1.0160864e+07   2.3010254e+01
   1.0180324e+07   2.2155762e+01
   1.0197963e+07   2.6977539e+01
   1.0199698e+07   2.2094727e+01
   1.0202581e+07   2.5024414e+01
   1.0206540e+07   2.3681641e+01
   1.0215782e+07   2.2583008e+01
   1.0218436e+07   2.2216797e+01
   1.0221728e+07   2.2583008e+01
   1.0233051e+07   2.2094727e+01
   1.0243090e+07   2.2033691e+01
   1.0246695e+07   2.7221680e+01
   1.0252166e+07   2.7099609e+01
   1.0256853e+07   2.1972656e+01
   1.0257764e+07   3.4606934e+01
   1.0263391e+07   2.3986816e+01
   1.0271432e+07   2.4536133e+01
   1.0275134e+07   2.5878906e+01
   1.0278602e+07   2.4047852e+01
   1.0295519e+07   2.3498535e+01
   1.0303682e+07   2.3620605e+01
   1.0303990e+07   2.3193359e+01
   1.0309774e+07   2.2521973e+01
   1.0323639e+07   2.2949219e+01
   1.0331469e+07   2.2827148e+01
   1.0333263e+07   2.2644043e+01
   1.0341692e+07   2.2399902e+01
   1.0347878e+07   2.6367188e+01
   1.0350510e+07   2.3376465e+01
   1.0354142e+07   2.3010254e+01
   1.0355978e+07   2.3254395e+01
   1.0358943e+07   2.4780273e+01
   1.0359579e+07   2.3498535e+01
   1.0367514e+07   2.3010254e+01
   1.0381447e+07   2.3681641e+01
   1.0386789e+07   2.4230957e+01
   1.0400863e+07   2.3681641e+01
   1.0405724e+07   2.3193359e+01
   1.0415960e+07   2.2033691e+01
   1.0444327e+07   2.2399902e+01
   1.0451128e+07   2.4169922e+01
   1.0456580e+07   2.2338867e+01
   1.0464967e+07   2.2094727e+01
   1.0468059e+07   2.3803711e+01
   1.0479067e+07   2.2766113e+01
   1.0482016e+07   2.5573730e+01
   1.0486969e+07   2.2827148e+01
   1.0495419e+07   2.2216797e+01
   1.0501818e+07   2.5207520e+01
   1.0520969e+07   2.2644043e+01
   1.0530389e+07   2.5207520e+01
   1.0544088e+07   2.7404785e+01
   1.0553824e+07   2.4658203e+01
   1.0555411e+07   2.4536133e+01
   1.0563416e+07   2.2827148e+01
   1.0565170e+07   2.3376465e+01
   1.0573090e+07   2.3315430e+01
   1.0575193e+07   2.2888184e+01
   1.0580287e+07   2.2155762e+01
   1.0585950e+07   2.5390625e+01
   1.0589031e+07   2.2888184e+01
   1.0592923e+07   2.8808594e+01
   1.0598918e+07   2.2094727e+01
   1.0612010e+07   2.4902344e+01
   1.0621143e+07   2.3010254e+01
   1.0630435e+07   2.2338867e+01
   1.0636001e+07   2.2949219e+01
   1.0665106e+07   2.2521973e+01
   1.0668610e+07   2.3071289e+01
   1.0690131e+07   2.3925781e+01
   1.0695244e+07   2.5390625e+01
   1.0716373e+07   2.3803711e+01
   1.0729226e+07   2.3071289e+01
   1.0745363e+07   2.1972656e+01
   1.0750269e+07   2.6306152e+01
   1.0754869e+07   2.3071289e+01
   1.0758663e+07   2.3559570e+01
   1.0766528e+07   2.4597168e+01
   1.0767947e+07   2.4902344e+01
   1.0775587e+07   2.3376465e+01
   1.0780964e+07   2.2277832e+01
   1.0786399e+07   2.6489258e+01
   1.0795417e+07   2.3132324e+01
   1.0801056e+07   2.4169922e+01
   1.0811477e+07   2.3986816e+01
   1.0817119e+07   2.3559570e+01
   1.0821441e+07   2.6367188e+01
   1.0826030e+07   2.4047852e+01
   1.0831230e+07   2.2155762e+01
   1.0834106e+07   2.5512695e+01
   1.0841194e+07   2.2644043e+01
   1.0868876e+07   2.3742676e+01
   1.0879978e+07   2.3925781e+01
   1.0884484e+07   2.3254395e+01
   1.0895261e+07   2.5024414e+01
   1.0916594e+07   2.5939941e+01
   1.0921094e+07   2.3376465e+01
   1.0931529e+07   2.2766113e+01
   1.0950070e+07   2.2277832e+01
   1.0961842e+07   2.6794434e+01
   1.0967011e+07   2.2521973e+01
   1.0970582e+07   2.5024414e+01
   1.0977649e+07   2.2399902e+01
   1.0982719e+07   2.7160645e+01
   1.0995224e+07   2.4475098e+01
   1.1000437e+07   2.3193359e+01
   1.1006968e+07   2.3376465e+01
   1.1098536e+07   2.2644043e+01
   1.1118769e+07   2.2827148e+01
   1.1175539e+07   2.5573730e+01
   1.1187959e+07   2.4963379e+01
   1.1193136e+07   2.2399902e+01
   1.1200598e+07   2.2460938e+01
   1.1202671e+07   2.3315430e+01
   1.1206768e+07   2.2155762e+01
   1.1210927e+07   2.2766113e+01
   1.1221925e+07   2.6000977e+01
   1.1229687e+07   2.2399902e+01
   1.1248142e+07   2.2094727e+01
   1.1250515e+07   2.4597168e+01
   1.1270069e+07   2.4475098e+01
   1.1276377e+07   2.1972656e+01
   1.1283056e+07   2.7954102e+01
   1.1286991e+07   2.2827148e+01
   1.1289443e+07   2.7893066e+01
   1.1297455e+07   2.3254395e+01
   1.1301609e+07   2.3864746e+01
   1.1305508e+07   2.2033691e+01
   1.1341701e+07   2.2460938e+01
   1.1344500e+07   2.6062012e+01
   1.1351795e+07   2.4353027e+01
   1.1357267e+07   2.2216797e+01
   1.1368041e+07   2.6367188e+01
   1.1375959e+07   2.2094727e+01
   1.1380785e+07   2.3132324e+01
   1.1398104e+07   2.2216797e+01
   1.1406689e+07   2.4841309e+01
   1.1413627e+07   2.2583008e+01
   1.1422223e+07   2.2155762e+01
   1.1436464e+07   2.2155762e+01
   1.1444804e+07   2.2583008e+01
   1.1452085e+07   2.1972656e+01
   1.1454623e+07   2.2827148e+01
   1.1480380e+07   2.7282715e+01
   1.1487350e+07   2.4047852e+01
   1.1494931e+07   2.2155762e+01
   1.1498518e+07   2.3193359e+01
   1.1504337e+07   2.2460938e+01
   1.1513594e+07   2.2705078e+01
   1.1517661e+07   2.7893066e+01
   1.1523509e+07   2.1911621e+01
   1.1524546e+07   2.2216797e+01
   1.1529551e+07   2.4963379e+01
   1.1544471e+07   2.3010254e+01
   1.1555762e+07   2.2277832e+01
   1.1557568e+07   2.3010254e+01
   1.1566093e+07   2.2766113e+01
   1.1570901e+07   2.2094727e+01
   1.1576195e+07   2.7954102e+01
   1.1577087e+07   2.2155762e+01
   1.1582345e+07   2.4108887e+01
   1.1584203e+07   2.5390625e+01
   1.1589302e+07   2.2766113e+01
   1.1595376e+07   2.3376465e+01
   1.1600471e+07   2.1911621e+01
   1.1608373e+07   2.2277832e+01
   1.1617170e+07   2.3437500e+01
   1.1626214e+07   2.2399902e+01
   1.1629308e+07   2.8198242e+01
   1.1634015e+07   2.3315430e+01
   1.1640759e+07   2.3254395e+01
   1.1646835e+07   2.2216797e+01
   1.1673048e+07   2.3803711e+01
   1.1680788e+07   2.3315430e+01
   1.1684998e+07   2.2216797e+01
   1.1712839e+07   2.2033691e+01
   1.1713392e+07   2.4353027e+01
   1.1731165e+07   2.4108887e+01
   1.1741566e+07   2.3681641e+01
   1.1749111e+07   2.2583008e+01
   1.1752930e+07   2.6000977e+01
   1.1765688e+07   2.2583008e+01
   1.1773818e+07   2.3498535e+01
   1.1775234e+07   2.2094727e+01
   1.1800469e+07   2.1911621e+01
   1.1805218e+07   2.2155762e+01
   1.1809350e+07   2.1911621e+01
   1.1819261e+07   2.2399902e+01
   1.1827935e+07   2.2094727e+01
   1.1829761e+07   2.2583008e+01
   1.1850228e+07   2.2338867e+01
   1.1867145e+07   2.3010254e+01
   1.1881028e+07   2.3254395e+01
   1.1881623e+07   2.3376465e+01
   1.1888463e+07   2.4169922e+01
   1.1897490e+07   2.2705078e+01
   1.1902157e+07   2.5146484e+01
   1.1914489e+07   2.2583008e+01
   1.1940103e+07   2.6000977e+01
   1.1945242e+07   2.3803711e+01
   1.1949209e+07   2.3193359e+01
   1.1965173e+07   2.3193359e+01
   1.1977997e+07   2.3071289e+01
   1.1988031e+07   2.1972656e+01
