   1.1999000e+07   0.0000000e+00
   2.7993000e+04   3.3691406e+01
   3.7453000e+04   2.7160645e+01
   4.7270000e+04   2.7465820e+01
   7.6505000e+04   2.7465820e+01
   1.5750300e+05   2.7221680e+01
   2.4524300e+05   3.3874512e+01
   5.0115800e+05   2.8503418e+01
   1.5862640e+06   2.8564453e+01
   1.5863240e+06   3.2836914e+01
   1.5863610e+06   3.9123535e+01
   1.6307770e+06   2.6733398e+01
   1.6504030e+06   2.7343750e+01
   1.6504760e+06   3.3081055e+01
   1.6505820e+06   2.7465820e+01
   1.6508880e+06   2.8808594e+01
   1.6521330e+06   3.1005859e+01
   1.6736610e+06   3.3447266e+01
   1.6895070e+06   2.9357910e+01
   1.7132760e+06   2.7648926e+01
   1.7313400e+06   3.0822754e+01
   1.7419060e+06   2.6977539e+01
   2.3070230e+06   3.0029297e+01
   2.3163790e+06   3.6865234e+01
   2.6522060e+06   2.7526855e+01
   3.6763450e+06   2.7099609e+01
   3.6769470e+06   2.7893066e+01
   4.6073460e+06   2.8625488e+01
   4.6075960e+06   2.6550293e+01
   4.6076510e+06   3.2043457e+01
   4.6076890e+06   2.7954102e+01
   4.6082970e+06   2.6855469e+01
   4.6242500e+06   2.7038574e+01
   4.7140060e+06   3.0517578e+01
   4.7140190e+06   2.9785156e+01
   4.7392970e+06   2.9785156e+01
   4.7399810e+06   3.2409668e+01
   4.7401390e+06   2.6428223e+01
   4.7687890e+06   2.9296875e+01
   4.7689870e+06   2.7526855e+01
   4.7694410e+06   3.1127930e+01
   4.7933220e+06   2.7832031e+01
   4.8564040e+06   2.6916504e+01
   4.9108640e+06   2.6794434e+01
   6.4157880e+06   2.8747559e+01
   8.2122000e+06   2.9602051e+01
   8.2122850e+06   2.7893066e+01
   8.2124880e+06   2.7465820e+01
   8.2129640e+06   3.0456543e+01
   8.3013810e+06   2.8137207e+01
   8.3016170e+06   2.8503418e+01
   8.3023670e+06   2.9846191e+01
   8.3432580e+06   3.1250000e+01
   8.3435350e+06   2.7954102e+01
   8.3439390e+06   2.7832031e+01
   8.3864600e+06   3.2958984e+01
   8.3869000e+06   2.7465820e+01
   8.5510670e+06   2.7832031e+01
