   1.1999000e+07   0.0000000e+00
   1.9240000e+03   2.6184082e+01
   2.0620000e+03   3.1005859e+01
   2.0900000e+03   2.7954102e+01
   2.1180000e+03   2.5817871e+01
   2.3870000e+03   2.6672363e+01
   2.5100000e+03   2.4902344e+01
   1.4783000e+04   3.4606934e+01
   1.4954000e+04   2.4963379e+01
   1.5001000e+04   2.5390625e+01
   1.5160000e+04   3.5888672e+01
   1.5515000e+04   2.9846191e+01
   2.6641000e+04   2.4902344e+01
   2.6751000e+04   3.9123535e+01
   2.6889000e+04   2.7221680e+01
   2.6901000e+04   2.6550293e+01
   3.6601000e+04   2.6000977e+01
   3.6698000e+04   2.5878906e+01
   3.6734000e+04   2.8015137e+01
   3.6787000e+04   2.7282715e+01
   4.5947000e+04   2.7465820e+01
   4.6182000e+04   3.1738281e+01
   4.6263000e+04   2.5024414e+01
   5.5745000e+04   2.7832031e+01
   5.5868000e+04   2.4902344e+01
   5.5924000e+04   2.5939941e+01
   5.5971000e+04   2.5390625e+01
   5.6004000e+04   2.9663086e+01
   5.6140000e+04   2.7404785e+01
   5.6260000e+04   2.4902344e+01
   5.6319000e+04   2.5024414e+01
   6.4685000e+04   2.5512695e+01
   6.4806000e+04   2.7832031e+01
   6.4851000e+04   2.6794434e+01
   7.5300000e+04   2.7587891e+01
   7.5526000e+04   3.2592773e+01
   7.5655000e+04   2.5939941e+01
   7.5737000e+04   3.1433105e+01
   7.5750000e+04   2.5329590e+01
   8.5807000e+04   3.2775879e+01
   8.5920000e+04   2.9541016e+01
   8.6016000e+04   2.7832031e+01
   8.6242000e+04   2.5146484e+01
   8.6468000e+04   2.4902344e+01
   9.9757000e+04   4.2724609e+01
   9.9807000e+04   2.6672363e+01
   9.9900000e+04   2.5451660e+01
   1.0821900e+05   2.7465820e+01
   1.1700500e+05   2.6794434e+01
   1.1714200e+05   2.6672363e+01
   1.1723700e+05   2.9296875e+01
   1.1728500e+05   2.9907227e+01
   1.2631800e+05   2.5512695e+01
   1.2685200e+05   2.5390625e+01
   1.3712500e+05   2.5268555e+01
   1.3720800e+05   2.7160645e+01
   1.3725700e+05   3.3691406e+01
   1.3748500e+05   2.6977539e+01
   1.3773600e+05   2.6855469e+01
   1.4708700e+05   2.4902344e+01
   1.5627300e+05   2.5634766e+01
   1.5644300e+05   3.0395508e+01
   1.5661700e+05   2.4902344e+01
   1.5689900e+05   2.7099609e+01
   1.6640800e+05   2.6550293e+01
   1.6645600e+05   2.5085449e+01
   1.6649200e+05   2.7038574e+01
   1.6681500e+05   3.1372070e+01
   1.7918300e+05   2.6550293e+01
   1.7928800e+05   2.5146484e+01
   1.7947800e+05   3.0395508e+01
   1.9258300e+05   3.1738281e+01
   1.9268500e+05   2.9785156e+01
   1.9278200e+05   3.1555176e+01
   1.9281500e+05   2.4963379e+01
   1.9306800e+05   2.9052734e+01
   2.0505200e+05   3.2592773e+01
   2.0516100e+05   2.7282715e+01
   2.0529400e+05   2.5146484e+01
   2.0545000e+05   2.8137207e+01
   2.0569300e+05   2.5756836e+01
   2.1791200e+05   3.0456543e+01
   2.1796200e+05   3.1005859e+01
   2.1822200e+05   2.8137207e+01
   2.1841700e+05   2.9235840e+01
   2.2972100e+05   2.5390625e+01
   2.2978600e+05   3.3996582e+01
   2.2980500e+05   2.9663086e+01
   2.3040700e+05   2.5146484e+01
   2.4448500e+05   2.7343750e+01
   2.4453300e+05   2.6428223e+01
   2.4456400e+05   2.5329590e+01
   2.4469700e+05   3.0517578e+01
   2.4492100e+05   2.8625488e+01
   2.5763500e+05   2.5085449e+01
   2.5776300e+05   2.5390625e+01
   2.5786400e+05   2.7770996e+01
   2.5791100e+05   2.6428223e+01
   2.5803500e+05   2.5756836e+01
   2.6883900e+05   2.8808594e+01
   2.8271700e+05   2.5329590e+01
   2.8275600e+05   2.4902344e+01
   2.8291600e+05   2.6672363e+01
   2.8303000e+05   2.5268555e+01
   2.9824700e+05   2.9235840e+01
   2.9827900e+05   3.2775879e+01
   2.9833900e+05   2.6489258e+01
   2.9883700e+05   2.7648926e+01
   3.1131700e+05   3.4423828e+01
   3.1135600e+05   2.5878906e+01
   3.1140500e+05   2.7770996e+01
   3.1155000e+05   2.4963379e+01
   3.1164400e+05   2.6245117e+01
   3.1175700e+05   2.5756836e+01
   3.2526400e+05   2.5512695e+01
   3.2533000e+05   2.5634766e+01
   3.2573800e+05   2.5390625e+01
   3.2583600e+05   3.0517578e+01
   3.3861800e+05   2.7648926e+01
   3.4106000e+05   2.5573730e+01
   3.4734400e+05   2.5878906e+01
   3.4763400e+05   3.1799316e+01
   3.4780400e+05   2.6306152e+01
   3.6277000e+05   2.7465820e+01
   3.6296000e+05   2.5512695e+01
   3.6302200e+05   2.6123047e+01
   3.8129500e+05   2.8747559e+01
   3.8178400e+05   3.2897949e+01
   3.8192900e+05   2.5024414e+01
   3.8266300e+05   2.9479980e+01
   3.9802600e+05   2.5817871e+01
   3.9817400e+05   2.5268555e+01
   3.9823700e+05   2.5329590e+01
   3.9848600e+05   2.5390625e+01
   4.1463600e+05   2.7770996e+01
   4.1471900e+05   2.7038574e+01
   4.1477300e+05   3.1250000e+01
   4.1498400e+05   3.0822754e+01
   4.2638400e+05   2.5573730e+01
   4.2642000e+05   2.6733398e+01
   4.2674300e+05   2.6184082e+01
   4.4389200e+05   2.6977539e+01
   4.4390600e+05   3.0029297e+01
   4.4412700e+05   2.7038574e+01
   4.6189100e+05   2.6062012e+01
   4.6196000e+05   2.8991699e+01
   4.8840600e+05   2.4963379e+01
   4.8872300e+05   3.0578613e+01
   4.8890000e+05   2.8198242e+01
   4.8898800e+05   3.1311035e+01
   4.8915500e+05   2.8442383e+01
   4.8942500e+05   2.6489258e+01
   5.0387100e+05   2.9174805e+01
   5.2631900e+05   2.5817871e+01
   5.5202000e+05   3.7475586e+01
   5.5216100e+05   2.5085449e+01
   5.5227800e+05   3.2409668e+01
   5.5244700e+05   2.9235840e+01
   6.3372400e+05   2.4902344e+01
   6.3384400e+05   2.5390625e+01
   6.3398900e+05   2.4902344e+01
   6.5804500e+05   2.4902344e+01
   6.5827700e+05   2.6916504e+01
   6.5839000e+05   2.5390625e+01
   6.5877600e+05   3.1250000e+01
   6.5929200e+05   2.5634766e+01
   1.3159160e+06   2.4963379e+01
   1.3161870e+06   2.9724121e+01
   1.3165710e+06   2.6672363e+01
   1.4476520e+06   2.9785156e+01
   1.4717100e+06   2.5512695e+01
   1.4912790e+06   2.5512695e+01
   1.5108660e+06   2.5512695e+01
   1.5597410e+06   2.5756836e+01
   1.5850180e+06   2.6611328e+01
   1.5851440e+06   3.0456543e+01
   1.5852040e+06   2.7038574e+01
   1.5853750e+06   2.9907227e+01
   1.5855780e+06   2.8503418e+01
   1.5856770e+06   2.6306152e+01
   1.5858220e+06   3.2653809e+01
   1.5859220e+06   3.1188965e+01
   1.5859780e+06   2.5634766e+01
   1.5860740e+06   3.2104492e+01
   1.5861460e+06   2.9602051e+01
   1.5861770e+06   3.3386230e+01
   1.5862250e+06   2.5390625e+01
   1.5862370e+06   5.7067871e+01
   1.5862850e+06   2.9968262e+01
   1.5863730e+06   3.1127930e+01
   1.5864260e+06   3.6499023e+01
   1.6498130e+06   2.5146484e+01
   1.6499410e+06   2.7282715e+01
   1.6499940e+06   3.0334473e+01
   1.6501450e+06   2.8442383e+01
   1.6501670e+06   2.6794434e+01
   1.6501820e+06   2.7770996e+01
   1.6502120e+06   2.5146484e+01
   1.6502380e+06   3.5461426e+01
   1.6502720e+06   2.6916504e+01
   1.6503070e+06   2.7221680e+01
   1.6503460e+06   3.0761719e+01
   1.6503680e+06   3.1188965e+01
   1.6503970e+06   2.4963379e+01
   1.6504500e+06   2.7343750e+01
   1.6505250e+06   2.6123047e+01
   1.6728350e+06   2.5817871e+01
   1.6729910e+06   2.8564453e+01
   1.6730450e+06   2.4963379e+01
   1.6731200e+06   2.5939941e+01
   1.6732280e+06   2.5573730e+01
   1.6733380e+06   2.6855469e+01
   1.6733480e+06   2.9785156e+01
   1.6733830e+06   2.5573730e+01
   1.6734040e+06   3.0944824e+01
   1.6734330e+06   2.6306152e+01
   1.6734450e+06   2.9052734e+01
   1.6735250e+06   3.5217285e+01
   1.6735500e+06   2.9357910e+01
   1.6735840e+06   3.2714844e+01
   1.6737880e+06   2.7954102e+01
   1.6886990e+06   2.5878906e+01
   1.6889370e+06   3.0761719e+01
   1.6889710e+06   2.5756836e+01
   1.6890180e+06   2.7282715e+01
   1.6891100e+06   3.0639648e+01
   1.6891940e+06   2.7893066e+01
   1.6892490e+06   3.1372070e+01
   1.6892980e+06   2.7587891e+01
   1.6893270e+06   2.5634766e+01
   1.6893580e+06   2.8076172e+01
   1.6894990e+06   2.6672363e+01
   1.6895090e+06   2.5024414e+01
   1.6896390e+06   3.2348633e+01
   1.7029430e+06   2.7221680e+01
   1.7031960e+06   2.6123047e+01
   1.7046260e+06   2.6550293e+01
   1.7119970e+06   2.5878906e+01
   1.7121660e+06   2.6062012e+01
   1.7122310e+06   3.6804199e+01
   1.7124530e+06   2.5451660e+01
   1.7125640e+06   2.6184082e+01
   1.7126390e+06   2.8015137e+01
   1.7130200e+06   2.6000977e+01
   1.7131000e+06   2.5207520e+01
   1.7131310e+06   2.7038574e+01
   1.7228120e+06   2.6062012e+01
   1.7228720e+06   2.9418945e+01
   1.7230050e+06   2.8625488e+01
   1.7232080e+06   2.5390625e+01
   1.7236400e+06   2.8808594e+01
   1.7304610e+06   2.7648926e+01
   1.7305540e+06   2.5085449e+01
   1.7308350e+06   2.7770996e+01
   1.7311700e+06   4.4067383e+01
   1.7408680e+06   2.9235840e+01
   1.7408880e+06   2.9113770e+01
   1.7409740e+06   2.9846191e+01
   1.7409890e+06   2.8869629e+01
   1.7411520e+06   2.5085449e+01
   1.7412040e+06   2.7832031e+01
   1.7413060e+06   2.5817871e+01
   1.7413560e+06   2.8259277e+01
   1.7413840e+06   2.7465820e+01
   1.7414310e+06   2.5512695e+01
   1.7414790e+06   2.9418945e+01
   1.7415540e+06   2.6672363e+01
   1.7416840e+06   2.8320313e+01
   1.7417000e+06   3.5461426e+01
   1.7417290e+06   2.7648926e+01
   1.7417480e+06   2.7832031e+01
   1.7417780e+06   2.8503418e+01
   1.7418400e+06   2.9846191e+01
   1.7619480e+06   2.4902344e+01
   1.7621100e+06   2.7893066e+01
   1.7621790e+06   2.6184082e+01
   1.7622170e+06   2.5268555e+01
   1.7624330e+06   2.5573730e+01
   1.7625860e+06   2.5451660e+01
   1.7629730e+06   2.6977539e+01
   1.7721280e+06   3.0151367e+01
   1.7721660e+06   2.6977539e+01
   1.7803690e+06   2.8076172e+01
   1.7804940e+06   2.6000977e+01
   1.7807480e+06   2.7648926e+01
   1.7809190e+06   2.8137207e+01
   1.7876810e+06   2.8320313e+01
   1.7881730e+06   2.5024414e+01
   1.7954020e+06   2.5451660e+01
   1.8032250e+06   2.6306152e+01
   1.8034650e+06   3.1188965e+01
   1.8035740e+06   2.6794434e+01
   1.8036860e+06   2.6489258e+01
   1.8108740e+06   3.0395508e+01
   1.8109140e+06   2.6000977e+01
   1.8109980e+06   2.7099609e+01
   1.8110240e+06   2.5207520e+01
   1.8202990e+06   2.4963379e+01
   1.8204120e+06   3.2287598e+01
   1.8208020e+06   3.1860352e+01
   1.8212310e+06   2.5695801e+01
   1.8278200e+06   2.5085449e+01
   1.8361210e+06   2.6428223e+01
   1.8362770e+06   2.6672363e+01
   1.8363650e+06   2.6062012e+01
   1.8364520e+06   2.7038574e+01
   1.8367070e+06   2.5085449e+01
   1.8447240e+06   2.4963379e+01
   1.8447570e+06   2.6672363e+01
   1.8449660e+06   2.5939941e+01
   1.8523850e+06   2.9846191e+01
   1.8525180e+06   2.8442383e+01
   1.8529590e+06   2.7954102e+01
   1.8602600e+06   2.5024414e+01
   1.8604100e+06   2.5695801e+01
   1.8608270e+06   2.5817871e+01
   1.8674780e+06   2.5390625e+01
   1.8677360e+06   2.7099609e+01
   1.8679860e+06   2.7770996e+01
   1.8773730e+06   2.5268555e+01
   1.8869000e+06   2.8259277e+01
   1.8869630e+06   2.5817871e+01
   1.8870070e+06   2.5329590e+01
   1.8953390e+06   2.8259277e+01
   1.8954270e+06   2.6367188e+01
   1.8954760e+06   2.8015137e+01
   1.8955920e+06   2.6245117e+01
   1.9073850e+06   2.8564453e+01
   1.9075310e+06   2.6672363e+01
   1.9076160e+06   2.6000977e+01
   1.9076480e+06   2.6123047e+01
   1.9173580e+06   2.8625488e+01
   1.9173910e+06   2.5207520e+01
   1.9174350e+06   2.8564453e+01
   1.9175790e+06   2.6367188e+01
   1.9282490e+06   2.4902344e+01
   1.9284130e+06   2.5695801e+01
   1.9368990e+06   2.7770996e+01
   1.9370470e+06   2.7465820e+01
   1.9373020e+06   2.6245117e+01
   1.9470440e+06   2.6184082e+01
   1.9583510e+06   2.6062012e+01
   1.9583890e+06   2.5939941e+01
   1.9586480e+06   2.8381348e+01
   1.9835310e+06   2.8930664e+01
   1.9835610e+06   3.3813477e+01
   2.0005600e+06   2.8869629e+01
   2.0005790e+06   2.7160645e+01
   2.0006450e+06   2.7221680e+01
   2.0006580e+06   2.5695801e+01
   2.0007890e+06   2.8442383e+01
   2.0137790e+06   2.5512695e+01
   2.0138600e+06   2.6367188e+01
   2.0141500e+06   2.7648926e+01
   2.0304490e+06   3.2104492e+01
   2.0305010e+06   3.2592773e+01
   2.0536220e+06   2.7221680e+01
   2.0536800e+06   2.7099609e+01
   2.0538670e+06   2.5085449e+01
   2.0539120e+06   2.6489258e+01
   2.0797200e+06   2.7587891e+01
   2.0797430e+06   2.7709961e+01
   2.0801790e+06   2.5146484e+01
   2.0802610e+06   2.5390625e+01
   2.1073450e+06   2.5634766e+01
   2.1074040e+06   2.6000977e+01
   2.1079040e+06   3.4240723e+01
   2.1082570e+06   2.7465820e+01
   2.1282880e+06   2.4963379e+01
   2.1283160e+06   2.8991699e+01
   2.1496260e+06   2.8686523e+01
   2.1498670e+06   2.4902344e+01
   2.1499910e+06   2.8137207e+01
   2.1733360e+06   2.6672363e+01
   2.1927070e+06   2.5512695e+01
   2.2153000e+06   2.8137207e+01
   2.2153900e+06   2.5085449e+01
   2.2308190e+06   2.5146484e+01
   2.2372010e+06   2.7465820e+01
   2.2553030e+06   2.6367188e+01
   2.2745410e+06   2.5451660e+01
   2.2748790e+06   2.8137207e+01
   3.1894570e+06   2.5451660e+01
   3.4052140e+06   2.4536133e+01
   4.0721330e+06   2.6184082e+01
   4.6061690e+06   2.4902344e+01
   4.6061980e+06   2.7160645e+01
   4.6072930e+06   2.5939941e+01
   4.6073510e+06   2.9968262e+01
   4.6074100e+06   2.4536133e+01
   4.6074630e+06   2.6489258e+01
   4.6074780e+06   3.7780762e+01
   4.6075510e+06   2.8930664e+01
   4.6076020e+06   2.5085449e+01
   4.6076300e+06   2.5573730e+01
   4.6076590e+06   4.6081543e+01
   4.6077160e+06   2.9479980e+01
   4.6154470e+06   2.7038574e+01
   4.6499970e+06   2.7160645e+01
   4.6998040e+06   2.6916504e+01
   4.7135310e+06   2.6428223e+01
   4.7136380e+06   2.8076172e+01
   4.7136550e+06   2.9846191e+01
   4.7136930e+06   2.7160645e+01
   4.7137710e+06   4.0588379e+01
   4.7138280e+06   2.9907227e+01
   4.7138650e+06   3.2043457e+01
   4.7138950e+06   2.7648926e+01
   4.7139130e+06   2.9418945e+01
   4.7139480e+06   3.3691406e+01
   4.7139600e+06   3.2592773e+01
   4.7139930e+06   3.0761719e+01
   4.7140130e+06   2.5146484e+01
   4.7160610e+06   2.4475098e+01
   4.7162130e+06   2.4902344e+01
   4.7166310e+06   3.0761719e+01
   4.7390550e+06   2.7160645e+01
   4.7391360e+06   2.6184082e+01
   4.7393120e+06   2.5329590e+01
   4.7393340e+06   2.5634766e+01
   4.7394000e+06   3.8818359e+01
   4.7394650e+06   3.0578613e+01
   4.7395550e+06   3.6071777e+01
   4.7396460e+06   3.1921387e+01
   4.7396810e+06   2.4414063e+01
   4.7398700e+06   2.5695801e+01
   4.7399960e+06   2.6062012e+01
   4.7603490e+06   2.8015137e+01
   4.7681010e+06   2.5207520e+01
   4.7682340e+06   2.5817871e+01
   4.7683340e+06   3.1738281e+01
   4.7683850e+06   2.9663086e+01
   4.7684280e+06   2.4658203e+01
   4.7684940e+06   2.6855469e+01
   4.7685300e+06   2.5573730e+01
   4.7686010e+06   3.2714844e+01
   4.7686350e+06   2.8381348e+01
   4.7686450e+06   2.5146484e+01
   4.7686980e+06   3.1372070e+01
   4.7687680e+06   2.9296875e+01
   4.7688070e+06   3.8208008e+01
   4.7688470e+06   2.5512695e+01
   4.7690920e+06   2.4963379e+01
   4.7695730e+06   2.4414063e+01
   4.7922690e+06   2.9785156e+01
   4.7925500e+06   3.0639648e+01
   4.7927110e+06   2.4414063e+01
   4.7928370e+06   2.6062012e+01
   4.7929470e+06   2.4658203e+01
   4.7930880e+06   2.7526855e+01
   4.7932270e+06   2.4963379e+01
   4.7933160e+06   2.9052734e+01
   4.7934170e+06   2.6306152e+01
   4.7934500e+06   2.7832031e+01
   4.7935460e+06   2.6672363e+01
   4.8165730e+06   2.6367188e+01
   4.8167440e+06   2.4963379e+01
   4.8168910e+06   2.5024414e+01
   4.8171570e+06   2.4780273e+01
   4.8228700e+06   2.7282715e+01
   4.8229000e+06   2.5939941e+01
   4.8236810e+06   2.6062012e+01
   4.8300530e+06   2.5756836e+01
   4.8304190e+06   3.7048340e+01
   4.8307250e+06   2.8503418e+01
   4.8309150e+06   2.4841309e+01
   4.8375560e+06   2.4597168e+01
   4.8378700e+06   2.6611328e+01
   4.8379680e+06   2.4658203e+01
   4.8380030e+06   2.4719238e+01
   4.8380530e+06   2.6855469e+01
   4.8381340e+06   2.5329590e+01
   4.8467750e+06   2.4597168e+01
   4.8468500e+06   2.5024414e+01
   4.8555420e+06   2.5146484e+01
   4.8556550e+06   2.6733398e+01
   4.8557380e+06   3.1066895e+01
   4.8558570e+06   2.5390625e+01
   4.8561460e+06   3.5156250e+01
   4.8564410e+06   2.4475098e+01
   4.8661640e+06   2.7954102e+01
   4.8664110e+06   2.4597168e+01
   4.8664380e+06   2.4414062e+01
   4.8740350e+06   2.7587891e+01
   4.8744080e+06   2.5268555e+01
   4.8746700e+06   2.6611328e+01
   4.8956930e+06   2.4902344e+01
   4.8963690e+06   2.5329590e+01
   4.9025410e+06   2.5817871e+01
   4.9103370e+06   2.5756836e+01
   4.9103640e+06   2.7587891e+01
   4.9197660e+06   3.1311035e+01
   4.9199250e+06   2.6184082e+01
   4.9200500e+06   2.7770996e+01
   4.9294180e+06   2.5024414e+01
   4.9298760e+06   2.6000977e+01
   4.9302430e+06   2.4536133e+01
   4.9406640e+06   3.1738281e+01
   4.9408810e+06   2.6916504e+01
   4.9409500e+06   3.0700684e+01
   4.9410100e+06   2.9357910e+01
   4.9412240e+06   2.5573730e+01
   4.9498830e+06   2.6733398e+01
   4.9502090e+06   2.4658203e+01
   4.9503500e+06   2.5268555e+01
   4.9591540e+06   2.5817871e+01
   4.9592990e+06   2.5512695e+01
   4.9597690e+06   2.4414063e+01
   4.9676950e+06   2.4658203e+01
   4.9682430e+06   2.5451660e+01
   4.9783210e+06   3.1799316e+01
   4.9783830e+06   3.2409668e+01
   4.9784060e+06   2.6184082e+01
   4.9998100e+06   2.5390625e+01
   5.0000080e+06   2.7038574e+01
   5.0001460e+06   2.8259277e+01
   5.0106240e+06   2.5329590e+01
   5.0107380e+06   2.4719238e+01
   5.0404530e+06   2.7038574e+01
   5.0542790e+06   2.7648926e+01
   5.0684850e+06   3.0822754e+01
   5.0803120e+06   2.5817871e+01
   5.0911920e+06   2.6733398e+01
   5.1019990e+06   2.7465820e+01
   5.1181000e+06   2.5268555e+01
   5.1186730e+06   2.6306152e+01
   5.1474760e+06   2.4963379e+01
   5.1780700e+06   2.6733398e+01
   5.1953340e+06   2.9968262e+01
   5.2530230e+06   2.6306152e+01
   5.3444180e+06   2.6306152e+01
   6.2735410e+06   2.4719238e+01
   6.6246930e+06   2.4414063e+01
   8.2127160e+06   3.0395508e+01
   8.2127730e+06   2.7038574e+01
   8.2128410e+06   3.4729004e+01
   8.2128670e+06   2.7099609e+01
   8.2129080e+06   2.8625488e+01
   8.2130070e+06   3.4484863e+01
   8.2130190e+06   2.5939941e+01
   8.2130560e+06   2.5329590e+01
   8.2132160e+06   2.8259277e+01
   8.2182130e+06   2.5146484e+01
   8.3009090e+06   2.4719238e+01
   8.3009980e+06   2.5329590e+01
   8.3010980e+06   2.5024414e+01
   8.3011420e+06   2.4902344e+01
   8.3011820e+06   2.5573730e+01
   8.3012210e+06   3.3813477e+01
   8.3013190e+06   2.8686523e+01
   8.3013560e+06   2.5634766e+01
   8.3013790e+06   2.8259277e+01
   8.3014490e+06   2.5573730e+01
   8.3014700e+06   2.8320313e+01
   8.3015340e+06   2.5390625e+01
   8.3233160e+06   2.4719238e+01
   8.3426550e+06   2.5451660e+01
   8.3427880e+06   2.7832031e+01
   8.3429400e+06   2.4414063e+01
   8.3430060e+06   2.5024414e+01
   8.3431010e+06   2.6306152e+01
   8.3431390e+06   3.1982422e+01
   8.3431570e+06   2.4597168e+01
   8.3432880e+06   2.9968262e+01
   8.3433360e+06   2.5207520e+01
   8.3433680e+06   2.4902344e+01
   8.3433850e+06   2.7282715e+01
   8.3434530e+06   2.5512695e+01
   8.3435120e+06   2.6306152e+01
   8.3436970e+06   3.3386230e+01
   8.3494410e+06   2.6733398e+01
   8.3849780e+06   2.4902344e+01
   8.3855470e+06   2.4536133e+01
   8.3856080e+06   2.8747559e+01
   8.3858100e+06   2.5817871e+01
   8.3859300e+06   2.8198242e+01
   8.3859670e+06   2.7038574e+01
   8.3862780e+06   2.5756836e+01
   8.3863800e+06   4.4433594e+01
   8.3865150e+06   2.4597168e+01
   8.3866700e+06   2.6733398e+01
   8.3867840e+06   2.8869629e+01
   8.4254800e+06   2.5634766e+01
   8.4259620e+06   2.6184082e+01
   8.4390320e+06   2.5268555e+01
   8.4393180e+06   2.5085449e+01
   8.4393640e+06   2.8076172e+01
   8.4498470e+06   2.9663086e+01
   8.4500650e+06   3.1555176e+01
   8.4500980e+06   2.4597168e+01
   8.4646470e+06   2.5207520e+01
   8.4649150e+06   2.7465820e+01
   8.4765900e+06   2.6245117e+01
   8.4767110e+06   2.5146484e+01
   8.4768370e+06   2.4658203e+01
   8.4769020e+06   2.7404785e+01
   8.4980000e+06   2.5756836e+01
   8.4981120e+06   2.5268555e+01
   8.4982390e+06   2.6306152e+01
   8.5063460e+06   2.5634766e+01
   8.5069170e+06   2.7343750e+01
   8.5378780e+06   2.9968262e+01
   8.5383220e+06   2.5390625e+01
   8.5756370e+06   2.9418945e+01
   8.5758990e+06   2.8259277e+01
   8.5944690e+06   2.5939941e+01
   8.6080850e+06   2.6550293e+01
   8.6081360e+06   2.4902344e+01
   8.6198860e+06   3.2653809e+01
   8.6200030e+06   2.6611328e+01
   8.6479340e+06   2.4475098e+01
   8.6479590e+06   2.5817871e+01
   8.6480640e+06   2.5695801e+01
   8.6637390e+06   2.5390625e+01
   8.6638320e+06   2.9907227e+01
   8.6967530e+06   2.7160645e+01
   8.6969180e+06   2.6245117e+01
   8.8153530e+06   2.6306152e+01
   1.1785593e+07   2.7465820e+01
