   1.1999000e+07   0.0000000e+00
   2.6807000e+04   2.7221680e+01
   7.5578000e+04   2.9907227e+01
   1.5661500e+05   2.5268555e+01
   2.1794000e+05   2.6428223e+01
   2.4462600e+05   2.8076172e+01
   3.2536100e+05   2.6733398e+01
   3.6308700e+05   2.5390625e+01
   3.8156800e+05   2.6611328e+01
   4.6195300e+05   2.8259277e+01
   4.8876100e+05   2.8259277e+01
   6.3422200e+05   2.8076172e+01
   1.5861920e+06   2.6367188e+01
   1.5862350e+06   2.6062012e+01
   1.6502050e+06   2.7648926e+01
   1.6502870e+06   3.1066895e+01
   1.6504720e+06   2.8137207e+01
   1.6518170e+06   2.6123047e+01
   1.6521450e+06   2.6306152e+01
   1.6524520e+06   2.7038574e+01
   1.6529420e+06   2.5573730e+01
   1.6734270e+06   2.6367188e+01
   1.6734730e+06   2.8442383e+01
   1.6735070e+06   2.9907227e+01
   1.6736600e+06   2.8564453e+01
   1.6888270e+06   2.9235840e+01
   1.6891000e+06   2.5451660e+01
   1.6893010e+06   3.0822754e+01
   1.6899020e+06   2.5695801e+01
   1.7118630e+06   2.5817871e+01
   1.7415840e+06   2.9052734e+01
   1.7417180e+06   2.8747559e+01
   1.7543190e+06   2.5878906e+01
   1.7622020e+06   2.6611328e+01
   1.7717890e+06   2.6062012e+01
   1.7720700e+06   2.9724121e+01
   1.7804920e+06   2.7282715e+01
   1.7875040e+06   2.5207520e+01
   1.8034590e+06   2.5939941e+01
   1.8450720e+06   2.5939941e+01
   1.8954730e+06   2.9296875e+01
   1.9174840e+06   2.7770996e+01
   1.9284470e+06   2.5817871e+01
   1.9285480e+06   2.7221680e+01
   1.9584430e+06   2.6367188e+01
   2.0009570e+06   2.5329590e+01
   2.0306020e+06   2.5695801e+01
   2.1075690e+06   2.8625488e+01
   2.6872400e+06   2.5634766e+01
   3.7567560e+06   2.4841309e+01
   4.6074360e+06   2.9785156e+01
   4.6075990e+06   3.4606934e+01
   4.6077010e+06   2.6123047e+01
   4.6077120e+06   2.5085449e+01
   4.7138130e+06   2.6062012e+01
   4.7138260e+06   2.7832031e+01
   4.7139640e+06   2.4963379e+01
   4.7139760e+06   3.6987305e+01
   4.7140380e+06   3.2470703e+01
   4.7140580e+06   2.4963379e+01
   4.7157370e+06   2.9113770e+01
   4.7390910e+06   2.9785156e+01
   4.7394040e+06   2.7465820e+01
   4.7396510e+06   2.9479980e+01
   4.7687230e+06   2.7343750e+01
   4.7687840e+06   2.6489258e+01
   4.7688380e+06   3.8024902e+01
   4.7933670e+06   3.4790039e+01
   4.7935330e+06   2.6794434e+01
   4.7938180e+06   2.5146484e+01
   4.8227250e+06   2.5573730e+01
   4.8231540e+06   2.6245117e+01
   4.8379970e+06   2.8381348e+01
   4.8469410e+06   2.7648926e+01
   4.8557900e+06   2.6733398e+01
   4.8832260e+06   2.6916504e+01
   4.9303530e+06   2.8442383e+01
   4.9407600e+06   2.5878906e+01
   4.9681980e+06   2.4902344e+01
   5.0541480e+06   2.6306152e+01
   5.1364740e+06   2.8625488e+01
   6.9849140e+06   2.4780273e+01
   7.0214640e+06   2.4963379e+01
   7.7898690e+06   3.2470703e+01
   8.2129080e+06   2.4963379e+01
   8.2129380e+06   2.4902344e+01
   8.2130740e+06   2.6489258e+01
   8.3013680e+06   3.2775879e+01
   8.3014370e+06   2.8625488e+01
   8.3027770e+06   2.5024414e+01
   8.3431460e+06   2.5695801e+01
   8.3433400e+06   2.6367188e+01
   8.3433940e+06   3.7963867e+01
   8.3434900e+06   3.3630371e+01
   8.3435100e+06   3.1311035e+01
   8.3435720e+06   2.5573730e+01
   8.3802970e+06   2.5024414e+01
   8.3863040e+06   2.5634766e+01
   8.3864730e+06   2.5817871e+01
   8.3864960e+06   3.0822754e+01
   8.3865270e+06   2.5634766e+01
   8.3866030e+06   3.0273438e+01
   8.3866810e+06   2.6062012e+01
   8.4772410e+06   2.6550293e+01
   8.4891710e+06   2.5329590e+01
   8.4981640e+06   2.5817871e+01
   9.1020720e+06   2.5329590e+01
