   1.1999000e+07   0.0000000e+00
   1.8000000e+03   3.2226563e+01
   1.9200000e+03   3.2409668e+01
   1.9340000e+03   3.5766602e+01
   1.9840000e+03   2.9968262e+01
   2.0700000e+03   2.8686523e+01
   2.1280000e+03   2.8503418e+01
   2.2010000e+03   3.6132813e+01
   2.2560000e+03   3.0822754e+01
   2.2760000e+03   7.7270508e+01
   2.4070000e+03   4.6630859e+01
   2.5250000e+03   3.5949707e+01
   2.5730000e+03   3.6254883e+01
   2.7610000e+03   3.6193848e+01
   2.8740000e+03   4.7058105e+01
   1.4760000e+04   2.9785156e+01
   1.4919000e+04   3.5217285e+01
   1.4978000e+04   2.9418945e+01
   1.5023000e+04   3.3264160e+01
   1.5066000e+04   3.4973145e+01
   1.5085000e+04   8.6791992e+01
   1.5335000e+04   3.9184570e+01
   1.5376000e+04   2.8869629e+01
   1.5449000e+04   3.7719727e+01
   1.7683000e+04   3.1738281e+01
   2.6563000e+04   3.7048340e+01
   2.6726000e+04   6.0241699e+01
   2.6767000e+04   4.9804688e+01
   2.6875000e+04   2.9418945e+01
   2.6921000e+04   3.1494141e+01
   2.7095000e+04   3.8513184e+01
   2.7115000e+04   4.4067383e+01
   2.7455000e+04   4.3579102e+01
   3.6259000e+04   3.1738281e+01
   3.6518000e+04   2.8442383e+01
   3.6549000e+04   3.1005859e+01
   3.6836000e+04   3.2226563e+01
   3.6867000e+04   4.0161133e+01
   3.6994000e+04   3.3081055e+01
   3.7171000e+04   3.6132813e+01
   3.8856000e+04   3.3325195e+01
   4.5884000e+04   3.3447266e+01
   4.5982000e+04   3.4240723e+01
   4.6202000e+04   2.9663086e+01
   4.6220000e+04   3.1127930e+01
   4.6266000e+04   3.7109375e+01
   4.6304000e+04   4.9438477e+01
   4.6343000e+04   6.0363770e+01
   4.6494000e+04   4.2541504e+01
   4.6681000e+04   3.0212402e+01
   4.6705000e+04   4.4189453e+01
   5.5690000e+04   3.1616211e+01
   5.5777000e+04   3.1188965e+01
   5.5840000e+04   3.2409668e+01
   5.6018000e+04   9.4482422e+01
   5.6139000e+04   3.2836914e+01
   5.6162000e+04   3.5217285e+01
   5.6193000e+04   3.0029297e+01
   5.6243000e+04   3.5766602e+01
   5.6374000e+04   3.4362793e+01
   5.6573000e+04   3.5034180e+01
   5.6799000e+04   3.0517578e+01
   5.9019000e+04   3.4240723e+01
   6.4534000e+04   3.1066895e+01
   6.4652000e+04   3.3081055e+01
   6.4698000e+04   3.8452148e+01
   6.4801000e+04   5.3710938e+01
   6.4952000e+04   3.6315918e+01
   6.5030000e+04   3.0761719e+01
   6.5048000e+04   3.1311035e+01
   6.5189000e+04   4.4921875e+01
   6.5354000e+04   2.8808594e+01
   6.5430000e+04   4.4860840e+01
   7.5222000e+04   4.7912598e+01
   7.5277000e+04   3.6926270e+01
   7.5302000e+04   4.8278809e+01
   7.5351000e+04   2.9663086e+01
   7.5461000e+04   2.8991699e+01
   7.5578000e+04   6.5917969e+01
   7.5622000e+04   3.6254883e+01
   7.5724000e+04   3.1188965e+01
   7.5784000e+04   3.1127930e+01
   7.5893000e+04   4.6264648e+01
   7.5953000e+04   3.3203125e+01
   7.6016000e+04   4.0466309e+01
   7.8440000e+04   3.4973145e+01
   8.5775000e+04   3.1982422e+01
   8.5866000e+04   3.1738281e+01
   8.5943000e+04   3.3020020e+01
   8.5995000e+04   3.4606934e+01
   8.6018000e+04   5.9143066e+01
   8.6124000e+04   2.9052734e+01
   8.6153000e+04   3.3081055e+01
   8.6360000e+04   5.0842285e+01
   8.6483000e+04   3.2104492e+01
   8.6493000e+04   3.3447266e+01
   9.2761000e+04   3.1860352e+01
   9.2935000e+04   2.8808594e+01
   9.2955000e+04   3.0639648e+01
   9.3137000e+04   3.0273437e+01
   9.3394000e+04   4.4738770e+01
   9.3589000e+04   3.3935547e+01
   9.3828000e+04   3.1433105e+01
   9.4036000e+04   3.1005859e+01
   9.9554000e+04   3.7841797e+01
   9.9706000e+04   2.8869629e+01
   9.9773000e+04   3.0761719e+01
   9.9798000e+04   3.6865234e+01
   9.9991000e+04   3.5766602e+01
   1.0003900e+05   4.2358398e+01
   1.0010200e+05   3.7780762e+01
   1.0016400e+05   3.5217285e+01
   1.0320400e+05   3.4057617e+01
   1.0782200e+05   2.9479980e+01
   1.0801100e+05   4.5471191e+01
   1.0811200e+05   3.0090332e+01
   1.0817300e+05   3.1982422e+01
   1.0827600e+05   2.9785156e+01
   1.0831500e+05   6.7810059e+01
   1.0842200e+05   3.7780762e+01
   1.0864600e+05   3.2165527e+01
   1.1669100e+05   3.0944824e+01
   1.1689100e+05   4.2358398e+01
   1.1701000e+05   2.9296875e+01
   1.1702500e+05   2.8747559e+01
   1.1708800e+05   3.7536621e+01
   1.1716500e+05   3.0273438e+01
   1.1748500e+05   3.5644531e+01
   1.1749800e+05   4.8889160e+01
   1.1867400e+05   3.4362793e+01
   1.2626200e+05   3.0273437e+01
   1.2636900e+05   3.0151367e+01
   1.2656300e+05   3.4362793e+01
   1.2662300e+05   3.1616211e+01
   1.2673100e+05   2.8564453e+01
   1.2683700e+05   3.0090332e+01
   1.2694300e+05   4.7607422e+01
   1.2714900e+05   4.0466309e+01
   1.3687900e+05   3.5217285e+01
   1.3694700e+05   3.7902832e+01
   1.3711000e+05   3.0761719e+01
   1.3731500e+05   2.8442383e+01
   1.3740100e+05   7.2814941e+01
   1.3768500e+05   3.9062500e+01
   1.3779200e+05   3.7719727e+01
   1.3803600e+05   4.2846680e+01
   1.4678800e+05   4.5471191e+01
   1.4686900e+05   2.8991699e+01
   1.4714500e+05   3.3325195e+01
   1.4734700e+05   3.0029297e+01
   1.4759400e+05   3.7475586e+01
   1.4774400e+05   3.7048340e+01
   1.4911000e+05   2.8930664e+01
   1.5625400e+05   2.9968262e+01
   1.5638500e+05   4.3212891e+01
   1.5648000e+05   2.9907227e+01
   1.5655900e+05   4.0771484e+01
   1.5660600e+05   3.2165527e+01
   1.5661600e+05   3.2958984e+01
   1.5692100e+05   2.9113770e+01
   1.6616600e+05   3.1433105e+01
   1.6624000e+05   3.1555176e+01
   1.6631400e+05   3.4484863e+01
   1.6644200e+05   3.5217285e+01
   1.6669800e+05   3.1066895e+01
   1.6693100e+05   3.1433105e+01
   1.6721600e+05   4.3640137e+01
   1.6744600e+05   4.3762207e+01
   1.7913200e+05   3.6315918e+01
   1.7917900e+05   3.4057617e+01
   1.7922500e+05   5.7861328e+01
   1.7932900e+05   3.0822754e+01
   1.7935400e+05   2.8686523e+01
   1.7936500e+05   3.3203125e+01
   1.7940800e+05   7.3364258e+01
   1.7943100e+05   3.5217285e+01
   1.7945900e+05   3.2897949e+01
   1.7951600e+05   2.9602051e+01
   1.7971300e+05   4.5532227e+01
   1.7986500e+05   4.5104980e+01
   1.9250500e+05   3.0944824e+01
   1.9262600e+05   3.0273438e+01
   1.9272200e+05   3.6132813e+01
   1.9275700e+05   5.6030273e+01
   1.9280800e+05   2.8564453e+01
   1.9285500e+05   2.8808594e+01
   1.9291400e+05   3.1799316e+01
   1.9305700e+05   2.8625488e+01
   1.9314600e+05   2.9113770e+01
   1.9336600e+05   2.8625488e+01
   1.9355100e+05   4.6386719e+01
   2.0482200e+05   3.6010742e+01
   2.0487200e+05   3.4118652e+01
   2.0496000e+05   3.1494141e+01
   2.0505000e+05   3.1250000e+01
   2.0522300e+05   3.3935547e+01
   2.0524100e+05   3.8879395e+01
   2.0533000e+05   3.2409668e+01
   2.1762700e+05   4.5043945e+01
   2.1767600e+05   3.1799316e+01
   2.1773100e+05   3.9550781e+01
   2.1777400e+05   3.4606934e+01
   2.1796700e+05   4.2480469e+01
   2.1798400e+05   6.1889648e+01
   2.1830600e+05   3.0029297e+01
   2.1836700e+05   4.8950195e+01
   2.2948800e+05   3.5278320e+01
   2.2956700e+05   3.3264160e+01
   2.2957700e+05   3.3081055e+01
   2.2960600e+05   4.5471191e+01
   2.2986000e+05   4.1259766e+01
   2.2996100e+05   3.2775879e+01
   2.3020500e+05   3.0517578e+01
   2.3036100e+05   3.7048340e+01
   2.4431200e+05   3.2470703e+01
   2.4447600e+05   2.9235840e+01
   2.4458800e+05   2.9602051e+01
   2.4461400e+05   2.8442383e+01
   2.4464600e+05   3.9245605e+01
   2.4466200e+05   6.6711426e+01
   2.4502900e+05   3.1738281e+01
   2.5752700e+05   3.3630371e+01
   2.5760500e+05   3.7292480e+01
   2.5762900e+05   3.5522461e+01
   2.5774900e+05   2.8625488e+01
   2.5788000e+05   3.0883789e+01
   2.5791200e+05   3.9428711e+01
   2.5794500e+05   3.7719727e+01
   2.5798100e+05   4.1625977e+01
   2.5806100e+05   2.8869629e+01
   2.5827800e+05   3.1738281e+01
   2.6881000e+05   2.8442383e+01
   2.6893800e+05   3.8146973e+01
   2.6904800e+05   4.4311523e+01
   2.6913900e+05   6.7749023e+01
   2.6935500e+05   3.1799316e+01
   2.6944800e+05   3.2226563e+01
   2.7027400e+05   3.8146973e+01
   2.8248700e+05   2.8686523e+01
   2.8253700e+05   3.6865234e+01
   2.8255400e+05   3.1250000e+01
   2.8266100e+05   2.8747559e+01
   2.8273500e+05   3.5522461e+01
   2.8286900e+05   5.4260254e+01
   2.8362400e+05   5.1574707e+01
   2.9791800e+05   3.2165527e+01
   2.9806900e+05   3.4118652e+01
   2.9812600e+05   3.0639648e+01
   2.9823700e+05   3.1311035e+01
   2.9830600e+05   3.0517578e+01
   2.9836300e+05   3.6010742e+01
   2.9840400e+05   3.6560059e+01
   2.9852600e+05   2.9724121e+01
   2.9869200e+05   2.8503418e+01
   3.1099100e+05   3.2592773e+01
   3.1121000e+05   3.8696289e+01
   3.1147300e+05   4.9133301e+01
   3.2500900e+05   4.1442871e+01
   3.2513600e+05   3.8513184e+01
   3.2528900e+05   5.1025391e+01
   3.2553100e+05   3.4301758e+01
   3.2570900e+05   3.0395508e+01
   3.3804800e+05   3.4851074e+01
   3.3840300e+05   3.5583496e+01
   3.3868100e+05   3.5949707e+01
   3.3872400e+05   3.3081055e+01
   3.3880100e+05   3.0395508e+01
   3.3884500e+05   2.8564453e+01
   3.4729600e+05   3.7902832e+01
   3.4742500e+05   3.6560059e+01
   3.4753900e+05   3.1127930e+01
   3.4779600e+05   2.8564453e+01
   3.4909600e+05   2.8564453e+01
   3.6267000e+05   3.3508301e+01
   3.6276600e+05   3.2592773e+01
   3.6294200e+05   2.8686523e+01
   3.6304500e+05   2.8747559e+01
   3.6310200e+05   4.5593262e+01
   3.6330300e+05   2.9235840e+01
   3.8140400e+05   2.9663086e+01
   3.8151300e+05   2.9479980e+01
   3.8156900e+05   2.8625488e+01
   3.8164200e+05   3.4851074e+01
   3.8169000e+05   3.6193848e+01
   3.8177700e+05   3.6804199e+01
   3.9806500e+05   3.4545898e+01
   3.9813700e+05   3.1433105e+01
   3.9829500e+05   3.3996582e+01
   3.9847300e+05   4.2297363e+01
   4.1448500e+05   2.8503418e+01
   4.1455800e+05   5.2490234e+01
   4.1464600e+05   3.2226563e+01
   4.1480400e+05   3.0578613e+01
   4.1482000e+05   3.0761719e+01
   4.1486000e+05   2.8747559e+01
   4.1487800e+05   4.1381836e+01
   4.1518400e+05   3.0639648e+01
   4.1529300e+05   2.8808594e+01
   4.1532900e+05   3.0456543e+01
   4.2634100e+05   3.6560059e+01
   4.2645600e+05   4.3090820e+01
   4.2660100e+05   2.9174805e+01
   4.2678800e+05   3.1066895e+01
   4.2697200e+05   4.1381836e+01
   4.4361700e+05   3.9916992e+01
   4.4404200e+05   2.8991699e+01
   4.6149900e+05   3.8452148e+01
   4.6169900e+05   3.5156250e+01
   4.6184600e+05   3.1066895e+01
   4.6194800e+05   3.1494141e+01
   4.6220800e+05   3.5766602e+01
   4.6224200e+05   2.8503418e+01
   4.8832500e+05   3.2775879e+01
   4.8837400e+05   2.8686523e+01
   4.8845000e+05   3.2287598e+01
   4.8872100e+05   3.5949707e+01
   4.8873300e+05   2.9968262e+01
   4.8895800e+05   2.8808594e+01
   4.8904300e+05   2.8930664e+01
   5.0340600e+05   3.1188965e+01
   5.0348200e+05   3.3630371e+01
   5.0369900e+05   2.9113770e+01
   5.0374500e+05   3.1311035e+01
   5.0392600e+05   3.3203125e+01
   5.0398400e+05   3.1188965e+01
   5.0414100e+05   3.1677246e+01
   5.2625500e+05   3.1311035e+01
   5.2634000e+05   3.1066895e+01
   5.2647400e+05   2.8625488e+01
   5.2652800e+05   2.9785156e+01
   5.2667100e+05   2.8442383e+01
   5.2672200e+05   3.1616211e+01
   5.2707100e+05   3.5766602e+01
   5.5183600e+05   2.9296875e+01
   5.5185800e+05   3.0456543e+01
   5.5195300e+05   3.2531738e+01
   5.5205800e+05   3.0273438e+01
   5.5210400e+05   3.6743164e+01
   5.5227200e+05   3.6254883e+01
   5.5228700e+05   3.3203125e+01
   5.5230800e+05   2.8808594e+01
   5.5234100e+05   2.8991699e+01
   5.5244600e+05   4.0283203e+01
   5.5255300e+05   3.0517578e+01
   6.3339100e+05   2.9357910e+01
   6.3353300e+05   2.9541016e+01
   6.3362300e+05   4.7851563e+01
   6.3382800e+05   2.8991699e+01
   6.5782300e+05   3.0944824e+01
   6.5796700e+05   3.6315918e+01
   6.5811000e+05   3.2348633e+01
   6.5855600e+05   3.3203125e+01
   1.0767010e+06   4.0100098e+01
   1.1024490e+06   3.0395508e+01
   1.1099530e+06   2.9724121e+01
   1.1121600e+06   3.5339355e+01
   1.2905790e+06   2.9296875e+01
   1.3158760e+06   3.4057617e+01
   1.3161600e+06   5.6640625e+01
   1.3163590e+06   3.7597656e+01
   1.3624640e+06   3.3386230e+01
   1.5845580e+06   3.3752441e+01
   1.5845830e+06   5.9509277e+01
   1.5850470e+06   2.8747559e+01
   1.5851850e+06   3.6437988e+01
   1.5853230e+06   3.3081055e+01
   1.5858400e+06   3.9428711e+01
   1.5861330e+06   4.0527344e+01
   1.5861730e+06   7.5622559e+01
   1.5862160e+06   4.4311523e+01
   1.5862410e+06   4.3823242e+01
   1.5862560e+06   4.8339844e+01
   1.5862770e+06   6.1767578e+01
   1.5862900e+06   4.1687012e+01
   1.5863280e+06   3.5156250e+01
   1.5863640e+06   3.5156250e+01
   1.5863890e+06   2.8991699e+01
   1.5864140e+06   2.8625488e+01
   1.5865990e+06   3.2592773e+01
   1.5872200e+06   3.1494141e+01
   1.5873560e+06   3.2226563e+01
   1.5875250e+06   3.8085938e+01
   1.5877090e+06   3.1921387e+01
   1.5878280e+06   3.2043457e+01
   1.5879720e+06   3.1799316e+01
   1.5881430e+06   3.1127930e+01
   1.5882630e+06   3.2958984e+01
   1.5885080e+06   3.8085938e+01
   1.5887870e+06   3.2043457e+01
   1.5892590e+06   3.7170410e+01
   1.5897000e+06   4.1076660e+01
   1.5899300e+06   3.4545898e+01
   1.5904360e+06   4.0039063e+01
   1.5912560e+06   4.0222168e+01
   1.6195590e+06   3.1127930e+01
   1.6481910e+06   3.1738281e+01
   1.6482240e+06   3.1494141e+01
   1.6495370e+06   3.1860352e+01
   1.6497200e+06   5.1147461e+01
   1.6497620e+06   3.3508301e+01
   1.6498500e+06   4.5043945e+01
   1.6498800e+06   3.8330078e+01
   1.6499320e+06   3.1616211e+01
   1.6499690e+06   3.1372070e+01
   1.6499880e+06   3.2897949e+01
   1.6500130e+06   4.4372559e+01
   1.6500590e+06   3.4423828e+01
   1.6500740e+06   3.1677246e+01
   1.6500970e+06   2.9174805e+01
   1.6501210e+06   5.4138184e+01
   1.6501620e+06   2.8442383e+01
   1.6501910e+06   3.1677246e+01
   1.6502040e+06   3.6010742e+01
   1.6502160e+06   2.9785156e+01
   1.6502870e+06   3.2592773e+01
   1.6503150e+06   3.6621094e+01
   1.6503270e+06   2.8442383e+01
   1.6503760e+06   2.8686523e+01
   1.6503880e+06   3.2897949e+01
   1.6513270e+06   2.8991699e+01
   1.6514440e+06   3.9978027e+01
   1.6515720e+06   3.6193848e+01
   1.6515950e+06   3.1188965e+01
   1.6517120e+06   3.3203125e+01
   1.6517660e+06   3.5400391e+01
   1.6519010e+06   3.1860352e+01
   1.6519400e+06   3.5156250e+01
   1.6520540e+06   3.4851074e+01
   1.6521570e+06   2.9357910e+01
   1.6521720e+06   4.4494629e+01
   1.6523450e+06   2.9663086e+01
   1.6523730e+06   3.6621094e+01
   1.6524520e+06   3.3264160e+01
   1.6525730e+06   3.2714844e+01
   1.6526440e+06   4.4921875e+01
   1.6527050e+06   3.3264160e+01
   1.6528450e+06   3.2043457e+01
   1.6529980e+06   3.2104492e+01
   1.6530740e+06   4.2053223e+01
   1.6531950e+06   3.3630371e+01
   1.6533430e+06   3.6254883e+01
   1.6535120e+06   4.3884277e+01
   1.6536820e+06   3.5766602e+01
   1.6537040e+06   5.4687500e+01
   1.6539630e+06   3.0334473e+01
   1.6542310e+06   3.2531738e+01
   1.6544620e+06   3.4973145e+01
   1.6546730e+06   2.9724121e+01
   1.6549540e+06   3.8452148e+01
   1.6553190e+06   3.6315918e+01
   1.6562800e+06   2.9296875e+01
   1.6672160e+06   3.3752441e+01
   1.6726180e+06   4.3334961e+01
   1.6728270e+06   3.8085938e+01
   1.6728430e+06   5.7189941e+01
   1.6728780e+06   3.1433105e+01
   1.6729330e+06   2.8442383e+01
   1.6729950e+06   3.5156250e+01
   1.6730250e+06   4.9194336e+01
   1.6730540e+06   3.2836914e+01
   1.6730690e+06   2.9235840e+01
   1.6731000e+06   3.6193848e+01
   1.6731240e+06   4.5349121e+01
   1.6731440e+06   3.6804199e+01
   1.6731660e+06   2.8808594e+01
   1.6732110e+06   3.7780762e+01
   1.6732550e+06   4.1259766e+01
   1.6733020e+06   3.1188965e+01
   1.6733500e+06   3.1677246e+01
   1.6733820e+06   3.7475586e+01
   1.6734430e+06   3.1799316e+01
   1.6734660e+06   3.3996582e+01
   1.6736520e+06   2.8686523e+01
   1.6737880e+06   2.9663086e+01
   1.6745590e+06   2.9907227e+01
   1.6746710e+06   3.2104492e+01
   1.6749560e+06   2.9724121e+01
   1.6750900e+06   3.5400391e+01
   1.6751660e+06   3.7292480e+01
   1.6752410e+06   2.9846191e+01
   1.6753210e+06   3.8391113e+01
   1.6754220e+06   3.1677246e+01
   1.6756850e+06   5.6457520e+01
   1.6758620e+06   2.9846191e+01
   1.6759020e+06   3.8024902e+01
   1.6760290e+06   2.8991699e+01
   1.6764950e+06   3.0578613e+01
   1.6768580e+06   3.1799316e+01
   1.6772110e+06   3.7353516e+01
   1.6775500e+06   3.4851074e+01
   1.6779840e+06   3.9794922e+01
   1.6880170e+06   3.4667969e+01
   1.6880730e+06   3.1677246e+01
   1.6883510e+06   3.4973145e+01
   1.6884020e+06   3.1616211e+01
   1.6884130e+06   5.2307129e+01
   1.6885360e+06   3.4545898e+01
   1.6885670e+06   3.6987305e+01
   1.6886360e+06   4.9987793e+01
   1.6887100e+06   5.7922363e+01
   1.6887390e+06   3.7414551e+01
   1.6887730e+06   2.9357910e+01
   1.6888200e+06   2.8808594e+01
   1.6888360e+06   3.7231445e+01
   1.6888720e+06   3.2714844e+01
   1.6888930e+06   2.9113770e+01
   1.6889150e+06   4.3151855e+01
   1.6889780e+06   3.1860352e+01
   1.6889900e+06   2.9846191e+01
   1.6890410e+06   3.8208008e+01
   1.6891290e+06   2.8869629e+01
   1.6891520e+06   2.8869629e+01
   1.6892030e+06   3.3325195e+01
   1.6892570e+06   3.4851074e+01
   1.6895040e+06   2.9235840e+01
   1.6908200e+06   2.8991699e+01
   1.6909420e+06   3.6926270e+01
   1.6911450e+06   3.0700684e+01
   1.6914450e+06   3.1433105e+01
   1.6914670e+06   3.3203125e+01
   1.6916160e+06   4.7729492e+01
   1.6920110e+06   3.8269043e+01
   1.6920250e+06   4.3090820e+01
   1.6924150e+06   3.4851074e+01
   1.7012250e+06   3.3386230e+01
   1.7023240e+06   4.0954590e+01
   1.7027770e+06   4.1381836e+01
   1.7027990e+06   5.7495117e+01
   1.7028750e+06   3.7597656e+01
   1.7030180e+06   3.0029297e+01
   1.7030560e+06   5.4504395e+01
   1.7031140e+06   5.1391602e+01
   1.7032100e+06   5.2734375e+01
   1.7032460e+06   3.3691406e+01
   1.7033290e+06   3.1677246e+01
   1.7033420e+06   3.3874512e+01
   1.7033710e+06   2.8869629e+01
   1.7034570e+06   3.6315918e+01
   1.7034860e+06   3.4423828e+01
   1.7035750e+06   4.8339844e+01
   1.7036530e+06   2.8869629e+01
   1.7036790e+06   3.1616211e+01
   1.7037530e+06   2.9357910e+01
   1.7040910e+06   2.8564453e+01
   1.7041930e+06   3.5644531e+01
   1.7042920e+06   2.9541016e+01
   1.7045040e+06   3.7597656e+01
   1.7050330e+06   3.2592773e+01
   1.7054670e+06   2.9907227e+01
   1.7056290e+06   3.7597656e+01
   1.7058200e+06   3.0029297e+01
   1.7060630e+06   3.3386230e+01
   1.7063830e+06   3.2775879e+01
   1.7113310e+06   4.2602539e+01
   1.7115970e+06   3.5766602e+01
   1.7116630e+06   4.1564941e+01
   1.7118050e+06   3.4729004e+01
   1.7118310e+06   3.5339355e+01
   1.7119570e+06   3.5461426e+01
   1.7119720e+06   6.6955566e+01
   1.7120520e+06   4.1503906e+01
   1.7121070e+06   5.7189941e+01
   1.7121630e+06   3.6193848e+01
   1.7122350e+06   5.2612305e+01
   1.7123430e+06   3.0273438e+01
   1.7123600e+06   3.4240723e+01
   1.7124110e+06   2.9418945e+01
   1.7125630e+06   3.0517578e+01
   1.7125830e+06   2.9541016e+01
   1.7126120e+06   3.5034180e+01
   1.7126740e+06   3.2958984e+01
   1.7127690e+06   3.4729004e+01
   1.7128020e+06   3.4118652e+01
   1.7128330e+06   3.0517578e+01
   1.7130000e+06   2.8991699e+01
   1.7135710e+06   3.6499023e+01
   1.7141340e+06   2.8930664e+01
   1.7142250e+06   3.0822754e+01
   1.7146610e+06   3.0090332e+01
   1.7224870e+06   3.3447266e+01
   1.7225560e+06   2.8991699e+01
   1.7226700e+06   3.6132813e+01
   1.7226820e+06   5.1147461e+01
   1.7227080e+06   3.8696289e+01
   1.7227910e+06   3.3752441e+01
   1.7228340e+06   5.7250977e+01
   1.7228860e+06   3.2714844e+01
   1.7229390e+06   3.0334473e+01
   1.7229970e+06   3.7170410e+01
   1.7230190e+06   4.4311523e+01
   1.7231040e+06   2.8442383e+01
   1.7231350e+06   4.4799805e+01
   1.7231750e+06   4.1259766e+01
   1.7233210e+06   2.9846191e+01
   1.7233450e+06   3.2958984e+01
   1.7234430e+06   3.4240723e+01
   1.7235100e+06   3.1250000e+01
   1.7235450e+06   3.3935547e+01
   1.7236700e+06   2.8625488e+01
   1.7238170e+06   3.2104492e+01
   1.7240140e+06   3.0578613e+01
   1.7240490e+06   3.0456543e+01
   1.7241950e+06   2.9663086e+01
   1.7243520e+06   3.0456543e+01
   1.7245420e+06   4.8156738e+01
   1.7248930e+06   3.3569336e+01
   1.7249230e+06   3.9428711e+01
   1.7301190e+06   4.0466309e+01
   1.7302550e+06   3.6193848e+01
   1.7302870e+06   5.6213379e+01
   1.7303650e+06   3.3630371e+01
   1.7304470e+06   5.3100586e+01
   1.7304650e+06   3.3874512e+01
   1.7306050e+06   2.9602051e+01
   1.7306330e+06   4.9438477e+01
   1.7306600e+06   2.9418945e+01
   1.7307310e+06   3.3508301e+01
   1.7307800e+06   3.6804199e+01
   1.7308300e+06   3.0822754e+01
   1.7308740e+06   3.8085938e+01
   1.7309010e+06   3.2897949e+01
   1.7310020e+06   3.6254883e+01
   1.7310320e+06   3.8452148e+01
   1.7310920e+06   3.2348633e+01
   1.7311380e+06   2.8808594e+01
   1.7312080e+06   3.2958984e+01
   1.7312830e+06   3.8269043e+01
   1.7313020e+06   3.5583496e+01
   1.7314390e+06   3.8391113e+01
   1.7316470e+06   2.9541016e+01
   1.7316720e+06   3.2104492e+01
   1.7320340e+06   3.4790039e+01
   1.7406580e+06   4.1320801e+01
   1.7407390e+06   3.3386230e+01
   1.7407710e+06   2.9296875e+01
   1.7407820e+06   4.2297363e+01
   1.7408640e+06   3.9672852e+01
   1.7408770e+06   3.1005859e+01
   1.7408990e+06   4.0222168e+01
   1.7409300e+06   3.6376953e+01
   1.7409540e+06   3.9367676e+01
   1.7409900e+06   3.6682129e+01
   1.7410180e+06   3.8452148e+01
   1.7410460e+06   3.2043457e+01
   1.7411180e+06   3.3447266e+01
   1.7411440e+06   2.9479980e+01
   1.7412300e+06   3.2470703e+01
   1.7413230e+06   4.1748047e+01
   1.7413790e+06   2.8991699e+01
   1.7419410e+06   3.0944824e+01
   1.7434290e+06   2.9602051e+01
   1.7447000e+06   2.9357910e+01
   1.7514670e+06   3.7963867e+01
   1.7535400e+06   4.6020508e+01
   1.7536480e+06   3.0761719e+01
   1.7537290e+06   4.2968750e+01
   1.7539130e+06   3.5949707e+01
   1.7539700e+06   6.0546875e+01
   1.7540130e+06   4.6447754e+01
   1.7540910e+06   5.5480957e+01
   1.7541880e+06   3.6743164e+01
   1.7542080e+06   4.4006348e+01
   1.7543340e+06   3.7658691e+01
   1.7543960e+06   3.5522461e+01
   1.7544550e+06   2.9357910e+01
   1.7544910e+06   3.9855957e+01
   1.7545770e+06   3.1738281e+01
   1.7545920e+06   3.1250000e+01
   1.7547170e+06   3.1494141e+01
   1.7547330e+06   3.1616211e+01
   1.7547820e+06   3.1005859e+01
   1.7548710e+06   3.3569336e+01
   1.7550370e+06   3.5095215e+01
   1.7592110e+06   3.6804199e+01
   1.7616090e+06   3.5766602e+01
   1.7617290e+06   5.9997559e+01
   1.7617830e+06   2.8808594e+01
   1.7618260e+06   2.9663086e+01
   1.7618660e+06   4.9865723e+01
   1.7619180e+06   4.0710449e+01
   1.7619470e+06   2.9724121e+01
   1.7619720e+06   3.9550781e+01
   1.7619910e+06   5.6457520e+01
   1.7621010e+06   3.4423828e+01
   1.7621260e+06   2.8930664e+01
   1.7621650e+06   3.4851074e+01
   1.7622170e+06   3.2165527e+01
   1.7622720e+06   3.7780762e+01
   1.7623110e+06   3.0029297e+01
   1.7624230e+06   3.8818359e+01
   1.7624800e+06   2.8930664e+01
   1.7626820e+06   3.0334473e+01
   1.7632640e+06   3.2165527e+01
   1.7638320e+06   3.0029297e+01
   1.7680210e+06   3.1555176e+01
   1.7712810e+06   4.1503906e+01
   1.7713460e+06   3.1066895e+01
   1.7713960e+06   8.8745117e+01
   1.7714250e+06   3.1311035e+01
   1.7715030e+06   4.6630859e+01
   1.7715460e+06   4.8828125e+01
   1.7715920e+06   3.6376953e+01
   1.7716580e+06   3.7170410e+01
   1.7716730e+06   4.5837402e+01
   1.7717800e+06   4.1015625e+01
   1.7718030e+06   2.9052734e+01
   1.7718950e+06   3.6010742e+01
   1.7719760e+06   2.9174805e+01
   1.7719900e+06   3.7902832e+01
   1.7720150e+06   2.8442383e+01
   1.7721360e+06   4.0771484e+01
   1.7722670e+06   3.0883789e+01
   1.7723160e+06   2.9724121e+01
   1.7724170e+06   4.2480469e+01
   1.7726140e+06   3.4179688e+01
   1.7726390e+06   3.1311035e+01
   1.7727340e+06   3.4667969e+01
   1.7729430e+06   2.8503418e+01
   1.7734150e+06   3.0212402e+01
   1.7801140e+06   4.8461914e+01
   1.7802220e+06   3.0029297e+01
   1.7802440e+06   4.5898438e+01
   1.7803180e+06   3.4729004e+01
   1.7803920e+06   6.6528320e+01
   1.7804400e+06   3.9611816e+01
   1.7805260e+06   3.6071777e+01
   1.7806350e+06   4.5166016e+01
   1.7806640e+06   3.4790039e+01
   1.7806900e+06   2.9907227e+01
   1.7807220e+06   3.6437988e+01
   1.7807480e+06   3.4729004e+01
   1.7808720e+06   3.7292480e+01
   1.7809870e+06   4.1748047e+01
   1.7810210e+06   3.0212402e+01
   1.7810460e+06   3.1555176e+01
   1.7811180e+06   3.5766602e+01
   1.7811710e+06   3.9367676e+01
   1.7813490e+06   2.8808594e+01
   1.7869850e+06   4.4006348e+01
   1.7871070e+06   4.0466309e+01
   1.7871730e+06   6.4819336e+01
   1.7872490e+06   5.3283691e+01
   1.7873080e+06   5.2795410e+01
   1.7873700e+06   3.2165527e+01
   1.7874020e+06   2.8869629e+01
   1.7874630e+06   4.2114258e+01
   1.7874920e+06   3.4851074e+01
   1.7875210e+06   2.9785156e+01
   1.7875850e+06   4.0405273e+01
   1.7876820e+06   3.1616211e+01
   1.7877280e+06   2.8747559e+01
   1.7878040e+06   3.1250000e+01
   1.7879000e+06   3.6071777e+01
   1.7880770e+06   4.4433594e+01
   1.7882160e+06   2.9113770e+01
   1.7883770e+06   3.2226563e+01
   1.7885510e+06   3.1066895e+01
   1.7941740e+06   3.7414551e+01
   1.7942880e+06   3.1616211e+01
   1.7943520e+06   5.0354004e+01
   1.7944100e+06   4.2602539e+01
   1.7944290e+06   3.4851074e+01
   1.7945090e+06   6.1645508e+01
   1.7945690e+06   3.4851074e+01
   1.7946230e+06   3.2226563e+01
   1.7946830e+06   5.4382324e+01
   1.7948480e+06   3.6560059e+01
   1.7948730e+06   3.0639648e+01
   1.7949670e+06   3.3447266e+01
   1.7949810e+06   3.0883789e+01
   1.7951350e+06   2.9357910e+01
   1.7951620e+06   3.4667969e+01
   1.7954080e+06   4.2175293e+01
   1.7956620e+06   3.1738281e+01
   1.7959140e+06   3.4301758e+01
   1.8030650e+06   4.2663574e+01
   1.8031060e+06   3.3508301e+01
   1.8031840e+06   3.9550781e+01
   1.8032090e+06   6.3049316e+01
   1.8032280e+06   3.0395508e+01
   1.8032700e+06   3.0761719e+01
   1.8033410e+06   6.1157227e+01
   1.8033630e+06   4.1381836e+01
   1.8034420e+06   3.1982422e+01
   1.8034600e+06   3.3996582e+01
   1.8034970e+06   5.0354004e+01
   1.8035090e+06   3.2775879e+01
   1.8036210e+06   3.5888672e+01
   1.8036480e+06   3.6926270e+01
   1.8036810e+06   3.2531738e+01
   1.8037610e+06   4.6936035e+01
   1.8038990e+06   3.0090332e+01
   1.8039600e+06   3.0700684e+01
   1.8040660e+06   3.5522461e+01
   1.8041150e+06   3.1738281e+01
   1.8042340e+06   3.3813477e+01
   1.8043520e+06   3.0029297e+01
   1.8044080e+06   4.9865723e+01
   1.8045580e+06   3.2348633e+01
   1.8105460e+06   3.6010742e+01
   1.8105650e+06   3.3813477e+01
   1.8106770e+06   4.2114258e+01
   1.8107600e+06   5.0598145e+01
   1.8108030e+06   2.8503418e+01
   1.8109200e+06   3.8391113e+01
   1.8109400e+06   5.0720215e+01
   1.8109580e+06   2.9296875e+01
   1.8110150e+06   3.4912109e+01
   1.8110870e+06   3.4118652e+01
   1.8110990e+06   3.1433105e+01
   1.8113000e+06   6.0363770e+01
   1.8113110e+06   3.2409668e+01
   1.8114250e+06   3.1982422e+01
   1.8116350e+06   5.2307129e+01
   1.8117510e+06   2.9418945e+01
   1.8118920e+06   2.9846191e+01
   1.8127630e+06   3.1982422e+01
   1.8200040e+06   3.3020020e+01
   1.8201220e+06   4.1564941e+01
   1.8201340e+06   3.2531738e+01
   1.8201730e+06   5.5786133e+01
   1.8202350e+06   3.6437988e+01
   1.8202900e+06   3.6987305e+01
   1.8203090e+06   4.7485352e+01
   1.8203190e+06   4.9682617e+01
   1.8204320e+06   5.8532715e+01
   1.8205000e+06   3.0273438e+01
   1.8205580e+06   5.3405762e+01
   1.8205940e+06   4.6997070e+01
   1.8207000e+06   4.1137695e+01
   1.8207970e+06   3.3691406e+01
   1.8208550e+06   3.8085938e+01
   1.8210310e+06   2.8564453e+01
   1.8210800e+06   2.9663086e+01
   1.8212640e+06   3.8208008e+01
   1.8272840e+06   3.6743164e+01
   1.8274360e+06   3.7231445e+01
   1.8275230e+06   3.1555176e+01
   1.8275560e+06   6.0424805e+01
   1.8275860e+06   3.8208008e+01
   1.8276460e+06   2.8503418e+01
   1.8276950e+06   3.4973145e+01
   1.8277170e+06   5.5786133e+01
   1.8278480e+06   4.1931152e+01
   1.8279780e+06   2.8625488e+01
   1.8280400e+06   4.5227051e+01
   1.8281000e+06   3.0334473e+01
   1.8282060e+06   2.8625488e+01
   1.8284370e+06   3.8513184e+01
   1.8286800e+06   2.8564453e+01
   1.8360010e+06   3.2409668e+01
   1.8360270e+06   3.2470703e+01
   1.8361020e+06   3.9062500e+01
   1.8361370e+06   3.7841797e+01
   1.8361470e+06   7.0983887e+01
   1.8361790e+06   3.5766602e+01
   1.8362070e+06   2.8930664e+01
   1.8362280e+06   3.2836914e+01
   1.8362590e+06   3.0273437e+01
   1.8362750e+06   7.7575684e+01
   1.8363290e+06   4.7973633e+01
   1.8363530e+06   3.3996582e+01
   1.8363970e+06   3.6621094e+01
   1.8364350e+06   3.3935547e+01
   1.8364800e+06   2.8686523e+01
   1.8365120e+06   3.1494141e+01
   1.8365220e+06   6.0485840e+01
   1.8366060e+06   3.4423828e+01
   1.8366770e+06   4.8400879e+01
   1.8367790e+06   3.0700684e+01
   1.8368010e+06   3.8330078e+01
   1.8368570e+06   4.2175293e+01
   1.8369260e+06   2.8930664e+01
   1.8370950e+06   2.8503418e+01
   1.8373320e+06   3.5888672e+01
   1.8380580e+06   4.0283203e+01
   1.8445020e+06   3.4973145e+01
   1.8446260e+06   4.0710449e+01
   1.8447180e+06   3.9123535e+01
   1.8447460e+06   4.8156738e+01
   1.8448480e+06   3.0212402e+01
   1.8449060e+06   2.8503418e+01
   1.8449500e+06   2.8625488e+01
   1.8449710e+06   4.7790527e+01
   1.8450900e+06   3.0212402e+01
   1.8452170e+06   3.2287598e+01
   1.8452330e+06   3.5034180e+01
   1.8454090e+06   3.1372070e+01
   1.8454420e+06   4.9560547e+01
   1.8455670e+06   2.9846191e+01
   1.8457700e+06   3.1005859e+01
   1.8464390e+06   3.5705566e+01
   1.8518350e+06   4.2907715e+01
   1.8519660e+06   2.8686523e+01
   1.8520070e+06   3.9733887e+01
   1.8520970e+06   4.2297363e+01
   1.8521720e+06   3.0273438e+01
   1.8522090e+06   3.6926270e+01
   1.8523120e+06   3.3447266e+01
   1.8523230e+06   5.7373047e+01
   1.8523530e+06   3.1066895e+01
   1.8524040e+06   3.1494141e+01
   1.8525350e+06   3.0761719e+01
   1.8525800e+06   4.7180176e+01
   1.8526300e+06   3.6743164e+01
   1.8527520e+06   3.1677246e+01
   1.8528450e+06   4.6325684e+01
   1.8531130e+06   2.8625488e+01
   1.8532460e+06   3.6621094e+01
   1.8599770e+06   3.5217285e+01
   1.8600330e+06   3.5156250e+01
   1.8601080e+06   4.4250488e+01
   1.8601990e+06   6.9946289e+01
   1.8602250e+06   3.6315918e+01
   1.8602720e+06   2.9846191e+01
   1.8603090e+06   3.5522461e+01
   1.8603540e+06   5.5480957e+01
   1.8604170e+06   2.9785156e+01
   1.8604870e+06   5.5786133e+01
   1.8605850e+06   3.6865234e+01
   1.8606130e+06   3.4912109e+01
   1.8607160e+06   6.7749023e+01
   1.8609630e+06   3.4423828e+01
   1.8612000e+06   2.8442383e+01
   1.8672780e+06   3.7902832e+01
   1.8674180e+06   4.2602539e+01
   1.8675000e+06   3.0029297e+01
   1.8675340e+06   5.4870605e+01
   1.8676290e+06   5.7678223e+01
   1.8677930e+06   4.9560547e+01
   1.8678180e+06   4.3518066e+01
   1.8679410e+06   3.0273438e+01
   1.8680550e+06   3.8879395e+01
   1.8680750e+06   4.0710449e+01
   1.8682360e+06   3.7048340e+01
   1.8699090e+06   4.0039063e+01
   1.8766580e+06   3.9001465e+01
   1.8767170e+06   2.9541016e+01
   1.8767760e+06   5.0292969e+01
   1.8768350e+06   5.1330566e+01
   1.8768670e+06   4.8095703e+01
   1.8768880e+06   3.0151367e+01
   1.8769790e+06   3.4973145e+01
   1.8769960e+06   3.3996582e+01
   1.8770570e+06   5.3344727e+01
   1.8770900e+06   3.1860352e+01
   1.8771210e+06   2.8991699e+01
   1.8772490e+06   2.9602051e+01
   1.8772810e+06   4.9682617e+01
   1.8777650e+06   2.9174805e+01
   1.8783650e+06   3.1799316e+01
   1.8865660e+06   3.5461426e+01
   1.8866740e+06   3.1921387e+01
   1.8867570e+06   3.5827637e+01
   1.8867780e+06   7.5317383e+01
   1.8868910e+06   3.3386230e+01
   1.8869020e+06   3.5278320e+01
   1.8869750e+06   4.3579102e+01
   1.8870210e+06   3.7597656e+01
   1.8871170e+06   3.3691406e+01
   1.8871970e+06   5.6762695e+01
   1.8873230e+06   3.4545898e+01
   1.8875600e+06   4.0222168e+01
   1.8949970e+06   3.3813477e+01
   1.8950650e+06   3.4118652e+01
   1.8951140e+06   3.8146973e+01
   1.8952460e+06   3.2104492e+01
   1.8952970e+06   2.9052734e+01
   1.8954300e+06   3.4912109e+01
   1.8954910e+06   5.3039551e+01
   1.8955490e+06   3.0517578e+01
   1.8956720e+06   3.9306641e+01
   1.8956900e+06   3.0456543e+01
   1.8958150e+06   3.6376953e+01
   1.8958370e+06   4.7546387e+01
   1.8961490e+06   3.1677246e+01
   1.9070960e+06   3.2409668e+01
   1.9071320e+06   3.3691406e+01
   1.9071940e+06   3.5888672e+01
   1.9072430e+06   5.5603027e+01
   1.9072550e+06   3.1921387e+01
   1.9073880e+06   3.3752441e+01
   1.9074140e+06   5.9448242e+01
   1.9074880e+06   3.2897949e+01
   1.9075910e+06   3.7780762e+01
   1.9076310e+06   2.9052734e+01
   1.9076800e+06   2.8808594e+01
   1.9077950e+06   4.0710449e+01
   1.9078790e+06   3.9306641e+01
   1.9078960e+06   2.8930664e+01
   1.9079180e+06   3.2897949e+01
   1.9081570e+06   3.4118652e+01
   1.9169530e+06   3.8452148e+01
   1.9170790e+06   2.9174805e+01
   1.9171250e+06   3.5583496e+01
   1.9172420e+06   7.3425293e+01
   1.9173070e+06   3.1799316e+01
   1.9173430e+06   4.2846680e+01
   1.9174330e+06   3.4912109e+01
   1.9174830e+06   4.2114258e+01
   1.9175460e+06   4.5837402e+01
   1.9176530e+06   3.5217285e+01
   1.9178470e+06   3.1311035e+01
   1.9178820e+06   3.5278320e+01
   1.9180600e+06   3.0883789e+01
   1.9280710e+06   3.5827637e+01
   1.9280920e+06   3.4362793e+01
   1.9281090e+06   3.0517578e+01
   1.9281910e+06   4.1931152e+01
   1.9282410e+06   4.8889160e+01
   1.9283220e+06   4.5715332e+01
   1.9284120e+06   6.3293457e+01
   1.9285460e+06   3.0761719e+01
   1.9286970e+06   5.4565430e+01
   1.9288250e+06   3.5766602e+01
   1.9290770e+06   3.0517578e+01
   1.9366240e+06   3.3508301e+01
   1.9367800e+06   4.8950195e+01
   1.9368270e+06   5.9509277e+01
   1.9368880e+06   2.9907227e+01
   1.9369020e+06   3.1555176e+01
   1.9369430e+06   4.0344238e+01
   1.9370430e+06   3.5888672e+01
   1.9371840e+06   3.0151367e+01
   1.9374560e+06   3.6560059e+01
   1.9469350e+06   3.4362793e+01
   1.9469790e+06   2.9479980e+01
   1.9470420e+06   3.0090332e+01
   1.9470830e+06   3.1860352e+01
   1.9471130e+06   5.5603027e+01
   1.9471610e+06   5.1818848e+01
   1.9472460e+06   2.8930664e+01
   1.9472930e+06   4.2175293e+01
   1.9473570e+06   4.9682617e+01
   1.9474080e+06   3.0517578e+01
   1.9474830e+06   3.4790039e+01
   1.9477760e+06   3.2836914e+01
   1.9480540e+06   3.3203125e+01
   1.9581180e+06   3.6682129e+01
   1.9582260e+06   3.7048340e+01
   1.9582780e+06   2.9296875e+01
   1.9583050e+06   5.3833008e+01
   1.9583260e+06   4.8950195e+01
   1.9584760e+06   3.9428711e+01
   1.9586600e+06   3.6315918e+01
   1.9587920e+06   4.0161133e+01
   1.9706050e+06   3.3203125e+01
   1.9706590e+06   3.2043457e+01
   1.9707870e+06   3.8696289e+01
   1.9708410e+06   3.3447266e+01
   1.9709000e+06   6.0791016e+01
   1.9709260e+06   3.0944824e+01
   1.9711090e+06   4.3884277e+01
   1.9711310e+06   2.9235840e+01
   1.9712880e+06   2.9479980e+01
   1.9713170e+06   5.9753418e+01
   1.9714590e+06   3.2592773e+01
   1.9832130e+06   3.1127930e+01
   1.9832530e+06   3.2836914e+01
   1.9833150e+06   3.7780762e+01
   1.9834200e+06   3.5278320e+01
   1.9834440e+06   7.4645996e+01
   1.9835640e+06   4.3212891e+01
   1.9836020e+06   5.0476074e+01
   1.9836270e+06   3.3813477e+01
   1.9836690e+06   5.3833008e+01
   1.9837830e+06   3.9184570e+01
   2.0003650e+06   3.1494141e+01
   2.0003920e+06   3.3752441e+01
   2.0004440e+06   4.2358398e+01
   2.0005570e+06   5.0476074e+01
   2.0005710e+06   3.2531738e+01
   2.0006230e+06   3.0456543e+01
   2.0006440e+06   3.0090332e+01
   2.0006580e+06   3.5888672e+01
   2.0007650e+06   5.8837891e+01
   2.0007980e+06   5.9753418e+01
   2.0009260e+06   2.8747559e+01
   2.0010720e+06   3.6193848e+01
   2.0135880e+06   4.3273926e+01
   2.0137060e+06   3.8452148e+01
   2.0137660e+06   4.9255371e+01
   2.0137890e+06   3.0822754e+01
   2.0138850e+06   5.2429199e+01
   2.0140140e+06   2.9418945e+01
   2.0140270e+06   4.1198730e+01
   2.0142160e+06   4.2236328e+01
   2.0302290e+06   5.6884766e+01
   2.0303410e+06   3.9733887e+01
   2.0304470e+06   3.0761719e+01
   2.0304970e+06   5.3161621e+01
   2.0305430e+06   2.9602051e+01
   2.0305630e+06   2.9724121e+01
   2.0306890e+06   4.0527344e+01
   2.0310070e+06   3.1677246e+01
   2.0535930e+06   2.9907227e+01
   2.0536120e+06   3.9245605e+01
   2.0537120e+06   3.2592773e+01
   2.0538080e+06   2.8686523e+01
   2.0538300e+06   3.2653809e+01
   2.0538540e+06   3.6071777e+01
   2.0538890e+06   5.7189941e+01
   2.0539510e+06   4.7302246e+01
   2.0540030e+06   3.0456543e+01
   2.0540410e+06   3.1005859e+01
   2.0540850e+06   2.8503418e+01
   2.0542390e+06   3.1372070e+01
   2.0546020e+06   3.0517578e+01
   2.0794660e+06   3.1982422e+01
   2.0794840e+06   3.4912109e+01
   2.0796180e+06   7.5622559e+01
   2.0797450e+06   3.1066895e+01
   2.0798550e+06   4.1687012e+01
   2.0799640e+06   3.4912109e+01
   2.0799970e+06   5.8654785e+01
   2.0800430e+06   3.0639648e+01
   2.1071640e+06   3.1555176e+01
   2.1072210e+06   3.1372070e+01
   2.1072410e+06   3.6193848e+01
   2.1074550e+06   4.4921875e+01
   2.1077010e+06   6.8481445e+01
   2.1279580e+06   3.7597656e+01
   2.1280090e+06   3.0212402e+01
   2.1281340e+06   3.1005859e+01
   2.1281740e+06   3.5400391e+01
   2.1282730e+06   3.3508301e+01
   2.1283120e+06   3.7902832e+01
   2.1289030e+06   3.2043457e+01
   2.1495330e+06   3.8757324e+01
   2.1495550e+06   5.2978516e+01
   2.1495690e+06   2.9296875e+01
   2.1496210e+06   3.1677246e+01
   2.1496530e+06   3.0639648e+01
   2.1497420e+06   4.9621582e+01
   2.1500150e+06   3.0639648e+01
   2.1507690e+06   2.8808594e+01
   2.1729160e+06   2.8503418e+01
   2.1730220e+06   2.8686523e+01
   2.1731170e+06   4.4860840e+01
   2.1732150e+06   2.8869629e+01
   2.1732260e+06   3.1860352e+01
   2.1733890e+06   3.4240723e+01
   2.1736340e+06   3.0273438e+01
   2.1926020e+06   3.0212402e+01
   2.1929170e+06   3.0212402e+01
   2.1929410e+06   4.4006348e+01
   2.1930060e+06   4.1870117e+01
   2.1932130e+06   3.5400391e+01
   2.2149070e+06   3.0517578e+01
   2.2150160e+06   3.3874512e+01
   2.2151190e+06   3.1494141e+01
   2.2151600e+06   3.6743164e+01
   2.2151790e+06   3.6010742e+01
   2.2154400e+06   2.8625488e+01
   2.2155380e+06   3.4240723e+01
   2.2370110e+06   2.8747559e+01
   2.2371760e+06   3.0944824e+01
   2.2373340e+06   3.2897949e+01
   2.2373460e+06   3.7536621e+01
   2.2375510e+06   3.4362793e+01
   2.2557780e+06   3.8085938e+01
   2.2745560e+06   3.5766602e+01
   2.2746120e+06   2.9968262e+01
   2.2747270e+06   3.0883789e+01
   2.2748160e+06   3.1799316e+01
   2.2749970e+06   3.4545898e+01
   2.2910330e+06   3.5522461e+01
   2.2910690e+06   3.1921387e+01
   2.2911130e+06   2.8564453e+01
   2.2911300e+06   3.1066895e+01
   2.2912640e+06   3.2531738e+01
   2.2982460e+06   3.1555176e+01
   2.3078160e+06   3.4729004e+01
   2.3080880e+06   2.9235840e+01
   2.3083710e+06   2.9174805e+01
   2.3366690e+06   3.2531738e+01
   2.3366810e+06   2.8625488e+01
   2.3369100e+06   3.1494141e+01
   2.3594700e+06   2.8503418e+01
   2.3774680e+06   3.2836914e+01
   2.4081820e+06   2.9602051e+01
   2.5036800e+06   3.2653809e+01
   2.8672430e+06   2.8808594e+01
   2.9202660e+06   3.5095215e+01
   2.9489620e+06   3.1799316e+01
   2.9640660e+06   3.9001465e+01
   2.9789530e+06   2.9968262e+01
   3.0009460e+06   3.8757324e+01
   3.0630990e+06   2.8686523e+01
   3.0892250e+06   2.9052734e+01
   3.1150710e+06   2.9785156e+01
   3.1364720e+06   3.4423828e+01
   3.1365680e+06   3.8940430e+01
   3.1894300e+06   2.9968262e+01
   3.2139280e+06   3.0822754e+01
   3.2263590e+06   4.3640137e+01
   3.2499350e+06   4.4677734e+01
   3.2554770e+06   3.9733887e+01
   3.3381990e+06   2.8381348e+01
   3.3518220e+06   3.2104492e+01
   3.6198530e+06   4.4189453e+01
   3.6933410e+06   3.5583496e+01
   3.7924960e+06   3.7109375e+01
   3.8211410e+06   3.1188965e+01
   3.8481140e+06   3.0395508e+01
   3.8678260e+06   2.9663086e+01
   3.8678820e+06   2.9113770e+01
   3.8680490e+06   3.2226563e+01
   4.1830730e+06   3.5644531e+01
   4.1974250e+06   2.8503418e+01
   4.2015370e+06   4.3273926e+01
   4.2784390e+06   3.1372070e+01
   4.3095640e+06   4.2480469e+01
   4.3163560e+06   3.8452148e+01
   4.3667400e+06   2.9418945e+01
   4.6060360e+06   2.9357910e+01
   4.6062940e+06   3.7963867e+01
   4.6068120e+06   3.5339355e+01
   4.6069630e+06   5.2368164e+01
   4.6071150e+06   3.6010742e+01
   4.6073470e+06   3.0090332e+01
   4.6074120e+06   6.1218262e+01
   4.6074920e+06   3.9611816e+01
   4.6075210e+06   4.9072266e+01
   4.6075560e+06   2.9479980e+01
   4.6075700e+06   6.2316895e+01
   4.6075970e+06   3.2836914e+01
   4.6076390e+06   3.9916992e+01
   4.6076590e+06   4.6569824e+01
   4.6076700e+06   5.8166504e+01
   4.6076950e+06   3.2287598e+01
   4.6077140e+06   3.3569336e+01
   4.6077570e+06   2.8625488e+01
   4.6077990e+06   2.9235840e+01
   4.6087190e+06   3.0761719e+01
   4.6088690e+06   2.9296875e+01
   4.6090250e+06   3.3508301e+01
   4.6091490e+06   3.8635254e+01
   4.6093600e+06   2.8320313e+01
   4.6094880e+06   3.0090332e+01
   4.6096970e+06   3.5583496e+01
   4.6098270e+06   3.0395508e+01
   4.6100100e+06   3.1433105e+01
   4.6102670e+06   2.8442383e+01
   4.6107320e+06   2.8442383e+01
   4.6110560e+06   3.7353516e+01
   4.6113140e+06   3.2958984e+01
   4.6115460e+06   4.2175293e+01
   4.6124640e+06   3.0761719e+01
   4.6137880e+06   3.7109375e+01
   4.6146210e+06   3.0273438e+01
   4.6190170e+06   3.6437988e+01
   4.7133060e+06   3.4790039e+01
   4.7134050e+06   3.0090332e+01
   4.7135040e+06   2.9479980e+01
   4.7135160e+06   2.8747559e+01
   4.7135580e+06   6.8115234e+01
   4.7135860e+06   5.3527832e+01
   4.7136380e+06   3.8208008e+01
   4.7137260e+06   3.8391113e+01
   4.7137360e+06   3.9611816e+01
   4.7138070e+06   3.8696289e+01
   4.7138320e+06   2.8930664e+01
   4.7138420e+06   2.9907227e+01
   4.7138530e+06   4.7851563e+01
   4.7138960e+06   2.9418945e+01
   4.7139210e+06   4.0466309e+01
   4.7139430e+06   3.9611816e+01
   4.7139760e+06   3.5095215e+01
   4.7140020e+06   3.2165527e+01
   4.7140350e+06   3.3996582e+01
   4.7140660e+06   3.0639648e+01
   4.7143700e+06   2.8747559e+01
   4.7150210e+06   2.8686523e+01
   4.7151330e+06   3.0090332e+01
   4.7152570e+06   2.9846191e+01
   4.7153750e+06   2.8381348e+01
   4.7154820e+06   2.9968262e+01
   4.7156350e+06   3.6926270e+01
   4.7157810e+06   3.6926270e+01
   4.7159060e+06   3.8757324e+01
   4.7159980e+06   3.3874512e+01
   4.7161060e+06   4.4616699e+01
   4.7162210e+06   3.3874512e+01
   4.7163470e+06   4.0344238e+01
   4.7166140e+06   3.0395508e+01
   4.7167950e+06   2.9174805e+01
   4.7169480e+06   3.0090332e+01
   4.7170840e+06   2.9418945e+01
   4.7174450e+06   3.1311035e+01
   4.7180940e+06   3.2836914e+01
   4.7185750e+06   3.8635254e+01
   4.7206590e+06   3.5827637e+01
   4.7335590e+06   4.0222168e+01
   4.7355830e+06   3.4057617e+01
   4.7378120e+06   3.9428711e+01
   4.7383740e+06   3.1677246e+01
   4.7384240e+06   3.0395508e+01
   4.7386860e+06   4.0527344e+01
   4.7387520e+06   2.9113770e+01
   4.7388510e+06   7.3425293e+01
   4.7390090e+06   3.0029297e+01
   4.7390900e+06   4.8767090e+01
   4.7391020e+06   4.9438477e+01
   4.7391610e+06   4.4738770e+01
   4.7392220e+06   4.1992188e+01
   4.7392710e+06   3.1188965e+01
   4.7392890e+06   4.0039063e+01
   4.7393190e+06   3.9855957e+01
   4.7393620e+06   3.0456543e+01
   4.7394050e+06   3.7597656e+01
   4.7394220e+06   2.8442383e+01
   4.7394500e+06   3.1311035e+01
   4.7395050e+06   3.1066895e+01
   4.7395430e+06   3.1982422e+01
   4.7396600e+06   2.8564453e+01
   4.7396760e+06   3.0273438e+01
   4.7397120e+06   2.8869629e+01
   4.7400080e+06   2.8381348e+01
   4.7411910e+06   2.9296875e+01
   4.7413100e+06   3.1982422e+01
   4.7413350e+06   2.8930664e+01
   4.7414540e+06   3.0029297e+01
   4.7416110e+06   3.0151367e+01
   4.7416430e+06   3.2592773e+01
   4.7421220e+06   2.9113770e+01
   4.7423320e+06   3.5827637e+01
   4.7425490e+06   3.4545898e+01
   4.7427710e+06   2.9968262e+01
   4.7431400e+06   2.8808594e+01
   4.7434870e+06   3.0334473e+01
   4.7479790e+06   3.5827637e+01
   4.7513630e+06   3.2043457e+01
   4.7532460e+06   3.3630371e+01
   4.7549400e+06   3.1127930e+01
   4.7564260e+06   3.8146973e+01
   4.7590340e+06   3.3996582e+01
   4.7600680e+06   3.7963867e+01
   4.7601380e+06   3.9916992e+01
   4.7603080e+06   4.3884277e+01
   4.7603330e+06   5.2795410e+01
   4.7604110e+06   2.8503418e+01
   4.7607080e+06   3.7292480e+01
   4.7608960e+06   2.8625488e+01
   4.7649870e+06   3.4729004e+01
   4.7676100e+06   3.2531738e+01
   4.7678670e+06   3.6376953e+01
   4.7679720e+06   2.8869629e+01
   4.7680470e+06   2.8991699e+01
   4.7680940e+06   3.7902832e+01
   4.7681600e+06   5.6945801e+01
   4.7682570e+06   3.0822754e+01
   4.7683130e+06   3.8024902e+01
   4.7683420e+06   3.0639648e+01
   4.7683910e+06   3.3508301e+01
   4.7684240e+06   3.7963867e+01
   4.7684350e+06   3.8696289e+01
   4.7684740e+06   3.1188965e+01
   4.7685020e+06   4.3212891e+01
   4.7685190e+06   3.1555176e+01
   4.7685490e+06   4.0466309e+01
   4.7685820e+06   3.4790039e+01
   4.7686030e+06   4.7302246e+01
   4.7686510e+06   3.3386230e+01
   4.7687990e+06   3.4057617e+01
   4.7688730e+06   3.0822754e+01
   4.7689200e+06   3.0761719e+01
   4.7689570e+06   2.8747559e+01
   4.7701430e+06   3.0029297e+01
   4.7702770e+06   2.9052734e+01
   4.7703190e+06   3.0273438e+01
   4.7705280e+06   2.8625488e+01
   4.7706570e+06   3.0334473e+01
   4.7707980e+06   3.4606934e+01
   4.7709580e+06   3.1372070e+01
   4.7710650e+06   3.1616211e+01
   4.7715140e+06   3.2287598e+01
   4.7716660e+06   3.4057617e+01
   4.7720160e+06   3.1372070e+01
   4.7744310e+06   2.9235840e+01
   4.7749130e+06   3.3691406e+01
   4.7780010e+06   3.7719727e+01
   4.7796860e+06   3.0090332e+01
   4.7812530e+06   4.2541504e+01
   4.7827600e+06   3.8635254e+01
   4.7847260e+06   3.4057617e+01
   4.7864790e+06   3.3264160e+01
   4.7868150e+06   4.1259766e+01
   4.7869190e+06   6.3598633e+01
   4.7900940e+06   2.8320313e+01
   4.7905670e+06   4.0771484e+01
   4.7916730e+06   4.1259766e+01
   4.7919940e+06   4.2785645e+01
   4.7920280e+06   3.1066895e+01
   4.7922010e+06   3.9855957e+01
   4.7922190e+06   5.0170898e+01
   4.7923020e+06   4.0954590e+01
   4.7923330e+06   3.1860352e+01
   4.7924230e+06   4.7180176e+01
   4.7925240e+06   3.9733887e+01
   4.7925740e+06   6.0852051e+01
   4.7926100e+06   3.5827637e+01
   4.7927170e+06   3.8574219e+01
   4.7927270e+06   3.5400391e+01
   4.7928190e+06   3.5461426e+01
   4.7928330e+06   4.3823242e+01
   4.7928730e+06   4.0832520e+01
   4.7929240e+06   3.8879395e+01
   4.7929540e+06   3.9123535e+01
   4.7930210e+06   2.9296875e+01
   4.7930610e+06   3.4973145e+01
   4.7931640e+06   3.2348633e+01
   4.7932010e+06   3.3386230e+01
   4.7933340e+06   2.9052734e+01
   4.7933920e+06   2.8564453e+01
   4.7962790e+06   3.1616211e+01
   4.8010700e+06   2.9357910e+01
   4.8024200e+06   3.5461426e+01
   4.8031080e+06   3.9001465e+01
   4.8040160e+06   3.3142090e+01
   4.8070080e+06   3.6071777e+01
   4.8094260e+06   4.0100098e+01
   4.8096520e+06   4.1259766e+01
   4.8097740e+06   4.8889160e+01
   4.8116840e+06   3.7902832e+01
   4.8120180e+06   3.6865234e+01
   4.8123240e+06   3.8635254e+01
   4.8128010e+06   3.9611816e+01
   4.8156250e+06   3.6376953e+01
   4.8158350e+06   3.1066895e+01
   4.8158880e+06   5.6823730e+01
   4.8159450e+06   3.8024902e+01
   4.8160570e+06   3.2409668e+01
   4.8161420e+06   6.0058594e+01
   4.8162340e+06   2.8869629e+01
   4.8163150e+06   4.7363281e+01
   4.8163350e+06   3.1005859e+01
   4.8164520e+06   3.2409668e+01
   4.8165250e+06   6.1950684e+01
   4.8165440e+06   3.5156250e+01
   4.8167110e+06   3.6865234e+01
   4.8167220e+06   6.6955566e+01
   4.8168720e+06   4.4372559e+01
   4.8170010e+06   3.1250000e+01
   4.8170250e+06   3.0029297e+01
   4.8171780e+06   3.3874512e+01
   4.8172640e+06   4.5776367e+01
   4.8176260e+06   2.9479980e+01
   4.8223020e+06   3.3264160e+01
   4.8224150e+06   2.9479980e+01
   4.8225110e+06   3.5644531e+01
   4.8226540e+06   5.0354004e+01
   4.8226790e+06   3.2897949e+01
   4.8227800e+06   3.5827637e+01
   4.8228710e+06   5.2062988e+01
   4.8229000e+06   3.4667969e+01
   4.8229620e+06   3.0578613e+01
   4.8230210e+06   4.0283203e+01
   4.8230500e+06   5.1940918e+01
   4.8231210e+06   2.9846191e+01
   4.8231950e+06   4.3334961e+01
   4.8232650e+06   2.8747559e+01
   4.8233610e+06   4.7607422e+01
   4.8233800e+06   4.0771484e+01
   4.8235080e+06   3.3996582e+01
   4.8235200e+06   5.2673340e+01
   4.8236890e+06   3.5583496e+01
   4.8237890e+06   3.1860352e+01
   4.8239530e+06   2.8930664e+01
   4.8298140e+06   3.2348633e+01
   4.8298680e+06   3.3447266e+01
   4.8300040e+06   3.2714844e+01
   4.8301610e+06   8.0749512e+01
   4.8303230e+06   3.2226563e+01
   4.8303530e+06   4.1381836e+01
   4.8304140e+06   3.3020020e+01
   4.8304740e+06   2.8503418e+01
   4.8305610e+06   2.8869629e+01
   4.8306090e+06   5.6152344e+01
   4.8306900e+06   3.3752441e+01
   4.8308100e+06   2.9052734e+01
   4.8308640e+06   3.3508301e+01
   4.8308830e+06   4.4860840e+01
   4.8310680e+06   3.3996582e+01
   4.8313240e+06   3.1005859e+01
   4.8369630e+06   4.0893555e+01
   4.8371420e+06   3.7292480e+01
   4.8371600e+06   5.0720215e+01
   4.8372850e+06   3.0151367e+01
   4.8373460e+06   5.3344727e+01
   4.8373890e+06   3.6743164e+01
   4.8374130e+06   3.1311035e+01
   4.8374550e+06   3.3020020e+01
   4.8374790e+06   3.2714844e+01
   4.8374950e+06   2.8503418e+01
   4.8375210e+06   5.2795410e+01
   4.8375800e+06   3.2226563e+01
   4.8376320e+06   2.8625488e+01
   4.8376760e+06   4.2968750e+01
   4.8376900e+06   3.2043457e+01
   4.8377150e+06   3.9855957e+01
   4.8377700e+06   2.8320313e+01
   4.8378080e+06   5.6884766e+01
   4.8379340e+06   3.3569336e+01
   4.8379570e+06   4.1503906e+01
   4.8380510e+06   3.0700684e+01
   4.8381330e+06   3.7048340e+01
   4.8382860e+06   3.5949707e+01
   4.8383790e+06   3.0456543e+01
   4.8385500e+06   3.0029297e+01
   4.8392100e+06   2.8686523e+01
   4.8462490e+06   2.8625488e+01
   4.8464330e+06   3.8085938e+01
   4.8465110e+06   6.3049316e+01
   4.8465820e+06   3.6926270e+01
   4.8466380e+06   2.9846191e+01
   4.8466760e+06   5.6823730e+01
   4.8467830e+06   3.2104492e+01
   4.8469070e+06   3.2470703e+01
   4.8469260e+06   5.2490234e+01
   4.8470850e+06   3.9489746e+01
   4.8471210e+06   4.7668457e+01
   4.8471890e+06   3.2775879e+01
   4.8473070e+06   3.9062500e+01
   4.8473340e+06   5.4565430e+01
   4.8474040e+06   3.1066895e+01
   4.8475790e+06   3.4423828e+01
   4.8478190e+06   2.9602051e+01
   4.8520650e+06   3.8635254e+01
   4.8549020e+06   4.3212891e+01
   4.8553050e+06   2.9296875e+01
   4.8553410e+06   2.9296875e+01
   4.8554660e+06   3.5034180e+01
   4.8554860e+06   6.6833496e+01
   4.8555670e+06   3.3752441e+01
   4.8556130e+06   3.0151367e+01
   4.8556600e+06   6.7749023e+01
   4.8556700e+06   3.1005859e+01
   4.8557040e+06   4.1320801e+01
   4.8557520e+06   3.7597656e+01
   4.8557920e+06   4.5654297e+01
   4.8558110e+06   3.0395508e+01
   4.8558920e+06   3.0334473e+01
   4.8559120e+06   4.6020508e+01
   4.8559330e+06   3.5949707e+01
   4.8559640e+06   2.8625488e+01
   4.8560320e+06   2.8442383e+01
   4.8560590e+06   5.7006836e+01
   4.8561600e+06   3.3508301e+01
   4.8562080e+06   4.7668457e+01
   4.8563590e+06   3.3691406e+01
   4.8564840e+06   3.0029297e+01
   4.8565240e+06   3.9733887e+01
   4.8567280e+06   4.8645020e+01
   4.8569280e+06   2.8808594e+01
   4.8657840e+06   3.2348633e+01
   4.8658630e+06   2.9785156e+01
   4.8659390e+06   4.7668457e+01
   4.8659830e+06   5.6396484e+01
   4.8661560e+06   4.0527344e+01
   4.8661700e+06   6.4697266e+01
   4.8662480e+06   2.8686523e+01
   4.8662780e+06   3.6376953e+01
   4.8664000e+06   3.6071777e+01
   4.8664110e+06   5.6762695e+01
   4.8665020e+06   3.0517578e+01
   4.8666060e+06   5.1635742e+01
   4.8669110e+06   3.3569336e+01
   4.8671410e+06   3.0700684e+01
   4.8674180e+06   3.3325195e+01
   4.8736870e+06   4.1625977e+01
   4.8738440e+06   3.9001465e+01
   4.8738860e+06   4.9316406e+01
   4.8739500e+06   3.3142090e+01
   4.8740630e+06   3.6315918e+01
   4.8740880e+06   5.7495117e+01
   4.8742340e+06   3.4362793e+01
   4.8742850e+06   5.2429199e+01
   4.8743150e+06   3.5156250e+01
   4.8743680e+06   3.0212402e+01
   4.8745460e+06   5.2062988e+01
   4.8746050e+06   3.7048340e+01
   4.8747700e+06   3.4729004e+01
   4.8748490e+06   4.8400879e+01
   4.8825560e+06   3.1677246e+01
   4.8826140e+06   3.2592773e+01
   4.8826990e+06   3.4057617e+01
   4.8827610e+06   5.2124023e+01
   4.8828080e+06   3.7048340e+01
   4.8828570e+06   2.9174805e+01
   4.8829490e+06   4.5959473e+01
   4.8830310e+06   5.1757813e+01
   4.8831260e+06   3.1372070e+01
   4.8831360e+06   5.9326172e+01
   4.8831700e+06   2.9663086e+01
   4.8832540e+06   2.9479980e+01
   4.8833710e+06   6.7687988e+01
   4.8835410e+06   5.2856445e+01
   4.8838890e+06   3.1066895e+01
   4.8841500e+06   3.1433105e+01
   4.8889600e+06   3.3813477e+01
   4.8892020e+06   3.9611816e+01
   4.8894640e+06   2.8869629e+01
   4.8896460e+06   4.2236328e+01
   4.8898200e+06   3.5217285e+01
   4.8899920e+06   3.5888672e+01
   4.8900130e+06   4.4250488e+01
   4.8900820e+06   3.1616211e+01
   4.8901610e+06   3.2165527e+01
   4.8903870e+06   3.5034180e+01
   4.8953170e+06   3.9001465e+01
   4.8953960e+06   2.9541016e+01
   4.8954760e+06   3.2470703e+01
   4.8956230e+06   3.5888672e+01
   4.8957570e+06   3.5278320e+01
   4.8957780e+06   3.1982422e+01
   4.8958040e+06   5.7861328e+01
   4.8960310e+06   3.5888672e+01
   4.8960740e+06   5.6945801e+01
   4.8962530e+06   2.9479980e+01
   4.8964390e+06   3.1555176e+01
   4.9016720e+06   4.1381836e+01
   4.9017470e+06   3.0212402e+01
   4.9018470e+06   3.0456543e+01
   4.9019750e+06   4.4982910e+01
   4.9019920e+06   6.4086914e+01
   4.9021160e+06   3.5888672e+01
   4.9025380e+06   4.2358398e+01
   4.9026430e+06   3.0334473e+01
   4.9026910e+06   5.7861328e+01
   4.9099660e+06   3.1433105e+01
   4.9101080e+06   3.2348633e+01
   4.9101920e+06   6.6162109e+01
   4.9102120e+06   3.4606934e+01
   4.9103050e+06   4.1931152e+01
   4.9104270e+06   4.8461914e+01
   4.9105140e+06   3.5766602e+01
   4.9105710e+06   3.8513184e+01
   4.9106460e+06   4.5104980e+01
   4.9106590e+06   4.3273926e+01
   4.9108430e+06   3.0090332e+01
   4.9110600e+06   3.2043457e+01
   4.9195420e+06   3.3691406e+01
   4.9196630e+06   2.9052734e+01
   4.9197110e+06   4.2480469e+01
   4.9197770e+06   5.2490234e+01
   4.9197950e+06   3.5034180e+01
   4.9198670e+06   3.8818359e+01
   4.9199770e+06   3.3386230e+01
   4.9200790e+06   5.7678223e+01
   4.9203070e+06   2.9724121e+01
   4.9204870e+06   3.1066895e+01
   4.9295180e+06   4.1931152e+01
   4.9296670e+06   2.9663086e+01
   4.9296910e+06   6.2561035e+01
   4.9298040e+06   3.4118652e+01
   4.9298920e+06   4.2541504e+01
   4.9299060e+06   4.4921875e+01
   4.9299800e+06   2.8686523e+01
   4.9300330e+06   3.9611816e+01
   4.9300470e+06   3.8574219e+01
   4.9301000e+06   6.5063477e+01
   4.9301430e+06   3.2531738e+01
   4.9302990e+06   3.5095215e+01
   4.9306280e+06   3.9611816e+01
   4.9404670e+06   3.3142090e+01
   4.9405600e+06   3.1921387e+01
   4.9406330e+06   3.6071777e+01
   4.9406590e+06   5.3527832e+01
   4.9406800e+06   3.8024902e+01
   4.9407300e+06   2.9724121e+01
   4.9407730e+06   4.3823242e+01
   4.9408500e+06   5.8532715e+01
   4.9408700e+06   3.0700684e+01
   4.9409010e+06   3.9794922e+01
   4.9409980e+06   3.7597656e+01
   4.9410560e+06   4.9011230e+01
   4.9411110e+06   3.5034180e+01
   4.9413470e+06   3.5156250e+01
   4.9416960e+06   3.3752441e+01
   4.9419950e+06   3.3020020e+01
   4.9496680e+06   2.9968262e+01
   4.9498430e+06   3.6926270e+01
   4.9499240e+06   5.1086426e+01
   4.9499510e+06   4.2236328e+01
   4.9499790e+06   3.2958984e+01
   4.9500350e+06   3.5400391e+01
   4.9500570e+06   2.8808594e+01
   4.9501320e+06   3.2287598e+01
   4.9502030e+06   2.8686523e+01
   4.9503030e+06   6.6772461e+01
   4.9504570e+06   3.0395508e+01
   4.9504800e+06   4.3823242e+01
   4.9511230e+06   3.0761719e+01
   4.9514900e+06   4.0405273e+01
   4.9588050e+06   2.9724121e+01
   4.9588610e+06   2.9846191e+01
   4.9589260e+06   3.0578613e+01
   4.9589580e+06   3.8818359e+01
   4.9590900e+06   5.0781250e+01
   4.9592100e+06   3.2775879e+01
   4.9592390e+06   3.1921387e+01
   4.9593080e+06   3.3691406e+01
   4.9594100e+06   5.5358887e+01
   4.9599430e+06   2.9357910e+01
   4.9676800e+06   3.5583496e+01
   4.9678040e+06   2.8442383e+01
   4.9678430e+06   3.6682129e+01
   4.9678800e+06   5.1147461e+01
   4.9680000e+06   2.9541016e+01
   4.9681190e+06   2.9663086e+01
   4.9681640e+06   4.1503906e+01
   4.9681750e+06   5.7983398e+01
   4.9682680e+06   3.0212402e+01
   4.9683410e+06   3.5034180e+01
   4.9686760e+06   3.7536621e+01
   4.9778940e+06   2.9968262e+01
   4.9780770e+06   3.3630371e+01
   4.9781460e+06   4.5166016e+01
   4.9782130e+06   3.2531738e+01
   4.9783510e+06   3.9916992e+01
   4.9784020e+06   3.9550781e+01
   4.9785300e+06   2.8747559e+01
   4.9785420e+06   4.8461914e+01
   4.9787360e+06   3.5583496e+01
   4.9788880e+06   3.7963867e+01
   4.9789110e+06   3.0578613e+01
   4.9792490e+06   3.1250000e+01
   4.9877790e+06   3.7170410e+01
   4.9878360e+06   2.9113770e+01
   4.9879180e+06   3.1860352e+01
   4.9879680e+06   3.4545898e+01
   4.9880020e+06   5.5908203e+01
   4.9880660e+06   4.1198730e+01
   4.9881220e+06   3.1005859e+01
   4.9882290e+06   3.3935547e+01
   4.9882790e+06   3.1799316e+01
   4.9885160e+06   3.0639648e+01
   4.9885530e+06   3.0883789e+01
   4.9885870e+06   3.3264160e+01
   4.9887120e+06   2.8320313e+01
   4.9887770e+06   4.0710449e+01
   4.9891250e+06   3.4667969e+01
   4.9894570e+06   3.7414551e+01
   4.9995550e+06   4.1992188e+01
   4.9996750e+06   5.2978516e+01
   4.9997010e+06   5.6091309e+01
   4.9997890e+06   3.6132813e+01
   4.9998700e+06   3.0334473e+01
   4.9999370e+06   3.8208008e+01
   5.0000740e+06   3.0883789e+01
   5.0001110e+06   3.3935547e+01
   5.0001220e+06   3.4545898e+01
   5.0001400e+06   6.3415527e+01
   5.0004170e+06   3.9611816e+01
   5.0007870e+06   4.4677734e+01
   5.0011370e+06   3.0029297e+01
   5.0102730e+06   3.1799316e+01
   5.0103780e+06   2.8381348e+01
   5.0104490e+06   3.7414551e+01
   5.0107100e+06   3.9184570e+01
   5.0108190e+06   6.1218262e+01
   5.0108380e+06   2.8686523e+01
   5.0108910e+06   3.5095215e+01
   5.0110860e+06   3.2836914e+01
   5.0114020e+06   3.5644531e+01
   5.0117370e+06   4.5654297e+01
   5.0120680e+06   3.4301758e+01
   5.0124130e+06   4.0954590e+01
   5.0127590e+06   3.9367676e+01
   5.0131000e+06   3.2775879e+01
   5.0209110e+06   4.2907715e+01
   5.0210120e+06   2.9724121e+01
   5.0211120e+06   3.2348633e+01
   5.0211790e+06   5.8410645e+01
   5.0213130e+06   2.9663086e+01
   5.0213850e+06   3.5278320e+01
   5.0216250e+06   3.0578613e+01
   5.0216490e+06   4.9377441e+01
   5.0219930e+06   3.9245605e+01
   5.0298580e+06   3.6193848e+01
   5.0299260e+06   3.3264160e+01
   5.0300440e+06   3.2714844e+01
   5.0300650e+06   3.2836914e+01
   5.0302820e+06   2.8564453e+01
   5.0304650e+06   2.8747559e+01
   5.0306170e+06   3.4912109e+01
   5.0309400e+06   3.4973145e+01
   5.0313270e+06   3.6315918e+01
   5.0316420e+06   4.2358398e+01
   5.0400710e+06   4.2419434e+01
   5.0401590e+06   3.0578613e+01
   5.0402710e+06   3.6315918e+01
   5.0405210e+06   3.8391113e+01
   5.0406300e+06   5.5908203e+01
   5.0406510e+06   3.1738281e+01
   5.0407350e+06   3.0212402e+01
   5.0409780e+06   3.2592773e+01
   5.0537390e+06   3.8085938e+01
   5.0538480e+06   4.2114258e+01
   5.0538930e+06   2.9541016e+01
   5.0540620e+06   3.5034180e+01
   5.0540810e+06   3.2409668e+01
   5.0541780e+06   4.6386719e+01
   5.0543660e+06   4.8767090e+01
   5.0547320e+06   3.2592773e+01
   5.0550670e+06   2.9296875e+01
   5.0553750e+06   4.6447754e+01
   5.0556740e+06   4.3945313e+01
   5.0559880e+06   2.8686523e+01
   5.0562840e+06   3.1616211e+01
   5.0566110e+06   4.0283203e+01
   5.0569260e+06   3.6621094e+01
   5.0572290e+06   4.0649414e+01
   5.0575720e+06   3.8146973e+01
   5.0579230e+06   2.8503418e+01
   5.0582430e+06   4.1503906e+01
   5.0585650e+06   3.8452148e+01
   5.0588940e+06   3.4973145e+01
   5.0592210e+06   3.1555176e+01
   5.0595240e+06   3.6804199e+01
   5.0598160e+06   3.8330078e+01
   5.0601020e+06   4.6569824e+01
   5.0604000e+06   3.4973145e+01
   5.0607130e+06   3.7780762e+01
   5.0610420e+06   3.7719727e+01
   5.0613870e+06   4.1442871e+01
   5.0683560e+06   2.8747559e+01
   5.0683690e+06   3.5095215e+01
   5.0685560e+06   4.9743652e+01
   5.0686390e+06   2.9235840e+01
   5.0688640e+06   3.7292480e+01
   5.0691000e+06   3.4423828e+01
   5.0800030e+06   4.1381836e+01
   5.0800610e+06   3.2653809e+01
   5.0801470e+06   3.9306641e+01
   5.0802790e+06   3.3386230e+01
   5.0805660e+06   2.9296875e+01
   5.0805840e+06   2.9479980e+01
   5.0906170e+06   3.3935547e+01
   5.0906630e+06   3.8085938e+01
   5.0908440e+06   4.0771484e+01
   5.0910280e+06   2.9602051e+01
   5.0910490e+06   4.8278809e+01
   5.0911420e+06   2.9785156e+01
   5.1017220e+06   4.1809082e+01
   5.1018130e+06   3.0639648e+01
   5.1019060e+06   2.8320313e+01
   5.1019580e+06   2.9357910e+01
   5.1019850e+06   2.9174805e+01
   5.1021670e+06   2.9907227e+01
   5.1022700e+06   2.9052734e+01
   5.1180500e+06   3.4362793e+01
   5.1180670e+06   3.7963867e+01
   5.1181810e+06   4.3884277e+01
   5.1182470e+06   4.3579102e+01
   5.1182960e+06   3.4179688e+01
   5.1183680e+06   3.2958984e+01
   5.1183820e+06   3.2714844e+01
   5.1185060e+06   5.2551270e+01
   5.1357360e+06   3.5217285e+01
   5.1357670e+06   3.4423828e+01
   5.1357980e+06   3.0090332e+01
   5.1359670e+06   3.3691406e+01
   5.1362280e+06   3.1982422e+01
   5.1362380e+06   3.3508301e+01
   5.1363600e+06   3.5278320e+01
   5.1471960e+06   3.7414551e+01
   5.1475850e+06   2.9907227e+01
   5.1476080e+06   3.6315918e+01
   5.1630600e+06   3.7414551e+01
   5.1630910e+06   3.5888672e+01
   5.1634180e+06   3.7902832e+01
   5.1779260e+06   4.1503906e+01
   5.1779460e+06   2.8442383e+01
   5.1781820e+06   3.6132813e+01
   5.1783070e+06   3.1555176e+01
   5.1949100e+06   3.3325195e+01
   5.1950150e+06   3.3569336e+01
   5.1951060e+06   2.9602051e+01
   5.1952970e+06   3.4179688e+01
   5.1956850e+06   2.8320313e+01
   5.2107530e+06   3.3691406e+01
   5.2107760e+06   3.8452148e+01
   5.2109220e+06   3.0090332e+01
   5.2110060e+06   3.0517578e+01
   5.2267020e+06   3.4240723e+01
   5.2268090e+06   3.6376953e+01
   5.2271280e+06   2.9357910e+01
   5.2526280e+06   3.5827637e+01
   5.2526700e+06   3.1555176e+01
   5.3440300e+06   3.0822754e+01
   5.3792290e+06   3.2409668e+01
   5.5288500e+06   3.0578613e+01
   5.5672340e+06   3.8818359e+01
   5.5823840e+06   2.9785156e+01
   5.6023680e+06   2.8991699e+01
   5.6828780e+06   4.3273926e+01
   5.7119260e+06   3.1433105e+01
   5.7163600e+06   2.8808594e+01
   6.0164380e+06   3.7353516e+01
   6.0493650e+06   3.6437988e+01
   6.1672050e+06   3.0700684e+01
   6.2732230e+06   3.1372070e+01
   6.2734210e+06   3.2653809e+01
   6.2734720e+06   4.6386719e+01
   6.3091310e+06   3.9001465e+01
   6.3235130e+06   3.5400391e+01
   6.3244700e+06   3.7170410e+01
   6.3258580e+06   3.0944824e+01
   6.3267580e+06   3.6376953e+01
   6.4842340e+06   3.9611816e+01
   6.5808680e+06   3.3813477e+01
   6.5811280e+06   3.3264160e+01
   6.5866240e+06   4.1137695e+01
   6.5899530e+06   3.4851074e+01
   6.6492560e+06   4.7302246e+01
   6.6506110e+06   3.8146973e+01
   6.6512730e+06   3.2470703e+01
   6.6541420e+06   3.2348633e+01
   6.6567610e+06   3.9855957e+01
   6.6616300e+06   3.5217285e+01
   6.6635330e+06   4.1503906e+01
   6.7599660e+06   3.8085938e+01
   6.8174710e+06   3.7353516e+01
   6.9600600e+06   4.3701172e+01
   6.9915370e+06   3.0944824e+01
   7.2029480e+06   3.7414551e+01
   7.2561450e+06   3.2714844e+01
   7.2569980e+06   3.2653809e+01
   7.2603910e+06   3.8757324e+01
   7.2823720e+06   3.1188965e+01
   7.3565890e+06   3.1494141e+01
   7.4447570e+06   3.2470703e+01
   7.4692460e+06   3.5583496e+01
   7.4694420e+06   2.9296875e+01
   7.9256270e+06   3.3386230e+01
   7.9828190e+06   3.4545898e+01
   8.0073060e+06   4.1015625e+01
   8.0073370e+06   3.0334473e+01
   8.0875020e+06   3.6315918e+01
   8.2127720e+06   4.2724609e+01
   8.2128210e+06   3.5827637e+01
   8.2128590e+06   6.9030762e+01
   8.2128710e+06   3.6560059e+01
   8.2128970e+06   3.7536621e+01
   8.2129320e+06   8.6669922e+01
   8.2129510e+06   4.7119141e+01
   8.2129640e+06   3.0029297e+01
   8.2129920e+06   3.1494141e+01
   8.2130150e+06   3.5095215e+01
   8.2130420e+06   3.2775879e+01
   8.2131640e+06   3.0212402e+01
   8.2133140e+06   3.1005859e+01
   8.2135130e+06   3.0578613e+01
   8.2145060e+06   3.7292480e+01
   8.2146090e+06   2.9357910e+01
   8.2147330e+06   3.3874512e+01
   8.2150040e+06   3.1188965e+01
   8.2152930e+06   3.1494141e+01
   8.2154150e+06   3.1127930e+01
   8.2157260e+06   3.4790039e+01
   8.2162050e+06   3.1372070e+01
   8.2165080e+06   3.8757324e+01
   8.2167860e+06   3.3020020e+01
   8.2168150e+06   2.8869629e+01
   8.2171060e+06   3.3874512e+01
   8.2173320e+06   4.1198730e+01
   8.2175410e+06   2.9296875e+01
   8.2178730e+06   2.9479980e+01
   8.2181610e+06   3.0334473e+01
   8.2188080e+06   3.2409668e+01
   8.2204280e+06   3.0517578e+01
   8.2216390e+06   3.2165527e+01
   8.2222920e+06   3.1799316e+01
   8.2232360e+06   2.9907227e+01
   8.2241300e+06   3.9428711e+01
   8.2248840e+06   3.3386230e+01
   8.2254640e+06   3.4667969e+01
   8.2266550e+06   3.1738281e+01
   8.2280690e+06   3.0700684e+01
   8.2288540e+06   2.9663086e+01
   8.2302130e+06   3.5644531e+01
   8.2310710e+06   3.5156250e+01
   8.2328460e+06   3.3081055e+01
   8.2362430e+06   3.8574219e+01
   8.2377710e+06   3.5034180e+01
   8.2425190e+06   4.2480469e+01
   8.2443420e+06   3.4118652e+01
   8.2491350e+06   3.8696289e+01
   8.2537690e+06   3.7414551e+01
   8.2550730e+06   4.2297363e+01
   8.2611580e+06   3.9306641e+01
   8.2626690e+06   4.5349121e+01
   8.2656910e+06   3.8513184e+01
   8.2690240e+06   2.9724121e+01
   8.2706980e+06   3.5583496e+01
   8.2753940e+06   3.3020020e+01
   8.2799190e+06   3.3630371e+01
   8.2866900e+06   3.3447266e+01
   8.2901870e+06   3.7658691e+01
   8.2993770e+06   4.4799805e+01
   8.3004580e+06   5.7617188e+01
   8.3007030e+06   4.1198730e+01
   8.3007210e+06   3.2836914e+01
   8.3007400e+06   6.4208984e+01
   8.3008210e+06   3.0517578e+01
   8.3008510e+06   2.9968262e+01
   8.3008810e+06   2.9235840e+01
   8.3009190e+06   5.4321289e+01
   8.3009490e+06   3.1738281e+01
   8.3009820e+06   3.9062500e+01
   8.3010320e+06   3.0212402e+01
   8.3010530e+06   3.3630371e+01
   8.3010640e+06   6.4147949e+01
   8.3011240e+06   4.0771484e+01
   8.3011390e+06   3.0578613e+01
   8.3011790e+06   4.5898438e+01
   8.3012030e+06   3.5400391e+01
   8.3012430e+06   3.6071777e+01
   8.3012660e+06   3.0822754e+01
   8.3012770e+06   4.1687012e+01
   8.3013150e+06   4.3457031e+01
   8.3013440e+06   3.8757324e+01
   8.3013670e+06   3.4606934e+01
   8.3013970e+06   3.5583496e+01
   8.3014470e+06   2.9785156e+01
   8.3014920e+06   2.8930664e+01
   8.3015270e+06   2.9113770e+01
   8.3029100e+06   2.9418945e+01
   8.3029350e+06   3.6437988e+01
   8.3030540e+06   3.6071777e+01
   8.3030740e+06   3.2226563e+01
   8.3031970e+06   2.9113770e+01
   8.3032400e+06   3.3081055e+01
   8.3034510e+06   2.9357910e+01
   8.3035810e+06   3.0700684e+01
   8.3036700e+06   3.6071777e+01
   8.3039230e+06   2.9113770e+01
   8.3040600e+06   3.1494141e+01
   8.3040760e+06   3.3569336e+01
   8.3043930e+06   4.0222168e+01
   8.3049100e+06   3.1677246e+01
   8.3054970e+06   3.2897949e+01
   8.3098260e+06   3.8085938e+01
   8.3111590e+06   2.8930664e+01
   8.3134320e+06   3.3142090e+01
   8.3137760e+06   3.0700684e+01
   8.3156400e+06   3.6987305e+01
   8.3171410e+06   3.3691406e+01
   8.3180090e+06   3.8452148e+01
   8.3194480e+06   3.7597656e+01
   8.3210180e+06   3.5888672e+01
   8.3230410e+06   3.5095215e+01
   8.3245970e+06   2.9663086e+01
   8.3265620e+06   3.5644531e+01
   8.3274670e+06   3.3508301e+01
   8.3295240e+06   3.2714844e+01
   8.3306830e+06   3.0883789e+01
   8.3334250e+06   3.6254883e+01
   8.3350470e+06   3.1921387e+01
   8.3373070e+06   3.3142090e+01
   8.3392870e+06   3.9611816e+01
   8.3415700e+06   3.4606934e+01
   8.3421370e+06   3.9245605e+01
   8.3421940e+06   5.8105469e+01
   8.3422070e+06   3.1127930e+01
   8.3422960e+06   3.2775879e+01
   8.3423390e+06   2.8869629e+01
   8.3424540e+06   6.4819336e+01
   8.3425130e+06   3.0273438e+01
   8.3425750e+06   3.0273438e+01
   8.3426330e+06   3.9672852e+01
   8.3426800e+06   3.0822754e+01
   8.3427790e+06   5.2673340e+01
   8.3428510e+06   4.0893555e+01
   8.3428960e+06   3.4423828e+01
   8.3429160e+06   4.3640137e+01
   8.3429760e+06   3.9245605e+01
   8.3430390e+06   3.9733887e+01
   8.3430640e+06   4.1870117e+01
   8.3431530e+06   3.5156250e+01
   8.3432450e+06   5.7861328e+01
   8.3432710e+06   2.9174805e+01
   8.3433350e+06   2.9479980e+01
   8.3433590e+06   3.3813477e+01
   8.3455520e+06   3.7231445e+01
   8.3457910e+06   3.4118652e+01
   8.3460410e+06   2.9052734e+01
   8.3463990e+06   3.5339355e+01
   8.3465570e+06   3.0334473e+01
   8.3493900e+06   3.4362793e+01
   8.3507070e+06   2.9479980e+01
   8.3517240e+06   3.1433105e+01
   8.3530410e+06   3.0273438e+01
   8.3542850e+06   3.6437988e+01
   8.3570110e+06   4.2053223e+01
   8.3599200e+06   3.5888672e+01
   8.3605360e+06   3.2531738e+01
   8.3613080e+06   4.0161133e+01
   8.3618930e+06   2.9418945e+01
   8.3624030e+06   3.2409668e+01
   8.3636680e+06   3.3264160e+01
   8.3647760e+06   3.6315918e+01
   8.3656140e+06   2.9235840e+01
   8.3674910e+06   2.9846191e+01
   8.3681000e+06   3.8818359e+01
   8.3692480e+06   3.0151367e+01
   8.3710200e+06   3.6743164e+01
   8.3725330e+06   3.5278320e+01
   8.3741260e+06   3.7963867e+01
   8.3741900e+06   2.8869629e+01
   8.3760340e+06   3.0883789e+01
   8.3783520e+06   3.3813477e+01
   8.3790840e+06   2.9846191e+01
   8.3806160e+06   3.1799316e+01
   8.3817390e+06   3.4118652e+01
   8.3846590e+06   3.6865234e+01
   8.3847490e+06   3.3935547e+01
   8.3849630e+06   2.9479980e+01
   8.3850420e+06   4.5288086e+01
   8.3851830e+06   3.0334473e+01
   8.3852850e+06   2.9785156e+01
   8.3854190e+06   3.4729004e+01
   8.3854450e+06   4.5654297e+01
   8.3855080e+06   2.9846191e+01
   8.3856280e+06   6.2927246e+01
   8.3857240e+06   3.2653809e+01
   8.3857710e+06   5.5175781e+01
   8.3858520e+06   3.6254883e+01
   8.3859100e+06   3.8452148e+01
   8.3859510e+06   3.0090332e+01
   8.3860240e+06   4.1503906e+01
   8.3860540e+06   3.7170410e+01
   8.3861840e+06   3.0151367e+01
   8.3862380e+06   3.9794922e+01
   8.3862640e+06   2.9174805e+01
   8.3863120e+06   3.4301758e+01
   8.3863880e+06   3.1372070e+01
   8.3864130e+06   3.0395508e+01
   8.3866040e+06   3.4240723e+01
   8.3866500e+06   3.2592773e+01
   8.3867800e+06   2.9174805e+01
   8.3889560e+06   3.2104492e+01
   8.3891810e+06   2.9418945e+01
   8.3918870e+06   3.1066895e+01
   8.3922330e+06   3.8024902e+01
   8.3935570e+06   2.9418945e+01
   8.3953420e+06   2.9357910e+01
   8.3955820e+06   3.0822754e+01
   8.3964620e+06   3.0761719e+01
   8.3971170e+06   3.4423828e+01
   8.3984380e+06   3.7231445e+01
   8.3990620e+06   3.3264160e+01
   8.4008130e+06   2.9296875e+01
   8.4027830e+06   3.0273438e+01
   8.4040400e+06   2.8930664e+01
   8.4047210e+06   3.2470703e+01
   8.4056230e+06   3.6254883e+01
   8.4061930e+06   3.1250000e+01
   8.4079420e+06   3.8696289e+01
   8.4090880e+06   3.0273438e+01
   8.4104930e+06   3.1494141e+01
   8.4137330e+06   3.2348633e+01
   8.4149470e+06   4.0039063e+01
   8.4159340e+06   2.9785156e+01
   8.4168400e+06   3.7536621e+01
   8.4172560e+06   3.1982422e+01
   8.4204100e+06   3.6437988e+01
   8.4216390e+06   3.7719727e+01
   8.4223830e+06   3.4057617e+01
   8.4242560e+06   3.5278320e+01
   8.4247050e+06   3.4362793e+01
   8.4250140e+06   3.1127930e+01
   8.4250310e+06   4.8217773e+01
   8.4252250e+06   3.2958984e+01
   8.4253520e+06   3.1677246e+01
   8.4253750e+06   3.9062500e+01
   8.4254610e+06   2.9785156e+01
   8.4255590e+06   3.6682129e+01
   8.4257180e+06   4.2297363e+01
   8.4258200e+06   2.9235840e+01
   8.4258950e+06   3.6560059e+01
   8.4259450e+06   2.9174805e+01
   8.4260390e+06   2.9724121e+01
   8.4260720e+06   4.5654297e+01
   8.4262480e+06   4.3395996e+01
   8.4262960e+06   2.8991699e+01
   8.4264720e+06   3.9916992e+01
   8.4267060e+06   4.8645020e+01
   8.4269150e+06   5.0598145e+01
   8.4271220e+06   5.9020996e+01
   8.4273420e+06   5.4809570e+01
   8.4314060e+06   3.0334473e+01
   8.4325210e+06   3.4118652e+01
   8.4329150e+06   3.3142090e+01
   8.4354680e+06   3.1738281e+01
   8.4357860e+06   3.4729004e+01
   8.4382960e+06   3.3020020e+01
   8.4385880e+06   4.1137695e+01
   8.4387470e+06   3.2958984e+01
   8.4387620e+06   6.0607910e+01
   8.4388540e+06   3.0578613e+01
   8.4389310e+06   3.1005859e+01
   8.4390030e+06   3.0761719e+01
   8.4390190e+06   4.8400879e+01
   8.4391110e+06   3.5888672e+01
   8.4392030e+06   5.3222656e+01
   8.4392130e+06   3.1433105e+01
   8.4393320e+06   3.1738281e+01
   8.4393510e+06   6.4880371e+01
   8.4393890e+06   2.9174805e+01
   8.4394280e+06   3.4240723e+01
   8.4395560e+06   5.1574707e+01
   8.4395670e+06   3.0639648e+01
   8.4398010e+06   4.2846680e+01
   8.4449810e+06   2.9113770e+01
   8.4481510e+06   3.3142090e+01
   8.4495100e+06   2.9479980e+01
   8.4495800e+06   3.4667969e+01
   8.4496880e+06   3.5156250e+01
   8.4496990e+06   6.5979004e+01
   8.4498580e+06   3.0761719e+01
   8.4499090e+06   5.6091309e+01
   8.4499990e+06   3.4606934e+01
   8.4500890e+06   4.7119141e+01
   8.4502190e+06   2.9174805e+01
   8.4502710e+06   5.2917480e+01
   8.4503260e+06   2.9846191e+01
   8.4504910e+06   5.5053711e+01
   8.4506780e+06   3.4118652e+01
   8.4569580e+06   3.9672852e+01
   8.4572480e+06   3.2165527e+01
   8.4575910e+06   5.6213379e+01
   8.4579280e+06   3.4973145e+01
   8.4579870e+06   4.3334961e+01
   8.4581820e+06   3.8513184e+01
   8.4583920e+06   2.9968262e+01
   8.4584280e+06   5.0598145e+01
   8.4587420e+06   3.2165527e+01
   8.4639040e+06   3.1982422e+01
   8.4640910e+06   3.2226563e+01
   8.4641370e+06   4.9987793e+01
   8.4642790e+06   4.0954590e+01
   8.4643750e+06   4.3640137e+01
   8.4643930e+06   2.9663086e+01
   8.4644120e+06   2.9968262e+01
   8.4645380e+06   3.2470703e+01
   8.4645480e+06   3.7963867e+01
   8.4645800e+06   4.8156738e+01
   8.4646890e+06   3.9489746e+01
   8.4648100e+06   3.1433105e+01
   8.4648500e+06   5.2429199e+01
   8.4708830e+06   3.2592773e+01
   8.4709330e+06   3.0944824e+01
   8.4711410e+06   3.5888672e+01
   8.4714770e+06   3.2775879e+01
   8.4761650e+06   3.1738281e+01
   8.4763310e+06   2.9968262e+01
   8.4763860e+06   4.6020508e+01
   8.4764620e+06   3.5217285e+01
   8.4764850e+06   3.1555176e+01
   8.4765230e+06   3.2165527e+01
   8.4765690e+06   3.7414551e+01
   8.4765880e+06   4.5776367e+01
   8.4766780e+06   3.1921387e+01
   8.4767970e+06   4.9926758e+01
   8.4768330e+06   4.8034668e+01
   8.4768590e+06   2.8869629e+01
   8.4769050e+06   3.8330078e+01
   8.4770960e+06   3.9428711e+01
   8.4771130e+06   4.1992188e+01
   8.4776140e+06   3.8269043e+01
   8.4840690e+06   3.0029297e+01
   8.4843120e+06   4.3823242e+01
   8.4846860e+06   3.2348633e+01
   8.4882390e+06   3.9550781e+01
   8.4883520e+06   2.9052734e+01
   8.4883770e+06   2.9296875e+01
   8.4884580e+06   3.5034180e+01
   8.4886420e+06   2.8991699e+01
   8.4887580e+06   4.9499512e+01
   8.4889940e+06   3.1250000e+01
   8.4890040e+06   5.8593750e+01
   8.4890620e+06   2.9602051e+01
   8.4891200e+06   3.0761719e+01
   8.4893160e+06   3.2226563e+01
   8.4893560e+06   5.7067871e+01
   8.4896360e+06   3.4179688e+01
   8.4969510e+06   3.6987305e+01
   8.4974420e+06   4.0161133e+01
   8.4976500e+06   3.3142090e+01
   8.4977800e+06   6.4147949e+01
   8.4978890e+06   2.9785156e+01
   8.4979390e+06   3.2165527e+01
   8.4980180e+06   2.8991699e+01
   8.4980280e+06   4.6813965e+01
   8.4980640e+06   3.5156250e+01
   8.4981030e+06   2.8991699e+01
   8.4982720e+06   3.2165527e+01
   8.4983600e+06   5.0537109e+01
   8.4985680e+06   3.3874512e+01
   8.4988300e+06   2.9541016e+01
   8.5059840e+06   4.1992188e+01
   8.5061690e+06   3.5705566e+01
   8.5063160e+06   4.9072266e+01
   8.5063570e+06   5.8715820e+01
   8.5065210e+06   3.6865234e+01
   8.5065610e+06   3.1677246e+01
   8.5067080e+06   3.3203125e+01
   8.5067610e+06   2.9052734e+01
   8.5067900e+06   5.1574707e+01
   8.5069340e+06   4.7973633e+01
   8.5071360e+06   3.1250000e+01
   8.5078520e+06   3.4179688e+01
   8.5140490e+06   3.8513184e+01
   8.5142410e+06   3.3203125e+01
   8.5143590e+06   6.3537598e+01
   8.5144360e+06   2.9785156e+01
   8.5148040e+06   5.2673340e+01
   8.5152660e+06   3.1494141e+01
   8.5155000e+06   3.1616211e+01
   8.5157930e+06   3.1982422e+01
   8.5160890e+06   3.4118652e+01
   8.5163500e+06   2.9113770e+01
   8.5166480e+06   3.5522461e+01
   8.5169220e+06   4.1503906e+01
   8.5172320e+06   3.8696289e+01
   8.5175520e+06   4.1992188e+01
   8.5178380e+06   4.0954590e+01
   8.5215260e+06   3.9062500e+01
   8.5216800e+06   3.0212402e+01
   8.5217320e+06   3.5400391e+01
   8.5219610e+06   3.0090332e+01
   8.5222620e+06   3.0212402e+01
   8.5224080e+06   3.0456543e+01
   8.5281660e+06   3.4423828e+01
   8.5283080e+06   3.4790039e+01
   8.5283190e+06   3.0090332e+01
   8.5283770e+06   3.0578613e+01
   8.5285250e+06   3.1066895e+01
   8.5286170e+06   5.0842285e+01
   8.5290180e+06   3.1982422e+01
   8.5294090e+06   2.9174805e+01
   8.5375910e+06   4.2907715e+01
   8.5377430e+06   3.3325195e+01
   8.5377750e+06   3.8818359e+01
   8.5378530e+06   2.9785156e+01
   8.5378720e+06   4.8950195e+01
   8.5378830e+06   3.8757324e+01
   8.5379490e+06   3.1677246e+01
   8.5380760e+06   4.8583984e+01
   8.5380860e+06   4.6875000e+01
   8.5381370e+06   3.2409668e+01
   8.5382570e+06   3.5827637e+01
   8.5383770e+06   6.7810059e+01
   8.5384540e+06   3.5156250e+01
   8.5390340e+06   3.3752441e+01
   8.5393300e+06   3.2470703e+01
   8.5396050e+06   3.9184570e+01
   8.5398630e+06   3.1372070e+01
   8.5401020e+06   3.3264160e+01
   8.5403540e+06   3.7475586e+01
   8.5405940e+06   3.1555176e+01
   8.5408760e+06   3.6071777e+01
   8.5411360e+06   3.5339355e+01
   8.5414340e+06   3.3691406e+01
   8.5417080e+06   3.4667969e+01
   8.5419920e+06   3.7292480e+01
   8.5422690e+06   3.7719727e+01
   8.5425730e+06   3.5644531e+01
   8.5480470e+06   3.7597656e+01
   8.5480930e+06   3.1494141e+01
   8.5482300e+06   3.1799316e+01
   8.5482880e+06   5.5175781e+01
   8.5484790e+06   4.1564941e+01
   8.5486780e+06   2.9174805e+01
   8.5487380e+06   3.1005859e+01
   8.5487690e+06   3.1372070e+01
   8.5489980e+06   3.9367676e+01
   8.5492900e+06   3.7231445e+01
   8.5556710e+06   3.4423828e+01
   8.5557760e+06   3.2287598e+01
   8.5559100e+06   3.1982422e+01
   8.5559830e+06   2.8869629e+01
   8.5563530e+06   3.6010742e+01
   8.5565480e+06   4.0466309e+01
   8.5566220e+06   3.2531738e+01
   8.5569210e+06   3.6743164e+01
   8.5572210e+06   3.6804199e+01
   8.5575260e+06   4.0649414e+01
   8.5577980e+06   3.7902832e+01
   8.5580470e+06   3.1066895e+01
   8.5582860e+06   3.2409668e+01
   8.5585500e+06   3.5583496e+01
   8.5588260e+06   3.1799316e+01
   8.5591350e+06   3.4118652e+01
   8.5632370e+06   3.3142090e+01
   8.5635830e+06   3.1921387e+01
   8.5637820e+06   3.4362793e+01
   8.5639960e+06   3.0822754e+01
   8.5643060e+06   3.1250000e+01
   8.5646070e+06   3.1433105e+01
   8.5648930e+06   3.4912109e+01
   8.5652000e+06   3.2897949e+01
   8.5751210e+06   3.7780762e+01
   8.5752760e+06   3.2775879e+01
   8.5753200e+06   3.9428711e+01
   8.5754020e+06   5.6274414e+01
   8.5754950e+06   3.3508301e+01
   8.5756430e+06   2.9235840e+01
   8.5757190e+06   5.5969238e+01
   8.5758700e+06   3.5095215e+01
   8.5759320e+06   3.2653809e+01
   8.5764490e+06   2.9602051e+01
   8.5766940e+06   3.3020020e+01
   8.5769380e+06   3.9123535e+01
   8.5771850e+06   3.5034180e+01
   8.5776990e+06   3.2043457e+01
   8.5779660e+06   3.0151367e+01
   8.5781990e+06   4.0100098e+01
   8.5784550e+06   3.6376953e+01
   8.5786900e+06   3.6926270e+01
   8.5789280e+06   3.7719727e+01
   8.5791850e+06   3.3508301e+01
   8.5794400e+06   3.9611816e+01
   8.5796720e+06   3.7841797e+01
   8.5799240e+06   3.5888672e+01
   8.5801950e+06   3.2592773e+01
   8.5804610e+06   3.4729004e+01
   8.5807280e+06   3.5705566e+01
   8.5838710e+06   2.9907227e+01
   8.5840220e+06   2.9785156e+01
   8.5840490e+06   3.3081055e+01
   8.5842350e+06   3.4301758e+01
   8.5842650e+06   4.2785645e+01
   8.5845410e+06   4.0466309e+01
   8.5848860e+06   3.3020020e+01
   8.5941030e+06   3.3325195e+01
   8.5942950e+06   3.7292480e+01
   8.5943450e+06   4.7241211e+01
   8.5943580e+06   3.9916992e+01
   8.5945030e+06   3.0639648e+01
   8.5946890e+06   4.0893555e+01
   8.5947150e+06   3.0517578e+01
   8.5947850e+06   6.6101074e+01
   8.5949930e+06   3.2653809e+01
   8.5952900e+06   3.2348633e+01
   8.6077740e+06   3.7353516e+01
   8.6078370e+06   2.8869629e+01
   8.6079050e+06   3.2165527e+01
   8.6079370e+06   5.2246094e+01
   8.6080930e+06   3.2226563e+01
   8.6081960e+06   4.3640137e+01
   8.6084380e+06   3.5400391e+01
   8.6087410e+06   3.6560059e+01
   8.6089890e+06   3.4179688e+01
   8.6092330e+06   3.9245605e+01
   8.6095300e+06   3.9062500e+01
   8.6097730e+06   3.6804199e+01
   8.6102410e+06   3.3386230e+01
   8.6107240e+06   2.9174805e+01
   8.6109630e+06   3.4423828e+01
   8.6111990e+06   2.9968262e+01
   8.6114220e+06   3.5339355e+01
   8.6116550e+06   3.3935547e+01
   8.6119050e+06   3.0517578e+01
   8.6121550e+06   3.6010742e+01
   8.6124260e+06   3.0395508e+01
   8.6126820e+06   3.1372070e+01
   8.6129360e+06   3.7048340e+01
   8.6131860e+06   2.8930664e+01
   8.6134310e+06   3.3996582e+01
   8.6136780e+06   3.8574219e+01
   8.6139250e+06   3.4362793e+01
   8.6141670e+06   3.5949707e+01
   8.6144220e+06   3.3081055e+01
   8.6146730e+06   3.5766602e+01
   8.6149170e+06   3.4606934e+01
   8.6151770e+06   3.6132813e+01
   8.6154530e+06   3.5034180e+01
   8.6194600e+06   3.5217285e+01
   8.6195580e+06   3.1494141e+01
   8.6197110e+06   3.3447266e+01
   8.6197410e+06   5.6945801e+01
   8.6198910e+06   3.6010742e+01
   8.6202370e+06   3.0578613e+01
   8.6330850e+06   3.1188965e+01
   8.6332860e+06   4.1320801e+01
   8.6333360e+06   2.9296875e+01
   8.6334150e+06   2.9296875e+01
   8.6334800e+06   3.6315918e+01
   8.6334940e+06   2.9846191e+01
   8.6335260e+06   5.2795410e+01
   8.6336050e+06   3.0395508e+01
   8.6336540e+06   3.6193848e+01
   8.6339360e+06   3.8513184e+01
   8.6342050e+06   3.2897949e+01
   8.6344310e+06   3.6560059e+01
   8.6346630e+06   2.9174805e+01
   8.6347310e+06   2.9785156e+01
   8.6349030e+06   3.1494141e+01
   8.6351740e+06   3.8757324e+01
   8.6354260e+06   2.9479980e+01
   8.6356980e+06   3.0578613e+01
   8.6359460e+06   3.4912109e+01
   8.6361740e+06   2.9846191e+01
   8.6364080e+06   3.2043457e+01
   8.6366590e+06   3.9733887e+01
   8.6368850e+06   3.9794922e+01
   8.6371200e+06   3.1188965e+01
   8.6373560e+06   3.5644531e+01
   8.6375880e+06   3.9550781e+01
   8.6378260e+06   3.7658691e+01
   8.6380690e+06   3.2897949e+01
   8.6383100e+06   3.1005859e+01
   8.6385600e+06   3.6010742e+01
   8.6388330e+06   3.9062500e+01
   8.6391810e+06   3.1188965e+01
   8.6475940e+06   3.1066895e+01
   8.6478640e+06   3.9245605e+01
   8.6478880e+06   3.3203125e+01
   8.6480800e+06   3.2592773e+01
   8.6481000e+06   5.2673340e+01
   8.6481370e+06   3.2226563e+01
   8.6482900e+06   3.4851074e+01
   8.6485910e+06   3.6010742e+01
   8.6488540e+06   3.0212402e+01
   8.6491080e+06   3.5461426e+01
   8.6493900e+06   3.0578613e+01
   8.6499590e+06   3.6987305e+01
   8.6502500e+06   3.1494141e+01
   8.6505130e+06   3.6071777e+01
   8.6632930e+06   3.2470703e+01
   8.6634230e+06   3.5278320e+01
   8.6634980e+06   3.2165527e+01
   8.6636040e+06   3.0334473e+01
   8.6636340e+06   3.4484863e+01
   8.6637850e+06   6.0974121e+01
   8.6640610e+06   3.5766602e+01
   8.6642890e+06   3.3691406e+01
   8.6645160e+06   3.5522461e+01
   8.6647480e+06   3.2592773e+01
   8.6649660e+06   3.5705566e+01
   8.6651810e+06   3.5278320e+01
   8.6654050e+06   3.2592773e+01
   8.6656250e+06   3.4606934e+01
   8.6658580e+06   3.0578613e+01
   8.6660910e+06   4.1320801e+01
   8.6663160e+06   4.1931152e+01
   8.6665440e+06   3.7963867e+01
   8.6667640e+06   3.3508301e+01
   8.6670060e+06   3.7353516e+01
   8.6672480e+06   4.0588379e+01
   8.6674690e+06   3.2165527e+01
   8.6676770e+06   3.3203125e+01
   8.6679050e+06   3.1311035e+01
   8.6681520e+06   3.7170410e+01
   8.6683980e+06   3.1799316e+01
   8.6686320e+06   4.3457031e+01
   8.6688690e+06   3.1372070e+01
   8.6691200e+06   3.0151367e+01
   8.6693750e+06   3.5400391e+01
   8.6805470e+06   3.7597656e+01
   8.6806010e+06   2.9785156e+01
   8.6806870e+06   3.7414551e+01
   8.6808830e+06   3.1738281e+01
   8.6809880e+06   3.4423828e+01
   8.6964060e+06   3.5705566e+01
   8.6965360e+06   3.0334473e+01
   8.6966440e+06   3.7780762e+01
   8.6967940e+06   3.2775879e+01
   8.6968650e+06   3.5095215e+01
   8.6971800e+06   4.2602539e+01
   8.6974270e+06   3.1616211e+01
   8.6976710e+06   3.5156250e+01
   8.6979140e+06   3.7902832e+01
   8.6981580e+06   3.5522461e+01
   8.6983970e+06   4.0527344e+01
   8.6986150e+06   3.2165527e+01
   8.6988450e+06   3.6865234e+01
   8.6990610e+06   3.5400391e+01
   8.6992880e+06   3.7658691e+01
   8.6995380e+06   3.3996582e+01
   8.6997980e+06   3.9978027e+01
   8.7000630e+06   3.0151367e+01
   8.7003040e+06   3.1188965e+01
   8.7005500e+06   3.5400391e+01
   8.7007910e+06   3.1677246e+01
   8.7010210e+06   3.5827637e+01
   8.7012690e+06   3.5095215e+01
   8.7015250e+06   3.2836914e+01
   8.7017920e+06   3.2592773e+01
   8.7020420e+06   3.1921387e+01
   8.7023160e+06   3.7719727e+01
   8.7085420e+06   4.0283203e+01
   8.7085820e+06   3.4790039e+01
   8.7088030e+06   4.0954590e+01
   8.7090330e+06   3.5522461e+01
   8.7091630e+06   4.1748047e+01
   8.7357130e+06   3.7414551e+01
   8.7357580e+06   3.7902832e+01
   8.7358420e+06   3.4545898e+01
   8.7359970e+06   2.9113770e+01
   8.7360480e+06   2.9541016e+01
   8.7360950e+06   4.8828125e+01
   8.7361600e+06   3.3691406e+01
   8.7364730e+06   3.2043457e+01
   8.7367350e+06   3.0456543e+01
   8.7369960e+06   3.4484863e+01
   8.7372460e+06   4.0649414e+01
   8.7374790e+06   3.7231445e+01
   8.7377080e+06   3.6743164e+01
   8.7379340e+06   3.8391113e+01
   8.7381840e+06   3.8391113e+01
   8.7384050e+06   3.1188965e+01
   8.7386260e+06   4.4494629e+01
   8.7388410e+06   3.2836914e+01
   8.7390500e+06   3.2531738e+01
   8.7392530e+06   3.2653809e+01
   8.7394850e+06   3.4667969e+01
   8.7397150e+06   3.3508301e+01
   8.7399410e+06   3.3813477e+01
   8.7401500e+06   3.3691406e+01
   8.7403720e+06   3.8513184e+01
   8.7405870e+06   4.4860840e+01
   8.7408010e+06   3.2348633e+01
   8.7410190e+06   4.1748047e+01
   8.7412450e+06   3.3508301e+01
   8.7414850e+06   3.5705566e+01
   8.7417380e+06   3.9245605e+01
   8.7419760e+06   2.9602051e+01
   8.7422240e+06   3.1555176e+01
   8.7424830e+06   3.3264160e+01
   8.7427290e+06   4.3457031e+01
   8.7429880e+06   3.3081055e+01
   8.7432590e+06   3.0700684e+01
   8.7765560e+06   3.4973145e+01
   8.7769340e+06   3.3081055e+01
   8.7792230e+06   3.4729004e+01
   8.7796860e+06   4.5227051e+01
   8.8151830e+06   3.0700684e+01
   8.8152090e+06   3.1860352e+01
   8.8155270e+06   4.4616699e+01
   8.8156940e+06   3.2897949e+01
   8.8159040e+06   3.6865234e+01
   8.8161870e+06   3.1372070e+01
   8.8164470e+06   3.3325195e+01
   8.8167130e+06   4.0039063e+01
   8.8169800e+06   3.2592773e+01
   8.8172360e+06   3.1250000e+01
   8.8174850e+06   3.3874512e+01
   8.8177240e+06   3.6499023e+01
   8.8179680e+06   3.7902832e+01
   8.8182030e+06   3.7414551e+01
   8.8184370e+06   3.5217285e+01
   8.8186760e+06   3.6254883e+01
   8.8189160e+06   3.3081055e+01
   8.8191530e+06   3.3996582e+01
   8.8193870e+06   3.2104492e+01
   8.8196580e+06   4.1625977e+01
   8.8198950e+06   3.3325195e+01
   8.8201440e+06   3.7658691e+01
   8.8203840e+06   3.1066895e+01
   8.8206350e+06   3.8757324e+01
   8.8208960e+06   4.1809082e+01
   8.8211310e+06   4.3579102e+01
   8.8213810e+06   3.1433105e+01
   8.8216300e+06   2.9052734e+01
   8.8218830e+06   3.7658691e+01
   8.8221300e+06   3.7170410e+01
   8.8223700e+06   3.8940430e+01
   8.8226220e+06   2.9235840e+01
   8.8228810e+06   3.0212402e+01
   8.8236640e+06   3.0944824e+01
   8.8239550e+06   3.9978027e+01
   8.8242450e+06   3.6682129e+01
   8.8245320e+06   3.7475586e+01
   8.8248440e+06   4.2602539e+01
   8.8266570e+06   2.9724121e+01
   8.8850220e+06   2.9357910e+01
   8.8854620e+06   3.4240723e+01
   8.8857980e+06   2.9602051e+01
   8.8861340e+06   3.8574219e+01
   8.8864070e+06   3.6499023e+01
   8.8866810e+06   3.1066895e+01
   8.8869580e+06   4.3212891e+01
   8.8872130e+06   3.8146973e+01
   8.8874750e+06   3.5705566e+01
   8.8877180e+06   2.9968262e+01
   8.8879610e+06   3.5339355e+01
   8.8881980e+06   3.5217285e+01
   8.8884320e+06   3.2714844e+01
   8.8886770e+06   4.4250488e+01
   8.8889290e+06   3.7109375e+01
   8.8891830e+06   3.6865234e+01
   8.8894460e+06   3.0273438e+01
   8.8896940e+06   3.3447266e+01
   8.8899290e+06   3.1005859e+01
   8.8901600e+06   3.4301758e+01
   8.8904250e+06   3.8635254e+01
   8.8906800e+06   3.8513184e+01
   8.8909200e+06   4.0039063e+01
   8.8911620e+06   3.3874512e+01
   8.8913930e+06   3.7170410e+01
   8.8918560e+06   3.3020020e+01
   8.8920860e+06   3.1860352e+01
   8.8923330e+06   3.3752441e+01
   8.8925890e+06   3.6987305e+01
   8.8928860e+06   2.8991699e+01
   8.8931790e+06   3.3752441e+01
   8.8934640e+06   3.1127930e+01
   8.9721890e+06   3.1494141e+01
   9.0923570e+06   3.0761719e+01
   9.0928330e+06   3.4973145e+01
   9.0931970e+06   3.5461426e+01
   9.0935350e+06   3.6010742e+01
   9.0938810e+06   3.3508301e+01
   9.0942170e+06   3.4912109e+01
   9.0945140e+06   3.8208008e+01
   9.0948060e+06   3.1921387e+01
   9.0951260e+06   3.4729004e+01
   9.0954480e+06   3.1066895e+01
   9.0957810e+06   3.6865234e+01
   9.0961110e+06   3.7475586e+01
   9.0964200e+06   3.8818359e+01
   9.0967220e+06   3.0578613e+01
   9.0970370e+06   3.4851074e+01
   9.0973550e+06   3.4118652e+01
   9.0976760e+06   3.5400391e+01
   9.0979860e+06   3.9306641e+01
   9.0982960e+06   3.4362793e+01
   9.0986300e+06   3.4851074e+01
   9.0989380e+06   4.5776367e+01
   9.0992900e+06   3.6865234e+01
   9.0996180e+06   3.7292480e+01
   9.1801200e+06   3.5827637e+01
   9.2274170e+06   3.5278320e+01
   9.2279640e+06   3.5583496e+01
   9.2691790e+06   3.6865234e+01
   9.4027620e+06   3.7902832e+01
   9.4032890e+06   3.6804199e+01
   9.5171610e+06   3.6193848e+01
   9.6071720e+06   3.3325195e+01
   9.7063050e+06   4.1748047e+01
   9.7146510e+06   4.0588379e+01
   1.0013341e+07   3.7231445e+01
   1.0068926e+07   3.6071777e+01
   1.0069832e+07   3.5034180e+01
   1.0099706e+07   4.1198730e+01
   1.0116787e+07   3.8024902e+01
   1.0119652e+07   3.5461426e+01
   1.0125017e+07   3.1799316e+01
   1.0136854e+07   3.6560059e+01
   1.0139878e+07   3.2104492e+01
   1.0217199e+07   3.6926270e+01
   1.0222358e+07   4.1809082e+01
   1.0235278e+07   3.3447266e+01
   1.0265516e+07   3.7536621e+01
   1.0343117e+07   3.5583496e+01
   1.0343977e+07   3.5888672e+01
   1.0344988e+07   4.1442871e+01
   1.0346625e+07   3.5827637e+01
   1.0348632e+07   3.3874512e+01
   1.0354207e+07   3.2043457e+01
   1.0392348e+07   3.6987305e+01
   1.0408055e+07   3.6560059e+01
   1.0419652e+07   3.2470703e+01
   1.0521596e+07   3.7353516e+01
   1.0552324e+07   3.8696289e+01
   1.0592857e+07   3.0029297e+01
   1.0987065e+07   4.3029785e+01
   1.0987679e+07   3.1066895e+01
   1.0989165e+07   3.5461426e+01
   1.0990062e+07   3.4240723e+01
   1.0991991e+07   3.5156250e+01
   1.0992478e+07   3.6132813e+01
   1.0992909e+07   3.6865234e+01
   1.0998817e+07   2.9296875e+01
   1.1344829e+07   3.6010742e+01
   1.1345875e+07   3.1250000e+01
   1.1477941e+07   3.4851074e+01
   1.1478445e+07   3.3386230e+01
   1.1514302e+07   3.1982422e+01
   1.1551484e+07   3.2043457e+01
   1.1589237e+07   3.6865234e+01
   1.1627944e+07   4.5410156e+01
   1.1677901e+07   3.1372070e+01
   1.1696503e+07   2.9724121e+01
   1.1767714e+07   3.5827637e+01
   1.1768201e+07   4.4128418e+01
   1.1768628e+07   3.6376953e+01
   1.1800575e+07   3.2409668e+01
   1.1863994e+07   4.0466309e+01
   1.1864463e+07   3.6254883e+01
   1.1864827e+07   3.5766602e+01
   1.1865166e+07   3.2897949e+01
   1.1865532e+07   3.3630371e+01
   1.1965256e+07   3.7475586e+01
   1.1987168e+07   3.1433105e+01
   1.1987666e+07   4.0527344e+01
   1.1988181e+07   3.8330078e+01
   1.1988657e+07   3.3081055e+01
   1.1989026e+07   3.5949707e+01
   1.1989347e+07   4.1748047e+01
   1.1989661e+07   3.6804199e+01
   1.1989964e+07   3.9184570e+01
   1.1990273e+07   3.3874512e+01
   1.1990584e+07   3.3020020e+01
   1.1990900e+07   4.1564941e+01
   1.1991206e+07   4.0039063e+01
   1.1991500e+07   4.0344238e+01
   1.1991787e+07   3.7902832e+01
   1.1992088e+07   3.7719727e+01
   1.1992374e+07   3.6254883e+01
   1.1992686e+07   3.8574219e+01
   1.1992958e+07   3.6926270e+01
   1.1993233e+07   3.1372070e+01
   1.1993515e+07   3.6926270e+01
   1.1993804e+07   3.8513184e+01
   1.1994107e+07   4.2602539e+01
   1.1994403e+07   3.7780762e+01
   1.1994684e+07   3.1250000e+01
   1.1994979e+07   3.6254883e+01
   1.1995258e+07   3.6010742e+01
   1.1995578e+07   4.1992188e+01
   1.1995888e+07   3.8208008e+01
   1.1996242e+07   3.9489746e+01
