   1.1999000e+07   0.0000000e+00
   1.5666000e+04   2.7526855e+01
   2.6889000e+04   2.8808594e+01
   2.7039000e+04   2.5756836e+01
   3.6338000e+04   2.4841309e+01
   3.6469000e+04   2.3864746e+01
   4.6204000e+04   2.4108887e+01
   4.6428000e+04   2.6428223e+01
   4.6862000e+04   2.2583008e+01
   4.7641000e+04   2.2705078e+01
   5.6468000e+04   2.2644043e+01
   7.0085000e+04   2.2888184e+01
   7.5614000e+04   2.7893066e+01
   7.6209000e+04   2.3559570e+01
   8.6021000e+04   2.4780273e+01
   8.6117000e+04   2.8137207e+01
   8.6918000e+04   2.3315430e+01
   9.3164000e+04   2.3620605e+01
   9.3310000e+04   2.3864746e+01
   1.3812300e+05   2.5573730e+01
   1.5603800e+05   2.4536133e+01
   1.5692000e+05   2.5024414e+01
   1.6649300e+05   2.5207520e+01
   1.7950400e+05   2.3864746e+01
   1.9293600e+05   3.0212402e+01
   2.0527700e+05   2.4047852e+01
   2.1794500e+05   2.6062012e+01
   2.1804600e+05   2.4963379e+01
   2.5760000e+05   2.4230957e+01
   2.5914000e+05   2.4108887e+01
   2.6924500e+05   2.3925781e+01
   2.8295900e+05   2.7404785e+01
   3.2521000e+05   2.2583008e+01
   3.2583300e+05   2.4108887e+01
   3.2593500e+05   2.3010254e+01
   3.3832400e+05   2.6855469e+01
   3.3848400e+05   2.4414063e+01
   3.4753500e+05   2.5451660e+01
   3.4886500e+05   2.7343750e+01
   3.6321800e+05   2.3132324e+01
   3.6324900e+05   2.9907227e+01
   3.6349800e+05   2.3620605e+01
   3.8171000e+05   2.9052734e+01
   3.8263000e+05   2.3681641e+01
   3.9861500e+05   2.5024414e+01
   3.9878700e+05   2.4353027e+01
   4.1496700e+05   3.0517578e+01
   4.3610400e+05   2.6733398e+01
   4.4363700e+05   2.2583008e+01
   4.4397400e+05   2.6062012e+01
   4.6174800e+05   2.6855469e+01
   4.6256500e+05   2.4841309e+01
   4.8879800e+05   2.4963379e+01
   5.0397700e+05   2.2827148e+01
   5.0458500e+05   2.4963379e+01
   5.2649300e+05   2.2827148e+01
   5.2670200e+05   2.3010254e+01
   5.5200300e+05   2.4902344e+01
   5.5206100e+05   2.4597168e+01
   5.5247400e+05   2.4291992e+01
   6.3473400e+05   2.7404785e+01
   6.5836100e+05   2.3315430e+01
   1.3155990e+06   2.4963379e+01
   1.3159720e+06   2.3254395e+01
   1.3167580e+06   2.6550293e+01
   1.5853190e+06   2.7221680e+01
   1.5861370e+06   2.4963379e+01
   1.5862550e+06   2.6855469e+01
   1.5862710e+06   3.1860352e+01
   1.5863160e+06   3.1005859e+01
   1.5863390e+06   2.7404785e+01
   1.5863730e+06   3.1799316e+01
   1.5863870e+06   3.8635254e+01
   1.5864140e+06   2.9541016e+01
   1.5864430e+06   2.3986816e+01
   1.5864710e+06   2.7587891e+01
   1.5879350e+06   2.5634766e+01
   1.5882010e+06   2.4108887e+01
   1.5882860e+06   2.4047852e+01
   1.5885910e+06   2.3864746e+01
   1.5886110e+06   2.8564453e+01
   1.6499190e+06   2.6367188e+01
   1.6502500e+06   2.3315430e+01
   1.6502990e+06   2.3376465e+01
   1.6503490e+06   3.6376953e+01
   1.6503820e+06   3.1677246e+01
   1.6503940e+06   4.7119141e+01
   1.6504180e+06   2.9724121e+01
   1.6504360e+06   3.1127930e+01
   1.6504640e+06   2.3193359e+01
   1.6504990e+06   2.5268555e+01
   1.6506180e+06   2.4353027e+01
   1.6508170e+06   2.2644043e+01
   1.6511190e+06   2.2644043e+01
   1.6520310e+06   2.3254395e+01
   1.6520710e+06   2.7465820e+01
   1.6522560e+06   2.6123047e+01
   1.6523760e+06   2.4108887e+01
   1.6526230e+06   2.7526855e+01
   1.6527190e+06   2.3193359e+01
   1.6531010e+06   2.6672363e+01
   1.6534330e+06   2.4047852e+01
   1.6535000e+06   2.7832031e+01
   1.6538130e+06   2.2766113e+01
   1.6579190e+06   2.6855469e+01
   1.6732270e+06   3.4057617e+01
   1.6733840e+06   3.3508301e+01
   1.6734910e+06   2.7770996e+01
   1.6735050e+06   2.7038574e+01
   1.6735510e+06   2.2705078e+01
   1.6735770e+06   2.4475098e+01
   1.6736220e+06   2.8991699e+01
   1.6736580e+06   4.1198730e+01
   1.6736850e+06   2.4597168e+01
   1.6737190e+06   2.4780273e+01
   1.6739900e+06   2.4597168e+01
   1.6747500e+06   2.4169922e+01
   1.6749930e+06   2.5146484e+01
   1.6751920e+06   2.3681641e+01
   1.6753340e+06   2.5878906e+01
   1.6757460e+06   2.6306152e+01
   1.6887820e+06   2.3925781e+01
   1.6890780e+06   3.4851074e+01
   1.6892910e+06   2.4841309e+01
   1.6893920e+06   2.8930664e+01
   1.6894170e+06   2.7099609e+01
   1.6894570e+06   2.2583008e+01
   1.6894720e+06   3.6315918e+01
   1.6894910e+06   2.8198242e+01
   1.6895440e+06   3.2348633e+01
   1.6895770e+06   2.4597168e+01
   1.6896070e+06   2.6367188e+01
   1.6896480e+06   2.7832031e+01
   1.6896740e+06   2.4902344e+01
   1.6897700e+06   3.1738281e+01
   1.6898350e+06   2.4780273e+01
   1.6898470e+06   2.5146484e+01
   1.6900900e+06   2.4841309e+01
   1.6904270e+06   2.2827148e+01
   1.6908400e+06   2.4414063e+01
   1.6909580e+06   2.5207520e+01
   1.6912190e+06   3.1860352e+01
   1.6915680e+06   2.4353027e+01
   1.6917230e+06   2.2949219e+01
   1.7039190e+06   3.0517578e+01
   1.7109060e+06   2.3437500e+01
   1.7123850e+06   3.0090332e+01
   1.7126400e+06   2.4475098e+01
   1.7127970e+06   2.6000977e+01
   1.7128300e+06   3.0456543e+01
   1.7130080e+06   2.2766113e+01
   1.7131520e+06   2.9235840e+01
   1.7134530e+06   2.4414063e+01
   1.7135410e+06   2.6367188e+01
   1.7136160e+06   2.5085449e+01
   1.7136280e+06   2.8808594e+01
   1.7138400e+06   2.2949219e+01
   1.7232350e+06   2.4475098e+01
   1.7234730e+06   2.2949219e+01
   1.7236640e+06   3.1677246e+01
   1.7308120e+06   2.6611328e+01
   1.7313860e+06   2.3254395e+01
   1.7316030e+06   3.2470703e+01
   1.7409540e+06   2.2827148e+01
   1.7411070e+06   3.0700684e+01
   1.7411670e+06   2.5817871e+01
   1.7414680e+06   2.5268555e+01
   1.7415860e+06   3.7719727e+01
   1.7416230e+06   2.4169922e+01
   1.7416840e+06   2.5146484e+01
   1.7417190e+06   3.3447266e+01
   1.7417560e+06   3.9489746e+01
   1.7418290e+06   2.4780273e+01
   1.7420170e+06   2.4047852e+01
   1.7421700e+06   2.5329590e+01
   1.7424540e+06   2.3864746e+01
   1.7426500e+06   2.3315430e+01
   1.7429130e+06   2.7526855e+01
   1.7429320e+06   2.2583008e+01
   1.7430190e+06   2.3132324e+01
   1.7435660e+06   2.3254395e+01
   1.7622160e+06   2.5207520e+01
   1.7624860e+06   2.4719238e+01
   1.7627120e+06   2.6184082e+01
   1.7630280e+06   2.3742676e+01
   1.7719420e+06   2.8259277e+01
   1.7722760e+06   2.3620605e+01
   1.7723510e+06   2.4902344e+01
   1.7806420e+06   2.3010254e+01
   1.7806960e+06   2.4841309e+01
   1.7809540e+06   2.3010254e+01
   1.7810560e+06   2.7099609e+01
   1.7811420e+06   2.6000977e+01
   1.7945240e+06   2.7343750e+01
   1.8035310e+06   2.5451660e+01
   1.8036040e+06   2.3681641e+01
   1.8108780e+06   2.7526855e+01
   1.8205970e+06   2.7648926e+01
   1.8364250e+06   2.7038574e+01
   1.8373360e+06   2.4841309e+01
   1.8772560e+06   2.8015137e+01
   1.8774810e+06   2.6977539e+01
   1.8786430e+06   2.3010254e+01
   1.8869670e+06   2.5573730e+01
   1.8953530e+06   2.6977539e+01
   1.9075080e+06   2.7038574e+01
   1.9076720e+06   2.4291992e+01
   1.9174410e+06   2.3010254e+01
   1.9176170e+06   2.3803711e+01
   1.9282380e+06   2.4536133e+01
   1.9285240e+06   2.7282715e+01
   1.9292440e+06   2.3010254e+01
   1.9372490e+06   2.5207520e+01
   1.9474300e+06   2.6428223e+01
   1.9584170e+06   2.2827148e+01
   1.9710960e+06   2.8869629e+01
   1.9834350e+06   2.7893066e+01
   1.9837050e+06   2.5207520e+01
   2.0007060e+06   2.8442383e+01
   2.0007610e+06   2.5268555e+01
   2.0140200e+06   2.4841309e+01
   2.0539710e+06   2.4230957e+01
   2.0540330e+06   2.5939941e+01
   2.0797760e+06   2.2705078e+01
   2.0799420e+06   2.4169922e+01
   2.1077420e+06   2.8259277e+01
   2.1730610e+06   2.9418945e+01
   2.1734430e+06   2.8686523e+01
   2.1735460e+06   2.2888184e+01
   2.2152070e+06   2.2644043e+01
   2.2154030e+06   2.3681641e+01
   2.2160400e+06   2.2949219e+01
   2.3084020e+06   2.4291992e+01
   2.3595220e+06   2.3925781e+01
   2.4082110e+06   2.3803711e+01
   2.4087560e+06   2.2583008e+01
   3.4615880e+06   2.3864746e+01
   3.5901640e+06   2.2827148e+01
   3.8414190e+06   2.3071289e+01
   3.8692580e+06   2.4047852e+01
   4.2260050e+06   2.3071289e+01
   4.4158660e+06   2.2888184e+01
   4.6069120e+06   2.3803711e+01
   4.6071760e+06   2.7587891e+01
   4.6074620e+06   3.0944824e+01
   4.6074840e+06   3.0700684e+01
   4.6074980e+06   2.3193359e+01
   4.6075590e+06   2.4719238e+01
   4.6075840e+06   2.4841309e+01
   4.6076750e+06   2.3254395e+01
   4.6077120e+06   2.8625488e+01
   4.6077370e+06   2.3010254e+01
   4.6077550e+06   2.2949219e+01
   4.6078300e+06   2.5756836e+01
   4.6078740e+06   2.3437500e+01
   4.6092640e+06   2.3742676e+01
   4.6092810e+06   2.2705078e+01
   4.6098930e+06   2.7648926e+01
   4.6103210e+06   2.2521973e+01
   4.6106970e+06   2.3498535e+01
   4.6132200e+06   2.2766113e+01
   4.6249570e+06   2.3315430e+01
   4.7138040e+06   2.4658203e+01
   4.7139340e+06   2.6977539e+01
   4.7139440e+06   2.8625488e+01
   4.7139890e+06   2.5085449e+01
   4.7140210e+06   4.4799805e+01
   4.7140490e+06   2.2888184e+01
   4.7140860e+06   3.1372070e+01
   4.7141000e+06   3.9184570e+01
   4.7141430e+06   2.8930664e+01
   4.7141990e+06   2.3742676e+01
   4.7142870e+06   2.3986816e+01
   4.7143820e+06   2.4597168e+01
   4.7148610e+06   2.7038574e+01
   4.7155110e+06   2.3864746e+01
   4.7160650e+06   2.7587891e+01
   4.7162140e+06   2.6977539e+01
   4.7162960e+06   2.2583008e+01
   4.7164400e+06   2.3071289e+01
   4.7164840e+06   2.4108887e+01
   4.7167010e+06   2.3681641e+01
   4.7169170e+06   2.3620605e+01
   4.7393450e+06   2.8259277e+01
   4.7394340e+06   3.0456543e+01
   4.7395150e+06   2.7160645e+01
   4.7395380e+06   2.7893066e+01
   4.7395920e+06   3.2287598e+01
   4.7396120e+06   2.4780273e+01
   4.7396290e+06   2.8564453e+01
   4.7396570e+06   2.5451660e+01
   4.7396910e+06   2.8320312e+01
   4.7397150e+06   2.8991699e+01
   4.7397260e+06   3.6865234e+01
   4.7397700e+06   2.7038574e+01
   4.7398840e+06   2.3498535e+01
   4.7408140e+06   2.7893066e+01
   4.7409040e+06   2.4353027e+01
   4.7409650e+06   2.2644043e+01
   4.7411520e+06   2.2949219e+01
   4.7420020e+06   2.3010254e+01
   4.7684550e+06   3.2714844e+01
   4.7686490e+06   3.4667969e+01
   4.7687050e+06   2.2521973e+01
   4.7687690e+06   4.6142578e+01
   4.7687800e+06   3.0639648e+01
   4.7688190e+06   2.6733398e+01
   4.7688400e+06   3.0822754e+01
   4.7688650e+06   2.7343750e+01
   4.7688880e+06   2.2827148e+01
   4.7689030e+06   2.9052734e+01
   4.7689560e+06   2.4414063e+01
   4.7689980e+06   2.4047852e+01
   4.7690520e+06   2.2644043e+01
   4.7691000e+06   2.6794434e+01
   4.7691290e+06   2.3742676e+01
   4.7695870e+06   2.4475098e+01
   4.7698080e+06   2.3498535e+01
   4.7700430e+06   2.3376465e+01
   4.7707740e+06   2.5451660e+01
   4.7709270e+06   2.3742676e+01
   4.7928460e+06   3.3874512e+01
   4.7933070e+06   2.7465820e+01
   4.7933680e+06   2.5512695e+01
   4.7933870e+06   2.3681641e+01
   4.7934580e+06   2.6367188e+01
   4.7935210e+06   3.4057617e+01
   4.7935610e+06   3.4362793e+01
   4.7936090e+06   2.7221680e+01
   4.7936880e+06   2.4353027e+01
   4.7937050e+06   2.4841309e+01
   4.7937350e+06   3.3142090e+01
   4.7937560e+06   2.9541016e+01
   4.7939060e+06   2.2827148e+01
   4.7939620e+06   3.1799316e+01
   4.7945930e+06   2.3498535e+01
   4.7950060e+06   2.3010254e+01
   4.7952700e+06   2.4414063e+01
   4.7959670e+06   2.5817871e+01
   4.8234420e+06   2.4108887e+01
   4.8234930e+06   2.6855469e+01
   4.8377950e+06   2.4841309e+01
   4.8378930e+06   2.3010254e+01
   4.8381540e+06   2.6916504e+01
   4.8559760e+06   2.6611328e+01
   4.8563540e+06   2.3986816e+01
   4.8565380e+06   2.3254395e+01
   4.8661610e+06   2.7099609e+01
   4.8828830e+06   2.2705078e+01
   4.8831490e+06   2.3437500e+01
   4.9106560e+06   2.3559570e+01
   4.9199030e+06   2.2583008e+01
   4.9301780e+06   2.7709961e+01
   4.9501960e+06   2.2521973e+01
   4.9595150e+06   2.2644043e+01
   5.0002380e+06   3.7170410e+01
   5.0684790e+06   2.4658203e+01
   5.1183120e+06   2.5512695e+01
   5.1472940e+06   2.6245117e+01
   5.1634630e+06   2.3681641e+01
   5.2114230e+06   2.3315430e+01
   5.2268450e+06   2.2888184e+01
   6.0430810e+06   2.3071289e+01
   6.4543610e+06   2.3254395e+01
   8.2129540e+06   2.5756836e+01
   8.2129650e+06   2.4597168e+01
   8.2129980e+06   3.5888672e+01
   8.2130260e+06   3.5034180e+01
   8.2130490e+06   2.7465820e+01
   8.2130800e+06   3.2226563e+01
   8.2131040e+06   2.6489258e+01
   8.2131310e+06   2.3620605e+01
   8.2131470e+06   2.7526855e+01
   8.2134950e+06   2.3620605e+01
   8.2144090e+06   2.2827148e+01
   8.2150070e+06   2.4047852e+01
   8.2164240e+06   2.4291992e+01
   8.2169620e+06   2.6550293e+01
   8.3012050e+06   3.2592773e+01
   8.3013600e+06   3.0639648e+01
   8.3013960e+06   2.8320313e+01
   8.3014380e+06   2.4230957e+01
   8.3014580e+06   2.3498535e+01
   8.3014820e+06   3.7231445e+01
   8.3015060e+06   3.5522461e+01
   8.3015160e+06   2.6245117e+01
   8.3015690e+06   3.8757324e+01
   8.3015790e+06   2.4841309e+01
   8.3016390e+06   2.3559570e+01
   8.3016780e+06   2.5817871e+01
   8.3017130e+06   2.4536133e+01
   8.3024430e+06   2.4719238e+01
   8.3029620e+06   2.3498535e+01
   8.3033150e+06   2.3315430e+01
   8.3036850e+06   2.3437500e+01
   8.3040690e+06   2.3986816e+01
   8.3047360e+06   2.3620605e+01
   8.3052620e+06   2.6123047e+01
   8.3425550e+06   2.3742676e+01
   8.3431470e+06   3.3081055e+01
   8.3433710e+06   2.3864746e+01
   8.3434360e+06   2.3010254e+01
   8.3434770e+06   2.3803711e+01
   8.3434970e+06   2.6123047e+01
   8.3435160e+06   4.5959473e+01
   8.3435280e+06   2.6000977e+01
   8.3435690e+06   2.9479980e+01
   8.3436040e+06   2.5756836e+01
   8.3436390e+06   2.5634766e+01
   8.3436990e+06   2.3498535e+01
   8.3437540e+06   2.8686523e+01
   8.3438480e+06   2.5695801e+01
   8.3439320e+06   2.4230957e+01
   8.3449730e+06   2.3010254e+01
   8.3457460e+06   2.3193359e+01
   8.3457570e+06   2.4047852e+01
   8.3863310e+06   2.3376465e+01
   8.3864280e+06   2.5756836e+01
   8.3865190e+06   3.3508301e+01
   8.3865620e+06   2.4291992e+01
   8.3865880e+06   3.4484863e+01
   8.3866110e+06   2.9296875e+01
   8.3866240e+06   2.9602051e+01
   8.3866890e+06   3.0029297e+01
   8.3868570e+06   2.3864746e+01
   8.3868850e+06   2.2583008e+01
   8.3869460e+06   2.3132324e+01
   8.3870570e+06   2.3864746e+01
   8.3871950e+06   2.8015137e+01
   8.3878290e+06   2.6672363e+01
   8.3882990e+06   2.3803711e+01
   8.3883310e+06   2.7465820e+01
   8.3888520e+06   2.3681641e+01
   8.3892130e+06   2.5146484e+01
   8.3902960e+06   2.2949219e+01
   8.4254100e+06   2.2644043e+01
   8.4766290e+06   2.4475098e+01
   8.5065850e+06   2.3986816e+01
   8.5491890e+06   2.3742676e+01
   8.5755870e+06   2.4963379e+01
   8.5942580e+06   2.4108887e+01
   8.5945860e+06   2.3437500e+01
   8.6337360e+06   2.2766113e+01
   9.5712330e+06   2.3010254e+01
   9.7209110e+06   3.2470703e+01
   1.0313682e+07   2.3742676e+01
   1.0844505e+07   2.6428223e+01
   1.1018854e+07   2.3071289e+01
   1.1197142e+07   2.3193359e+01
   1.1375782e+07   2.8625488e+01
   1.1539786e+07   2.2766113e+01
   1.1870839e+07   2.9541016e+01
