   1.1999000e+07   0.0000000e+00
   3.7378000e+04   2.3925781e+01
   1.9284900e+05   2.4780273e+01
   2.2992200e+05   2.4780273e+01
   3.1139200e+05   2.4108887e+01
   3.8179600e+05   2.5085449e+01
   3.9833100e+05   2.4902344e+01
   5.2705600e+05   2.8198242e+01
   6.3410900e+05   2.5146484e+01
   6.3428600e+05   2.4902344e+01
   8.3779800e+05   2.4658203e+01
   1.3381390e+06   2.4475098e+01
   1.5861320e+06   2.7099609e+01
   1.5861520e+06   2.6489258e+01
   1.5861870e+06   2.9235840e+01
   1.5862320e+06   3.0578613e+01
   1.5862600e+06   2.7770996e+01
   1.5863380e+06   2.7099609e+01
   1.6502950e+06   2.4108887e+01
   1.6503120e+06   3.3752441e+01
   1.6503790e+06   2.4536133e+01
   1.6504530e+06   4.3945313e+01
   1.6521660e+06   2.6123047e+01
   1.6733820e+06   2.9357910e+01
   1.6734330e+06   2.7038574e+01
   1.6734560e+06   2.8625488e+01
   1.6735090e+06   2.5024414e+01
   1.6893490e+06   2.4230957e+01
   1.6893810e+06   2.5512695e+01
   1.6894670e+06   2.5695801e+01
   1.6895220e+06   2.5024414e+01
   1.6897090e+06   2.4780273e+01
   1.7131850e+06   2.8259277e+01
   1.7232370e+06   2.4414063e+01
   1.7416250e+06   2.7587891e+01
   1.7417700e+06   3.0151367e+01
   1.7417900e+06   2.5329590e+01
   1.7874240e+06   2.5024414e+01
   1.8205280e+06   2.4902344e+01
   1.8279550e+06   2.4353027e+01
   1.8364920e+06   2.4230957e+01
   1.8366620e+06   2.4902344e+01
   1.9176390e+06   2.3925781e+01
   1.9583810e+06   2.9479980e+01
   2.6982530e+06   2.4841309e+01
   2.8317780e+06   2.4047852e+01
   3.7230340e+06   2.5024414e+01
   4.6074830e+06   2.7160645e+01
   4.6075270e+06   2.9052734e+01
   4.6075620e+06   2.7770996e+01
   4.6078490e+06   2.8015137e+01
   4.7139790e+06   2.8015137e+01
   4.7140020e+06   3.3874512e+01
   4.7140200e+06   3.4301758e+01
   4.7157690e+06   2.5024414e+01
   4.7392260e+06   2.6672363e+01
   4.7393790e+06   2.6794434e+01
   4.7396040e+06   2.7648926e+01
   4.7397130e+06   2.6123047e+01
   4.7397600e+06   2.8930664e+01
   4.7686840e+06   3.0944824e+01
   4.7687390e+06   2.6062012e+01
   4.7690590e+06   2.9357910e+01
   4.7933420e+06   2.6550293e+01
   4.7935200e+06   2.8808594e+01
   4.7939740e+06   2.6000977e+01
   4.9108300e+06   2.4719238e+01
   4.9304030e+06   2.4169922e+01
   8.2124690e+06   2.5024414e+01
   8.2127430e+06   2.7709961e+01
   8.3013100e+06   2.7038574e+01
   8.3013610e+06   2.5024414e+01
   8.3013970e+06   4.1137695e+01
   8.3014110e+06   2.6977539e+01
   8.3014450e+06   3.3691406e+01
   8.3038970e+06   2.6489258e+01
   8.3430820e+06   2.5146484e+01
   8.3433330e+06   2.6428223e+01
   8.3434660e+06   2.5085449e+01
   8.3434950e+06   2.5695801e+01
   8.3437630e+06   2.5451660e+01
   8.3863480e+06   2.4475098e+01
   8.3865150e+06   2.6489258e+01
   8.3866280e+06   2.6062012e+01
   8.4452490e+06   2.4169922e+01
   1.1547167e+07   2.4291992e+01
   1.1550842e+07   2.5146484e+01
