   1.1999000e+07   0.0000000e+00
   2.1424600e+05   2.6489258e+01
   4.3303600e+05   2.6977539e+01
   1.5864460e+06   4.6936035e+01
   1.5865310e+06   3.0395508e+01
   1.6505630e+06   2.9296875e+01
   1.6506590e+06   3.1311035e+01
   1.6738140e+06   2.7770996e+01
   1.6738500e+06   3.1555176e+01
   1.6739410e+06   2.6672363e+01
   1.6739580e+06   3.1127930e+01
   1.6740790e+06   2.7832031e+01
   1.6753440e+06   2.7770996e+01
   1.6898530e+06   4.1687012e+01
   1.6900220e+06   2.8503418e+01
   1.6901370e+06   2.8320313e+01
   1.7133940e+06   3.8757324e+01
   1.7135150e+06   2.6672363e+01
   1.7136910e+06   2.8198242e+01
   1.7140750e+06   3.5034180e+01
   1.7141130e+06   2.7099609e+01
   1.7144700e+06   3.3081055e+01
   1.7419710e+06   3.9428711e+01
   1.7421310e+06   3.8391113e+01
   1.7422980e+06   2.7526855e+01
   1.7425600e+06   2.7587891e+01
   1.7434460e+06   2.9724121e+01
   2.3232400e+06   2.6367188e+01
   3.1902790e+06   2.6245117e+01
   3.7507100e+06   2.7343750e+01
   4.0959240e+06   2.6367188e+01
   4.6077630e+06   4.7424316e+01
   4.6078510e+06   2.7954102e+01
   4.7142290e+06   4.6081543e+01
   4.7143150e+06   2.6672363e+01
   4.7398040e+06   3.3935547e+01
   4.7398700e+06   3.1982422e+01
   4.7399420e+06   3.5583496e+01
   4.7691050e+06   3.9367676e+01
   4.7691680e+06   3.1250000e+01
   4.7692250e+06   3.0761719e+01
   4.7707720e+06   2.7343750e+01
   4.7938330e+06   3.6132813e+01
   4.7939840e+06   2.9785156e+01
   8.2131280e+06   3.5156250e+01
   8.3016800e+06   4.3029785e+01
   8.3017730e+06   3.6987305e+01
   8.3025050e+06   2.6855469e+01
   8.3034170e+06   2.7709961e+01
   8.3437980e+06   5.2551270e+01
   8.3438110e+06   2.9418945e+01
   8.3439350e+06   3.1433105e+01
   8.3452860e+06   2.8259277e+01
   8.3457640e+06   2.8930664e+01
   8.3868530e+06   3.3752441e+01
   8.5711200e+06   2.7587891e+01
   9.3513770e+06   3.4729004e+01
   9.4475770e+06   2.7282715e+01
