   1.1999000e+07   0.0000000e+00
   3.6445500e+05   2.6428223e+01
   1.5862670e+06   3.3264160e+01
   1.5862910e+06   2.8808594e+01
   1.5863260e+06   3.9611816e+01
   1.5863550e+06   3.1799316e+01
   1.5863820e+06   3.7475586e+01
   1.5864880e+06   3.8330078e+01
   1.5865410e+06   3.3630371e+01
   1.5866280e+06   2.6733398e+01
   1.5867800e+06   2.7465820e+01
   1.6502900e+06   3.0212402e+01
   1.6503150e+06   3.3020020e+01
   1.6503280e+06   2.8625488e+01
   1.6503850e+06   4.0161133e+01
   1.6504040e+06   3.1127930e+01
   1.6504450e+06   3.7414551e+01
   1.6504620e+06   4.3945313e+01
   1.6504900e+06   2.6733398e+01
   1.6505100e+06   3.2714844e+01
   1.6505460e+06   3.4423828e+01
   1.6505770e+06   2.7832031e+01
   1.6506520e+06   2.8686523e+01
   1.6506870e+06   2.8381348e+01
   1.6524000e+06   2.8259277e+01
   1.6525380e+06   2.8564453e+01
   1.6733990e+06   2.9174805e+01
   1.6734940e+06   2.9907227e+01
   1.6735580e+06   2.9846191e+01
   1.6735960e+06   3.2104492e+01
   1.6736210e+06   3.0090332e+01
   1.6736740e+06   4.4677734e+01
   1.6736870e+06   3.0517578e+01
   1.6737140e+06   2.7709961e+01
   1.6738320e+06   2.8930664e+01
   1.6895100e+06   2.8076172e+01
   1.6895750e+06   2.8503418e+01
   1.6896260e+06   3.3691406e+01
   1.6896650e+06   2.7343750e+01
   1.6897440e+06   3.1860352e+01
   1.6898410e+06   2.7038574e+01
   1.6898730e+06   2.9235840e+01
   1.6898890e+06   2.6855469e+01
   1.6900630e+06   2.9541016e+01
   1.7129480e+06   2.6855469e+01
   1.7134450e+06   3.0212402e+01
   1.7134930e+06   2.6489258e+01
   1.7136100e+06   2.8137207e+01
   1.7416010e+06   3.2226563e+01
   1.7416800e+06   2.8259277e+01
   1.7417600e+06   3.6743164e+01
   1.7417960e+06   3.2043457e+01
   1.7418100e+06   3.6376953e+01
   1.7419450e+06   3.0273438e+01
   1.7419630e+06   3.0212402e+01
   1.7422970e+06   3.1066895e+01
   1.8371560e+06   2.6855469e+01
   2.6157830e+06   2.6855469e+01
   2.6929890e+06   2.6733398e+01
   3.5549190e+06   2.8137207e+01
   4.3464580e+06   2.6489258e+01
   4.6074350e+06   2.7038574e+01
   4.6076090e+06   3.4912109e+01
   4.6076310e+06   3.7231445e+01
   4.6076560e+06   3.3264160e+01
   4.6077020e+06   3.3569336e+01
   4.6077170e+06   3.6071777e+01
   4.6077320e+06   2.6489258e+01
   4.6077660e+06   3.4423828e+01
   4.6078480e+06   2.9602051e+01
   4.6099220e+06   2.9052734e+01
   4.7140380e+06   3.7475586e+01
   4.7141250e+06   3.5156250e+01
   4.7141510e+06   3.4545898e+01
   4.7141730e+06   2.6428223e+01
   4.7142000e+06   2.8259277e+01
   4.7142730e+06   2.9296875e+01
   4.7144740e+06   2.6367188e+01
   4.7155690e+06   2.8442383e+01
   4.7168310e+06   2.8503418e+01
   4.7395940e+06   2.8259277e+01
   4.7396430e+06   3.8452148e+01
   4.7396930e+06   2.8625488e+01
   4.7397170e+06   3.7719727e+01
   4.7397280e+06   2.9357910e+01
   4.7397710e+06   2.7099609e+01
   4.7399830e+06   2.6916504e+01
   4.7688630e+06   3.2226563e+01
   4.7689140e+06   3.2043457e+01
   4.7690670e+06   2.7160645e+01
   4.7691030e+06   3.3447266e+01
   4.7691950e+06   2.8808594e+01
   4.7692440e+06   2.7404785e+01
   4.7694000e+06   2.7282715e+01
   4.7695180e+06   2.9235840e+01
   4.7935840e+06   2.8198242e+01
   4.7936660e+06   3.2226563e+01
   4.7937060e+06   2.9235840e+01
   4.7939460e+06   3.2592773e+01
   4.7939620e+06   2.7282715e+01
   4.7940160e+06   2.6916504e+01
   5.0085050e+06   2.7832031e+01
   8.2129860e+06   3.1494141e+01
   8.2130930e+06   4.2419434e+01
   8.2132260e+06   2.6000977e+01
   8.2133740e+06   2.7404785e+01
   8.3015090e+06   3.6315918e+01
   8.3015650e+06   2.6367188e+01
   8.3026730e+06   2.9785156e+01
   8.3040870e+06   2.6428223e+01
   8.3435240e+06   2.6000977e+01
   8.3435880e+06   3.3569336e+01
   8.3436070e+06   3.3020020e+01
   8.3436650e+06   3.0334473e+01
   8.3436900e+06   2.7404785e+01
   8.3437320e+06   2.6550293e+01
   8.3437870e+06   2.7343750e+01
   8.3438540e+06   2.9174805e+01
   8.3440330e+06   2.6062012e+01
   8.3455810e+06   2.6123047e+01
   8.3865300e+06   3.5583496e+01
   8.3866360e+06   2.8625488e+01
   8.3866650e+06   3.5888672e+01
   8.3866780e+06   2.7770996e+01
   8.3867160e+06   2.7343750e+01
   8.3869160e+06   2.6000977e+01
   8.3869800e+06   2.8198242e+01
   8.3876990e+06   2.6184082e+01
   9.7106020e+06   2.6245117e+01
   1.0842049e+07   2.6245117e+01
   1.1306150e+07   2.6428223e+01
