   1.1999000e+07   0.0000000e+00
   1.2980700e+05   3.8085938e+01
   2.3696200e+05   3.8085938e+01
   3.2750900e+05   3.8146973e+01
   8.0348200e+05   3.9428711e+01
   8.0352800e+05   4.7912598e+01
   8.0359100e+05   4.2480469e+01
   8.2330700e+05   4.2480469e+01
   8.2333300e+05   3.7475586e+01
   8.2340600e+05   3.8940430e+01
   8.2350200e+05   3.9123535e+01
   8.9217600e+05   4.3640137e+01
   8.9220300e+05   4.8278809e+01
   8.9224000e+05   3.9672852e+01
   8.9228300e+05   3.9855957e+01
   9.0369300e+05   3.7719727e+01
   9.0373200e+05   4.1137695e+01
   9.0379200e+05   4.0283203e+01
   9.0385200e+05   3.8635254e+01
   9.0392400e+05   4.7058105e+01
   9.8765600e+05   3.7292480e+01
   2.1080760e+06   3.8330078e+01
   2.1080950e+06   4.0344238e+01
   2.1081230e+06   4.0954590e+01
   2.1219770e+06   3.7841797e+01
   2.1220200e+06   3.7658691e+01
   2.2684220e+06   3.9306641e+01
   2.2684750e+06   3.9611816e+01
   2.2684990e+06   4.2785645e+01
   2.2685310e+06   4.4982910e+01
   2.2889320e+06   3.7170410e+01
   2.2892530e+06   3.9245605e+01
   2.2892770e+06   3.8940430e+01
   2.2893270e+06   3.8513184e+01
   2.2893490e+06   3.8024902e+01
   2.3542970e+06   4.4006348e+01
   2.3794360e+06   4.4311523e+01
   2.3794920e+06   3.7048340e+01
   2.4179050e+06   4.0405273e+01
   2.4180110e+06   4.7424316e+01
   2.4889710e+06   4.1687012e+01
   2.4889930e+06   4.6447754e+01
   2.4890170e+06   3.7597656e+01
   2.5405250e+06   4.3701172e+01
   3.5875760e+06   5.1696777e+01
   3.5876860e+06   4.1076660e+01
   3.6041070e+06   4.3090820e+01
   3.6042200e+06   3.9611816e+01
   3.6042540e+06   4.2602539e+01
   3.6043340e+06   3.9855957e+01
   3.6201280e+06   3.9123535e+01
   3.6523840e+06   4.1748047e+01
   3.6908340e+06   3.7353516e+01
   3.7250290e+06   3.8818359e+01
   3.7668640e+06   3.8635254e+01
   3.7669430e+06   3.8269043e+01
   3.7670850e+06   4.1870117e+01
   3.8356150e+06   4.5043945e+01
   5.6240600e+06   4.2480469e+01
   5.6417660e+06   4.0405273e+01
   5.6866520e+06   4.1931152e+01
   5.7025740e+06   3.9306641e+01
   5.7026800e+06   3.7475586e+01
   5.7027390e+06   3.9062500e+01
   5.7535180e+06   4.4799805e+01
   5.7535570e+06   3.9916992e+01
   5.7853150e+06   4.6142578e+01
   5.8849010e+06   3.6987305e+01
   5.8849580e+06   4.2053223e+01
   5.8850070e+06   3.8818359e+01
   5.8850300e+06   4.2846680e+01
   5.9739110e+06   4.0771484e+01
   5.9740960e+06   3.9489746e+01
   6.0099570e+06   4.0649414e+01
   6.0100310e+06   4.1076660e+01
   6.0101230e+06   3.7048340e+01
   6.0595760e+06   3.8391113e+01
   6.0596470e+06   4.9011230e+01
   6.0597730e+06   3.7902832e+01
   6.0919770e+06   3.7109375e+01
   6.0921010e+06   3.8024902e+01
   6.0924600e+06   3.9611816e+01
   6.1274670e+06   4.0405273e+01
   6.1771340e+06   4.2236328e+01
   6.1772150e+06   3.8879395e+01
   6.1773290e+06   3.8208008e+01
   8.4193320e+06   3.7353516e+01
   8.4194370e+06   4.0222168e+01
   8.4350540e+06   3.7048340e+01
   8.4352360e+06   3.9001465e+01
   8.4525090e+06   4.2114258e+01
   8.4682660e+06   4.6936035e+01
   8.4683460e+06   3.7597656e+01
   8.4684150e+06   4.8645020e+01
   8.4862840e+06   3.9855957e+01
   8.4863380e+06   4.5410156e+01
   8.4863810e+06   3.7475586e+01
   8.5379910e+06   3.9306641e+01
   8.5380690e+06   3.6987305e+01
   8.5982320e+06   4.7485352e+01
   8.5982830e+06   3.9184570e+01
   8.6491040e+06   4.1442871e+01
   8.6491310e+06   4.0161133e+01
   8.6492080e+06   3.9367676e+01
   8.6880680e+06   4.2358398e+01
   8.7230290e+06   5.0842285e+01
   8.7231050e+06   3.7963867e+01
   8.7231390e+06   3.7414551e+01
   8.7757710e+06   4.0832520e+01
   8.7758140e+06   3.8330078e+01
   8.7987730e+06   3.7597656e+01
   8.7988180e+06   4.2724609e+01
   8.7991550e+06   3.8635254e+01
   8.8377340e+06   3.7170410e+01
   8.8829130e+06   3.7353516e+01
   8.9750310e+06   3.8940430e+01
   9.0143220e+06   4.1076660e+01
   9.0771400e+06   3.9428711e+01
   9.0998090e+06   3.7170410e+01
   1.0789941e+07   4.2541504e+01
   1.0814871e+07   4.1015625e+01
   1.0912275e+07   3.8818359e+01
   1.0976845e+07   3.6987305e+01
   1.0976892e+07   3.9367676e+01
   1.0977033e+07   4.6691895e+01
   1.1039173e+07   4.0405273e+01
   1.1102786e+07   4.1442871e+01
   1.1161254e+07   3.8146973e+01
   1.1161326e+07   3.7109375e+01
   1.1224731e+07   3.9489746e+01
   1.1285722e+07   3.7841797e+01
   1.1320304e+07   3.9306641e+01
   1.1320431e+07   3.9245605e+01
   1.1320514e+07   4.2846680e+01
   1.1435808e+07   4.5166016e+01
