   1.1999000e+07   0.0000000e+00
   4.0743200e+05   3.9672852e+01
   4.0759300e+05   4.0527344e+01
   5.2559700e+05   5.2734375e+01
   8.0348600e+05   4.0039063e+01
   8.0350500e+05   3.5461426e+01
   8.0351900e+05   3.6926270e+01
   8.0355400e+05   3.5888672e+01
   8.0360700e+05   4.2846680e+01
   8.0363900e+05   4.1870117e+01
   8.2315300e+05   4.2480469e+01
   8.2319600e+05   4.0771484e+01
   8.2323000e+05   3.6254883e+01
   8.2328600e+05   4.4128418e+01
   8.2350800e+05   3.6071777e+01
   8.2357000e+05   3.5644531e+01
   8.9217900e+05   5.1635742e+01
   8.9222200e+05   4.3945313e+01
   8.9225400e+05   3.6437988e+01
   8.9227900e+05   5.0964355e+01
   8.9230600e+05   3.5278320e+01
   8.9232700e+05   4.4128418e+01
   9.0368000e+05   3.9855957e+01
   9.0371700e+05   5.1574707e+01
   9.0383900e+05   3.9062500e+01
   9.0386200e+05   4.2968750e+01
   9.0441700e+05   4.1076660e+01
   9.8762700e+05   3.7475586e+01
   9.8770700e+05   4.5837402e+01
   9.8772900e+05   4.1076660e+01
   1.1020390e+06   3.7048340e+01
   1.1918530e+06   3.7231445e+01
   1.2481870e+06   3.8208008e+01
   1.3375400e+06   3.6560059e+01
   1.4074340e+06   3.8757324e+01
   1.4076440e+06   3.6254883e+01
   1.4184200e+06   3.6987305e+01
   1.4918050e+06   4.1992188e+01
   1.5569480e+06   3.8452148e+01
   1.5603500e+06   3.6010742e+01
   1.5605070e+06   3.7353516e+01
   1.6160540e+06   3.7597656e+01
   1.6307900e+06   3.5522461e+01
   1.6590220e+06   3.8208008e+01
   1.6916820e+06   3.5156250e+01
   1.7416350e+06   3.9428711e+01
   1.8844190e+06   3.8696289e+01
   1.9328960e+06   3.9733887e+01
   1.9330800e+06   3.7475586e+01
   2.0317860e+06   4.0161133e+01
   2.0529500e+06   3.8085938e+01
   2.1080790e+06   4.0344238e+01
   2.1081110e+06   4.3395996e+01
   2.1081620e+06   3.8391113e+01
   2.1081880e+06   3.8635254e+01
   2.1218440e+06   4.6691895e+01
   2.1218990e+06   3.5278320e+01
   2.1219200e+06   4.4738770e+01
   2.1219660e+06   3.8085938e+01
   2.1221010e+06   3.6010742e+01
   2.1222860e+06   4.0466309e+01
   2.1947780e+06   3.8696289e+01
   2.2684840e+06   4.8278809e+01
   2.2685130e+06   3.6987305e+01
   2.2685640e+06   3.6865234e+01
   2.2685840e+06   3.5156250e+01
   2.2891460e+06   3.7780762e+01
   2.2892280e+06   4.0588379e+01
   2.2892740e+06   3.7902832e+01
   2.2893020e+06   3.5278320e+01
   2.3542650e+06   3.5705566e+01
   2.3543010e+06   3.7597656e+01
   2.3543750e+06   4.6691895e+01
   2.3544030e+06   4.0832520e+01
   2.3544510e+06   4.5715332e+01
   2.3793450e+06   4.7302246e+01
   2.3793770e+06   4.7058105e+01
   2.3793870e+06   5.1879883e+01
   2.3794520e+06   4.5227051e+01
   2.3795010e+06   3.5949707e+01
   2.3795270e+06   3.7109375e+01
   2.4179320e+06   3.5705566e+01
   2.4179450e+06   3.9184570e+01
   2.4179900e+06   3.7658691e+01
   2.4180230e+06   4.6142578e+01
   2.4180720e+06   3.7353516e+01
   2.4181080e+06   3.7902832e+01
   2.4729620e+06   4.0100098e+01
   2.4729790e+06   3.8330078e+01
   2.4889060e+06   4.4616699e+01
   2.4889420e+06   3.8696289e+01
   2.4889720e+06   4.8278809e+01
   2.4891740e+06   3.5339355e+01
   2.7580480e+06   3.9794922e+01
   2.8710000e+06   3.7719727e+01
   2.9577680e+06   4.1015625e+01
   3.0522840e+06   3.6254883e+01
   3.0856600e+06   4.2968750e+01
   3.1464960e+06   3.5827637e+01
   3.1661510e+06   3.9916992e+01
   3.2637470e+06   4.1076660e+01
   3.2805790e+06   3.9245605e+01
   3.3021530e+06   3.5583496e+01
   3.4839670e+06   4.0710449e+01
   3.5432560e+06   4.1564941e+01
   3.5743770e+06   3.9733887e+01
   3.5875280e+06   4.2114258e+01
   3.5875400e+06   3.7597656e+01
   3.5875890e+06   4.2297363e+01
   3.5876740e+06   4.2053223e+01
   3.5876860e+06   3.8146973e+01
   3.5877200e+06   3.5156250e+01
   3.5877750e+06   4.1015625e+01
   3.5878040e+06   3.5705566e+01
   3.6041810e+06   4.0222168e+01
   3.6042510e+06   3.8208008e+01
   3.6043710e+06   3.9916992e+01
   3.6044110e+06   4.4250488e+01
   3.6045740e+06   3.5766602e+01
   3.6200060e+06   3.6132813e+01
   3.6201340e+06   4.6447754e+01
   3.6201590e+06   3.6560059e+01
   3.6201870e+06   4.0588379e+01
   3.6202680e+06   3.5766602e+01
   3.6203100e+06   3.9245605e+01
   3.6204770e+06   3.5339355e+01
   3.6361180e+06   3.7658691e+01
   3.6361560e+06   3.7475586e+01
   3.6361860e+06   3.9978027e+01
   3.6362510e+06   3.6804199e+01
   3.6362870e+06   3.6254883e+01
   3.6363720e+06   3.6376953e+01
   3.6364420e+06   4.7851563e+01
   3.6524730e+06   3.6437988e+01
   3.6525560e+06   3.8940430e+01
   3.6525950e+06   3.5644531e+01
   3.6527140e+06   3.5156250e+01
   3.6528790e+06   3.6071777e+01
   3.6906320e+06   3.8696289e+01
   3.6906890e+06   4.3640137e+01
   3.6907360e+06   3.6743164e+01
   3.6907800e+06   3.9978027e+01
   3.6908600e+06   3.5461426e+01
   3.7248640e+06   4.3029785e+01
   3.7248790e+06   4.2663574e+01
   3.7249580e+06   4.2480469e+01
   3.7251430e+06   3.9489746e+01
   3.7668870e+06   3.7048340e+01
   3.7669020e+06   3.5766602e+01
   3.7669530e+06   3.6437988e+01
   3.7670010e+06   3.7475586e+01
   3.7670250e+06   4.1015625e+01
   3.7670650e+06   4.3579102e+01
   3.7670940e+06   4.5532227e+01
   3.7671690e+06   4.0527344e+01
   3.8012960e+06   3.8574219e+01
   3.8013320e+06   3.7597656e+01
   3.8013810e+06   3.8330078e+01
   3.8014170e+06   4.4433594e+01
   3.8014670e+06   3.6499023e+01
   3.8015340e+06   4.4250488e+01
   3.8354930e+06   3.7048340e+01
   3.8355430e+06   3.9123535e+01
   3.8356190e+06   4.0283203e+01
   3.8356540e+06   4.0100098e+01
   3.8356810e+06   4.4250488e+01
   3.9460910e+06   3.5522461e+01
   4.0244020e+06   3.5827637e+01
   4.0650010e+06   3.7780762e+01
   4.3225630e+06   3.5949707e+01
   4.5354720e+06   3.5705566e+01
   4.5959190e+06   3.5522461e+01
   4.6958380e+06   3.5705566e+01
   4.7418750e+06   3.5766602e+01
   4.7624190e+06   3.7414551e+01
   4.7788960e+06   3.9245605e+01
   4.9838270e+06   4.0588379e+01
   5.0161870e+06   3.5217285e+01
   5.0352230e+06   3.7048340e+01
   5.1100010e+06   4.5166016e+01
   5.1483960e+06   3.8452148e+01
   5.1653080e+06   3.7048340e+01
   5.1653910e+06   3.5888672e+01
   5.2186670e+06   3.7963867e+01
   5.6239230e+06   4.2846680e+01
   5.6239590e+06   3.8879395e+01
   5.6240110e+06   5.0476074e+01
   5.6240620e+06   3.5217285e+01
   5.6240890e+06   3.9123535e+01
   5.6241010e+06   3.5278320e+01
   5.6242730e+06   3.5217285e+01
   5.6416240e+06   4.6081543e+01
   5.6416790e+06   4.1564941e+01
   5.6417240e+06   3.5400391e+01
   5.6417390e+06   4.0222168e+01
   5.6417930e+06   3.9855957e+01
   5.6551180e+06   3.6621094e+01
   5.6551840e+06   4.2480469e+01
   5.6552570e+06   4.6508789e+01
   5.6553080e+06   4.2724609e+01
   5.6553270e+06   5.3283691e+01
   5.6554640e+06   4.2053223e+01
   5.6555210e+06   3.7353516e+01
   5.6706100e+06   4.0405273e+01
   5.6706480e+06   6.0546875e+01
   5.6706870e+06   3.6010742e+01
   5.6708110e+06   3.8757324e+01
   5.6862730e+06   4.1137695e+01
   5.6868370e+06   4.2846680e+01
   5.6870770e+06   3.7475586e+01
   5.7026350e+06   4.0466309e+01
   5.7026730e+06   3.8940430e+01
   5.7027650e+06   3.5949707e+01
   5.7028760e+06   4.2419434e+01
   5.7535570e+06   3.7902832e+01
   5.7535900e+06   6.8054199e+01
   5.7536440e+06   3.7719727e+01
   5.7536700e+06   4.0832520e+01
   5.7537370e+06   3.7048340e+01
   5.7853320e+06   3.6743164e+01
   5.7854130e+06   4.0649414e+01
   5.7855080e+06   4.1809082e+01
   5.7856680e+06   3.7902832e+01
   5.8345800e+06   3.8574219e+01
   5.8345980e+06   4.0649414e+01
   5.8346240e+06   3.6865234e+01
   5.8347240e+06   3.7048340e+01
   5.8347500e+06   4.0710449e+01
   5.8849790e+06   3.6926270e+01
   5.8850190e+06   3.8452148e+01
   5.8850460e+06   3.7231445e+01
   5.8850830e+06   3.6193848e+01
   5.8851760e+06   4.3151855e+01
   5.9254290e+06   3.5400391e+01
   5.9254580e+06   3.5949707e+01
   5.9255110e+06   3.9611816e+01
   5.9255740e+06   3.8208008e+01
   5.9256450e+06   3.7597656e+01
   5.9738580e+06   3.6865234e+01
   5.9738920e+06   5.3100586e+01
   5.9739940e+06   4.3029785e+01
   5.9740310e+06   3.9245605e+01
   6.0099190e+06   3.5522461e+01
   6.0099690e+06   4.1198730e+01
   6.0100150e+06   6.1340332e+01
   6.0100490e+06   3.9123535e+01
   6.0100790e+06   4.1748047e+01
   6.0101060e+06   4.3212891e+01
   6.0101190e+06   4.1076660e+01
   6.0101410e+06   3.6682129e+01
   6.0595940e+06   3.7353516e+01
   6.0596280e+06   4.7912598e+01
   6.0596470e+06   4.1687012e+01
   6.0597510e+06   3.7841797e+01
   6.0920500e+06   3.5278320e+01
   6.0922080e+06   3.7170410e+01
   6.0922550e+06   4.2236328e+01
   6.0923170e+06   3.6010742e+01
   6.0923310e+06   3.5400391e+01
   6.0923700e+06   4.0100098e+01
   6.0924350e+06   3.7719727e+01
   6.1273050e+06   3.5827637e+01
   6.1273350e+06   3.6132813e+01
   6.1274100e+06   5.3894043e+01
   6.1274420e+06   3.7597656e+01
   6.1275250e+06   3.9428711e+01
   6.1276200e+06   3.9245605e+01
   6.1771630e+06   3.5888672e+01
   6.1774210e+06   3.9611816e+01
   6.4435090e+06   3.8696289e+01
   6.7525500e+06   3.5217285e+01
   6.8218380e+06   3.6621094e+01
   7.0664030e+06   4.6142578e+01
   7.1760770e+06   3.6804199e+01
   7.2674380e+06   3.6010742e+01
   7.2988910e+06   3.5766602e+01
   7.5505160e+06   3.6254883e+01
   7.5933790e+06   3.5217285e+01
   7.6767140e+06   3.9245605e+01
   7.7805090e+06   3.5217285e+01
   8.4193050e+06   4.6386719e+01
   8.4193540e+06   4.1320801e+01
   8.4193640e+06   3.7048340e+01
   8.4193990e+06   3.7658691e+01
   8.4194290e+06   4.2480469e+01
   8.4195240e+06   3.6254883e+01
   8.4350640e+06   3.5583496e+01
   8.4351300e+06   4.2175293e+01
   8.4351800e+06   5.2490234e+01
   8.4353350e+06   3.6682129e+01
   8.4524480e+06   3.5705566e+01
   8.4525060e+06   4.2663574e+01
   8.4525240e+06   3.5583496e+01
   8.4525500e+06   3.7170410e+01
   8.4526770e+06   3.8513184e+01
   8.4682700e+06   3.6132812e+01
   8.4682910e+06   3.5461426e+01
   8.4683190e+06   4.1015625e+01
   8.4683370e+06   3.5705566e+01
   8.4683690e+06   3.7658691e+01
   8.4684160e+06   3.5888672e+01
   8.4685270e+06   3.7292480e+01
   8.4862500e+06   3.8085938e+01
   8.4862860e+06   3.5461426e+01
   8.4863440e+06   4.8645020e+01
   8.4863660e+06   3.5156250e+01
   8.4863970e+06   3.6560059e+01
   8.4864430e+06   3.6010742e+01
   8.4865050e+06   3.9489746e+01
   8.4865170e+06   3.5766602e+01
   8.5379070e+06   3.7170410e+01
   8.5379280e+06   3.5217285e+01
   8.5379620e+06   4.9133301e+01
   8.5381350e+06   3.9123535e+01
   8.5982520e+06   5.2795410e+01
   8.5983030e+06   3.6926270e+01
   8.5983650e+06   3.5949707e+01
   8.6489580e+06   3.6621094e+01
   8.6489870e+06   3.6193848e+01
   8.6490150e+06   4.1564941e+01
   8.6490340e+06   6.5551758e+01
   8.6490590e+06   4.3334961e+01
   8.6490840e+06   3.8940430e+01
   8.6491030e+06   4.1870117e+01
   8.6491270e+06   4.9804688e+01
   8.6491830e+06   3.7231445e+01
   8.6493060e+06   3.9550781e+01
   8.6879640e+06   3.6132813e+01
   8.6879830e+06   4.2480469e+01
   8.6880310e+06   4.2358398e+01
   8.6880460e+06   5.9814453e+01
   8.6880930e+06   3.7902832e+01
   8.6881480e+06   4.2846680e+01
   8.6882240e+06   3.7658691e+01
   8.7230010e+06   3.7414551e+01
   8.7230390e+06   3.7475586e+01
   8.7230560e+06   3.7536621e+01
   8.7230940e+06   3.6376953e+01
   8.7231150e+06   4.0527344e+01
   8.7231800e+06   3.8940430e+01
   8.7233600e+06   3.5644531e+01
   8.7756880e+06   4.1198730e+01
   8.7758130e+06   5.3039551e+01
   8.7758590e+06   3.5217285e+01
   8.7759210e+06   3.9978027e+01
   8.7988930e+06   3.6987305e+01
   8.7989720e+06   5.4748535e+01
   8.7990100e+06   4.1809082e+01
   8.7990750e+06   3.6987305e+01
   8.7992230e+06   3.7475586e+01
   8.8377880e+06   3.8024902e+01
   8.8378080e+06   4.2602539e+01
   8.8378610e+06   3.5827637e+01
   8.8378930e+06   3.9794922e+01
   8.8379090e+06   3.8330078e+01
   8.8380090e+06   4.5837402e+01
   8.8829790e+06   3.9794922e+01
   8.8829950e+06   3.5522461e+01
   8.8830620e+06   3.9062500e+01
   8.8830780e+06   4.2785645e+01
   8.8831110e+06   3.7414551e+01
   8.8831920e+06   3.7658691e+01
   8.9287650e+06   3.8208008e+01
   8.9288130e+06   3.9306641e+01
   8.9288630e+06   3.7414551e+01
   8.9288920e+06   4.3945313e+01
   8.9750590e+06   4.0039063e+01
   8.9750830e+06   4.7668457e+01
   8.9751250e+06   3.6865234e+01
   8.9751530e+06   4.3518066e+01
   8.9752140e+06   3.9611816e+01
   9.0142900e+06   3.7414551e+01
   9.0143970e+06   3.7902832e+01
   9.0144240e+06   3.9978027e+01
   9.1875270e+06   3.7719727e+01
   9.9662400e+06   3.5644531e+01
   1.0401646e+07   3.7475586e+01
   1.0789833e+07   4.2419434e+01
   1.0789899e+07   4.0771484e+01
   1.0789932e+07   4.8095703e+01
   1.0789969e+07   4.1809082e+01
   1.0815040e+07   3.8208008e+01
   1.0815063e+07   3.9855957e+01
   1.0912166e+07   4.3884277e+01
   1.0912196e+07   3.5705566e+01
   1.0912241e+07   4.0710449e+01
   1.0912305e+07   3.6193848e+01
   1.0912337e+07   3.7292480e+01
   1.0976936e+07   3.7109375e+01
   1.0976955e+07   3.6132813e+01
   1.0977044e+07   3.9123535e+01
   1.0977068e+07   4.6203613e+01
   1.0977097e+07   4.1564941e+01
   1.0977246e+07   4.1809082e+01
   1.1039303e+07   4.1076660e+01
   1.1039336e+07   4.0527344e+01
   1.1039404e+07   3.8574219e+01
   1.1039511e+07   3.6193848e+01
   1.1039653e+07   3.9611816e+01
   1.1102805e+07   3.9733887e+01
   1.1102882e+07   5.0842285e+01
   1.1102893e+07   3.6987305e+01
   1.1161349e+07   3.7963867e+01
   1.1161587e+07   3.7963867e+01
   1.1161721e+07   3.7353516e+01
   1.1224594e+07   4.3090820e+01
   1.1224605e+07   3.8818359e+01
   1.1224636e+07   3.9367676e+01
   1.1224663e+07   4.6203613e+01
   1.1224684e+07   5.1269531e+01
   1.1224716e+07   4.1015625e+01
   1.1224738e+07   3.8330078e+01
   1.1224759e+07   3.8513184e+01
   1.1285573e+07   4.2114258e+01
   1.1285708e+07   4.2541504e+01
   1.1285798e+07   3.9001465e+01
   1.1320370e+07   3.6010742e+01
   1.1320469e+07   4.7790527e+01
   1.1320553e+07   4.2358398e+01
   1.1320597e+07   3.6315918e+01
   1.1320641e+07   4.0344238e+01
   1.1370223e+07   4.0100098e+01
   1.1370298e+07   3.9306641e+01
   1.1370319e+07   4.3212891e+01
   1.1370329e+07   3.6315918e+01
   1.1370351e+07   4.8278809e+01
   1.1370374e+07   3.9001465e+01
   1.1370430e+07   4.3640137e+01
   1.1436517e+07   4.0039063e+01
