   1.1999000e+07   0.0000000e+00
   5.0373200e+05   3.8574219e+01
   8.0317800e+05   3.4423828e+01
   8.0349300e+05   5.0964355e+01
   8.0357400e+05   3.1433105e+01
   8.0365800e+05   3.1982422e+01
   8.0381500e+05   3.7414551e+01
   8.2344100e+05   3.7658691e+01
   8.2351600e+05   3.0700684e+01
   8.2356400e+05   4.2602539e+01
   8.2367600e+05   3.4667969e+01
   8.2380600e+05   6.8908691e+01
   8.9142400e+05   4.7546387e+01
   8.9195000e+05   3.4973145e+01
   8.9204400e+05   4.0405273e+01
   8.9213300e+05   3.2592773e+01
   9.0355700e+05   4.6569824e+01
   9.0363200e+05   4.3823242e+01
   9.0374200e+05   3.2287598e+01
   9.0385900e+05   3.0944824e+01
   9.8783100e+05   3.6071777e+01
   9.8790000e+05   3.2836914e+01
   9.8791000e+05   4.6569824e+01
   9.8802600e+05   3.1494141e+01
   1.0295360e+06   3.5156250e+01
   1.0295850e+06   3.8696289e+01
   1.0296950e+06   3.1494141e+01
   1.1638750e+06   3.8818359e+01
   1.2080710e+06   4.5837402e+01
   1.2157010e+06   3.7414551e+01
   1.3371930e+06   3.8513184e+01
   1.3752890e+06   4.4555664e+01
   1.3755770e+06   3.8635254e+01
   1.3760820e+06   4.5349121e+01
   1.3864430e+06   3.1616211e+01
   1.4281680e+06   3.1372070e+01
   1.4914840e+06   3.9916992e+01
   1.5598220e+06   4.5837402e+01
   1.5600510e+06   3.9794922e+01
   1.5606460e+06   4.0649414e+01
   1.5609020e+06   3.9611816e+01
   1.5820400e+06   3.8452148e+01
   1.6419990e+06   3.4423828e+01
   1.6621910e+06   5.0720215e+01
   1.6623110e+06   4.6508789e+01
   1.6625210e+06   3.7719727e+01
   1.6950410e+06   5.3466797e+01
   1.6951800e+06   3.9062500e+01
   1.6957740e+06   4.1381836e+01
   1.6960520e+06   3.7109375e+01
   1.6962790e+06   4.2907715e+01
   1.6970250e+06   3.1433105e+01
   1.7201240e+06   3.0883789e+01
   1.7207680e+06   3.9245605e+01
   1.7446260e+06   4.9133301e+01
   1.7448490e+06   4.3212891e+01
   1.7450700e+06   4.0222168e+01
   1.7452250e+06   3.1127930e+01
   1.7454720e+06   3.1799316e+01
   1.7758010e+06   4.0344238e+01
   1.7759530e+06   3.7902832e+01
   1.7760810e+06   3.2165527e+01
   1.7765210e+06   3.3203125e+01
   1.7768830e+06   4.1320801e+01
   1.7771500e+06   4.0222168e+01
   1.8037220e+06   3.4790039e+01
   1.8361670e+06   4.2663574e+01
   1.8363580e+06   4.3884277e+01
   1.8369010e+06   3.7841797e+01
   1.8371760e+06   3.6682129e+01
   1.8374390e+06   3.1311035e+01
   1.8735000e+06   3.4545898e+01
   1.8838800e+06   4.3395996e+01
   1.8841130e+06   3.3142090e+01
   1.8847140e+06   3.9733887e+01
   1.8850230e+06   3.7841797e+01
   1.8854060e+06   3.6437988e+01
   1.8856990e+06   3.0761719e+01
   1.9252020e+06   3.9978027e+01
   1.9320200e+06   5.0415039e+01
   1.9321630e+06   3.9367676e+01
   1.9324510e+06   3.1799316e+01
   1.9330390e+06   3.6987305e+01
   1.9333140e+06   3.8574219e+01
   1.9336240e+06   3.6560059e+01
   1.9339080e+06   3.0700684e+01
   1.9391800e+06   3.2836914e+01
   1.9690520e+06   4.5410156e+01
   1.9691880e+06   4.1381836e+01
   1.9693080e+06   3.3081055e+01
   1.9698410e+06   3.6743164e+01
   1.9701690e+06   3.5827637e+01
   1.9704060e+06   3.5095215e+01
   2.0307450e+06   4.3579102e+01
   2.0308710e+06   3.8330078e+01
   2.0310320e+06   3.1738281e+01
   2.0319700e+06   3.2348633e+01
   2.0323240e+06   3.7963867e+01
   2.0330670e+06   3.0822754e+01
   2.0725720e+06   4.3640137e+01
   2.0729020e+06   4.0344238e+01
   2.0730590e+06   3.3996582e+01
   2.0740000e+06   3.4362793e+01
   2.0747770e+06   3.8635254e+01
   2.1075290e+06   3.2531738e+01
   2.1079220e+06   4.3029785e+01
   2.1080080e+06   3.5461426e+01
   2.1081450e+06   7.0678711e+01
   2.1082730e+06   5.6335449e+01
   2.1220980e+06   3.0639648e+01
   2.1222430e+06   4.8034668e+01
   2.1223420e+06   3.1677246e+01
   2.1224860e+06   7.1044922e+01
   2.1371270e+06   3.5766602e+01
   2.2194680e+06   4.7119141e+01
   2.2197420e+06   3.8330078e+01
   2.2677260e+06   4.2602539e+01
   2.2681930e+06   3.6743164e+01
   2.2683110e+06   3.5644531e+01
   2.2684330e+06   4.0405273e+01
   2.2685420e+06   3.3569336e+01
   2.2871520e+06   3.6865234e+01
   2.2893650e+06   3.3630371e+01
   2.2894290e+06   3.1860352e+01
   2.2894450e+06   3.4423828e+01
   2.2895310e+06   3.6804199e+01
   2.2896940e+06   5.4443359e+01
   2.2898330e+06   5.9082031e+01
   2.3544910e+06   3.2165527e+01
   2.3545370e+06   3.6315918e+01
   2.3546060e+06   4.4616699e+01
   2.3547760e+06   6.1340332e+01
   2.3548950e+06   5.3344727e+01
   2.3784680e+06   3.7536621e+01
   2.3791500e+06   4.6020508e+01
   2.3791660e+06   3.5095215e+01
   2.3792900e+06   3.5339355e+01
   2.3793950e+06   3.3447266e+01
   2.4181380e+06   3.8879395e+01
   2.4182170e+06   3.5949707e+01
   2.4182880e+06   4.7973633e+01
   2.4183880e+06   3.6682129e+01
   2.4184770e+06   6.5917969e+01
   2.4730490e+06   3.5461426e+01
   2.4730600e+06   3.3569336e+01
   2.4731470e+06   3.1005859e+01
   2.4732420e+06   3.0639648e+01
   2.4736060e+06   3.4301758e+01
   2.4881790e+06   3.6376953e+01
   2.4882790e+06   3.1127930e+01
   2.4884870e+06   3.5461426e+01
   2.4886110e+06   4.4067383e+01
   2.4886230e+06   3.6743164e+01
   2.5407140e+06   3.3569336e+01
   2.5407650e+06   3.9428711e+01
   2.5407790e+06   3.1494141e+01
   2.5408640e+06   4.0527344e+01
   2.5610900e+06   4.1809082e+01
   2.5611400e+06   3.5034180e+01
   2.7619460e+06   4.1931152e+01
   2.7786040e+06   3.7963867e+01
   2.8132730e+06   4.8034668e+01
   2.8134650e+06   4.3945313e+01
   2.8137410e+06   3.8269043e+01
   2.8140830e+06   3.3020020e+01
   2.8440740e+06   3.8635254e+01
   2.8744210e+06   5.0354004e+01
   2.8912010e+06   4.6386719e+01
   2.9052810e+06   3.6987305e+01
   2.9225990e+06   4.9072266e+01
   2.9228190e+06   4.3701172e+01
   2.9230300e+06   3.2287598e+01
   2.9245620e+06   3.9916992e+01
   2.9251300e+06   3.1799316e+01
   2.9572660e+06   4.3823242e+01
   2.9576260e+06   4.5043945e+01
   2.9580280e+06   4.3518066e+01
   2.9586320e+06   4.1015625e+01
   2.9592510e+06   3.3935547e+01
   2.9595140e+06   3.5034180e+01
   2.9598510e+06   3.1982422e+01
   2.9785530e+06   3.2409668e+01
   2.9846050e+06   4.9926758e+01
   2.9847900e+06   3.5156250e+01
   3.0062090e+06   3.5095215e+01
   3.0135740e+06   4.2419434e+01
   3.0137610e+06   3.7292480e+01
   3.0139720e+06   3.2775879e+01
   3.0157970e+06   3.8024902e+01
   3.0164740e+06   3.5644531e+01
   3.0516160e+06   4.7058105e+01
   3.0518550e+06   5.0842285e+01
   3.0522830e+06   3.7902832e+01
   3.0525520e+06   4.1076660e+01
   3.0528120e+06   3.3020020e+01
   3.0530430e+06   3.1494141e+01
   3.0848910e+06   4.6386719e+01
   3.0850890e+06   4.5104980e+01
   3.0853370e+06   4.1137695e+01
   3.0855730e+06   3.3386230e+01
   3.0861050e+06   3.1494141e+01
   3.0990950e+06   3.1433105e+01
   3.1008340e+06   5.0354004e+01
   3.1014000e+06   4.6203613e+01
   3.1017050e+06   4.4250488e+01
   3.1025260e+06   3.2714844e+01
   3.1243470e+06   3.9611816e+01
   3.1246450e+06   4.1259766e+01
   3.1250270e+06   4.0222168e+01
   3.1253620e+06   3.6193848e+01
   3.1451980e+06   5.2551270e+01
   3.1456240e+06   4.2297363e+01
   3.1457720e+06   3.3203125e+01
   3.1459210e+06   3.2714844e+01
   3.1467260e+06   3.5766602e+01
   3.1470680e+06   3.7536621e+01
   3.1474840e+06   3.2348633e+01
   3.1644330e+06   4.4738770e+01
   3.1646680e+06   3.5522461e+01
   3.1648400e+06   3.2287598e+01
   3.1657670e+06   3.4118652e+01
   3.1659760e+06   3.2592773e+01
   3.1662130e+06   3.1921387e+01
   3.1844470e+06   3.9672852e+01
   3.1846880e+06   4.4616699e+01
   3.1852310e+06   4.5654297e+01
   3.1854300e+06   3.3142090e+01
   3.1875940e+06   3.1555176e+01
   3.1916140e+06   3.3020020e+01
   3.1929520e+06   3.7536621e+01
   3.1931430e+06   3.5461426e+01
   3.2148380e+06   4.3945313e+01
   3.2151200e+06   3.7780762e+01
   3.2153410e+06   3.7353516e+01
   3.2338420e+06   3.9978027e+01
   3.2390430e+06   4.2541504e+01
   3.2392030e+06   4.2175293e+01
   3.2500840e+06   3.5827637e+01
   3.2509830e+06   4.5532227e+01
   3.2644050e+06   4.1687012e+01
   3.2645630e+06   3.6560059e+01
   3.2800040e+06   4.8645020e+01
   3.2801620e+06   3.9978027e+01
   3.2803780e+06   3.3569336e+01
   3.2807240e+06   3.1555176e+01
   3.2809600e+06   3.2104492e+01
   3.3008770e+06   5.0476074e+01
   3.3010710e+06   3.8574219e+01
   3.3014350e+06   4.4372559e+01
   3.3264080e+06   4.3884277e+01
   3.3265360e+06   3.6987305e+01
   3.3270700e+06   3.1433105e+01
   3.3462120e+06   3.7231445e+01
   3.3468540e+06   4.2846680e+01
   3.3472610e+06   4.2175293e+01
   3.3475860e+06   4.7180176e+01
   3.3686410e+06   4.7485352e+01
   3.3688220e+06   4.6447754e+01
   3.3698280e+06   4.1687012e+01
   3.3700700e+06   4.4128418e+01
   3.3705280e+06   3.2897949e+01
   3.3908190e+06   4.9133301e+01
   3.3909560e+06   4.4921875e+01
   3.3913960e+06   3.3569336e+01
   3.4106530e+06   5.1025391e+01
   3.4108170e+06   3.7475586e+01
   3.4111470e+06   3.4301758e+01
   3.4115600e+06   3.3935547e+01
   3.4124980e+06   3.4240723e+01
   3.4305900e+06   5.0476074e+01
   3.4311970e+06   3.3752441e+01
   3.4504360e+06   4.4799805e+01
   3.4505680e+06   3.6621094e+01
   3.4509160e+06   3.2104492e+01
   3.4516220e+06   3.5827637e+01
   3.4666720e+06   4.2358398e+01
   3.4672540e+06   4.6325684e+01
   3.4675010e+06   3.7292480e+01
   3.4679150e+06   3.2226563e+01
   3.4681600e+06   3.3020020e+01
   3.4845150e+06   5.0415039e+01
   3.4846240e+06   3.4362793e+01
   3.4847890e+06   3.1372070e+01
   3.4853400e+06   3.2531738e+01
   3.4863930e+06   3.3813477e+01
   3.4998410e+06   3.4667969e+01
   3.4999770e+06   3.7353516e+01
   3.5003800e+06   3.5705566e+01
   3.5006610e+06   3.5156250e+01
   3.5009610e+06   3.1677246e+01
   3.5013440e+06   3.5034180e+01
   3.5166280e+06   3.9916992e+01
   3.5167640e+06   4.0649414e+01
   3.5171660e+06   3.4729004e+01
   3.5174200e+06   3.3996582e+01
   3.5178200e+06   4.1748047e+01
   3.5183180e+06   3.4362793e+01
   3.5306670e+06   4.1137695e+01
   3.5308160e+06   3.4301758e+01
   3.5310190e+06   3.5888672e+01
   3.5315820e+06   3.4423828e+01
   3.5439030e+06   4.2175293e+01
   3.5440350e+06   3.4851074e+01
   3.5446550e+06   4.4860840e+01
   3.5450930e+06   3.7048340e+01
   3.5592640e+06   5.0598145e+01
   3.5594180e+06   3.2592773e+01
   3.5597020e+06   3.3386230e+01
   3.5602030e+06   3.8513184e+01
   3.5605830e+06   3.3081055e+01
   3.5609080e+06   3.2348633e+01
   3.5749030e+06   4.7912598e+01
   3.5750640e+06   4.1625977e+01
   3.5753550e+06   4.0222168e+01
   3.5758340e+06   3.1799316e+01
   3.5762490e+06   3.7048340e+01
   3.5875500e+06   3.7597656e+01
   3.5875960e+06   3.7475586e+01
   3.5877320e+06   3.1555176e+01
   3.5878600e+06   5.3161621e+01
   3.5878730e+06   4.0832520e+01
   3.5887050e+06   3.1677246e+01
   3.6037220e+06   3.3508301e+01
   3.6041370e+06   4.2541504e+01
   3.6042240e+06   3.7048340e+01
   3.6042850e+06   3.1005859e+01
   3.6043920e+06   4.3334961e+01
   3.6202380e+06   3.1311035e+01
   3.6203260e+06   4.4860840e+01
   3.6204490e+06   3.2287598e+01
   3.6207090e+06   5.2856445e+01
   3.6208960e+06   4.6203613e+01
   3.6363250e+06   3.6499023e+01
   3.6363460e+06   4.0832520e+01
   3.6364090e+06   4.1503906e+01
   3.6364890e+06   3.0883789e+01
   3.6526620e+06   3.8085938e+01
   3.6527220e+06   3.0761719e+01
   3.6527540e+06   3.3142090e+01
   3.6908480e+06   3.1616211e+01
   3.6909060e+06   3.4606934e+01
   3.6909430e+06   5.1635742e+01
   3.6910160e+06   3.0639648e+01
   3.7250490e+06   3.1127930e+01
   3.7251480e+06   3.7597656e+01
   3.7252490e+06   3.2897949e+01
   3.7253240e+06   3.7048340e+01
   3.7667370e+06   3.0700684e+01
   3.7668460e+06   3.8574219e+01
   3.7668870e+06   3.1799316e+01
   3.7669900e+06   3.6865234e+01
   3.8000100e+06   3.1311035e+01
   3.8004370e+06   3.6010742e+01
   3.8012920e+06   3.7414551e+01
   3.8347900e+06   3.5217285e+01
   3.8358570e+06   3.2836914e+01
   3.8749290e+06   3.2714844e+01
   3.9622390e+06   3.5583496e+01
   4.0005400e+06   3.5888672e+01
   4.0444700e+06   4.6569824e+01
   4.0614710e+06   3.8757324e+01
   4.1204580e+06   3.5217285e+01
   4.1706090e+06   4.1931152e+01
   4.2492200e+06   4.0100098e+01
   4.2902150e+06   3.3203125e+01
   4.2914610e+06   5.1574707e+01
   4.3198640e+06   3.4301758e+01
   4.3228190e+06   5.2673340e+01
   4.3233680e+06   4.2663574e+01
   4.4072430e+06   3.1127930e+01
   4.4244130e+06   3.4179688e+01
   4.4250950e+06   4.8828125e+01
   4.4956470e+06   3.4973145e+01
   4.5362410e+06   4.6447754e+01
   4.5753210e+06   5.5541992e+01
   4.6332870e+06   3.6132813e+01
   4.6537190e+06   3.5766602e+01
   4.6749660e+06   5.1208496e+01
   4.7014680e+06   3.5583496e+01
   4.7223950e+06   4.5410156e+01
   4.7615430e+06   3.4973145e+01
   4.7774770e+06   4.1809082e+01
   4.8787430e+06   5.4504395e+01
   4.8886240e+06   3.1982422e+01
   4.9682540e+06   4.9011230e+01
   4.9825410e+06   3.9489746e+01
   5.0517070e+06   4.3945313e+01
   5.0666640e+06   3.7231445e+01
   5.1091170e+06   3.6865234e+01
   5.1292680e+06   3.4240723e+01
   5.2485710e+06   3.0883789e+01
   5.2659980e+06   3.4179688e+01
   5.2909360e+06   3.3081055e+01
   5.5288950e+06   4.0039063e+01
   5.5317360e+06   5.7373047e+01
   5.5906200e+06   4.8889160e+01
   5.6239220e+06   4.7363281e+01
   5.6239780e+06   3.4667969e+01
   5.6240540e+06   4.2358398e+01
   5.6241660e+06   7.2631836e+01
   5.6242560e+06   4.8400879e+01
   5.6398840e+06   4.3395996e+01
   5.6412090e+06   3.7048340e+01
   5.6413530e+06   3.6437988e+01
   5.6413830e+06   3.7597656e+01
   5.6413960e+06   3.0944824e+01
   5.6415160e+06   3.1433105e+01
   5.6553640e+06   4.5776367e+01
   5.6553760e+06   5.3405762e+01
   5.6554460e+06   3.3752441e+01
   5.6554560e+06   3.8208008e+01
   5.6555370e+06   3.3386230e+01
   5.6557690e+06   3.3752441e+01
   5.6708010e+06   3.7719727e+01
   5.6708430e+06   4.6142578e+01
   5.6709040e+06   4.0588379e+01
   5.6868370e+06   3.3447266e+01
   5.6868690e+06   3.4179688e+01
   5.6869160e+06   5.1574707e+01
   5.6869510e+06   3.5583496e+01
   5.7027910e+06   4.0832520e+01
   5.7028450e+06   5.1879883e+01
   5.7028610e+06   3.0822754e+01
   5.7029000e+06   3.4362793e+01
   5.7534590e+06   4.4738770e+01
   5.7535340e+06   3.1494141e+01
   5.7535910e+06   3.3142090e+01
   5.7536190e+06   3.2653809e+01
   5.7537900e+06   3.0700684e+01
   5.7539230e+06   6.3720703e+01
   5.7851950e+06   3.4729004e+01
   5.7852680e+06   5.0292969e+01
   5.7853200e+06   3.1738281e+01
   5.8344150e+06   4.1442871e+01
   5.8344970e+06   5.5786133e+01
   5.8345090e+06   3.3386230e+01
   5.8848280e+06   3.2226563e+01
   5.8849060e+06   3.5095215e+01
   5.8849750e+06   3.1616211e+01
   5.8849900e+06   4.2236328e+01
   5.9251970e+06   4.8278809e+01
   5.9253230e+06   4.2846680e+01
   5.9253380e+06   3.9672852e+01
   5.9255300e+06   3.6621094e+01
   5.9735690e+06   3.9184570e+01
   5.9737400e+06   3.5705566e+01
   5.9738550e+06   6.1828613e+01
   5.9739400e+06   3.7597656e+01
   5.9739570e+06   3.4118652e+01
   6.0097740e+06   4.6691895e+01
   6.0098890e+06   3.2287598e+01
   6.0099000e+06   3.8024902e+01
   6.0594410e+06   3.9367676e+01
   6.0595320e+06   3.5278320e+01
   6.0595580e+06   4.0710449e+01
   6.0596410e+06   3.3935547e+01
   6.0596670e+06   3.6865234e+01
   6.0597460e+06   3.2531738e+01
   6.0597960e+06   3.2897949e+01
   6.0599920e+06   3.2165527e+01
   6.0920110e+06   3.8513184e+01
   6.0922880e+06   3.8024902e+01
   6.0923910e+06   4.2175293e+01
   6.0924600e+06   4.4677734e+01
   6.0925920e+06   3.9550781e+01
   6.0930190e+06   3.4545898e+01
   6.1276540e+06   3.8330078e+01
   6.1277140e+06   4.2968750e+01
   6.1277800e+06   3.8696289e+01
   6.1278010e+06   3.1555176e+01
   6.1278690e+06   3.4606934e+01
   6.1279800e+06   3.2470703e+01
   6.1280550e+06   3.7353516e+01
   6.1773240e+06   3.8940430e+01
   6.1775740e+06   3.8574219e+01
   6.1776150e+06   3.7963867e+01
   6.1776690e+06   3.1677246e+01
   6.1779780e+06   3.2775879e+01
   6.2125490e+06   3.9367676e+01
   6.3161850e+06   3.6254883e+01
   6.3940820e+06   4.7302246e+01
   6.5375630e+06   5.7800293e+01
   6.5936280e+06   5.8410645e+01
   6.5938150e+06   4.3884277e+01
   6.5941490e+06   4.4311523e+01
   6.5943530e+06   4.2053223e+01
   6.5949330e+06   3.3569336e+01
   6.5951740e+06   3.3203125e+01
   6.5955980e+06   3.6621094e+01
   6.6407130e+06   4.0405273e+01
   6.6432800e+06   4.8217773e+01
   6.6436040e+06   5.7006836e+01
   6.6439630e+06   4.5288086e+01
   6.6441950e+06   4.5654297e+01
   6.6443720e+06   4.0527344e+01
   6.6446050e+06   3.9978027e+01
   6.6681620e+06   5.2368164e+01
   6.7154260e+06   6.3659668e+01
   6.7159750e+06   4.3029785e+01
   6.7505260e+06   4.6630859e+01
   6.7507350e+06   4.7363281e+01
   6.7509280e+06   3.9489746e+01
   6.7511820e+06   4.7302246e+01
   6.7513620e+06   3.6010742e+01
   6.7515870e+06   3.3752441e+01
   6.7521550e+06   3.7353516e+01
   6.7523730e+06   3.5156250e+01
   6.7677830e+06   3.6621094e+01
   6.7916820e+06   5.7373047e+01
   6.7918770e+06   4.7546387e+01
   6.7924000e+06   5.3588867e+01
   6.8224210e+06   4.7058105e+01
   6.8228690e+06   5.5480957e+01
   6.8514860e+06   5.0109863e+01
   6.8526370e+06   4.6691895e+01
   6.8530400e+06   4.8583984e+01
   6.8534020e+06   4.8645020e+01
   6.8539820e+06   5.3710938e+01
   6.8541430e+06   3.3630371e+01
   6.8543900e+06   3.3813477e+01
   6.8977710e+06   4.9194336e+01
   6.8980160e+06   4.4860840e+01
   6.8982600e+06   5.2551270e+01
   6.8985160e+06   4.3762207e+01
   6.8987670e+06   3.6926270e+01
   6.8990740e+06   3.9245605e+01
   6.8996510e+06   4.1503906e+01
   6.9285030e+06   6.2927246e+01
   6.9287080e+06   4.5104980e+01
   6.9289760e+06   4.6569824e+01
   6.9292500e+06   5.0109863e+01
   6.9295250e+06   3.2958984e+01
   6.9300750e+06   3.5827637e+01
   6.9374380e+06   3.3935547e+01
   6.9669510e+06   4.8583984e+01
   6.9671300e+06   5.1025391e+01
   6.9674700e+06   4.1259766e+01
   6.9677910e+06   4.6691895e+01
   6.9681500e+06   3.5827637e+01
   6.9685900e+06   3.5705566e+01
   6.9692820e+06   4.8828125e+01
   6.9695620e+06   3.5461426e+01
   7.0005730e+06   5.8166504e+01
   7.0007310e+06   4.0588379e+01
   7.0008900e+06   3.8757324e+01
   7.0011380e+06   4.1564941e+01
   7.0324130e+06   5.1208496e+01
   7.0327120e+06   5.3039551e+01
   7.0329370e+06   4.0649414e+01
   7.0333320e+06   3.2409668e+01
   7.0349560e+06   3.7719727e+01
   7.0663210e+06   5.0598145e+01
   7.0665890e+06   4.4433594e+01
   7.0670290e+06   5.2001953e+01
   7.0674310e+06   3.9916992e+01
   7.0677030e+06   4.7058105e+01
   7.0727570e+06   3.3203125e+01
   7.1026410e+06   5.6884766e+01
   7.1028700e+06   4.7912598e+01
   7.1030100e+06   4.3090820e+01
   7.1032960e+06   4.9194336e+01
   7.1036690e+06   4.0100098e+01
   7.1039700e+06   3.4362793e+01
   7.1048090e+06   4.0100098e+01
   7.1367250e+06   5.1574707e+01
   7.1585780e+06   4.5227051e+01
   7.1752820e+06   5.2307129e+01
   7.1755320e+06   4.9316406e+01
   7.1763160e+06   4.4738770e+01
   7.1768560e+06   4.5471191e+01
   7.1770730e+06   4.4067383e+01
   7.1778720e+06   3.8269043e+01
   7.1781750e+06   4.1809082e+01
   7.2128800e+06   5.0415039e+01
   7.2145090e+06   4.7058105e+01
   7.2147090e+06   5.3039551e+01
   7.2424410e+06   4.8706055e+01
   7.2431610e+06   4.5410156e+01
   7.2434020e+06   4.7912598e+01
   7.2435450e+06   3.6071777e+01
   7.2438070e+06   3.5644531e+01
   7.2675710e+06   5.1696777e+01
   7.2678830e+06   4.7668457e+01
   7.2688750e+06   4.4738770e+01
   7.2693580e+06   4.5471191e+01
   7.2697220e+06   4.1992188e+01
   7.2706560e+06   4.1564941e+01
   7.2992760e+06   5.0109863e+01
   7.2994920e+06   5.8105469e+01
   7.2998020e+06   4.7729492e+01
   7.3002980e+06   3.6926270e+01
   7.3007540e+06   4.3212891e+01
   7.3228220e+06   3.9672852e+01
   7.3246410e+06   5.4321289e+01
   7.3249880e+06   5.3283691e+01
   7.3509650e+06   5.4504395e+01
   7.3807480e+06   6.1218262e+01
   7.3813310e+06   4.7607422e+01
   7.3815340e+06   4.2602539e+01
   7.3818910e+06   3.9916992e+01
   7.3869640e+06   3.1738281e+01
   7.4030050e+06   4.9011230e+01
   7.4375690e+06   6.2316895e+01
   7.4377100e+06   4.4067383e+01
   7.4378500e+06   3.1494141e+01
   7.4381920e+06   4.2114258e+01
   7.4674460e+06   5.3710938e+01
   7.4676540e+06   4.8828125e+01
   7.5036010e+06   5.9082031e+01
   7.5042810e+06   4.1625977e+01
   7.5514120e+06   5.2673340e+01
   7.5515730e+06   4.8034668e+01
   7.5517390e+06   4.5837402e+01
   7.5520210e+06   4.3273926e+01
   7.5524110e+06   5.0842285e+01
   7.5529540e+06   4.3945313e+01
   7.5532580e+06   3.3203125e+01
   7.5679540e+06   5.1940918e+01
   7.5942880e+06   4.9316406e+01
   7.5946290e+06   4.9743652e+01
   7.6411220e+06   3.5522461e+01
   7.6487570e+06   5.6701660e+01
   7.6777770e+06   5.6091309e+01
   7.7188820e+06   4.2053223e+01
   7.7206170e+06   4.3334961e+01
   7.7512510e+06   4.4982910e+01
   7.7625630e+06   5.2978516e+01
   7.7628970e+06   4.1809082e+01
   7.8074530e+06   4.9072266e+01
   7.8077810e+06   5.0720215e+01
   7.8299450e+06   4.3945313e+01
   7.8545380e+06   4.8889160e+01
   7.8835030e+06   5.5664063e+01
   7.8837290e+06   4.1442871e+01
   7.9093030e+06   3.2165527e+01
   7.9094900e+06   5.5908203e+01
   7.9097490e+06   5.4443359e+01
   7.9524790e+06   5.5725098e+01
   7.9526600e+06   5.1513672e+01
   7.9922230e+06   4.0466309e+01
   7.9923440e+06   4.9987793e+01
   8.0309990e+06   4.3762207e+01
   8.0901270e+06   4.7851563e+01
   8.1153610e+06   5.0231934e+01
   8.1155720e+06   5.8044434e+01
   8.1278760e+06   4.1809082e+01
   8.1738820e+06   5.1635742e+01
   8.1916930e+06   4.9865723e+01
   8.2206400e+06   5.6091309e+01
   8.2208960e+06   5.5541992e+01
   8.2450080e+06   5.1513672e+01
   8.2790190e+06   5.4077148e+01
   8.2793410e+06   4.4616699e+01
   8.3203360e+06   5.7800293e+01
   8.3206850e+06   4.9316406e+01
   8.3600590e+06   5.5541992e+01
   8.4012610e+06   3.2165527e+01
   8.4014420e+06   5.0598145e+01
   8.4192670e+06   5.4748535e+01
   8.4192860e+06   3.2165527e+01
   8.4193090e+06   3.4423828e+01
   8.4193500e+06   4.3945313e+01
   8.4194530e+06   7.6416016e+01
   8.4200270e+06   3.1860352e+01
   8.4204640e+06   3.1311035e+01
   8.4273490e+06   3.2287598e+01
   8.4349860e+06   3.3264160e+01
   8.4350010e+06   3.3752441e+01
   8.4350590e+06   4.1442871e+01
   8.4526970e+06   4.0649414e+01
   8.4527070e+06   3.2592773e+01
   8.4527750e+06   3.3569336e+01
   8.4530000e+06   6.5002441e+01
   8.4532590e+06   6.2438965e+01
   8.4684930e+06   3.4973145e+01
   8.4685300e+06   3.8391113e+01
   8.4865090e+06   4.8400879e+01
   8.4865300e+06   3.7597656e+01
   8.4865820e+06   3.3203125e+01
   8.4865980e+06   3.2226563e+01
   8.4866760e+06   3.1005859e+01
   8.4869210e+06   6.3415527e+01
   8.5378070e+06   3.4729004e+01
   8.5378600e+06   3.3081055e+01
   8.5378720e+06   4.4799805e+01
   8.5381360e+06   5.8837891e+01
   8.5382460e+06   5.9814453e+01
   8.5981520e+06   3.7841797e+01
   8.5981970e+06   3.7292480e+01
   8.5982140e+06   3.3569336e+01
   8.5982840e+06   3.2165527e+01
   8.5984960e+06   7.4340820e+01
   8.5986140e+06   7.1105957e+01
   8.6491520e+06   3.6132813e+01
   8.6491770e+06   4.6569824e+01
   8.6492120e+06   3.3081055e+01
   8.6494540e+06   6.1035156e+01
   8.6495650e+06   6.3781738e+01
   8.6881550e+06   4.0283203e+01
   8.6882000e+06   4.0893555e+01
   8.6882130e+06   5.8837891e+01
   8.6882590e+06   3.6987305e+01
   8.6883510e+06   3.1188965e+01
   8.6885100e+06   6.5063477e+01
   8.6886360e+06   6.2011719e+01
   8.7228970e+06   3.4362793e+01
   8.7229650e+06   3.0883789e+01
   8.7230360e+06   3.5095215e+01
   8.7755620e+06   3.2714844e+01
   8.7756140e+06   3.3996582e+01
   8.7756260e+06   3.9916992e+01
   8.7756700e+06   3.9001465e+01
   8.7757080e+06   3.3081055e+01
   8.7987320e+06   3.3020020e+01
   8.7988360e+06   5.5419922e+01
   8.7989140e+06   3.1372070e+01
   8.7990090e+06   3.2836914e+01
   8.7994220e+06   3.2775879e+01
   8.8376810e+06   3.9184570e+01
   8.8377700e+06   5.2734375e+01
   8.8377860e+06   3.5522461e+01
   8.8378690e+06   3.4545898e+01
   8.8378850e+06   3.9550781e+01
   8.8379560e+06   3.1066895e+01
   8.8824380e+06   3.5949707e+01
   8.8827480e+06   3.4484863e+01
   8.8828320e+06   3.3203125e+01
   8.8828980e+06   3.1799316e+01
   8.8829650e+06   3.1005859e+01
   8.8830370e+06   3.7414551e+01
   8.8831550e+06   3.6071777e+01
   8.9281720e+06   3.8757324e+01
   8.9283470e+06   4.4921875e+01
   8.9751950e+06   3.6010742e+01
   8.9752850e+06   3.1921387e+01
   8.9753080e+06   3.4973145e+01
   8.9753770e+06   3.4240723e+01
   8.9754700e+06   3.6865234e+01
   8.9756060e+06   6.8603516e+01
   9.0145320e+06   3.5034180e+01
   9.0146610e+06   4.1625977e+01
   9.0147080e+06   3.3935547e+01
   9.0147500e+06   3.4362793e+01
   9.0148380e+06   3.2653809e+01
   9.0149990e+06   3.5095215e+01
   9.0151210e+06   3.1250000e+01
   9.0484760e+06   3.4301758e+01
   9.0486660e+06   4.4494629e+01
   9.0487150e+06   3.6193848e+01
   9.0488310e+06   3.3569336e+01
   9.1554010e+06   3.6682129e+01
   9.1876120e+06   4.4860840e+01
   9.3957940e+06   5.2368164e+01
   9.4206650e+06   5.2734375e+01
   9.4635280e+06   3.8574219e+01
   9.4653190e+06   5.7312012e+01
   9.5110880e+06   5.3466797e+01
   9.5373910e+06   3.5827637e+01
   9.6422890e+06   4.5837402e+01
   9.6916310e+06   3.2104492e+01
   9.7553660e+06   3.1250000e+01
   9.7564720e+06   5.2551270e+01
   9.7722230e+06   3.7475586e+01
   9.7919340e+06   5.2856445e+01
   9.8085950e+06   4.9011230e+01
   9.8199020e+06   3.1250000e+01
   9.8443630e+06   3.8269043e+01
   9.8661170e+06   3.3264160e+01
   9.8670530e+06   5.5847168e+01
   9.8863910e+06   5.1818848e+01
   9.9220680e+06   6.5368652e+01
   9.9415790e+06   3.9550781e+01
   9.9841540e+06   3.3508301e+01
   1.0038510e+07   3.1005859e+01
   1.0039179e+07   5.8288574e+01
   1.0149359e+07   5.4138184e+01
   1.0175217e+07   4.0283203e+01
   1.0213911e+07   4.3151855e+01
   1.0214946e+07   5.1086426e+01
   1.0246568e+07   3.5705566e+01
   1.0277526e+07   5.8776855e+01
   1.0300205e+07   5.4992676e+01
   1.0324209e+07   6.1096191e+01
   1.0350373e+07   3.2165527e+01
   1.0350667e+07   6.4331055e+01
   1.0375003e+07   3.1433105e+01
   1.0375303e+07   6.4331055e+01
   1.0493025e+07   4.0039063e+01
   1.0493366e+07   5.1086426e+01
   1.0558056e+07   4.0161133e+01
   1.0644437e+07   4.6875000e+01
   1.0789382e+07   3.7292480e+01
   1.0789845e+07   3.9733887e+01
   1.0790037e+07   3.3020020e+01
   1.0790089e+07   5.5297852e+01
   1.0790129e+07   4.4494629e+01
   1.0790185e+07   6.1767578e+01
   1.0814887e+07   3.3935547e+01
   1.0814989e+07   3.8024902e+01
   1.0815020e+07   4.3640137e+01
   1.0815299e+07   5.7495117e+01
   1.0815450e+07   5.8105469e+01
   1.0912297e+07   3.6254883e+01
   1.0912355e+07   3.1921387e+01
   1.0912386e+07   3.4118652e+01
   1.0912521e+07   6.6467285e+01
   1.0912621e+07   6.2011719e+01
   1.0912923e+07   3.3020020e+01
   1.0977119e+07   3.3081055e+01
   1.0977143e+07   3.5644531e+01
   1.0977259e+07   4.1992188e+01
   1.0977403e+07   6.4086914e+01
   1.0977496e+07   5.8776855e+01
   1.0977640e+07   5.5419922e+01
   1.1039469e+07   3.1066895e+01
   1.1039496e+07   3.6926270e+01
   1.1039551e+07   3.1921387e+01
   1.1039649e+07   3.0700684e+01
   1.1039756e+07   5.6823730e+01
   1.1039878e+07   5.5541992e+01
   1.1039995e+07   6.1157227e+01
   1.1102583e+07   4.0954590e+01
   1.1102742e+07   4.8034668e+01
   1.1102764e+07   3.9916992e+01
   1.1102851e+07   4.4250488e+01
   1.1102925e+07   4.5898438e+01
   1.1103095e+07   6.1706543e+01
   1.1103221e+07   6.3903809e+01
   1.1103360e+07   6.0791016e+01
   1.1160716e+07   3.7414551e+01
   1.1160941e+07   3.5339355e+01
   1.1161047e+07   3.3081055e+01
   1.1161108e+07   3.3630371e+01
   1.1161162e+07   3.9978027e+01
   1.1161327e+07   4.5288086e+01
   1.1161708e+07   3.3203125e+01
   1.1224750e+07   4.5288086e+01
   1.1224804e+07   4.6020508e+01
   1.1224831e+07   3.5583496e+01
   1.1224882e+07   3.7414551e+01
   1.1224892e+07   3.6437988e+01
   1.1224988e+07   3.3508301e+01
   1.1225059e+07   7.8735352e+01
   1.1225153e+07   4.0832520e+01
   1.1225174e+07   5.0170898e+01
   1.1284849e+07   3.6987305e+01
   1.1285266e+07   3.1127930e+01
   1.1285521e+07   3.5888672e+01
   1.1285531e+07   3.4851074e+01
   1.1285667e+07   5.1147461e+01
   1.1285790e+07   3.4362793e+01
   1.1285915e+07   3.2897949e+01
   1.1320571e+07   3.9306641e+01
   1.1320642e+07   3.1311035e+01
   1.1320670e+07   3.5095215e+01
   1.1320701e+07   3.6865234e+01
   1.1320757e+07   3.6132813e+01
   1.1369636e+07   4.1137695e+01
   1.1369885e+07   3.0944824e+01
   1.1369944e+07   3.3935547e+01
   1.1370029e+07   3.2470703e+01
   1.1370089e+07   3.7231445e+01
   1.1370183e+07   3.1433105e+01
   1.1370353e+07   3.3203125e+01
   1.1436237e+07   3.1127930e+01
   1.1436357e+07   5.9997559e+01
   1.1436430e+07   3.1066895e+01
   1.1436451e+07   3.5034180e+01
   1.1436526e+07   3.5949707e+01
   1.1436695e+07   3.1311035e+01
   1.1436750e+07   6.4819336e+01
   1.1854219e+07   3.5827637e+01
   1.1937787e+07   4.8706055e+01
   1.1995894e+07   3.9611816e+01
   1.1996067e+07   5.7678223e+01
