   1.1999000e+07   0.0000000e+00
   8.0356100e+05   3.3142090e+01
   8.2356000e+05   3.2714844e+01
   8.2360200e+05   3.1799316e+01
   9.0353200e+05   3.1127930e+01
   9.0355900e+05   3.0822754e+01
   1.0295370e+06   3.0944824e+01
   2.1079580e+06   3.0883789e+01
   2.1080640e+06   3.5034180e+01
   2.2683100e+06   3.4545898e+01
   2.2683900e+06   3.0700684e+01
   2.2684350e+06   3.0944824e+01
   2.2894840e+06   3.1799316e+01
   2.3793440e+06   3.1494141e+01
   2.4183260e+06   3.0517578e+01
   2.4731060e+06   3.3264160e+01
   3.6204170e+06   3.3813477e+01
   3.6204780e+06   3.2958984e+01
   3.6529180e+06   3.3691406e+01
   3.7670420e+06   3.2104492e+01
   3.8009220e+06   3.1494141e+01
   3.8011010e+06   3.1372070e+01
   5.6240540e+06   3.3264160e+01
   5.6240830e+06   3.5461426e+01
   5.6416290e+06   3.3020020e+01
   5.6553650e+06   3.2775879e+01
   5.6708330e+06   3.2897949e+01
   5.6709870e+06   3.2653809e+01
   5.7852710e+06   3.2714844e+01
   5.8344950e+06   3.6743164e+01
   5.9254450e+06   3.2470703e+01
   5.9740350e+06   3.1250000e+01
   5.9740700e+06   3.1738281e+01
   6.1277700e+06   3.3447266e+01
   6.1776430e+06   3.2043457e+01
   8.4192590e+06   3.0517578e+01
   8.4685810e+06   3.0883789e+01
   8.4686210e+06   3.3935547e+01
   8.5981790e+06   3.1433105e+01
   8.6491100e+06   3.4301758e+01
   8.6491920e+06   3.0578613e+01
   8.6881420e+06   3.0761719e+01
   8.7229600e+06   3.0944824e+01
   8.7756640e+06   3.1738281e+01
   8.7757320e+06   3.1799316e+01
   8.8380290e+06   3.0822754e+01
   8.8829540e+06   3.1494141e+01
   8.9285650e+06   3.3996582e+01
   8.9752760e+06   3.2836914e+01
   9.9660620e+06   3.1066895e+01
   1.1039460e+07   3.6682129e+01
   1.1102915e+07   3.1433105e+01
