   1.1999000e+07   0.0000000e+00
   1.1009000e+04   1.5441895e+01
   2.5094900e+05   2.7404785e+01
   2.5098700e+05   1.5686035e+01
   2.5104800e+05   2.4108887e+01
   2.5112600e+05   1.8981934e+01
   2.5120400e+05   1.6418457e+01
   2.5128000e+05   2.2399902e+01
   2.5136100e+05   2.0141602e+01
   2.5144600e+05   2.0263672e+01
   2.5152900e+05   2.1057129e+01
   2.5162000e+05   2.2583008e+01
   2.5173400e+05   2.6245117e+01
   2.5187100e+05   2.5634766e+01
   2.5202400e+05   2.2583008e+01
   2.5220600e+05   3.1982422e+01
   2.5235700e+05   2.4963379e+01
   2.5247200e+05   1.9775391e+01
   2.6817500e+05   1.6174316e+01
   2.6823300e+05   2.4902344e+01
   2.6858300e+05   1.5991211e+01
   2.6870700e+05   2.2094727e+01
   2.6883100e+05   1.8981934e+01
   2.6894800e+05   2.1179199e+01
   2.6908000e+05   2.4414063e+01
   2.6921900e+05   2.2033691e+01
   2.6935800e+05   2.2705078e+01
   2.6951200e+05   2.5756836e+01
   2.6966700e+05   2.4108887e+01
   2.6985000e+05   2.6123047e+01
   2.7003600e+05   2.4841309e+01
   3.4357100e+05   3.0700684e+01
   3.4361600e+05   2.1789551e+01
   3.4409800e+05   1.8249512e+01
   3.4418800e+05   1.5747070e+01
   3.4428900e+05   1.6723633e+01
   3.4439800e+05   1.6113281e+01
   3.4450500e+05   2.2766113e+01
   3.4462700e+05   2.1667480e+01
   3.4477200e+05   2.4047852e+01
   3.4490900e+05   2.2827148e+01
   3.4511400e+05   2.5512695e+01
   3.4525400e+05   2.4169922e+01
   3.4587500e+05   2.4902344e+01
   3.4605200e+05   2.7709961e+01
   3.4624300e+05   2.4414063e+01
   3.6413600e+05   2.9052734e+01
   3.6424600e+05   2.0996094e+01
   3.6432200e+05   2.0751953e+01
   3.6440900e+05   1.6174316e+01
   3.6450600e+05   1.5686035e+01
   3.6507500e+05   1.5441895e+01
   3.6519500e+05   2.0996094e+01
   3.6533200e+05   2.0141602e+01
   3.6547400e+05   1.8981934e+01
   3.6566000e+05   2.7587891e+01
   3.6582000e+05   2.0324707e+01
   3.6598700e+05   3.0334473e+01
   4.2438000e+05   2.4841309e+01
   4.2441400e+05   1.7883301e+01
   4.2445600e+05   2.3071289e+01
   4.2450800e+05   2.1850586e+01
   4.2455800e+05   1.6540527e+01
   4.2459200e+05   1.6113281e+01
   4.2529100e+05   1.7761230e+01
   4.2541400e+05   2.0812988e+01
   4.2553100e+05   1.8615723e+01
   4.2566200e+05   2.1240234e+01
   4.2669800e+05   2.5634766e+01
   4.2708100e+05   2.6489258e+01
   4.7035500e+05   2.8259277e+01
   4.7041200e+05   1.6723633e+01
   4.7048500e+05   1.8981934e+01
   4.7056500e+05   1.7150879e+01
   4.7065500e+05   1.5808105e+01
   4.7067800e+05   1.6906738e+01
   4.7142400e+05   1.7456055e+01
   4.7156800e+05   1.7578125e+01
   4.7169500e+05   1.9775391e+01
   4.7182800e+05   2.1362305e+01
   4.7196000e+05   2.0568848e+01
   4.7214200e+05   2.7160645e+01
   4.7236800e+05   2.3498535e+01
   5.0466900e+05   2.9235840e+01
   5.0474600e+05   2.4291992e+01
   5.0482600e+05   1.8676758e+01
   5.0492600e+05   1.6113281e+01
   5.0559800e+05   1.8798828e+01
   5.0571800e+05   1.8432617e+01
   5.0585400e+05   1.9165039e+01
   5.0598200e+05   2.3620605e+01
   5.0612300e+05   2.1789551e+01
   5.0628800e+05   2.3803711e+01
   5.0644100e+05   2.2094727e+01
   5.0660600e+05   1.9714355e+01
   5.4393500e+05   2.9602051e+01
   5.4400700e+05   2.0874023e+01
   5.4403600e+05   1.7944336e+01
   5.4407400e+05   1.8920898e+01
   5.4470200e+05   1.5808105e+01
   5.4505300e+05   2.2399902e+01
   5.4517600e+05   2.0202637e+01
   5.4532100e+05   2.5085449e+01
   5.4546700e+05   2.1240234e+01
   5.4561200e+05   2.2705078e+01
   5.4576800e+05   2.7343750e+01
   5.4593500e+05   2.4108887e+01
   5.4613700e+05   2.3132324e+01
   5.4655300e+05   2.1850586e+01
   5.7821300e+05   3.2897949e+01
   5.7826600e+05   2.7893066e+01
   5.7834400e+05   1.7944336e+01
   5.7842500e+05   1.8188477e+01
   5.7851300e+05   1.6540527e+01
   5.7935600e+05   1.5441895e+01
   5.7948800e+05   2.5207520e+01
   5.7963500e+05   2.1362305e+01
   5.7980800e+05   2.1118164e+01
   5.7995200e+05   2.3620605e+01
   5.8011700e+05   2.3742676e+01
   5.8050600e+05   2.3620605e+01
   6.0733800e+05   2.4963379e+01
   6.0742000e+05   2.3010254e+01
   6.0743200e+05   1.5563965e+01
   6.0750400e+05   2.0080566e+01
   6.0760500e+05   1.5869141e+01
   6.0829900e+05   1.6967773e+01
   6.0842800e+05   1.8737793e+01
   6.0856100e+05   2.1240234e+01
   6.0869700e+05   1.9165039e+01
   6.0885700e+05   2.1728516e+01
   6.0900800e+05   1.9714355e+01
   6.3281400e+05   1.7211914e+01
   6.3282500e+05   2.4841309e+01
   6.3289000e+05   2.1850586e+01
   6.3298300e+05   1.5991211e+01
   6.3329700e+05   2.3925781e+01
   6.3365900e+05   1.5930176e+01
   6.3379100e+05   1.7395020e+01
   6.3392800e+05   1.7700195e+01
   6.3408000e+05   2.3681641e+01
   6.3424500e+05   2.2827148e+01
   6.3483200e+05   2.2338867e+01
   6.3505000e+05   2.8625488e+01
   6.5394400e+05   2.4353027e+01
   6.5402200e+05   2.3925781e+01
   6.5412800e+05   2.0019531e+01
   6.5422900e+05   2.1301270e+01
   6.5445100e+05   1.7700195e+01
   6.5456900e+05   1.9042969e+01
   6.5469100e+05   1.5869141e+01
   6.5496700e+05   1.9348145e+01
   6.5512300e+05   1.9653320e+01
   6.5531000e+05   2.2094727e+01
   6.5550900e+05   2.5329590e+01
   6.5577200e+05   2.3620605e+01
   6.7301300e+05   2.7404785e+01
   6.7308300e+05   2.3193359e+01
   6.7316900e+05   1.9897461e+01
   6.7329000e+05   1.9226074e+01
   6.7340300e+05   2.1667480e+01
   6.7352200e+05   1.9409180e+01
   6.7368400e+05   1.8920898e+01
   6.7381500e+05   2.1362305e+01
   6.7398100e+05   1.8005371e+01
   6.7418900e+05   2.4597168e+01
   6.7442000e+05   2.0446777e+01
   6.7464000e+05   2.1484375e+01
   6.8961400e+05   3.2531738e+01
   6.8969600e+05   2.2888184e+01
   6.8977800e+05   2.1179199e+01
   6.8991800e+05   1.6967773e+01
   6.9003400e+05   1.6906738e+01
   6.9018400e+05   1.9226074e+01
   6.9036400e+05   1.9653320e+01
   6.9051800e+05   1.9958496e+01
   6.9073100e+05   2.2827148e+01
   6.9095600e+05   1.9470215e+01
   6.9132200e+05   2.7404785e+01
   7.1122500e+05   2.8076172e+01
   7.1130300e+05   2.2033691e+01
   7.1138800e+05   2.3071289e+01
   7.1147800e+05   1.5747070e+01
   7.1158200e+05   2.3681641e+01
   7.1172100e+05   1.6662598e+01
   7.1188800e+05   2.2888184e+01
   7.1201600e+05   1.7639160e+01
   7.1223300e+05   2.1423340e+01
   7.1241600e+05   2.2277832e+01
   7.1270200e+05   2.6733398e+01
   7.1307300e+05   2.2521973e+01
   7.2708500e+05   2.7404785e+01
   7.2716600e+05   1.9836426e+01
   7.2722800e+05   1.5991211e+01
   7.2727100e+05   1.8188477e+01
   7.2738000e+05   1.6479492e+01
   7.2752600e+05   1.8127441e+01
   7.2767400e+05   2.2216797e+01
   7.2789300e+05   1.9653320e+01
   7.2812500e+05   2.1728516e+01
   7.2845300e+05   2.4902344e+01
   7.4061800e+05   2.5817871e+01
   7.4070000e+05   2.1667480e+01
   7.4080700e+05   2.0019531e+01
   7.4092000e+05   2.1179199e+01
   7.4108200e+05   2.1240234e+01
   7.4125000e+05   2.2766113e+01
   7.4139900e+05   2.4230957e+01
   7.4167400e+05   2.3986816e+01
   7.4197900e+05   2.8137207e+01
   7.5656800e+05   1.5808105e+01
   7.5658500e+05   2.7343750e+01
   7.5669700e+05   2.7893066e+01
   7.5681200e+05   2.0935059e+01
   7.5692700e+05   1.7944336e+01
   7.5707000e+05   2.2155762e+01
   7.5727700e+05   2.4475098e+01
   7.5757100e+05   2.5085449e+01
   7.5797600e+05   2.3437500e+01
   7.7986200e+05   2.2338867e+01
   7.7995600e+05   1.9348145e+01
   7.8006100e+05   2.2705078e+01
   7.8019800e+05   2.4108887e+01
   7.8031100e+05   2.4902344e+01
   7.8047100e+05   2.5817871e+01
   7.8068500e+05   2.4291992e+01
   7.8092900e+05   2.6794434e+01
   7.9651200e+05   2.6611328e+01
   7.9658700e+05   2.7893066e+01
   7.9669100e+05   2.2033691e+01
   7.9680000e+05   1.9042969e+01
   7.9693000e+05   2.7160645e+01
   7.9707500e+05   2.6733398e+01
   7.9770900e+05   2.7526855e+01
   8.1847600e+05   2.4108887e+01
   8.1858600e+05   2.0935059e+01
   8.1875500e+05   2.3437500e+01
   8.1887200e+05   1.8188477e+01
   8.1901900e+05   2.0507813e+01
   8.1927800e+05   2.4475098e+01
   8.3502100e+05   3.4606934e+01
   8.3514700e+05   3.0578613e+01
   8.3526800e+05   2.7404785e+01
   8.3548400e+05   2.3864746e+01
   8.3569300e+05   2.2644043e+01
   8.3596300e+05   2.2338867e+01
   8.8481300e+05   2.6672363e+01
   8.8488000e+05   1.6723633e+01
   8.8505100e+05   2.8015137e+01
   8.8529700e+05   2.3010254e+01
   8.8559700e+05   2.7404785e+01
   1.3720320e+06   1.8676758e+01
   1.3721240e+06   2.5268555e+01
   1.3721990e+06   2.3742676e+01
   1.3722820e+06   2.3742676e+01
   1.3723570e+06   2.1362305e+01
   1.3724380e+06   2.5512695e+01
   1.3725170e+06   2.3803711e+01
   1.3726090e+06   2.5390625e+01
   1.3726970e+06   2.3315430e+01
   1.3727970e+06   2.4719238e+01
   1.3728940e+06   2.8015137e+01
   1.3730120e+06   2.7587891e+01
   1.3731120e+06   2.7465820e+01
   1.3732750e+06   2.1057129e+01
   1.3733930e+06   2.2583008e+01
   1.3906730e+06   2.6794434e+01
   1.3908830e+06   2.8686523e+01
   1.3911720e+06   2.4719238e+01
   1.4529270e+06   2.2216797e+01
   1.4530260e+06   2.2277832e+01
   1.4531100e+06   2.1301270e+01
   1.4531950e+06   1.8859863e+01
   1.4532790e+06   2.0019531e+01
   1.4533620e+06   2.3071289e+01
   1.4534470e+06   2.3559570e+01
   1.4535320e+06   1.8249512e+01
   1.4536220e+06   2.3986816e+01
   1.4537240e+06   2.2949219e+01
   1.4538240e+06   2.1728516e+01
   1.4539400e+06   2.4597168e+01
   1.4540530e+06   2.8320313e+01
   1.4541780e+06   2.6855469e+01
   1.4543160e+06   2.6000977e+01
   1.8870790e+06   1.6662598e+01
   1.9508600e+06   2.7465820e+01
   1.9509120e+06   2.7282715e+01
   1.9510530e+06   2.1850586e+01
   1.9511250e+06   2.1545410e+01
   1.9511970e+06   1.9531250e+01
   1.9512720e+06   2.3620605e+01
   1.9513480e+06   2.2338867e+01
   1.9514390e+06   2.0935059e+01
   1.9515370e+06   2.7709961e+01
   1.9516360e+06   2.6367188e+01
   1.9517440e+06   2.2583008e+01
   1.9518570e+06   2.8137207e+01
   1.9519940e+06   2.5146484e+01
   1.9521070e+06   2.4658203e+01
   1.9646290e+06   3.0273438e+01
   1.9646840e+06   2.2521973e+01
   1.9650860e+06   2.2949219e+01
   1.9651900e+06   2.1301270e+01
   1.9652990e+06   2.1606445e+01
   1.9654200e+06   2.2583008e+01
   1.9655470e+06   2.3071289e+01
   1.9656810e+06   2.0568848e+01
   1.9658050e+06   2.7282715e+01
   1.9659400e+06   2.2399902e+01
   1.9660800e+06   2.5085449e+01
   1.9662450e+06   2.2460938e+01
   1.9664070e+06   2.4108887e+01
   1.9665780e+06   2.3071289e+01
   1.9667480e+06   2.4780273e+01
   2.1438110e+06   2.0263672e+01
   2.1438600e+06   2.5756836e+01
   2.1439190e+06   2.3559570e+01
   2.1441230e+06   2.1301270e+01
   2.1442000e+06   2.0141602e+01
   2.1442740e+06   1.6845703e+01
   2.1443640e+06   2.5146484e+01
   2.1444530e+06   1.9409180e+01
   2.1445540e+06   2.6550293e+01
   2.1446670e+06   1.9165039e+01
   2.1447740e+06   2.3498535e+01
   2.1448800e+06   2.5756836e+01
   2.1450070e+06   2.3498535e+01
   2.1451310e+06   2.8503418e+01
   2.1452480e+06   2.2216797e+01
   2.1453880e+06   2.4291992e+01
   2.1455120e+06   2.4963379e+01
   2.2556730e+06   2.6916504e+01
   2.2557310e+06   1.8859863e+01
   2.2557890e+06   1.9226074e+01
   2.2558730e+06   1.9104004e+01
   2.2560250e+06   1.8676758e+01
   2.2561050e+06   1.9104004e+01
   2.2561930e+06   2.2399902e+01
   2.2562770e+06   2.4047852e+01
   2.2563640e+06   2.5024414e+01
   2.2564580e+06   2.4658203e+01
   2.2565590e+06   2.2705078e+01
   2.2566680e+06   2.0446777e+01
   2.6415250e+06   2.6916504e+01
   2.6416640e+06   1.7456055e+01
   2.6417120e+06   2.8747559e+01
   2.6418490e+06   2.8076172e+01
   2.6420110e+06   2.9479980e+01
   2.6421970e+06   2.9296875e+01
   2.6424110e+06   3.1188965e+01
   2.8063880e+06   2.1667480e+01
   2.8064340e+06   2.7954102e+01
   2.8065290e+06   2.6123047e+01
   2.8066070e+06   1.9897461e+01
   2.8066830e+06   2.0507813e+01
   2.8067540e+06   2.2521973e+01
   2.8068280e+06   1.9592285e+01
   2.8068980e+06   2.4291992e+01
   2.8069810e+06   2.6611328e+01
   2.8070630e+06   2.6794434e+01
   2.8071590e+06   2.5451660e+01
   2.8072570e+06   2.6855469e+01
   2.8073520e+06   2.2399902e+01
   2.8373510e+06   1.5441895e+01
   2.8630110e+06   2.6916504e+01
   2.8631610e+06   2.1484375e+01
   2.8633150e+06   2.4047852e+01
   2.8634620e+06   2.2277832e+01
   2.8637150e+06   2.6000977e+01
   2.8639130e+06   2.7038574e+01
   2.8640950e+06   2.5329590e+01
   2.8642880e+06   2.4658203e+01
   2.8644600e+06   2.4780273e+01
   2.9147280e+06   2.3376465e+01
   2.9149360e+06   2.7221680e+01
   2.9151220e+06   2.7770996e+01
   2.9153640e+06   2.5512695e+01
   2.9159240e+06   2.6428223e+01
   2.9985250e+06   2.7770996e+01
   2.9986290e+06   2.2338867e+01
   2.9987600e+06   2.0446777e+01
   2.9989280e+06   3.0151367e+01
   2.9990230e+06   2.3925781e+01
   2.9990970e+06   1.9287109e+01
   2.9991740e+06   1.6479492e+01
   2.9992540e+06   2.4108887e+01
   2.9993360e+06   2.0751953e+01
   2.9994180e+06   2.0507813e+01
   2.9995040e+06   2.3376465e+01
   2.9995950e+06   2.5207520e+01
   2.9996930e+06   2.3986816e+01
   2.9998290e+06   2.5451660e+01
   3.0278590e+06   2.8137207e+01
   3.0279670e+06   2.5573730e+01
   3.0281100e+06   2.0812988e+01
   3.0282860e+06   2.0996094e+01
   3.0284110e+06   2.4963379e+01
   3.0286450e+06   2.2827148e+01
   3.0288460e+06   2.1240234e+01
   3.0290480e+06   2.2766113e+01
   3.0292530e+06   2.2644043e+01
   3.0294590e+06   2.5146484e+01
   3.0296080e+06   2.3376465e+01
   3.0297140e+06   2.3620605e+01
   3.0299250e+06   1.8920898e+01
   3.0300320e+06   1.7333984e+01
   3.0301460e+06   2.2521973e+01
   3.0302690e+06   2.0324707e+01
   3.0303930e+06   2.2216797e+01
   3.0305310e+06   2.4230957e+01
   3.0306860e+06   2.5146484e+01
   3.0719070e+06   2.7770996e+01
   3.0719910e+06   2.2827148e+01
   3.0720370e+06   1.6113281e+01
   3.0720680e+06   2.1240234e+01
   3.0721910e+06   2.5329590e+01
   3.0723080e+06   1.9470215e+01
   3.0724050e+06   2.2521973e+01
   3.0725700e+06   2.2033691e+01
   3.0727000e+06   2.0751953e+01
   3.0728140e+06   1.6296387e+01
   3.0729970e+06   1.6601563e+01
   3.0730920e+06   2.1789551e+01
   3.0731940e+06   1.8981934e+01
   3.0732930e+06   2.0935059e+01
   3.0734080e+06   2.4291992e+01
   3.0735400e+06   2.5756836e+01
   3.0736680e+06   2.2155762e+01
   3.1089900e+06   2.9602051e+01
   3.1090900e+06   1.8615723e+01
   3.1091920e+06   2.1301270e+01
   3.1093360e+06   2.2216797e+01
   3.1094320e+06   2.0751953e+01
   3.1095730e+06   1.9470215e+01
   3.1096980e+06   2.3315430e+01
   3.1097610e+06   1.5258789e+01
   3.1098000e+06   2.2277832e+01
   3.1098980e+06   1.9531250e+01
   3.1099910e+06   1.8249512e+01
   3.1100850e+06   2.1301270e+01
   3.1101780e+06   2.0568848e+01
   3.1102780e+06   2.1240234e+01
   3.1103830e+06   2.3193359e+01
   3.1104940e+06   2.0202637e+01
   3.1106130e+06   2.2277832e+01
   3.1107430e+06   2.1606445e+01
   3.1108800e+06   2.3986816e+01
   3.1110380e+06   2.6062012e+01
   3.1111820e+06   2.6367188e+01
   3.1113530e+06   2.5451660e+01
   3.1347270e+06   1.5319824e+01
   3.1347920e+06   2.8015137e+01
   3.1348600e+06   2.3559570e+01
   3.1350000e+06   2.6733398e+01
   3.1351340e+06   1.8493652e+01
   3.1352620e+06   2.4902344e+01
   3.1353670e+06   1.5869141e+01
   3.1355010e+06   2.0507813e+01
   3.1356100e+06   1.7761230e+01
   3.1357160e+06   1.5625000e+01
   3.1358280e+06   2.2521973e+01
   3.1359300e+06   2.0507813e+01
   3.1360360e+06   2.0202637e+01
   3.1361430e+06   1.7395020e+01
   3.1362600e+06   2.2216797e+01
   3.1363770e+06   2.9541016e+01
   3.1365040e+06   2.4291992e+01
   3.1366460e+06   2.3925781e+01
   3.1680510e+06   1.6052246e+01
   3.1681050e+06   3.4667969e+01
   3.1681760e+06   1.9714355e+01
   3.1682600e+06   1.5258789e+01
   3.1685490e+06   1.7150879e+01
   3.1686480e+06   1.7700195e+01
   3.1687540e+06   2.3925781e+01
   3.1688620e+06   1.5563965e+01
   3.1689640e+06   2.3620605e+01
   3.1690750e+06   2.2827148e+01
   3.1691980e+06   2.4291992e+01
   3.1693160e+06   2.4719238e+01
   3.1694360e+06   2.0629883e+01
   3.1695660e+06   2.3559570e+01
   3.1697110e+06   2.1850586e+01
   3.1698660e+06   2.5878906e+01
   3.1700250e+06   2.4353027e+01
   3.1701890e+06   2.4719238e+01
   3.1703290e+06   2.4963379e+01
   3.1705140e+06   2.6672363e+01
   3.1973710e+06   2.8442383e+01
   3.1974820e+06   2.2766113e+01
   3.1975760e+06   1.9042969e+01
   3.1976920e+06   2.3010254e+01
   3.1977820e+06   1.9226074e+01
   3.1978950e+06   2.4169922e+01
   3.1980000e+06   2.2583008e+01
   3.1984180e+06   1.7822266e+01
   3.1985320e+06   1.5441895e+01
   3.1986540e+06   1.9958496e+01
   3.1987830e+06   2.3681641e+01
   3.1989160e+06   2.1850586e+01
   3.1990550e+06   2.3742676e+01
   3.2296120e+06   3.0578613e+01
   3.2296930e+06   3.0944824e+01
   3.2297860e+06   2.4536133e+01
   3.2299070e+06   2.4902344e+01
   3.2300110e+06   2.2277832e+01
   3.2301140e+06   2.3376465e+01
   3.2302460e+06   2.5573730e+01
   3.2303920e+06   2.3010254e+01
   3.2304550e+06   1.7272949e+01
   3.2305090e+06   1.8615723e+01
   3.2306290e+06   1.8737793e+01
   3.2307710e+06   2.1667480e+01
   3.2309240e+06   2.1972656e+01
   3.2310970e+06   2.3742676e+01
   3.2313000e+06   2.2460938e+01
   3.2685850e+06   2.8137207e+01
   3.2686790e+06   3.4057617e+01
   3.2687820e+06   2.3559570e+01
   3.2688870e+06   2.7160645e+01
   3.2690680e+06   2.6672363e+01
   3.2692340e+06   2.5146484e+01
   3.2693960e+06   2.3986816e+01
   3.2695770e+06   2.2888184e+01
   3.2697540e+06   2.3620605e+01
   3.2699860e+06   3.1372070e+01
   3.2977200e+06   2.6977539e+01
   3.2978170e+06   1.6967773e+01
   3.2978270e+06   2.5268555e+01
   3.2979080e+06   2.5024414e+01
   3.2979210e+06   1.6479492e+01
   3.2980120e+06   2.4414063e+01
   3.2981620e+06   2.4353027e+01
   3.2982950e+06   2.3620605e+01
   3.2984520e+06   2.7282715e+01
   3.2986480e+06   3.1372070e+01
   3.2988500e+06   2.9541016e+01
   3.3252620e+06   1.6723633e+01
   3.3253210e+06   2.5695801e+01
   3.3253730e+06   1.6296387e+01
   3.3253830e+06   2.1545410e+01
   3.3255110e+06   2.6977539e+01
   3.3256450e+06   2.8320313e+01
   3.3258000e+06   2.1179199e+01
   3.3649180e+06   2.2949219e+01
   3.3650880e+06   2.7893066e+01
   3.3652630e+06   2.8320313e+01
   3.6383680e+06   3.7170410e+01
   3.6384690e+06   2.8137207e+01
   3.6385570e+06   2.6123047e+01
   3.6386360e+06   2.0996094e+01
   3.6387130e+06   2.4780273e+01
   3.6387890e+06   2.1606445e+01
   3.6388680e+06   2.2644043e+01
   3.6389530e+06   2.7709961e+01
   3.6390410e+06   2.5939941e+01
   3.6391350e+06   2.4414063e+01
   3.6392420e+06   2.5695801e+01
   3.6394030e+06   2.8198242e+01
   3.6395340e+06   2.7343750e+01
   3.6396700e+06   2.6855469e+01
   3.6397900e+06   2.3742676e+01
   3.6399210e+06   2.5268555e+01
   3.7168280e+06   2.6245117e+01
   3.7169480e+06   2.6794434e+01
   3.7170410e+06   2.1545410e+01
   3.7171270e+06   2.3559570e+01
   3.7172100e+06   2.3132324e+01
   3.7172860e+06   2.1606445e+01
   3.7173670e+06   2.6794434e+01
   3.7174570e+06   2.6184082e+01
   3.7175490e+06   2.1057129e+01
   3.7176400e+06   2.5634766e+01
   3.7177460e+06   2.5634766e+01
   3.7178520e+06   2.1179199e+01
   3.7179560e+06   2.4658203e+01
   3.7180800e+06   2.4780273e+01
   3.8936340e+06   2.5878906e+01
   3.8937240e+06   2.3620605e+01
   3.8938110e+06   2.1240234e+01
   3.8938880e+06   2.6916504e+01
   3.8939640e+06   1.9348145e+01
   3.8940400e+06   2.2888184e+01
   3.8941150e+06   2.4353027e+01
   3.8941930e+06   2.8930664e+01
   3.8942830e+06   2.0507813e+01
   3.8943750e+06   2.5085449e+01
   3.8944750e+06   2.4108887e+01
   3.8945810e+06   2.3620605e+01
   3.8946860e+06   2.3620605e+01
   4.1979820e+06   2.5207520e+01
   4.1980490e+06   1.5502930e+01
   4.1981480e+06   2.5268555e+01
   4.1982670e+06   2.2277832e+01
   4.1983690e+06   3.0029297e+01
   4.1984660e+06   2.8564453e+01
   4.1985700e+06   2.7038574e+01
   4.1986760e+06   2.5756836e+01
   4.1987830e+06   2.0446777e+01
   4.1988970e+06   2.6672363e+01
   4.1990280e+06   2.8198242e+01
   4.1991610e+06   2.5573730e+01
   4.1993040e+06   2.6367188e+01
   4.4221750e+06   1.5808105e+01
   4.4929830e+06   2.8991699e+01
   4.4931740e+06   2.5878906e+01
   4.4933690e+06   2.4719238e+01
   4.4935440e+06   2.7587891e+01
   4.5386110e+06   1.5441895e+01
   4.7533310e+06   1.5319824e+01
   4.8179180e+06   1.5930176e+01
   4.8179310e+06   2.3742676e+01
   4.8179830e+06   1.6784668e+01
   4.8180370e+06   1.9287109e+01
   4.8181000e+06   1.9226074e+01
   4.8181690e+06   1.6113281e+01
   4.8182350e+06   2.5634766e+01
   4.8183000e+06   2.2460938e+01
   4.8183750e+06   2.4658203e+01
   4.8184600e+06   2.3193359e+01
   4.8185550e+06   2.0996094e+01
   4.8186790e+06   2.2827148e+01
   4.8189240e+06   2.3010254e+01
   4.8614040e+06   1.9348145e+01
   4.8614560e+06   2.2033691e+01
   4.8616490e+06   1.5319824e+01
   4.8617640e+06   1.6418457e+01
   4.8619390e+06   1.5991211e+01
   4.8620290e+06   1.7944336e+01
   4.8621250e+06   1.5502930e+01
   4.8622290e+06   1.7517090e+01
   4.8623380e+06   1.7272949e+01
   4.8624410e+06   1.5625000e+01
   4.8625500e+06   1.6906738e+01
   4.8626620e+06   1.8798828e+01
   4.8627900e+06   2.0751953e+01
   4.8629060e+06   1.7517090e+01
   4.8630350e+06   1.9958496e+01
   4.8631620e+06   2.3010254e+01
   4.8632890e+06   2.0507813e+01
   4.8634170e+06   2.0080566e+01
   4.8635440e+06   2.0751953e+01
   4.8636970e+06   2.2033691e+01
   4.8638410e+06   2.1911621e+01
   4.8639840e+06   2.5573730e+01
   4.8829210e+06   2.8076172e+01
   4.8829710e+06   2.7282715e+01
   4.8830330e+06   1.6052246e+01
   4.8834810e+06   1.7700195e+01
   4.8835750e+06   1.5747070e+01
   4.8837860e+06   1.8310547e+01
   4.8838930e+06   2.0263672e+01
   4.8840100e+06   1.6601563e+01
   4.8841010e+06   1.5869141e+01
   4.8841290e+06   1.7639160e+01
   4.8842330e+06   1.5258789e+01
   4.8842510e+06   2.3315430e+01
   4.8843810e+06   2.3925781e+01
   4.8845160e+06   1.8493652e+01
   4.8846420e+06   2.2094727e+01
   4.8847960e+06   2.4902344e+01
   4.8849540e+06   2.0629883e+01
   4.8851150e+06   2.2338867e+01
   4.8918620e+06   1.5380859e+01
   4.8979690e+06   3.2043457e+01
   4.8979790e+06   2.4291992e+01
   4.8980350e+06   1.5441895e+01
   4.8980930e+06   2.0812988e+01
   4.8984310e+06   1.5808105e+01
   4.8986500e+06   1.7272949e+01
   4.8987620e+06   1.7333984e+01
   4.8988870e+06   1.8371582e+01
   4.8990200e+06   1.7272949e+01
   4.8991510e+06   2.0629883e+01
   4.8992830e+06   2.2460938e+01
   4.8994230e+06   2.6123047e+01
   4.8995590e+06   2.3742676e+01
   4.8997170e+06   2.2949219e+01
   4.8998970e+06   2.2949219e+01
   4.9000780e+06   2.5939941e+01
   4.9155480e+06   2.4963379e+01
   4.9156160e+06   2.4780273e+01
   4.9160220e+06   1.8493652e+01
   4.9161360e+06   1.5930176e+01
   4.9162420e+06   1.9470215e+01
   4.9163530e+06   1.5747070e+01
   4.9164760e+06   1.6540527e+01
   4.9165100e+06   1.6418457e+01
   4.9166100e+06   1.5625000e+01
   4.9167380e+06   1.8371582e+01
   4.9168670e+06   2.1911621e+01
   4.9170180e+06   2.0080566e+01
   4.9171710e+06   2.0935059e+01
   4.9173220e+06   1.9775391e+01
   4.9174800e+06   2.0019531e+01
   4.9176540e+06   2.1850586e+01
   4.9178330e+06   2.3254395e+01
   4.9336610e+06   1.6723633e+01
   4.9337410e+06   2.5817871e+01
   4.9338130e+06   2.5146484e+01
   4.9342980e+06   1.9775391e+01
   4.9344130e+06   1.5502930e+01
   4.9345320e+06   1.6967773e+01
   4.9346560e+06   2.0141602e+01
   4.9347850e+06   1.8981934e+01
   4.9349260e+06   1.8432617e+01
   4.9350700e+06   1.8737793e+01
   4.9352170e+06   2.0019531e+01
   4.9353710e+06   2.3071289e+01
   4.9355270e+06   2.0812988e+01
   4.9357180e+06   2.1362305e+01
   4.9761860e+06   2.9052734e+01
   4.9763010e+06   2.4291992e+01
   4.9764430e+06   2.3010254e+01
   4.9765720e+06   1.9653320e+01
   4.9766830e+06   1.9042969e+01
   4.9767990e+06   1.6967773e+01
   4.9768920e+06   1.7333984e+01
   4.9770550e+06   1.8371582e+01
   4.9772660e+06   1.7395020e+01
   4.9773730e+06   1.9775391e+01
   4.9774860e+06   1.8066406e+01
   4.9776020e+06   1.7822266e+01
   4.9777210e+06   1.9775391e+01
   4.9778410e+06   2.5817871e+01
   4.9779750e+06   2.4108887e+01
   4.9781050e+06   2.2949219e+01
   4.9782430e+06   2.0507813e+01
   5.0118190e+06   2.2827148e+01
   5.0119720e+06   2.3803711e+01
   5.0121310e+06   2.4475098e+01
   5.0122690e+06   2.1545410e+01
   5.0122980e+06   1.8371582e+01
   5.0124170e+06   1.9775391e+01
   5.0125410e+06   2.0080566e+01
   5.0126670e+06   1.6601563e+01
   5.0127820e+06   2.0690918e+01
   5.0128930e+06   1.6540527e+01
   5.0130050e+06   1.6418457e+01
   5.0131230e+06   2.1728516e+01
   5.0132400e+06   2.3376465e+01
   5.0133660e+06   1.9836426e+01
   5.0135060e+06   2.4291992e+01
   5.0136580e+06   2.5695801e+01
   5.0138010e+06   2.8259277e+01
   5.0139510e+06   2.8015137e+01
   5.0141120e+06   2.5451660e+01
   5.0143090e+06   2.5024414e+01
   5.0145080e+06   2.4963379e+01
   5.0450280e+06   2.6672363e+01
   5.0451120e+06   2.2460938e+01
   5.0451900e+06   1.6174316e+01
   5.0452670e+06   1.6418457e+01
   5.0453700e+06   1.9531250e+01
   5.0454710e+06   1.8920898e+01
   5.0455850e+06   1.9592285e+01
   5.0456910e+06   2.0263672e+01
   5.0458070e+06   2.2460938e+01
   5.0459420e+06   2.2277832e+01
   5.0460680e+06   2.0874023e+01
   5.0462000e+06   2.0507813e+01
   5.0463350e+06   2.1484375e+01
   5.0464820e+06   2.4169922e+01
   5.0466580e+06   2.5695801e+01
   5.0468560e+06   2.7038574e+01
   5.0470810e+06   2.6123047e+01
   5.0473430e+06   2.9235840e+01
   5.0475630e+06   2.5573730e+01
   5.1044980e+06   2.6367188e+01
   5.1046190e+06   2.9052734e+01
   5.1048080e+06   2.8686523e+01
   5.1050130e+06   2.0202637e+01
   5.1360910e+06   2.4169922e+01
   5.6375750e+06   1.5502930e+01
   5.6602160e+06   2.5695801e+01
   5.6602900e+06   2.1057129e+01
   5.6603620e+06   1.9836426e+01
   5.6604340e+06   2.3254395e+01
   5.6605040e+06   1.9775391e+01
   5.6605780e+06   2.3620605e+01
   5.6606490e+06   2.5695801e+01
   5.6607270e+06   2.1911621e+01
   5.6608050e+06   2.3742676e+01
   5.6608920e+06   2.0812988e+01
   5.6609810e+06   2.5024414e+01
   5.6610750e+06   2.5695801e+01
   5.6612240e+06   2.2338867e+01
   5.6613200e+06   2.3437500e+01
   6.3677690e+06   2.1057129e+01
   6.3678180e+06   1.7395020e+01
   6.3678720e+06   1.5563965e+01
   6.3679400e+06   1.8554688e+01
   6.3680040e+06   1.6845703e+01
   6.3680710e+06   2.2827148e+01
   6.3681370e+06   2.0019531e+01
   6.3682060e+06   2.3132324e+01
   6.3682880e+06   1.9653320e+01
   6.3683740e+06   1.9226074e+01
   6.3684570e+06   2.3925781e+01
   6.3685470e+06   1.8188477e+01
   6.3686490e+06   2.5085449e+01
   6.4040590e+06   2.3010254e+01
   6.4185030e+06   3.1738281e+01
   6.4185310e+06   1.7272949e+01
   6.4185480e+06   1.8920898e+01
   6.4188910e+06   1.6906738e+01
   6.4190490e+06   1.6357422e+01
   6.4191450e+06   1.7028809e+01
   6.4192350e+06   1.7028809e+01
   6.4193390e+06   1.5258789e+01
   6.4194380e+06   1.9470215e+01
   6.4195450e+06   1.6052246e+01
   6.4196430e+06   1.7822266e+01
   6.4197540e+06   1.8859863e+01
   6.4198750e+06   1.9836426e+01
   6.4199910e+06   2.3376465e+01
   6.4201000e+06   1.9409180e+01
   6.4202120e+06   2.2521973e+01
   6.4203470e+06   2.2094727e+01
   6.4204760e+06   2.0446777e+01
   6.4206190e+06   2.0019531e+01
   6.4207790e+06   2.6733398e+01
   6.4209300e+06   2.1362305e+01
   6.4210770e+06   2.2644043e+01
   6.4212450e+06   2.3681641e+01
   6.4213870e+06   2.1301270e+01
   6.4417840e+06   2.6611328e+01
   6.4418330e+06   1.9897461e+01
   6.4421930e+06   1.5930176e+01
   6.4422730e+06   1.8310547e+01
   6.4423700e+06   1.7028809e+01
   6.4424700e+06   1.9531250e+01
   6.4425880e+06   2.0996094e+01
   6.4426940e+06   1.7395020e+01
   6.4428040e+06   2.1423340e+01
   6.4429210e+06   2.1606445e+01
   6.4430390e+06   2.0629883e+01
   6.4431630e+06   1.8493652e+01
   6.4432890e+06   2.5329590e+01
   6.4434200e+06   1.9531250e+01
   6.4435520e+06   2.0751953e+01
   6.4436890e+06   2.7404785e+01
   6.4438300e+06   2.3803711e+01
   6.4439790e+06   2.5268555e+01
   6.4441340e+06   2.6733398e+01
   6.4442790e+06   2.0996094e+01
   6.4444450e+06   2.6794434e+01
   6.4670330e+06   2.4963379e+01
   6.4672050e+06   2.4780273e+01
   6.4673210e+06   1.9714355e+01
   6.4674100e+06   1.6418457e+01
   6.4676560e+06   1.9287109e+01
   6.4680550e+06   1.8188477e+01
   6.4681670e+06   1.6662598e+01
   6.4682740e+06   1.8188477e+01
   6.4683870e+06   2.0019531e+01
   6.4684970e+06   1.8127441e+01
   6.4686180e+06   2.3559570e+01
   6.4687500e+06   2.1606445e+01
   6.4689120e+06   2.0446777e+01
   6.4690460e+06   2.5817871e+01
   6.4977600e+06   2.6428223e+01
   6.4979080e+06   2.9479980e+01
   6.4979310e+06   1.4953613e+01
   6.4979930e+06   1.4953613e+01
   6.4980230e+06   1.9531250e+01
   6.4983610e+06   1.5258789e+01
   6.4984080e+06   1.7761230e+01
   6.4985120e+06   2.5268555e+01
   6.4986180e+06   1.5502930e+01
   6.4987260e+06   1.9531250e+01
   6.4988420e+06   1.7456055e+01
   6.4989510e+06   2.0324707e+01
   6.4990550e+06   2.0874023e+01
   6.4991730e+06   1.9958496e+01
   6.4992830e+06   2.2521973e+01
   6.4994190e+06   2.0019531e+01
   6.4995500e+06   1.9042969e+01
   6.4996990e+06   2.0019531e+01
   6.5085640e+06   1.5075684e+01
   6.5284640e+06   2.6367188e+01
   6.5286400e+06   2.9602051e+01
   6.5287630e+06   2.2338867e+01
   6.5288730e+06   2.0019531e+01
   6.5289000e+06   1.7089844e+01
   6.5289810e+06   1.7822266e+01
   6.5291020e+06   1.9104004e+01
   6.5292300e+06   1.5930176e+01
   6.5293530e+06   1.9775391e+01
   6.5294850e+06   2.1362305e+01
   6.5296370e+06   2.3315430e+01
   6.5297980e+06   2.6000977e+01
   6.5299670e+06   2.0751953e+01
   6.5301360e+06   2.4719238e+01
   6.5303410e+06   2.4902344e+01
   6.5305780e+06   2.1606445e+01
   6.5791100e+06   1.4953613e+01
   6.7837820e+06   1.5136719e+01
   6.9820550e+06   1.4953613e+01
   6.9906910e+06   1.5319824e+01
   7.8307440e+06   3.3142090e+01
   7.8307890e+06   2.0019531e+01
   7.8308430e+06   1.6418457e+01
   7.8309740e+06   1.5319824e+01
   7.8310450e+06   1.6784668e+01
   7.8311100e+06   1.9348145e+01
   7.8311820e+06   1.7761230e+01
   7.8312550e+06   1.8676758e+01
   7.8313380e+06   2.1728516e+01
   7.8314280e+06   2.4475098e+01
   7.8315290e+06   1.7578125e+01
   7.8316270e+06   2.0080566e+01
   7.8317440e+06   2.4353027e+01
   7.8318510e+06   2.2338867e+01
   7.8897630e+06   1.9714355e+01
   7.8897830e+06   1.7395020e+01
   7.8898170e+06   2.1118164e+01
   7.8898790e+06   1.6906738e+01
   7.8902680e+06   2.2644043e+01
   7.8903560e+06   2.7160645e+01
   7.8904540e+06   1.5808105e+01
   7.8905490e+06   2.4719238e+01
   7.8906480e+06   1.7089844e+01
   7.8907530e+06   1.7822266e+01
   7.8908500e+06   2.2216797e+01
   7.8909550e+06   2.4719238e+01
   7.8910550e+06   1.9042969e+01
   7.8911610e+06   1.8920898e+01
   7.8912830e+06   1.9104004e+01
   7.8913950e+06   1.9409180e+01
   7.8915100e+06   1.8737793e+01
   7.8916420e+06   2.2583008e+01
   7.8917700e+06   1.9836426e+01
   7.8918850e+06   2.1545410e+01
   7.8920070e+06   1.9348145e+01
   7.8921470e+06   2.1606445e+01
   7.8922820e+06   2.1301270e+01
   7.8924120e+06   2.4230957e+01
   7.8925540e+06   2.1362305e+01
   7.8927200e+06   2.4230957e+01
   7.8928650e+06   2.4902344e+01
   7.8930290e+06   2.4780273e+01
   7.9152230e+06   1.5258789e+01
   7.9152750e+06   2.4597168e+01
   7.9152990e+06   1.5014648e+01
   7.9153270e+06   2.3620605e+01
   7.9158980e+06   2.0080566e+01
   7.9160010e+06   1.7150879e+01
   7.9162140e+06   1.7944336e+01
   7.9163270e+06   2.3315430e+01
   7.9164380e+06   1.9409180e+01
   7.9165650e+06   2.0202637e+01
   7.9166920e+06   2.4414063e+01
   7.9168220e+06   2.2827148e+01
   7.9169560e+06   2.1789551e+01
   7.9170800e+06   2.6794434e+01
   7.9572350e+06   2.5329590e+01
   7.9575130e+06   2.5573730e+01
   7.9673410e+06   2.4047852e+01
   7.9675610e+06   2.7221680e+01
   7.9677650e+06   2.9052734e+01
   7.9770430e+06   2.7526855e+01
   7.9885320e+06   2.9418945e+01
   7.9887380e+06   2.7526855e+01
   7.9888670e+06   1.7578125e+01
   7.9890580e+06   2.5329590e+01
   8.1611800e+06   3.2043457e+01
   8.1612330e+06   2.1667480e+01
   8.1612940e+06   1.7395020e+01
   8.1613500e+06   2.0751953e+01
   8.1614280e+06   1.6479492e+01
   8.1615020e+06   1.6357422e+01
   8.1615770e+06   1.8188477e+01
   8.1616540e+06   2.7770996e+01
   8.1617360e+06   2.3742676e+01
   8.1618140e+06   2.2705078e+01
   8.1618980e+06   2.3742676e+01
   8.1619880e+06   2.2155762e+01
   8.1620870e+06   1.9409180e+01
   8.1621860e+06   2.4902344e+01
   8.1623130e+06   1.9775391e+01
   8.1624470e+06   2.1606445e+01
   8.2980860e+06   1.5075684e+01
   8.4024470e+06   2.8564453e+01
   8.4025000e+06   1.8554688e+01
   8.4025580e+06   1.5014648e+01
   8.4026980e+06   2.1057129e+01
   8.4027740e+06   2.1911621e+01
   8.4028520e+06   2.0446777e+01
   8.4029280e+06   2.2827148e+01
   8.4030130e+06   2.2949219e+01
   8.4031050e+06   2.3803711e+01
   8.4031870e+06   2.2033691e+01
   8.4032900e+06   2.4902344e+01
   8.4034580e+06   2.8564453e+01
   9.8633180e+06   3.2653809e+01
   1.1234863e+07   1.5502930e+01
   1.1479420e+07   3.0090332e+01
   1.1479460e+07   2.0019531e+01
   1.1479517e+07   1.6052246e+01
   1.1479573e+07   1.5991211e+01
   1.1479676e+07   1.7883301e+01
   1.1479804e+07   1.5563965e+01
   1.1479814e+07   1.6479492e+01
   1.1479881e+07   1.8371582e+01
   1.1479955e+07   1.6357422e+01
   1.1480043e+07   1.7089844e+01
   1.1480128e+07   2.0812988e+01
   1.1480240e+07   1.9226074e+01
   1.1480610e+07   1.8371582e+01
