   1.1999000e+07   0.0000000e+00
   2.5093000e+05   1.7089844e+01
   2.5099300e+05   1.7822266e+01
   2.5108300e+05   2.0263672e+01
   2.5116800e+05   1.9226074e+01
   2.6815100e+05   1.8737793e+01
   2.6825200e+05   1.6906738e+01
   2.6828100e+05   1.7211914e+01
   2.6847600e+05   1.7883301e+01
   2.6925800e+05   1.6906738e+01
   3.4344200e+05   1.7089844e+01
   3.4353100e+05   1.8981934e+01
   3.4359100e+05   2.2216797e+01
   3.4362000e+05   1.8005371e+01
   3.4371100e+05   1.8676758e+01
   3.6424900e+05   1.9409180e+01
   3.6437500e+05   1.9348145e+01
   3.6440200e+05   1.7089844e+01
   3.6449100e+05   1.9775391e+01
   3.6458200e+05   1.9836426e+01
   3.6461100e+05   2.2155762e+01
   4.2445700e+05   2.0385742e+01
   4.2451700e+05   2.1301270e+01
   4.2454500e+05   1.7578125e+01
   4.2459100e+05   1.7333984e+01
   4.2479500e+05   1.8493652e+01
   4.2487900e+05   1.6967773e+01
   4.7056000e+05   1.6845703e+01
   4.7059300e+05   1.7944336e+01
   4.7062700e+05   2.1484375e+01
   4.7066800e+05   1.8066406e+01
   4.7070200e+05   2.1789551e+01
   4.7080800e+05   1.7761230e+01
   5.0487000e+05   1.6967773e+01
   5.0492200e+05   1.8432617e+01
   5.0495900e+05   1.8249512e+01
   5.0512200e+05   1.7333984e+01
   5.0550300e+05   1.7883301e+01
   5.4398500e+05   1.7150879e+01
   5.4404500e+05   1.7700195e+01
   5.4409200e+05   1.9104004e+01
   5.4412900e+05   1.7883301e+01
   5.4416100e+05   2.2338867e+01
   5.4419400e+05   1.7089844e+01
   5.4422900e+05   1.8127441e+01
   5.4431800e+05   1.8432617e+01
   5.4435700e+05   1.9042969e+01
   5.4444700e+05   1.7700195e+01
   5.7842300e+05   1.8005371e+01
   5.7844400e+05   1.7944336e+01
   5.7849000e+05   1.7883301e+01
   5.7855600e+05   1.7089844e+01
   5.7862300e+05   1.7700195e+01
   5.7888500e+05   1.8310547e+01
   6.0744800e+05   1.8676758e+01
   6.0759200e+05   1.8066406e+01
   6.0761900e+05   1.8066406e+01
   6.0768700e+05   2.1789551e+01
   6.3302000e+05   1.7822266e+01
   6.3310800e+05   2.0507813e+01
   6.3321300e+05   2.0446777e+01
   6.3329600e+05   1.8676758e+01
   6.3364900e+05   1.7028809e+01
   6.5396000e+05   2.0935059e+01
   6.5401800e+05   1.8066406e+01
   6.5414800e+05   1.8310547e+01
   6.5418800e+05   1.8005371e+01
   6.7313600e+05   1.8920898e+01
   6.8966000e+05   1.7578125e+01
   6.8985200e+05   1.8676758e+01
   6.9000000e+05   1.8493652e+01
   6.9035800e+05   1.6967773e+01
   7.1125400e+05   1.9165039e+01
   7.1129500e+05   1.7700195e+01
   7.1144500e+05   2.0996094e+01
   7.4072100e+05   1.7272949e+01
   7.5655500e+05   1.7150879e+01
   7.9656000e+05   1.9348145e+01
   8.1843400e+05   1.7333984e+01
   8.1848700e+05   1.8066406e+01
   8.3513600e+05   1.7395020e+01
   8.6409800e+05   1.7761230e+01
   8.8487100e+05   1.7395020e+01
   8.8506800e+05   1.7517090e+01
   1.1182640e+06   1.8005371e+01
   1.3720100e+06   1.7089844e+01
   1.3720480e+06   1.9470215e+01
   1.3720930e+06   1.9226074e+01
   1.3721170e+06   2.0446777e+01
   1.3722510e+06   1.7700195e+01
   1.4528350e+06   1.8005371e+01
   1.4529340e+06   1.9897461e+01
   1.4531980e+06   1.7089844e+01
   1.8475360e+06   1.6845703e+01
   1.9508230e+06   2.4963379e+01
   1.9508330e+06   1.9958496e+01
   1.9508690e+06   1.7089844e+01
   1.9509080e+06   1.7272949e+01
   1.9509270e+06   2.2644043e+01
   1.9510480e+06   1.8127441e+01
   1.9511020e+06   1.8737793e+01
   1.9645410e+06   2.0690918e+01
   1.9645880e+06   2.1972656e+01
   1.9648080e+06   1.7944336e+01
   2.1438120e+06   2.1606445e+01
   2.1438710e+06   1.7700195e+01
   2.1439030e+06   1.8188477e+01
   2.1439480e+06   1.7211914e+01
   2.1440940e+06   1.9958496e+01
   2.2556090e+06   1.9531250e+01
   2.2556410e+06   2.3010254e+01
   2.2556630e+06   1.8371582e+01
   2.2556860e+06   1.8066406e+01
   2.2559360e+06   1.7333984e+01
   2.2559880e+06   1.9165039e+01
   2.2561360e+06   1.9775391e+01
   2.6405790e+06   1.8859863e+01
   2.8063970e+06   2.3376465e+01
   2.8064220e+06   1.7211914e+01
   2.8064540e+06   1.7211914e+01
   2.8064720e+06   2.4597168e+01
   2.8065070e+06   1.8859863e+01
   2.8065210e+06   1.8310547e+01
   2.8065480e+06   1.8249512e+01
   2.8066620e+06   1.7639160e+01
   2.8068120e+06   1.7639160e+01
   2.8068760e+06   1.7700195e+01
   2.8630090e+06   1.6906738e+01
   2.9147660e+06   1.7028809e+01
   2.9988220e+06   1.7272949e+01
   2.9988690e+06   1.7944336e+01
   2.9989650e+06   1.9165039e+01
   2.9990260e+06   1.7028809e+01
   2.9990630e+06   1.8981934e+01
   2.9990810e+06   1.7150879e+01
   2.9991370e+06   1.7883301e+01
   2.9993860e+06   1.8615723e+01
   3.0283550e+06   1.7517090e+01
   3.0294990e+06   1.7150879e+01
   3.0296560e+06   1.7700195e+01
   3.0296850e+06   2.1484375e+01
   3.0724660e+06   1.8554688e+01
   3.0725270e+06   1.7578125e+01
   3.0725770e+06   1.7089844e+01
   3.0727220e+06   1.7578125e+01
   3.0728540e+06   2.1667480e+01
   3.0728660e+06   1.8127441e+01
   3.1094600e+06   1.8676758e+01
   3.1095140e+06   1.9470215e+01
   3.1096700e+06   2.0690918e+01
   3.1096810e+06   1.8859863e+01
   3.1097800e+06   1.7089844e+01
   3.1098120e+06   1.9287109e+01
   3.1099390e+06   1.7761230e+01
   3.1100790e+06   1.7211914e+01
   3.1354290e+06   1.7150879e+01
   3.1356030e+06   1.7272949e+01
   3.1357050e+06   1.7883301e+01
   3.1358110e+06   2.0690918e+01
   3.1679850e+06   1.7395020e+01
   3.1680970e+06   1.9775391e+01
   3.1682430e+06   1.7700195e+01
   3.1682630e+06   1.7028809e+01
   3.1978800e+06   1.8249512e+01
   3.1979520e+06   1.7822266e+01
   3.2298800e+06   1.9714355e+01
   3.2298940e+06   1.8554688e+01
   3.2302180e+06   2.2827148e+01
   3.2303220e+06   1.7150879e+01
   3.2688740e+06   1.7150879e+01
   3.2691840e+06   1.8005371e+01
   3.2976910e+06   2.0080566e+01
   3.2978120e+06   1.8554688e+01
   3.2979600e+06   1.7089844e+01
   3.3252780e+06   1.7211914e+01
   3.3647110e+06   1.7333984e+01
   3.3649660e+06   1.7089844e+01
   3.6383570e+06   1.9165039e+01
   3.6384060e+06   1.9104004e+01
   3.6384280e+06   2.0874023e+01
   3.6385290e+06   1.7150879e+01
   3.6387320e+06   1.7700195e+01
   3.6388590e+06   1.7578125e+01
   3.7169260e+06   2.0141602e+01
   3.7171990e+06   2.0812988e+01
   3.7173020e+06   1.7150879e+01
   3.8936930e+06   1.7761230e+01
   3.8937940e+06   2.4414063e+01
   3.8938840e+06   2.3315430e+01
   4.1980300e+06   1.7089844e+01
   4.1981370e+06   1.7639160e+01
   4.1981780e+06   1.7028809e+01
   4.8179260e+06   2.0812988e+01
   4.8180250e+06   1.7089844e+01
   4.8180450e+06   1.8432617e+01
   4.8613520e+06   1.7822266e+01
   4.8613820e+06   1.9836426e+01
   4.8614030e+06   1.8066406e+01
   4.8614480e+06   1.9287109e+01
   4.8614950e+06   2.0202637e+01
   4.8616320e+06   1.7028809e+01
   4.8828620e+06   1.9042969e+01
   4.8829160e+06   1.8676758e+01
   4.8829500e+06   1.7395020e+01
   4.8829790e+06   2.4047852e+01
   4.8830790e+06   2.1057129e+01
   4.8830950e+06   2.2766113e+01
   4.8835920e+06   1.7272949e+01
   4.8979110e+06   1.7822266e+01
   4.8979270e+06   1.7517090e+01
   4.8979660e+06   1.9836426e+01
   4.8980680e+06   1.9775391e+01
   4.8980900e+06   1.8798828e+01
   4.8981540e+06   1.8005371e+01
   4.8982910e+06   1.9592285e+01
   4.9155780e+06   1.7150879e+01
   4.9157420e+06   1.8249512e+01
   4.9157980e+06   1.7822266e+01
   4.9158540e+06   1.8371582e+01
   4.9337530e+06   2.0263672e+01
   4.9337710e+06   2.1545410e+01
   4.9337970e+06   1.8676758e+01
   4.9338300e+06   1.8127441e+01
   4.9339220e+06   1.7211914e+01
   4.9767280e+06   2.3254395e+01
   4.9767990e+06   1.7761230e+01
   4.9769040e+06   1.7883301e+01
   4.9769430e+06   1.7517090e+01
   4.9770260e+06   1.7578125e+01
   5.0124090e+06   1.7150879e+01
   5.0125010e+06   1.7395020e+01
   5.0127240e+06   1.7272949e+01
   5.0129090e+06   1.7333984e+01
   5.0451180e+06   1.7883301e+01
   5.0451380e+06   2.0324707e+01
   5.0452030e+06   1.7761230e+01
   5.0453970e+06   1.8005371e+01
   5.6601920e+06   1.7272949e+01
   5.6603310e+06   1.8676758e+01
   5.6604050e+06   1.8615723e+01
   6.3677200e+06   1.8005371e+01
   6.3677610e+06   2.0690918e+01
   6.3678110e+06   1.6967773e+01
   6.3678230e+06   1.8493652e+01
   6.3678590e+06   2.3193359e+01
   6.3682100e+06   1.6723633e+01
   6.4184840e+06   1.7761230e+01
   6.4185340e+06   2.2644043e+01
   6.4185930e+06   1.8371582e+01
   6.4186040e+06   2.0996094e+01
   6.4188640e+06   1.7089844e+01
   6.4417270e+06   1.9226074e+01
   6.4417440e+06   1.7700195e+01
   6.4417830e+06   1.8127441e+01
   6.4418400e+06   1.8920898e+01
   6.4418830e+06   1.8493652e+01
   6.4419310e+06   1.8188477e+01
   6.4420710e+06   1.8676758e+01
   6.4432450e+06   1.7517090e+01
   6.4671600e+06   1.7028809e+01
   6.4672800e+06   1.8493652e+01
   6.4673740e+06   1.6845703e+01
   6.4674710e+06   1.7395020e+01
   6.4675030e+06   1.7517090e+01
   6.4675570e+06   1.7883301e+01
   6.4676810e+06   1.7211914e+01
   6.4980660e+06   1.7395020e+01
   6.4981010e+06   1.8249512e+01
   6.4981990e+06   1.8310547e+01
   6.4983200e+06   1.7578125e+01
   6.5284900e+06   1.6784668e+01
   7.8307080e+06   2.3071289e+01
   7.8307190e+06   2.0874023e+01
   7.8307670e+06   1.9714355e+01
   7.8307940e+06   1.8371582e+01
   7.8309110e+06   1.7639160e+01
   7.8309470e+06   1.9531250e+01
   7.8309820e+06   1.6845703e+01
   7.8897210e+06   1.7700195e+01
   7.8897540e+06   2.8625488e+01
   7.8897660e+06   2.0019531e+01
   7.8897930e+06   2.0019531e+01
   7.8898310e+06   1.8249512e+01
   7.8900740e+06   1.9287109e+01
   7.8904270e+06   1.6906738e+01
   7.9152180e+06   1.6967773e+01
   7.9152610e+06   1.9836426e+01
   7.9153140e+06   1.6784668e+01
   7.9153410e+06   1.6784668e+01
   7.9153730e+06   1.7211914e+01
   7.9154130e+06   2.3132324e+01
   7.9154330e+06   2.2155762e+01
   7.9154740e+06   1.7578125e+01
   8.1611570e+06   1.6906738e+01
   8.1611970e+06   2.0751953e+01
   8.1612470e+06   1.7395020e+01
   8.1612660e+06   1.7700195e+01
   8.1612930e+06   1.9287109e+01
   8.1613210e+06   1.6845703e+01
   8.1614040e+06   1.7150879e+01
   8.4024190e+06   2.2033691e+01
   8.4024720e+06   2.0629883e+01
   8.4025440e+06   1.6845703e+01
   8.4026190e+06   1.9714355e+01
   8.4027040e+06   1.9226074e+01
   8.4664630e+06   1.7700195e+01
   1.1479400e+07   2.2399902e+01
   1.1479418e+07   2.1850586e+01
   1.1479455e+07   1.8493652e+01
   1.1479489e+07   1.7333984e+01
   1.1479518e+07   1.8859863e+01
   1.1479633e+07   2.0263672e+01
