   1.1999000e+07   0.0000000e+00
   8.5780000e+03   1.9470215e+01
   4.9367000e+04   4.3701172e+01
   5.4187000e+04   1.9409180e+01
   5.4431000e+04   1.8920898e+01
   5.4485000e+04   1.8920898e+01
   5.4839000e+04   2.6428223e+01
   5.5021000e+04   2.4291992e+01
   5.5093000e+04   1.9348145e+01
   5.5162000e+04   2.8930664e+01
   5.5225000e+04   2.2338867e+01
   5.5279000e+04   2.5024414e+01
   5.5407000e+04   2.4902344e+01
   5.5489000e+04   2.1850586e+01
   5.5532000e+04   2.9174805e+01
   5.5549000e+04   2.0446777e+01
   5.5685000e+04   2.9724121e+01
   1.7485900e+05   2.0019531e+01
   1.7494500e+05   2.4169922e+01
   1.7500100e+05   2.8442383e+01
   1.8276700e+05   2.1362305e+01
   1.8286100e+05   2.2338867e+01
   1.9072800e+05   2.2155762e+01
   1.9105800e+05   2.7770996e+01
   2.5125900e+05   3.7841797e+01
   2.5134500e+05   1.9592285e+01
   2.5135600e+05   3.3447266e+01
   2.5142500e+05   2.3010254e+01
   2.5145500e+05   2.3193359e+01
   2.5150400e+05   1.9470215e+01
   2.5160300e+05   2.7404785e+01
   2.5163300e+05   2.2155762e+01
   2.5178800e+05   2.0629883e+01
   2.5180400e+05   1.9531250e+01
   2.5197800e+05   2.3498535e+01
   2.5200100e+05   2.0874023e+01
   2.5206800e+05   1.8981934e+01
   2.5214900e+05   2.2766113e+01
   2.5218500e+05   2.0263672e+01
   2.5228400e+05   2.5512695e+01
   2.5231100e+05   2.1423340e+01
   2.5232200e+05   2.1362305e+01
   2.6394400e+05   2.1118164e+01
   2.6406900e+05   1.9775391e+01
   2.6408900e+05   2.6550293e+01
   2.6474500e+05   2.1789551e+01
   2.6477500e+05   3.7414551e+01
   2.6489600e+05   1.9287109e+01
   2.6883300e+05   2.3071289e+01
   2.6886200e+05   1.9653320e+01
   2.6928100e+05   3.1799316e+01
   2.6931400e+05   2.8259277e+01
   2.6933400e+05   1.9409180e+01
   3.4423700e+05   1.8859863e+01
   3.4436300e+05   2.0507813e+01
   3.4456300e+05   2.2705078e+01
   3.4459200e+05   2.5695801e+01
   3.4463600e+05   1.9470215e+01
   3.4465700e+05   2.8503418e+01
   3.4475700e+05   2.3315430e+01
   3.4479900e+05   2.7709961e+01
   3.4491200e+05   2.7587891e+01
   3.4514400e+05   2.9418945e+01
   3.6505000e+05   2.0996094e+01
   3.6521400e+05   2.0568848e+01
   3.6523100e+05   2.0874023e+01
   3.6526100e+05   2.0812988e+01
   3.6529700e+05   2.3925781e+01
   3.6539300e+05   2.0385742e+01
   3.6572200e+05   3.3203125e+01
   3.6574000e+05   2.2644043e+01
   3.6611500e+05   2.2827148e+01
   3.6658200e+05   2.0568848e+01
   3.6660600e+05   2.4047852e+01
   4.2048800e+05   4.2724609e+01
   4.2489200e+05   2.4902344e+01
   4.2502400e+05   2.1484375e+01
   4.2510600e+05   3.4301758e+01
   4.2512400e+05   2.1301270e+01
   4.2520700e+05   2.2888184e+01
   4.2526600e+05   2.1240234e+01
   4.2530300e+05   2.2705078e+01
   4.2550300e+05   2.3254395e+01
   4.2552600e+05   2.0690918e+01
   4.2579000e+05   2.0263672e+01
   4.2580400e+05   2.2521973e+01
   4.2598900e+05   2.0812988e+01
   4.2637000e+05   2.2583008e+01
   4.6497100e+05   3.1127930e+01
   4.6499400e+05   2.0996094e+01
   4.6505000e+05   2.7221680e+01
   4.6521300e+05   2.7709961e+01
   4.6541400e+05   2.2705078e+01
   4.6542700e+05   3.0090332e+01
   4.6585000e+05   2.5939941e+01
   4.6621100e+05   2.1484375e+01
   4.7104000e+05   1.9409180e+01
   4.7105900e+05   2.4597168e+01
   4.7108400e+05   2.7526855e+01
   4.7132700e+05   2.4536133e+01
   4.7134900e+05   1.9714355e+01
   4.7158700e+05   2.5268555e+01
   4.7160000e+05   2.1118164e+01
   4.7168900e+05   2.2155762e+01
   4.7171800e+05   1.9348145e+01
   4.7206200e+05   2.2277832e+01
   4.7230200e+05   1.9042969e+01
   4.7249300e+05   2.3315430e+01
   4.7254800e+05   2.1057129e+01
   4.8335400e+05   2.7587891e+01
   5.0513000e+05   2.8503418e+01
   5.0522500e+05   2.5878906e+01
   5.0525200e+05   2.1301270e+01
   5.0534600e+05   2.7526855e+01
   5.0542300e+05   1.8920898e+01
   5.0549200e+05   1.9836426e+01
   5.0553100e+05   2.4902344e+01
   5.0563100e+05   2.3559570e+01
   5.0569100e+05   2.3071289e+01
   5.0585000e+05   2.5695801e+01
   5.0602700e+05   2.1423340e+01
   5.0633100e+05   2.6306152e+01
   5.4441400e+05   2.3986816e+01
   5.4442400e+05   2.5085449e+01
   5.4448700e+05   2.3803711e+01
   5.4452700e+05   2.3254395e+01
   5.4465600e+05   2.1362305e+01
   5.4469100e+05   2.0446777e+01
   5.4477200e+05   2.1850586e+01
   5.4487100e+05   2.1362305e+01
   5.4502700e+05   2.1667480e+01
   5.4516600e+05   1.9287109e+01
   5.7842200e+05   2.0629883e+01
   5.7867400e+05   1.9958496e+01
   5.7869100e+05   3.5034180e+01
   5.7871200e+05   3.5095215e+01
   5.7876000e+05   2.7160645e+01
   5.7878600e+05   2.0080566e+01
   5.7880500e+05   2.4780273e+01
   5.7886300e+05   1.9897461e+01
   5.7891700e+05   2.5390625e+01
   5.7893500e+05   1.9775391e+01
   5.7896400e+05   1.9592285e+01
   5.7904400e+05   1.8981934e+01
   5.7915300e+05   2.3742676e+01
   5.7926100e+05   2.1850586e+01
   5.7941200e+05   1.9531250e+01
   6.0775400e+05   2.7465820e+01
   6.0776400e+05   3.0761719e+01
   6.0783500e+05   2.3864746e+01
   6.0794800e+05   1.8920898e+01
   6.0796400e+05   2.8137207e+01
   6.0803600e+05   2.1972656e+01
   6.0808800e+05   1.9897461e+01
   6.0812300e+05   1.8859863e+01
   6.0823000e+05   2.0141602e+01
   6.0834700e+05   2.2827148e+01
   6.1073200e+05   2.6123047e+01
   6.1103300e+05   2.0080566e+01
   6.1128300e+05   2.0935059e+01
   6.1197900e+05   1.9775391e+01
   6.1234800e+05   2.0935059e+01
   6.1302800e+05   2.2949219e+01
   6.1367000e+05   2.7954102e+01
   6.1425100e+05   2.8564453e+01
   6.1516800e+05   1.9958496e+01
   6.2926000e+05   1.9226074e+01
   6.2928500e+05   2.2521973e+01
   6.2930600e+05   2.6367188e+01
   6.2933900e+05   1.8798828e+01
   6.2936800e+05   2.2766113e+01
   6.2946600e+05   2.0019531e+01
   6.2954500e+05   2.0385742e+01
   6.2965500e+05   1.8981934e+01
   6.2971600e+05   1.9653320e+01
   6.3006800e+05   2.0996094e+01
   6.3095100e+05   2.3010254e+01
   6.3120300e+05   2.1240234e+01
   6.3142500e+05   2.2583008e+01
   6.3249000e+05   2.1118164e+01
   6.3286800e+05   1.9775391e+01
   6.3290200e+05   2.0935059e+01
   6.3323900e+05   1.9042969e+01
   6.3331300e+05   2.4353027e+01
   6.3342200e+05   2.1301270e+01
   6.3375300e+05   2.1484375e+01
   6.3531900e+05   1.9470215e+01
   6.3555800e+05   2.3071289e+01
   6.3610300e+05   2.4047852e+01
   6.3676100e+05   1.8920898e+01
   6.3680000e+05   2.0446777e+01
   6.3701700e+05   2.0080566e+01
   6.3782600e+05   2.3559570e+01
   6.3826600e+05   2.6916504e+01
   6.5436400e+05   2.5634766e+01
   6.5438500e+05   2.6306152e+01
   6.5577600e+05   2.3010254e+01
   6.5615600e+05   2.0507813e+01
   6.5636600e+05   1.9409180e+01
   6.5790900e+05   2.0019531e+01
   6.5798800e+05   2.2583008e+01
   6.5831500e+05   1.8798828e+01
   6.5834700e+05   2.1301270e+01
   6.5840800e+05   1.8920898e+01
   6.5871700e+05   2.1240234e+01
   6.5890200e+05   2.5268555e+01
   6.7337500e+05   2.2583008e+01
   6.7340200e+05   2.9113770e+01
   6.7341200e+05   2.0263672e+01
   6.7343900e+05   1.9226074e+01
   6.7345900e+05   2.1118164e+01
   6.7347800e+05   2.2033691e+01
   6.7349400e+05   2.1606445e+01
   6.7374000e+05   1.9165039e+01
   6.7412500e+05   1.9775391e+01
   6.7678800e+05   2.0385742e+01
   6.7711500e+05   2.2644043e+01
   6.7727200e+05   2.0019531e+01
   6.7742600e+05   2.1728516e+01
   6.9001200e+05   2.8930664e+01
   6.9005700e+05   2.1728516e+01
   6.9026900e+05   1.8798828e+01
   6.9154600e+05   2.0751953e+01
   6.9211800e+05   2.4169922e+01
   6.9232600e+05   2.0812988e+01
   6.9288600e+05   2.3681641e+01
   6.9310600e+05   2.0812988e+01
   6.9378200e+05   2.0629883e+01
   7.1159100e+05   3.3020020e+01
   7.1160400e+05   3.3691406e+01
   7.1167100e+05   1.9531250e+01
   7.1171800e+05   1.9958496e+01
   7.1180500e+05   1.9409180e+01
   7.1184300e+05   2.3193359e+01
   7.1197800e+05   1.8981934e+01
   7.1223900e+05   2.0019531e+01
   7.1315000e+05   2.2644043e+01
   7.1388600e+05   2.0141602e+01
   7.1410600e+05   2.1850586e+01
   7.1431700e+05   2.0812988e+01
   7.1435100e+05   2.0996094e+01
   7.1496900e+05   1.9714355e+01
   7.1542700e+05   2.3498535e+01
   7.1561600e+05   1.8920898e+01
   7.1610400e+05   2.0446777e+01
   7.1629900e+05   2.0385742e+01
   7.1643900e+05   1.9836426e+01
   7.2743000e+05   2.3437500e+01
   7.2744900e+05   2.2155762e+01
   7.2752900e+05   2.3498535e+01
   7.2757800e+05   2.2583008e+01
   7.2771100e+05   1.8920898e+01
   7.2780000e+05   2.0263672e+01
   7.2944900e+05   2.1911621e+01
   7.2983100e+05   1.9836426e+01
   7.2986900e+05   2.3376465e+01
   7.3054100e+05   1.9592285e+01
   7.3067400e+05   2.2705078e+01
   7.3153100e+05   2.4658203e+01
   7.3186000e+05   2.0568848e+01
   7.4098600e+05   1.9287109e+01
   7.4100800e+05   1.9958496e+01
   7.4107000e+05   2.1789551e+01
   7.4116400e+05   1.8920898e+01
   7.4124700e+05   2.0141602e+01
   7.4127700e+05   2.2521973e+01
   7.4277000e+05   2.0629883e+01
   7.4298500e+05   2.1179199e+01
   7.4442800e+05   2.6489258e+01
   7.4463400e+05   1.9836426e+01
   7.4464600e+05   2.3071289e+01
   7.5694800e+05   1.9836426e+01
   7.5697400e+05   2.1179199e+01
   7.5703200e+05   1.9714355e+01
   7.5708000e+05   2.4902344e+01
   7.5709900e+05   1.9775391e+01
   7.5845500e+05   1.9409180e+01
   7.5864700e+05   1.9348145e+01
   7.5912200e+05   2.0446777e+01
   7.5986600e+05   2.3620605e+01
   7.7918100e+05   1.9104004e+01
   7.7926500e+05   2.1545410e+01
   7.7931300e+05   1.8981934e+01
   7.7958700e+05   1.9470215e+01
   7.7961100e+05   1.9897461e+01
   7.8017300e+05   2.5573730e+01
   7.8031300e+05   2.5329590e+01
   7.8063000e+05   2.0141602e+01
   7.8145100e+05   1.8798828e+01
   7.8148000e+05   1.8981934e+01
   7.9539900e+05   2.0996094e+01
   7.9542500e+05   2.1118164e+01
   7.9547700e+05   1.9470215e+01
   7.9552300e+05   2.0751953e+01
   7.9572700e+05   1.9775391e+01
   7.9657000e+05   1.9531250e+01
   7.9876200e+05   1.8859863e+01
   7.9896000e+05   1.9104004e+01
   8.0800700e+05   3.0944824e+01
   8.0804000e+05   2.1850586e+01
   8.0807700e+05   1.9592285e+01
   8.0811100e+05   2.1667480e+01
   8.0814700e+05   2.0996094e+01
   8.0831200e+05   1.9592285e+01
   8.0836500e+05   2.0507813e+01
   8.0839400e+05   2.0202637e+01
   8.0849400e+05   2.1911621e+01
   8.0857500e+05   1.9592285e+01
   8.1731500e+05   2.4780273e+01
   8.1734500e+05   2.8442383e+01
   8.1739100e+05   2.0324707e+01
   8.1740800e+05   2.1789551e+01
   8.1743700e+05   2.1057129e+01
   8.1752800e+05   2.1972656e+01
   8.1760600e+05   1.9165039e+01
   8.1775700e+05   2.0507813e+01
   8.1874700e+05   1.9104004e+01
   8.1990100e+05   2.1057129e+01
   8.3098000e+05   1.8981934e+01
   8.3099400e+05   3.2409668e+01
   8.3103100e+05   2.6611328e+01
   8.3107100e+05   2.0385742e+01
   8.3116000e+05   2.2888184e+01
   8.3119800e+05   2.0263672e+01
   8.3125500e+05   1.8981934e+01
   8.3131600e+05   1.9287109e+01
   8.3273800e+05   2.5390625e+01
   8.3382000e+05   2.0874023e+01
   8.4178600e+05   1.9104004e+01
   8.4475400e+05   1.9226074e+01
   8.4477700e+05   2.6550293e+01
   8.4485900e+05   2.5390625e+01
   8.4488900e+05   2.4108887e+01
   8.4492300e+05   1.9165039e+01
   8.4499600e+05   1.9958496e+01
   8.4513300e+05   1.9836426e+01
   8.4643100e+05   1.9897461e+01
   8.4726600e+05   1.9287109e+01
   8.5741500e+05   1.8981934e+01
   8.5744100e+05   2.2521973e+01
   8.5750100e+05   1.9287109e+01
   8.5756700e+05   1.9775391e+01
   8.5758700e+05   1.9470215e+01
   8.5774100e+05   1.9104004e+01
   8.5789900e+05   2.0935059e+01
   8.5802900e+05   2.0812988e+01
   8.5868300e+05   2.0202637e+01
   8.5873900e+05   1.8920898e+01
   8.6006200e+05   2.1179199e+01
   8.6664100e+05   2.0324707e+01
   8.6667700e+05   2.2521973e+01
   8.6677500e+05   2.1301270e+01
   8.6696400e+05   2.1972656e+01
   8.6780900e+05   2.1972656e+01
   8.6848400e+05   2.0629883e+01
   8.7787400e+05   3.5583496e+01
   8.7794800e+05   2.5939941e+01
   8.7810700e+05   1.9470215e+01
   8.7819500e+05   2.5939941e+01
   8.7904100e+05   2.1667480e+01
   8.8597700e+05   1.9287109e+01
   8.8599600e+05   3.7292480e+01
   8.8607900e+05   1.8798828e+01
   8.8645500e+05   2.1789551e+01
   8.8663700e+05   1.9165039e+01
   8.8684100e+05   1.9348145e+01
   8.9407100e+05   2.2644043e+01
   8.9409600e+05   1.9531250e+01
   8.9416800e+05   2.1118164e+01
   8.9425500e+05   1.8920898e+01
   8.9439900e+05   2.1240234e+01
   8.9446000e+05   2.1240234e+01
   8.9458500e+05   2.0751953e+01
   8.9504100e+05   2.0446777e+01
   8.9533300e+05   1.9958496e+01
   9.0371800e+05   2.0324707e+01
   9.0377300e+05   2.3071289e+01
   9.0379400e+05   2.1545410e+01
   9.0386700e+05   2.4169922e+01
   9.0389800e+05   2.2033691e+01
   9.0447200e+05   2.2583008e+01
   9.0468700e+05   1.9470215e+01
   9.0486500e+05   1.8981934e+01
   9.1173600e+05   2.2460938e+01
   9.1176300e+05   2.1240234e+01
   9.1183900e+05   1.8859863e+01
   9.1186200e+05   2.2155762e+01
   9.1199700e+05   2.5512695e+01
   9.1205200e+05   2.1850586e+01
   9.1225100e+05   2.1545410e+01
   9.1240400e+05   2.2216797e+01
   9.1272300e+05   1.9958496e+01
   9.1275500e+05   2.0996094e+01
   9.1305000e+05   1.9775391e+01
   9.1991700e+05   1.9348145e+01
   9.1993900e+05   2.4963379e+01
   9.2020000e+05   1.8798828e+01
   9.2037000e+05   2.0812988e+01
   9.2061700e+05   1.9470215e+01
   9.2087300e+05   1.9104004e+01
   9.2090200e+05   2.2094727e+01
   9.2126800e+05   2.2644043e+01
   9.2160800e+05   2.0507813e+01
   9.2885700e+05   3.4545898e+01
   9.2892500e+05   1.8981934e+01
   9.2900900e+05   2.2521973e+01
   9.2921300e+05   2.0263672e+01
   9.2936200e+05   1.9042969e+01
   9.2960600e+05   2.0202637e+01
   9.3021300e+05   1.9104004e+01
   9.3044600e+05   1.8798828e+01
   9.3048900e+05   1.9653320e+01
   9.4021500e+05   2.1789551e+01
   9.4026900e+05   2.5756836e+01
   9.4029000e+05   2.5695801e+01
   9.4053300e+05   2.7526855e+01
   9.4087900e+05   1.9531250e+01
   9.4105800e+05   2.2033691e+01
   9.4132000e+05   1.9348145e+01
   9.5152400e+05   1.9348145e+01
   9.5562800e+05   3.7536621e+01
   9.5566500e+05   1.9042969e+01
   9.5570800e+05   2.0507813e+01
   9.5574200e+05   1.9409180e+01
   9.5584800e+05   2.2094727e+01
   9.5614800e+05   2.6245117e+01
   9.5627800e+05   2.2094727e+01
   9.5666100e+05   1.9958496e+01
   9.5686200e+05   2.0629883e+01
   9.7232600e+05   3.1311035e+01
   9.7233600e+05   2.8808594e+01
   9.7241300e+05   1.9958496e+01
   9.7245200e+05   2.1606445e+01
   9.7250600e+05   2.3803711e+01
   9.7282800e+05   2.0385742e+01
   9.7302000e+05   5.0048828e+01
   9.7364700e+05   1.8859863e+01
   9.8755100e+05   2.8930664e+01
   9.8756100e+05   2.2094727e+01
   9.8764100e+05   2.1789551e+01
   9.8776700e+05   1.8798828e+01
   9.8800100e+05   2.9174805e+01
   1.0055810e+06   3.8391113e+01
   1.0055950e+06   1.8981934e+01
   1.0057270e+06   1.9775391e+01
   1.0059720e+06   2.2949219e+01
   1.0059960e+06   2.0080566e+01
   1.0061570e+06   2.4963379e+01
   1.0065510e+06   1.8920898e+01
   1.0234080e+06   2.0690918e+01
   1.0234720e+06   2.1301270e+01
   1.0235070e+06   2.8808594e+01
   1.0236010e+06   1.9897461e+01
   1.0236300e+06   2.8747559e+01
   1.0236490e+06   1.8859863e+01
   1.0238560e+06   4.3823242e+01
   1.0241910e+06   1.9287109e+01
   1.0242100e+06   1.9653320e+01
   1.0435410e+06   2.5451660e+01
   1.0435730e+06   2.6489258e+01
   1.0437630e+06   2.4475098e+01
   1.0438850e+06   2.1484375e+01
   1.0439040e+06   2.1423340e+01
   1.0440390e+06   2.0141602e+01
   1.0440670e+06   1.8859863e+01
   1.0444860e+06   2.4230957e+01
   1.0502810e+06   2.0751953e+01
   1.0503880e+06   2.4475098e+01
   1.0504120e+06   1.9836426e+01
   1.0505870e+06   2.1606445e+01
   1.0515490e+06   2.0202637e+01
   1.0515780e+06   2.1545410e+01
   1.0517910e+06   2.0812988e+01
   1.0522960e+06   1.9958496e+01
   1.0523500e+06   1.9897461e+01
   1.0528590e+06   1.9714355e+01
   1.0830220e+06   1.8798828e+01
   1.0830930e+06   2.8686523e+01
   1.0831810e+06   2.9235840e+01
   1.0835590e+06   2.2399902e+01
   1.0839140e+06   2.9418945e+01
   1.1045000e+06   2.2277832e+01
   1.1045410e+06   2.6977539e+01
   1.1046480e+06   3.1982422e+01
   1.1049760e+06   2.1728516e+01
   1.1049970e+06   2.3803711e+01
   1.1736680e+06   2.0080566e+01
   1.1737060e+06   1.9592285e+01
   1.1744380e+06   2.0446777e+01
   1.1754050e+06   2.3681641e+01
   1.1754280e+06   3.1372070e+01
   1.1758060e+06   2.2521973e+01
   1.1758410e+06   2.0446777e+01
   1.1762110e+06   1.9165039e+01
   1.1767460e+06   3.1127930e+01
   1.1772760e+06   2.1789551e+01
   1.1773290e+06   2.2949219e+01
   1.1779220e+06   2.0202637e+01
   1.3452990e+06   2.0263672e+01
   1.3722210e+06   2.7648926e+01
   1.3722340e+06   2.0568848e+01
   1.3722780e+06   3.0822754e+01
   1.3722900e+06   2.0996094e+01
   1.3723230e+06   3.2104492e+01
   1.3723890e+06   2.8991699e+01
   1.3724060e+06   3.4179688e+01
   1.3724200e+06   2.3742676e+01
   1.3724570e+06   3.6315918e+01
   1.3724840e+06   3.1372070e+01
   1.3725060e+06   2.0263672e+01
   1.3725250e+06   1.9409180e+01
   1.3725520e+06   3.9672852e+01
   1.3725680e+06   2.1179199e+01
   1.3726020e+06   2.6733398e+01
   1.3726180e+06   3.8635254e+01
   1.3726360e+06   2.7709961e+01
   1.3726990e+06   2.0935059e+01
   1.3727740e+06   2.1118164e+01
   1.3728810e+06   2.3742676e+01
   1.3729390e+06   1.9042969e+01
   1.3730090e+06   2.9663086e+01
   1.3731530e+06   1.9714355e+01
   1.3903330e+06   2.2705078e+01
   1.3904280e+06   2.2399902e+01
   1.3904780e+06   2.4963379e+01
   1.3904950e+06   4.4311523e+01
   1.3905090e+06   4.4555664e+01
   1.3905380e+06   2.0812988e+01
   1.3905640e+06   2.7343750e+01
   1.3905840e+06   2.4169922e+01
   1.3906290e+06   2.0812988e+01
   1.3906570e+06   2.1850586e+01
   1.3906770e+06   2.6489258e+01
   1.3907010e+06   2.1179199e+01
   1.3908010e+06   2.5451660e+01
   1.3908270e+06   1.9042969e+01
   1.3910290e+06   1.9714355e+01
   1.3911070e+06   2.2644043e+01
   1.3912100e+06   2.3437500e+01
   1.3913110e+06   2.2399902e+01
   1.3913520e+06   2.0019531e+01
   1.3915290e+06   2.6184082e+01
   1.3916490e+06   2.2644043e+01
   1.3917700e+06   2.9052734e+01
   1.3921530e+06   1.9714355e+01
   1.4034230e+06   3.9978027e+01
   1.4035530e+06   3.6987305e+01
   1.4533680e+06   1.9226074e+01
   1.4534190e+06   2.3437500e+01
   1.4534360e+06   5.9875488e+01
   1.4534680e+06   3.2714844e+01
   1.4534790e+06   3.1555176e+01
   1.4535160e+06   2.9785156e+01
   1.4535280e+06   2.4780273e+01
   1.4535520e+06   2.0812988e+01
   1.4536060e+06   2.4841309e+01
   1.4536610e+06   2.0874023e+01
   1.4537210e+06   2.4597168e+01
   1.4538290e+06   2.0812988e+01
   1.4539240e+06   2.0507813e+01
   1.4539840e+06   2.0263672e+01
   1.4540300e+06   2.1545410e+01
   1.4541450e+06   2.0080566e+01
   1.4541580e+06   2.4047852e+01
   1.4542510e+06   1.9287109e+01
   1.4542610e+06   2.3864746e+01
   1.4543830e+06   1.9348145e+01
   1.4544090e+06   1.9775391e+01
   1.4545340e+06   1.8981934e+01
   1.4718360e+06   1.8920898e+01
   1.5609470e+06   1.8920898e+01
   1.7421480e+06   1.9714355e+01
   1.7665090e+06   2.3925781e+01
   1.8111440e+06   1.9897461e+01
   1.8515170e+06   3.9672852e+01
   1.8595260e+06   4.1076660e+01
   1.8869610e+06   1.9226074e+01
   1.9203860e+06   2.3254395e+01
   1.9510400e+06   2.0751953e+01
   1.9511110e+06   1.9897461e+01
   1.9511430e+06   3.4301758e+01
   1.9511940e+06   2.1301270e+01
   1.9512100e+06   2.7282715e+01
   1.9512320e+06   2.8137207e+01
   1.9512580e+06   2.7954102e+01
   1.9512940e+06   2.6062012e+01
   1.9513100e+06   2.3681641e+01
   1.9513230e+06   2.9052734e+01
   1.9513590e+06   3.0029297e+01
   1.9513690e+06   2.4047852e+01
   1.9514340e+06   5.5236816e+01
   1.9515040e+06   2.0507813e+01
   1.9516140e+06   2.1545410e+01
   1.9516280e+06   2.3986816e+01
   1.9517020e+06   2.1911621e+01
   1.9517240e+06   2.3986816e+01
   1.9517900e+06   1.9958496e+01
   1.9651030e+06   1.9104004e+01
   1.9652310e+06   1.8920898e+01
   1.9652690e+06   2.0080566e+01
   1.9653100e+06   2.4108887e+01
   1.9653290e+06   2.2888184e+01
   1.9653630e+06   3.7658691e+01
   1.9653800e+06   3.8269043e+01
   1.9654030e+06   2.5512695e+01
   1.9654230e+06   3.2287598e+01
   1.9654520e+06   4.0039063e+01
   1.9654720e+06   2.9724121e+01
   1.9654930e+06   3.2165527e+01
   1.9655370e+06   1.9470215e+01
   1.9655530e+06   1.9958496e+01
   1.9655690e+06   3.0700684e+01
   1.9656170e+06   2.3010254e+01
   1.9656800e+06   2.7160645e+01
   1.9658030e+06   2.0202637e+01
   1.9658950e+06   2.0324707e+01
   1.9661390e+06   2.0263672e+01
   1.9662200e+06   2.3254395e+01
   1.9663210e+06   2.2277832e+01
   1.9674470e+06   2.1606445e+01
   2.0341690e+06   4.1870117e+01
   2.1153900e+06   3.6743164e+01
   2.1411070e+06   1.9348145e+01
   2.1411510e+06   1.8981934e+01
   2.1442050e+06   3.7780762e+01
   2.1442440e+06   2.0324707e+01
   2.1442590e+06   2.3193359e+01
   2.1442880e+06   3.5949707e+01
   2.1443060e+06   1.9897461e+01
   2.1443360e+06   2.6855469e+01
   2.1443560e+06   3.1860352e+01
   2.1443760e+06   3.3691406e+01
   2.1443980e+06   2.5329590e+01
   2.1444180e+06   3.1555176e+01
   2.1444500e+06   2.0996094e+01
   2.1444660e+06   2.2888184e+01
   2.1444900e+06   2.2277832e+01
   2.1445020e+06   4.3029785e+01
   2.1445720e+06   2.0141602e+01
   2.1446360e+06   2.2155762e+01
   2.1446470e+06   2.0935059e+01
   2.1446990e+06   2.3010254e+01
   2.1447400e+06   2.2583008e+01
   2.1447640e+06   1.8859863e+01
   2.1448200e+06   2.2338867e+01
   2.1453810e+06   2.0019531e+01
   2.2137240e+06   1.8981934e+01
   2.2559860e+06   3.7109375e+01
   2.2559970e+06   1.9409180e+01
   2.2560740e+06   2.7587891e+01
   2.2560950e+06   3.0883789e+01
   2.2561180e+06   1.9653320e+01
   2.2561340e+06   3.7231445e+01
   2.2561560e+06   2.4230957e+01
   2.2562060e+06   3.0883789e+01
   2.2562370e+06   3.1616211e+01
   2.2562540e+06   2.2338867e+01
   2.2562730e+06   1.9653320e+01
   2.2562980e+06   2.0690918e+01
   2.2563160e+06   2.6489258e+01
   2.2563450e+06   2.1606445e+01
   2.2563650e+06   2.1179199e+01
   2.2563900e+06   4.3151855e+01
   2.2564590e+06   1.9104004e+01
   2.2564840e+06   2.0507813e+01
   2.2565340e+06   2.1545410e+01
   2.2567000e+06   2.0141602e+01
   2.2567670e+06   2.1545410e+01
   2.3344160e+06   2.8259277e+01
   2.3345710e+06   2.0263672e+01
   2.3348220e+06   2.1850586e+01
   2.3353810e+06   2.1972656e+01
   2.3359150e+06   2.1484375e+01
   2.3360920e+06   2.2705078e+01
   2.3362670e+06   2.0141602e+01
   2.3365940e+06   1.9165039e+01
   2.3888270e+06   4.0100098e+01
   2.4190130e+06   1.8798828e+01
   2.4789530e+06   2.0874023e+01
   2.4789760e+06   3.1738281e+01
   2.6401150e+06   1.9653320e+01
   2.6411110e+06   2.0080566e+01
   2.6412040e+06   3.5644531e+01
   2.6413020e+06   3.1555176e+01
   2.6413370e+06   1.8920898e+01
   2.6413670e+06   3.2592773e+01
   2.6413810e+06   1.9409180e+01
   2.6414100e+06   1.9042969e+01
   2.6414300e+06   2.1972656e+01
   2.6415280e+06   2.2338867e+01
   2.6415900e+06   2.2766113e+01
   2.6416130e+06   1.8798828e+01
   2.6416830e+06   2.1057129e+01
   2.6417080e+06   2.2583008e+01
   2.6417330e+06   2.1850586e+01
   2.6417540e+06   2.0263672e+01
   2.6417830e+06   2.6733398e+01
   2.6418380e+06   2.7709961e+01
   2.6418610e+06   2.2644043e+01
   2.6419340e+06   1.9287109e+01
   2.6419590e+06   2.3437500e+01
   2.6421160e+06   2.1240234e+01
   2.6423430e+06   2.0629883e+01
   2.6483950e+06   3.1738281e+01
   2.8066320e+06   2.7709961e+01
   2.8067440e+06   2.5146484e+01
   2.8067740e+06   2.0385742e+01
   2.8068380e+06   2.6428223e+01
   2.8068700e+06   2.4230957e+01
   2.8068830e+06   4.9621582e+01
   2.8069190e+06   3.2165527e+01
   2.8069410e+06   1.9470215e+01
   2.8069580e+06   2.8930664e+01
   2.8069940e+06   3.0578613e+01
   2.8070160e+06   2.1911621e+01
   2.8070570e+06   2.2949219e+01
   2.8070720e+06   2.8808594e+01
   2.8070900e+06   2.4169922e+01
   2.8071290e+06   4.5166016e+01
   2.8071770e+06   2.3925781e+01
   2.8072280e+06   2.5939941e+01
   2.8072440e+06   4.7729492e+01
   2.8073290e+06   1.9287109e+01
   2.8073530e+06   2.0935059e+01
   2.8073690e+06   2.0263672e+01
   2.8588790e+06   1.9775391e+01
   2.8634410e+06   3.2775879e+01
   2.8635150e+06   2.2583008e+01
   2.8636140e+06   2.6306152e+01
   2.8637390e+06   2.4291992e+01
   2.8637500e+06   1.9775391e+01
   2.8637980e+06   2.0324707e+01
   2.8638190e+06   2.0141602e+01
   2.8638670e+06   3.2592773e+01
   2.8638920e+06   4.3884277e+01
   2.8639190e+06   2.3498535e+01
   2.8639310e+06   5.6701660e+01
   2.8639500e+06   2.7770996e+01
   2.8639610e+06   2.9907227e+01
   2.8639880e+06   2.9235840e+01
   2.8640030e+06   2.1606445e+01
   2.8640170e+06   3.3325195e+01
   2.8640520e+06   2.0568848e+01
   2.8640810e+06   2.1850586e+01
   2.8641110e+06   2.1545410e+01
   2.8641350e+06   1.9104004e+01
   2.8641670e+06   1.9714355e+01
   2.8642720e+06   2.0324707e+01
   2.8643150e+06   2.0812988e+01
   2.8643290e+06   2.1911621e+01
   2.8644090e+06   2.3681641e+01
   2.8644240e+06   2.0202637e+01
   2.8644900e+06   1.9226074e+01
   2.8645030e+06   2.1606445e+01
   2.8646900e+06   3.3142090e+01
   2.8647310e+06   2.3803711e+01
   2.8649580e+06   2.0202637e+01
   2.9054580e+06   1.9165039e+01
   2.9145010e+06   1.8859863e+01
   2.9151300e+06   2.0385742e+01
   2.9151590e+06   2.0141602e+01
   2.9152080e+06   2.9418945e+01
   2.9152180e+06   2.2094727e+01
   2.9152960e+06   2.4963379e+01
   2.9153590e+06   2.0751953e+01
   2.9153840e+06   2.3254395e+01
   2.9154060e+06   2.1118164e+01
   2.9154510e+06   2.0080566e+01
   2.9155000e+06   2.0263672e+01
   2.9155170e+06   4.3151855e+01
   2.9155290e+06   2.0385742e+01
   2.9155550e+06   2.2399902e+01
   2.9155740e+06   3.0456543e+01
   2.9155980e+06   2.8076172e+01
   2.9156080e+06   2.2766113e+01
   2.9156390e+06   2.4841309e+01
   2.9156580e+06   2.5634766e+01
   2.9156790e+06   2.5024414e+01
   2.9157000e+06   2.7832031e+01
   2.9157160e+06   2.3864746e+01
   2.9157550e+06   2.0385742e+01
   2.9158470e+06   1.9714355e+01
   2.9158750e+06   2.3437500e+01
   2.9158950e+06   2.1484375e+01
   2.9159670e+06   2.3010254e+01
   2.9159850e+06   2.0629883e+01
   2.9160500e+06   1.8859863e+01
   2.9161060e+06   2.4291992e+01
   2.9162150e+06   2.9724121e+01
   2.9162540e+06   2.8076172e+01
   2.9977250e+06   1.9042969e+01
   2.9978370e+06   2.2583008e+01
   2.9978670e+06   2.3254395e+01
   2.9978830e+06   2.0080566e+01
   2.9979930e+06   1.9104004e+01
   2.9980900e+06   1.9287109e+01
   2.9981510e+06   1.8859863e+01
   2.9981930e+06   1.9042969e+01
   2.9982110e+06   4.1137695e+01
   2.9982280e+06   2.2521973e+01
   2.9982840e+06   3.4301758e+01
   2.9983360e+06   2.9602051e+01
   2.9983560e+06   3.8574219e+01
   2.9983730e+06   2.4230957e+01
   2.9983940e+06   2.2583008e+01
   2.9984350e+06   2.5085449e+01
   2.9984520e+06   2.2277832e+01
   2.9985030e+06   3.4118652e+01
   2.9985680e+06   2.5512695e+01
   2.9986550e+06   1.9714355e+01
   2.9986790e+06   2.0812988e+01
   2.9986980e+06   1.9592285e+01
   2.9987720e+06   1.9287109e+01
   2.9988430e+06   2.5634766e+01
   3.0271580e+06   1.9104004e+01
   3.0271810e+06   2.0385742e+01
   3.0272200e+06   2.2399902e+01
   3.0272700e+06   1.9714355e+01
   3.0273160e+06   2.1423340e+01
   3.0274000e+06   1.9714355e+01
   3.0274240e+06   2.2888184e+01
   3.0275420e+06   2.8137207e+01
   3.0275780e+06   2.1423340e+01
   3.0276050e+06   2.7343750e+01
   3.0276360e+06   4.5898438e+01
   3.0276610e+06   3.3569336e+01
   3.0276840e+06   4.5166016e+01
   3.0276990e+06   2.6550293e+01
   3.0277240e+06   2.4108887e+01
   3.0277620e+06   2.8625488e+01
   3.0277770e+06   2.3559570e+01
   3.0278140e+06   2.4291992e+01
   3.0278660e+06   1.9531250e+01
   3.0278860e+06   1.9287109e+01
   3.0279000e+06   2.0751953e+01
   3.0279590e+06   2.0935059e+01
   3.0279990e+06   2.7282715e+01
   3.0280960e+06   2.4963379e+01
   3.0281350e+06   2.9052734e+01
   3.0281830e+06   2.3376465e+01
   3.0282690e+06   2.6550293e+01
   3.0287530e+06   2.0141602e+01
   3.0711680e+06   1.9531250e+01
   3.0713140e+06   2.5207520e+01
   3.0713530e+06   2.0751953e+01
   3.0714060e+06   2.9479980e+01
   3.0714270e+06   1.8859863e+01
   3.0714850e+06   2.2949219e+01
   3.0715750e+06   2.6733398e+01
   3.0716200e+06   1.9348145e+01
   3.0716510e+06   3.2531738e+01
   3.0716670e+06   2.8076172e+01
   3.0716980e+06   1.9226074e+01
   3.0717230e+06   4.9987793e+01
   3.0717370e+06   2.4963379e+01
   3.0717680e+06   2.7099609e+01
   3.0717910e+06   1.9287109e+01
   3.0718180e+06   2.2338867e+01
   3.0718550e+06   2.4047852e+01
   3.0718900e+06   2.2033691e+01
   3.0719210e+06   1.9775391e+01
   3.0719870e+06   2.0812988e+01
   3.0721880e+06   2.4719238e+01
   3.0726930e+06   1.9409180e+01
   3.0728810e+06   1.8798828e+01
   3.1084110e+06   2.3742676e+01
   3.1084330e+06   2.8808594e+01
   3.1085020e+06   2.2460938e+01
   3.1085200e+06   2.5634766e+01
   3.1085440e+06   2.1789551e+01
   3.1086140e+06   2.5512695e+01
   3.1086250e+06   1.9104004e+01
   3.1086590e+06   1.9714355e+01
   3.1087320e+06   2.1667480e+01
   3.1087430e+06   2.3498535e+01
   3.1087780e+06   4.3640137e+01
   3.1088090e+06   3.2043457e+01
   3.1088340e+06   3.6499023e+01
   3.1088560e+06   3.1921387e+01
   3.1088910e+06   4.5288086e+01
   3.1089120e+06   2.7343750e+01
   3.1089370e+06   3.0090332e+01
   3.1089610e+06   2.0141602e+01
   3.1089920e+06   2.5146484e+01
   3.1090260e+06   2.0080566e+01
   3.1090650e+06   2.9785156e+01
   3.1090860e+06   2.6794434e+01
   3.1091550e+06   2.3986816e+01
   3.1093020e+06   2.3071289e+01
   3.1093480e+06   1.8798828e+01
   3.1095780e+06   1.9775391e+01
   3.1341060e+06   2.5939941e+01
   3.1341400e+06   2.3925781e+01
   3.1342270e+06   3.5339355e+01
   3.1343490e+06   2.1850586e+01
   3.1343790e+06   1.9104004e+01
   3.1343960e+06   2.1606445e+01
   3.1344260e+06   1.9592285e+01
   3.1344620e+06   2.0080566e+01
   3.1344910e+06   4.2358398e+01
   3.1345140e+06   2.1606445e+01
   3.1345520e+06   4.4006348e+01
   3.1345780e+06   2.7648926e+01
   3.1345930e+06   2.6184082e+01
   3.1346150e+06   2.0324707e+01
   3.1346450e+06   2.6184082e+01
   3.1346630e+06   2.6184082e+01
   3.1346790e+06   2.2460938e+01
   3.1347040e+06   1.9958496e+01
   3.1347240e+06   2.1240234e+01
   3.1347540e+06   2.3620605e+01
   3.1348280e+06   2.4169922e+01
   3.1348500e+06   2.1240234e+01
   3.1349820e+06   2.0935059e+01
   3.1351410e+06   3.5644531e+01
   3.1486850e+06   2.6062012e+01
   3.1487850e+06   2.6367188e+01
   3.1488750e+06   1.9592285e+01
   3.1489870e+06   2.0446777e+01
   3.1490050e+06   2.0996094e+01
   3.1491380e+06   2.4291992e+01
   3.1491550e+06   1.8798828e+01
   3.1492260e+06   1.9897461e+01
   3.1494480e+06   1.8981934e+01
   3.1496180e+06   1.9287109e+01
   3.1498120e+06   2.0629883e+01
   3.1498550e+06   2.3681641e+01
   3.1502810e+06   2.0812988e+01
   3.1684140e+06   2.0751953e+01
   3.1684360e+06   2.2888184e+01
   3.1684980e+06   2.2277832e+01
   3.1685450e+06   2.2094727e+01
   3.1685960e+06   2.2033691e+01
   3.1686810e+06   2.0996094e+01
   3.1687200e+06   3.8513184e+01
   3.1687340e+06   2.4536133e+01
   3.1687670e+06   2.4475098e+01
   3.1687950e+06   2.3132324e+01
   3.1688290e+06   5.0415039e+01
   3.1688540e+06   4.5104980e+01
   3.1688700e+06   2.2216797e+01
   3.1689100e+06   2.6733398e+01
   3.1689340e+06   2.4841309e+01
   3.1689610e+06   2.4841309e+01
   3.1689760e+06   2.0202637e+01
   3.1690310e+06   2.0751953e+01
   3.1690880e+06   2.2644043e+01
   3.1691560e+06   2.0202637e+01
   3.1691990e+06   2.1911621e+01
   3.1831330e+06   2.2338867e+01
   3.1832290e+06   2.5634766e+01
   3.1832540e+06   2.0690918e+01
   3.1833270e+06   2.7954102e+01
   3.1834100e+06   2.0996094e+01
   3.1834280e+06   2.2094727e+01
   3.1835590e+06   2.5878906e+01
   3.1836870e+06   2.5085449e+01
   3.1838040e+06   1.8798828e+01
   3.1838460e+06   2.0324707e+01
   3.1841130e+06   1.8920898e+01
   3.1980490e+06   2.4597168e+01
   3.1980830e+06   1.9592285e+01
   3.1981400e+06   1.9104004e+01
   3.1981660e+06   1.9775391e+01
   3.1982650e+06   2.2888184e+01
   3.1983030e+06   1.9165039e+01
   3.1984560e+06   3.8879395e+01
   3.1985150e+06   1.8859863e+01
   3.1986080e+06   2.3376465e+01
   3.1991640e+06   1.9470215e+01
   3.2165720e+06   2.8259277e+01
   3.2166170e+06   2.0141602e+01
   3.2166550e+06   2.5329590e+01
   3.2166650e+06   1.9348145e+01
   3.2166980e+06   1.9348145e+01
   3.2167700e+06   2.1911621e+01
   3.2167920e+06   1.8859863e+01
   3.2168600e+06   2.0507813e+01
   3.2169080e+06   2.1484375e+01
   3.2169620e+06   2.2705078e+01
   3.2169980e+06   1.9897461e+01
   3.2172020e+06   2.1179199e+01
   3.2172710e+06   1.9775391e+01
   3.2174320e+06   1.9287109e+01
   3.2174880e+06   1.9104004e+01
   3.2179790e+06   1.8920898e+01
   3.2183610e+06   2.2399902e+01
   3.2302110e+06   1.9958496e+01
   3.2302730e+06   3.0456543e+01
   3.2303080e+06   2.1728516e+01
   3.2303300e+06   1.8859863e+01
   3.2304000e+06   1.9348145e+01
   3.2304340e+06   1.9958496e+01
   3.2305030e+06   1.9104004e+01
   3.2306120e+06   1.9226074e+01
   3.2308200e+06   1.9042969e+01
   3.2308540e+06   1.8859863e+01
   3.2309110e+06   1.8859863e+01
   3.2420230e+06   2.8137207e+01
   3.2420770e+06   2.5085449e+01
   3.2421110e+06   2.0385742e+01
   3.2422870e+06   2.5939941e+01
   3.2424050e+06   2.1301270e+01
   3.2424360e+06   2.2521973e+01
   3.2425560e+06   2.4658203e+01
   3.2431080e+06   2.0507813e+01
   3.2433600e+06   1.8981934e+01
   3.2536620e+06   1.9897461e+01
   3.2536800e+06   3.7231445e+01
   3.2537680e+06   2.5939941e+01
   3.2538650e+06   2.0568848e+01
   3.2540030e+06   2.6123047e+01
   3.2541580e+06   1.8859863e+01
   3.2544870e+06   1.9897461e+01
   3.2545990e+06   1.8981934e+01
   3.2547410e+06   1.9042969e+01
   3.2547660e+06   2.0080566e+01
   3.2672890e+06   3.1982422e+01
   3.2673180e+06   2.1911621e+01
   3.2673640e+06   2.3742676e+01
   3.2673940e+06   1.9592285e+01
   3.2674780e+06   2.2277832e+01
   3.2675550e+06   2.0324707e+01
   3.2676740e+06   2.3681641e+01
   3.2678240e+06   2.3071289e+01
   3.2680090e+06   2.0507813e+01
   3.2681410e+06   2.3498535e+01
   3.2780830e+06   2.0935059e+01
   3.2782140e+06   2.0996094e+01
   3.2783860e+06   1.9409180e+01
   3.2784230e+06   2.1606445e+01
   3.2785670e+06   2.4047852e+01
   3.2787440e+06   2.1972656e+01
   3.2790850e+06   1.9592285e+01
   3.2891160e+06   1.9958496e+01
   3.2891410e+06   3.5522461e+01
   3.2892390e+06   2.5085449e+01
   3.2893950e+06   1.9042969e+01
   3.2894250e+06   2.4108887e+01
   3.2895920e+06   1.9287109e+01
   3.2898320e+06   2.3010254e+01
   3.2898580e+06   2.2644043e+01
   3.2900020e+06   1.9409180e+01
   3.2900210e+06   2.1240234e+01
   3.2985640e+06   2.2033691e+01
   3.2986870e+06   2.3803711e+01
   3.2988260e+06   2.3376465e+01
   3.2991350e+06   1.9165039e+01
   3.2993370e+06   2.0324707e+01
   3.2993650e+06   3.1372070e+01
   3.2997130e+06   2.3559570e+01
   3.3100520e+06   2.2033691e+01
   3.3100810e+06   2.8625488e+01
   3.3102390e+06   2.0385742e+01
   3.3103970e+06   2.0080566e+01
   3.3108000e+06   1.9042969e+01
   3.3108260e+06   2.8503418e+01
   3.3261760e+06   2.3010254e+01
   3.3262430e+06   1.8981934e+01
   3.3263760e+06   2.1789551e+01
   3.3264100e+06   1.9714355e+01
   3.3267750e+06   3.1311035e+01
   3.3359710e+06   3.7292480e+01
   3.3361380e+06   2.9418945e+01
   3.3364750e+06   2.2888184e+01
   3.3487960e+06   2.0324707e+01
   3.3488340e+06   2.3864746e+01
   3.3490740e+06   2.0507813e+01
   3.3490930e+06   2.2155762e+01
   3.3659080e+06   1.9042969e+01
   3.3660920e+06   4.5837402e+01
   3.3662520e+06   2.0568848e+01
   3.3664830e+06   1.8859863e+01
   3.3665140e+06   2.5878906e+01
   3.6386290e+06   2.3437500e+01
   3.6386910e+06   2.8076172e+01
   3.6387430e+06   2.7038574e+01
   3.6387930e+06   2.1118164e+01
   3.6388490e+06   2.0202637e+01
   3.6388920e+06   2.1118164e+01
   3.6389150e+06   1.9226074e+01
   3.6389570e+06   2.0141602e+01
   3.6389980e+06   1.8859863e+01
   3.6390650e+06   2.5695801e+01
   3.6390980e+06   2.2277832e+01
   3.6391300e+06   1.9348145e+01
   3.6391460e+06   2.0141602e+01
   3.6391860e+06   1.9592285e+01
   3.6392020e+06   3.2775879e+01
   3.6392130e+06   2.0324707e+01
   3.6393170e+06   2.5390625e+01
   3.6394500e+06   2.2216797e+01
   3.6395770e+06   1.9897461e+01
   3.6397130e+06   1.9287109e+01
   3.6398870e+06   1.9958496e+01
   3.7177960e+06   2.3437500e+01
   3.7187180e+06   2.0629883e+01
   3.7192800e+06   1.8859863e+01
   3.7193270e+06   2.0507813e+01
   3.7711530e+06   3.6743164e+01
   3.8938500e+06   3.7963867e+01
   3.8938700e+06   2.0202637e+01
   3.8939120e+06   2.9174805e+01
   3.8939240e+06   2.6489258e+01
   3.8939510e+06   2.0996094e+01
   3.8940040e+06   2.2705078e+01
   3.8940610e+06   2.0141602e+01
   3.8941520e+06   3.7048340e+01
   3.8941630e+06   2.6428223e+01
   3.8941880e+06   2.0019531e+01
   3.8942150e+06   2.6611328e+01
   3.8942500e+06   3.1127930e+01
   3.8942640e+06   2.7282715e+01
   3.8942890e+06   2.3376465e+01
   3.8943220e+06   4.7851563e+01
   3.8943540e+06   3.7109375e+01
   3.8944410e+06   2.1423340e+01
   3.8945010e+06   2.0629883e+01
   3.8945420e+06   1.8920898e+01
   3.8946580e+06   1.9348145e+01
   3.8948730e+06   2.1667480e+01
   4.0533730e+06   3.9123535e+01
   4.1736590e+06   1.8920898e+01
   4.1793460e+06   3.4118652e+01
   4.1872800e+06   4.0161133e+01
   4.1982750e+06   2.8259277e+01
   4.1983110e+06   2.3376465e+01
   4.1983440e+06   2.4414063e+01
   4.1983950e+06   2.4658203e+01
   4.1984340e+06   2.2033691e+01
   4.1984550e+06   2.1850586e+01
   4.1985200e+06   3.2348633e+01
   4.1985690e+06   3.5888672e+01
   4.1985910e+06   3.8391113e+01
   4.1986060e+06   2.2277832e+01
   4.1986500e+06   2.6916504e+01
   4.1986620e+06   2.3376465e+01
   4.1987030e+06   3.2226563e+01
   4.1987370e+06   2.6611328e+01
   4.1987650e+06   4.2236328e+01
   4.1988160e+06   3.2287598e+01
   4.1988770e+06   2.0446777e+01
   4.1990510e+06   2.5085449e+01
   4.1992990e+06   1.8859863e+01
   4.2326080e+06   3.8940430e+01
   4.2752460e+06   1.9104004e+01
   4.4927180e+06   1.9348145e+01
   4.4927690e+06   3.2043457e+01
   4.4928260e+06   1.9836426e+01
   4.4928640e+06   1.9836426e+01
   4.4928780e+06   3.9062500e+01
   4.4929310e+06   2.0690918e+01
   4.4929460e+06   2.2155762e+01
   4.4929780e+06   2.1118164e+01
   4.4929900e+06   2.0141602e+01
   4.4931300e+06   2.3315430e+01
   4.4932000e+06   2.2460938e+01
   4.4932320e+06   2.0263672e+01
   4.4932560e+06   2.2277832e+01
   4.4932810e+06   2.2094727e+01
   4.4933610e+06   1.9226074e+01
   4.4933850e+06   2.0324707e+01
   4.4934120e+06   2.2277832e+01
   4.4934550e+06   2.0568848e+01
   4.4935120e+06   2.5756836e+01
   4.4935310e+06   1.9592285e+01
   4.4936310e+06   2.4230957e+01
   4.4937880e+06   2.3376465e+01
   4.4939430e+06   2.2338867e+01
   4.5860980e+06   3.8879395e+01
   4.5869110e+06   3.8818359e+01
   4.6048040e+06   3.9306641e+01
   4.6087390e+06   4.3518066e+01
   4.6096570e+06   3.7414551e+01
   4.6211280e+06   2.0812988e+01
   4.6472070e+06   4.3029785e+01
   4.6476930e+06   4.1992187e+01
   4.6478510e+06   4.0466309e+01
   4.6558460e+06   3.7292480e+01
   4.6696050e+06   3.5888672e+01
   4.8169650e+06   3.4912109e+01
   4.8182320e+06   3.2714844e+01
   4.8183070e+06   3.1311035e+01
   4.8183200e+06   2.6184082e+01
   4.8183530e+06   2.2460938e+01
   4.8183960e+06   1.9897461e+01
   4.8184210e+06   2.2705078e+01
   4.8184590e+06   5.3710938e+01
   4.8184830e+06   2.3193359e+01
   4.8185010e+06   1.9775391e+01
   4.8185140e+06   3.1921387e+01
   4.8185430e+06   2.6123047e+01
   4.8185590e+06   1.9592285e+01
   4.8185760e+06   3.4484863e+01
   4.8186090e+06   2.4353027e+01
   4.8186280e+06   3.8452148e+01
   4.8186420e+06   1.8859863e+01
   4.8186790e+06   3.0151367e+01
   4.8187560e+06   3.0883789e+01
   4.8188040e+06   2.0507813e+01
   4.8188490e+06   2.0629883e+01
   4.8189440e+06   2.4230957e+01
   4.8617610e+06   2.3437500e+01
   4.8617850e+06   2.4108887e+01
   4.8618650e+06   2.7404785e+01
   4.8619740e+06   2.2583008e+01
   4.8620140e+06   1.9348145e+01
   4.8620400e+06   2.7160645e+01
   4.8620660e+06   2.1118164e+01
   4.8620920e+06   4.2236328e+01
   4.8621110e+06   2.0935059e+01
   4.8621210e+06   4.0649414e+01
   4.8621610e+06   3.1738281e+01
   4.8621850e+06   2.0080566e+01
   4.8622070e+06   2.8747559e+01
   4.8622840e+06   1.9226074e+01
   4.8623200e+06   2.8625488e+01
   4.8623500e+06   2.1240234e+01
   4.8623690e+06   1.9226074e+01
   4.8623980e+06   2.0874023e+01
   4.8624410e+06   2.0568848e+01
   4.8624750e+06   2.8991699e+01
   4.8625470e+06   2.8747559e+01
   4.8626110e+06   2.3559570e+01
   4.8626990e+06   2.3254395e+01
   4.8627150e+06   2.2460938e+01
   4.8628060e+06   2.5024414e+01
   4.8629090e+06   1.9775391e+01
   4.8633060e+06   1.9348145e+01
   4.8635990e+06   2.1545410e+01
   4.8830190e+06   1.9592285e+01
   4.8832930e+06   2.6306152e+01
   4.8833930e+06   2.5512695e+01
   4.8834300e+06   1.9348145e+01
   4.8835540e+06   2.2766113e+01
   4.8835890e+06   2.4841309e+01
   4.8836820e+06   2.3315430e+01
   4.8837760e+06   2.4169922e+01
   4.8838010e+06   2.0629883e+01
   4.8838840e+06   1.9226074e+01
   4.8839310e+06   3.7658691e+01
   4.8839510e+06   2.2338867e+01
   4.8839790e+06   2.1728516e+01
   4.8839930e+06   3.7963867e+01
   4.8840490e+06   4.4921875e+01
   4.8840670e+06   2.4841309e+01
   4.8840780e+06   2.8137207e+01
   4.8841090e+06   3.1555176e+01
   4.8841250e+06   3.2714844e+01
   4.8841660e+06   2.4841309e+01
   4.8842310e+06   2.1301270e+01
   4.8842700e+06   2.0385742e+01
   4.8843310e+06   1.9836426e+01
   4.8843800e+06   1.9714355e+01
   4.8844020e+06   1.9226074e+01
   4.8845000e+06   1.9226074e+01
   4.8845390e+06   2.6855469e+01
   4.8845880e+06   1.9226074e+01
   4.8847500e+06   2.0629883e+01
   4.8850070e+06   1.9775391e+01
   4.8983480e+06   1.9470215e+01
   4.8985680e+06   2.5024414e+01
   4.9158560e+06   2.1301270e+01
   4.9159590e+06   2.8137207e+01
   4.9159690e+06   1.9958496e+01
   4.9160110e+06   1.8798828e+01
   4.9160580e+06   2.7343750e+01
   4.9160950e+06   2.1423340e+01
   4.9161230e+06   1.9836426e+01
   4.9161610e+06   1.9104004e+01
   4.9162630e+06   3.1250000e+01
   4.9162730e+06   3.1494141e+01
   4.9162860e+06   2.5695801e+01
   4.9163160e+06   3.2897949e+01
   4.9163350e+06   3.0578613e+01
   4.9163450e+06   2.5878906e+01
   4.9163720e+06   2.3071289e+01
   4.9163820e+06   2.0996094e+01
   4.9164160e+06   2.3498535e+01
   4.9164400e+06   2.1362305e+01
   4.9164740e+06   2.5451660e+01
   4.9164990e+06   1.9897461e+01
   4.9165420e+06   1.8859863e+01
   4.9166040e+06   2.3071289e+01
   4.9166840e+06   2.2094727e+01
   4.9167030e+06   2.9968262e+01
   4.9167620e+06   2.3925781e+01
   4.9168630e+06   2.1118164e+01
   4.9169600e+06   2.1789551e+01
   4.9177450e+06   1.9409180e+01
   4.9178700e+06   2.1545410e+01
   4.9341270e+06   2.0080566e+01
   4.9341920e+06   2.0874023e+01
   4.9342190e+06   2.0263672e+01
   4.9343090e+06   2.0385742e+01
   4.9343570e+06   2.7832031e+01
   4.9345830e+06   1.9775391e+01
   4.9346670e+06   2.0751953e+01
   4.9346930e+06   1.9775391e+01
   4.9347220e+06   2.0202637e+01
   4.9347450e+06   3.9794922e+01
   4.9347560e+06   1.8920898e+01
   4.9348010e+06   4.7058105e+01
   4.9348260e+06   4.4250488e+01
   4.9348430e+06   2.8686523e+01
   4.9348660e+06   3.3630371e+01
   4.9348920e+06   2.6611328e+01
   4.9349170e+06   3.1372070e+01
   4.9349330e+06   2.8930664e+01
   4.9349500e+06   1.9592285e+01
   4.9349750e+06   2.1362305e+01
   4.9349990e+06   2.0385742e+01
   4.9350380e+06   3.2531738e+01
   4.9350690e+06   2.1484375e+01
   4.9351250e+06   1.9226074e+01
   4.9351350e+06   3.4912109e+01
   4.9352870e+06   2.1484375e+01
   4.9359930e+06   2.0141602e+01
   4.9755200e+06   2.1240234e+01
   4.9755620e+06   3.0883789e+01
   4.9756420e+06   2.4719238e+01
   4.9757260e+06   2.4902344e+01
   4.9758000e+06   2.3315430e+01
   4.9758830e+06   1.9042969e+01
   4.9759120e+06   2.1057129e+01
   4.9759240e+06   3.8635254e+01
   4.9759610e+06   2.3742676e+01
   4.9759950e+06   4.9194336e+01
   4.9760440e+06   4.1503906e+01
   4.9760610e+06   1.9775391e+01
   4.9760780e+06   1.9531250e+01
   4.9761180e+06   3.7414551e+01
   4.9761280e+06   2.1545410e+01
   4.9761560e+06   2.2827148e+01
   4.9761980e+06   2.2583008e+01
   4.9762160e+06   1.8920898e+01
   4.9762800e+06   2.2338867e+01
   4.9764270e+06   2.7954102e+01
   4.9765950e+06   2.1057129e+01
   5.0109100e+06   2.5207520e+01
   5.0109620e+06   2.6184082e+01
   5.0109870e+06   1.9714355e+01
   5.0110480e+06   1.9958496e+01
   5.0110600e+06   2.0812988e+01
   5.0112850e+06   3.1066895e+01
   5.0113620e+06   2.1179199e+01
   5.0114490e+06   2.0141602e+01
   5.0114680e+06   2.9418945e+01
   5.0114920e+06   2.0141602e+01
   5.0115200e+06   1.8859863e+01
   5.0115360e+06   2.0324707e+01
   5.0115580e+06   3.2165527e+01
   5.0115880e+06   4.6264648e+01
   5.0116100e+06   3.2653809e+01
   5.0116370e+06   2.3437500e+01
   5.0116590e+06   4.4616699e+01
   5.0116740e+06   2.1057129e+01
   5.0116860e+06   2.1301270e+01
   5.0117400e+06   2.5634766e+01
   5.0117930e+06   2.0202637e+01
   5.0118040e+06   1.9897461e+01
   5.0118250e+06   2.2766113e+01
   5.0119670e+06   1.8859863e+01
   5.0120090e+06   1.8798828e+01
   5.0122400e+06   1.9165039e+01
   5.0380380e+06   4.0405273e+01
   5.0454580e+06   2.3254395e+01
   5.0454820e+06   2.3254395e+01
   5.0455360e+06   2.3559570e+01
   5.0455590e+06   2.3681641e+01
   5.0455800e+06   2.0324707e+01
   5.0456460e+06   2.1240234e+01
   5.0456930e+06   1.8981934e+01
   5.0457310e+06   2.1362305e+01
   5.0457530e+06   2.5756836e+01
   5.0457870e+06   2.0324707e+01
   5.0458510e+06   2.8320313e+01
   5.0458640e+06   3.1188965e+01
   5.0459140e+06   3.5827637e+01
   5.0459330e+06   2.3742676e+01
   5.0459620e+06   2.2827148e+01
   5.0459830e+06   4.0222168e+01
   5.0460090e+06   2.0507813e+01
   5.0460370e+06   2.8137207e+01
   5.0460570e+06   1.9226074e+01
   5.0461050e+06   2.6977539e+01
   5.0461800e+06   1.9958496e+01
   5.0462220e+06   1.9409180e+01
   5.0463170e+06   1.9836426e+01
   5.0463610e+06   2.3620605e+01
   5.0464530e+06   2.0385742e+01
   5.0465290e+06   1.8859863e+01
   5.0582850e+06   3.8940430e+01
   5.0759160e+06   3.6865234e+01
   5.0789390e+06   2.4230957e+01
   5.0789890e+06   1.8981934e+01
   5.0790900e+06   2.1179199e+01
   5.0791440e+06   2.0935059e+01
   5.0792130e+06   1.9470215e+01
   5.0792460e+06   2.4963379e+01
   5.0793410e+06   1.9165039e+01
   5.0795140e+06   2.2949219e+01
   5.0795400e+06   2.1057129e+01
   5.0795940e+06   1.9042969e+01
   5.0796770e+06   2.1057129e+01
   5.0797010e+06   1.9775391e+01
   5.0798510e+06   1.9226074e+01
   5.0799870e+06   2.0263672e+01
   5.0801590e+06   1.9592285e+01
   5.0801920e+06   2.0568848e+01
   5.0805840e+06   1.9775391e+01
   5.0974500e+06   2.4475098e+01
   5.0974780e+06   2.2766113e+01
   5.0975730e+06   2.1911621e+01
   5.0975870e+06   2.2399902e+01
   5.0976840e+06   2.3864746e+01
   5.0977560e+06   2.7404785e+01
   5.0979380e+06   2.4169922e+01
   5.0980920e+06   1.8798828e+01
   5.0981220e+06   1.9104004e+01
   5.0983130e+06   2.4719238e+01
   5.0983280e+06   1.8920898e+01
   5.1159190e+06   2.7587891e+01
   5.1159630e+06   2.6916504e+01
   5.1160790e+06   2.4902344e+01
   5.1161780e+06   1.8920898e+01
   5.1163110e+06   2.0080566e+01
   5.1165800e+06   1.8920898e+01
   5.1166120e+06   2.0507813e+01
   5.1168330e+06   1.9653320e+01
   5.1299910e+06   2.6794434e+01
   5.1300250e+06   2.6794434e+01
   5.1302240e+06   2.1789551e+01
   5.1303490e+06   2.4047852e+01
   5.1303620e+06   2.6855469e+01
   5.1401330e+06   4.1198730e+01
   5.1405680e+06   3.6682129e+01
   5.1625870e+06   4.0039062e+01
   5.1646990e+06   2.0812988e+01
   5.1648560e+06   2.2216797e+01
   5.1650590e+06   2.3742676e+01
   5.1655480e+06   2.0996094e+01
   5.1899260e+06   1.9958496e+01
   5.3747910e+06   3.6254883e+01
   5.4909360e+06   4.0588379e+01
   5.4911010e+06   3.9978027e+01
   5.5394960e+06   2.2033691e+01
   5.5868950e+06   4.1564941e+01
   5.5873950e+06   4.1137695e+01
   5.6604790e+06   2.1728516e+01
   5.6605600e+06   3.3020020e+01
   5.6605740e+06   2.4169922e+01
   5.6606060e+06   2.5634766e+01
   5.6606510e+06   1.9042969e+01
   5.6607010e+06   1.9104004e+01
   5.6607240e+06   2.0019531e+01
   5.6607610e+06   2.5329590e+01
   5.6607870e+06   2.0263672e+01
   5.6608140e+06   3.2226563e+01
   5.6608580e+06   2.6123047e+01
   5.6608730e+06   4.1503906e+01
   5.6608990e+06   1.8981934e+01
   5.6609150e+06   2.0202637e+01
   5.6609340e+06   2.1057129e+01
   5.6609560e+06   4.2724609e+01
   5.6609860e+06   3.5827637e+01
   5.6610190e+06   1.8798828e+01
   5.6610360e+06   1.9104004e+01
   5.6610690e+06   2.3254395e+01
   5.6611170e+06   2.5207520e+01
   5.6612130e+06   2.9907227e+01
   5.6612340e+06   2.2094727e+01
   5.6612830e+06   2.6489258e+01
   5.6613150e+06   3.2836914e+01
   5.8256370e+06   3.7048340e+01
   5.8480670e+06   3.2958984e+01
   5.8959800e+06   3.3935547e+01
   5.9388110e+06   4.4738770e+01
   6.0011150e+06   4.3212891e+01
   6.0209580e+06   1.8798828e+01
   6.0715440e+06   2.0690918e+01
   6.0729530e+06   3.4912109e+01
   6.0730480e+06   3.1738281e+01
   6.0731020e+06   2.1240234e+01
   6.0731460e+06   1.9531250e+01
   6.0733280e+06   3.0395508e+01
   6.0734260e+06   1.8981934e+01
   6.0734500e+06   3.2470703e+01
   6.0735940e+06   2.0019531e+01
   6.0736220e+06   2.7832031e+01
   6.0737440e+06   2.2766113e+01
   6.0737560e+06   1.8920898e+01
   6.0739190e+06   2.1850586e+01
   6.1090280e+06   3.9001465e+01
   6.1523500e+06   3.8818359e+01
   6.1632330e+06   3.6926270e+01
   6.3665070e+06   3.9245605e+01
   6.3680610e+06   2.7893066e+01
   6.3681190e+06   3.8879395e+01
   6.3681480e+06   1.9042969e+01
   6.3681720e+06   2.5329590e+01
   6.3681910e+06   2.7404785e+01
   6.3682230e+06   3.2409668e+01
   6.3682400e+06   3.9184570e+01
   6.3682710e+06   3.5034180e+01
   6.3682960e+06   2.0385742e+01
   6.3683140e+06   2.9541016e+01
   6.3683450e+06   3.7048340e+01
   6.3683650e+06   2.1606445e+01
   6.3684000e+06   3.2714844e+01
   6.3684120e+06   4.4189453e+01
   6.3684710e+06   6.5368652e+01
   6.3684960e+06   2.2399902e+01
   6.3685570e+06   2.3803711e+01
   6.3686680e+06   3.6010742e+01
   6.3688530e+06   2.4169922e+01
   6.3700970e+06   2.3315430e+01
   6.4188750e+06   2.8320313e+01
   6.4189400e+06   3.1799316e+01
   6.4190520e+06   2.3925781e+01
   6.4191000e+06   2.0629883e+01
   6.4192670e+06   1.9653320e+01
   6.4193030e+06   2.0202637e+01
   6.4193200e+06   4.7363281e+01
   6.4193640e+06   2.0385742e+01
   6.4194000e+06   2.3315430e+01
   6.4194400e+06   2.4658203e+01
   6.4194590e+06   3.3020020e+01
   6.4194740e+06   3.6437988e+01
   6.4195030e+06   3.6743164e+01
   6.4195430e+06   2.3437500e+01
   6.4195610e+06   2.2094727e+01
   6.4195740e+06   2.3010254e+01
   6.4196000e+06   2.4841309e+01
   6.4196250e+06   2.2094727e+01
   6.4196490e+06   2.2155762e+01
   6.4197510e+06   2.0019531e+01
   6.4198410e+06   1.8859863e+01
   6.4199480e+06   2.0507813e+01
   6.4200550e+06   3.3508301e+01
   6.4201390e+06   1.9958496e+01
   6.4209130e+06   2.1362305e+01
   6.4213170e+06   2.1545410e+01
   6.4216090e+06   2.3498535e+01
   6.4422720e+06   2.2338867e+01
   6.4423140e+06   2.3437500e+01
   6.4424450e+06   2.3132324e+01
   6.4424710e+06   3.1127930e+01
   6.4425780e+06   1.9165039e+01
   6.4426600e+06   2.5756836e+01
   6.4427580e+06   1.8981934e+01
   6.4427790e+06   2.7038574e+01
   6.4428010e+06   2.0202637e+01
   6.4429390e+06   1.8981934e+01
   6.4429880e+06   1.9104004e+01
   6.4432250e+06   2.1057129e+01
   6.4435210e+06   2.0507813e+01
   6.4437370e+06   2.0629883e+01
   6.4439290e+06   1.8798828e+01
   6.4675520e+06   2.1118164e+01
   6.4675860e+06   2.5207520e+01
   6.4676300e+06   2.1484375e+01
   6.4676400e+06   1.9470215e+01
   6.4677190e+06   2.2216797e+01
   6.4678240e+06   3.8146973e+01
   6.4678740e+06   2.3010254e+01
   6.4678960e+06   2.2644043e+01
   6.4679220e+06   2.2277832e+01
   6.4679590e+06   2.1667480e+01
   6.4679870e+06   3.3874512e+01
   6.4679990e+06   1.8676758e+01
   6.4680160e+06   1.9775391e+01
   6.4680340e+06   3.4240723e+01
   6.4680540e+06   2.8991699e+01
   6.4680720e+06   2.5512695e+01
   6.4680930e+06   2.4536133e+01
   6.4681120e+06   2.4902344e+01
   6.4681300e+06   3.4484863e+01
   6.4681470e+06   2.2705078e+01
   6.4681990e+06   1.8798828e+01
   6.4682180e+06   2.2827148e+01
   6.4682290e+06   2.2216797e+01
   6.4682690e+06   1.9592285e+01
   6.4682840e+06   1.8981934e+01
   6.4683530e+06   3.0151367e+01
   6.4683790e+06   1.9226074e+01
   6.4684480e+06   2.0812988e+01
   6.4685130e+06   3.7780762e+01
   6.4685560e+06   2.8503418e+01
   6.4686320e+06   2.6245117e+01
   6.4691720e+06   2.0141602e+01
   6.4895310e+06   1.8981934e+01
   6.4982290e+06   2.4291992e+01
   6.4983270e+06   2.4902344e+01
   6.4983560e+06   1.8615723e+01
   6.4984540e+06   2.3681641e+01
   6.4984670e+06   2.0019531e+01
   6.4984970e+06   1.9653320e+01
   6.4985370e+06   2.1911621e+01
   6.4986730e+06   2.0690918e+01
   6.4987180e+06   3.8818359e+01
   6.4987420e+06   2.1667480e+01
   6.4987940e+06   2.4780273e+01
   6.4988280e+06   3.9184570e+01
   6.4988490e+06   2.0080566e+01
   6.4988630e+06   3.1066895e+01
   6.4988810e+06   2.3620605e+01
   6.4989030e+06   2.2277832e+01
   6.4989300e+06   1.9470215e+01
   6.4989800e+06   1.9226074e+01
   6.4990030e+06   2.3315430e+01
   6.4990460e+06   2.0385742e+01
   6.4990710e+06   2.0568848e+01
   6.4990930e+06   1.9287109e+01
   6.4991420e+06   2.3071289e+01
   6.4992150e+06   2.8198242e+01
   6.4992480e+06   1.9714355e+01
   6.4993480e+06   2.5756836e+01
   6.4994050e+06   2.6611328e+01
   6.5001970e+06   1.9348145e+01
   6.5003550e+06   1.9042969e+01
   6.5292040e+06   1.9653320e+01
   6.5293660e+06   2.8808594e+01
   6.5293900e+06   2.1484375e+01
   6.5294090e+06   1.9165039e+01
   6.5295090e+06   2.5878906e+01
   6.5296360e+06   2.4414063e+01
   6.5296490e+06   2.3193359e+01
   6.5297650e+06   2.5451660e+01
   6.5299680e+06   1.9531250e+01
   6.5300040e+06   2.0874023e+01
   6.5300340e+06   3.5827637e+01
   6.5300580e+06   2.1850586e+01
   6.5300920e+06   5.2246094e+01
   6.5301020e+06   3.9978027e+01
   6.5301360e+06   3.0578613e+01
   6.5301510e+06   2.0935059e+01
   6.5302200e+06   2.5634766e+01
   6.5302750e+06   2.5390625e+01
   6.5303040e+06   1.9714355e+01
   6.5303620e+06   1.8798828e+01
   6.5303740e+06   3.2592773e+01
   6.5304360e+06   1.8737793e+01
   6.5304530e+06   1.9897461e+01
   6.5305050e+06   1.9409180e+01
   6.5305770e+06   1.9042969e+01
   6.5307860e+06   1.9958496e+01
   6.5312700e+06   1.8615723e+01
   6.5975810e+06   2.4902344e+01
   6.5976940e+06   2.1728516e+01
   6.5977630e+06   2.2949219e+01
   6.5978360e+06   2.4291992e+01
   6.5979900e+06   1.9348145e+01
   6.5980250e+06   2.5512695e+01
   6.5983020e+06   2.4169922e+01
   6.5983380e+06   2.2155762e+01
   6.6201600e+06   2.5390625e+01
   6.6202780e+06   1.9470215e+01
   6.6203380e+06   2.1728516e+01
   6.6205250e+06   3.6682129e+01
   6.6492630e+06   2.7404785e+01
   6.6492880e+06   3.0578613e+01
   6.6494790e+06   1.9470215e+01
   6.7238430e+06   3.7780762e+01
   6.8416120e+06   3.9184570e+01
   6.9746310e+06   4.1564941e+01
   7.0715580e+06   1.9042969e+01
   7.2800810e+06   2.0690918e+01
   7.2973960e+06   1.9104004e+01
   7.7623030e+06   2.0019531e+01
   7.8310670e+06   3.8024902e+01
   7.8311110e+06   1.9042969e+01
   7.8311510e+06   3.7963867e+01
   7.8311770e+06   2.4536133e+01
   7.8312080e+06   2.8930664e+01
   7.8312500e+06   1.9775391e+01
   7.8312850e+06   2.3376465e+01
   7.8313050e+06   3.4179688e+01
   7.8313170e+06   1.9653320e+01
   7.8313460e+06   4.2419434e+01
   7.8313610e+06   2.2766113e+01
   7.8314000e+06   3.5827637e+01
   7.8314130e+06   2.5207520e+01
   7.8314250e+06   2.6428223e+01
   7.8314550e+06   4.1259766e+01
   7.8314660e+06   2.1057129e+01
   7.8314920e+06   2.4291992e+01
   7.8315280e+06   4.0649414e+01
   7.8315500e+06   1.8615723e+01
   7.8315990e+06   1.8920898e+01
   7.8318020e+06   2.8991699e+01
   7.8320010e+06   2.0141602e+01
   7.8321880e+06   2.0202637e+01
   7.8901120e+06   2.0935059e+01
   7.8902730e+06   3.0151367e+01
   7.8903060e+06   3.2653809e+01
   7.8903540e+06   2.8320313e+01
   7.8904280e+06   1.9165039e+01
   7.8904470e+06   2.3315430e+01
   7.8905210e+06   1.9958496e+01
   7.8905440e+06   2.0751953e+01
   7.8906390e+06   2.8381348e+01
   7.8906650e+06   2.6916504e+01
   7.8906950e+06   2.6733398e+01
   7.8907350e+06   2.6184082e+01
   7.8907480e+06   2.2094727e+01
   7.8907720e+06   2.7404785e+01
   7.8907970e+06   2.4047852e+01
   7.8908220e+06   2.6489258e+01
   7.8908410e+06   2.3498535e+01
   7.8908700e+06   2.2460938e+01
   7.8908910e+06   2.5512695e+01
   7.8909450e+06   2.1240234e+01
   7.8910410e+06   2.0446777e+01
   7.8910830e+06   2.0935059e+01
   7.8911310e+06   2.1728516e+01
   7.8911890e+06   2.6306152e+01
   7.8912560e+06   2.6611328e+01
   7.8913260e+06   1.9653320e+01
   7.8914140e+06   2.0812988e+01
   7.8915700e+06   1.9287109e+01
   7.8916100e+06   3.2897949e+01
   7.8918120e+06   1.9592285e+01
   7.8925570e+06   1.9042969e+01
   7.8927940e+06   2.0690918e+01
   7.9159350e+06   1.9104004e+01
   8.0107070e+06   4.1076660e+01
   8.1616370e+06   2.9479980e+01
   8.1617140e+06   1.9409180e+01
   8.1617630e+06   2.1545410e+01
   8.1619010e+06   2.5085449e+01
   8.1619320e+06   1.8676758e+01
   8.1620770e+06   2.8442383e+01
   8.1620980e+06   3.8085938e+01
   8.1621180e+06   2.4536133e+01
   8.1622170e+06   2.3376465e+01
   8.1622550e+06   3.5949707e+01
   8.1622820e+06   2.2094727e+01
   8.1623420e+06   2.2888184e+01
   8.1626280e+06   2.4902344e+01
   8.1628290e+06   1.9470215e+01
   8.4028870e+06   2.9663086e+01
   8.4029540e+06   2.0019531e+01
   8.4029890e+06   1.9653320e+01
   8.4030090e+06   3.3569336e+01
   8.4031240e+06   2.6306152e+01
   8.4031660e+06   2.1972656e+01
   8.4031900e+06   2.9479980e+01
   8.4032930e+06   2.4780273e+01
   8.4033240e+06   1.9348145e+01
   8.4033690e+06   2.0080566e+01
   8.4033820e+06   2.3681641e+01
   8.4034450e+06   1.8859863e+01
   8.4035000e+06   3.0395508e+01
   8.4035480e+06   1.9226074e+01
   8.4036010e+06   2.2827148e+01
   8.4036340e+06   2.5817871e+01
   8.4036590e+06   2.9296875e+01
   8.4037800e+06   2.0263672e+01
   8.4038160e+06   2.7099609e+01
   8.4039400e+06   2.3071289e+01
   8.7512540e+06   3.8269043e+01
   8.9492780e+06   3.8330078e+01
   9.2656860e+06   4.0100098e+01
   9.2732860e+06   4.1931152e+01
   9.5183750e+06   1.8615723e+01
   9.6940250e+06   3.6621094e+01
   9.9430880e+06   3.8879395e+01
   1.0044218e+07   3.7902832e+01
   1.0081606e+07   3.8513184e+01
   1.0097615e+07   1.9226074e+01
   1.0289697e+07   1.8615723e+01
   1.0294099e+07   1.8493652e+01
   1.1226980e+07   2.0935059e+01
   1.1336011e+07   2.3437500e+01
   1.1336043e+07   2.8320313e+01
   1.1479514e+07   1.9409180e+01
   1.1479578e+07   1.9165039e+01
   1.1479724e+07   3.2104492e+01
   1.1479753e+07   3.3569336e+01
   1.1479775e+07   2.7709961e+01
   1.1479804e+07   2.1423340e+01
   1.1479819e+07   3.9428711e+01
   1.1479841e+07   1.9897461e+01
   1.1479854e+07   2.1789551e+01
   1.1479875e+07   2.4780273e+01
   1.1479901e+07   3.2043457e+01
   1.1479929e+07   3.1494141e+01
   1.1479966e+07   1.9836426e+01
   1.1479992e+07   3.1127930e+01
   1.1480016e+07   2.0263672e+01
   1.1480056e+07   3.4301758e+01
   1.1480085e+07   2.0446777e+01
   1.1480119e+07   1.8188477e+01
   1.1480144e+07   2.0751953e+01
   1.1480161e+07   2.3742676e+01
   1.1480187e+07   1.8371582e+01
   1.1480274e+07   2.0690918e+01
   1.1480369e+07   4.3640137e+01
   1.1480435e+07   1.9714355e+01
   1.1480668e+07   2.5085449e+01
   1.1481117e+07   3.2592773e+01
   1.1481335e+07   1.9165039e+01
   1.1482000e+07   1.8493652e+01
   1.1520911e+07   1.8188477e+01
   1.1524477e+07   3.7536621e+01
   1.1555885e+07   1.8310547e+01
   1.1652049e+07   1.9226074e+01
   1.1672687e+07   1.8615723e+01
   1.1714254e+07   1.9592285e+01
   1.1718279e+07   1.8249512e+01
   1.1731714e+07   1.9287109e+01
