   1.1999000e+07   0.0000000e+00
   4.6443000e+04   1.9470215e+01
   5.2759000e+04   3.0212402e+01
   5.2777000e+04   2.0751953e+01
   5.2824000e+04   2.7770996e+01
   5.2835000e+04   2.0202637e+01
   5.2917000e+04   2.0751953e+01
   5.2941000e+04   2.0812988e+01
   5.3028000e+04   2.2521973e+01
   5.3096000e+04   1.9287109e+01
   5.3290000e+04   1.9958496e+01
   5.3826000e+04   2.0019531e+01
   5.3843000e+04   1.9592285e+01
   5.4360000e+04   2.1362305e+01
   7.2431000e+04   1.9775391e+01
   1.2853400e+05   1.9409180e+01
   1.8812100e+05   3.9916992e+01
   1.8815000e+05   3.2104492e+01
   1.8820400e+05   2.1606445e+01
   1.8827700e+05   2.2094727e+01
   1.8830900e+05   2.8930664e+01
   1.8836700e+05   2.1911621e+01
   1.8837800e+05   2.2888184e+01
   1.8842000e+05   2.2155762e+01
   1.8846200e+05   2.6306152e+01
   1.8848600e+05   2.5329590e+01
   1.8856400e+05   1.9531250e+01
   1.8870700e+05   1.9531250e+01
   1.8873100e+05   2.4719238e+01
   1.8947100e+05   1.9653320e+01
   2.5079700e+05   2.0935059e+01
   2.5082600e+05   1.9714355e+01
   2.5088000e+05   2.1545410e+01
   2.5089400e+05   2.4475098e+01
   2.5094500e+05   2.0935059e+01
   2.5095900e+05   2.0019531e+01
   2.5097800e+05   1.9653320e+01
   2.5100300e+05   3.4362793e+01
   2.5102300e+05   2.8625488e+01
   2.5105100e+05   3.2714844e+01
   2.5106100e+05   3.6987305e+01
   2.5110300e+05   4.6569824e+01
   2.5111500e+05   4.6386719e+01
   2.5113900e+05   2.2766113e+01
   2.5115100e+05   2.3559570e+01
   2.5117900e+05   2.4902344e+01
   2.5119600e+05   2.7221680e+01
   2.5120700e+05   2.4169922e+01
   2.5124400e+05   3.0883789e+01
   2.5126500e+05   2.1118164e+01
   2.5128500e+05   3.3203125e+01
   2.5130900e+05   1.9592285e+01
   2.5132400e+05   2.2766113e+01
   2.5133500e+05   2.1911621e+01
   2.5141600e+05   2.7282715e+01
   2.5147100e+05   2.8808594e+01
   2.5157900e+05   2.4291992e+01
   2.5167900e+05   2.2827148e+01
   2.5176300e+05   2.3803711e+01
   2.5720600e+05   1.9958496e+01
   2.5828600e+05   2.3010254e+01
   2.5993500e+05   1.9531250e+01
   2.5995800e+05   3.5827637e+01
   2.6120900e+05   1.9470215e+01
   2.6764400e+05   2.1850586e+01
   2.6767000e+05   2.3010254e+01
   2.6769700e+05   2.4841309e+01
   2.6772600e+05   2.5512695e+01
   2.6773700e+05   3.4606934e+01
   2.6776500e+05   3.8635254e+01
   2.6777600e+05   3.8391113e+01
   2.6781300e+05   3.5766602e+01
   2.6784500e+05   4.0649414e+01
   2.6785600e+05   3.4423828e+01
   2.6788400e+05   2.9846191e+01
   2.6791000e+05   3.2775879e+01
   2.6792300e+05   2.6306152e+01
   2.6793400e+05   2.0568848e+01
   2.6795200e+05   2.9602051e+01
   2.6796900e+05   4.8583984e+01
   2.6798100e+05   2.5817871e+01
   2.6800300e+05   2.8076172e+01
   2.6802200e+05   2.7770996e+01
   2.6804300e+05   2.4536133e+01
   2.6806300e+05   2.0629883e+01
   2.6808200e+05   2.5695801e+01
   2.6810100e+05   3.2409668e+01
   2.6811100e+05   3.5217285e+01
   2.6814600e+05   2.5451660e+01
   2.6820700e+05   2.2460938e+01
   2.6822700e+05   2.6184082e+01
   2.6823700e+05   2.3864746e+01
   2.6835300e+05   2.6916504e+01
   2.6836700e+05   2.7038574e+01
   2.6846000e+05   2.1179199e+01
   2.6851800e+05   2.5329590e+01
   2.6861200e+05   1.9348145e+01
   2.6863100e+05   2.0996094e+01
   2.6910500e+05   1.9958496e+01
   2.6917000e+05   1.9287109e+01
   2.6936300e+05   1.9409180e+01
   2.6940400e+05   3.1066895e+01
   3.4313300e+05   2.9052734e+01
   3.4314800e+05   2.7587891e+01
   3.4321300e+05   2.2338867e+01
   3.4323200e+05   2.4108887e+01
   3.4326800e+05   2.0690918e+01
   3.4329500e+05   2.5085449e+01
   3.4332000e+05   2.0263672e+01
   3.4336200e+05   2.1789551e+01
   3.4338400e+05   2.2766113e+01
   3.4341300e+05   2.6367188e+01
   3.4343200e+05   3.3752441e+01
   3.4346500e+05   2.5939941e+01
   3.4349200e+05   2.8442383e+01
   3.4351600e+05   3.2592773e+01
   3.4353600e+05   3.2287598e+01
   3.4354800e+05   2.7709961e+01
   3.4357500e+05   3.0395508e+01
   3.4359400e+05   3.6560059e+01
   3.4360900e+05   3.3691406e+01
   3.4362200e+05   2.4047852e+01
   3.4364200e+05   2.4475098e+01
   3.4366600e+05   2.5085449e+01
   3.4369200e+05   2.6733398e+01
   3.4371400e+05   3.8879395e+01
   3.4373900e+05   3.2653809e+01
   3.4383100e+05   2.3132324e+01
   3.4391300e+05   3.2653809e+01
   3.4392300e+05   2.4902344e+01
   3.4397800e+05   2.3742676e+01
   3.4408100e+05   3.1860352e+01
   3.4426400e+05   2.0629883e+01
   3.4504100e+05   2.0080566e+01
   3.6436300e+05   2.0690918e+01
   3.6438200e+05   3.5278320e+01
   3.6440500e+05   2.1362305e+01
   3.6443500e+05   2.1423340e+01
   3.6445300e+05   3.4545898e+01
   3.6446700e+05   3.0456543e+01
   3.6447900e+05   2.9663086e+01
   3.6449900e+05   2.3742676e+01
   3.6452100e+05   2.0874023e+01
   3.6453800e+05   2.4291992e+01
   3.6456300e+05   3.0273438e+01
   3.6457500e+05   2.1423340e+01
   3.6459600e+05   5.3100586e+01
   3.6461900e+05   2.2277832e+01
   3.6465200e+05   2.2094727e+01
   3.6467600e+05   2.0080566e+01
   3.6471900e+05   3.4912109e+01
   3.6474500e+05   4.0405273e+01
   3.6475900e+05   3.4301758e+01
   3.6478200e+05   2.3254395e+01
   3.6480400e+05   3.0944824e+01
   3.6485000e+05   2.5756836e+01
   3.6491700e+05   2.4047852e+01
   3.6493000e+05   1.9836426e+01
   3.6497500e+05   2.0019531e+01
   3.6499100e+05   2.0202637e+01
   3.6502300e+05   2.2338867e+01
   3.6507200e+05   1.9531250e+01
   3.6510400e+05   2.2338867e+01
   3.6511600e+05   2.1728516e+01
   3.6512800e+05   1.9714355e+01
   3.6515300e+05   2.0507813e+01
   3.6538900e+05   2.8015137e+01
   3.6547700e+05   2.0263672e+01
   3.6550400e+05   2.2888184e+01
   3.6554700e+05   2.0996094e+01
   3.6564300e+05   2.1484375e+01
   3.6580700e+05   2.4475098e+01
   4.2406300e+05   2.9174805e+01
   4.2408300e+05   2.0935059e+01
   4.2410900e+05   2.7160645e+01
   4.2412300e+05   1.9897461e+01
   4.2415800e+05   3.0578613e+01
   4.2421500e+05   2.2888184e+01
   4.2422900e+05   3.6376953e+01
   4.2427200e+05   2.8137207e+01
   4.2428200e+05   2.4902344e+01
   4.2429600e+05   3.2043457e+01
   4.2431600e+05   1.9958496e+01
   4.2432900e+05   3.9550781e+01
   4.2435600e+05   2.6367188e+01
   4.2438600e+05   4.5959473e+01
   4.2440000e+05   2.8076172e+01
   4.2442800e+05   3.7231445e+01
   4.2443900e+05   3.1494141e+01
   4.2446000e+05   2.9602051e+01
   4.2447300e+05   3.1188965e+01
   4.2448700e+05   2.6916504e+01
   4.2453800e+05   2.9113770e+01
   4.2455600e+05   2.5695801e+01
   4.2459700e+05   2.8381348e+01
   4.2461900e+05   1.9958496e+01
   4.2464000e+05   2.8747559e+01
   4.2466500e+05   2.2460937e+01
   4.2468300e+05   2.6123047e+01
   4.2473800e+05   2.3925781e+01
   4.2477100e+05   2.2033691e+01
   4.2481500e+05   2.0446777e+01
   4.2485700e+05   2.5390625e+01
   4.2495800e+05   2.0690918e+01
   4.2506500e+05   2.1301270e+01
   4.7052200e+05   1.9775391e+01
   4.7063900e+05   4.0344238e+01
   4.7065800e+05   2.0080566e+01
   4.7068500e+05   4.7363281e+01
   4.7070100e+05   3.0944824e+01
   4.7072100e+05   2.2216797e+01
   4.7073800e+05   2.6306152e+01
   4.7075000e+05   2.9113770e+01
   4.7077000e+05   2.1728516e+01
   4.7079200e+05   1.9836426e+01
   4.7080200e+05   4.2358398e+01
   4.7081700e+05   3.3386230e+01
   4.7083200e+05   2.5146484e+01
   4.7085900e+05   2.5634766e+01
   4.7088300e+05   2.6733398e+01
   4.7090600e+05   2.1972656e+01
   4.7093900e+05   2.6672363e+01
   4.7096100e+05   4.5349121e+01
   4.7100600e+05   1.9714355e+01
   4.7104200e+05   3.1311035e+01
   4.7108500e+05   2.5878906e+01
   4.7110900e+05   2.0935059e+01
   4.7116300e+05   1.9287109e+01
   4.7119100e+05   2.0019531e+01
   4.7134400e+05   2.0202637e+01
   4.7138800e+05   2.3864746e+01
   4.7147100e+05   2.0019531e+01
   4.7151100e+05   2.2460938e+01
   4.7153300e+05   1.9653320e+01
   4.7223000e+05   1.9531250e+01
   5.0486600e+05   2.8137207e+01
   5.0493600e+05   2.3132324e+01
   5.0495500e+05   2.7160645e+01
   5.0497900e+05   4.0893555e+01
   5.0499400e+05   2.6123047e+01
   5.0501000e+05   2.4841309e+01
   5.0502300e+05   3.7170410e+01
   5.0504400e+05   2.8320313e+01
   5.0505900e+05   3.5583496e+01
   5.0508700e+05   2.0629883e+01
   5.0511800e+05   3.5461426e+01
   5.0513700e+05   1.9653320e+01
   5.0516100e+05   3.9550781e+01
   5.0518100e+05   2.0019531e+01
   5.0523200e+05   2.7221680e+01
   5.0525000e+05   2.0874023e+01
   5.0527100e+05   2.0324707e+01
   5.0529000e+05   2.6062012e+01
   5.0531000e+05   2.3498535e+01
   5.0532800e+05   3.8452148e+01
   5.0534600e+05   1.9470215e+01
   5.0537700e+05   2.4475098e+01
   5.0541500e+05   2.4291992e+01
   5.0544400e+05   2.0812988e+01
   5.0548400e+05   2.2888184e+01
   5.0550900e+05   2.5878906e+01
   5.0555900e+05   2.5207520e+01
   5.0559100e+05   2.3925781e+01
   5.0561100e+05   2.2705078e+01
   5.0562200e+05   1.9775391e+01
   5.0568200e+05   2.1606445e+01
   5.0597400e+05   2.2338867e+01
   5.0628500e+05   2.1606445e+01
   5.0639300e+05   1.9287109e+01
   5.0644400e+05   2.0935059e+01
   5.0665200e+05   2.0141602e+01
   5.2891700e+05   1.9348145e+01
   5.4405100e+05   2.1850586e+01
   5.4411500e+05   1.9287109e+01
   5.4414600e+05   2.0507813e+01
   5.4417300e+05   2.9479980e+01
   5.4418500e+05   2.3071289e+01
   5.4420800e+05   2.1240234e+01
   5.4422700e+05   3.7231445e+01
   5.4424800e+05   3.1555176e+01
   5.4426000e+05   4.7302246e+01
   5.4428900e+05   2.7587891e+01
   5.4431000e+05   3.5522461e+01
   5.4434800e+05   3.7170410e+01
   5.4437100e+05   2.1362305e+01
   5.4440900e+05   2.4291992e+01
   5.4444200e+05   3.2348633e+01
   5.4446300e+05   1.9287109e+01
   5.4449200e+05   3.2287598e+01
   5.4452500e+05   3.2653809e+01
   5.4456700e+05   2.6550293e+01
   5.4460400e+05   2.2766113e+01
   5.4462000e+05   2.1972656e+01
   5.4466300e+05   2.1362305e+01
   5.4470900e+05   3.2470703e+01
   5.4474600e+05   2.0507813e+01
   5.4478300e+05   1.9470215e+01
   5.4484500e+05   2.3742676e+01
   5.4491700e+05   1.9897461e+01
   5.4493900e+05   2.0507813e+01
   5.4500400e+05   2.2277832e+01
   5.4535400e+05   2.0568848e+01
   5.7843800e+05   2.0324707e+01
   5.7844800e+05   1.9836426e+01
   5.7850300e+05   3.1860352e+01
   5.7852200e+05   2.9113770e+01
   5.7854000e+05   3.2836914e+01
   5.7857100e+05   3.4729004e+01
   5.7859200e+05   3.6499023e+01
   5.7861300e+05   2.7404785e+01
   5.7863200e+05   4.5166016e+01
   5.7865900e+05   3.5217285e+01
   5.7868300e+05   3.2836914e+01
   5.7869900e+05   3.3386230e+01
   5.7871800e+05   3.0761719e+01
   5.7874400e+05   3.2958984e+01
   5.7875500e+05   2.0507812e+01
   5.7880500e+05   2.0690918e+01
   5.7881800e+05   2.2094727e+01
   5.7887600e+05   2.2338867e+01
   5.7888900e+05   2.0507813e+01
   5.7892300e+05   2.3986816e+01
   5.7896500e+05   2.6367188e+01
   5.7901000e+05   2.5268555e+01
   5.7904100e+05   2.4902344e+01
   5.7906900e+05   2.0996094e+01
   5.7910800e+05   2.3803711e+01
   5.7919200e+05   2.4047852e+01
   5.7926300e+05   2.2155762e+01
   5.7927300e+05   2.3132324e+01
   5.7934100e+05   2.5573730e+01
   5.8226500e+05   1.9287109e+01
   5.8328200e+05   1.9470215e+01
   5.8356200e+05   2.0935059e+01
   5.8358600e+05   2.1118164e+01
   5.8455600e+05   2.0446777e+01
   5.8505500e+05   2.0324707e+01
   6.0759400e+05   2.5329590e+01
   6.0763500e+05   1.9958496e+01
   6.0765500e+05   2.8625488e+01
   6.0768800e+05   4.7363281e+01
   6.0769800e+05   4.0039063e+01
   6.0771000e+05   2.7038574e+01
   6.0773500e+05   2.7404785e+01
   6.0776800e+05   3.0395508e+01
   6.0778000e+05   2.5939941e+01
   6.0779700e+05   3.9367676e+01
   6.0781700e+05   2.8625488e+01
   6.0783400e+05   2.1423340e+01
   6.0785200e+05   2.0080566e+01
   6.0787800e+05   3.2592773e+01
   6.0789700e+05   2.0629883e+01
   6.0790700e+05   2.1606445e+01
   6.0793200e+05   2.5573730e+01
   6.0795900e+05   3.1188965e+01
   6.0799500e+05   2.0141602e+01
   6.0801900e+05   2.2338867e+01
   6.0804500e+05   2.2399902e+01
   6.0809000e+05   2.7709961e+01
   6.0814100e+05   2.0385742e+01
   6.0816700e+05   2.0690918e+01
   6.0819800e+05   2.0141602e+01
   6.0821100e+05   1.9958496e+01
   6.0823900e+05   1.9653320e+01
   6.0827600e+05   2.3315430e+01
   6.0832600e+05   2.1606445e+01
   6.0838500e+05   1.9470215e+01
   6.0841000e+05   2.6611328e+01
   6.0856800e+05   2.1911621e+01
   6.0958300e+05   1.9287109e+01
   6.1040300e+05   1.9287109e+01
   6.1171600e+05   2.1789551e+01
   6.1252200e+05   1.9348145e+01
   6.1328200e+05   2.3010254e+01
   6.1331000e+05   2.8808594e+01
   6.1359500e+05   2.3315430e+01
   6.1529600e+05   2.0385742e+01
   6.1531700e+05   2.2521973e+01
   6.1532700e+05   2.0690918e+01
   6.1559600e+05   2.1606445e+01
   6.1561900e+05   2.1972656e+01
   6.1588300e+05   3.0090332e+01
   6.1668300e+05   1.9958496e+01
   6.1703400e+05   2.0385742e+01
   6.3295700e+05   2.2338867e+01
   6.3303900e+05   2.8015137e+01
   6.3306800e+05   3.3996582e+01
   6.3309800e+05   2.7893066e+01
   6.3313500e+05   2.3193359e+01
   6.3314800e+05   2.9602051e+01
   6.3316900e+05   2.9052734e+01
   6.3319400e+05   2.3681641e+01
   6.3322400e+05   3.2409668e+01
   6.3325500e+05   4.7851563e+01
   6.3327200e+05   2.3132324e+01
   6.3330500e+05   2.6977539e+01
   6.3332100e+05   2.0202637e+01
   6.3334300e+05   2.1423340e+01
   6.3336700e+05   3.2104492e+01
   6.3339600e+05   2.7893066e+01
   6.3343300e+05   2.4291992e+01
   6.3346700e+05   2.7282715e+01
   6.3349200e+05   2.2949219e+01
   6.3355000e+05   3.1372070e+01
   6.3359000e+05   2.7832031e+01
   6.3363800e+05   3.7536621e+01
   6.3372100e+05   1.9470215e+01
   6.3375800e+05   2.2155762e+01
   6.3381400e+05   2.1606445e+01
   6.3384900e+05   1.9775391e+01
   6.3389000e+05   2.0874023e+01
   6.3391400e+05   2.3193359e+01
   6.3396700e+05   2.9296875e+01
   6.3438900e+05   1.9958496e+01
   6.3540000e+05   2.4719238e+01
   6.5415300e+05   2.3559570e+01
   6.5418000e+05   2.9479980e+01
   6.5421500e+05   2.0629883e+01
   6.5422500e+05   4.0100098e+01
   6.5428500e+05   3.0029297e+01
   6.5431200e+05   3.5034180e+01
   6.5432600e+05   4.1870117e+01
   6.5434300e+05   3.5644531e+01
   6.5438200e+05   3.4301758e+01
   6.5439700e+05   2.8686523e+01
   6.5442300e+05   2.8076172e+01
   6.5443900e+05   3.4606934e+01
   6.5446800e+05   3.0395508e+01
   6.5449300e+05   3.2348633e+01
   6.5450900e+05   3.7841797e+01
   6.5453700e+05   2.3376465e+01
   6.5457400e+05   3.3081055e+01
   6.5459200e+05   2.7343750e+01
   6.5461400e+05   2.8015137e+01
   6.5463200e+05   2.7954102e+01
   6.5464800e+05   2.8686523e+01
   6.5468300e+05   2.8076172e+01
   6.5471000e+05   2.0324707e+01
   6.5473900e+05   2.7893066e+01
   6.5477100e+05   2.3559570e+01
   6.5478800e+05   2.1240234e+01
   6.5487300e+05   2.0507812e+01
   6.5503500e+05   2.4841309e+01
   6.5505300e+05   2.2216797e+01
   6.5525600e+05   2.0446777e+01
   6.5676800e+05   1.9958496e+01
   6.7320000e+05   1.9958496e+01
   6.7328200e+05   3.4057617e+01
   6.7329200e+05   2.9785156e+01
   6.7331000e+05   2.7343750e+01
   6.7333300e+05   1.9714355e+01
   6.7334500e+05   2.8991699e+01
   6.7337300e+05   2.0080566e+01
   6.7339200e+05   2.3315430e+01
   6.7341100e+05   2.6306152e+01
   6.7342700e+05   2.6489258e+01
   6.7344900e+05   3.0944824e+01
   6.7347300e+05   2.9907227e+01
   6.7349800e+05   2.8381348e+01
   6.7352700e+05   4.3518066e+01
   6.7354900e+05   3.6804199e+01
   6.7357100e+05   2.6428223e+01
   6.7358900e+05   3.0273438e+01
   6.7360400e+05   3.3691406e+01
   6.7361900e+05   2.2888184e+01
   6.7365200e+05   2.7343750e+01
   6.7366500e+05   1.9775391e+01
   6.7368200e+05   2.2949219e+01
   6.7371400e+05   1.9409180e+01
   6.7374700e+05   2.5451660e+01
   6.7376300e+05   2.1118164e+01
   6.7379000e+05   3.3203125e+01
   6.7381800e+05   1.9531250e+01
   6.7383700e+05   2.1972656e+01
   6.7385500e+05   1.9653320e+01
   6.7390800e+05   2.4475098e+01
   6.7393100e+05   2.5146484e+01
   6.7398600e+05   1.9348145e+01
   6.7402100e+05   2.1545410e+01
   6.7406000e+05   2.1118164e+01
   6.7413200e+05   2.0385742e+01
   6.7425500e+05   2.2827148e+01
   6.8983200e+05   2.2705078e+01
   6.8990000e+05   4.5227051e+01
   6.8991500e+05   2.2460938e+01
   6.8993400e+05   2.0385742e+01
   6.8996200e+05   2.2155762e+01
   6.8998900e+05   2.3193359e+01
   6.8999900e+05   2.0324707e+01
   6.9002600e+05   3.5339355e+01
   6.9004400e+05   2.0812988e+01
   6.9007100e+05   2.8503418e+01
   6.9009100e+05   2.9174805e+01
   6.9011400e+05   3.4729004e+01
   6.9012500e+05   1.9470215e+01
   6.9015900e+05   4.2480469e+01
   6.9017000e+05   2.8259277e+01
   6.9019200e+05   2.0935059e+01
   6.9020600e+05   2.5634766e+01
   6.9022400e+05   2.8747559e+01
   6.9023600e+05   3.3142090e+01
   6.9026100e+05   2.0507813e+01
   6.9029800e+05   2.3742676e+01
   6.9031500e+05   2.1606445e+01
   6.9032800e+05   2.6123047e+01
   6.9034900e+05   2.2705078e+01
   6.9040100e+05   3.1311035e+01
   6.9043500e+05   2.1240234e+01
   6.9044900e+05   2.6916504e+01
   6.9048500e+05   2.8015137e+01
   6.9050500e+05   2.4841309e+01
   6.9052100e+05   2.1484375e+01
   6.9053900e+05   2.0324707e+01
   6.9056300e+05   1.9287109e+01
   6.9058300e+05   1.9592285e+01
   6.9060600e+05   2.0874023e+01
   6.9062100e+05   2.1545410e+01
   6.9065700e+05   2.1667480e+01
   6.9069000e+05   2.2338867e+01
   6.9073400e+05   2.3986816e+01
   6.9079100e+05   2.3986816e+01
   6.9082400e+05   2.7160645e+01
   6.9107000e+05   2.0935059e+01
   7.1107900e+05   2.4902344e+01
   7.1109500e+05   2.6428223e+01
   7.1112700e+05   1.9531250e+01
   7.1114700e+05   2.0935059e+01
   7.1118300e+05   2.1484375e+01
   7.1125900e+05   2.0446777e+01
   7.1127800e+05   3.3386230e+01
   7.1130300e+05   2.1118164e+01
   7.1135500e+05   1.9470215e+01
   7.1139700e+05   2.6123047e+01
   7.1142400e+05   3.1433105e+01
   7.1145400e+05   2.0874023e+01
   7.1148700e+05   2.2338867e+01
   7.1149700e+05   2.0446777e+01
   7.1154600e+05   2.0996094e+01
   7.1155900e+05   2.7160645e+01
   7.1158100e+05   2.6855469e+01
   7.1162800e+05   2.6794434e+01
   7.1171300e+05   2.3681641e+01
   7.1181800e+05   2.0996094e+01
   7.1188800e+05   2.6000977e+01
   7.1190500e+05   2.3681641e+01
   7.1193100e+05   2.2644043e+01
   7.1196300e+05   2.4780273e+01
   7.1200100e+05   2.2644043e+01
   7.1210900e+05   2.1301270e+01
   7.1216600e+05   2.2033691e+01
   7.1250700e+05   2.0568848e+01
   7.1289500e+05   2.4780273e+01
   7.1331700e+05   2.3620605e+01
   7.1361700e+05   2.5329590e+01
   7.2693600e+05   2.8381348e+01
   7.2695800e+05   3.4301758e+01
   7.2698800e+05   2.4597168e+01
   7.2701200e+05   2.0690918e+01
   7.2702400e+05   2.7160645e+01
   7.2707000e+05   2.2338867e+01
   7.2712700e+05   2.4169922e+01
   7.2714700e+05   2.1057129e+01
   7.2721500e+05   1.9348145e+01
   7.2722600e+05   2.5939941e+01
   7.2731300e+05   2.0507813e+01
   7.2733500e+05   1.9958496e+01
   7.2760400e+05   2.4414063e+01
   7.2764200e+05   2.6733398e+01
   7.2777900e+05   2.1240234e+01
   7.2781000e+05   2.0874023e+01
   7.2782500e+05   2.2888184e+01
   7.2784300e+05   2.7160645e+01
   7.2788600e+05   2.1850586e+01
   7.2791900e+05   1.9592285e+01
   7.2793900e+05   2.4963379e+01
   7.2795500e+05   2.2705078e+01
   7.2798600e+05   2.2216797e+01
   7.2805300e+05   2.1850586e+01
   7.2817100e+05   2.2033691e+01
   7.2834800e+05   2.1301270e+01
   7.2856000e+05   1.9470215e+01
   7.3011700e+05   2.9785156e+01
   7.3015000e+05   2.0568848e+01
   7.4019000e+05   2.1850586e+01
   7.4021200e+05   3.0578613e+01
   7.4028100e+05   2.0019531e+01
   7.4030000e+05   2.1972656e+01
   7.4033800e+05   2.6916504e+01
   7.4041100e+05   1.9897461e+01
   7.4046300e+05   1.9531250e+01
   7.4049100e+05   2.0629883e+01
   7.4055800e+05   2.1179199e+01
   7.4069300e+05   2.3437500e+01
   7.4072200e+05   2.8808594e+01
   7.4073500e+05   2.0202637e+01
   7.4083600e+05   1.9897461e+01
   7.4090300e+05   2.2766113e+01
   7.4120900e+05   2.7709961e+01
   7.4141800e+05   2.4047852e+01
   7.4160400e+05   2.0019531e+01
   7.4162100e+05   2.2583008e+01
   7.4185900e+05   2.2460938e+01
   7.5641400e+05   2.1362305e+01
   7.5643600e+05   3.9794922e+01
   7.5645700e+05   3.1250000e+01
   7.5651400e+05   2.0446777e+01
   7.5654300e+05   2.3681641e+01
   7.5669700e+05   2.1667480e+01
   7.5673000e+05   1.9470215e+01
   7.5677100e+05   2.0446777e+01
   7.5709500e+05   2.0507813e+01
   7.5712000e+05   2.0874023e+01
   7.5713900e+05   3.1005859e+01
   7.5725800e+05   2.2949219e+01
   7.5727800e+05   2.3803711e+01
   7.5740100e+05   2.2033691e+01
   7.5742100e+05   2.0812988e+01
   7.5744200e+05   2.3376465e+01
   7.5761900e+05   3.8391113e+01
   7.5779700e+05   2.6550293e+01
   7.5781400e+05   2.1423340e+01
   7.5796800e+05   2.1484375e+01
   7.5817500e+05   2.5451660e+01
   7.5898200e+05   2.8381348e+01
   7.5927200e+05   2.0324707e+01
   7.8004400e+05   2.0812988e+01
   7.8010100e+05   2.1545410e+01
   7.8012400e+05   2.8442383e+01
   7.8015800e+05   2.2338867e+01
   7.8019600e+05   2.7038574e+01
   7.8021400e+05   2.5939941e+01
   7.8028500e+05   1.9409180e+01
   7.8032600e+05   2.1118164e+01
   7.8037000e+05   2.3376465e+01
   7.8054300e+05   2.3254395e+01
   7.8062500e+05   2.4230957e+01
   7.8086400e+05   2.6367187e+01
   7.8089300e+05   2.2888184e+01
   7.8097100e+05   2.2155762e+01
   7.8106800e+05   2.0141602e+01
   7.8108400e+05   2.3132324e+01
   7.8112000e+05   2.3803711e+01
   7.8124500e+05   2.1789551e+01
   7.8143200e+05   2.2644043e+01
   7.8158900e+05   1.9348145e+01
   7.8202600e+05   2.3193359e+01
   7.8248300e+05   2.9357910e+01
   7.9677700e+05   2.0812988e+01
   7.9679400e+05   3.5766602e+01
   7.9684400e+05   2.3681641e+01
   7.9695600e+05   1.9592285e+01
   7.9722400e+05   1.9470215e+01
   7.9739600e+05   2.4353027e+01
   7.9765400e+05   3.2775879e+01
   7.9776200e+05   1.9958496e+01
   7.9777300e+05   2.2399902e+01
   7.9790600e+05   2.2216797e+01
   7.9796000e+05   2.3437500e+01
   7.9809600e+05   2.3986816e+01
   7.9831200e+05   1.9348145e+01
   8.1562200e+05   1.9592285e+01
   8.1815500e+05   2.0080566e+01
   8.1817000e+05   3.7353516e+01
   8.1818000e+05   2.4963379e+01
   8.1820500e+05   1.9470215e+01
   8.1826100e+05   1.9409180e+01
   8.1831700e+05   2.0812988e+01
   8.1846400e+05   2.0996094e+01
   8.1866800e+05   2.2033691e+01
   8.1891100e+05   2.2216797e+01
   8.1906300e+05   2.3376465e+01
   8.1919600e+05   2.4047852e+01
   8.1937800e+05   2.0874023e+01
   8.1938800e+05   2.3315430e+01
   8.1953800e+05   2.0446777e+01
   8.2051100e+05   2.7465820e+01
   8.2106200e+05   2.9907227e+01
   8.3527000e+05   2.2277832e+01
   8.3528200e+05   2.1301270e+01
   8.3537300e+05   2.1911621e+01
   8.3547400e+05   2.0690918e+01
   8.3551600e+05   2.4169922e+01
   8.3579000e+05   2.0996094e+01
   8.3593700e+05   3.5400391e+01
   8.3597400e+05   2.0629883e+01
   8.3601600e+05   2.0568848e+01
   8.3613400e+05   2.4475098e+01
   8.3617400e+05   2.0141602e+01
   8.3635300e+05   2.7587891e+01
   8.3655300e+05   2.8930664e+01
   8.3673600e+05   2.0385742e+01
   8.3676000e+05   2.7404785e+01
   8.3693700e+05   2.2460938e+01
   8.3766200e+05   2.8015137e+01
   8.8488600e+05   1.9409180e+01
   8.8505000e+05   3.5705566e+01
   8.8507200e+05   2.5268555e+01
   8.8510300e+05   2.0385742e+01
   8.8512200e+05   2.3193359e+01
   8.8520000e+05   2.9296875e+01
   8.8525100e+05   2.7770996e+01
   8.8529500e+05   1.9897461e+01
   8.8540300e+05   2.6611328e+01
   8.8556800e+05   2.1606445e+01
   8.8580800e+05   2.5512695e+01
   8.8582800e+05   1.9531250e+01
   8.8595500e+05   2.3742676e+01
   8.8596800e+05   2.3925781e+01
   8.8599400e+05   2.0446777e+01
   8.8615100e+05   1.9287109e+01
   8.8632400e+05   2.5085449e+01
   8.8634400e+05   2.0324707e+01
   8.8651800e+05   2.0141602e+01
   8.8668900e+05   2.2399902e+01
   8.8742700e+05   2.3254395e+01
   8.8830300e+05   2.8991699e+01
   9.0270000e+05   1.9775391e+01
   9.4618300e+05   3.9001465e+01
   9.4628700e+05   2.5207520e+01
   9.4636500e+05   2.6916504e+01
   9.4641500e+05   2.1057129e+01
   9.4642600e+05   2.4108887e+01
   9.4646500e+05   2.8991699e+01
   9.4650400e+05   2.0385742e+01
   9.4660600e+05   2.0812988e+01
   9.4668200e+05   2.1423340e+01
   9.4683100e+05   2.3986816e+01
   9.4699900e+05   2.5878906e+01
   9.4721400e+05   2.3803711e+01
   9.4731000e+05   1.9409180e+01
   9.4749600e+05   2.0935059e+01
   1.0872770e+06   2.0751953e+01
   1.1753900e+06   3.0334473e+01
   1.1754050e+06   2.0507813e+01
   1.1758560e+06   3.2409668e+01
   1.1760430e+06   3.0029297e+01
   1.1761470e+06   2.1545410e+01
   1.1763990e+06   2.6550293e+01
   1.2131870e+06   1.9409180e+01
   1.2623550e+06   1.9409180e+01
   1.2629240e+06   2.1911621e+01
   1.3052800e+06   1.9592285e+01
   1.3714880e+06   1.9348145e+01
   1.3715710e+06   2.2277832e+01
   1.3716520e+06   2.3376465e+01
   1.3718020e+06   2.0812988e+01
   1.3718150e+06   1.9348145e+01
   1.3719280e+06   2.5268555e+01
   1.3719690e+06   1.9714355e+01
   1.3720550e+06   3.2775879e+01
   1.3720850e+06   2.0874023e+01
   1.3721110e+06   2.1545410e+01
   1.3721360e+06   5.2185059e+01
   1.3721510e+06   2.3071289e+01
   1.3721610e+06   6.0974121e+01
   1.3721840e+06   6.7199707e+01
   1.3722000e+06   4.5959473e+01
   1.3722320e+06   3.1494141e+01
   1.3722440e+06   4.0771484e+01
   1.3722660e+06   3.8574219e+01
   1.3723040e+06   2.2521973e+01
   1.3723170e+06   3.0883789e+01
   1.3723290e+06   3.1860352e+01
   1.3723560e+06   2.8259277e+01
   1.3724040e+06   2.5451660e+01
   1.3724240e+06   2.1484375e+01
   1.3724610e+06   2.1484375e+01
   1.3724730e+06   4.1809082e+01
   1.3724930e+06   1.9897461e+01
   1.3725550e+06   1.9714355e+01
   1.3725750e+06   2.0019531e+01
   1.3726260e+06   2.6611328e+01
   1.3726440e+06   2.1362305e+01
   1.3883730e+06   2.1301270e+01
   1.3927890e+06   2.1850586e+01
   1.4453580e+06   2.0263672e+01
   1.4455810e+06   3.5400391e+01
   1.4458290e+06   2.2705078e+01
   1.4506410e+06   2.0446777e+01
   1.4508550e+06   2.0141602e+01
   1.4509940e+06   2.0996094e+01
   1.4513220e+06   2.0690918e+01
   1.4516890e+06   2.1911621e+01
   1.4524400e+06   1.9348145e+01
   1.4530210e+06   1.9287109e+01
   1.4530960e+06   1.9897461e+01
   1.4531180e+06   3.0090332e+01
   1.4531300e+06   1.9836426e+01
   1.4531640e+06   2.2888184e+01
   1.4531760e+06   2.9968262e+01
   1.4532160e+06   2.7343750e+01
   1.4532360e+06   3.5583496e+01
   1.4532590e+06   2.3315430e+01
   1.4532770e+06   2.5085449e+01
   1.4533100e+06   2.6123047e+01
   1.4533380e+06   2.2827148e+01
   1.4533480e+06   2.3620605e+01
   1.4533620e+06   2.0263672e+01
   1.4533860e+06   3.4973145e+01
   1.4534340e+06   2.5695801e+01
   1.4534480e+06   2.0385742e+01
   1.4534650e+06   1.9409180e+01
   1.4534950e+06   1.9592285e+01
   1.4535130e+06   2.2216797e+01
   1.4535650e+06   2.9663086e+01
   1.4535920e+06   2.4169922e+01
   1.4536050e+06   1.9348145e+01
   1.4536370e+06   2.3254395e+01
   1.4536860e+06   2.2277832e+01
   1.4537150e+06   2.0385742e+01
   1.4537710e+06   2.0874023e+01
   1.4538180e+06   2.3437500e+01
   1.4538570e+06   1.9592285e+01
   1.7887710e+06   1.9958496e+01
   1.8470030e+06   1.9836426e+01
   1.9504080e+06   2.0935059e+01
   1.9504920e+06   2.0263672e+01
   1.9505530e+06   2.7404785e+01
   1.9505730e+06   4.2297363e+01
   1.9505910e+06   3.2409668e+01
   1.9506220e+06   2.2338867e+01
   1.9506350e+06   2.3742676e+01
   1.9506540e+06   4.1625977e+01
   1.9506790e+06   3.1311035e+01
   1.9507000e+06   3.8146973e+01
   1.9507240e+06   2.2033691e+01
   1.9507470e+06   2.1850586e+01
   1.9507640e+06   2.7282715e+01
   1.9507930e+06   4.5410156e+01
   1.9508060e+06   2.0446777e+01
   1.9508350e+06   5.4870605e+01
   1.9508760e+06   4.0771484e+01
   1.9508880e+06   2.6550293e+01
   1.9509160e+06   2.3376465e+01
   1.9509290e+06   2.5512695e+01
   1.9509660e+06   2.4108887e+01
   1.9510140e+06   3.0212402e+01
   1.9510520e+06   1.9348145e+01
   1.9510670e+06   2.5085449e+01
   1.9510970e+06   2.2338867e+01
   1.9511180e+06   3.0517578e+01
   1.9511690e+06   2.0751953e+01
   1.9511940e+06   2.2033691e+01
   1.9513290e+06   2.2583008e+01
   1.9634090e+06   1.9775391e+01
   1.9636050e+06   1.9409180e+01
   1.9639870e+06   2.3132324e+01
   1.9640680e+06   2.0019531e+01
   1.9640920e+06   2.3437500e+01
   1.9641070e+06   3.7414551e+01
   1.9641250e+06   2.0141602e+01
   1.9641510e+06   2.1972656e+01
   1.9641800e+06   3.1372070e+01
   1.9642050e+06   2.0385742e+01
   1.9642350e+06   3.3142090e+01
   1.9642660e+06   2.6794434e+01
   1.9642840e+06   2.5207520e+01
   1.9643310e+06   4.1503906e+01
   1.9643570e+06   2.7587891e+01
   1.9643740e+06   2.5817871e+01
   1.9644110e+06   2.4963379e+01
   1.9644220e+06   2.4291992e+01
   1.9644470e+06   2.8442383e+01
   1.9644570e+06   3.2775879e+01
   1.9644880e+06   2.8808594e+01
   1.9644980e+06   2.0629883e+01
   1.9645230e+06   3.0700684e+01
   1.9645350e+06   4.9621582e+01
   1.9645460e+06   1.9409180e+01
   1.9645740e+06   3.4240723e+01
   1.9645970e+06   2.2399902e+01
   1.9646110e+06   2.1118164e+01
   1.9646410e+06   2.7343750e+01
   1.9647050e+06   2.7832031e+01
   1.9647220e+06   2.3254395e+01
   1.9647610e+06   2.0263672e+01
   1.9648280e+06   2.3681641e+01
   1.9648400e+06   2.2888184e+01
   1.9649260e+06   2.4291992e+01
   1.9650400e+06   2.0874023e+01
   1.9651760e+06   2.3559570e+01
   1.9653190e+06   2.0019531e+01
   1.9654220e+06   2.2094727e+01
   1.9658030e+06   2.0019531e+01
   1.9659200e+06   1.9958496e+01
   2.0195460e+06   1.9409180e+01
   2.0196590e+06   1.9958496e+01
   2.0783850e+06   2.1362305e+01
   2.1432270e+06   2.2216797e+01
   2.1433590e+06   2.1789551e+01
   2.1433910e+06   2.0141602e+01
   2.1434100e+06   2.1789551e+01
   2.1434620e+06   2.0263672e+01
   2.1434930e+06   2.0629883e+01
   2.1435260e+06   2.2521973e+01
   2.1435530e+06   3.0273438e+01
   2.1435750e+06   2.1057129e+01
   2.1435860e+06   2.2094727e+01
   2.1436140e+06   3.9733887e+01
   2.1436370e+06   2.6367188e+01
   2.1436490e+06   5.3100586e+01
   2.1436840e+06   2.7954102e+01
   2.1437110e+06   4.1076660e+01
   2.1437470e+06   3.9428711e+01
   2.1437780e+06   4.1748047e+01
   2.1437900e+06   2.3620605e+01
   2.1438030e+06   2.7587891e+01
   2.1438270e+06   2.4291992e+01
   2.1438370e+06   3.7658691e+01
   2.1438590e+06   2.2583008e+01
   2.1438710e+06   2.7832031e+01
   2.1438980e+06   3.8330078e+01
   2.1439230e+06   2.7221680e+01
   2.1439920e+06   2.1972656e+01
   2.1440080e+06   2.3254395e+01
   2.1440410e+06   1.9958496e+01
   2.1440660e+06   2.4353027e+01
   2.1441040e+06   2.8747559e+01
   2.1441280e+06   2.0324707e+01
   2.1441710e+06   2.2155762e+01
   2.1442140e+06   1.9470215e+01
   2.1442610e+06   2.1240234e+01
   2.1442750e+06   2.4902344e+01
   2.1443700e+06   2.0202637e+01
   2.1444610e+06   2.6550293e+01
   2.1985410e+06   1.9470215e+01
   2.2544400e+06   2.0690918e+01
   2.2544610e+06   2.6977539e+01
   2.2545840e+06   2.1728516e+01
   2.2546200e+06   2.5756836e+01
   2.2546540e+06   3.2775879e+01
   2.2547520e+06   2.1789551e+01
   2.2549650e+06   2.2521973e+01
   2.2550670e+06   2.5024414e+01
   2.2551360e+06   2.6489258e+01
   2.2552360e+06   2.8564453e+01
   2.2552500e+06   2.7404785e+01
   2.2553510e+06   2.2460938e+01
   2.2554390e+06   2.2766113e+01
   2.2555620e+06   2.5451660e+01
   2.2555810e+06   2.1240234e+01
   2.2557330e+06   2.4841309e+01
   2.2558060e+06   2.7526855e+01
   2.2558330e+06   4.8645020e+01
   2.2558660e+06   2.8808594e+01
   2.2558880e+06   3.1250000e+01
   2.2559130e+06   3.2714844e+01
   2.2559370e+06   2.4414063e+01
   2.2559570e+06   4.6325684e+01
   2.2559740e+06   3.4301758e+01
   2.2559960e+06   3.5339355e+01
   2.2560240e+06   2.2705078e+01
   2.2560390e+06   3.2714844e+01
   2.2560720e+06   2.7465820e+01
   2.2561210e+06   2.5085449e+01
   2.2561370e+06   3.1921387e+01
   2.2561620e+06   2.0568848e+01
   2.2561860e+06   1.9348145e+01
   2.2562080e+06   2.8442383e+01
   2.2562350e+06   2.3315430e+01
   2.2562540e+06   2.1057129e+01
   2.2562730e+06   3.2409668e+01
   2.2563260e+06   2.2827148e+01
   2.2563840e+06   2.0446777e+01
   2.2564440e+06   2.1850586e+01
   2.2564730e+06   1.9287109e+01
   2.3714740e+06   2.2094727e+01
   2.3897780e+06   1.9775391e+01
   2.6410230e+06   2.8503418e+01
   2.6411370e+06   2.1972656e+01
   2.6411830e+06   2.5146484e+01
   2.6412280e+06   2.1423340e+01
   2.6412840e+06   2.7404785e+01
   2.6413220e+06   2.7404785e+01
   2.6413320e+06   2.9357910e+01
   2.6413780e+06   2.2521973e+01
   2.6413970e+06   2.7221680e+01
   2.6414530e+06   1.9409180e+01
   2.6414640e+06   1.9592285e+01
   2.6414830e+06   2.0385742e+01
   2.6415180e+06   2.9235840e+01
   2.6415490e+06   2.1240234e+01
   2.6416180e+06   2.3315430e+01
   2.6416350e+06   2.1057129e+01
   2.6416700e+06   2.5085449e+01
   2.6417630e+06   2.3193359e+01
   2.6417850e+06   1.9531250e+01
   2.6418210e+06   2.1484375e+01
   2.6418730e+06   1.9653320e+01
   2.6418890e+06   2.5207520e+01
   2.6420300e+06   2.2216797e+01
   2.7087480e+06   2.0568848e+01
   2.7545650e+06   1.9470215e+01
   2.8051920e+06   4.2053223e+01
   2.8052390e+06   2.0202637e+01
   2.8053520e+06   2.9296875e+01
   2.8054840e+06   2.0446777e+01
   2.8056210e+06   2.9479980e+01
   2.8057230e+06   2.4841309e+01
   2.8058260e+06   2.1362305e+01
   2.8060550e+06   1.9653320e+01
   2.8061790e+06   2.0263672e+01
   2.8062720e+06   2.1728516e+01
   2.8064110e+06   1.9470215e+01
   2.8064220e+06   2.4597168e+01
   2.8065480e+06   2.0263672e+01
   2.8066430e+06   2.1484375e+01
   2.8066630e+06   2.1301270e+01
   2.8066960e+06   4.8095703e+01
   2.8067090e+06   3.9916992e+01
   2.8067280e+06   2.2460938e+01
   2.8067530e+06   3.7170410e+01
   2.8067790e+06   2.7465820e+01
   2.8067940e+06   2.1484375e+01
   2.8068160e+06   4.3823242e+01
   2.8068440e+06   2.8991699e+01
   2.8068770e+06   2.8076172e+01
   2.8068920e+06   3.1799316e+01
   2.8069260e+06   3.8208008e+01
   2.8069410e+06   1.9958496e+01
   2.8069590e+06   1.9897461e+01
   2.8069780e+06   2.5207520e+01
   2.8070390e+06   2.8991699e+01
   2.8070870e+06   2.2460938e+01
   2.8071170e+06   2.2644043e+01
   2.8072120e+06   2.2399902e+01
   2.8072960e+06   2.1850586e+01
   2.8073900e+06   2.0385742e+01
   2.8614630e+06   3.0273437e+01
   2.8616050e+06   1.9531250e+01
   2.8616860e+06   2.0629883e+01
   2.8617590e+06   3.3264160e+01
   2.8618930e+06   2.0568848e+01
   2.8620110e+06   2.8625488e+01
   2.8620980e+06   2.0812988e+01
   2.8621470e+06   2.5573730e+01
   2.8622240e+06   2.4169922e+01
   2.8622730e+06   2.6367188e+01
   2.8623890e+06   2.2216797e+01
   2.8624850e+06   2.0385742e+01
   2.8627480e+06   2.0446777e+01
   2.8631860e+06   1.9409180e+01
   2.8637020e+06   2.0690918e+01
   2.8638630e+06   1.9348145e+01
   2.8639960e+06   2.2338867e+01
   2.9135420e+06   3.6621094e+01
   2.9135580e+06   1.9714355e+01
   2.9135750e+06   1.9531250e+01
   2.9136000e+06   1.9897461e+01
   2.9136220e+06   2.5573730e+01
   2.9137270e+06   2.3071289e+01
   2.9137520e+06   2.0935059e+01
   2.9137840e+06   2.0996094e+01
   2.9138810e+06   2.5024414e+01
   2.9139440e+06   2.0935059e+01
   2.9140310e+06   2.1423340e+01
   2.9141880e+06   1.9836426e+01
   2.9142770e+06   1.9653320e+01
   2.9156380e+06   2.3010254e+01
   2.9648350e+06   1.9775391e+01
   2.9648730e+06   2.1118164e+01
   2.9648880e+06   3.9489746e+01
   2.9988860e+06   2.3132324e+01
   2.9989290e+06   2.1301270e+01
   2.9989510e+06   2.9846191e+01
   2.9989690e+06   2.8259277e+01
   2.9989940e+06   2.8991699e+01
   2.9990060e+06   2.4597168e+01
   2.9990450e+06   4.0588379e+01
   2.9990720e+06   2.4353027e+01
   2.9990950e+06   4.0832520e+01
   2.9991170e+06   4.3029785e+01
   2.9991440e+06   2.9357910e+01
   2.9991620e+06   1.9714355e+01
   2.9991890e+06   2.8808594e+01
   2.9992020e+06   2.0263672e+01
   2.9992290e+06   3.1982422e+01
   2.9992510e+06   2.6306152e+01
   2.9992960e+06   2.1789551e+01
   2.9993090e+06   2.0385742e+01
   2.9993230e+06   2.6855469e+01
   2.9993750e+06   2.5085449e+01
   2.9994060e+06   2.6611328e+01
   2.9994460e+06   2.6306152e+01
   2.9994800e+06   2.2949219e+01
   2.9995690e+06   2.1850586e+01
   2.9997960e+06   2.3925781e+01
   2.9998120e+06   2.1728516e+01
   3.0288990e+06   1.9409180e+01
   3.0289170e+06   2.6000977e+01
   3.0289500e+06   2.7465820e+01
   3.0289670e+06   2.3559570e+01
   3.0289980e+06   2.0874023e+01
   3.0290360e+06   2.0629883e+01
   3.0291040e+06   2.3681641e+01
   3.0291150e+06   1.9531250e+01
   3.0291460e+06   1.9287109e+01
   3.0291670e+06   2.4108887e+01
   3.0291960e+06   3.1982422e+01
   3.0292350e+06   3.0761719e+01
   3.0292450e+06   4.0466309e+01
   3.0292840e+06   2.6672363e+01
   3.0293020e+06   2.5207520e+01
   3.0293210e+06   3.0517578e+01
   3.0293310e+06   2.1240234e+01
   3.0293670e+06   3.1982422e+01
   3.0293850e+06   3.6865234e+01
   3.0294270e+06   3.5278320e+01
   3.0294510e+06   2.6855469e+01
   3.0294670e+06   1.9836426e+01
   3.0294820e+06   3.4057617e+01
   3.0295010e+06   2.2949219e+01
   3.0295130e+06   3.7048340e+01
   3.0295230e+06   2.3559570e+01
   3.0295450e+06   2.2888184e+01
   3.0295660e+06   2.2216797e+01
   3.0295890e+06   2.8015137e+01
   3.0296280e+06   2.5695801e+01
   3.0296690e+06   2.3864746e+01
   3.0297090e+06   1.9592285e+01
   3.0297610e+06   2.5512695e+01
   3.0297810e+06   1.9897461e+01
   3.0298190e+06   2.1423340e+01
   3.0299190e+06   2.2399902e+01
   3.0299470e+06   2.1240234e+01
   3.0300090e+06   2.4536133e+01
   3.0303080e+06   2.0263672e+01
   3.0303860e+06   2.2766113e+01
   3.0304190e+06   2.2460938e+01
   3.0304720e+06   2.0568848e+01
   3.0306910e+06   1.9836426e+01
   3.0693410e+06   1.9348145e+01
   3.0725040e+06   1.9958496e+01
   3.0725430e+06   2.2827148e+01
   3.0725790e+06   2.1850586e+01
   3.0725970e+06   4.6630859e+01
   3.0726130e+06   3.0029297e+01
   3.0726460e+06   1.9775391e+01
   3.0726710e+06   3.1799316e+01
   3.0726890e+06   2.9479980e+01
   3.0727050e+06   5.3710938e+01
   3.0727230e+06   3.2836914e+01
   3.0727440e+06   3.8635254e+01
   3.0727700e+06   3.9367676e+01
   3.0727970e+06   3.8635254e+01
   3.0728100e+06   2.3742676e+01
   3.0728260e+06   3.0212402e+01
   3.0728440e+06   2.3559570e+01
   3.0728720e+06   2.3681641e+01
   3.0728820e+06   2.0324707e+01
   3.0729060e+06   2.4902344e+01
   3.0729200e+06   2.5024414e+01
   3.0729480e+06   2.1118164e+01
   3.0729820e+06   4.6020508e+01
   3.0730190e+06   2.2399902e+01
   3.0730540e+06   2.4353027e+01
   3.0730760e+06   2.2949219e+01
   3.0731300e+06   1.9958496e+01
   3.0731450e+06   2.7160645e+01
   3.0731580e+06   2.1240234e+01
   3.0731800e+06   3.1250000e+01
   3.0731950e+06   2.0446777e+01
   3.0732250e+06   2.2888184e+01
   3.0732770e+06   2.2338867e+01
   3.0733180e+06   2.3437500e+01
   3.0733290e+06   2.2949219e+01
   3.0734970e+06   2.3864746e+01
   3.0735890e+06   2.1728516e+01
   3.0736920e+06   1.9348145e+01
   3.0738600e+06   2.1301270e+01
   3.0739560e+06   2.0568848e+01
   3.0739790e+06   1.9714355e+01
   3.0743900e+06   1.9287109e+01
   3.1096350e+06   3.4973145e+01
   3.1096540e+06   4.4006348e+01
   3.1096640e+06   3.4912109e+01
   3.1096830e+06   3.1433105e+01
   3.1096950e+06   3.9062500e+01
   3.1097280e+06   4.9133301e+01
   3.1097570e+06   4.6325684e+01
   3.1097760e+06   4.5532227e+01
   3.1097980e+06   2.2094727e+01
   3.1098180e+06   2.1606445e+01
   3.1098500e+06   2.1118164e+01
   3.1098840e+06   2.1789551e+01
   3.1099000e+06   2.0263672e+01
   3.1099260e+06   2.3498535e+01
   3.1099370e+06   3.2104492e+01
   3.1099490e+06   2.4414063e+01
   3.1099720e+06   2.6855469e+01
   3.1099910e+06   2.1545410e+01
   3.1100080e+06   3.8818359e+01
   3.1100440e+06   3.1127930e+01
   3.1100820e+06   2.7221680e+01
   3.1101040e+06   1.9409180e+01
   3.1101280e+06   2.8076172e+01
   3.1101630e+06   1.9897461e+01
   3.1101780e+06   2.7648926e+01
   3.1102280e+06   2.7160645e+01
   3.1102840e+06   2.0996094e+01
   3.1103170e+06   2.1362305e+01
   3.1103530e+06   2.1118164e+01
   3.1104880e+06   2.0812988e+01
   3.1105260e+06   2.0996094e+01
   3.1105420e+06   2.2583008e+01
   3.1105750e+06   2.0202637e+01
   3.1106420e+06   2.6306152e+01
   3.1106960e+06   2.3010254e+01
   3.1107290e+06   2.7038574e+01
   3.1107510e+06   1.9653320e+01
   3.1107980e+06   2.7038574e+01
   3.1108870e+06   2.5512695e+01
   3.1115900e+06   2.1179199e+01
   3.1119020e+06   1.9531250e+01
   3.1352570e+06   2.2583008e+01
   3.1354420e+06   2.7343750e+01
   3.1354680e+06   1.9470215e+01
   3.1354930e+06   4.1931152e+01
   3.1355160e+06   2.8747559e+01
   3.1355500e+06   3.4179688e+01
   3.1355660e+06   5.5297852e+01
   3.1355790e+06   4.7119141e+01
   3.1355940e+06   2.8137207e+01
   3.1356150e+06   4.1625977e+01
   3.1356260e+06   2.1118164e+01
   3.1356470e+06   3.0029297e+01
   3.1356600e+06   1.9836426e+01
   3.1356770e+06   3.0944824e+01
   3.1357060e+06   2.4841309e+01
   3.1357240e+06   2.6916504e+01
   3.1357420e+06   2.4963379e+01
   3.1357550e+06   2.6672363e+01
   3.1357720e+06   2.4475098e+01
   3.1358060e+06   2.9541016e+01
   3.1358330e+06   2.0019531e+01
   3.1358550e+06   1.9714355e+01
   3.1359150e+06   2.0263672e+01
   3.1359430e+06   1.9836426e+01
   3.1359760e+06   2.1118164e+01
   3.1360040e+06   2.6306152e+01
   3.1360230e+06   2.4719238e+01
   3.1360480e+06   2.4108887e+01
   3.1360920e+06   2.0202637e+01
   3.1361040e+06   2.4169922e+01
   3.1361480e+06   2.1728516e+01
   3.1361650e+06   2.3681641e+01
   3.1363340e+06   2.5512695e+01
   3.1363730e+06   2.3254395e+01
   3.1364120e+06   2.2460938e+01
   3.1364330e+06   2.4719238e+01
   3.1364930e+06   2.6062012e+01
   3.1365060e+06   2.6245117e+01
   3.1365660e+06   2.1301270e+01
   3.1366240e+06   2.3620605e+01
   3.1368340e+06   2.0629883e+01
   3.1370450e+06   1.9409180e+01
   3.1378280e+06   2.0202637e+01
   3.1677090e+06   2.1667480e+01
   3.1677320e+06   4.4189453e+01
   3.1677720e+06   2.8381348e+01
   3.1677900e+06   3.4118652e+01
   3.1678160e+06   2.5634766e+01
   3.1678630e+06   2.1301270e+01
   3.1678850e+06   2.6916504e+01
   3.1679320e+06   2.4108887e+01
   3.1679430e+06   4.5898438e+01
   3.1679860e+06   2.9907227e+01
   3.1680100e+06   3.3081055e+01
   3.1680260e+06   2.2277832e+01
   3.1680420e+06   2.1667480e+01
   3.1680600e+06   2.9479980e+01
   3.1680700e+06   2.1545410e+01
   3.1680900e+06   2.2216797e+01
   3.1681100e+06   2.6611328e+01
   3.1681220e+06   4.7241211e+01
   3.1681360e+06   2.8503418e+01
   3.1681550e+06   3.7170410e+01
   3.1681810e+06   3.8818359e+01
   3.1681940e+06   2.9663086e+01
   3.1682220e+06   2.7954102e+01
   3.1682440e+06   2.0202637e+01
   3.1682590e+06   2.9296875e+01
   3.1682720e+06   2.2827148e+01
   3.1683040e+06   2.9418945e+01
   3.1683280e+06   2.2338867e+01
   3.1683660e+06   2.9479980e+01
   3.1684010e+06   2.0568848e+01
   3.1685080e+06   2.1545410e+01
   3.1685220e+06   2.5451660e+01
   3.1685440e+06   2.9052734e+01
   3.1686110e+06   2.0751953e+01
   3.1686230e+06   1.9470215e+01
   3.1686750e+06   2.2766113e+01
   3.1687630e+06   2.3986816e+01
   3.1688320e+06   1.9287109e+01
   3.1688490e+06   2.0385742e+01
   3.1690550e+06   1.9531250e+01
   3.1691320e+06   1.9775391e+01
   3.1691540e+06   2.2644043e+01
   3.1704000e+06   2.1667480e+01
   3.1975750e+06   1.9592285e+01
   3.1977210e+06   1.9897461e+01
   3.1977920e+06   1.9409180e+01
   3.1978390e+06   2.6794434e+01
   3.1978590e+06   2.7343750e+01
   3.1978920e+06   3.6682129e+01
   3.1979030e+06   3.3508301e+01
   3.1979210e+06   2.1911621e+01
   3.1979430e+06   6.1523438e+01
   3.1979710e+06   3.3203125e+01
   3.1980060e+06   2.5146484e+01
   3.1980240e+06   2.7954102e+01
   3.1980430e+06   2.6672363e+01
   3.1980530e+06   2.1118164e+01
   3.1980830e+06   2.6855469e+01
   3.1981040e+06   2.9418945e+01
   3.1981210e+06   2.2949219e+01
   3.1981360e+06   2.7038574e+01
   3.1981620e+06   3.2348633e+01
   3.1981910e+06   2.7099609e+01
   3.1982090e+06   3.4484863e+01
   3.1982190e+06   2.2216797e+01
   3.1982500e+06   3.1433105e+01
   3.1982880e+06   2.3254395e+01
   3.1983000e+06   2.4902344e+01
   3.1983380e+06   2.4047852e+01
   3.1983680e+06   2.5756836e+01
   3.1983850e+06   2.5817871e+01
   3.1984240e+06   1.9531250e+01
   3.1984350e+06   2.9052734e+01
   3.1984710e+06   1.9653320e+01
   3.1985300e+06   1.9653320e+01
   3.1985780e+06   3.1250000e+01
   3.1985950e+06   2.8137207e+01
   3.1986610e+06   2.0141602e+01
   3.1986810e+06   2.0507813e+01
   3.1987210e+06   1.9409180e+01
   3.1987460e+06   2.6672363e+01
   3.1989640e+06   2.2399902e+01
   3.2217060e+06   2.0202637e+01
   3.2300290e+06   1.9470215e+01
   3.2300550e+06   3.0151367e+01
   3.2300700e+06   3.3813477e+01
   3.2300980e+06   3.5949707e+01
   3.2301080e+06   3.1311035e+01
   3.2301340e+06   3.6987305e+01
   3.2301450e+06   3.3874512e+01
   3.2301700e+06   1.9775391e+01
   3.2301940e+06   2.5573730e+01
   3.2302090e+06   2.7648926e+01
   3.2302300e+06   3.6621094e+01
   3.2302510e+06   2.8625488e+01
   3.2302650e+06   2.7343750e+01
   3.2302830e+06   1.9836426e+01
   3.2302970e+06   2.5146484e+01
   3.2303120e+06   2.4902344e+01
   3.2303310e+06   2.9357910e+01
   3.2303500e+06   2.6367188e+01
   3.2303640e+06   3.6926270e+01
   3.2303850e+06   4.0893555e+01
   3.2304090e+06   2.1728516e+01
   3.2304320e+06   2.0202637e+01
   3.2304560e+06   2.4780273e+01
   3.2304910e+06   2.9296875e+01
   3.2305080e+06   2.3925781e+01
   3.2305260e+06   2.8564453e+01
   3.2305590e+06   2.6794434e+01
   3.2305750e+06   2.0507813e+01
   3.2305960e+06   2.7587891e+01
   3.2306500e+06   1.9958496e+01
   3.2306810e+06   2.0324707e+01
   3.2307050e+06   2.2949219e+01
   3.2307580e+06   2.2521973e+01
   3.2308180e+06   2.3071289e+01
   3.2308770e+06   1.9653320e+01
   3.2310030e+06   2.6550293e+01
   3.2310950e+06   2.1911621e+01
   3.2324020e+06   1.9287109e+01
   3.2688680e+06   2.2521973e+01
   3.2689600e+06   2.0385742e+01
   3.2690230e+06   3.0639648e+01
   3.2690550e+06   2.2949219e+01
   3.2690840e+06   2.8320313e+01
   3.2691030e+06   2.6611328e+01
   3.2691340e+06   2.3193359e+01
   3.2691520e+06   2.8137207e+01
   3.2691700e+06   2.9541016e+01
   3.2692290e+06   2.3437500e+01
   3.2692530e+06   2.2521973e+01
   3.2692900e+06   2.2888184e+01
   3.2693230e+06   4.2846680e+01
   3.2693350e+06   3.9306641e+01
   3.2693650e+06   1.9409180e+01
   3.2693900e+06   2.8747559e+01
   3.2694160e+06   3.0395508e+01
   3.2694530e+06   2.9724121e+01
   3.2694930e+06   2.1179199e+01
   3.2695050e+06   2.4414063e+01
   3.2695370e+06   2.0141602e+01
   3.2695610e+06   2.0690918e+01
   3.2695760e+06   2.1179199e+01
   3.2695910e+06   3.2897949e+01
   3.2696200e+06   2.4047852e+01
   3.2696420e+06   3.6254883e+01
   3.2696580e+06   2.1179199e+01
   3.2696970e+06   2.2033691e+01
   3.2697210e+06   2.2033691e+01
   3.2697340e+06   1.9287109e+01
   3.2698390e+06   2.2399902e+01
   3.2698510e+06   2.0690918e+01
   3.2699420e+06   2.1911621e+01
   3.2699810e+06   1.9592285e+01
   3.2966700e+06   2.0690918e+01
   3.2969990e+06   2.0324707e+01
   3.2971890e+06   2.2216797e+01
   3.2972320e+06   1.9531250e+01
   3.2972670e+06   3.2104492e+01
   3.2972880e+06   2.6367188e+01
   3.2973140e+06   2.0019531e+01
   3.2973370e+06   2.9296875e+01
   3.2973630e+06   4.9438477e+01
   3.2973780e+06   1.9897461e+01
   3.2974070e+06   2.0996094e+01
   3.2974220e+06   2.0080566e+01
   3.2974490e+06   4.0466309e+01
   3.2974850e+06   2.6428223e+01
   3.2974950e+06   2.7954102e+01
   3.2975290e+06   2.1179199e+01
   3.2975400e+06   2.6245117e+01
   3.2975750e+06   3.0029297e+01
   3.2975950e+06   2.5085449e+01
   3.2976120e+06   2.2094727e+01
   3.2976460e+06   3.3813477e+01
   3.2976570e+06   3.3813477e+01
   3.2976750e+06   2.1789551e+01
   3.2977050e+06   2.5390625e+01
   3.2977260e+06   2.3010254e+01
   3.2977480e+06   3.6743164e+01
   3.2977720e+06   2.6611328e+01
   3.2978180e+06   2.4902344e+01
   3.2978520e+06   3.0273438e+01
   3.2978850e+06   2.5085449e+01
   3.2979110e+06   2.6977539e+01
   3.2979760e+06   2.8625488e+01
   3.2979990e+06   2.6428223e+01
   3.2980300e+06   1.9836426e+01
   3.2981100e+06   1.9409180e+01
   3.2982390e+06   1.9958496e+01
   3.2982610e+06   2.1911621e+01
   3.2982920e+06   1.9348145e+01
   3.2985790e+06   1.9958496e+01
   3.3252760e+06   2.2521973e+01
   3.3253420e+06   2.4047852e+01
   3.3253590e+06   1.9592285e+01
   3.3253970e+06   2.5756836e+01
   3.3254330e+06   2.4291992e+01
   3.3254930e+06   2.3376465e+01
   3.3255320e+06   2.8198242e+01
   3.3255480e+06   2.6000977e+01
   3.3255710e+06   2.7587891e+01
   3.3256360e+06   2.3010254e+01
   3.3256570e+06   2.2155762e+01
   3.3256810e+06   2.0446777e+01
   3.3257600e+06   1.9714355e+01
   3.3258140e+06   1.9958496e+01
   3.3259220e+06   2.0019531e+01
   3.3260580e+06   1.9531250e+01
   3.3260750e+06   2.2277832e+01
   3.3262310e+06   2.4353027e+01
   3.3262820e+06   2.0935059e+01
   3.3263590e+06   2.2399902e+01
   3.3264530e+06   2.4414063e+01
   3.3265350e+06   2.9174805e+01
   3.3642140e+06   2.3132324e+01
   3.3643870e+06   1.9653320e+01
   3.3644380e+06   3.1677246e+01
   3.3645780e+06   1.9348145e+01
   3.3646270e+06   3.3569336e+01
   3.3646410e+06   2.0568848e+01
   3.3648220e+06   2.0874023e+01
   3.3648430e+06   3.1188965e+01
   3.3649250e+06   2.1423340e+01
   3.3650590e+06   3.1738281e+01
   3.3653030e+06   2.1484375e+01
   3.3654630e+06   1.9348145e+01
   3.4163290e+06   2.0812988e+01
   3.4262240e+06   2.0568848e+01
   3.6145220e+06   2.3132324e+01
   3.6229730e+06   2.2705078e+01
   3.6373440e+06   2.1972656e+01
   3.6374250e+06   1.9287109e+01
   3.6374840e+06   1.9775391e+01
   3.6377820e+06   2.1789551e+01
   3.6378550e+06   2.2094727e+01
   3.6379140e+06   2.2155762e+01
   3.6379330e+06   1.9470215e+01
   3.6380300e+06   2.1911621e+01
   3.6380960e+06   2.6550293e+01
   3.6381410e+06   2.7160645e+01
   3.6381600e+06   2.1423340e+01
   3.6381830e+06   1.9348145e+01
   3.6383090e+06   3.0456543e+01
   3.6383750e+06   1.9287109e+01
   3.6383980e+06   2.0874023e+01
   3.6384690e+06   2.3559570e+01
   3.6384870e+06   2.1179199e+01
   3.6385170e+06   2.0629883e+01
   3.6385840e+06   3.9978027e+01
   3.6386030e+06   2.7160645e+01
   3.6386310e+06   2.3681641e+01
   3.6386570e+06   2.8808594e+01
   3.6386670e+06   2.2399902e+01
   3.6386930e+06   3.2043457e+01
   3.6387170e+06   2.6794434e+01
   3.6387510e+06   2.0202637e+01
   3.6387840e+06   2.2705078e+01
   3.6388920e+06   2.0263672e+01
   3.6391260e+06   2.1057129e+01
   3.7166160e+06   2.0690918e+01
   3.7167430e+06   2.4169922e+01
   3.7168190e+06   2.6794434e+01
   3.7168740e+06   1.9287109e+01
   3.7169150e+06   2.3010254e+01
   3.7169370e+06   2.6245117e+01
   3.7169820e+06   1.9836426e+01
   3.7170010e+06   2.1972656e+01
   3.7170240e+06   2.4658203e+01
   3.7170360e+06   1.9409180e+01
   3.7170650e+06   3.4790039e+01
   3.7170830e+06   2.4353027e+01
   3.7171160e+06   2.4780273e+01
   3.7171300e+06   2.7648926e+01
   3.7171470e+06   6.1706543e+01
   3.7171640e+06   2.8808594e+01
   3.7171790e+06   4.7363281e+01
   3.7172050e+06   3.2226563e+01
   3.7172180e+06   3.5888672e+01
   3.7172390e+06   2.3742676e+01
   3.7172640e+06   2.2094727e+01
   3.7172770e+06   2.5024414e+01
   3.7172890e+06   1.9592285e+01
   3.7173150e+06   2.1423340e+01
   3.7173630e+06   2.6367188e+01
   3.7174100e+06   1.9958496e+01
   3.7174210e+06   3.7414551e+01
   3.7174900e+06   2.5024414e+01
   3.7175100e+06   2.0446777e+01
   3.7175350e+06   1.9592285e+01
   3.7175580e+06   2.8015137e+01
   3.7176190e+06   2.6184082e+01
   3.7176510e+06   1.9409180e+01
   3.7176980e+06   2.3681641e+01
   3.7178800e+06   2.5939941e+01
   3.7179380e+06   1.9714355e+01
   3.8926240e+06   2.1240234e+01
   3.8927760e+06   2.0141602e+01
   3.8931360e+06   2.2094727e+01
   3.8931890e+06   2.3620605e+01
   3.8932310e+06   2.1240234e+01
   3.8932640e+06   2.1484375e+01
   3.8932840e+06   2.1728516e+01
   3.8933400e+06   4.6447754e+01
   3.8933780e+06   2.3071289e+01
   3.8934390e+06   1.9287109e+01
   3.8934680e+06   2.0019531e+01
   3.8935320e+06   2.1179199e+01
   3.8936510e+06   3.4484863e+01
   3.8937340e+06   2.0263672e+01
   3.8937920e+06   2.1362305e+01
   3.8938050e+06   4.3823242e+01
   3.8938450e+06   3.3142090e+01
   3.8938750e+06   2.6855469e+01
   3.8938930e+06   4.6752930e+01
   3.8939110e+06   2.0629883e+01
   3.8939380e+06   3.7536621e+01
   3.8939490e+06   1.9714355e+01
   3.8939770e+06   2.2399902e+01
   3.8940000e+06   2.7709961e+01
   3.8940210e+06   2.0629883e+01
   3.8940500e+06   2.0751953e+01
   3.8940720e+06   2.4047852e+01
   3.8941050e+06   2.6367188e+01
   3.8941320e+06   2.3071289e+01
   3.8941570e+06   2.0080566e+01
   3.8941750e+06   2.2583008e+01
   3.8942070e+06   2.4536133e+01
   4.1656620e+06   2.3681641e+01
   4.1960340e+06   2.3437500e+01
   4.1962690e+06   2.8625488e+01
   4.1963160e+06   2.4597168e+01
   4.1964480e+06   3.2958984e+01
   4.1967660e+06   2.3925781e+01
   4.1969370e+06   2.1850586e+01
   4.1970580e+06   2.1362305e+01
   4.1972240e+06   1.9653320e+01
   4.1980000e+06   2.1606445e+01
   4.1983480e+06   1.9470215e+01
   4.1988790e+06   3.0212402e+01
   4.3512810e+06   1.9592285e+01
   4.3922630e+06   1.9470215e+01
   4.4919730e+06   1.9958496e+01
   4.4920000e+06   4.2724609e+01
   4.4920230e+06   2.1240234e+01
   4.4921030e+06   2.1484375e+01
   4.4921320e+06   3.3020020e+01
   4.4923140e+06   2.0019531e+01
   4.4923760e+06   1.9470215e+01
   4.4924390e+06   2.1118164e+01
   4.4925580e+06   2.3559570e+01
   4.4926810e+06   2.0996094e+01
   4.4934720e+06   2.3864746e+01
   4.4936200e+06   1.9348145e+01
   4.4936610e+06   2.0080566e+01
   4.4937430e+06   2.5268555e+01
   4.4937610e+06   2.5634766e+01
   4.4939240e+06   2.3864746e+01
   4.4940390e+06   2.1606445e+01
   4.4940770e+06   1.9714355e+01
   4.5170910e+06   1.9714355e+01
   4.5329690e+06   2.6489258e+01
   4.5329840e+06   3.1616211e+01
   4.5330000e+06   3.0212402e+01
   4.5331670e+06   2.6489258e+01
   4.5443300e+06   1.9897461e+01
   4.5563280e+06   2.0751953e+01
   4.5760340e+06   2.1484375e+01
   4.6862530e+06   1.9592285e+01
   4.8174320e+06   2.0629883e+01
   4.8175110e+06   2.5939941e+01
   4.8175750e+06   2.2827148e+01
   4.8176250e+06   4.5532227e+01
   4.8176550e+06   2.3010254e+01
   4.8176680e+06   3.0822754e+01
   4.8176860e+06   2.4475098e+01
   4.8176990e+06   4.1992188e+01
   4.8177320e+06   4.7119141e+01
   4.8177550e+06   3.4423828e+01
   4.8177760e+06   3.2897949e+01
   4.8177940e+06   2.9663086e+01
   4.8178260e+06   4.1198730e+01
   4.8178410e+06   5.5969238e+01
   4.8178640e+06   2.8320313e+01
   4.8178920e+06   3.3630371e+01
   4.8179150e+06   3.2775879e+01
   4.8179490e+06   2.3193359e+01
   4.8179840e+06   2.9541016e+01
   4.8180090e+06   2.3559570e+01
   4.8180420e+06   2.2521973e+01
   4.8180730e+06   2.7648926e+01
   4.8181160e+06   2.1301270e+01
   4.8181350e+06   2.9418945e+01
   4.8181710e+06   2.0690918e+01
   4.8182070e+06   2.3071289e+01
   4.8182260e+06   2.7282715e+01
   4.8182530e+06   2.2460937e+01
   4.8182770e+06   2.2094727e+01
   4.8183150e+06   2.2460937e+01
   4.8183490e+06   3.0456543e+01
   4.8184380e+06   2.3132324e+01
   4.8185290e+06   1.9958496e+01
   4.8186640e+06   1.9897461e+01
   4.8186770e+06   1.9470215e+01
   4.8222780e+06   1.9470215e+01
   4.8301490e+06   1.9592285e+01
   4.8329620e+06   2.1179199e+01
   4.8350230e+06   1.9531250e+01
   4.8608070e+06   3.2836914e+01
   4.8608300e+06   2.3254395e+01
   4.8608590e+06   1.9714355e+01
   4.8608900e+06   2.0263672e+01
   4.8610020e+06   2.4291992e+01
   4.8610340e+06   2.8381348e+01
   4.8610740e+06   3.0761719e+01
   4.8610840e+06   1.9531250e+01
   4.8611180e+06   1.9775391e+01
   4.8611370e+06   3.0456543e+01
   4.8611560e+06   2.8137207e+01
   4.8611860e+06   2.5329590e+01
   4.8612010e+06   4.2297363e+01
   4.8612280e+06   2.2338867e+01
   4.8612460e+06   2.6000977e+01
   4.8612630e+06   3.2592773e+01
   4.8612810e+06   2.7832031e+01
   4.8613020e+06   3.1494141e+01
   4.8613470e+06   2.7587891e+01
   4.8613830e+06   2.3254395e+01
   4.8614580e+06   2.5878906e+01
   4.8614920e+06   1.9531250e+01
   4.8615330e+06   2.5939941e+01
   4.8615500e+06   2.8991699e+01
   4.8615660e+06   2.9479980e+01
   4.8615780e+06   2.2277832e+01
   4.8616080e+06   3.7109375e+01
   4.8616360e+06   2.2155762e+01
   4.8616670e+06   2.1972656e+01
   4.8616800e+06   2.2460938e+01
   4.8617150e+06   2.0080566e+01
   4.8617640e+06   2.1667480e+01
   4.8617880e+06   2.0202637e+01
   4.8618000e+06   2.0019531e+01
   4.8618210e+06   1.9775391e+01
   4.8618880e+06   2.5756836e+01
   4.8619490e+06   1.9958496e+01
   4.8619630e+06   2.0446777e+01
   4.8620740e+06   2.1850586e+01
   4.8622750e+06   2.1423340e+01
   4.8623800e+06   1.9531250e+01
   4.8624810e+06   2.2338867e+01
   4.8625410e+06   2.1118164e+01
   4.8625570e+06   2.0874023e+01
   4.8625700e+06   2.3986816e+01
   4.8626010e+06   2.1972656e+01
   4.8626960e+06   2.4414063e+01
   4.8627530e+06   1.9592285e+01
   4.8627930e+06   2.0202637e+01
   4.8628030e+06   1.9836426e+01
   4.8628930e+06   2.2399902e+01
   4.8630510e+06   2.3620605e+01
   4.8631710e+06   2.1301270e+01
   4.8631890e+06   1.9714355e+01
   4.8653750e+06   1.9470215e+01
   4.8772680e+06   2.0629883e+01
   4.8822810e+06   3.4484863e+01
   4.8823000e+06   2.5146484e+01
   4.8823430e+06   2.2094727e+01
   4.8823710e+06   2.9785156e+01
   4.8823910e+06   2.0202637e+01
   4.8824190e+06   2.4841309e+01
   4.8824650e+06   2.0324707e+01
   4.8824910e+06   2.0996094e+01
   4.8825630e+06   2.3559570e+01
   4.8825760e+06   2.1362305e+01
   4.8826240e+06   2.2705078e+01
   4.8826750e+06   2.1911621e+01
   4.8826910e+06   2.7343750e+01
   4.8827110e+06   2.5207520e+01
   4.8827290e+06   2.6306152e+01
   4.8827530e+06   2.8991699e+01
   4.8827660e+06   2.1728516e+01
   4.8827770e+06   2.1301270e+01
   4.8828090e+06   2.7832031e+01
   4.8828300e+06   3.9428711e+01
   4.8828500e+06   2.5085449e+01
   4.8828660e+06   2.2705078e+01
   4.8828820e+06   3.2958984e+01
   4.8829020e+06   2.4108887e+01
   4.8829120e+06   3.0090332e+01
   4.8829330e+06   2.6306152e+01
   4.8829440e+06   3.3142090e+01
   4.8829540e+06   3.0395508e+01
   4.8829810e+06   2.6489258e+01
   4.8830030e+06   2.6611328e+01
   4.8830140e+06   2.2827148e+01
   4.8830490e+06   3.1005859e+01
   4.8830590e+06   2.1789551e+01
   4.8830780e+06   1.9653320e+01
   4.8831200e+06   2.6672363e+01
   4.8831630e+06   2.3193359e+01
   4.8831840e+06   1.9348145e+01
   4.8832040e+06   2.1972656e+01
   4.8832440e+06   2.2033691e+01
   4.8832910e+06   2.1362305e+01
   4.8833360e+06   2.0507813e+01
   4.8833900e+06   2.3010254e+01
   4.8834990e+06   2.1118164e+01
   4.8837720e+06   2.4963379e+01
   4.8838780e+06   2.1545410e+01
   4.8839730e+06   1.9958496e+01
   4.8842630e+06   1.9653320e+01
   4.8842980e+06   2.1118164e+01
   4.8971380e+06   2.2644043e+01
   4.8971730e+06   3.5095215e+01
   4.8972540e+06   1.9714355e+01
   4.8972700e+06   2.7038574e+01
   4.8973500e+06   2.9174805e+01
   4.8973860e+06   2.1789551e+01
   4.8973960e+06   2.1545410e+01
   4.8974340e+06   2.2277832e+01
   4.8974780e+06   3.0578613e+01
   4.8975270e+06   2.5390625e+01
   4.8975550e+06   2.6611328e+01
   4.8975690e+06   3.2836914e+01
   4.8975850e+06   2.1850586e+01
   4.8976230e+06   2.6184082e+01
   4.8976700e+06   2.0996094e+01
   4.8976810e+06   2.0385742e+01
   4.8977210e+06   2.7832031e+01
   4.8977520e+06   1.9958496e+01
   4.8977840e+06   2.7038574e+01
   4.8978000e+06   3.5095215e+01
   4.8978340e+06   2.8930664e+01
   4.8978600e+06   2.6062012e+01
   4.8978740e+06   2.3986816e+01
   4.8979000e+06   4.1503906e+01
   4.8979240e+06   2.6489258e+01
   4.8979370e+06   2.7160645e+01
   4.8979710e+06   2.5390625e+01
   4.8979950e+06   2.1850586e+01
   4.8980090e+06   2.7587891e+01
   4.8980400e+06   3.0700684e+01
   4.8980540e+06   2.1728516e+01
   4.8980760e+06   2.0324707e+01
   4.8980890e+06   2.4047852e+01
   4.8981290e+06   2.4963379e+01
   4.8981480e+06   2.5756836e+01
   4.8981610e+06   2.5695801e+01
   4.8981980e+06   2.4230957e+01
   4.8982360e+06   2.6550293e+01
   4.8982570e+06   2.4047852e+01
   4.8982870e+06   2.1179199e+01
   4.8983470e+06   2.4414063e+01
   4.8983730e+06   2.2705078e+01
   4.8984050e+06   3.0334473e+01
   4.8984230e+06   2.7954102e+01
   4.8984550e+06   1.9653320e+01
   4.8984860e+06   2.0996094e+01
   4.8985140e+06   2.1667480e+01
   4.8985320e+06   2.0385742e+01
   4.8985830e+06   2.0935059e+01
   4.8986860e+06   2.5329590e+01
   4.8987550e+06   2.1545410e+01
   4.8988570e+06   2.0935059e+01
   4.9148900e+06   3.2165527e+01
   4.9149040e+06   2.1301270e+01
   4.9149350e+06   2.2338867e+01
   4.9149850e+06   2.4108887e+01
   4.9150040e+06   1.9531250e+01
   4.9150200e+06   2.0202637e+01
   4.9150480e+06   1.9409180e+01
   4.9150970e+06   3.2653809e+01
   4.9151420e+06   2.1789551e+01
   4.9151670e+06   4.1564941e+01
   4.9151940e+06   2.3620605e+01
   4.9152060e+06   2.4475098e+01
   4.9152330e+06   2.4658203e+01
   4.9152490e+06   2.0935059e+01
   4.9152710e+06   2.2644043e+01
   4.9152870e+06   2.2094727e+01
   4.9153100e+06   2.9541016e+01
   4.9153330e+06   2.7282715e+01
   4.9153950e+06   3.3935547e+01
   4.9154090e+06   4.0222168e+01
   4.9154400e+06   2.9846191e+01
   4.9154500e+06   2.9418945e+01
   4.9154770e+06   2.0324707e+01
   4.9154960e+06   2.2460938e+01
   4.9155140e+06   2.1118164e+01
   4.9155280e+06   2.5146484e+01
   4.9155700e+06   3.8146973e+01
   4.9155900e+06   3.8757324e+01
   4.9156080e+06   2.3559570e+01
   4.9156260e+06   3.0944824e+01
   4.9156420e+06   1.9897461e+01
   4.9156870e+06   2.7221680e+01
   4.9157300e+06   2.4353027e+01
   4.9157560e+06   2.5512695e+01
   4.9157690e+06   2.1789551e+01
   4.9157820e+06   2.5634766e+01
   4.9158170e+06   2.5817871e+01
   4.9158290e+06   2.0874023e+01
   4.9158550e+06   2.0996094e+01
   4.9158680e+06   2.1362305e+01
   4.9158890e+06   2.0019531e+01
   4.9159870e+06   2.2399902e+01
   4.9160240e+06   2.3986816e+01
   4.9160670e+06   2.0629883e+01
   4.9161200e+06   2.4414063e+01
   4.9162730e+06   2.1911621e+01
   4.9163000e+06   1.9714355e+01
   4.9163230e+06   2.2033691e+01
   4.9166430e+06   2.0751953e+01
   4.9169830e+06   1.9287109e+01
   4.9330340e+06   2.1911621e+01
   4.9330460e+06   3.7658691e+01
   4.9330980e+06   1.9531250e+01
   4.9331280e+06   2.4780273e+01
   4.9331520e+06   1.9348145e+01
   4.9331760e+06   2.5085449e+01
   4.9332290e+06   2.7648926e+01
   4.9332550e+06   1.9836426e+01
   4.9332650e+06   2.2338867e+01
   4.9332870e+06   2.0324707e+01
   4.9333170e+06   2.3681641e+01
   4.9333360e+06   2.0874023e+01
   4.9334070e+06   3.0395508e+01
   4.9334450e+06   2.3315430e+01
   4.9334820e+06   1.9653320e+01
   4.9335140e+06   2.0385742e+01
   4.9335280e+06   2.9968262e+01
   4.9335590e+06   2.0019531e+01
   4.9335860e+06   2.4353027e+01
   4.9335960e+06   2.5390625e+01
   4.9336200e+06   2.4353027e+01
   4.9336370e+06   3.4729004e+01
   4.9336600e+06   2.4475098e+01
   4.9336810e+06   2.5207520e+01
   4.9337010e+06   3.6010742e+01
   4.9337140e+06   2.7648926e+01
   4.9337320e+06   2.7709961e+01
   4.9337470e+06   3.1433105e+01
   4.9337730e+06   1.9836426e+01
   4.9338120e+06   2.7221680e+01
   4.9338430e+06   2.2766113e+01
   4.9338630e+06   3.0883789e+01
   4.9338830e+06   2.3498535e+01
   4.9338950e+06   2.3864746e+01
   4.9339190e+06   3.3142090e+01
   4.9339320e+06   2.9846191e+01
   4.9340220e+06   2.9541016e+01
   4.9340640e+06   2.2705078e+01
   4.9340900e+06   2.2216797e+01
   4.9341130e+06   2.4841309e+01
   4.9341580e+06   2.0751953e+01
   4.9342240e+06   2.0629883e+01
   4.9344400e+06   2.1789551e+01
   4.9350780e+06   2.0935059e+01
   4.9767020e+06   2.3437500e+01
   4.9767390e+06   2.0812988e+01
   4.9767810e+06   2.0263672e+01
   4.9767910e+06   1.9470215e+01
   4.9768300e+06   2.0324707e+01
   4.9768570e+06   5.9143066e+01
   4.9768760e+06   4.1931152e+01
   4.9768880e+06   3.4423828e+01
   4.9768980e+06   4.0039063e+01
   4.9769190e+06   3.5827637e+01
   4.9769400e+06   2.8259277e+01
   4.9769590e+06   3.6376953e+01
   4.9769880e+06   2.4414063e+01
   4.9770120e+06   2.0996094e+01
   4.9770370e+06   2.4597168e+01
   4.9770630e+06   2.7282715e+01
   4.9770730e+06   2.3132324e+01
   4.9770840e+06   1.9287109e+01
   4.9771090e+06   2.1972656e+01
   4.9771320e+06   2.9113770e+01
   4.9771540e+06   2.1118164e+01
   4.9771870e+06   2.4780273e+01
   4.9772160e+06   2.5146484e+01
   4.9772280e+06   2.5634766e+01
   4.9772670e+06   2.2583008e+01
   4.9772900e+06   2.0080566e+01
   4.9773140e+06   2.3193359e+01
   4.9773490e+06   1.9287109e+01
   4.9773870e+06   2.0263672e+01
   4.9774000e+06   2.4536133e+01
   4.9775000e+06   2.0568848e+01
   4.9775700e+06   2.0751953e+01
   5.0125940e+06   2.2033691e+01
   5.0126240e+06   2.0141602e+01
   5.0126340e+06   5.4748535e+01
   5.0126670e+06   3.0944824e+01
   5.0126950e+06   4.1137695e+01
   5.0127160e+06   2.4719238e+01
   5.0127290e+06   5.4809570e+01
   5.0127580e+06   3.9489746e+01
   5.0127830e+06   3.7414551e+01
   5.0128110e+06   2.7526855e+01
   5.0128240e+06   3.3264160e+01
   5.0128480e+06   4.1442871e+01
   5.0128740e+06   2.3803711e+01
   5.0128850e+06   2.2521973e+01
   5.0129040e+06   2.5573730e+01
   5.0129210e+06   2.8259277e+01
   5.0129410e+06   2.1667480e+01
   5.0129570e+06   2.7648926e+01
   5.0129720e+06   2.1484375e+01
   5.0130010e+06   2.4353027e+01
   5.0130150e+06   2.4841309e+01
   5.0130570e+06   2.4047852e+01
   5.0130680e+06   2.5634766e+01
   5.0130950e+06   2.4169922e+01
   5.0131120e+06   1.9714355e+01
   5.0131400e+06   1.9348145e+01
   5.0131870e+06   2.3071289e+01
   5.0132040e+06   2.6123047e+01
   5.0132860e+06   2.6123047e+01
   5.0133350e+06   2.3620605e+01
   5.0134340e+06   1.9714355e+01
   5.0136350e+06   2.0751953e+01
   5.0137670e+06   2.0202637e+01
   5.0446500e+06   3.3569336e+01
   5.0447220e+06   1.9409180e+01
   5.0447360e+06   2.6489258e+01
   5.0447540e+06   2.4963379e+01
   5.0448720e+06   3.7841797e+01
   5.0448820e+06   3.1921387e+01
   5.0449150e+06   2.8808594e+01
   5.0449390e+06   2.3925781e+01
   5.0449520e+06   2.6306152e+01
   5.0449810e+06   2.7160645e+01
   5.0450080e+06   2.2521973e+01
   5.0450350e+06   2.2705078e+01
   5.0450560e+06   2.3864746e+01
   5.0450790e+06   2.7648926e+01
   5.0450890e+06   1.9409180e+01
   5.0451030e+06   2.2460938e+01
   5.0451290e+06   2.0751953e+01
   5.0451520e+06   2.5390625e+01
   5.0451650e+06   3.5949707e+01
   5.0452000e+06   3.3935547e+01
   5.0452350e+06   2.5634766e+01
   5.0452560e+06   2.2705078e+01
   5.0453070e+06   3.6865234e+01
   5.0453920e+06   2.2460937e+01
   5.0454110e+06   2.1484375e+01
   5.0454380e+06   2.0202637e+01
   5.0454580e+06   3.5400391e+01
   5.0454860e+06   2.3681641e+01
   5.0455200e+06   2.1972656e+01
   5.0455480e+06   2.1179199e+01
   5.0455690e+06   2.1057129e+01
   5.0455800e+06   2.5268555e+01
   5.0456050e+06   1.9470215e+01
   5.0456340e+06   2.1545410e+01
   5.0456990e+06   2.2888184e+01
   5.1050350e+06   1.9714355e+01
   5.1050520e+06   4.0039063e+01
   5.1050860e+06   2.0446777e+01
   5.1051150e+06   2.1606445e+01
   5.1051310e+06   2.3254395e+01
   5.1051590e+06   2.7038574e+01
   5.1051750e+06   1.9775391e+01
   5.1052450e+06   2.2155762e+01
   5.1052740e+06   2.4597168e+01
   5.1053140e+06   2.3498535e+01
   5.1053830e+06   2.1484375e+01
   5.1054060e+06   1.9775391e+01
   5.1054250e+06   2.7893066e+01
   5.1056270e+06   3.0456543e+01
   5.1056410e+06   2.1606445e+01
   5.1057820e+06   2.0629883e+01
   5.1364900e+06   2.2644043e+01
   5.1365280e+06   2.3132324e+01
   5.1365570e+06   2.3071289e+01
   5.1366300e+06   2.0568848e+01
   5.1366490e+06   2.3681641e+01
   5.1367640e+06   2.1545410e+01
   5.1367880e+06   3.4301758e+01
   5.1708770e+06   1.9409180e+01
   5.1716100e+06   1.9409180e+01
   5.1716500e+06   3.2531738e+01
   5.5799370e+06   1.9958496e+01
   5.6594620e+06   1.9836426e+01
   5.6595930e+06   2.2766113e+01
   5.6597500e+06   2.0996094e+01
   5.6597760e+06   1.9714355e+01
   5.6598000e+06   1.9714355e+01
   5.6598100e+06   2.2949219e+01
   5.6598300e+06   2.2155762e+01
   5.6598890e+06   1.9409180e+01
   5.6599230e+06   2.1667480e+01
   5.6599450e+06   3.7048340e+01
   5.6599940e+06   2.4658203e+01
   5.6600300e+06   2.6000977e+01
   5.6600430e+06   2.6916504e+01
   5.6600780e+06   2.0751953e+01
   5.6601130e+06   3.7597656e+01
   5.6601420e+06   3.6376953e+01
   5.6601940e+06   2.0568848e+01
   5.6602170e+06   2.3742676e+01
   5.6602380e+06   3.1005859e+01
   5.6602770e+06   2.1484375e+01
   5.6603040e+06   3.3325195e+01
   5.6603160e+06   2.9724121e+01
   5.6603380e+06   3.4545898e+01
   5.6603540e+06   2.5756836e+01
   5.6603850e+06   3.2958984e+01
   5.6604120e+06   2.6000977e+01
   5.6604440e+06   3.9428711e+01
   5.6604700e+06   2.1545410e+01
   5.6604870e+06   2.0812988e+01
   5.6605090e+06   2.2155762e+01
   5.6605300e+06   4.3762207e+01
   5.6606000e+06   2.5390625e+01
   5.6606360e+06   2.6062012e+01
   5.6606720e+06   3.4973145e+01
   5.6607720e+06   2.1789551e+01
   5.6608210e+06   2.3437500e+01
   5.7180700e+06   1.9775391e+01
   6.0729250e+06   3.4790039e+01
   6.0729450e+06   2.0202637e+01
   6.0738040e+06   2.6184082e+01
   6.0738240e+06   3.0822754e+01
   6.0739380e+06   2.3254395e+01
   6.0742720e+06   3.3203125e+01
   6.0746150e+06   3.4790039e+01
   6.0746330e+06   2.0263672e+01
   6.0748750e+06   2.9357910e+01
   6.3672690e+06   1.9592285e+01
   6.3673040e+06   2.0446777e+01
   6.3673330e+06   2.0629883e+01
   6.3674340e+06   2.8869629e+01
   6.3674640e+06   2.6489258e+01
   6.3674860e+06   2.8869629e+01
   6.3675110e+06   5.4504395e+01
   6.3675430e+06   3.8940430e+01
   6.3675670e+06   5.9448242e+01
   6.3675780e+06   2.9174805e+01
   6.3676030e+06   4.7607422e+01
   6.3676350e+06   4.3823242e+01
   6.3676500e+06   3.3020020e+01
   6.3676690e+06   3.6010742e+01
   6.3676820e+06   3.5217285e+01
   6.3677190e+06   2.0263672e+01
   6.3677500e+06   3.4545898e+01
   6.3677600e+06   3.3935547e+01
   6.3677900e+06   3.1799316e+01
   6.3678080e+06   2.3010254e+01
   6.3678460e+06   3.1127930e+01
   6.3678830e+06   2.0507813e+01
   6.3679120e+06   3.1250000e+01
   6.3680430e+06   2.2033691e+01
   6.3681030e+06   1.9897461e+01
   6.3681380e+06   2.6977539e+01
   6.3682480e+06   2.4719238e+01
   6.3682770e+06   2.7587891e+01
   6.3682960e+06   2.2155762e+01
   6.3683710e+06   2.0019531e+01
   6.3934930e+06   2.0690918e+01
   6.4178490e+06   3.2287598e+01
   6.4178730e+06   2.9541016e+01
   6.4179220e+06   2.5939941e+01
   6.4179340e+06   1.9775391e+01
   6.4179750e+06   3.4179688e+01
   6.4180520e+06   2.0935059e+01
   6.4180770e+06   2.6733398e+01
   6.4181100e+06   1.9958496e+01
   6.4181480e+06   2.0080566e+01
   6.4181610e+06   1.9836426e+01
   6.4181970e+06   2.7038574e+01
   6.4182230e+06   2.3193359e+01
   6.4182650e+06   3.5278320e+01
   6.4182750e+06   2.7770996e+01
   6.4183000e+06   2.8808594e+01
   6.4183100e+06   2.5512695e+01
   6.4183400e+06   2.8015137e+01
   6.4183700e+06   4.3884277e+01
   6.4184030e+06   2.4353027e+01
   6.4184160e+06   2.6794434e+01
   6.4184330e+06   2.4108887e+01
   6.4184630e+06   2.2399902e+01
   6.4184790e+06   3.5644531e+01
   6.4185150e+06   2.0629883e+01
   6.4185730e+06   2.2399902e+01
   6.4185900e+06   2.5085449e+01
   6.4186040e+06   2.8686523e+01
   6.4186230e+06   2.0812988e+01
   6.4186480e+06   2.7343750e+01
   6.4186620e+06   2.1423340e+01
   6.4186740e+06   2.0507813e+01
   6.4186960e+06   3.2470703e+01
   6.4187670e+06   2.4291992e+01
   6.4188260e+06   1.9592285e+01
   6.4188510e+06   2.8259277e+01
   6.4189620e+06   2.4108887e+01
   6.4190460e+06   2.1057129e+01
   6.4191180e+06   1.9958496e+01
   6.4193880e+06   2.1179199e+01
   6.4194590e+06   2.0935059e+01
   6.4195520e+06   2.5329590e+01
   6.4196660e+06   2.1667480e+01
   6.4197210e+06   1.9775391e+01
   6.4198420e+06   1.9653320e+01
   6.4200080e+06   2.8137207e+01
   6.4201780e+06   1.9958496e+01
   6.4203030e+06   2.0812988e+01
   6.4206670e+06   2.0385742e+01
   6.4339070e+06   2.1118164e+01
   6.4409530e+06   3.6254883e+01
   6.4410160e+06   2.1667480e+01
   6.4410700e+06   1.9836426e+01
   6.4411170e+06   1.9775391e+01
   6.4411400e+06   1.9897461e+01
   6.4411750e+06   2.1850586e+01
   6.4412160e+06   2.2888184e+01
   6.4412780e+06   1.9958496e+01
   6.4412980e+06   2.9235840e+01
   6.4413670e+06   2.8137207e+01
   6.4413770e+06   2.8503418e+01
   6.4414110e+06   2.3376465e+01
   6.4414350e+06   2.2521973e+01
   6.4414630e+06   2.1362305e+01
   6.4414890e+06   2.5756836e+01
   6.4415190e+06   2.2094727e+01
   6.4415470e+06   4.0283203e+01
   6.4415890e+06   2.2094727e+01
   6.4416120e+06   2.6916504e+01
   6.4416260e+06   3.0273438e+01
   6.4416450e+06   2.8198242e+01
   6.4416610e+06   1.9592285e+01
   6.4416750e+06   2.6977539e+01
   6.4417100e+06   2.7160645e+01
   6.4417320e+06   2.9235840e+01
   6.4417550e+06   2.8320313e+01
   6.4417880e+06   2.2949219e+01
   6.4418240e+06   2.8991699e+01
   6.4418450e+06   2.7648926e+01
   6.4418610e+06   2.4475098e+01
   6.4418710e+06   3.0151367e+01
   6.4418870e+06   2.4169922e+01
   6.4419070e+06   1.9592285e+01
   6.4419280e+06   2.2338867e+01
   6.4419420e+06   2.9296875e+01
   6.4419700e+06   2.4230957e+01
   6.4419930e+06   2.2155762e+01
   6.4420120e+06   2.7893066e+01
   6.4420500e+06   2.3193359e+01
   6.4420680e+06   2.1179199e+01
   6.4420840e+06   2.3437500e+01
   6.4421110e+06   2.1179199e+01
   6.4421540e+06   2.1728516e+01
   6.4421980e+06   2.2521973e+01
   6.4423190e+06   2.0751953e+01
   6.4424320e+06   2.4414063e+01
   6.4424470e+06   1.9653320e+01
   6.4425180e+06   2.0568848e+01
   6.4425810e+06   2.1057129e+01
   6.4426110e+06   1.9653320e+01
   6.4428110e+06   1.9836426e+01
   6.4429450e+06   2.0202637e+01
   6.4429700e+06   2.0568848e+01
   6.4430640e+06   2.1728516e+01
   6.4432760e+06   1.9653320e+01
   6.4433590e+06   2.1728516e+01
   6.4571470e+06   3.5644531e+01
   6.4571570e+06   2.4658203e+01
   6.4571800e+06   2.2033691e+01
   6.4572610e+06   1.9897461e+01
   6.4572930e+06   2.2888184e+01
   6.4573560e+06   2.1667480e+01
   6.4574130e+06   2.0141602e+01
   6.4574340e+06   2.6184082e+01
   6.4575250e+06   2.2949219e+01
   6.4575520e+06   2.0507813e+01
   6.4575840e+06   2.3864746e+01
   6.4576290e+06   2.0935059e+01
   6.4576890e+06   2.1240234e+01
   6.4577070e+06   2.0751953e+01
   6.4578120e+06   3.0395508e+01
   6.4662320e+06   3.2287598e+01
   6.4662460e+06   2.0629883e+01
   6.4662700e+06   2.4108887e+01
   6.4663520e+06   1.9775391e+01
   6.4663860e+06   2.3925781e+01
   6.4664330e+06   2.4597168e+01
   6.4664690e+06   2.0935059e+01
   6.4665130e+06   2.0080566e+01
   6.4665590e+06   2.2460938e+01
   6.4665880e+06   2.5085449e+01
   6.4666640e+06   4.1442871e+01
   6.4667000e+06   2.1789551e+01
   6.4667480e+06   2.0812988e+01
   6.4667770e+06   2.0751953e+01
   6.4668490e+06   2.0019531e+01
   6.4668870e+06   2.7526855e+01
   6.4669100e+06   2.5390625e+01
   6.4669450e+06   2.3681641e+01
   6.4670290e+06   2.0690918e+01
   6.4670640e+06   2.6367188e+01
   6.4670900e+06   2.0080566e+01
   6.4671030e+06   2.6672363e+01
   6.4671650e+06   1.9592285e+01
   6.4671990e+06   3.1616211e+01
   6.4672680e+06   2.5695801e+01
   6.4672930e+06   2.0996094e+01
   6.4673210e+06   4.0893555e+01
   6.4673500e+06   2.1667480e+01
   6.4673620e+06   2.8869629e+01
   6.4673920e+06   4.5410156e+01
   6.4674050e+06   2.1179199e+01
   6.4674210e+06   2.3071289e+01
   6.4674510e+06   4.2602539e+01
   6.4674650e+06   2.2949219e+01
   6.4674940e+06   2.7282715e+01
   6.4675200e+06   2.8137207e+01
   6.4675310e+06   2.2277832e+01
   6.4675480e+06   3.6254883e+01
   6.4675710e+06   1.9592285e+01
   6.4676060e+06   2.5695801e+01
   6.4676200e+06   3.7963867e+01
   6.4676370e+06   2.0996094e+01
   6.4676530e+06   2.1606445e+01
   6.4676740e+06   2.3315430e+01
   6.4677070e+06   2.9357910e+01
   6.4677320e+06   2.0507813e+01
   6.4677560e+06   2.2216797e+01
   6.4678080e+06   2.6428223e+01
   6.4678660e+06   2.0141602e+01
   6.4678840e+06   2.4169922e+01
   6.4679140e+06   2.1362305e+01
   6.4679450e+06   2.1545410e+01
   6.4679770e+06   2.2094727e+01
   6.4680550e+06   2.9907227e+01
   6.4680950e+06   1.9592285e+01
   6.4681150e+06   2.0568848e+01
   6.4681500e+06   2.0629883e+01
   6.4684510e+06   1.9897461e+01
   6.4689320e+06   2.0202637e+01
   6.4807190e+06   1.9714355e+01
   6.4839830e+06   2.0446777e+01
   6.4839940e+06   3.3142090e+01
   6.4840970e+06   2.1667480e+01
   6.4841100e+06   1.9531250e+01
   6.4842020e+06   2.1850586e+01
   6.4842130e+06   2.1484375e+01
   6.4842520e+06   2.7648926e+01
   6.4842710e+06   2.0019531e+01
   6.4844110e+06   2.0507813e+01
   6.4844410e+06   2.1606445e+01
   6.4848120e+06   2.2033691e+01
   6.4971500e+06   2.0324707e+01
   6.4972070e+06   2.2277832e+01
   6.4972250e+06   2.1423340e+01
   6.4972570e+06   2.3742676e+01
   6.4973430e+06   3.5949707e+01
   6.4973590e+06   2.1362305e+01
   6.4974270e+06   2.0141602e+01
   6.4974540e+06   3.7658691e+01
   6.4974820e+06   2.1301270e+01
   6.4975090e+06   2.1667480e+01
   6.4975430e+06   2.9174805e+01
   6.4975570e+06   2.1911621e+01
   6.4976250e+06   2.5878906e+01
   6.4976390e+06   2.9907227e+01
   6.4976610e+06   2.0874023e+01
   6.4976870e+06   2.0385742e+01
   6.4977490e+06   2.8381348e+01
   6.4977710e+06   2.5329590e+01
   6.4977940e+06   2.0751953e+01
   6.4978220e+06   2.4658203e+01
   6.4978370e+06   2.1545410e+01
   6.4978610e+06   2.1057129e+01
   6.4978960e+06   2.9968262e+01
   6.4979230e+06   2.0812988e+01
   6.4979520e+06   2.3315430e+01
   6.4979720e+06   2.9235840e+01
   6.4980080e+06   2.6000977e+01
   6.4980330e+06   2.3925781e+01
   6.4980430e+06   3.1311035e+01
   6.4980580e+06   2.5878906e+01
   6.4980980e+06   2.7526855e+01
   6.4981280e+06   2.6428223e+01
   6.4981500e+06   1.9653320e+01
   6.4981630e+06   3.5949707e+01
   6.4981740e+06   2.2399902e+01
   6.4982000e+06   2.2644043e+01
   6.4982180e+06   2.5085449e+01
   6.4982410e+06   2.6855469e+01
   6.4982580e+06   2.1911621e+01
   6.4983090e+06   2.1484375e+01
   6.4983230e+06   3.0212402e+01
   6.4983620e+06   2.0446777e+01
   6.4983920e+06   2.2155762e+01
   6.4984710e+06   2.4841309e+01
   6.4985110e+06   2.5573730e+01
   6.4985230e+06   2.2644043e+01
   6.4986620e+06   2.1362305e+01
   6.4987120e+06   2.0690918e+01
   6.4988240e+06   2.4902344e+01
   6.5160230e+06   2.0935059e+01
   6.5160470e+06   2.5329590e+01
   6.5160980e+06   3.0212402e+01
   6.5161370e+06   2.5756836e+01
   6.5161760e+06   2.0446777e+01
   6.5162150e+06   2.2460938e+01
   6.5162590e+06   2.1118164e+01
   6.5162790e+06   1.9775391e+01
   6.5163350e+06   2.1301270e+01
   6.5164200e+06   2.6184082e+01
   6.5165400e+06   2.5695801e+01
   6.5166710e+06   3.0578613e+01
   6.5277980e+06   2.1911621e+01
   6.5278110e+06   2.5390625e+01
   6.5278740e+06   2.0996094e+01
   6.5278860e+06   2.5146484e+01
   6.5279160e+06   2.3010254e+01
   6.5279870e+06   2.3681641e+01
   6.5280120e+06   2.5390625e+01
   6.5281180e+06   2.0019531e+01
   6.5281470e+06   3.3447266e+01
   6.5282590e+06   2.1545410e+01
   6.5283050e+06   1.9714355e+01
   6.5283150e+06   2.9052734e+01
   6.5284760e+06   2.8137207e+01
   6.5284900e+06   2.2277832e+01
   6.5285850e+06   2.3559570e+01
   6.5288200e+06   2.0507813e+01
   6.5288350e+06   3.1738281e+01
   6.5288590e+06   2.0507813e+01
   6.5289020e+06   2.1362305e+01
   6.5290710e+06   3.0334473e+01
   6.5291790e+06   1.9714355e+01
   6.5298160e+06   2.0385742e+01
   6.5449550e+06   1.9592285e+01
   6.6183260e+06   2.0385742e+01
   6.6183650e+06   2.6550293e+01
   6.6184610e+06   2.6611328e+01
   6.6186170e+06   2.7526855e+01
   6.6186360e+06   2.7893066e+01
   6.6187860e+06   2.4291992e+01
   6.6188890e+06   2.2583008e+01
   6.8022800e+06   2.0568848e+01
   7.0992190e+06   3.1127930e+01
   7.3268100e+06   2.2521973e+01
   7.4848070e+06   3.9123535e+01
   7.6544370e+06   2.2949219e+01
   7.6545260e+06   2.0568848e+01
   7.6545990e+06   3.6132813e+01
   7.8303920e+06   2.1240234e+01
   7.8304080e+06   2.1423340e+01
   7.8304390e+06   2.0080566e+01
   7.8304580e+06   2.1118164e+01
   7.8304870e+06   2.2827148e+01
   7.8305090e+06   2.5939941e+01
   7.8305430e+06   2.8259277e+01
   7.8305620e+06   2.1545410e+01
   7.8305790e+06   3.1433105e+01
   7.8305950e+06   2.3254395e+01
   7.8306160e+06   2.4108887e+01
   7.8306480e+06   4.2480469e+01
   7.8306620e+06   2.3376465e+01
   7.8306800e+06   3.4484863e+01
   7.8307070e+06   2.4108887e+01
   7.8307210e+06   3.8635254e+01
   7.8307580e+06   4.2053223e+01
   7.8307730e+06   2.7770996e+01
   7.8308040e+06   2.2216797e+01
   7.8308640e+06   2.1240234e+01
   7.8308780e+06   2.1606445e+01
   7.8309070e+06   2.4353027e+01
   7.8309530e+06   2.3620605e+01
   7.8309650e+06   3.4790039e+01
   7.8310030e+06   2.4597168e+01
   7.8310400e+06   2.2460938e+01
   7.8311150e+06   2.5329590e+01
   7.8312200e+06   2.6733398e+01
   7.8312490e+06   1.9897461e+01
   7.8313720e+06   2.3498535e+01
   7.8319650e+06   2.2460938e+01
   7.8324520e+06   1.9592285e+01
   7.8329830e+06   2.2155762e+01
   7.8891670e+06   3.2592773e+01
   7.8891780e+06   2.0568848e+01
   7.8892310e+06   2.9418945e+01
   7.8892660e+06   2.3925781e+01
   7.8893150e+06   2.0019531e+01
   7.8893430e+06   3.1860352e+01
   7.8893730e+06   2.2521973e+01
   7.8894120e+06   2.7465820e+01
   7.8894360e+06   2.1240234e+01
   7.8894650e+06   2.0202637e+01
   7.8894950e+06   1.9958496e+01
   7.8895100e+06   2.9724121e+01
   7.8895220e+06   3.3874512e+01
   7.8895500e+06   2.4963379e+01
   7.8895820e+06   2.1850586e+01
   7.8895920e+06   3.1616211e+01
   7.8896330e+06   3.0944824e+01
   7.8896430e+06   2.6306152e+01
   7.8896630e+06   2.4536133e+01
   7.8896770e+06   2.7648926e+01
   7.8897030e+06   2.8747559e+01
   7.8897230e+06   2.4169922e+01
   7.8897410e+06   2.0629883e+01
   7.8897950e+06   3.4912109e+01
   7.8898210e+06   2.9235840e+01
   7.8898530e+06   2.6000977e+01
   7.8898850e+06   2.9174805e+01
   7.8899010e+06   2.5634766e+01
   7.8899120e+06   2.1545410e+01
   7.8899300e+06   2.1118164e+01
   7.8899410e+06   2.1240234e+01
   7.8899660e+06   2.3254395e+01
   7.8899880e+06   2.0446777e+01
   7.8900170e+06   2.4414063e+01
   7.8900630e+06   2.0080566e+01
   7.8900920e+06   2.0202637e+01
   7.8901390e+06   2.1850586e+01
   7.8901510e+06   1.9775391e+01
   7.8901940e+06   2.3193359e+01
   7.8902090e+06   2.8808594e+01
   7.8902250e+06   2.0080566e+01
   7.8902670e+06   2.4841309e+01
   7.8903340e+06   2.2338867e+01
   7.8903540e+06   1.9897461e+01
   7.8904750e+06   2.3742676e+01
   7.8905230e+06   2.1423340e+01
   7.8905880e+06   2.0324707e+01
   7.8906160e+06   2.4719238e+01
   7.8906380e+06   2.0812988e+01
   7.8907370e+06   2.1423340e+01
   7.8907680e+06   1.9836426e+01
   7.8908140e+06   1.9653320e+01
   7.8908550e+06   2.3681641e+01
   7.8909000e+06   2.2766113e+01
   7.8910340e+06   2.7221680e+01
   7.8910860e+06   2.0568848e+01
   7.8911340e+06   1.9653320e+01
   7.8912740e+06   2.0568848e+01
   7.8915180e+06   2.2766113e+01
   7.8922480e+06   1.9592285e+01
   7.8924390e+06   2.4475098e+01
   7.8955320e+06   1.9653320e+01
   7.9141530e+06   3.5461426e+01
   7.9142050e+06   2.1972656e+01
   7.9142410e+06   2.2766113e+01
   7.9142540e+06   2.8625488e+01
   7.9143310e+06   2.5573730e+01
   7.9143510e+06   2.3376465e+01
   7.9144300e+06   2.0629883e+01
   7.9144470e+06   2.3010254e+01
   7.9144930e+06   2.0751953e+01
   7.9145210e+06   2.0996094e+01
   7.9145370e+06   2.0690918e+01
   7.9146450e+06   3.3996582e+01
   7.9146620e+06   2.4475098e+01
   7.9147200e+06   2.0019531e+01
   7.9147800e+06   2.0568848e+01
   7.9148120e+06   2.6733398e+01
   7.9148410e+06   2.0141602e+01
   7.9148770e+06   2.1057129e+01
   7.9149110e+06   2.6611328e+01
   7.9149810e+06   2.0141602e+01
   7.9149990e+06   2.2827148e+01
   7.9150210e+06   3.2836914e+01
   7.9150380e+06   2.7709961e+01
   7.9150770e+06   2.0996094e+01
   7.9151040e+06   2.0385742e+01
   7.9151270e+06   2.2766113e+01
   7.9151440e+06   2.1667480e+01
   7.9151670e+06   3.1616211e+01
   7.9151870e+06   3.3996582e+01
   7.9151980e+06   2.8808594e+01
   7.9152100e+06   2.9602051e+01
   7.9152280e+06   2.0385742e+01
   7.9152470e+06   2.3376465e+01
   7.9152640e+06   4.1564941e+01
   7.9152760e+06   2.1911621e+01
   7.9153030e+06   2.1423340e+01
   7.9153130e+06   2.1057129e+01
   7.9153360e+06   2.6611328e+01
   7.9153490e+06   2.5329590e+01
   7.9153750e+06   4.2480469e+01
   7.9153910e+06   3.0639648e+01
   7.9154050e+06   2.8442383e+01
   7.9154240e+06   2.2521973e+01
   7.9154490e+06   2.3864746e+01
   7.9155320e+06   1.9653320e+01
   7.9155800e+06   2.2155762e+01
   7.9156580e+06   1.9958496e+01
   7.9157040e+06   2.0935059e+01
   7.9157570e+06   3.5034180e+01
   7.9158400e+06   2.8625488e+01
   7.9158640e+06   2.0324707e+01
   7.9159780e+06   2.0080566e+01
   7.9160450e+06   1.9958496e+01
   7.9161110e+06   3.2043457e+01
   7.9162860e+06   2.0751953e+01
   7.9164300e+06   1.9714355e+01
   7.9166390e+06   2.1057129e+01
   7.9178830e+06   2.4536133e+01
   7.9360700e+06   3.1738281e+01
   7.9361550e+06   2.2399902e+01
   7.9361950e+06   2.9296875e+01
   7.9362420e+06   2.3742676e+01
   7.9362690e+06   2.0690918e+01
   7.9363120e+06   2.2827148e+01
   7.9363280e+06   2.0202637e+01
   7.9363930e+06   2.2460938e+01
   7.9364750e+06   3.2653809e+01
   7.9365160e+06   2.8747559e+01
   7.9365280e+06   2.0812988e+01
   7.9366270e+06   2.5634766e+01
   7.9409160e+06   2.0019531e+01
   7.9463140e+06   1.9775391e+01
   7.9463650e+06   3.5827637e+01
   7.9463830e+06   2.0446777e+01
   7.9464400e+06   1.9653320e+01
   7.9464660e+06   2.4536133e+01
   7.9464780e+06   2.0812988e+01
   7.9465510e+06   3.4118652e+01
   7.9466560e+06   1.9531250e+01
   7.9466890e+06   2.0690918e+01
   7.9467260e+06   2.0263672e+01
   7.9467740e+06   2.1423340e+01
   7.9468500e+06   2.3132324e+01
   7.9469110e+06   2.7343750e+01
   7.9471820e+06   1.9592285e+01
   7.9472890e+06   2.0507813e+01
   7.9564210e+06   3.5278320e+01
   7.9564830e+06   2.0629883e+01
   7.9566150e+06   2.1118164e+01
   7.9566350e+06   2.0080566e+01
   7.9567620e+06   2.0690918e+01
   7.9567850e+06   2.5085449e+01
   7.9569320e+06   2.0568848e+01
   7.9569940e+06   2.1301270e+01
   7.9665800e+06   3.8452148e+01
   7.9666710e+06   2.6245117e+01
   7.9667290e+06   2.1423340e+01
   7.9667560e+06   2.4108887e+01
   7.9667730e+06   2.0935059e+01
   7.9668130e+06   3.2165527e+01
   7.9668540e+06   2.7954102e+01
   7.9669000e+06   2.1362305e+01
   7.9669550e+06   2.0263672e+01
   7.9669800e+06   2.2155762e+01
   7.9671310e+06   2.2338867e+01
   7.9672350e+06   2.8259277e+01
   7.9759220e+06   3.0639648e+01
   7.9759870e+06   2.0080566e+01
   7.9760540e+06   2.1850586e+01
   7.9760720e+06   3.7963867e+01
   7.9761250e+06   3.5522461e+01
   7.9761350e+06   2.2399902e+01
   7.9762280e+06   2.0202637e+01
   7.9762510e+06   2.1911621e+01
   7.9765070e+06   3.5095215e+01
   7.9765230e+06   1.9836426e+01
   7.9767040e+06   2.4963379e+01
   7.9770140e+06   2.6123047e+01
   7.9878320e+06   3.1738281e+01
   7.9878460e+06   2.2827148e+01
   7.9878920e+06   2.5878906e+01
   7.9879370e+06   2.5817871e+01
   7.9879610e+06   1.9897461e+01
   7.9879750e+06   2.3071289e+01
   7.9880200e+06   2.4414063e+01
   7.9880510e+06   2.1118164e+01
   7.9881220e+06   2.4658203e+01
   7.9882270e+06   2.5390625e+01
   7.9882470e+06   2.7282715e+01
   7.9883400e+06   2.0874023e+01
   7.9883560e+06   2.0202637e+01
   7.9886310e+06   3.1066895e+01
   7.9886690e+06   2.0874023e+01
   7.9888670e+06   2.0812988e+01
   7.9982960e+06   1.9836426e+01
   7.9983120e+06   3.5400391e+01
   7.9983260e+06   2.5695801e+01
   7.9983610e+06   2.1728516e+01
   7.9984150e+06   2.3986816e+01
   7.9984550e+06   2.8869629e+01
   7.9984930e+06   2.1789551e+01
   7.9985480e+06   2.0324707e+01
   7.9985910e+06   1.9836426e+01
   7.9986310e+06   1.9531250e+01
   7.9986510e+06   2.1972656e+01
   7.9988360e+06   2.2216797e+01
   7.9988530e+06   2.3925781e+01
   7.9990730e+06   2.9541016e+01
   8.0154100e+06   1.9653320e+01
   8.1606150e+06   2.2399902e+01
   8.1608010e+06   2.9541016e+01
   8.1608250e+06   3.4301758e+01
   8.1608470e+06   2.7770996e+01
   8.1608690e+06   2.6062012e+01
   8.1608920e+06   2.2521973e+01
   8.1609160e+06   2.9174805e+01
   8.1609260e+06   5.6518555e+01
   8.1609430e+06   3.0273438e+01
   8.1609650e+06   2.1911621e+01
   8.1609890e+06   2.9541016e+01
   8.1610240e+06   3.8940430e+01
   8.1610510e+06   2.9785156e+01
   8.1610620e+06   3.8146973e+01
   8.1610840e+06   2.8015137e+01
   8.1610960e+06   2.2521973e+01
   8.1611230e+06   3.2043457e+01
   8.1611510e+06   2.4047852e+01
   8.1611710e+06   2.6000977e+01
   8.1612060e+06   4.1992188e+01
   8.1612380e+06   2.6855469e+01
   8.1613300e+06   2.7160645e+01
   8.1613540e+06   2.2827148e+01
   8.1613750e+06   2.2399902e+01
   8.1613850e+06   2.0019531e+01
   8.1614120e+06   2.0935059e+01
   8.1614700e+06   3.0517578e+01
   8.1615100e+06   2.8869629e+01
   8.1615330e+06   2.4902344e+01
   8.1615680e+06   2.0263672e+01
   8.1615990e+06   2.5939941e+01
   8.1616530e+06   1.9531250e+01
   8.1616630e+06   2.4047852e+01
   8.1616870e+06   2.4902344e+01
   8.1617460e+06   2.3986816e+01
   8.1617980e+06   2.3010254e+01
   8.1619990e+06   2.4353027e+01
   8.1621310e+06   1.9897461e+01
   8.1624740e+06   1.9897461e+01
   8.1821550e+06   2.2583008e+01
   8.4020400e+06   2.4047852e+01
   8.4020660e+06   2.5390625e+01
   8.4020930e+06   2.5268555e+01
   8.4021260e+06   4.1625977e+01
   8.4021570e+06   2.9602051e+01
   8.4021770e+06   6.2072754e+01
   8.4021970e+06   2.5024414e+01
   8.4022330e+06   2.7160645e+01
   8.4022500e+06   2.3925781e+01
   8.4022680e+06   4.5715332e+01
   8.4022880e+06   3.3874512e+01
   8.4023040e+06   2.7587891e+01
   8.4023300e+06   2.3681641e+01
   8.4023430e+06   3.0090332e+01
   8.4023730e+06   3.4484863e+01
   8.4023970e+06   2.1057129e+01
   8.4024080e+06   3.6987305e+01
   8.4024300e+06   2.2155762e+01
   8.4024540e+06   2.2705078e+01
   8.4024710e+06   3.0029297e+01
   8.4025040e+06   3.5705566e+01
   8.4025280e+06   3.4851074e+01
   8.4026000e+06   2.6855469e+01
   8.4026480e+06   2.8198242e+01
   8.4026860e+06   2.5268555e+01
   8.4027090e+06   1.9531250e+01
   8.4027340e+06   2.1484375e+01
   8.4027760e+06   2.0874023e+01
   8.4028180e+06   2.2949219e+01
   8.4028740e+06   2.5573730e+01
   8.4029020e+06   2.6184082e+01
   8.4029410e+06   1.9531250e+01
   8.4030480e+06   1.9897461e+01
   8.4031010e+06   2.2583008e+01
   8.5522690e+06   1.9775391e+01
   8.5902920e+06   1.9958496e+01
   8.9016910e+06   2.3559570e+01
   8.9500720e+06   1.9897461e+01
   9.3909290e+06   1.9775391e+01
   9.3909480e+06   2.0507813e+01
   9.3911130e+06   1.9958496e+01
   9.8646140e+06   2.8442383e+01
   9.8646360e+06   2.1667480e+01
   9.8646700e+06   2.0019531e+01
   9.8647750e+06   2.9785156e+01
   1.0044198e+07   2.0874023e+01
   1.0273902e+07   2.2033691e+01
   1.0334344e+07   1.9531250e+01
   1.0673644e+07   3.1616211e+01
   1.0673686e+07   1.9836426e+01
   1.0674038e+07   3.8085938e+01
   1.0698217e+07   1.9653320e+01
   1.0713275e+07   1.9348145e+01
   1.0805637e+07   1.9348145e+01
   1.1118821e+07   1.9348145e+01
   1.1293405e+07   1.9653320e+01
   1.1367575e+07   2.3376465e+01
   1.1367585e+07   4.1320801e+01
   1.1367605e+07   1.9836426e+01
   1.1367768e+07   2.0080566e+01
   1.1367963e+07   2.6855469e+01
   1.1368130e+07   2.7038574e+01
   1.1368268e+07   2.4658203e+01
   1.1368484e+07   1.9470215e+01
   1.1478990e+07   2.1240234e+01
   1.1479102e+07   1.9470215e+01
   1.1479158e+07   2.9174805e+01
   1.1479182e+07   2.2521973e+01
   1.1479201e+07   4.9560547e+01
   1.1479224e+07   4.2358398e+01
   1.1479245e+07   3.0944824e+01
   1.1479263e+07   3.2409668e+01
   1.1479279e+07   2.3071289e+01
   1.1479306e+07   3.1433105e+01
   1.1479327e+07   2.5024414e+01
   1.1479344e+07   2.4597168e+01
   1.1479362e+07   3.2165527e+01
   1.1479383e+07   4.3518066e+01
   1.1479395e+07   2.7526855e+01
   1.1479417e+07   2.5512695e+01
   1.1479439e+07   2.1789551e+01
   1.1479452e+07   2.8015137e+01
   1.1479469e+07   2.3559570e+01
   1.1479494e+07   2.3864746e+01
   1.1479515e+07   1.9836426e+01
   1.1479536e+07   3.5217285e+01
   1.1479580e+07   3.5339355e+01
   1.1479600e+07   3.1494141e+01
   1.1479620e+07   1.9958496e+01
   1.1479648e+07   3.0090332e+01
   1.1479674e+07   2.7526855e+01
   1.1479697e+07   2.1362305e+01
   1.1479771e+07   2.1789551e+01
   1.1479784e+07   2.4597168e+01
   1.1479798e+07   2.2827148e+01
   1.1479841e+07   2.0324707e+01
   1.1479876e+07   2.5390625e+01
   1.1479887e+07   2.1850586e+01
   1.1479924e+07   2.8259277e+01
   1.1479995e+07   2.8076172e+01
   1.1480081e+07   2.2033691e+01
   1.1480115e+07   2.3010254e+01
   1.1480217e+07   2.0080566e+01
   1.1480300e+07   2.1606445e+01
   1.1480786e+07   2.2094727e+01
   1.1480838e+07   2.2155762e+01
   1.1481536e+07   2.1972656e+01
   1.1482298e+07   2.1850586e+01
   1.1482983e+07   2.2705078e+01
   1.1485367e+07   1.9958496e+01
   1.1486843e+07   2.4230957e+01
   1.1490881e+07   2.0812988e+01
   1.1495387e+07   2.1789551e+01
   1.1495420e+07   2.0629883e+01
   1.1504733e+07   2.0629883e+01
   1.1504787e+07   3.9001465e+01
   1.1504929e+07   2.5695801e+01
   1.1505017e+07   3.5583496e+01
   1.1505269e+07   2.9602051e+01
   1.1505407e+07   2.3132324e+01
   1.1505463e+07   1.9470215e+01
   1.1505834e+07   2.1606445e+01
   1.1506129e+07   1.9409180e+01
   1.1511174e+07   1.9958496e+01
   1.1511595e+07   2.4841309e+01
   1.1511621e+07   3.6071777e+01
   1.1511787e+07   2.5207520e+01
   1.1511974e+07   2.4414063e+01
   1.1512005e+07   3.0883789e+01
   1.1517968e+07   2.1240234e+01
   1.1517993e+07   3.4973145e+01
   1.1518005e+07   2.1606445e+01
   1.1518082e+07   2.6550293e+01
   1.1518110e+07   2.1423340e+01
   1.1518197e+07   2.3254395e+01
   1.1518224e+07   2.1240234e+01
   1.1518265e+07   1.9531250e+01
   1.1518280e+07   3.0639648e+01
   1.1518351e+07   2.0019531e+01
   1.1518439e+07   2.0507813e+01
   1.1518555e+07   2.6794434e+01
   1.1523454e+07   3.4057617e+01
   1.1523509e+07   2.0629883e+01
   1.1523538e+07   2.8259277e+01
   1.1523588e+07   2.1362305e+01
   1.1523735e+07   2.1362305e+01
   1.1523786e+07   2.9602051e+01
   1.1523877e+07   2.4841309e+01
   1.1528727e+07   1.9653320e+01
   1.1528796e+07   2.6428223e+01
   1.1528811e+07   2.2338867e+01
   1.1528884e+07   2.6245117e+01
   1.1528896e+07   2.2399902e+01
   1.1528998e+07   1.9409180e+01
   1.1529022e+07   2.7160645e+01
   1.1529042e+07   2.5024414e+01
   1.1529072e+07   2.5085449e+01
   1.1529194e+07   2.1972656e+01
   1.1529386e+07   2.3315430e+01
   1.1534656e+07   3.0761719e+01
   1.1534744e+07   3.0517578e+01
   1.1534780e+07   2.1911621e+01
   1.1534823e+07   2.3315430e+01
   1.1534864e+07   1.9531250e+01
   1.1534937e+07   2.9785156e+01
   1.1535020e+07   1.9958496e+01
   1.1535033e+07   2.0202637e+01
   1.1535073e+07   2.1972656e+01
   1.1535308e+07   2.3498535e+01
   1.1540950e+07   3.5766602e+01
   1.1541016e+07   2.3803711e+01
   1.1541041e+07   2.2705078e+01
   1.1541082e+07   2.1972656e+01
   1.1541145e+07   1.9775391e+01
   1.1541209e+07   3.2104492e+01
   1.1541323e+07   1.9836426e+01
   1.1541352e+07   1.9897461e+01
   1.1541499e+07   2.8015137e+01
   1.1546827e+07   2.8442383e+01
   1.1546950e+07   2.4719238e+01
   1.1547065e+07   1.9897461e+01
   1.1547097e+07   2.0507813e+01
   1.1547131e+07   2.1667480e+01
   1.1547159e+07   2.0568848e+01
   1.1547395e+07   2.5329590e+01
   1.1553752e+07   3.3569336e+01
   1.1553838e+07   2.1972656e+01
   1.1553858e+07   1.9653320e+01
   1.1553878e+07   2.5329590e+01
   1.1553948e+07   2.0263672e+01
   1.1553969e+07   1.9409180e+01
   1.1554056e+07   2.0324707e+01
   1.1554103e+07   2.4658203e+01
   1.1554113e+07   2.1667480e+01
   1.1554154e+07   2.2277832e+01
   1.1560587e+07   3.6865234e+01
   1.1560701e+07   2.4658203e+01
   1.1560798e+07   2.5878906e+01
   1.1560841e+07   2.2277832e+01
   1.1561279e+07   1.9409180e+01
   1.1568859e+07   3.1066895e+01
   1.1568881e+07   2.1789551e+01
   1.1568951e+07   3.1005859e+01
   1.1568971e+07   2.4902344e+01
   1.1569072e+07   2.7221680e+01
   1.1569225e+07   1.9531250e+01
   1.1569236e+07   2.8564453e+01
   1.1569393e+07   2.3620605e+01
   1.1577531e+07   2.0935059e+01
   1.1577556e+07   3.7292480e+01
   1.1577631e+07   1.9775391e+01
   1.1577662e+07   3.4545898e+01
   1.1577678e+07   2.1667480e+01
   1.1577696e+07   2.1301270e+01
   1.1577818e+07   1.9775391e+01
   1.1577914e+07   2.3193359e+01
   1.1577947e+07   2.3132324e+01
   1.1577975e+07   2.2521973e+01
   1.1578147e+07   3.1127930e+01
   1.1585517e+07   1.9958496e+01
   1.1585584e+07   2.9724121e+01
   1.1585596e+07   2.4475098e+01
   1.1585636e+07   2.7404785e+01
   1.1585685e+07   2.5573730e+01
   1.1585734e+07   1.9836426e+01
   1.1585781e+07   2.7404785e+01
   1.1585833e+07   2.0812988e+01
   1.1585983e+07   2.1667480e+01
   1.1586152e+07   1.9958496e+01
   1.1586217e+07   2.0324707e+01
   1.1602955e+07   2.9663086e+01
   1.1602978e+07   2.3498535e+01
   1.1603031e+07   2.1728516e+01
   1.1603048e+07   2.1240234e+01
   1.1603065e+07   2.2338867e+01
   1.1603125e+07   2.0874023e+01
   1.1603163e+07   2.1057129e+01
   1.1603191e+07   2.1179199e+01
   1.1603205e+07   1.9531250e+01
   1.1603243e+07   2.0263672e+01
   1.1603271e+07   2.7526855e+01
   1.1603438e+07   2.1606445e+01
   1.1603495e+07   2.6367188e+01
   1.1603515e+07   2.4169922e+01
   1.1603636e+07   1.9958496e+01
   1.1603777e+07   2.6123047e+01
   1.1603801e+07   2.0568848e+01
   1.1639674e+07   1.9409180e+01
   1.1639719e+07   2.0568848e+01
   1.1639749e+07   2.2338867e+01
   1.1639835e+07   2.0446777e+01
   1.1639869e+07   3.2775879e+01
   1.1639947e+07   1.9531250e+01
   1.1639981e+07   2.2399902e+01
   1.1640041e+07   2.3315430e+01
   1.1640092e+07   2.1484375e+01
   1.1640167e+07   2.0263672e+01
   1.1640182e+07   1.9714355e+01
   1.1640259e+07   1.9409180e+01
   1.1640340e+07   2.3193359e+01
   1.1640458e+07   2.1545410e+01
   1.1640542e+07   2.1423340e+01
   1.1647089e+07   1.9592285e+01
   1.1661287e+07   1.9897461e+01
   1.1661303e+07   3.9794922e+01
   1.1661346e+07   1.9775391e+01
   1.1661376e+07   2.2094727e+01
   1.1661394e+07   2.2888184e+01
   1.1661456e+07   2.0141602e+01
   1.1661565e+07   1.9348145e+01
   1.1661582e+07   2.0935059e+01
   1.1661817e+07   2.2155762e+01
   1.1661834e+07   2.1301270e+01
   1.1662061e+07   2.5939941e+01
   1.1662351e+07   2.8625488e+01
   1.1833826e+07   1.9653320e+01
   1.1953564e+07   2.1606445e+01
   1.1955902e+07   2.0507813e+01
