   1.1999000e+07   0.0000000e+00
   2.5069000e+04   2.8808594e+01
   4.9659000e+04   2.8076172e+01
   5.2913000e+04   2.2277832e+01
   5.3129000e+04   3.2043457e+01
   5.3349000e+04   2.2583008e+01
   5.3590000e+04   2.2583008e+01
   5.3656000e+04   2.4780273e+01
   5.3775000e+04   2.0690918e+01
   5.3810000e+04   2.6550293e+01
   5.3887000e+04   2.0751953e+01
   5.3976000e+04   2.1850586e+01
   5.4045000e+04   2.1789551e+01
   5.4059000e+04   2.8503418e+01
   5.4116000e+04   2.6916504e+01
   5.4227000e+04   2.1789551e+01
   1.8846800e+05   2.0812988e+01
   1.8891600e+05   3.0090332e+01
   1.8907800e+05   2.9235840e+01
   1.8920000e+05   2.1423340e+01
   1.8930100e+05   2.1850586e+01
   1.8941400e+05   2.1362305e+01
   1.8947800e+05   2.4597168e+01
   1.8961700e+05   2.4047852e+01
   1.8967100e+05   2.3193359e+01
   1.8975100e+05   2.4658203e+01
   1.8989000e+05   2.3559570e+01
   1.8999400e+05   2.3254395e+01
   1.9004100e+05   2.1423340e+01
   1.9802500e+05   2.9052734e+01
   2.5107100e+05   2.0751953e+01
   2.5109500e+05   2.2827148e+01
   2.5111700e+05   2.3132324e+01
   2.5115800e+05   2.1240234e+01
   2.5118900e+05   2.1179199e+01
   2.5122600e+05   2.8808594e+01
   2.5124600e+05   3.5095215e+01
   2.5126700e+05   2.3742676e+01
   2.5128000e+05   3.4851074e+01
   2.5131400e+05   2.6916504e+01
   2.5133400e+05   3.4240723e+01
   2.5136100e+05   3.6804199e+01
   2.5137200e+05   2.2766113e+01
   2.5139600e+05   2.7526855e+01
   2.5146800e+05   2.0935059e+01
   2.5149700e+05   2.5817871e+01
   2.5154400e+05   2.1057129e+01
   2.5160000e+05   2.1545410e+01
   2.5161600e+05   2.0568848e+01
   2.5170500e+05   2.1423340e+01
   2.5178100e+05   2.2827148e+01
   2.5185200e+05   2.2338867e+01
   2.5191800e+05   2.4414063e+01
   2.5433400e+05   2.4108887e+01
   2.5892800e+05   2.2521973e+01
   2.5993400e+05   2.2216797e+01
   2.6753700e+05   2.2155762e+01
   2.6757800e+05   2.5939941e+01
   2.6760100e+05   2.9113770e+01
   2.6762400e+05   3.4240723e+01
   2.6763600e+05   2.3864746e+01
   2.6766800e+05   2.2338867e+01
   2.6767900e+05   3.1555176e+01
   2.6769600e+05   2.2521973e+01
   2.6772500e+05   2.6794434e+01
   2.6775400e+05   2.9174805e+01
   2.6776400e+05   2.8686523e+01
   2.6779500e+05   2.0629883e+01
   2.6782500e+05   2.5207520e+01
   2.6788200e+05   2.0568848e+01
   2.6791700e+05   2.5329590e+01
   2.6794900e+05   2.1545410e+01
   2.6804400e+05   2.1545410e+01
   2.6811300e+05   3.9672852e+01
   2.6812300e+05   2.1179199e+01
   2.6815300e+05   2.0935059e+01
   2.6824200e+05   2.4658203e+01
   2.6827800e+05   2.4108887e+01
   2.6830300e+05   2.3864746e+01
   2.6846900e+05   2.4658203e+01
   2.6859400e+05   2.1484375e+01
   2.6875700e+05   2.1179199e+01
   2.6883000e+05   2.1362305e+01
   3.3690400e+05   2.8686523e+01
   3.4299400e+05   2.6672363e+01
   3.4337800e+05   2.2277832e+01
   3.4347800e+05   2.1850586e+01
   3.4351800e+05   2.5268555e+01
   3.4354600e+05   2.1667480e+01
   3.4356900e+05   3.6010742e+01
   3.4359400e+05   2.5329590e+01
   3.4361200e+05   3.4790039e+01
   3.4364200e+05   2.1850586e+01
   3.4366700e+05   3.2836914e+01
   3.4367800e+05   2.4047852e+01
   3.4370100e+05   2.3132324e+01
   3.4372400e+05   2.5390625e+01
   3.4373700e+05   2.3559570e+01
   3.4376100e+05   2.4658203e+01
   3.4377600e+05   2.5817871e+01
   3.4381500e+05   2.2644043e+01
   3.4383500e+05   2.4414063e+01
   3.4389600e+05   2.9479980e+01
   3.4395000e+05   2.5756836e+01
   3.4397500e+05   2.2277832e+01
   3.4398500e+05   2.6062012e+01
   3.4412600e+05   2.3437500e+01
   3.4417600e+05   2.7648926e+01
   3.4428400e+05   2.3559570e+01
   3.6453900e+05   2.1911621e+01
   3.6462300e+05   2.1301270e+01
   3.6464200e+05   2.5939941e+01
   3.6467300e+05   3.3325195e+01
   3.6470000e+05   2.2216797e+01
   3.6471900e+05   2.8320313e+01
   3.6474200e+05   2.5939941e+01
   3.6477600e+05   2.9113770e+01
   3.6481400e+05   3.8879395e+01
   3.6483700e+05   3.9428711e+01
   3.6484800e+05   3.0700684e+01
   3.6487100e+05   3.2653809e+01
   3.6488500e+05   4.1442871e+01
   3.6491800e+05   2.1423340e+01
   3.6493100e+05   2.1545410e+01
   3.6504400e+05   2.0812988e+01
   3.6512000e+05   2.9235840e+01
   3.6519300e+05   2.1057129e+01
   3.6525100e+05   2.0690918e+01
   3.6530200e+05   2.1789551e+01
   3.6537100e+05   2.4353027e+01
   3.6543500e+05   3.1555176e+01
   3.6546300e+05   2.1545410e+01
   3.6550700e+05   2.0690918e+01
   3.6552400e+05   2.0874023e+01
   3.6557300e+05   2.5146484e+01
   3.6562400e+05   2.3437500e+01
   3.6592800e+05   2.1850586e+01
   3.8417100e+05   2.5329590e+01
   3.8956100e+05   2.3315430e+01
   4.2064400e+05   2.1911621e+01
   4.2385400e+05   2.2216797e+01
   4.2416200e+05   2.6123047e+01
   4.2421500e+05   2.6550293e+01
   4.2423300e+05   2.3437500e+01
   4.2425900e+05   2.1545410e+01
   4.2427700e+05   2.1850586e+01
   4.2431600e+05   2.7587891e+01
   4.2433400e+05   2.7343750e+01
   4.2435300e+05   2.1545410e+01
   4.2437900e+05   2.3864746e+01
   4.2441100e+05   3.1127930e+01
   4.2443500e+05   2.6916504e+01
   4.2446800e+05   3.3142090e+01
   4.2449800e+05   2.0874023e+01
   4.2451900e+05   2.1789551e+01
   4.2453000e+05   2.0568848e+01
   4.2456600e+05   3.0944824e+01
   4.2461800e+05   2.1118164e+01
   4.2467900e+05   2.1850586e+01
   4.2476500e+05   2.2094727e+01
   4.2481800e+05   2.2583008e+01
   4.2488000e+05   2.2094727e+01
   4.2505900e+05   2.1850586e+01
   4.2513500e+05   2.2521973e+01
   4.2521300e+05   2.0690918e+01
   4.2544200e+05   2.2583008e+01
   4.3965900e+05   2.1789551e+01
   4.4470200e+05   2.2888184e+01
   4.4574600e+05   2.9052734e+01
   4.5417500e+05   2.2399902e+01
   4.6544900e+05   2.5207520e+01
   4.7082500e+05   2.3559570e+01
   4.7085000e+05   2.2094727e+01
   4.7088800e+05   2.9724121e+01
   4.7090400e+05   2.5634766e+01
   4.7092300e+05   2.4963379e+01
   4.7095000e+05   2.9907227e+01
   4.7096200e+05   3.9733887e+01
   4.7100700e+05   2.8564453e+01
   4.7103200e+05   3.1433105e+01
   4.7107600e+05   2.2155762e+01
   4.7109300e+05   2.8564453e+01
   4.7115400e+05   2.8808594e+01
   4.7125500e+05   2.3437500e+01
   4.7130600e+05   2.0751953e+01
   4.7131600e+05   2.1606445e+01
   4.7182500e+05   2.5451660e+01
   4.7199600e+05   2.2155762e+01
   4.7224200e+05   2.3254395e+01
   4.7229000e+05   2.0996094e+01
   4.8207500e+05   2.3315430e+01
   4.8940400e+05   2.3620605e+01
   4.9219300e+05   2.3071289e+01
   5.0504900e+05   2.2949219e+01
   5.0506400e+05   2.2399902e+01
   5.0511600e+05   2.3925781e+01
   5.0512700e+05   2.5146484e+01
   5.0516100e+05   4.1442871e+01
   5.0518500e+05   3.0517578e+01
   5.0521200e+05   2.8015137e+01
   5.0522300e+05   3.1188965e+01
   5.0525100e+05   2.6489258e+01
   5.0527100e+05   4.3762207e+01
   5.0529000e+05   2.5939941e+01
   5.0531600e+05   2.2705078e+01
   5.0537100e+05   3.3325195e+01
   5.0540100e+05   2.1606445e+01
   5.0547500e+05   2.4169922e+01
   5.0550600e+05   2.5451660e+01
   5.0554200e+05   2.4047852e+01
   5.0558100e+05   2.2094727e+01
   5.0565100e+05   2.0629883e+01
   5.0577800e+05   2.3071289e+01
   5.0591000e+05   2.2827148e+01
   5.0594500e+05   2.6550293e+01
   5.0610800e+05   2.2888184e+01
   5.0617600e+05   2.0935059e+01
   5.0621400e+05   2.1362305e+01
   5.1382700e+05   2.3559570e+01
   5.2484700e+05   2.5085449e+01
   5.3189900e+05   2.2949219e+01
   5.4426600e+05   2.0690918e+01
   5.4429800e+05   2.0996094e+01
   5.4435900e+05   2.5207520e+01
   5.4438600e+05   4.2297363e+01
   5.4442400e+05   3.9794922e+01
   5.4445000e+05   2.7709961e+01
   5.4447600e+05   2.5634766e+01
   5.4449900e+05   3.3996582e+01
   5.4451700e+05   2.6306152e+01
   5.4453300e+05   2.8930664e+01
   5.4454300e+05   3.0029297e+01
   5.4461200e+05   2.7893066e+01
   5.4468600e+05   2.2399902e+01
   5.4469900e+05   2.0874023e+01
   5.4473400e+05   2.4414063e+01
   5.4476600e+05   2.3559570e+01
   5.4488500e+05   2.7282715e+01
   5.4499900e+05   2.4780273e+01
   5.4501600e+05   2.1667480e+01
   5.4511000e+05   2.2033691e+01
   5.4515200e+05   2.2155762e+01
   5.4532500e+05   2.4108887e+01
   5.4552900e+05   2.1362305e+01
   5.5807900e+05   2.2094727e+01
   5.6101200e+05   2.2949219e+01
   5.6900400e+05   2.5329590e+01
   5.7110500e+05   2.6184082e+01
   5.7865300e+05   2.0812988e+01
   5.7868000e+05   2.2583008e+01
   5.7871900e+05   2.6550293e+01
   5.7874900e+05   4.0405273e+01
   5.7878200e+05   2.0996094e+01
   5.7879900e+05   4.4067383e+01
   5.7882800e+05   2.2338867e+01
   5.7886100e+05   2.1362305e+01
   5.7889400e+05   2.3071289e+01
   5.7892100e+05   2.3254395e+01
   5.7895200e+05   2.3376465e+01
   5.7897000e+05   2.8808594e+01
   5.7898800e+05   2.1667480e+01
   5.7903800e+05   2.2888184e+01
   5.7905300e+05   2.0629883e+01
   5.7910100e+05   2.8991699e+01
   5.7924500e+05   3.2043457e+01
   5.7929600e+05   2.9235840e+01
   5.7936900e+05   2.1423340e+01
   5.7947600e+05   2.0568848e+01
   5.7960600e+05   2.3376465e+01
   5.7969800e+05   2.5207520e+01
   5.9798800e+05   2.1362305e+01
   6.0146400e+05   2.6306152e+01
   6.0306500e+05   2.6000977e+01
   6.0764000e+05   2.6123047e+01
   6.0779100e+05   2.0874023e+01
   6.0780400e+05   2.1057129e+01
   6.0783200e+05   2.4230957e+01
   6.0784500e+05   4.5349121e+01
   6.0786700e+05   2.5268555e+01
   6.0788400e+05   2.1057129e+01
   6.0792500e+05   2.8015137e+01
   6.0794800e+05   3.0517578e+01
   6.0796500e+05   2.1911621e+01
   6.0798100e+05   3.2653809e+01
   6.0801400e+05   2.4291992e+01
   6.0803900e+05   3.5522461e+01
   6.0805200e+05   2.8137207e+01
   6.0810400e+05   2.0629883e+01
   6.0813600e+05   2.4780273e+01
   6.0816600e+05   2.8015137e+01
   6.0819800e+05   2.3681641e+01
   6.0823900e+05   2.1423340e+01
   6.0826500e+05   2.1362305e+01
   6.0833700e+05   2.1911621e+01
   6.0845700e+05   2.0812988e+01
   6.0852100e+05   2.5207520e+01
   6.0859600e+05   2.3010254e+01
   6.0864200e+05   2.2888184e+01
   6.0871400e+05   2.4230957e+01
   6.0893400e+05   2.2888184e+01
   6.1545400e+05   2.1362305e+01
   6.1710400e+05   2.4536133e+01
   6.1744200e+05   2.4108887e+01
   6.1955400e+05   2.4597168e+01
   6.2459900e+05   2.1362305e+01
   6.3166100e+05   2.2644043e+01
   6.3308200e+05   2.5939941e+01
   6.3319800e+05   2.1057129e+01
   6.3323000e+05   3.5278320e+01
   6.3327800e+05   2.2705078e+01
   6.3333500e+05   2.1606445e+01
   6.3334700e+05   2.6733398e+01
   6.3336400e+05   2.5390625e+01
   6.3339200e+05   2.0751953e+01
   6.3341100e+05   2.1301270e+01
   6.3344800e+05   2.2399902e+01
   6.3347400e+05   2.5024414e+01
   6.3350700e+05   2.8442383e+01
   6.3353800e+05   4.1137695e+01
   6.3354800e+05   2.4353027e+01
   6.3357800e+05   2.1362305e+01
   6.3360800e+05   2.2094727e+01
   6.3361800e+05   2.6794434e+01
   6.3366000e+05   2.7832031e+01
   6.3368400e+05   2.2216797e+01
   6.3370700e+05   2.3498535e+01
   6.3372600e+05   2.5329590e+01
   6.3383900e+05   2.3010254e+01
   6.3387400e+05   2.2888184e+01
   6.3390900e+05   2.3010254e+01
   6.3393700e+05   2.5146484e+01
   6.3395400e+05   2.2949219e+01
   6.3406300e+05   2.2094727e+01
   6.3413500e+05   2.6062012e+01
   6.3431200e+05   2.2399902e+01
   6.3440000e+05   2.0935059e+01
   6.3813100e+05   2.1789551e+01
   6.5421800e+05   2.2338867e+01
   6.5448200e+05   2.0996094e+01
   6.5449900e+05   2.2460938e+01
   6.5452700e+05   2.1301270e+01
   6.5454700e+05   3.0395508e+01
   6.5459300e+05   3.3264160e+01
   6.5460800e+05   2.4414063e+01
   6.5462900e+05   2.4841309e+01
   6.5467300e+05   2.8808594e+01
   6.5468500e+05   2.9052734e+01
   6.5470400e+05   2.2460938e+01
   6.5473500e+05   2.9296875e+01
   6.5477300e+05   2.1606445e+01
   6.5480900e+05   2.0629883e+01
   6.5484500e+05   2.2827148e+01
   6.5488700e+05   2.9296875e+01
   6.5495500e+05   2.4780273e+01
   6.5524500e+05   2.1240234e+01
   6.5543200e+05   2.2644043e+01
   6.6679700e+05   2.0568848e+01
   6.6686900e+05   2.8259277e+01
   6.7168400e+05   2.6367188e+01
   6.7330400e+05   2.1972656e+01
   6.7349200e+05   2.5390625e+01
   6.7358400e+05   2.3803711e+01
   6.7364900e+05   2.3437500e+01
   6.7369000e+05   3.4362793e+01
   6.7372000e+05   2.1484375e+01
   6.7376500e+05   3.9062500e+01
   6.7378400e+05   2.5024414e+01
   6.7384100e+05   2.8015137e+01
   6.7386900e+05   2.4475098e+01
   6.7388900e+05   2.5695801e+01
   6.7391900e+05   2.3254395e+01
   6.7394700e+05   2.6611328e+01
   6.7397300e+05   2.1789551e+01
   6.7398600e+05   2.6123047e+01
   6.7407600e+05   2.3193359e+01
   6.7414600e+05   2.0568848e+01
   6.7418700e+05   2.3376465e+01
   6.7432400e+05   2.2094727e+01
   6.7433500e+05   2.3986816e+01
   6.7438700e+05   2.0690918e+01
   6.7442200e+05   2.2155762e+01
   6.7447400e+05   2.4597168e+01
   6.7454300e+05   2.0629883e+01
   6.7461700e+05   2.2827148e+01
   6.7487100e+05   2.2827148e+01
   6.9014000e+05   2.5634766e+01
   6.9031200e+05   2.2644043e+01
   6.9033100e+05   2.0568848e+01
   6.9037400e+05   2.1118164e+01
   6.9039800e+05   2.1240234e+01
   6.9041500e+05   2.4414063e+01
   6.9045300e+05   3.2043457e+01
   6.9050300e+05   3.0090332e+01
   6.9052200e+05   2.2094727e+01
   6.9053300e+05   3.3020020e+01
   6.9058900e+05   2.6367188e+01
   6.9061400e+05   2.0568848e+01
   6.9063300e+05   2.8137207e+01
   6.9065600e+05   3.1311035e+01
   6.9067800e+05   2.4902344e+01
   6.9070100e+05   2.1484375e+01
   6.9072700e+05   2.3864746e+01
   6.9075900e+05   2.4353027e+01
   6.9077200e+05   2.2583008e+01
   6.9079500e+05   2.3742676e+01
   6.9083500e+05   2.1606445e+01
   6.9093100e+05   2.4414063e+01
   6.9104600e+05   2.2705078e+01
   6.9128100e+05   2.4291992e+01
   6.9183100e+05   2.1850586e+01
   7.0566800e+05   2.4536133e+01
   7.1101400e+05   2.1545410e+01
   7.1121400e+05   2.1057129e+01
   7.1137100e+05   2.2033691e+01
   7.1142000e+05   2.1484375e+01
   7.1144600e+05   2.9602051e+01
   7.1165100e+05   2.4536133e+01
   7.1166800e+05   2.2033691e+01
   7.1168800e+05   2.6306152e+01
   7.1170400e+05   2.2705078e+01
   7.1172900e+05   3.4301758e+01
   7.1174800e+05   2.5329590e+01
   7.1177000e+05   2.4658203e+01
   7.1179400e+05   3.3203125e+01
   7.1183500e+05   3.1311035e+01
   7.1186400e+05   2.3254395e+01
   7.1188200e+05   3.4667969e+01
   7.1190600e+05   2.8381348e+01
   7.1193200e+05   2.2216797e+01
   7.1196100e+05   2.6306152e+01
   7.1197700e+05   2.1789551e+01
   7.1199600e+05   2.4536133e+01
   7.1204700e+05   2.3193359e+01
   7.1219600e+05   2.3498535e+01
   7.1232900e+05   2.1240234e+01
   7.1366600e+05   2.3742676e+01
   7.1564900e+05   2.4719238e+01
   7.2673100e+05   2.0629883e+01
   7.2708300e+05   2.1789551e+01
   7.2736800e+05   2.3254395e+01
   7.2747900e+05   2.2644043e+01
   7.2752500e+05   2.4780273e+01
   7.2762000e+05   2.1240234e+01
   7.2768100e+05   2.3925781e+01
   7.2773600e+05   2.4536133e+01
   7.2775700e+05   2.6611328e+01
   7.2776800e+05   2.1423340e+01
   7.2779300e+05   2.0935059e+01
   7.2782400e+05   2.3803711e+01
   7.2784900e+05   2.2033691e+01
   7.2788800e+05   3.2348633e+01
   7.2791400e+05   2.1972656e+01
   7.2793000e+05   2.8991699e+01
   7.2797700e+05   2.1179199e+01
   7.2802800e+05   2.3437500e+01
   7.2803900e+05   2.2094727e+01
   7.2810500e+05   2.3986816e+01
   7.2826600e+05   2.4536133e+01
   7.2830800e+05   2.1789551e+01
   7.2840500e+05   2.4658203e+01
   7.2858000e+05   2.5268555e+01
   7.4026700e+05   2.1118164e+01
   7.4063100e+05   2.3254395e+01
   7.4114500e+05   2.5573730e+01
   7.4128800e+05   3.0883789e+01
   7.4133600e+05   2.8015137e+01
   7.4135300e+05   2.0812988e+01
   7.4137100e+05   3.2287598e+01
   7.4140300e+05   2.7099609e+01
   7.4141800e+05   2.1362305e+01
   7.4147700e+05   2.1667480e+01
   7.4150900e+05   3.1372070e+01
   7.4151900e+05   2.3132324e+01
   7.4153500e+05   2.5085449e+01
   7.4158000e+05   2.1545410e+01
   7.4162200e+05   2.8442383e+01
   7.4166600e+05   2.4841309e+01
   7.4176700e+05   2.1179199e+01
   7.4185800e+05   2.5268555e+01
   7.4196700e+05   2.4169922e+01
   7.4200300e+05   2.2399902e+01
   7.4235900e+05   2.1240234e+01
   7.5658900e+05   2.3986816e+01
   7.5683800e+05   2.7954102e+01
   7.5700800e+05   2.8625488e+01
   7.5705400e+05   2.2155762e+01
   7.5709700e+05   3.0517578e+01
   7.5712500e+05   2.5939941e+01
   7.5714900e+05   2.3803711e+01
   7.5718200e+05   2.8015137e+01
   7.5721300e+05   2.1240234e+01
   7.5723400e+05   2.1606445e+01
   7.5725300e+05   2.3376465e+01
   7.5729500e+05   2.4536133e+01
   7.5730900e+05   2.3925781e+01
   7.5732200e+05   3.3996582e+01
   7.5737700e+05   3.7780762e+01
   7.5739400e+05   3.8024902e+01
   7.5742300e+05   2.8198242e+01
   7.5746100e+05   2.0690918e+01
   7.5748100e+05   2.1972656e+01
   7.5752000e+05   3.1188965e+01
   7.5756500e+05   2.1057129e+01
   7.5771300e+05   2.0996094e+01
   7.5781500e+05   2.3742676e+01
   7.7022000e+05   2.3437500e+01
   7.8011900e+05   2.6367188e+01
   7.8030800e+05   2.1057129e+01
   7.8056000e+05   2.2521973e+01
   7.8073800e+05   2.0935059e+01
   7.8079500e+05   3.0639648e+01
   7.8084600e+05   2.6428223e+01
   7.8088300e+05   2.1423340e+01
   7.8093500e+05   3.0090332e+01
   7.8095600e+05   2.4291992e+01
   7.8098200e+05   2.2338867e+01
   7.8099900e+05   2.4963379e+01
   7.8104400e+05   2.6306152e+01
   7.8106600e+05   2.3681641e+01
   7.8110100e+05   2.0629883e+01
   7.8122900e+05   2.4291992e+01
   7.8145700e+05   2.1911621e+01
   7.8155100e+05   2.0996094e+01
   7.9668300e+05   2.3620605e+01
   7.9700000e+05   2.1972656e+01
   7.9708800e+05   2.0812988e+01
   7.9714000e+05   2.0751953e+01
   7.9733200e+05   2.5329590e+01
   7.9742200e+05   2.4780273e+01
   7.9744300e+05   2.1972656e+01
   7.9746400e+05   2.4597168e+01
   7.9749000e+05   2.4291992e+01
   7.9753200e+05   2.1362305e+01
   7.9763500e+05   3.1738281e+01
   7.9771600e+05   2.2521973e+01
   7.9777600e+05   2.1606445e+01
   7.9782700e+05   2.3864746e+01
   7.9784700e+05   2.1057129e+01
   7.9793100e+05   2.2827148e+01
   7.9809000e+05   2.0690918e+01
   7.9836200e+05   2.0996094e+01
   8.1825300e+05   2.3132324e+01
   8.1858900e+05   3.0883789e+01
   8.1868900e+05   2.1240234e+01
   8.1877300e+05   2.3376465e+01
   8.1882800e+05   3.4057617e+01
   8.1885500e+05   2.4719238e+01
   8.1890300e+05   3.2958984e+01
   8.1892600e+05   2.5451660e+01
   8.1902800e+05   2.2094727e+01
   8.1906100e+05   2.6611328e+01
   8.1909200e+05   2.4902344e+01
   8.1925000e+05   2.2521973e+01
   8.1948700e+05   2.1362305e+01
   8.1976600e+05   2.0812988e+01
   8.3524800e+05   2.2827148e+01
   8.3580700e+05   2.4719238e+01
   8.3601800e+05   2.7404785e+01
   8.3607700e+05   2.2705078e+01
   8.3666000e+05   2.0996094e+01
   8.4319100e+05   2.5756836e+01
   8.6206500e+05   2.5695801e+01
   8.8524100e+05   2.2827148e+01
   8.8547300e+05   2.0874023e+01
   8.8555000e+05   2.2827148e+01
   8.8561500e+05   3.3630371e+01
   8.8566400e+05   2.2155762e+01
   8.8573400e+05   2.1911621e+01
   8.8576300e+05   2.2521973e+01
   8.8584300e+05   2.3376465e+01
   8.8603600e+05   2.1545410e+01
   8.8650000e+05   2.1606445e+01
   9.2125100e+05   2.4719238e+01
   9.4633500e+05   2.3315430e+01
   9.4654700e+05   2.2155762e+01
   9.4672000e+05   2.0690918e+01
   9.4683800e+05   3.1433105e+01
   9.4696200e+05   2.2338867e+01
   9.4705900e+05   2.9235840e+01
   9.4720400e+05   2.8808594e+01
   9.4729900e+05   2.2155762e+01
   9.4739900e+05   2.2399902e+01
   9.4755700e+05   2.5634766e+01
   9.4774200e+05   2.4719238e+01
   9.4806600e+05   2.3254395e+01
   9.9332000e+05   2.4902344e+01
   1.1165720e+06   2.8747559e+01
   1.1367290e+06   2.6611328e+01
   1.1753740e+06   2.5451660e+01
   1.1758700e+06   2.2888184e+01
   1.1761270e+06   2.1179199e+01
   1.2102650e+06   2.9602051e+01
   1.2387050e+06   2.0996094e+01
   1.3181490e+06   2.7832031e+01
   1.3540070e+06   2.6977539e+01
   1.3711960e+06   2.3437500e+01
   1.3712370e+06   2.8320313e+01
   1.3713260e+06   3.0639648e+01
   1.3713650e+06   2.6733398e+01
   1.3714020e+06   2.2705078e+01
   1.3715030e+06   2.3864746e+01
   1.3716030e+06   2.7526855e+01
   1.3716770e+06   2.2094727e+01
   1.3718430e+06   2.3681641e+01
   1.3720560e+06   2.1240234e+01
   1.3720790e+06   2.0996094e+01
   1.3721760e+06   2.2460938e+01
   1.3722840e+06   2.4780273e+01
   1.3724360e+06   2.2216797e+01
   1.3724490e+06   2.1301270e+01
   1.3725790e+06   2.1606445e+01
   1.3727150e+06   2.3864746e+01
   1.3728150e+06   2.3559570e+01
   1.3854380e+06   3.0700684e+01
   1.3909570e+06   2.7099609e+01
   1.3912390e+06   2.5329590e+01
   1.3947380e+06   2.2766113e+01
   1.4452750e+06   2.3742676e+01
   1.4505740e+06   2.2094727e+01
   1.4506170e+06   2.2521973e+01
   1.4507940e+06   2.1972656e+01
   1.4508250e+06   2.4658203e+01
   1.4508560e+06   2.1545410e+01
   1.4509000e+06   2.5268555e+01
   1.4509650e+06   2.2216797e+01
   1.4511400e+06   2.0568848e+01
   1.4512490e+06   2.0812988e+01
   1.4516190e+06   2.0874023e+01
   1.4523640e+06   2.5512695e+01
   1.4528150e+06   2.2216797e+01
   1.4532490e+06   2.2888184e+01
   1.4533470e+06   2.6306152e+01
   1.4533690e+06   2.5817871e+01
   1.4534020e+06   2.1118164e+01
   1.4534400e+06   2.7770996e+01
   1.4534770e+06   2.6672363e+01
   1.4534980e+06   2.2399902e+01
   1.4535240e+06   4.0588379e+01
   1.4535520e+06   2.0812988e+01
   1.4535690e+06   2.4658203e+01
   1.4535990e+06   3.8452148e+01
   1.4536160e+06   2.3193359e+01
   1.4536320e+06   2.5512695e+01
   1.4536530e+06   2.6977539e+01
   1.4536700e+06   2.5634766e+01
   1.4536980e+06   2.1972656e+01
   1.4537280e+06   3.5095215e+01
   1.4537720e+06   2.3315430e+01
   1.4538860e+06   2.1301270e+01
   1.4539530e+06   2.0568848e+01
   1.4540370e+06   2.2155762e+01
   1.4756930e+06   2.4536133e+01
   1.5078650e+06   2.7099609e+01
   1.5080880e+06   2.8198242e+01
   1.5195250e+06   2.3925781e+01
   1.6006750e+06   2.5390625e+01
   1.6756080e+06   2.6489258e+01
   1.8131110e+06   3.0334473e+01
   1.8265350e+06   2.7648926e+01
   1.8424230e+06   2.8320313e+01
   1.9502390e+06   2.0935059e+01
   1.9502750e+06   2.4353027e+01
   1.9503090e+06   2.1423340e+01
   1.9503340e+06   3.0395508e+01
   1.9503750e+06   2.5878906e+01
   1.9503970e+06   2.6428223e+01
   1.9504300e+06   2.6672363e+01
   1.9504400e+06   2.2888184e+01
   1.9504760e+06   2.2277832e+01
   1.9505330e+06   3.4973145e+01
   1.9505620e+06   3.0456543e+01
   1.9505790e+06   2.8320313e+01
   1.9506090e+06   4.4982910e+01
   1.9506360e+06   3.0029297e+01
   1.9506600e+06   2.4353027e+01
   1.9506810e+06   2.9235840e+01
   1.9506950e+06   2.8076172e+01
   1.9507430e+06   2.4414063e+01
   1.9507770e+06   2.1057129e+01
   1.9508050e+06   2.5268555e+01
   1.9508430e+06   2.1911621e+01
   1.9508960e+06   2.7770996e+01
   1.9509550e+06   2.9602051e+01
   1.9509980e+06   2.1423340e+01
   1.9510350e+06   2.1911621e+01
   1.9513060e+06   2.1667480e+01
   1.9513740e+06   2.4353027e+01
   1.9514990e+06   2.3437500e+01
   1.9597900e+06   2.1728516e+01
   1.9605190e+06   2.2399902e+01
   1.9635820e+06   2.1301270e+01
   1.9637800e+06   2.2705078e+01
   1.9639270e+06   2.1362305e+01
   1.9639610e+06   2.9602051e+01
   1.9639870e+06   2.7038574e+01
   1.9640100e+06   2.5146484e+01
   1.9640250e+06   2.2521973e+01
   1.9640610e+06   3.1433105e+01
   1.9640910e+06   3.4362793e+01
   1.9641250e+06   3.3020020e+01
   1.9641830e+06   2.4047852e+01
   1.9642200e+06   2.7770996e+01
   1.9642560e+06   2.3864746e+01
   1.9643010e+06   2.3071289e+01
   1.9643190e+06   2.1728516e+01
   1.9643580e+06   3.2287598e+01
   1.9644300e+06   2.0935059e+01
   1.9644640e+06   2.3498535e+01
   1.9645190e+06   2.0751953e+01
   1.9645610e+06   2.3986816e+01
   1.9646020e+06   2.4780273e+01
   1.9646490e+06   2.8381348e+01
   1.9647030e+06   2.3864746e+01
   1.9647260e+06   2.0568848e+01
   1.9650310e+06   2.7832031e+01
   1.9651670e+06   2.1972656e+01
   1.9651900e+06   2.6245117e+01
   1.9655370e+06   2.0935059e+01
   1.9710810e+06   2.0874023e+01
   1.9760410e+06   2.2216797e+01
   1.9782880e+06   2.1179199e+01
   1.9806110e+06   2.0690918e+01
   1.9827440e+06   2.1972656e+01
   1.9877670e+06   2.5451660e+01
   1.9903530e+06   2.3620605e+01
   1.9923760e+06   2.0874023e+01
   1.9943530e+06   2.1606445e+01
   2.0008190e+06   2.1728516e+01
   2.0247600e+06   2.3742676e+01
   2.0339730e+06   2.0874023e+01
   2.0392420e+06   2.1179199e+01
   2.0551330e+06   2.0690918e+01
   2.0617900e+06   2.7160645e+01
   2.1311200e+06   3.2165527e+01
   2.1431160e+06   2.2460938e+01
   2.1431620e+06   3.1921387e+01
   2.1432180e+06   2.2705078e+01
   2.1432680e+06   2.2521973e+01
   2.1432910e+06   2.4902344e+01
   2.1433270e+06   2.2216797e+01
   2.1434340e+06   2.4353027e+01
   2.1434510e+06   2.1362305e+01
   2.1434740e+06   2.6550293e+01
   2.1434840e+06   2.3803711e+01
   2.1435130e+06   2.3315430e+01
   2.1435240e+06   2.6794434e+01
   2.1435430e+06   2.8808594e+01
   2.1435630e+06   2.4047852e+01
   2.1435790e+06   2.4902344e+01
   2.1435970e+06   3.3447266e+01
   2.1436500e+06   4.1259766e+01
   2.1436690e+06   2.7709961e+01
   2.1437040e+06   2.3498535e+01
   2.1437180e+06   2.4536133e+01
   2.1437290e+06   2.2644043e+01
   2.1437850e+06   2.6550293e+01
   2.1438080e+06   2.4597168e+01
   2.1438510e+06   2.1606445e+01
   2.1439030e+06   2.1179199e+01
   2.1439240e+06   2.4047852e+01
   2.1439660e+06   2.3559570e+01
   2.1440530e+06   2.1789551e+01
   2.1441070e+06   2.5939941e+01
   2.1442110e+06   2.2094727e+01
   2.1442620e+06   2.1728516e+01
   2.1443270e+06   2.2949219e+01
   2.1621090e+06   2.2399902e+01
   2.1641050e+06   2.2705078e+01
   2.1719800e+06   2.8076172e+01
   2.1814230e+06   2.6916504e+01
   2.1883340e+06   2.1972656e+01
   2.1928310e+06   2.7038574e+01
   2.2115970e+06   2.3437500e+01
   2.2122390e+06   2.7770996e+01
   2.2136910e+06   2.0935059e+01
   2.2551360e+06   2.1545410e+01
   2.2552950e+06   2.2399902e+01
   2.2557700e+06   2.2338867e+01
   2.2558290e+06   2.9235840e+01
   2.2559160e+06   2.3620605e+01
   2.2559400e+06   2.7221680e+01
   2.2559730e+06   2.4169922e+01
   2.2560010e+06   2.6184082e+01
   2.2560120e+06   2.2766113e+01
   2.2560360e+06   2.2094727e+01
   2.2560470e+06   5.2612305e+01
   2.2560710e+06   2.2460938e+01
   2.2560810e+06   3.3752441e+01
   2.2561120e+06   2.0996094e+01
   2.2561450e+06   2.4230957e+01
   2.2561660e+06   2.4597168e+01
   2.2561790e+06   2.3010254e+01
   2.2562070e+06   2.6184082e+01
   2.2562380e+06   2.7648926e+01
   2.2562800e+06   2.2216797e+01
   2.2563010e+06   3.0029297e+01
   2.2563270e+06   2.5451660e+01
   2.2563620e+06   2.1667480e+01
   2.2563850e+06   2.2583008e+01
   2.2564560e+06   2.1850586e+01
   2.2564940e+06   2.4414062e+01
   2.2565330e+06   2.2399902e+01
   2.2566340e+06   2.7038574e+01
   2.2566590e+06   2.1545410e+01
   2.2567150e+06   2.4291992e+01
   2.2567930e+06   2.1423340e+01
   2.2568310e+06   2.7709961e+01
   2.2696720e+06   2.5329590e+01
   2.2707110e+06   2.1179199e+01
   2.2711260e+06   2.6306152e+01
   2.2776050e+06   2.0751953e+01
   2.2796780e+06   2.1545410e+01
   2.2817460e+06   2.1057129e+01
   2.2827460e+06   2.1972656e+01
   2.3315090e+06   2.9235840e+01
   2.3526540e+06   2.3010254e+01
   2.3706920e+06   2.1728516e+01
   2.3714020e+06   2.0996094e+01
   2.3714400e+06   2.5939941e+01
   2.6250270e+06   2.4291992e+01
   2.6412490e+06   2.1423340e+01
   2.6412800e+06   2.3132324e+01
   2.6413870e+06   2.5268555e+01
   2.6414240e+06   2.1179199e+01
   2.6415270e+06   2.3864746e+01
   2.6415860e+06   2.2827148e+01
   2.6416360e+06   3.1860352e+01
   2.6416760e+06   3.1555176e+01
   2.6417030e+06   4.4006348e+01
   2.6417220e+06   3.3264160e+01
   2.6417410e+06   4.8461914e+01
   2.6417640e+06   3.1372070e+01
   2.6417740e+06   2.4658203e+01
   2.6417880e+06   3.2287598e+01
   2.6418270e+06   2.2888184e+01
   2.6418610e+06   3.5034180e+01
   2.6418780e+06   3.0090332e+01
   2.6419120e+06   2.3498535e+01
   2.6419400e+06   2.2277832e+01
   2.6419840e+06   2.5390625e+01
   2.6420120e+06   2.9052734e+01
   2.6420550e+06   2.3864746e+01
   2.6420740e+06   2.4291992e+01
   2.6421310e+06   2.3498535e+01
   2.6422450e+06   2.6794434e+01
   2.6423450e+06   2.4353027e+01
   2.6599030e+06   2.3376465e+01
   2.6628850e+06   2.3193359e+01
   2.6637870e+06   2.5756836e+01
   2.6712090e+06   2.2705078e+01
   2.7009700e+06   2.1911621e+01
   2.7199190e+06   2.6794434e+01
   2.7208100e+06   2.7221680e+01
   2.7323110e+06   2.0751953e+01
   2.8057900e+06   2.1606445e+01
   2.8060610e+06   2.5390625e+01
   2.8062150e+06   2.3010254e+01
   2.8063160e+06   2.5390625e+01
   2.8063430e+06   2.2216797e+01
   2.8064610e+06   2.1728516e+01
   2.8065120e+06   2.5756836e+01
   2.8065580e+06   2.4963379e+01
   2.8065770e+06   3.0761719e+01
   2.8065910e+06   2.3010254e+01
   2.8066080e+06   2.1789551e+01
   2.8066530e+06   2.2338867e+01
   2.8066840e+06   2.6306152e+01
   2.8067180e+06   2.5939941e+01
   2.8067350e+06   3.0456543e+01
   2.8067460e+06   2.0690918e+01
   2.8067560e+06   2.6733398e+01
   2.8067720e+06   2.5756836e+01
   2.8067900e+06   2.7587891e+01
   2.8068310e+06   2.7465820e+01
   2.8068450e+06   3.0700684e+01
   2.8068620e+06   2.3010254e+01
   2.8068820e+06   2.3925781e+01
   2.8069160e+06   2.2277832e+01
   2.8069380e+06   2.3071289e+01
   2.8069590e+06   2.5695801e+01
   2.8069720e+06   2.2644043e+01
   2.8069900e+06   2.4536133e+01
   2.8070210e+06   2.3559570e+01
   2.8070610e+06   2.1362305e+01
   2.8071950e+06   2.3742676e+01
   2.8073030e+06   2.2399902e+01
   2.8073290e+06   2.3132324e+01
   2.8236980e+06   2.5085449e+01
   2.8254130e+06   2.3986816e+01
   2.8302640e+06   2.1850586e+01
   2.8322870e+06   2.1667480e+01
   2.8354610e+06   2.1057129e+01
   2.8384400e+06   2.2766113e+01
   2.8423360e+06   2.1362305e+01
   2.8505620e+06   2.0751953e+01
   2.8569910e+06   2.3681641e+01
   2.8612350e+06   2.1362305e+01
   2.8621610e+06   2.1362305e+01
   2.8624070e+06   2.2521973e+01
   2.8628040e+06   2.3864746e+01
   2.8628820e+06   2.1240234e+01
   2.8630330e+06   2.4780273e+01
   2.8634480e+06   2.2155762e+01
   2.8635500e+06   2.7038574e+01
   2.8636560e+06   2.2705078e+01
   2.8637670e+06   2.0935059e+01
   2.8637890e+06   2.1911621e+01
   2.8638220e+06   2.3986816e+01
   2.8638830e+06   2.9296875e+01
   2.8639170e+06   2.7099609e+01
   2.8639520e+06   2.4291992e+01
   2.8640030e+06   2.0935059e+01
   2.8640620e+06   2.1545410e+01
   2.8640940e+06   2.4597168e+01
   2.8641940e+06   2.2583008e+01
   2.8642740e+06   2.2277832e+01
   2.8643450e+06   2.2827148e+01
   2.8643780e+06   2.0568848e+01
   2.8644750e+06   2.1606445e+01
   2.8645110e+06   2.0690918e+01
   2.8794730e+06   2.0690918e+01
   2.8978680e+06   2.7770996e+01
   2.9050220e+06   2.2216797e+01
   2.9133760e+06   2.1850586e+01
   2.9134350e+06   2.5085449e+01
   2.9139040e+06   2.1301270e+01
   2.9143490e+06   2.0751953e+01
   2.9144780e+06   2.2094727e+01
   2.9145980e+06   2.1606445e+01
   2.9148500e+06   2.4353027e+01
   2.9149440e+06   2.5634766e+01
   2.9151320e+06   2.2033691e+01
   2.9151880e+06   2.3010254e+01
   2.9152190e+06   2.2338867e+01
   2.9152670e+06   2.1728516e+01
   2.9154400e+06   2.2399902e+01
   2.9155560e+06   2.0690918e+01
   2.9158360e+06   2.1179199e+01
   2.9159070e+06   2.5695801e+01
   2.9298760e+06   2.5512695e+01
   2.9416210e+06   2.4230957e+01
   2.9989600e+06   2.5939941e+01
   2.9990840e+06   2.1301270e+01
   2.9991320e+06   2.3132324e+01
   2.9991530e+06   2.9663086e+01
   2.9991730e+06   2.5451660e+01
   2.9992060e+06   3.2653809e+01
   2.9992240e+06   2.8259277e+01
   2.9992460e+06   2.5634766e+01
   2.9993090e+06   2.7648926e+01
   2.9993220e+06   2.5390625e+01
   2.9993540e+06   2.5878906e+01
   2.9993930e+06   2.2094727e+01
   2.9994580e+06   2.3254395e+01
   2.9995180e+06   2.6428223e+01
   2.9995380e+06   2.1728516e+01
   2.9996290e+06   2.4414063e+01
   2.9996470e+06   2.3254395e+01
   2.9996910e+06   2.1789551e+01
   2.9997860e+06   2.5024414e+01
   2.9998040e+06   2.0812988e+01
   3.0004330e+06   2.1484375e+01
   3.0012660e+06   2.1301270e+01
   3.0148330e+06   2.0690918e+01
   3.0188910e+06   2.5451660e+01
   3.0251700e+06   2.1057129e+01
   3.0255590e+06   2.3071289e+01
   3.0292230e+06   2.0996094e+01
   3.0293430e+06   2.1606445e+01
   3.0294170e+06   2.6428223e+01
   3.0294440e+06   2.3132324e+01
   3.0294680e+06   2.9357910e+01
   3.0294840e+06   2.2583008e+01
   3.0295080e+06   2.6367188e+01
   3.0295260e+06   3.0151367e+01
   3.0295690e+06   2.4414063e+01
   3.0295850e+06   2.4047852e+01
   3.0296430e+06   2.7282715e+01
   3.0296680e+06   2.7770996e+01
   3.0296960e+06   2.3681641e+01
   3.0297180e+06   2.5695801e+01
   3.0297470e+06   2.5573730e+01
   3.0297580e+06   2.8930664e+01
   3.0298350e+06   2.2277832e+01
   3.0298960e+06   2.4841309e+01
   3.0299190e+06   2.2766113e+01
   3.0299590e+06   2.3559570e+01
   3.0299910e+06   2.2949219e+01
   3.0300410e+06   2.1789551e+01
   3.0300970e+06   2.0690918e+01
   3.0301550e+06   2.0874023e+01
   3.0301690e+06   2.4169922e+01
   3.0302070e+06   2.1606445e+01
   3.0303240e+06   2.7465820e+01
   3.0304480e+06   2.3498535e+01
   3.0305080e+06   2.1118164e+01
   3.0404540e+06   2.0874023e+01
   3.0414630e+06   2.1789551e+01
   3.0418960e+06   2.0874023e+01
   3.0449400e+06   2.2033691e+01
   3.0468730e+06   2.4108887e+01
   3.0509880e+06   2.7099609e+01
   3.0541840e+06   2.0812988e+01
   3.0562130e+06   2.2827148e+01
   3.0575070e+06   2.1179199e+01
   3.0634220e+06   2.1484375e+01
   3.0720190e+06   2.1118164e+01
   3.0727630e+06   2.3254395e+01
   3.0727880e+06   2.3193359e+01
   3.0728060e+06   2.0690918e+01
   3.0728310e+06   2.7954102e+01
   3.0728570e+06   2.3437500e+01
   3.0728820e+06   2.9113770e+01
   3.0729110e+06   2.1057129e+01
   3.0729340e+06   2.6855469e+01
   3.0729580e+06   2.1301270e+01
   3.0729840e+06   3.6376953e+01
   3.0730130e+06   2.7526855e+01
   3.0730290e+06   2.1301270e+01
   3.0730520e+06   2.2033691e+01
   3.0730640e+06   2.9296875e+01
   3.0730960e+06   2.4047852e+01
   3.0731440e+06   2.7465820e+01
   3.0732770e+06   2.9052734e+01
   3.0732950e+06   2.2644043e+01
   3.0733090e+06   2.1911621e+01
   3.0733490e+06   2.6733398e+01
   3.0734640e+06   2.5024414e+01
   3.0735710e+06   2.1057129e+01
   3.0736020e+06   2.5024414e+01
   3.0737710e+06   2.1362305e+01
   3.0738170e+06   2.1118164e+01
   3.0739050e+06   2.6367188e+01
   3.0739510e+06   2.5024414e+01
   3.0744500e+06   2.2949219e+01
   3.0832520e+06   2.3437500e+01
   3.0853470e+06   2.5451660e+01
   3.0857080e+06   2.5512695e+01
   3.0874370e+06   2.1789551e+01
   3.0878030e+06   2.1850586e+01
   3.0895730e+06   2.0996094e+01
   3.0904760e+06   2.2277832e+01
   3.0910550e+06   2.1423340e+01
   3.0927770e+06   2.0812988e+01
   3.0934010e+06   2.3437500e+01
   3.0944530e+06   2.1911621e+01
   3.0950020e+06   2.1972656e+01
   3.0967160e+06   2.1728516e+01
   3.0971930e+06   2.4719238e+01
   3.1016360e+06   2.1362305e+01
   3.1021990e+06   2.1362305e+01
   3.1072810e+06   2.5085449e+01
   3.1092010e+06   2.0629883e+01
   3.1097820e+06   2.3132324e+01
   3.1097970e+06   2.1850586e+01
   3.1098300e+06   2.2827148e+01
   3.1098490e+06   2.5268555e+01
   3.1098890e+06   2.5329590e+01
   3.1099050e+06   4.1015625e+01
   3.1099360e+06   2.3742676e+01
   3.1099710e+06   4.5959473e+01
   3.1099890e+06   2.5207520e+01
   3.1100110e+06   2.6672363e+01
   3.1100390e+06   2.7160645e+01
   3.1100680e+06   2.5695801e+01
   3.1100940e+06   2.4108887e+01
   3.1101510e+06   2.0812988e+01
   3.1101810e+06   3.1738281e+01
   3.1102050e+06   2.0751953e+01
   3.1102150e+06   2.1118164e+01
   3.1102940e+06   2.1972656e+01
   3.1103390e+06   2.2644043e+01
   3.1103800e+06   2.1118164e+01
   3.1104300e+06   2.9602051e+01
   3.1104500e+06   2.4536133e+01
   3.1105800e+06   3.0212402e+01
   3.1106210e+06   2.1362305e+01
   3.1107620e+06   2.0690918e+01
   3.1109460e+06   2.3376465e+01
   3.1109620e+06   2.1118164e+01
   3.1208760e+06   2.1240234e+01
   3.1250960e+06   2.5268555e+01
   3.1270130e+06   2.2583008e+01
   3.1283890e+06   2.1057129e+01
   3.1310380e+06   2.1057129e+01
   3.1345670e+06   2.6855469e+01
   3.1356560e+06   2.1179199e+01
   3.1356770e+06   2.6672363e+01
   3.1357000e+06   2.7160645e+01
   3.1357260e+06   2.4841309e+01
   3.1357390e+06   2.5146484e+01
   3.1357540e+06   2.9602051e+01
   3.1357910e+06   2.5573730e+01
   3.1358160e+06   2.5756836e+01
   3.1358260e+06   2.6062012e+01
   3.1358490e+06   2.0812988e+01
   3.1358960e+06   2.6733398e+01
   3.1359290e+06   2.3132324e+01
   3.1359590e+06   3.1188965e+01
   3.1359810e+06   2.0812988e+01
   3.1359980e+06   3.9367676e+01
   3.1360160e+06   2.7526855e+01
   3.1360380e+06   2.3925781e+01
   3.1360750e+06   3.0029297e+01
   3.1361730e+06   2.6306152e+01
   3.1362040e+06   2.5329590e+01
   3.1362370e+06   2.0812988e+01
   3.1362540e+06   2.4597168e+01
   3.1363860e+06   2.1667480e+01
   3.1364990e+06   2.4475098e+01
   3.1366970e+06   2.1362305e+01
   3.1367820e+06   2.1728516e+01
   3.1369780e+06   3.4057617e+01
   3.1377800e+06   2.0629883e+01
   3.1462330e+06   2.0996094e+01
   3.1483380e+06   2.7160645e+01
   3.1492720e+06   2.6611328e+01
   3.1502490e+06   2.1301270e+01
   3.1507810e+06   2.1423340e+01
   3.1549890e+06   2.1545410e+01
   3.1565670e+06   2.3132324e+01
   3.1582830e+06   2.5939941e+01
   3.1588700e+06   2.1423340e+01
   3.1619810e+06   2.1057129e+01
   3.1632150e+06   2.1423340e+01
   3.1638560e+06   2.0935059e+01
   3.1677800e+06   2.3132324e+01
   3.1680440e+06   2.3132324e+01
   3.1680710e+06   2.6000977e+01
   3.1680840e+06   2.3559570e+01
   3.1681390e+06   2.9785156e+01
   3.1681530e+06   2.1911621e+01
   3.1681900e+06   2.0690918e+01
   3.1682010e+06   3.1616211e+01
   3.1682230e+06   3.4057617e+01
   3.1682660e+06   3.3203125e+01
   3.1682780e+06   2.7832031e+01
   3.1683000e+06   2.1789551e+01
   3.1683190e+06   2.7648926e+01
   3.1683490e+06   2.4475098e+01
   3.1683770e+06   2.9418945e+01
   3.1683870e+06   2.4841309e+01
   3.1684550e+06   2.0874023e+01
   3.1684890e+06   2.3864746e+01
   3.1685610e+06   2.6855469e+01
   3.1685790e+06   2.6794434e+01
   3.1687320e+06   2.1789551e+01
   3.1687480e+06   2.2766113e+01
   3.1687880e+06   2.5451660e+01
   3.1688290e+06   2.1972656e+01
   3.1690890e+06   2.1789551e+01
   3.1691520e+06   2.5634766e+01
   3.1692510e+06   2.1057129e+01
   3.1697390e+06   2.3925781e+01
   3.1800160e+06   2.3254395e+01
   3.1815190e+06   2.1362305e+01
   3.1824320e+06   2.4108887e+01
   3.1845000e+06   2.3010254e+01
   3.1862530e+06   2.0996094e+01
   3.1894490e+06   2.0996094e+01
   3.1905280e+06   2.0629883e+01
   3.1979010e+06   2.1423340e+01
   3.1980100e+06   2.2338867e+01
   3.1980470e+06   2.0629883e+01
   3.1980870e+06   2.2766113e+01
   3.1981020e+06   3.0883789e+01
   3.1981300e+06   2.8015137e+01
   3.1981500e+06   2.5939941e+01
   3.1981730e+06   2.4902344e+01
   3.1981840e+06   2.7465820e+01
   3.1982090e+06   2.6000977e+01
   3.1982360e+06   3.5827637e+01
   3.1982500e+06   3.1921387e+01
   3.1982810e+06   3.2348633e+01
   3.1983130e+06   2.5695801e+01
   3.1983650e+06   2.2583008e+01
   3.1983930e+06   3.0151367e+01
   3.1984390e+06   2.0812988e+01
   3.1985420e+06   2.4169922e+01
   3.1985570e+06   2.1240234e+01
   3.1985990e+06   2.1545410e+01
   3.1986130e+06   2.1850586e+01
   3.1986680e+06   2.2583008e+01
   3.1987070e+06   2.6489258e+01
   3.1987380e+06   2.4841309e+01
   3.1987820e+06   2.0629883e+01
   3.1988380e+06   2.3071289e+01
   3.1989640e+06   2.0629883e+01
   3.1990380e+06   2.1240234e+01
   3.1992350e+06   2.2949219e+01
   3.2095180e+06   2.3315430e+01
   3.2101160e+06   2.2705078e+01
   3.2118240e+06   2.2521973e+01
   3.2154730e+06   2.2766113e+01
   3.2249490e+06   2.1057129e+01
   3.2295890e+06   2.1972656e+01
   3.2300070e+06   2.3193359e+01
   3.2303410e+06   2.3864746e+01
   3.2303770e+06   3.3935547e+01
   3.2303900e+06   3.7780762e+01
   3.2304210e+06   2.8320313e+01
   3.2304360e+06   3.9489746e+01
   3.2304770e+06   2.6794434e+01
   3.2305010e+06   2.2399902e+01
   3.2305220e+06   2.1484375e+01
   3.2305460e+06   2.3803711e+01
   3.2305730e+06   3.5095215e+01
   3.2306210e+06   2.7160645e+01
   3.2306590e+06   2.0996094e+01
   3.2307050e+06   2.3681641e+01
   3.2307150e+06   2.8198242e+01
   3.2308780e+06   2.7893066e+01
   3.2310240e+06   2.1545410e+01
   3.2311150e+06   2.1118164e+01
   3.2312090e+06   2.1423340e+01
   3.2312950e+06   2.1057129e+01
   3.2337000e+06   2.0751953e+01
   3.2414140e+06   2.1850586e+01
   3.2432220e+06   2.4536133e+01
   3.2452930e+06   2.0996094e+01
   3.2463410e+06   2.4780273e+01
   3.2475900e+06   2.7465820e+01
   3.2538860e+06   2.2766113e+01
   3.2580920e+06   2.1789551e+01
   3.2603320e+06   2.3254395e+01
   3.2630810e+06   2.2094727e+01
   3.2691200e+06   2.3437500e+01
   3.2692760e+06   2.3376465e+01
   3.2693080e+06   2.0812988e+01
   3.2693940e+06   2.1057129e+01
   3.2694180e+06   2.1850586e+01
   3.2694320e+06   3.7780762e+01
   3.2694610e+06   2.3742676e+01
   3.2695040e+06   3.1005859e+01
   3.2695250e+06   2.5878906e+01
   3.2695570e+06   4.0466309e+01
   3.2696090e+06   3.9611816e+01
   3.2696440e+06   2.0690918e+01
   3.2696740e+06   3.6254883e+01
   3.2696950e+06   3.2165527e+01
   3.2697280e+06   2.1789551e+01
   3.2697700e+06   2.4414062e+01
   3.2698560e+06   2.2216797e+01
   3.2698870e+06   2.1301270e+01
   3.2700130e+06   2.1606445e+01
   3.2700670e+06   2.6916504e+01
   3.2700880e+06   2.0629883e+01
   3.2702050e+06   2.2033691e+01
   3.2702310e+06   2.1484375e+01
   3.2704570e+06   2.9418945e+01
   3.2809790e+06   2.4169922e+01
   3.2859920e+06   2.1545410e+01
   3.2909490e+06   2.1850586e+01
   3.2924400e+06   2.4353027e+01
   3.2951370e+06   2.2949219e+01
   3.2965260e+06   2.7282715e+01
   3.2967640e+06   2.1667480e+01
   3.2968990e+06   2.0690918e+01
   3.2970360e+06   2.1545410e+01
   3.2970590e+06   2.5268555e+01
   3.2970790e+06   2.2094727e+01
   3.2971510e+06   2.9479980e+01
   3.2971720e+06   2.3193359e+01
   3.2971990e+06   2.2583008e+01
   3.2972150e+06   3.2226563e+01
   3.2972440e+06   2.2460938e+01
   3.2972640e+06   2.1850586e+01
   3.2972950e+06   2.0935059e+01
   3.2973270e+06   2.2644043e+01
   3.2973400e+06   2.4963379e+01
   3.2973780e+06   2.3498535e+01
   3.2974060e+06   2.4108887e+01
   3.2974390e+06   2.1118164e+01
   3.2974520e+06   2.4536133e+01
   3.2974730e+06   2.0629883e+01
   3.2975180e+06   2.2583008e+01
   3.2975340e+06   2.3742676e+01
   3.2975610e+06   2.0751953e+01
   3.2975980e+06   2.1911621e+01
   3.2976360e+06   2.4902344e+01
   3.2976810e+06   2.9418945e+01
   3.2977210e+06   2.1606445e+01
   3.2977970e+06   2.6794434e+01
   3.2978540e+06   2.8625488e+01
   3.2979760e+06   2.2216797e+01
   3.3073830e+06   2.1911621e+01
   3.3080630e+06   2.3498535e+01
   3.3093460e+06   2.3254395e+01
   3.3184230e+06   2.5817871e+01
   3.3257870e+06   2.1728516e+01
   3.3258920e+06   2.1484375e+01
   3.3259600e+06   2.1179199e+01
   3.3260640e+06   2.4108887e+01
   3.3261450e+06   2.7099609e+01
   3.3262020e+06   2.2338867e+01
   3.3262320e+06   2.1057129e+01
   3.3262590e+06   2.2766113e+01
   3.3262810e+06   2.0996094e+01
   3.3262980e+06   2.3132324e+01
   3.3263270e+06   2.2583008e+01
   3.3263580e+06   4.0283203e+01
   3.3263810e+06   2.2399902e+01
   3.3264180e+06   2.6367188e+01
   3.3264300e+06   2.2705078e+01
   3.3264730e+06   2.2399902e+01
   3.3265290e+06   2.4780273e+01
   3.3265670e+06   2.3742676e+01
   3.3265940e+06   3.5217285e+01
   3.3266220e+06   2.3315430e+01
   3.3266410e+06   2.1301270e+01
   3.3267270e+06   2.3559570e+01
   3.3268840e+06   2.4108887e+01
   3.3428560e+06   2.1423340e+01
   3.3456220e+06   2.8564453e+01
   3.3631800e+06   2.5268555e+01
   3.3634280e+06   2.6306152e+01
   3.3636440e+06   2.3437500e+01
   3.3637450e+06   2.3376465e+01
   3.3638510e+06   2.2155762e+01
   3.3639060e+06   2.7832031e+01
   3.3640790e+06   2.2888184e+01
   3.3983830e+06   2.0996094e+01
   3.4268490e+06   2.0812988e+01
   3.4270150e+06   2.3620605e+01
   3.4533120e+06   2.2644043e+01
   3.4710380e+06   2.1667480e+01
   3.4713420e+06   2.5024414e+01
   3.4716730e+06   2.0935059e+01
   3.5563460e+06   2.4780273e+01
   3.5987120e+06   2.6184082e+01
   3.6373050e+06   2.3010254e+01
   3.6373500e+06   2.6489258e+01
   3.6374490e+06   2.1301270e+01
   3.6374660e+06   2.1789551e+01
   3.6375140e+06   2.1240234e+01
   3.6375600e+06   2.1362305e+01
   3.6376490e+06   2.2827148e+01
   3.6376590e+06   2.1667480e+01
   3.6378220e+06   2.1545410e+01
   3.6378720e+06   2.0874023e+01
   3.6379960e+06   2.4353027e+01
   3.6380370e+06   2.1179199e+01
   3.6382020e+06   2.2766113e+01
   3.6382450e+06   2.1789551e+01
   3.6387100e+06   2.2155762e+01
   3.6388100e+06   2.3864746e+01
   3.6428270e+06   2.8930664e+01
   3.7169130e+06   2.3559570e+01
   3.7171310e+06   2.3193359e+01
   3.7172230e+06   2.3864746e+01
   3.7172510e+06   2.6062012e+01
   3.7173020e+06   2.1728516e+01
   3.7173440e+06   2.0751953e+01
   3.7173540e+06   2.2277832e+01
   3.7173770e+06   5.1147461e+01
   3.7173980e+06   3.2958984e+01
   3.7174260e+06   2.8747559e+01
   3.7174480e+06   2.3559570e+01
   3.7174880e+06   2.2766113e+01
   3.7175110e+06   2.3315430e+01
   3.7175400e+06   2.0690918e+01
   3.7175520e+06   2.6672363e+01
   3.7175900e+06   2.6672363e+01
   3.7176260e+06   2.1911621e+01
   3.7176580e+06   2.7832031e+01
   3.7176840e+06   2.4108887e+01
   3.7177180e+06   2.9113770e+01
   3.7177530e+06   2.2216797e+01
   3.7178540e+06   2.5512695e+01
   3.7178940e+06   2.1423340e+01
   3.7179680e+06   2.2705078e+01
   3.7179860e+06   2.5024414e+01
   3.7180620e+06   2.3803711e+01
   3.7183070e+06   2.0935059e+01
   3.7188060e+06   2.2094727e+01
   3.7368450e+06   2.3620605e+01
   3.7607890e+06   2.6184082e+01
   3.7810670e+06   2.5878906e+01
   3.8901520e+06   2.1911621e+01
   3.8906010e+06   2.2827148e+01
   3.8925250e+06   2.4841309e+01
   3.8925630e+06   2.2399902e+01
   3.8927000e+06   2.2338867e+01
   3.8927250e+06   2.0629883e+01
   3.8927850e+06   2.2399902e+01
   3.8928160e+06   2.2521973e+01
   3.8928490e+06   2.3132324e+01
   3.8929730e+06   2.1240234e+01
   3.8933070e+06   2.0935059e+01
   3.8934610e+06   2.4353027e+01
   3.8935140e+06   2.2644043e+01
   3.8936130e+06   2.4963379e+01
   3.8936910e+06   2.3254395e+01
   3.8937750e+06   2.4353027e+01
   3.8940090e+06   2.1850586e+01
   3.8941900e+06   2.3132324e+01
   3.8942590e+06   2.4108887e+01
   3.9090760e+06   2.2399902e+01
   3.9260210e+06   2.2155762e+01
   3.9762750e+06   2.6611328e+01
   3.9816500e+06   2.0690918e+01
   4.0099780e+06   2.7526855e+01
   4.0295160e+06   2.2460938e+01
   4.0631960e+06   2.5024414e+01
   4.0633670e+06   2.2644043e+01
   4.0726580e+06   2.3132324e+01
   4.1277280e+06   2.3864746e+01
   4.1452500e+06   2.6733398e+01
   4.1970320e+06   3.0944824e+01
   4.1972210e+06   2.0996094e+01
   4.1973940e+06   2.1362305e+01
   4.1976130e+06   2.4902344e+01
   4.1978830e+06   2.1667480e+01
   4.1981390e+06   2.6855469e+01
   4.1982440e+06   2.1545410e+01
   4.1982580e+06   3.1738281e+01
   4.1983300e+06   2.2216797e+01
   4.1983900e+06   2.2949219e+01
   4.1984120e+06   2.2521973e+01
   4.1985170e+06   2.7404785e+01
   4.1985530e+06   2.4597168e+01
   4.1986220e+06   2.5146484e+01
   4.1986580e+06   2.1606445e+01
   4.1987340e+06   3.1738281e+01
   4.1989580e+06   2.1423340e+01
   4.1990290e+06   2.2827148e+01
   4.1993200e+06   2.2277832e+01
   4.2037760e+06   2.3559570e+01
   4.3155500e+06   2.5878906e+01
   4.4066410e+06   2.8198242e+01
   4.4693580e+06   2.4414063e+01
   4.4923510e+06   2.6062012e+01
   4.4926470e+06   2.2521973e+01
   4.4929250e+06   2.3071289e+01
   4.4931060e+06   2.2583008e+01
   4.4932690e+06   2.8381348e+01
   4.4933190e+06   2.7526855e+01
   4.4933660e+06   2.2888184e+01
   4.4934020e+06   2.4169922e+01
   4.4934420e+06   2.4230957e+01
   4.4934680e+06   2.3742676e+01
   4.4935080e+06   2.3681641e+01
   4.4935410e+06   2.8747559e+01
   4.4935710e+06   2.4719238e+01
   4.4935990e+06   3.3630371e+01
   4.4936340e+06   2.2888184e+01
   4.4936520e+06   3.2897949e+01
   4.4936720e+06   2.9235840e+01
   4.4936960e+06   3.0578613e+01
   4.4937410e+06   2.3193359e+01
   4.4937530e+06   2.4230957e+01
   4.4937810e+06   3.1372070e+01
   4.4938120e+06   2.1362305e+01
   4.4938250e+06   2.1606445e+01
   4.4938630e+06   2.0690918e+01
   4.4938980e+06   3.5278320e+01
   4.4939780e+06   2.4475098e+01
   4.4940060e+06   2.2521973e+01
   4.4940400e+06   2.7404785e+01
   4.4940880e+06   2.3315430e+01
   4.4942260e+06   2.1057129e+01
   4.4960450e+06   2.0812988e+01
   4.5079870e+06   2.1423340e+01
   4.5140340e+06   2.2277832e+01
   4.5154970e+06   2.1667480e+01
   4.5209460e+06   2.3193359e+01
   4.5211930e+06   2.7465820e+01
   4.5226730e+06   2.7893066e+01
   4.5248280e+06   2.4047852e+01
   4.5318870e+06   2.4536133e+01
   4.5553510e+06   2.1362305e+01
   4.5576130e+06   2.2094727e+01
   4.5749950e+06   2.5329590e+01
   4.5852090e+06   2.0874023e+01
   4.6183520e+06   2.1850586e+01
   4.6315020e+06   2.5573730e+01
   4.6448050e+06   2.0690918e+01
   4.6484780e+06   2.7160645e+01
   4.7996040e+06   2.4475098e+01
   4.8173620e+06   2.0996094e+01
   4.8173930e+06   2.4658203e+01
   4.8174490e+06   2.6306152e+01
   4.8174740e+06   2.4169922e+01
   4.8175010e+06   2.4414062e+01
   4.8175200e+06   2.2338867e+01
   4.8175600e+06   2.1118164e+01
   4.8175980e+06   2.7160645e+01
   4.8176190e+06   2.8259277e+01
   4.8176390e+06   3.8024902e+01
   4.8176750e+06   2.9357910e+01
   4.8177040e+06   3.3874512e+01
   4.8177160e+06   3.2043457e+01
   4.8177330e+06   3.5522461e+01
   4.8178010e+06   2.4536133e+01
   4.8178200e+06   3.0212402e+01
   4.8178420e+06   2.2888184e+01
   4.8178540e+06   2.6184082e+01
   4.8178760e+06   2.1423340e+01
   4.8179130e+06   2.5329590e+01
   4.8179320e+06   2.3681641e+01
   4.8179930e+06   2.3010254e+01
   4.8180820e+06   2.0690918e+01
   4.8181100e+06   2.6184082e+01
   4.8181650e+06   2.0812988e+01
   4.8183060e+06   2.3620605e+01
   4.8183520e+06   2.0690918e+01
   4.8186450e+06   2.5146484e+01
   4.8187400e+06   2.0996094e+01
   4.8189850e+06   2.2033691e+01
   4.8191950e+06   2.3742676e+01
   4.8294370e+06   2.1362305e+01
   4.8311130e+06   2.4047852e+01
   4.8334620e+06   2.5817871e+01
   4.8339100e+06   2.6611328e+01
   4.8341510e+06   2.5390625e+01
   4.8352420e+06   2.5634766e+01
   4.8355320e+06   2.2216797e+01
   4.8389160e+06   2.3742676e+01
   4.8393630e+06   2.0996094e+01
   4.8407630e+06   2.5756836e+01
   4.8426830e+06   2.2094727e+01
   4.8427500e+06   2.0629883e+01
   4.8430260e+06   2.1118164e+01
   4.8435090e+06   2.2338867e+01
   4.8442700e+06   2.3315430e+01
   4.8459440e+06   2.0751953e+01
   4.8470730e+06   2.2888184e+01
   4.8504640e+06   2.1118164e+01
   4.8546020e+06   2.2399902e+01
   4.8551130e+06   2.1362305e+01
   4.8565790e+06   2.0751953e+01
   4.8585260e+06   2.2521973e+01
   4.8603800e+06   2.1362305e+01
   4.8611880e+06   2.7587891e+01
   4.8612350e+06   2.0935059e+01
   4.8613490e+06   3.1311035e+01
   4.8613620e+06   3.1799316e+01
   4.8613940e+06   2.9296875e+01
   4.8614090e+06   2.4108887e+01
   4.8614310e+06   3.4240723e+01
   4.8614410e+06   2.9785156e+01
   4.8614690e+06   2.2338867e+01
   4.8614830e+06   3.6804199e+01
   4.8615010e+06   3.3325195e+01
   4.8615300e+06   2.0812988e+01
   4.8615670e+06   2.4169922e+01
   4.8615810e+06   2.1484375e+01
   4.8616060e+06   2.2827148e+01
   4.8616360e+06   2.9296875e+01
   4.8616970e+06   2.6977539e+01
   4.8617630e+06   2.0996094e+01
   4.8617950e+06   2.9357910e+01
   4.8618740e+06   2.3864746e+01
   4.8619240e+06   2.6916504e+01
   4.8619340e+06   2.3498535e+01
   4.8620080e+06   2.4108887e+01
   4.8621420e+06   2.2888184e+01
   4.8622200e+06   2.0935059e+01
   4.8623770e+06   2.1545410e+01
   4.8624030e+06   2.1423340e+01
   4.8624670e+06   2.3803711e+01
   4.8624990e+06   2.1301270e+01
   4.8627190e+06   2.1057129e+01
   4.8709260e+06   2.1911621e+01
   4.8732970e+06   2.5024414e+01
   4.8737090e+06   2.1484375e+01
   4.8793800e+06   2.1179199e+01
   4.8824190e+06   2.0874023e+01
   4.8827270e+06   2.1911621e+01
   4.8828370e+06   2.3315430e+01
   4.8828700e+06   2.0935059e+01
   4.8828950e+06   3.0090332e+01
   4.8829060e+06   2.2949219e+01
   4.8829490e+06   2.5756836e+01
   4.8829850e+06   3.3874512e+01
   4.8829960e+06   2.9785156e+01
   4.8830260e+06   2.2644043e+01
   4.8830440e+06   2.2338867e+01
   4.8830630e+06   2.6062012e+01
   4.8831040e+06   2.6489258e+01
   4.8831230e+06   3.3935547e+01
   4.8831520e+06   2.1484375e+01
   4.8831700e+06   2.0874023e+01
   4.8832210e+06   2.3803711e+01
   4.8833010e+06   3.2226563e+01
   4.8833530e+06   2.1850586e+01
   4.8834050e+06   2.6000977e+01
   4.8836040e+06   2.2766113e+01
   4.8836430e+06   2.1057129e+01
   4.8837000e+06   2.4658203e+01
   4.8837800e+06   2.2277832e+01
   4.8838310e+06   2.4475098e+01
   4.8838800e+06   2.3925781e+01
   4.8839700e+06   2.1789551e+01
   4.8840490e+06   2.0629883e+01
   4.8841390e+06   3.0273437e+01
   4.8857570e+06   2.0996094e+01
   4.8957710e+06   2.0812988e+01
   4.8973290e+06   2.0629883e+01
   4.8978460e+06   2.8869629e+01
   4.8979690e+06   3.0700684e+01
   4.8979930e+06   4.4921875e+01
   4.8980200e+06   3.0639648e+01
   4.8980600e+06   2.2521973e+01
   4.8980860e+06   2.5085449e+01
   4.8981160e+06   2.8869629e+01
   4.8981560e+06   2.5756836e+01
   4.8981720e+06   2.3559570e+01
   4.8981950e+06   2.8320312e+01
   4.8982110e+06   2.8320313e+01
   4.8982220e+06   2.5878906e+01
   4.8982320e+06   2.2827148e+01
   4.8982750e+06   2.1118164e+01
   4.8982950e+06   2.6550293e+01
   4.8984190e+06   2.2338867e+01
   4.8984350e+06   2.7770996e+01
   4.8984570e+06   2.0874023e+01
   4.8984860e+06   2.6062012e+01
   4.8985410e+06   2.2521973e+01
   4.8985730e+06   2.4658203e+01
   4.8985970e+06   2.2033691e+01
   4.8986080e+06   2.3132324e+01
   4.8988270e+06   2.3864746e+01
   4.8991560e+06   2.8137207e+01
   4.8992700e+06   2.0874023e+01
   4.8994200e+06   2.0629883e+01
   4.9104870e+06   2.0751953e+01
   4.9127000e+06   2.5634766e+01
   4.9133540e+06   2.3498535e+01
   4.9143940e+06   2.1606445e+01
   4.9155020e+06   2.0935059e+01
   4.9155950e+06   3.3447266e+01
   4.9156260e+06   2.3803711e+01
   4.9156450e+06   2.2705078e+01
   4.9156610e+06   2.7099609e+01
   4.9156790e+06   2.3376465e+01
   4.9157300e+06   3.2348633e+01
   4.9157460e+06   3.2165527e+01
   4.9157610e+06   2.4719238e+01
   4.9158270e+06   3.2043457e+01
   4.9158480e+06   2.6062012e+01
   4.9158940e+06   2.3132324e+01
   4.9159450e+06   2.1667480e+01
   4.9159800e+06   2.3864746e+01
   4.9160160e+06   2.6550293e+01
   4.9160490e+06   2.6062012e+01
   4.9160610e+06   2.1118164e+01
   4.9161540e+06   2.2460938e+01
   4.9162410e+06   2.4169922e+01
   4.9163170e+06   2.2949219e+01
   4.9164060e+06   2.3803711e+01
   4.9164690e+06   2.0690918e+01
   4.9165290e+06   2.3620605e+01
   4.9166080e+06   2.3986816e+01
   4.9167340e+06   2.6062012e+01
   4.9169170e+06   2.6062012e+01
   4.9173190e+06   2.5085449e+01
   4.9274670e+06   2.1362305e+01
   4.9308450e+06   2.2155762e+01
   4.9331650e+06   2.6733398e+01
   4.9334240e+06   2.3071289e+01
   4.9337830e+06   2.0874023e+01
   4.9338030e+06   2.4353027e+01
   4.9338370e+06   3.4484863e+01
   4.9338660e+06   2.4414063e+01
   4.9338810e+06   2.3803711e+01
   4.9338970e+06   2.7893066e+01
   4.9339210e+06   2.8442383e+01
   4.9339450e+06   3.0517578e+01
   4.9339560e+06   2.1240234e+01
   4.9339790e+06   2.9174805e+01
   4.9340070e+06   2.4475098e+01
   4.9340220e+06   2.9846191e+01
   4.9340610e+06   2.3376465e+01
   4.9340760e+06   3.0761719e+01
   4.9341110e+06   2.1423340e+01
   4.9341650e+06   2.0874023e+01
   4.9342270e+06   3.2348633e+01
   4.9343420e+06   2.5939941e+01
   4.9344420e+06   2.5695801e+01
   4.9344900e+06   2.5939941e+01
   4.9346220e+06   2.5390625e+01
   4.9346900e+06   2.4047852e+01
   4.9348250e+06   2.3437500e+01
   4.9349430e+06   2.1057129e+01
   4.9352720e+06   2.1240234e+01
   4.9384940e+06   2.2705078e+01
   4.9449350e+06   2.7893066e+01
   4.9480680e+06   2.1667480e+01
   4.9483950e+06   2.2033691e+01
   4.9502290e+06   2.2155762e+01
   4.9518030e+06   2.4780273e+01
   4.9551770e+06   2.3254395e+01
   4.9588130e+06   2.2521973e+01
   4.9622900e+06   2.1118164e+01
   4.9653210e+06   2.1118164e+01
   4.9657500e+06   2.0812988e+01
   4.9698790e+06   2.0690918e+01
   4.9711850e+06   2.0751953e+01
   4.9736270e+06   2.1545410e+01
   4.9738060e+06   2.1179199e+01
   4.9769100e+06   2.1057129e+01
   4.9770320e+06   2.7282715e+01
   4.9770510e+06   2.2399902e+01
   4.9770970e+06   3.2897949e+01
   4.9771220e+06   2.4230957e+01
   4.9771480e+06   2.7160645e+01
   4.9771790e+06   2.5024414e+01
   4.9771920e+06   2.6855469e+01
   4.9772220e+06   2.9663086e+01
   4.9772590e+06   2.1789551e+01
   4.9772870e+06   2.4597168e+01
   4.9773120e+06   2.3254395e+01
   4.9773420e+06   2.1972656e+01
   4.9774290e+06   2.3986816e+01
   4.9776450e+06   2.0751953e+01
   4.9776900e+06   2.2094727e+01
   4.9777630e+06   2.3498535e+01
   4.9778390e+06   2.2827148e+01
   4.9778980e+06   2.5573730e+01
   4.9779860e+06   2.1179199e+01
   4.9780610e+06   2.2277832e+01
   4.9781070e+06   2.2033691e+01
   4.9782190e+06   3.1005859e+01
   4.9787630e+06   2.5146484e+01
   4.9876230e+06   2.1240234e+01
   4.9904550e+06   2.3620605e+01
   4.9912090e+06   2.2338867e+01
   4.9936220e+06   2.3193359e+01
   4.9960380e+06   2.1484375e+01
   4.9990480e+06   2.2583008e+01
   4.9999210e+06   2.0874023e+01
   5.0011970e+06   2.0812988e+01
   5.0027620e+06   2.1667480e+01
   5.0095880e+06   2.0874023e+01
   5.0120330e+06   2.3742676e+01
   5.0127900e+06   2.3803711e+01
   5.0128180e+06   2.2583008e+01
   5.0128430e+06   2.4963379e+01
   5.0128670e+06   2.5207520e+01
   5.0129060e+06   3.6926270e+01
   5.0129160e+06   2.3376465e+01
   5.0129380e+06   2.0874023e+01
   5.0129570e+06   3.1555176e+01
   5.0129820e+06   2.7832031e+01
   5.0130040e+06   2.7343750e+01
   5.0130180e+06   3.2043457e+01
   5.0130300e+06   2.3681641e+01
   5.0130550e+06   2.7160645e+01
   5.0130680e+06   2.5146484e+01
   5.0130890e+06   3.9855957e+01
   5.0131230e+06   2.7770996e+01
   5.0131330e+06   3.1616211e+01
   5.0131490e+06   2.4108887e+01
   5.0131780e+06   2.3742676e+01
   5.0132060e+06   2.1057129e+01
   5.0132560e+06   2.1728516e+01
   5.0132880e+06   2.2216797e+01
   5.0133060e+06   2.8686523e+01
   5.0133390e+06   2.3254395e+01
   5.0133490e+06   2.6123047e+01
   5.0135650e+06   2.1179199e+01
   5.0137030e+06   2.5878906e+01
   5.0138120e+06   2.9296875e+01
   5.0138760e+06   2.2033691e+01
   5.0144300e+06   2.2583008e+01
   5.0249830e+06   2.2888184e+01
   5.0287570e+06   2.2399902e+01
   5.0320190e+06   2.5207520e+01
   5.0360650e+06   2.2094727e+01
   5.0365980e+06   2.1118164e+01
   5.0415310e+06   2.1362305e+01
   5.0445060e+06   2.1789551e+01
   5.0451460e+06   2.3376465e+01
   5.0452370e+06   3.1188965e+01
   5.0452620e+06   2.3742676e+01
   5.0453000e+06   2.7343750e+01
   5.0453490e+06   3.9062500e+01
   5.0453730e+06   2.4169922e+01
   5.0453870e+06   2.6916504e+01
   5.0454290e+06   2.7770996e+01
   5.0454400e+06   2.0690918e+01
   5.0454580e+06   2.1789551e+01
   5.0454890e+06   2.8320313e+01
   5.0455180e+06   2.0690918e+01
   5.0455320e+06   2.2033691e+01
   5.0455880e+06   2.9846191e+01
   5.0456260e+06   2.2094727e+01
   5.0456910e+06   2.0629883e+01
   5.0457370e+06   2.2521973e+01
   5.0457800e+06   2.7832031e+01
   5.0458640e+06   2.2888184e+01
   5.0459000e+06   2.0874023e+01
   5.0459450e+06   2.1545410e+01
   5.0460340e+06   2.1911621e+01
   5.0461190e+06   2.3559570e+01
   5.0463600e+06   2.2155762e+01
   5.0499250e+06   2.1789551e+01
   5.0549350e+06   2.1728516e+01
   5.0571550e+06   2.5451660e+01
   5.0586510e+06   2.3315430e+01
   5.0594050e+06   2.2460938e+01
   5.0609390e+06   2.0874023e+01
   5.0612870e+06   2.2338867e+01
   5.0622430e+06   2.0874023e+01
   5.0626840e+06   2.4719238e+01
   5.0631110e+06   2.3315430e+01
   5.0635320e+06   2.1728516e+01
   5.0668080e+06   2.1850586e+01
   5.0701090e+06   2.2033691e+01
   5.0742180e+06   2.3315430e+01
   5.0755980e+06   2.4475098e+01
   5.0762880e+06   2.1057129e+01
   5.0781830e+06   2.3803711e+01
   5.0816550e+06   2.5024414e+01
   5.0847100e+06   2.1423340e+01
   5.0869860e+06   2.0629883e+01
   5.0899790e+06   2.2155762e+01
   5.0915850e+06   2.3315430e+01
   5.0943960e+06   2.3620605e+01
   5.1038960e+06   2.3071289e+01
   5.1045820e+06   2.1057129e+01
   5.1050750e+06   2.1301270e+01
   5.1052980e+06   2.0812988e+01
   5.1055270e+06   2.2399902e+01
   5.1107940e+06   2.5024414e+01
   5.1171470e+06   2.5756836e+01
   5.1945680e+06   2.1423340e+01
   5.2026550e+06   2.7099609e+01
   5.2051400e+06   2.0996094e+01
   5.2072040e+06   2.0690918e+01
   5.2457860e+06   2.2277832e+01
   5.2572990e+06   2.4230957e+01
   5.2808470e+06   2.5634766e+01
   5.2857070e+06   2.7282715e+01
   5.3201160e+06   2.8564453e+01
   5.3503300e+06   2.5573730e+01
   5.6593600e+06   2.1179199e+01
   5.6594620e+06   2.1240234e+01
   5.6595300e+06   2.2399902e+01
   5.6595560e+06   2.0874023e+01
   5.6596130e+06   2.0874023e+01
   5.6596730e+06   2.3315430e+01
   5.6597060e+06   2.2460938e+01
   5.6598200e+06   2.1728516e+01
   5.6598560e+06   3.1616211e+01
   5.6598700e+06   2.7160645e+01
   5.6599940e+06   2.6367188e+01
   5.6600520e+06   2.1545410e+01
   5.6601470e+06   2.6977539e+01
   5.6602570e+06   2.2338867e+01
   5.6603160e+06   2.1484375e+01
   5.6604270e+06   2.1484375e+01
   5.6605000e+06   2.4475098e+01
   5.6606380e+06   2.1606445e+01
   5.6609350e+06   2.2460938e+01
   5.6611580e+06   2.0935059e+01
   5.6740990e+06   2.2521973e+01
   5.6978770e+06   2.6245117e+01
   5.7064840e+06   2.3071289e+01
   6.0160100e+06   2.6062012e+01
   6.0683110e+06   2.1423340e+01
   6.0737830e+06   2.1667480e+01
   6.0740080e+06   2.3315430e+01
   6.0913920e+06   2.8320313e+01
   6.2897050e+06   2.5390625e+01
   6.3270040e+06   2.2949219e+01
   6.3375550e+06   2.3071289e+01
   6.3671790e+06   2.8808594e+01
   6.3673050e+06   2.6611328e+01
   6.3673340e+06   2.0751953e+01
   6.3673890e+06   2.7954102e+01
   6.3674640e+06   4.8217773e+01
   6.3674970e+06   2.8564453e+01
   6.3675240e+06   2.9418945e+01
   6.3675440e+06   3.3325195e+01
   6.3675630e+06   2.4108887e+01
   6.3675820e+06   2.4658203e+01
   6.3676430e+06   2.7709961e+01
   6.3676980e+06   2.1667480e+01
   6.3677220e+06   2.4475098e+01
   6.3677580e+06   2.6611328e+01
   6.3677700e+06   2.6428223e+01
   6.3678020e+06   3.1738281e+01
   6.3678230e+06   2.2277832e+01
   6.3679290e+06   2.2766113e+01
   6.3679610e+06   2.5451660e+01
   6.3680400e+06   2.0996094e+01
   6.3682800e+06   2.1240234e+01
   6.3683380e+06   2.3986816e+01
   6.3685300e+06   2.3803711e+01
   6.3686610e+06   2.3376465e+01
   6.3690040e+06   2.1179199e+01
   6.3704200e+06   2.0812988e+01
   6.3817530e+06   2.2460938e+01
   6.3843970e+06   2.2399902e+01
   6.3847890e+06   2.2705078e+01
   6.3862200e+06   2.0935059e+01
   6.3870690e+06   2.7038574e+01
   6.3873270e+06   2.1972656e+01
   6.3878760e+06   2.3620605e+01
   6.3885630e+06   2.3559570e+01
   6.3900680e+06   2.2338867e+01
   6.3904080e+06   2.3803711e+01
   6.3914460e+06   2.4230957e+01
   6.3924740e+06   2.1972656e+01
   6.3933180e+06   2.2033691e+01
   6.3949270e+06   2.2583008e+01
   6.3961970e+06   2.1240234e+01
   6.3976600e+06   2.2705078e+01
   6.3979530e+06   2.3010254e+01
   6.3985480e+06   2.1423340e+01
   6.4002890e+06   2.1911621e+01
   6.4005410e+06   2.2338867e+01
   6.4046200e+06   2.2399902e+01
   6.4060390e+06   2.4169922e+01
   6.4063570e+06   2.1240234e+01
   6.4066440e+06   2.2338867e+01
   6.4075750e+06   2.2094727e+01
   6.4086900e+06   2.1057129e+01
   6.4089970e+06   2.1972656e+01
   6.4093070e+06   2.6855469e+01
   6.4135860e+06   2.4047852e+01
   6.4140100e+06   2.0935059e+01
   6.4143970e+06   2.1362305e+01
   6.4146640e+06   2.1057129e+01
   6.4168210e+06   2.1667480e+01
   6.4183950e+06   2.4536133e+01
   6.4184130e+06   2.1240234e+01
   6.4184710e+06   2.5085449e+01
   6.4185080e+06   2.1057129e+01
   6.4185220e+06   2.1545410e+01
   6.4185410e+06   2.2155762e+01
   6.4185730e+06   3.3020020e+01
   6.4185900e+06   2.5634766e+01
   6.4186050e+06   3.1066895e+01
   6.4186220e+06   2.7526855e+01
   6.4186420e+06   2.1423340e+01
   6.4186550e+06   3.0151367e+01
   6.4186720e+06   2.1301270e+01
   6.4186990e+06   2.5451660e+01
   6.4187220e+06   2.1545410e+01
   6.4188040e+06   2.0874023e+01
   6.4188170e+06   2.1362305e+01
   6.4188380e+06   2.3620605e+01
   6.4188540e+06   2.2094727e+01
   6.4188890e+06   2.2399902e+01
   6.4189450e+06   2.3132324e+01
   6.4189630e+06   2.3071289e+01
   6.4190120e+06   2.3498535e+01
   6.4190320e+06   2.1362305e+01
   6.4191120e+06   2.3193359e+01
   6.4191780e+06   2.1118164e+01
   6.4192160e+06   2.7221680e+01
   6.4192720e+06   2.2094727e+01
   6.4194740e+06   2.3620605e+01
   6.4195380e+06   2.1301270e+01
   6.4196420e+06   2.2766113e+01
   6.4197560e+06   2.8076172e+01
   6.4198210e+06   2.2155762e+01
   6.4198640e+06   2.3010254e+01
   6.4199590e+06   2.6428223e+01
   6.4201440e+06   2.3498535e+01
   6.4202180e+06   2.2094727e+01
   6.4207250e+06   2.2338867e+01
   6.4284810e+06   2.3071289e+01
   6.4289750e+06   2.1484375e+01
   6.4293130e+06   2.2216797e+01
   6.4297540e+06   2.5512695e+01
   6.4307230e+06   2.2094727e+01
   6.4309610e+06   2.0935059e+01
   6.4315630e+06   2.1545410e+01
   6.4327840e+06   2.1362305e+01
   6.4337540e+06   2.3254395e+01
   6.4340510e+06   2.3986816e+01
   6.4355270e+06   2.6428223e+01
   6.4357460e+06   2.1789551e+01
   6.4361730e+06   2.1179199e+01
   6.4381680e+06   2.0751953e+01
   6.4387300e+06   2.3498535e+01
   6.4395930e+06   2.6000977e+01
   6.4415340e+06   2.2094727e+01
   6.4417410e+06   2.7587891e+01
   6.4417770e+06   2.3193359e+01
   6.4418070e+06   2.2033691e+01
   6.4418370e+06   3.2531738e+01
   6.4418610e+06   2.6855469e+01
   6.4418860e+06   3.2775879e+01
   6.4419070e+06   3.7902832e+01
   6.4419300e+06   2.9357910e+01
   6.4419480e+06   2.3254395e+01
   6.4419640e+06   2.7160645e+01
   6.4419760e+06   2.6733398e+01
   6.4420340e+06   2.3437500e+01
   6.4420620e+06   3.2226563e+01
   6.4421130e+06   2.5756836e+01
   6.4422040e+06   2.0812988e+01
   6.4422390e+06   2.2033691e+01
   6.4422520e+06   2.2338867e+01
   6.4422890e+06   3.8085938e+01
   6.4423830e+06   2.4414063e+01
   6.4423990e+06   2.1850586e+01
   6.4424420e+06   2.3681641e+01
   6.4424670e+06   2.1118164e+01
   6.4426860e+06   2.2949219e+01
   6.4427630e+06   2.2277832e+01
   6.4428570e+06   2.1850586e+01
   6.4429710e+06   2.1484375e+01
   6.4431790e+06   2.0751953e+01
   6.4439800e+06   2.1423340e+01
   6.4480030e+06   2.7465820e+01
   6.4487310e+06   2.1423340e+01
   6.4489340e+06   2.2827148e+01
   6.4535920e+06   2.1423340e+01
   6.4541970e+06   2.1667480e+01
   6.4572700e+06   2.2766113e+01
   6.4574670e+06   2.3803711e+01
   6.4581470e+06   2.1911621e+01
   6.4589180e+06   2.1484375e+01
   6.4596670e+06   2.0935059e+01
   6.4610620e+06   2.1850586e+01
   6.4619580e+06   2.2827148e+01
   6.4630170e+06   2.2583008e+01
   6.4633400e+06   2.0935059e+01
   6.4640270e+06   2.1606445e+01
   6.4642870e+06   2.0874023e+01
   6.4643220e+06   2.1240234e+01
   6.4655590e+06   2.2399902e+01
   6.4660180e+06   2.1179199e+01
   6.4662930e+06   2.2888184e+01
   6.4671010e+06   2.3498535e+01
   6.4672530e+06   2.1667480e+01
   6.4674820e+06   2.1362305e+01
   6.4675760e+06   2.3254395e+01
   6.4676110e+06   3.1921387e+01
   6.4676250e+06   2.8930664e+01
   6.4676700e+06   2.1728516e+01
   6.4677040e+06   2.6306152e+01
   6.4677350e+06   2.8320313e+01
   6.4677520e+06   2.6489258e+01
   6.4677670e+06   2.4475098e+01
   6.4678080e+06   2.3498535e+01
   6.4678370e+06   2.6733398e+01
   6.4678650e+06   2.4841309e+01
   6.4678780e+06   2.6123047e+01
   6.4679530e+06   2.3437500e+01
   6.4680670e+06   2.9357910e+01
   6.4681050e+06   2.1545410e+01
   6.4681400e+06   2.9663086e+01
   6.4681670e+06   2.0812988e+01
   6.4681850e+06   2.1545410e+01
   6.4684210e+06   2.2155762e+01
   6.4686490e+06   2.4047852e+01
   6.4687670e+06   2.0996094e+01
   6.4688340e+06   2.0751953e+01
   6.4695110e+06   2.3437500e+01
   6.4773590e+06   2.1301270e+01
   6.4799310e+06   2.5207520e+01
   6.4805900e+06   2.2277832e+01
   6.4844760e+06   2.1545410e+01
   6.4845500e+06   2.1240234e+01
   6.4865830e+06   2.6428223e+01
   6.4883080e+06   2.1850586e+01
   6.4896970e+06   2.2277832e+01
   6.4908270e+06   2.3925781e+01
   6.4912250e+06   2.4169922e+01
   6.4914070e+06   2.3071289e+01
   6.4923790e+06   2.3315430e+01
   6.4933200e+06   2.3193359e+01
   6.4936030e+06   2.1606445e+01
   6.4942650e+06   2.1667480e+01
   6.4946240e+06   2.8625488e+01
   6.4954400e+06   2.1118164e+01
   6.4972490e+06   2.4536133e+01
   6.4980470e+06   2.3681641e+01
   6.4981350e+06   2.7648926e+01
   6.4981520e+06   2.1301270e+01
   6.4981750e+06   2.7038574e+01
   6.4982070e+06   2.8991699e+01
   6.4982370e+06   2.2277832e+01
   6.4982620e+06   2.3315430e+01
   6.4982870e+06   3.3203125e+01
   6.4982980e+06   2.5512695e+01
   6.4983420e+06   2.3254395e+01
   6.4983730e+06   2.6489258e+01
   6.4983840e+06   2.2155762e+01
   6.4984080e+06   2.4475098e+01
   6.4984430e+06   3.1860352e+01
   6.4984750e+06   2.4719238e+01
   6.4986200e+06   2.5207520e+01
   6.4988250e+06   2.7954102e+01
   6.4989770e+06   2.1179199e+01
   6.4990470e+06   2.3803711e+01
   6.4991340e+06   2.1240234e+01
   6.4992870e+06   2.0996094e+01
   6.4995710e+06   2.1118164e+01
   6.4996170e+06   2.1911621e+01
   6.5100570e+06   2.2583008e+01
   6.5114860e+06   2.1850586e+01
   6.5148470e+06   2.2338867e+01
   6.5152420e+06   2.3742676e+01
   6.5162230e+06   2.4353027e+01
   6.5192200e+06   2.2155762e+01
   6.5195600e+06   2.1606445e+01
   6.5211560e+06   2.1545410e+01
   6.5215810e+06   2.2399902e+01
   6.5235680e+06   2.3132324e+01
   6.5253140e+06   2.1057129e+01
   6.5280740e+06   2.0996094e+01
   6.5283310e+06   2.2277832e+01
   6.5287670e+06   2.1423340e+01
   6.5292200e+06   2.0935059e+01
   6.5347510e+06   2.2705078e+01
   6.5361440e+06   2.0751953e+01
   6.5364410e+06   2.0874023e+01
   6.5389100e+06   2.1545410e+01
   6.5431310e+06   2.1240234e+01
   6.5488440e+06   2.1240234e+01
   6.5504850e+06   2.4291992e+01
   6.5515060e+06   2.5695801e+01
   6.5531760e+06   2.0812988e+01
   6.5614990e+06   2.1362305e+01
   6.5666610e+06   2.0874023e+01
   6.5675020e+06   2.7465820e+01
   6.5727390e+06   2.3742676e+01
   6.5794270e+06   2.1057129e+01
   6.5805050e+06   2.1545410e+01
   6.5833310e+06   2.2277832e+01
   6.6189520e+06   2.3864746e+01
   6.6382110e+06   2.3986816e+01
   6.6433420e+06   2.2094727e+01
   6.6491880e+06   2.2155762e+01
   6.6537280e+06   2.2033691e+01
   6.6690840e+06   2.2521973e+01
   6.6719170e+06   2.2888184e+01
   6.6751100e+06   2.0751953e+01
   6.6988640e+06   2.1423340e+01
   6.7787710e+06   2.2399902e+01
   6.7983220e+06   2.6733398e+01
   6.8062520e+06   2.1545410e+01
   7.0923120e+06   2.1545410e+01
   7.1437720e+06   2.1362305e+01
   7.1440110e+06   2.4658203e+01
   7.3955320e+06   2.4780273e+01
   7.5725510e+06   2.1301270e+01
   7.6418920e+06   2.4597168e+01
   7.7706000e+06   2.1240234e+01
   7.8159330e+06   2.1362305e+01
   7.8302130e+06   2.1301270e+01
   7.8302770e+06   2.6977539e+01
   7.8303110e+06   2.6611328e+01
   7.8303530e+06   2.0751953e+01
   7.8303750e+06   2.3071289e+01
   7.8304100e+06   2.9174805e+01
   7.8304830e+06   3.8513184e+01
   7.8305110e+06   4.4006348e+01
   7.8305420e+06   3.1677246e+01
   7.8305710e+06   3.0517578e+01
   7.8306020e+06   2.0935059e+01
   7.8306160e+06   2.3864746e+01
   7.8306510e+06   2.8137207e+01
   7.8307890e+06   2.3315430e+01
   7.8308130e+06   2.1667480e+01
   7.8308440e+06   2.2399902e+01
   7.8308570e+06   2.0812988e+01
   7.8309820e+06   2.1667480e+01
   7.8310640e+06   2.2094727e+01
   7.8311220e+06   2.0751953e+01
   7.8311880e+06   2.3437500e+01
   7.8312410e+06   2.3132324e+01
   7.8312730e+06   2.2888184e+01
   7.8314200e+06   2.4597168e+01
   7.8314890e+06   2.8076172e+01
   7.8320430e+06   2.1545410e+01
   7.8473240e+06   2.5512695e+01
   7.8486010e+06   2.1179199e+01
   7.8493980e+06   2.2094727e+01
   7.8497100e+06   2.2766113e+01
   7.8502560e+06   2.1850586e+01
   7.8504800e+06   2.1179199e+01
   7.8520830e+06   2.9968262e+01
   7.8530430e+06   2.3864746e+01
   7.8548000e+06   2.4230957e+01
   7.8559420e+06   2.0935059e+01
   7.8561400e+06   2.3437500e+01
   7.8586850e+06   2.2155762e+01
   7.8605820e+06   2.3620605e+01
   7.8609080e+06   2.0935059e+01
   7.8611370e+06   2.3498535e+01
   7.8631030e+06   2.3864746e+01
   7.8667320e+06   2.0812988e+01
   7.8671190e+06   2.5390625e+01
   7.8685590e+06   2.1301270e+01
   7.8692020e+06   2.1118164e+01
   7.8695970e+06   2.0874023e+01
   7.8707010e+06   2.3498535e+01
   7.8722150e+06   2.1240234e+01
   7.8725580e+06   2.4291992e+01
   7.8729350e+06   2.2094727e+01
   7.8745370e+06   2.1362305e+01
   7.8757540e+06   2.4414063e+01
   7.8780520e+06   2.1850586e+01
   7.8782980e+06   2.1972656e+01
   7.8807660e+06   2.2216797e+01
   7.8812180e+06   2.4658203e+01
   7.8841120e+06   2.2705078e+01
   7.8853160e+06   2.0935059e+01
   7.8867690e+06   2.2766113e+01
   7.8875050e+06   2.1484375e+01
   7.8887830e+06   2.2521973e+01
   7.8893170e+06   2.2399902e+01
   7.8896970e+06   2.7770996e+01
   7.8897300e+06   2.1240234e+01
   7.8897640e+06   2.4414063e+01
   7.8897810e+06   3.3813477e+01
   7.8897980e+06   2.3864746e+01
   7.8898300e+06   2.4475098e+01
   7.8898400e+06   2.8625488e+01
   7.8898700e+06   2.7465820e+01
   7.8898960e+06   2.5024414e+01
   7.8899070e+06   2.2277832e+01
   7.8899360e+06   2.2949219e+01
   7.8900440e+06   2.6794434e+01
   7.8900780e+06   2.1667480e+01
   7.8901050e+06   2.3742676e+01
   7.8901830e+06   2.4047852e+01
   7.8901980e+06   2.5207520e+01
   7.8902610e+06   2.1240234e+01
   7.8903260e+06   3.2592773e+01
   7.8904300e+06   2.8747559e+01
   7.8904410e+06   2.2521973e+01
   7.8905060e+06   2.2644043e+01
   7.8906080e+06   2.1972656e+01
   7.8907730e+06   2.4291992e+01
   7.8908580e+06   2.3010254e+01
   7.8909450e+06   2.3254395e+01
   7.8913630e+06   2.1423340e+01
   7.8914480e+06   2.0751953e+01
   7.8914760e+06   2.1362305e+01
   7.8920510e+06   2.1606445e+01
   7.8954130e+06   2.3193359e+01
   7.8981810e+06   2.1057129e+01
   7.8985920e+06   2.4902344e+01
   7.8997930e+06   2.1057129e+01
   7.9024820e+06   2.0996094e+01
   7.9031810e+06   2.3193359e+01
   7.9035410e+06   2.3620605e+01
   7.9047370e+06   2.0996094e+01
   7.9069880e+06   2.1118164e+01
   7.9072170e+06   2.3193359e+01
   7.9078800e+06   2.2155762e+01
   7.9082670e+06   2.1179199e+01
   7.9087520e+06   2.2644043e+01
   7.9090830e+06   2.1667480e+01
   7.9093870e+06   2.2705078e+01
   7.9146810e+06   2.2705078e+01
   7.9149790e+06   2.3254395e+01
   7.9151380e+06   2.3193359e+01
   7.9152180e+06   2.2766113e+01
   7.9152290e+06   3.2653809e+01
   7.9152580e+06   3.2226563e+01
   7.9152960e+06   2.3010254e+01
   7.9153190e+06   3.1982422e+01
   7.9153380e+06   2.3437500e+01
   7.9153530e+06   4.0466309e+01
   7.9153960e+06   2.1118164e+01
   7.9154180e+06   2.2155762e+01
   7.9154440e+06   5.4443359e+01
   7.9154860e+06   2.9357910e+01
   7.9155100e+06   2.9479980e+01
   7.9155200e+06   2.1728516e+01
   7.9155570e+06   2.5634766e+01
   7.9155670e+06   2.1423340e+01
   7.9156290e+06   2.1545410e+01
   7.9157180e+06   2.1057129e+01
   7.9157430e+06   2.4536133e+01
   7.9157810e+06   2.3315430e+01
   7.9158140e+06   2.3498535e+01
   7.9159110e+06   2.1667480e+01
   7.9160420e+06   2.2644043e+01
   7.9161150e+06   2.6062012e+01
   7.9161750e+06   2.2766113e+01
   7.9162910e+06   2.1789551e+01
   7.9164730e+06   2.2583008e+01
   7.9166030e+06   2.1240234e+01
   7.9167000e+06   2.2460938e+01
   7.9172600e+06   2.0996094e+01
   7.9197780e+06   2.2094727e+01
   7.9220810e+06   2.4414063e+01
   7.9241200e+06   2.1789551e+01
   7.9260470e+06   2.1667480e+01
   7.9264570e+06   2.4169922e+01
   7.9271210e+06   2.4230957e+01
   7.9284770e+06   2.1850586e+01
   7.9289600e+06   2.0996094e+01
   7.9299540e+06   2.3193359e+01
   7.9309120e+06   2.2033691e+01
   7.9312200e+06   2.0935059e+01
   7.9316420e+06   2.1545410e+01
   7.9325680e+06   2.2766113e+01
   7.9335890e+06   2.1911621e+01
   7.9349770e+06   2.2399902e+01
   7.9363230e+06   2.4108887e+01
   7.9371200e+06   2.1118164e+01
   7.9397010e+06   2.0996094e+01
   7.9414380e+06   2.1850586e+01
   7.9469770e+06   2.1850586e+01
   7.9472590e+06   2.0751953e+01
   7.9503140e+06   2.2338867e+01
   7.9523300e+06   2.0996094e+01
   7.9538340e+06   2.0874023e+01
   7.9541930e+06   2.2949219e+01
   7.9568800e+06   2.1118164e+01
   7.9582530e+06   2.3864746e+01
   7.9585480e+06   2.3132324e+01
   7.9599320e+06   2.1545410e+01
   7.9619290e+06   2.3193359e+01
   7.9635840e+06   2.1057129e+01
   7.9660170e+06   2.1911621e+01
   7.9667300e+06   2.1423340e+01
   7.9673670e+06   2.1301270e+01
   7.9722140e+06   2.3071289e+01
   7.9726150e+06   2.4597168e+01
   7.9760190e+06   2.1484375e+01
   7.9762000e+06   2.1057129e+01
   7.9824150e+06   2.2094727e+01
   7.9858310e+06   2.1484375e+01
   7.9881530e+06   2.1728516e+01
   7.9885960e+06   2.1728516e+01
   7.9888770e+06   2.8625488e+01
   7.9939650e+06   2.0751953e+01
   7.9986060e+06   2.1789551e+01
   7.9990620e+06   2.4780273e+01
   8.0034280e+06   2.3376465e+01
   8.0065510e+06   2.4963379e+01
   8.0078120e+06   2.6855469e+01
   8.0136240e+06   2.3681641e+01
   8.0169710e+06   2.3376465e+01
   8.0415790e+06   2.1728516e+01
   8.0496270e+06   2.3132324e+01
   8.0542470e+06   2.2827148e+01
   8.0858040e+06   2.2705078e+01
   8.0985900e+06   2.4536133e+01
   8.1606110e+06   2.3864746e+01
   8.1606360e+06   2.4353027e+01
   8.1607210e+06   2.1362305e+01
   8.1607390e+06   2.3864746e+01
   8.1607530e+06   2.2888184e+01
   8.1607650e+06   2.2766113e+01
   8.1608000e+06   4.2236328e+01
   8.1608430e+06   4.1259766e+01
   8.1608530e+06   3.0212402e+01
   8.1608730e+06   2.7526855e+01
   8.1608830e+06   3.1127930e+01
   8.1609240e+06   2.5085449e+01
   8.1609520e+06   2.8686523e+01
   8.1609710e+06   2.1850586e+01
   8.1609930e+06   2.4536133e+01
   8.1610210e+06   2.6733398e+01
   8.1610880e+06   2.8076172e+01
   8.1611160e+06   2.9663086e+01
   8.1611380e+06   2.4047852e+01
   8.1611620e+06   2.2888184e+01
   8.1611740e+06   3.1066895e+01
   8.1612130e+06   2.2399902e+01
   8.1612470e+06   2.1484375e+01
   8.1613070e+06   2.2827148e+01
   8.1613370e+06   2.2521973e+01
   8.1613680e+06   2.1362305e+01
   8.1614330e+06   2.4780273e+01
   8.1615000e+06   2.1484375e+01
   8.1615430e+06   2.2827148e+01
   8.1616930e+06   2.2094727e+01
   8.1805170e+06   2.2216797e+01
   8.1808820e+06   2.2644043e+01
   8.1834550e+06   2.0935059e+01
   8.1865830e+06   2.4169922e+01
   8.1914150e+06   2.1911621e+01
   8.2007130e+06   2.1118164e+01
   8.2009750e+06   2.2644043e+01
   8.2057130e+06   2.4841309e+01
   8.2102610e+06   2.0996094e+01
   8.2119820e+06   2.4291992e+01
   8.2131330e+06   2.1789551e+01
   8.2221890e+06   2.1972656e+01
   8.2327430e+06   2.4841309e+01
   8.2360960e+06   2.1301270e+01
   8.2532960e+06   2.6550293e+01
   8.2811370e+06   2.2827148e+01
   8.3034060e+06   2.2644043e+01
   8.3327770e+06   2.4047852e+01
   8.4017490e+06   2.9907227e+01
   8.4018240e+06   2.6977539e+01
   8.4018750e+06   2.5512695e+01
   8.4019090e+06   2.2949219e+01
   8.4019200e+06   2.1240234e+01
   8.4019800e+06   2.6123047e+01
   8.4019980e+06   2.4475098e+01
   8.4020410e+06   2.7404785e+01
   8.4020780e+06   3.0212402e+01
   8.4021040e+06   3.5095215e+01
   8.4021140e+06   3.3447266e+01
   8.4021470e+06   3.3508301e+01
   8.4021660e+06   2.9724121e+01
   8.4022250e+06   2.3254395e+01
   8.4022350e+06   2.6977539e+01
   8.4022620e+06   2.8015137e+01
   8.4022940e+06   2.4475098e+01
   8.4023520e+06   2.5146484e+01
   8.4023720e+06   2.3437500e+01
   8.4023840e+06   2.1423340e+01
   8.4024390e+06   2.1972656e+01
   8.4024650e+06   2.5756836e+01
   8.4025470e+06   2.4536133e+01
   8.4025750e+06   2.7648926e+01
   8.4027040e+06   2.4230957e+01
   8.4027930e+06   2.1606445e+01
   8.4029480e+06   2.7465820e+01
   8.4031610e+06   2.1484375e+01
   8.4036380e+06   2.0996094e+01
   8.4189370e+06   2.2155762e+01
   8.4218600e+06   2.2399902e+01
   8.4238730e+06   2.2705078e+01
   8.4258440e+06   2.2338867e+01
   8.4312190e+06   2.1545410e+01
   8.4347890e+06   2.1667480e+01
   8.4488590e+06   2.2583008e+01
   8.4534480e+06   2.1789551e+01
   8.4553410e+06   2.5878906e+01
   8.4629030e+06   2.8625488e+01
   8.4762110e+06   2.4963379e+01
   8.4854710e+06   2.1911621e+01
   8.4925990e+06   2.2827148e+01
   8.5477600e+06   2.1240234e+01
   8.6673430e+06   2.1057129e+01
   8.6769380e+06   2.5878906e+01
   8.8940130e+06   2.1362305e+01
   8.9555330e+06   2.6123047e+01
   8.9916770e+06   3.1005859e+01
   9.0159080e+06   3.0090332e+01
   9.0726290e+06   2.5085449e+01
   9.1111050e+06   2.3864746e+01
   9.3321920e+06   3.2104492e+01
   9.7617060e+06   2.2827148e+01
   9.7630560e+06   2.5573730e+01
   9.8124870e+06   2.1179199e+01
   9.8746470e+06   2.2460938e+01
   9.9989520e+06   2.1972656e+01
   1.0069135e+07   2.1850586e+01
   1.0474855e+07   2.3193359e+01
   1.0614641e+07   2.3437500e+01
   1.0616555e+07   2.1667480e+01
   1.0674104e+07   2.2399902e+01
   1.0721693e+07   2.2888184e+01
   1.0752350e+07   2.6367188e+01
   1.0964205e+07   2.1667480e+01
   1.1286141e+07   2.5146484e+01
   1.1368364e+07   2.2583008e+01
   1.1478960e+07   2.1179199e+01
   1.1478984e+07   2.6184082e+01
   1.1479016e+07   2.5085449e+01
   1.1479037e+07   2.1423340e+01
   1.1479062e+07   2.1911621e+01
   1.1479119e+07   2.2644043e+01
   1.1479137e+07   2.9541016e+01
   1.1479156e+07   2.1850586e+01
   1.1479175e+07   2.2644043e+01
   1.1479218e+07   2.3071289e+01
   1.1479272e+07   2.3376465e+01
   1.1479288e+07   2.0935059e+01
   1.1479311e+07   2.5085449e+01
   1.1479321e+07   2.5878906e+01
   1.1479333e+07   2.4108887e+01
   1.1479346e+07   2.5817871e+01
   1.1479474e+07   2.1789551e+01
   1.1479495e+07   2.2338867e+01
   1.1479687e+07   2.2155762e+01
   1.1479710e+07   2.4719238e+01
   1.1479778e+07   2.2216797e+01
   1.1479974e+07   2.1789551e+01
   1.1480204e+07   2.2766113e+01
   1.1480470e+07   2.1606445e+01
   1.1480530e+07   2.1179199e+01
   1.1480632e+07   2.1911621e+01
   1.1488533e+07   2.1423340e+01
   1.1491624e+07   2.1057129e+01
   1.1494729e+07   2.4780273e+01
   1.1495301e+07   2.1118164e+01
   1.1497241e+07   2.3742676e+01
   1.1499608e+07   2.2888184e+01
   1.1501219e+07   2.2094727e+01
   1.1502073e+07   2.5268555e+01
   1.1502376e+07   2.0935059e+01
   1.1503343e+07   2.2766113e+01
   1.1503785e+07   2.2644043e+01
   1.1507118e+07   2.1911621e+01
   1.1507841e+07   2.3132324e+01
   1.1508383e+07   2.2888184e+01
   1.1508734e+07   2.2644043e+01
   1.1508912e+07   2.0812988e+01
   1.1509357e+07   2.2033691e+01
   1.1509652e+07   2.7343750e+01
   1.1510678e+07   2.3681641e+01
   1.1511024e+07   2.0874023e+01
   1.1511519e+07   2.1362305e+01
   1.1511678e+07   2.3132324e+01
   1.1511906e+07   2.2033691e+01
   1.1512427e+07   2.1057129e+01
   1.1513549e+07   2.2888184e+01
   1.1513837e+07   2.4658203e+01
   1.1515590e+07   2.1423340e+01
   1.1515789e+07   2.0812988e+01
   1.1516203e+07   2.3071289e+01
   1.1517844e+07   2.2949219e+01
   1.1518119e+07   2.3193359e+01
   1.1518482e+07   2.1850586e+01
   1.1519252e+07   2.3132324e+01
   1.1522367e+07   2.2277832e+01
   1.1523513e+07   2.2399902e+01
   1.1525142e+07   2.0874023e+01
   1.1527748e+07   2.2460938e+01
   1.1531530e+07   2.3742676e+01
   1.1532193e+07   2.2277832e+01
   1.1534876e+07   2.9479980e+01
   1.1535199e+07   2.0874023e+01
   1.1536176e+07   2.8686523e+01
   1.1540168e+07   2.2766113e+01
   1.1544083e+07   2.1972656e+01
   1.1544911e+07   2.0935059e+01
   1.1545454e+07   2.2888184e+01
   1.1545690e+07   2.2705078e+01
   1.1546549e+07   2.1423340e+01
   1.1549194e+07   2.3498535e+01
   1.1550904e+07   2.5329590e+01
   1.1552784e+07   2.3803711e+01
   1.1553298e+07   2.0935059e+01
   1.1553491e+07   2.2827148e+01
   1.1553718e+07   2.7404785e+01
   1.1560618e+07   2.4658203e+01
   1.1562197e+07   2.3986816e+01
   1.1563105e+07   2.5268555e+01
   1.1565616e+07   2.4353027e+01
   1.1565854e+07   2.1850586e+01
   1.1567338e+07   2.3437500e+01
   1.1568177e+07   2.2766113e+01
   1.1569067e+07   2.2766113e+01
   1.1569311e+07   2.3376465e+01
   1.1572891e+07   2.1789551e+01
   1.1573282e+07   2.0935059e+01
   1.1574933e+07   2.3193359e+01
   1.1581647e+07   2.3742676e+01
   1.1585576e+07   2.1118164e+01
   1.1585908e+07   2.0874023e+01
   1.1588367e+07   2.1057129e+01
   1.1591795e+07   2.1972656e+01
   1.1592818e+07   2.6000977e+01
   1.1594834e+07   2.4536133e+01
   1.1613445e+07   2.1179199e+01
   1.1617407e+07   2.0874023e+01
   1.1619356e+07   2.1301270e+01
   1.1622881e+07   2.2827148e+01
   1.1634878e+07   2.2521973e+01
   1.1635170e+07   2.1850586e+01
   1.1638075e+07   2.1667480e+01
   1.1639905e+07   2.4536133e+01
   1.1640015e+07   2.4658203e+01
   1.1640129e+07   2.2949219e+01
   1.1640289e+07   2.2827148e+01
   1.1640625e+07   2.4291992e+01
   1.1657440e+07   2.0812988e+01
   1.1661531e+07   2.2583008e+01
   1.1665764e+07   2.1179199e+01
   1.1667012e+07   2.4414063e+01
   1.1672258e+07   2.5207520e+01
   1.1673682e+07   2.1667480e+01
   1.1689167e+07   2.1118164e+01
   1.1783639e+07   2.2460938e+01
   1.1856614e+07   2.1179199e+01
   1.1925671e+07   2.1240234e+01
   1.1985924e+07   2.4597168e+01
   1.1986331e+07   2.2705078e+01
