   1.1999000e+07   0.0000000e+00
   5.2952000e+04   1.9287109e+01
   5.4052000e+04   2.4963379e+01
   5.4386000e+04   3.2226563e+01
   1.8957300e+05   2.1850586e+01
   1.8986400e+05   3.1311035e+01
   2.5114100e+05   2.4230957e+01
   2.5118900e+05   2.1667480e+01
   2.5122900e+05   3.4973145e+01
   2.5124100e+05   5.9448242e+01
   2.5126900e+05   2.0935059e+01
   2.5131600e+05   2.1423340e+01
   2.5133400e+05   2.0446777e+01
   2.5135800e+05   2.9541016e+01
   2.5142400e+05   2.1606445e+01
   2.5144500e+05   2.5939941e+01
   2.5148200e+05   2.0568848e+01
   2.5152500e+05   3.3203125e+01
   2.5153600e+05   2.7648926e+01
   2.5158100e+05   2.0141602e+01
   2.5169600e+05   2.1606445e+01
   2.5180900e+05   3.5278320e+01
   2.5182400e+05   2.4108887e+01
   2.6728700e+05   2.6611328e+01
   2.6744000e+05   2.3376465e+01
   2.6750900e+05   2.9541016e+01
   2.6752500e+05   2.7282715e+01
   2.6755000e+05   2.7709961e+01
   2.6759400e+05   2.4230957e+01
   2.6761000e+05   2.4536133e+01
   2.6764300e+05   2.5878906e+01
   2.6766200e+05   3.6499023e+01
   2.6770000e+05   2.2827148e+01
   2.6771100e+05   2.0751953e+01
   2.6776000e+05   3.1738281e+01
   2.6790500e+05   1.9409180e+01
   2.6794500e+05   1.9531250e+01
   2.6799400e+05   2.0263672e+01
   2.6806100e+05   2.0751953e+01
   2.6807200e+05   1.9714355e+01
   2.6814100e+05   1.9897461e+01
   2.6825400e+05   2.1972656e+01
   2.6827200e+05   2.7282715e+01
   2.6843700e+05   2.4597168e+01
   3.4314500e+05   3.9245605e+01
   3.4341300e+05   3.2348633e+01
   3.4349700e+05   2.1911621e+01
   3.4352800e+05   2.9663086e+01
   3.4355000e+05   2.3315430e+01
   3.4357400e+05   2.2583008e+01
   3.4359400e+05   2.3864746e+01
   3.4362400e+05   2.4475098e+01
   3.4364300e+05   1.9592285e+01
   3.4368500e+05   2.5268555e+01
   3.4369500e+05   2.8930664e+01
   3.4373000e+05   2.5085449e+01
   3.4384400e+05   2.0385742e+01
   3.4387100e+05   2.0019531e+01
   3.4394500e+05   2.0141602e+01
   3.4395700e+05   1.9409180e+01
   3.4402300e+05   2.5817871e+01
   3.4415800e+05   2.2705078e+01
   3.4455700e+05   2.1850586e+01
   3.6462900e+05   2.5390625e+01
   3.6466500e+05   2.0019531e+01
   3.6469400e+05   2.9296875e+01
   3.6472900e+05   2.6916504e+01
   3.6474100e+05   4.8645020e+01
   3.6476200e+05   2.1057129e+01
   3.6479800e+05   2.4902344e+01
   3.6482200e+05   2.4047852e+01
   3.6484600e+05   2.0507813e+01
   3.6487800e+05   2.0385742e+01
   3.6492900e+05   2.3864746e+01
   3.6502000e+05   1.9287109e+01
   3.6517800e+05   1.9409180e+01
   3.6519100e+05   2.0263672e+01
   3.6531600e+05   1.9958496e+01
   3.6548000e+05   2.6672363e+01
   3.6564400e+05   2.1911621e+01
   4.2382500e+05   1.9531250e+01
   4.2384300e+05   3.0822754e+01
   4.2409200e+05   2.6062012e+01
   4.2424000e+05   3.0883789e+01
   4.2425900e+05   2.3620605e+01
   4.2429400e+05   2.9296875e+01
   4.2431700e+05   2.0629883e+01
   4.2434600e+05   2.7893066e+01
   4.2436400e+05   1.9653320e+01
   4.2440200e+05   2.6184082e+01
   4.2445300e+05   3.5339355e+01
   4.2448100e+05   1.9897461e+01
   4.2456800e+05   2.5024414e+01
   4.2470200e+05   2.2644043e+01
   4.2482500e+05   2.0812988e+01
   4.2496200e+05   1.9470215e+01
   4.7081400e+05   2.9968262e+01
   4.7084100e+05   2.3559570e+01
   4.7085600e+05   3.8696289e+01
   4.7089000e+05   3.5827637e+01
   4.7093400e+05   2.2155762e+01
   4.7102700e+05   2.0324707e+01
   4.7104700e+05   2.3986816e+01
   4.7107100e+05   2.0080566e+01
   4.7113900e+05   2.0690918e+01
   4.7121400e+05   2.0690918e+01
   4.7125200e+05   2.0690918e+01
   4.7148900e+05   2.0507813e+01
   4.7154400e+05   2.4719238e+01
   4.7166500e+05   2.1728516e+01
   5.0510600e+05   1.9470215e+01
   5.0514100e+05   3.0761719e+01
   5.0518500e+05   3.3691406e+01
   5.0519900e+05   3.9184570e+01
   5.0522900e+05   2.1667480e+01
   5.0524700e+05   3.0334473e+01
   5.0526200e+05   4.1625977e+01
   5.0530100e+05   1.9531250e+01
   5.0531200e+05   2.6062012e+01
   5.0534100e+05   2.1606445e+01
   5.0536100e+05   1.9470215e+01
   5.0538000e+05   2.4353027e+01
   5.0568900e+05   2.1789551e+01
   5.0585400e+05   1.9897461e+01
   5.0592300e+05   2.2399902e+01
   5.4437600e+05   3.3325195e+01
   5.4440200e+05   2.7404785e+01
   5.4443500e+05   3.8818359e+01
   5.4445300e+05   2.1789551e+01
   5.4448800e+05   3.1738281e+01
   5.4450600e+05   2.7465820e+01
   5.4453700e+05   2.3315430e+01
   5.4456800e+05   2.2521973e+01
   5.4471800e+05   1.9531250e+01
   5.4524300e+05   1.9897461e+01
   5.4532000e+05   2.1179199e+01
   5.4542000e+05   2.1118164e+01
   5.7869300e+05   2.0080566e+01
   5.7872400e+05   3.3142090e+01
   5.7876200e+05   3.4790039e+01
   5.7878900e+05   2.2644043e+01
   5.7881400e+05   2.0202637e+01
   5.7885600e+05   1.9470215e+01
   5.7890900e+05   2.8076172e+01
   5.7894100e+05   2.3803711e+01
   5.7897100e+05   2.0629883e+01
   5.7916800e+05   2.3193359e+01
   5.7927600e+05   2.0446777e+01
   5.7928600e+05   1.9470215e+01
   5.7946300e+05   2.4536133e+01
   5.7960000e+05   2.3315430e+01
   5.8331900e+05   2.2460938e+01
   5.8401100e+05   2.3803711e+01
   6.0252000e+05   2.0446777e+01
   6.0781600e+05   2.6733398e+01
   6.0783100e+05   3.1677246e+01
   6.0785600e+05   3.2226563e+01
   6.0787900e+05   2.5390625e+01
   6.0793400e+05   2.5085449e+01
   6.0798400e+05   2.4536133e+01
   6.0799800e+05   1.9775391e+01
   6.0803000e+05   2.4047852e+01
   6.0804400e+05   2.6977539e+01
   6.0809400e+05   2.0202637e+01
   6.0833400e+05   1.9653320e+01
   6.0844200e+05   1.9470215e+01
   6.0850300e+05   2.1057129e+01
   6.0852400e+05   2.4963379e+01
   6.0896600e+05   1.9287109e+01
   6.3331200e+05   2.1240234e+01
   6.3332800e+05   2.6123047e+01
   6.3335200e+05   2.2338867e+01
   6.3336700e+05   2.6123047e+01
   6.3339500e+05   3.0212402e+01
   6.3342000e+05   3.7353516e+01
   6.3344900e+05   2.0690918e+01
   6.3346000e+05   2.1911621e+01
   6.3348900e+05   3.4851074e+01
   6.3355900e+05   1.9775391e+01
   6.3358900e+05   2.1301270e+01
   6.3365300e+05   2.2583008e+01
   6.3381800e+05   1.9470215e+01
   6.3391300e+05   2.1972656e+01
   6.3392800e+05   2.6123047e+01
   6.3406000e+05   2.0446777e+01
   6.3423800e+05   2.0263672e+01
   6.5450600e+05   2.1911621e+01
   6.5453500e+05   2.8747559e+01
   6.5456000e+05   2.2949219e+01
   6.5459500e+05   3.0395508e+01
   6.5460900e+05   2.9541016e+01
   6.5463200e+05   2.3132324e+01
   6.5465100e+05   3.9428711e+01
   6.5468200e+05   2.2521973e+01
   6.5470400e+05   2.3376465e+01
   6.5473700e+05   2.8442383e+01
   6.5475100e+05   2.0812988e+01
   6.5485700e+05   2.0812988e+01
   6.5501500e+05   2.0019531e+01
   6.5504900e+05   1.9714355e+01
   6.5511600e+05   2.2888184e+01
   6.5525500e+05   2.0080566e+01
   6.5529400e+05   1.9592285e+01
   6.7363200e+05   3.8757324e+01
   6.7367600e+05   3.4545898e+01
   6.7372300e+05   1.9592285e+01
   6.7374500e+05   3.5522461e+01
   6.7376100e+05   3.3996582e+01
   6.7378600e+05   2.3925781e+01
   6.7382000e+05   2.3742676e+01
   6.7385100e+05   2.4353027e+01
   6.7387500e+05   3.5278320e+01
   6.7388500e+05   3.0212402e+01
   6.7393400e+05   2.0690918e+01
   6.7397500e+05   2.0019531e+01
   6.7398600e+05   2.4597168e+01
   6.7401700e+05   2.0202637e+01
   6.7424300e+05   2.2155762e+01
   6.7434500e+05   2.6611328e+01
   6.7444800e+05   2.0874023e+01
   6.9027400e+05   2.6733398e+01
   6.9029000e+05   2.0263672e+01
   6.9037400e+05   2.4658203e+01
   6.9038900e+05   2.8686523e+01
   6.9042700e+05   2.4536133e+01
   6.9047900e+05   2.4291992e+01
   6.9053000e+05   2.4353027e+01
   6.9054800e+05   2.9785156e+01
   6.9059600e+05   3.1066895e+01
   6.9063100e+05   2.3986816e+01
   6.9064400e+05   2.8076172e+01
   6.9070200e+05   2.0324707e+01
   6.9079600e+05   1.9897461e+01
   6.9085700e+05   2.4780273e+01
   7.1148400e+05   2.8076172e+01
   7.1160600e+05   2.1179199e+01
   7.1164100e+05   2.7648926e+01
   7.1168100e+05   2.6611328e+01
   7.1169400e+05   1.9775391e+01
   7.1173700e+05   2.4475098e+01
   7.1175400e+05   4.2175293e+01
   7.1177900e+05   2.7770996e+01
   7.1183300e+05   2.2827148e+01
   7.1185200e+05   2.1850586e+01
   7.1188600e+05   2.0080566e+01
   7.1194500e+05   2.1850586e+01
   7.1199100e+05   1.9287109e+01
   7.2739900e+05   2.8503418e+01
   7.2757200e+05   4.2419434e+01
   7.2759200e+05   2.2705078e+01
   7.2767800e+05   2.1057129e+01
   7.2771700e+05   4.0527344e+01
   7.2774900e+05   2.4597168e+01
   7.2777800e+05   2.0446777e+01
   7.2780500e+05   3.0334473e+01
   7.2784200e+05   3.0029297e+01
   7.2791900e+05   3.0761719e+01
   7.2795000e+05   2.4169922e+01
   7.2797100e+05   2.3498535e+01
   7.2800400e+05   2.2277832e+01
   7.2803300e+05   1.9775391e+01
   7.2809300e+05   2.4108887e+01
   7.2817600e+05   2.0874023e+01
   7.4078500e+05   2.4658203e+01
   7.4101900e+05   2.5634766e+01
   7.4122900e+05   2.1057129e+01
   7.4127100e+05   3.8696289e+01
   7.4128200e+05   2.1789551e+01
   7.4132100e+05   2.1789551e+01
   7.4134100e+05   2.0751953e+01
   7.4137300e+05   2.6977539e+01
   7.4140300e+05   2.9602051e+01
   7.4143100e+05   2.6123047e+01
   7.4145400e+05   2.1301270e+01
   7.4148600e+05   2.1179199e+01
   7.4150500e+05   2.3620605e+01
   7.4153700e+05   2.4780273e+01
   7.4155300e+05   1.9775391e+01
   7.4160600e+05   2.4780273e+01
   7.5688100e+05   2.7648926e+01
   7.5706900e+05   2.6000977e+01
   7.5711400e+05   2.5634766e+01
   7.5712600e+05   2.0080566e+01
   7.5723000e+05   2.7832031e+01
   7.5730400e+05   4.9011230e+01
   7.5731900e+05   2.0080566e+01
   7.5743300e+05   2.1789551e+01
   7.8050600e+05   2.4719238e+01
   7.8066100e+05   2.1118164e+01
   7.8079900e+05   2.7038574e+01
   7.8081400e+05   2.0874023e+01
   7.8090000e+05   2.1423340e+01
   7.8092400e+05   2.8259277e+01
   7.8097100e+05   2.4291992e+01
   7.8104400e+05   1.9714355e+01
   7.9720900e+05   2.9479980e+01
   7.9736800e+05   2.2155762e+01
   7.9751700e+05   2.1728516e+01
   7.9761700e+05   2.3986816e+01
   7.9765700e+05   2.8686523e+01
   8.1864700e+05   3.5339355e+01
   8.1879400e+05   2.7893066e+01
   8.1886400e+05   2.0812988e+01
   8.1889200e+05   1.9897461e+01
   8.1893400e+05   1.9714355e+01
   8.3571500e+05   2.8747559e+01
   8.3588100e+05   2.6794434e+01
   8.3601700e+05   2.0812988e+01
   8.3606100e+05   2.1362305e+01
   8.8542100e+05   3.5461426e+01
   8.8556800e+05   2.9479980e+01
   8.8571500e+05   2.6245117e+01
   8.8577500e+05   2.0568848e+01
   8.8593700e+05   2.4475098e+01
   9.4680600e+05   3.6437988e+01
   9.4705600e+05   3.0273438e+01
   9.4732300e+05   2.1362305e+01
   9.4762400e+05   2.7893066e+01
   1.3713570e+06   2.2827148e+01
   1.3715350e+06   4.0771484e+01
   1.3724180e+06   2.0019531e+01
   1.3728560e+06   2.0568848e+01
   1.3734560e+06   2.4108887e+01
   1.4532980e+06   2.8076172e+01
   1.4533480e+06   2.7099609e+01
   1.4534170e+06   3.2836914e+01
   1.4534600e+06   3.4545898e+01
   1.4534840e+06   2.3071289e+01
   1.4534950e+06   2.9113770e+01
   1.4535380e+06   2.7282715e+01
   1.4535700e+06   2.5573730e+01
   1.4535970e+06   2.0263672e+01
   1.4536150e+06   3.4667969e+01
   1.4536330e+06   2.2888184e+01
   1.4536600e+06   2.3437500e+01
   1.4538350e+06   2.7526855e+01
   1.4539950e+06   1.9592285e+01
   1.4541080e+06   2.1240234e+01
   1.7620650e+06   2.0568848e+01
   1.9498530e+06   2.1972656e+01
   1.9503360e+06   2.2094727e+01
   1.9504030e+06   2.3010254e+01
   1.9504610e+06   3.7536621e+01
   1.9504930e+06   2.1179199e+01
   1.9505110e+06   3.2714844e+01
   1.9505490e+06   2.0263672e+01
   1.9505690e+06   4.0771484e+01
   1.9506010e+06   2.2521973e+01
   1.9506230e+06   2.5817871e+01
   1.9506490e+06   2.8015137e+01
   1.9506980e+06   2.7770996e+01
   1.9507340e+06   2.2644043e+01
   1.9507950e+06   3.4179688e+01
   1.9508790e+06   2.0690918e+01
   1.9510620e+06   3.5095215e+01
   1.9513160e+06   3.4790039e+01
   1.9514730e+06   1.9775391e+01
   1.9627300e+06   2.0141602e+01
   1.9635830e+06   3.0883789e+01
   1.9638110e+06   3.6560059e+01
   1.9638390e+06   2.3498535e+01
   1.9639590e+06   3.1372070e+01
   1.9639820e+06   3.9428711e+01
   1.9640450e+06   3.1921387e+01
   1.9640740e+06   2.3742676e+01
   1.9640880e+06   2.7770996e+01
   1.9641450e+06   4.3640137e+01
   1.9641750e+06   1.9653320e+01
   1.9642260e+06   3.0029297e+01
   1.9643340e+06   2.0019531e+01
   1.9643520e+06   2.1423340e+01
   1.9644120e+06   2.4291992e+01
   1.9644390e+06   2.3864746e+01
   1.9644560e+06   2.2338867e+01
   1.9645670e+06   2.1057129e+01
   1.9645780e+06   2.5329590e+01
   1.9646460e+06   2.8137207e+01
   1.9646590e+06   2.1362305e+01
   1.9647190e+06   2.1606445e+01
   1.9647680e+06   1.9287109e+01
   1.9648180e+06   1.9958496e+01
   2.1432570e+06   2.3193359e+01
   2.1433080e+06   2.4230957e+01
   2.1433700e+06   1.9409180e+01
   2.1434170e+06   3.7353516e+01
   2.1435010e+06   2.9479980e+01
   2.1435150e+06   2.0324707e+01
   2.1435440e+06   2.9235840e+01
   2.1435620e+06   2.5085449e+01
   2.1435900e+06   2.4414063e+01
   2.1436120e+06   3.0517578e+01
   2.1436590e+06   1.9470215e+01
   2.1437080e+06   2.1179199e+01
   2.1437280e+06   1.9775391e+01
   2.1437910e+06   2.0080566e+01
   2.1438500e+06   2.2827148e+01
   2.1438830e+06   2.2155762e+01
   2.1439780e+06   2.0019531e+01
   2.1441520e+06   2.2521973e+01
   2.1446680e+06   1.9348145e+01
   2.2559930e+06   4.0771484e+01
   2.2560040e+06   3.1494141e+01
   2.2560510e+06   2.7343750e+01
   2.2560900e+06   3.3874512e+01
   2.2561110e+06   2.0324707e+01
   2.2561530e+06   2.5695801e+01
   2.2561870e+06   2.5268555e+01
   2.2562160e+06   2.6977539e+01
   2.2563470e+06   2.5451660e+01
   2.2740210e+06   1.9592285e+01
   2.3050890e+06   2.5695801e+01
   2.3715770e+06   2.6184082e+01
   2.6415600e+06   2.3925781e+01
   2.6416290e+06   2.2155762e+01
   2.6416540e+06   2.8869629e+01
   2.6417010e+06   2.3803711e+01
   2.6417200e+06   2.2583008e+01
   2.6417480e+06   4.7546387e+01
   2.6417740e+06   2.2033691e+01
   2.6418750e+06   2.9846191e+01
   2.6419640e+06   2.2216797e+01
   2.6422720e+06   1.9470215e+01
   2.6628620e+06   1.9409180e+01
   2.6857070e+06   1.9409180e+01
   2.7490660e+06   1.9348145e+01
   2.8065420e+06   2.1423340e+01
   2.8066080e+06   2.5207520e+01
   2.8066330e+06   4.5715332e+01
   2.8066490e+06   2.0141602e+01
   2.8066820e+06   2.0568848e+01
   2.8066990e+06   2.6428223e+01
   2.8067180e+06   2.5329590e+01
   2.8067550e+06   3.0456543e+01
   2.8067770e+06   3.6437988e+01
   2.8068030e+06   3.7780762e+01
   2.8068190e+06   2.6672363e+01
   2.8068490e+06   2.3864746e+01
   2.8068770e+06   2.0446777e+01
   2.8068970e+06   2.0935059e+01
   2.8069110e+06   2.1423340e+01
   2.8069920e+06   2.1423340e+01
   2.8070040e+06   2.5817871e+01
   2.8070830e+06   2.4841309e+01
   2.8071280e+06   2.4841309e+01
   2.8072160e+06   2.0080566e+01
   2.8074880e+06   1.9775391e+01
   2.8087870e+06   2.0385742e+01
   2.8638540e+06   2.8259277e+01
   2.8639040e+06   2.0080566e+01
   2.8640630e+06   2.5085449e+01
   2.8641540e+06   2.1667480e+01
   2.8641680e+06   2.0385742e+01
   2.9158200e+06   2.5756836e+01
   2.9990560e+06   2.1118164e+01
   2.9990930e+06   2.4719238e+01
   2.9991050e+06   2.0996094e+01
   2.9991430e+06   2.7038574e+01
   2.9991630e+06   4.1564941e+01
   2.9991760e+06   2.1911621e+01
   2.9992280e+06   2.6184082e+01
   2.9992720e+06   2.5085449e+01
   2.9992860e+06   2.2460938e+01
   2.9993190e+06   2.9785156e+01
   2.9993820e+06   2.3681641e+01
   2.9994000e+06   2.2766113e+01
   2.9994380e+06   2.0385742e+01
   2.9994740e+06   2.1423340e+01
   2.9995030e+06   2.8320313e+01
   2.9995790e+06   2.1850586e+01
   2.9996670e+06   1.9836426e+01
   2.9998110e+06   2.3254395e+01
   2.9998520e+06   3.1005859e+01
   3.0165100e+06   1.9470215e+01
   3.0292990e+06   2.0568848e+01
   3.0293260e+06   2.1728516e+01
   3.0294220e+06   2.8564453e+01
   3.0294420e+06   3.6132813e+01
   3.0294570e+06   2.3498535e+01
   3.0294710e+06   1.9775391e+01
   3.0295000e+06   1.9409180e+01
   3.0295190e+06   3.8208008e+01
   3.0295390e+06   2.4291992e+01
   3.0295650e+06   2.0690918e+01
   3.0295810e+06   2.2583008e+01
   3.0295970e+06   2.6611328e+01
   3.0296380e+06   2.2033691e+01
   3.0296820e+06   2.2521973e+01
   3.0298070e+06   1.9775391e+01
   3.0301040e+06   2.0019531e+01
   3.0303220e+06   3.3142090e+01
   3.0305100e+06   1.9348145e+01
   3.0727600e+06   2.0446777e+01
   3.0728060e+06   2.7160645e+01
   3.0728390e+06   2.0141602e+01
   3.0728490e+06   3.2470703e+01
   3.0728730e+06   2.0141602e+01
   3.0728910e+06   2.0080566e+01
   3.0729300e+06   3.2104492e+01
   3.0729590e+06   3.5034180e+01
   3.0729690e+06   2.5878906e+01
   3.0729940e+06   2.1179199e+01
   3.0730150e+06   2.1423340e+01
   3.0730370e+06   2.3010254e+01
   3.0730980e+06   2.2460938e+01
   3.0731150e+06   1.9226074e+01
   3.0731450e+06   1.9775391e+01
   3.0731690e+06   1.9226074e+01
   3.0732070e+06   2.0202637e+01
   3.0733690e+06   2.3986816e+01
   3.0736020e+06   2.1911621e+01
   3.0736490e+06   2.0324707e+01
   3.0738010e+06   2.6794434e+01
   3.0738730e+06   1.9470215e+01
   3.0739460e+06   2.0263672e+01
   3.1097960e+06   2.8808594e+01
   3.1098270e+06   2.3193359e+01
   3.1098490e+06   3.5278320e+01
   3.1098670e+06   2.0629883e+01
   3.1098990e+06   2.0751953e+01
   3.1099220e+06   2.7099609e+01
   3.1099330e+06   3.1127930e+01
   3.1099560e+06   3.0700684e+01
   3.1099800e+06   2.4719238e+01
   3.1100140e+06   2.7282715e+01
   3.1100520e+06   2.0507813e+01
   3.1100700e+06   2.1179199e+01
   3.1102850e+06   1.9104004e+01
   3.1103280e+06   1.9470215e+01
   3.1103570e+06   2.1362305e+01
   3.1104540e+06   2.0568848e+01
   3.1105720e+06   2.7160645e+01
   3.1107750e+06   1.9409180e+01
   3.1108730e+06   2.1728516e+01
   3.1109220e+06   2.0996094e+01
   3.1111380e+06   1.9165039e+01
   3.1356840e+06   2.0996094e+01
   3.1356980e+06   1.9287109e+01
   3.1357260e+06   3.5461426e+01
   3.1357570e+06   3.3630371e+01
   3.1357800e+06   3.6315918e+01
   3.1358000e+06   3.0944824e+01
   3.1358210e+06   2.0690918e+01
   3.1358350e+06   3.1799316e+01
   3.1358490e+06   2.3864746e+01
   3.1358900e+06   1.9226074e+01
   3.1359310e+06   2.0080566e+01
   3.1359490e+06   2.0812988e+01
   3.1359680e+06   2.1606445e+01
   3.1360690e+06   1.9592285e+01
   3.1361180e+06   2.0935059e+01
   3.1362510e+06   2.2033691e+01
   3.1362920e+06   2.1240234e+01
   3.1363510e+06   2.6550293e+01
   3.1364420e+06   2.5085449e+01
   3.1364540e+06   2.9174805e+01
   3.1366490e+06   1.9348145e+01
   3.1366740e+06   2.6367188e+01
   3.1367680e+06   2.3071289e+01
   3.1681270e+06   1.9226074e+01
   3.1681590e+06   2.6550293e+01
   3.1681740e+06   2.0507813e+01
   3.1682250e+06   2.8930664e+01
   3.1682400e+06   2.9174805e+01
   3.1682640e+06   2.5390625e+01
   3.1683000e+06   2.2338867e+01
   3.1683170e+06   2.4169922e+01
   3.1683740e+06   2.0751953e+01
   3.1684510e+06   2.0629883e+01
   3.1687990e+06   2.0629883e+01
   3.1688180e+06   2.0690918e+01
   3.1689250e+06   2.0812988e+01
   3.1697670e+06   1.9104004e+01
   3.1980770e+06   2.0507813e+01
   3.1981000e+06   2.8198242e+01
   3.1981300e+06   3.2653809e+01
   3.1981650e+06   2.6489258e+01
   3.1981780e+06   3.2226563e+01
   3.1982370e+06   2.0996094e+01
   3.1982590e+06   2.0446777e+01
   3.1982850e+06   2.0690918e+01
   3.1983480e+06   2.4047852e+01
   3.1984450e+06   1.9592285e+01
   3.1985240e+06   1.9592285e+01
   3.1985620e+06   2.4353027e+01
   3.1986660e+06   3.0212402e+01
   3.1988980e+06   2.1606445e+01
   3.1991670e+06   1.9470215e+01
   3.2303170e+06   1.9287109e+01
   3.2303420e+06   2.2827148e+01
   3.2303660e+06   2.5573730e+01
   3.2303980e+06   3.2897949e+01
   3.2304200e+06   2.0446777e+01
   3.2304450e+06   3.8879395e+01
   3.2304670e+06   1.9287109e+01
   3.2305150e+06   2.1606445e+01
   3.2305720e+06   2.1240234e+01
   3.2307180e+06   2.0080566e+01
   3.2308080e+06   1.9104004e+01
   3.2309040e+06   2.8625488e+01
   3.2309710e+06   2.1240234e+01
   3.2310100e+06   3.0395508e+01
   3.2694310e+06   3.8024902e+01
   3.2695020e+06   3.2958984e+01
   3.2695190e+06   2.2277832e+01
   3.2695350e+06   2.0141602e+01
   3.2695510e+06   2.1545410e+01
   3.2695750e+06   2.0751953e+01
   3.2695970e+06   2.1118164e+01
   3.2696210e+06   2.9052734e+01
   3.2696430e+06   2.7343750e+01
   3.2696640e+06   2.0446777e+01
   3.2696820e+06   1.9104004e+01
   3.2697310e+06   2.1911621e+01
   3.2698590e+06   2.2644043e+01
   3.2698970e+06   2.1240234e+01
   3.2699460e+06   1.9409180e+01
   3.2700160e+06   1.9775391e+01
   3.2700860e+06   2.2277832e+01
   3.2701740e+06   2.1423340e+01
   3.2966430e+06   2.6794434e+01
   3.2968410e+06   2.4047852e+01
   3.2969410e+06   1.9958496e+01
   3.2970100e+06   2.5817871e+01
   3.2970590e+06   1.9287109e+01
   3.2970900e+06   3.0151367e+01
   3.2971410e+06   2.6062012e+01
   3.2971590e+06   2.8320313e+01
   3.2971840e+06   2.2155762e+01
   3.2972120e+06   2.4841309e+01
   3.2972360e+06   1.9836426e+01
   3.2972460e+06   2.6184082e+01
   3.2972650e+06   3.0212402e+01
   3.2972860e+06   2.2521973e+01
   3.2973110e+06   2.5268555e+01
   3.2973360e+06   2.6184082e+01
   3.2973930e+06   2.4108887e+01
   3.2974100e+06   2.0996094e+01
   3.2974350e+06   3.6621094e+01
   3.2974850e+06   1.9531250e+01
   3.2975430e+06   2.4719238e+01
   3.2976420e+06   2.9296875e+01
   3.2977080e+06   2.0568848e+01
   3.3258230e+06   3.0456543e+01
   3.3259910e+06   2.7038574e+01
   3.3261410e+06   2.3071289e+01
   3.3261810e+06   1.9409180e+01
   3.3261940e+06   2.8808594e+01
   3.3262580e+06   2.0935059e+01
   3.3262870e+06   2.8198242e+01
   3.3263020e+06   1.9897461e+01
   3.3263180e+06   2.0568848e+01
   3.3263920e+06   3.0456543e+01
   3.3264210e+06   1.9104004e+01
   3.3264440e+06   2.1545410e+01
   3.3264740e+06   2.1423340e+01
   3.3265430e+06   1.9958496e+01
   3.3265900e+06   1.9897461e+01
   3.3633980e+06   2.7221680e+01
   3.3636180e+06   2.6367188e+01
   3.3637240e+06   1.9104004e+01
   3.3637930e+06   2.5756836e+01
   3.3640080e+06   2.1179199e+01
   3.3641850e+06   2.0690918e+01
   3.3644220e+06   2.2705078e+01
   3.3984200e+06   2.6611328e+01
   3.3986590e+06   3.1127930e+01
   3.3989550e+06   3.0151367e+01
   3.3992750e+06   2.4963379e+01
   3.3996070e+06   2.5085449e+01
   3.4263360e+06   2.6123047e+01
   3.4270330e+06   3.0395508e+01
   3.4429360e+06   2.0629883e+01
   3.4535850e+06   3.1982422e+01
   3.4543800e+06   3.3142090e+01
   3.4708010e+06   2.2399902e+01
   3.6132680e+06   3.0273438e+01
   3.6374520e+06   1.9165039e+01
   3.6375420e+06   2.8198242e+01
   3.6375760e+06   2.7832031e+01
   3.6377350e+06   2.0446777e+01
   3.6378390e+06   2.3864746e+01
   3.6479530e+06   1.9592285e+01
   3.6952190e+06   1.9348145e+01
   3.7172000e+06   2.8076172e+01
   3.7172190e+06   1.9775391e+01
   3.7172310e+06   2.0690918e+01
   3.7172710e+06   3.2043457e+01
   3.7172840e+06   3.1738281e+01
   3.7173260e+06   1.9775391e+01
   3.7173590e+06   1.9470215e+01
   3.7173740e+06   2.4658203e+01
   3.7173910e+06   2.3925781e+01
   3.7174150e+06   2.3315430e+01
   3.7174780e+06   2.3742676e+01
   3.7175030e+06   1.9531250e+01
   3.7176240e+06   2.0385742e+01
   3.7176460e+06   2.3620605e+01
   3.7176680e+06   2.6306152e+01
   3.7177000e+06   2.7404785e+01
   3.7178930e+06   1.9165039e+01
   3.7180250e+06   1.9531250e+01
   3.7184510e+06   2.1423340e+01
   3.7186790e+06   2.1484375e+01
   3.7368760e+06   1.9409180e+01
   3.7453630e+06   2.0080566e+01
   3.8928020e+06   2.1362305e+01
   3.8929030e+06   4.3823242e+01
   3.8929180e+06   2.2827148e+01
   3.8929680e+06   1.9287109e+01
   4.1531940e+06   2.7160645e+01
   4.1533510e+06   2.6123047e+01
   4.1984170e+06   1.9287109e+01
   4.1984610e+06   2.2155762e+01
   4.2949990e+06   2.0812988e+01
   4.3795500e+06   2.0751953e+01
   4.4905110e+06   2.0874023e+01
   4.4934020e+06   1.9104004e+01
   4.4934630e+06   2.1850586e+01
   4.4935410e+06   2.3864746e+01
   4.4935650e+06   2.3071289e+01
   4.4936020e+06   2.9968262e+01
   4.4936260e+06   2.2583008e+01
   4.4936420e+06   1.9958496e+01
   4.4936660e+06   3.7048340e+01
   4.4937100e+06   2.4414063e+01
   4.4937360e+06   3.7048340e+01
   4.4937720e+06   3.1555176e+01
   4.4938060e+06   2.2399902e+01
   4.4938360e+06   2.4047852e+01
   4.4939040e+06   3.7353516e+01
   4.4939210e+06   2.2827148e+01
   4.4940030e+06   1.9531250e+01
   4.4948860e+06   2.0935059e+01
   4.5939250e+06   1.9409180e+01
   4.8063160e+06   1.9226074e+01
   4.8174790e+06   2.1179199e+01
   4.8175410e+06   2.1667480e+01
   4.8175950e+06   2.8076172e+01
   4.8176180e+06   2.0263672e+01
   4.8176510e+06   3.9550781e+01
   4.8176660e+06   4.0954590e+01
   4.8176860e+06   2.4353027e+01
   4.8177250e+06   3.3874512e+01
   4.8177600e+06   3.9367676e+01
   4.8178340e+06   1.9531250e+01
   4.8178860e+06   2.4230957e+01
   4.8179420e+06   2.1118164e+01
   4.8180160e+06   2.0263672e+01
   4.8181000e+06   2.1667480e+01
   4.8181350e+06   3.3142090e+01
   4.8181510e+06   1.9958496e+01
   4.8183350e+06   2.9113770e+01
   4.8184590e+06   1.9897461e+01
   4.8185020e+06   2.3803711e+01
   4.8185670e+06   1.9836426e+01
   4.8186940e+06   2.6062012e+01
   4.8189640e+06   2.9968262e+01
   4.8191270e+06   2.0812988e+01
   4.8192190e+06   2.4475098e+01
   4.8216650e+06   1.9592285e+01
   4.8325820e+06   3.5644531e+01
   4.8329270e+06   3.1921387e+01
   4.8332380e+06   2.7465820e+01
   4.8335840e+06   2.2766113e+01
   4.8340270e+06   2.5390625e+01
   4.8612660e+06   1.9958496e+01
   4.8613130e+06   2.0019531e+01
   4.8613380e+06   1.9775391e+01
   4.8613620e+06   2.6550293e+01
   4.8613830e+06   3.1188965e+01
   4.8614010e+06   4.4006348e+01
   4.8614250e+06   3.2897949e+01
   4.8614870e+06   2.3315430e+01
   4.8615120e+06   2.5878906e+01
   4.8615290e+06   2.4475098e+01
   4.8616030e+06   1.9409180e+01
   4.8616150e+06   2.1301270e+01
   4.8619710e+06   1.9165039e+01
   4.8621810e+06   2.6977539e+01
   4.8622500e+06   2.0690918e+01
   4.8623510e+06   2.3986816e+01
   4.8625480e+06   2.4475098e+01
   4.8628270e+06   2.4658203e+01
   4.8828720e+06   2.7526855e+01
   4.8829270e+06   3.2958984e+01
   4.8829490e+06   2.1850586e+01
   4.8829710e+06   3.1860352e+01
   4.8830000e+06   4.1137695e+01
   4.8830240e+06   2.2277832e+01
   4.8830390e+06   2.1362305e+01
   4.8830730e+06   1.9226074e+01
   4.8830900e+06   2.2399902e+01
   4.8831020e+06   1.9104004e+01
   4.8831310e+06   2.0996094e+01
   4.8832770e+06   2.0324707e+01
   4.8834420e+06   1.9531250e+01
   4.8836100e+06   3.0395508e+01
   4.8836670e+06   1.9348145e+01
   4.8836910e+06   2.2277832e+01
   4.8839760e+06   2.4108887e+01
   4.8979590e+06   2.0263672e+01
   4.8980180e+06   2.3986816e+01
   4.8980370e+06   2.1057129e+01
   4.8980470e+06   2.8686523e+01
   4.8980670e+06   2.3071289e+01
   4.8980810e+06   3.1860352e+01
   4.8981070e+06   1.9592285e+01
   4.8981230e+06   2.5878906e+01
   4.8981470e+06   3.0639648e+01
   4.8981570e+06   2.8808594e+01
   4.8981800e+06   2.3864746e+01
   4.8981980e+06   1.9470215e+01
   4.8982190e+06   2.6672363e+01
   4.8982700e+06   1.9287109e+01
   4.8984450e+06   1.9165039e+01
   4.8984910e+06   2.1301270e+01
   4.8986090e+06   2.4291992e+01
   4.8986760e+06   2.1118164e+01
   4.8986920e+06   2.2399902e+01
   4.8987980e+06   2.3376465e+01
   4.8988110e+06   2.2827148e+01
   4.8988890e+06   1.9287109e+01
   4.8990910e+06   2.6916504e+01
   4.9155810e+06   2.6733398e+01
   4.9155950e+06   1.9897461e+01
   4.9156490e+06   3.2287598e+01
   4.9156650e+06   2.5085449e+01
   4.9156940e+06   3.1066895e+01
   4.9157320e+06   2.7404785e+01
   4.9157490e+06   2.9235840e+01
   4.9158010e+06   2.4047852e+01
   4.9158230e+06   2.2033691e+01
   4.9158550e+06   2.2399902e+01
   4.9158970e+06   1.9836426e+01
   4.9160350e+06   1.9470215e+01
   4.9160870e+06   2.0446777e+01
   4.9162440e+06   2.7954102e+01
   4.9162540e+06   2.6611328e+01
   4.9163370e+06   2.6000977e+01
   4.9164340e+06   2.8564453e+01
   4.9165000e+06   1.9897461e+01
   4.9165720e+06   2.0690918e+01
   4.9167670e+06   2.1606445e+01
   4.9336670e+06   2.2583008e+01
   4.9337980e+06   2.4597168e+01
   4.9338260e+06   2.8137207e+01
   4.9338700e+06   3.0761719e+01
   4.9338830e+06   2.5390625e+01
   4.9339260e+06   2.3071289e+01
   4.9339680e+06   2.4963379e+01
   4.9339850e+06   2.8320313e+01
   4.9340120e+06   2.6916504e+01
   4.9340310e+06   2.0874023e+01
   4.9341130e+06   1.9165039e+01
   4.9343050e+06   2.2949219e+01
   4.9344000e+06   2.8686523e+01
   4.9344960e+06   2.7282715e+01
   4.9770150e+06   2.0019531e+01
   4.9770420e+06   3.2653809e+01
   4.9770700e+06   3.9428711e+01
   4.9770910e+06   2.5451660e+01
   4.9771230e+06   3.0578613e+01
   4.9771460e+06   2.6977539e+01
   4.9771630e+06   2.1179199e+01
   4.9771850e+06   2.7526855e+01
   4.9772160e+06   2.2338867e+01
   4.9772330e+06   2.0141602e+01
   4.9772690e+06   1.9470215e+01
   4.9772920e+06   2.6306152e+01
   4.9773550e+06   1.9592285e+01
   4.9774280e+06   2.0935059e+01
   4.9774530e+06   2.0690918e+01
   4.9775460e+06   2.0690918e+01
   4.9775620e+06   2.4475098e+01
   4.9776670e+06   2.3864746e+01
   4.9778280e+06   2.0385742e+01
   4.9793980e+06   2.1728516e+01
   5.0128250e+06   2.0019531e+01
   5.0128570e+06   3.0212402e+01
   5.0128780e+06   2.9235840e+01
   5.0128940e+06   2.3925781e+01
   5.0129060e+06   2.2216797e+01
   5.0129290e+06   2.3376465e+01
   5.0129520e+06   4.6936035e+01
   5.0129660e+06   2.2399902e+01
   5.0129810e+06   3.0822754e+01
   5.0130200e+06   1.9958496e+01
   5.0130590e+06   2.3376465e+01
   5.0131290e+06   2.1057129e+01
   5.0131560e+06   1.9287109e+01
   5.0134350e+06   2.0324707e+01
   5.0134450e+06   2.1240234e+01
   5.0135760e+06   1.9287109e+01
   5.0137180e+06   2.0874023e+01
   5.0451480e+06   3.1494141e+01
   5.0451740e+06   2.4780273e+01
   5.0452360e+06   2.4963379e+01
   5.0452590e+06   1.9470215e+01
   5.0452750e+06   3.7170410e+01
   5.0453000e+06   2.1728516e+01
   5.0453230e+06   1.9287109e+01
   5.0453500e+06   2.2521973e+01
   5.0453940e+06   2.0507813e+01
   5.0454200e+06   2.3986816e+01
   5.0454500e+06   2.8747559e+01
   5.0455010e+06   2.1179199e+01
   5.0455550e+06   2.0202637e+01
   5.0456180e+06   1.9531250e+01
   5.0457010e+06   2.8991699e+01
   5.0459450e+06   2.4169922e+01
   5.1057660e+06   3.5034180e+01
   5.6595200e+06   1.9470215e+01
   5.6595890e+06   2.3193359e+01
   5.6596830e+06   3.6865234e+01
   5.6598090e+06   2.0263672e+01
   5.6598760e+06   3.1860352e+01
   5.6599700e+06   1.9287109e+01
   5.6610950e+06   2.8747559e+01
   6.0018370e+06   3.0700684e+01
   6.3673370e+06   2.2644043e+01
   6.3673700e+06   2.8137207e+01
   6.3674120e+06   2.5451660e+01
   6.3674400e+06   2.4108887e+01
   6.3674840e+06   4.2663574e+01
   6.3674940e+06   2.5756836e+01
   6.3675280e+06   2.3620605e+01
   6.3675470e+06   2.1728516e+01
   6.3675600e+06   2.0690918e+01
   6.3675910e+06   2.0812988e+01
   6.3676280e+06   2.3132324e+01
   6.3677040e+06   2.1484375e+01
   6.3678050e+06   2.0019531e+01
   6.3678350e+06   2.7648926e+01
   6.3679440e+06   2.0080566e+01
   6.3679970e+06   3.1738281e+01
   6.3682510e+06   2.4963379e+01
   6.3684820e+06   3.4606934e+01
   6.3687050e+06   2.8686523e+01
   6.3693230e+06   2.0446777e+01
   6.3705420e+06   2.0812988e+01
   6.3931920e+06   2.0141602e+01
   6.4184480e+06   2.7954102e+01
   6.4184920e+06   2.5207520e+01
   6.4185040e+06   2.3864746e+01
   6.4185180e+06   3.3935547e+01
   6.4185420e+06   2.6184082e+01
   6.4185820e+06   3.1921387e+01
   6.4186060e+06   2.7343750e+01
   6.4186340e+06   2.5634766e+01
   6.4186540e+06   2.1240234e+01
   6.4186990e+06   2.5573730e+01
   6.4188150e+06   1.9592285e+01
   6.4188900e+06   2.0751953e+01
   6.4193440e+06   2.3071289e+01
   6.4194750e+06   2.2094727e+01
   6.4195600e+06   2.3071289e+01
   6.4197080e+06   2.3010254e+01
   6.4199730e+06   2.2338867e+01
   6.4201070e+06   2.0446777e+01
   6.4417460e+06   2.0935059e+01
   6.4417780e+06   3.2653809e+01
   6.4418030e+06   2.9052734e+01
   6.4418450e+06   2.1362305e+01
   6.4418800e+06   2.5390625e+01
   6.4419070e+06   2.9479980e+01
   6.4419180e+06   1.9470215e+01
   6.4419410e+06   1.9531250e+01
   6.4419510e+06   2.6367188e+01
   6.4419650e+06   2.8686523e+01
   6.4419860e+06   2.5695801e+01
   6.4420060e+06   2.1423340e+01
   6.4420390e+06   2.0080566e+01
   6.4420800e+06   2.1545410e+01
   6.4422700e+06   2.0324707e+01
   6.4423730e+06   1.9531250e+01
   6.4425330e+06   2.1423340e+01
   6.4426100e+06   2.0935059e+01
   6.4426980e+06   2.0202637e+01
   6.4428430e+06   2.1240234e+01
   6.4428700e+06   2.1057129e+01
   6.4430750e+06   2.1240234e+01
   6.4431840e+06   2.0629883e+01
   6.4433750e+06   2.1728516e+01
   6.4675460e+06   3.3813477e+01
   6.4676260e+06   1.9653320e+01
   6.4676550e+06   3.1616211e+01
   6.4676790e+06   2.3437500e+01
   6.4677060e+06   2.7648926e+01
   6.4677290e+06   2.5451660e+01
   6.4677470e+06   2.2705078e+01
   6.4677810e+06   2.1423340e+01
   6.4678040e+06   2.0202637e+01
   6.4678480e+06   1.9775391e+01
   6.4679600e+06   1.9714355e+01
   6.4680060e+06   2.0385742e+01
   6.4682090e+06   2.0202637e+01
   6.4682410e+06   1.9958496e+01
   6.4683720e+06   2.1606445e+01
   6.4684110e+06   2.1118164e+01
   6.4685550e+06   2.0019531e+01
   6.4980280e+06   2.9052734e+01
   6.4980970e+06   2.0263672e+01
   6.4981410e+06   2.0690918e+01
   6.4981510e+06   2.0263672e+01
   6.4981810e+06   3.6376953e+01
   6.4982060e+06   2.0690918e+01
   6.4982260e+06   2.6855469e+01
   6.4982580e+06   2.0874023e+01
   6.4982910e+06   2.1057129e+01
   6.4983080e+06   2.5634766e+01
   6.4983390e+06   2.0812988e+01
   6.4985590e+06   1.9958496e+01
   6.4985840e+06   2.0202637e+01
   6.4986230e+06   2.2521973e+01
   6.4986550e+06   1.9592285e+01
   6.4987240e+06   2.7954102e+01
   6.4987620e+06   2.1057129e+01
   6.4987980e+06   2.0690918e+01
   6.4989860e+06   2.5390625e+01
   6.4991470e+06   2.0080566e+01
   6.5288110e+06   2.6306152e+01
   6.8075810e+06   2.6000977e+01
   6.8968750e+06   2.1118164e+01
   6.9304750e+06   2.1423340e+01
   7.1617080e+06   1.9897461e+01
   7.3997590e+06   1.9897461e+01
   7.4300690e+06   1.9470215e+01
   7.5113080e+06   1.9775391e+01
   7.8303360e+06   2.3498535e+01
   7.8304000e+06   2.4658203e+01
   7.8304190e+06   2.5390625e+01
   7.8304450e+06   2.1606445e+01
   7.8304750e+06   3.7902832e+01
   7.8305060e+06   2.4597168e+01
   7.8305410e+06   3.1799316e+01
   7.8305770e+06   2.3620605e+01
   7.8305970e+06   2.1728516e+01
   7.8306230e+06   2.0690918e+01
   7.8306670e+06   2.4291992e+01
   7.8306910e+06   2.9785156e+01
   7.8307550e+06   2.0690918e+01
   7.8307780e+06   2.7954102e+01
   7.8308950e+06   3.2714844e+01
   7.8309720e+06   2.9785156e+01
   7.8310110e+06   2.4353027e+01
   7.8311910e+06   2.8686523e+01
   7.8314300e+06   2.7038574e+01
   7.8339330e+06   2.3864746e+01
   7.8343790e+06   2.0385742e+01
   7.8361180e+06   2.0874023e+01
   7.8896790e+06   2.1545410e+01
   7.8897040e+06   3.1005859e+01
   7.8897400e+06   2.4169922e+01
   7.8897720e+06   3.1433105e+01
   7.8897980e+06   2.2155762e+01
   7.8898110e+06   2.0446777e+01
   7.8898320e+06   1.9958496e+01
   7.8898480e+06   3.4240723e+01
   7.8900090e+06   2.0019531e+01
   7.8901400e+06   1.9836426e+01
   7.8901790e+06   2.0141602e+01
   7.8904320e+06   2.1057129e+01
   7.8906500e+06   2.7343750e+01
   7.8908460e+06   2.1240234e+01
   7.8909460e+06   3.0944824e+01
   7.8910110e+06   2.0874023e+01
   7.8910840e+06   2.6000977e+01
   7.8912430e+06   2.3925781e+01
   7.9152310e+06   2.5634766e+01
   7.9152720e+06   2.5085449e+01
   7.9152930e+06   2.0629883e+01
   7.9153250e+06   2.9602051e+01
   7.9153430e+06   3.7170410e+01
   7.9153650e+06   3.3752441e+01
   7.9153770e+06   2.4719238e+01
   7.9154000e+06   2.1301270e+01
   7.9154210e+06   2.1118164e+01
   7.9154470e+06   2.0141602e+01
   7.9154860e+06   2.3559570e+01
   7.9155010e+06   2.8869629e+01
   7.9155410e+06   2.1240234e+01
   7.9156310e+06   2.1179199e+01
   7.9159670e+06   2.2033691e+01
   7.9160180e+06   1.9775391e+01
   7.9162100e+06   2.1545410e+01
   7.9163060e+06   2.3681641e+01
   7.9163480e+06   2.0568848e+01
   7.9164080e+06   2.7099609e+01
   7.9165230e+06   2.3315430e+01
   7.9166300e+06   2.9602051e+01
   7.9258000e+06   1.9531250e+01
   8.1606740e+06   2.0141602e+01
   8.1607000e+06   2.1179199e+01
   8.1607410e+06   3.8513184e+01
   8.1607810e+06   3.6560059e+01
   8.1607920e+06   3.2958984e+01
   8.1608130e+06   2.5695801e+01
   8.1608400e+06   2.6489258e+01
   8.1608690e+06   2.6855469e+01
   8.1608900e+06   2.0385742e+01
   8.1609560e+06   2.6611328e+01
   8.1609850e+06   2.1972656e+01
   8.1610180e+06   2.3498535e+01
   8.1611460e+06   2.2033691e+01
   8.1611740e+06   2.5207520e+01
   8.1613620e+06   2.0690918e+01
   8.1614880e+06   1.9897461e+01
   8.1757580e+06   1.9470215e+01
   8.4018760e+06   1.9531250e+01
   8.4019470e+06   2.0446777e+01
   8.4019790e+06   3.0639648e+01
   8.4020130e+06   4.4494629e+01
   8.4020540e+06   2.3193359e+01
   8.4020710e+06   4.0710449e+01
   8.4021040e+06   2.2155762e+01
   8.4021220e+06   2.5756836e+01
   8.4021450e+06   2.6428223e+01
   8.4021630e+06   2.0690918e+01
   8.4021790e+06   2.2583008e+01
   8.4022000e+06   1.9653320e+01
   8.4022150e+06   2.4230957e+01
   8.4022320e+06   2.2949219e+01
   8.4022740e+06   3.4179688e+01
   8.4023080e+06   2.3315430e+01
   8.4023600e+06   2.1972656e+01
   8.4027840e+06   2.2155762e+01
   8.4033560e+06   2.2338867e+01
   8.6198730e+06   1.9897461e+01
   9.0804900e+06   1.9714355e+01
   9.3670470e+06   2.0202637e+01
   9.5129050e+06   2.1057129e+01
   9.5833080e+06   2.0202637e+01
   9.7250560e+06   2.4841309e+01
   9.8243850e+06   1.9592285e+01
   9.9878390e+06   2.6367188e+01
   1.0051764e+07   1.9531250e+01
   1.1235923e+07   1.9470215e+01
   1.1248943e+07   2.0263672e+01
   1.1254040e+07   1.9287109e+01
   1.1259734e+07   1.9226074e+01
   1.1479105e+07   2.1667480e+01
   1.1479117e+07   4.1076660e+01
   1.1479145e+07   3.0334473e+01
   1.1479180e+07   3.4118652e+01
   1.1479191e+07   3.7292480e+01
   1.1479235e+07   1.9470215e+01
   1.1479352e+07   2.7160645e+01
   1.1479382e+07   2.0385742e+01
   1.1479429e+07   2.6733398e+01
   1.1479513e+07   2.0202637e+01
   1.1479525e+07   2.4353027e+01
   1.1479623e+07   2.8564453e+01
   1.1479702e+07   2.6550293e+01
   1.1479712e+07   1.9592285e+01
   1.1479771e+07   2.4291992e+01
   1.1479828e+07   2.2521973e+01
   1.1479855e+07   2.8137207e+01
   1.1479869e+07   2.3376465e+01
   1.1479944e+07   2.0629883e+01
   1.1480090e+07   2.4108887e+01
   1.1480239e+07   2.1301270e+01
   1.1482008e+07   1.9287109e+01
   1.1482160e+07   1.9897461e+01
   1.1483097e+07   2.0324707e+01
