   1.1999000e+07   0.0000000e+00
   1.6725000e+04   2.5756836e+01
   1.1241000e+05   1.1346436e+02
   1.1248800e+05   2.5390625e+01
   1.3876200e+05   9.0881348e+01
   1.3878000e+05   3.3447266e+01
   1.3880200e+05   5.3710938e+01
   1.3882600e+05   1.1187744e+02
   1.3883800e+05   3.0761719e+01
   1.3888600e+05   3.7841797e+01
   1.3889900e+05   2.7832031e+01
   1.3896800e+05   9.8632813e+01
   1.3903100e+05   3.2470703e+01
   1.3905900e+05   9.5214844e+01
   1.3914100e+05   8.0078125e+01
   1.3932200e+05   9.1491699e+01
   2.3652100e+05   1.1053467e+02
   2.3662200e+05   2.7465820e+01
   3.6033600e+05   2.8503418e+01
   3.6051700e+05   2.7343750e+01
   3.8982600e+05   2.6367188e+01
   4.0291700e+05   9.2407227e+01
   4.0305300e+05   9.1186523e+01
   4.0307800e+05   1.3128662e+02
   4.0312800e+05   5.1208496e+01
   4.0315100e+05   3.5339355e+01
   4.0316100e+05   8.9599609e+01
   4.0321500e+05   4.6447754e+01
   4.0323300e+05   3.2348633e+01
   4.0324700e+05   2.5695801e+01
   4.0328800e+05   2.5634766e+01
   4.0332000e+05   7.4890137e+01
   4.0341200e+05   8.4350586e+01
   4.0345300e+05   4.4006348e+01
   4.0349700e+05   8.3984375e+01
   4.0353900e+05   3.7780762e+01
   4.0363000e+05   8.3984375e+01
   4.1346700e+05   8.7036133e+01
   4.1350700e+05   2.8076172e+01
   4.1358200e+05   6.9946289e+01
   4.1362400e+05   5.2185059e+01
   4.1368000e+05   1.0205078e+02
   4.1370200e+05   6.3781738e+01
   4.1372000e+05   4.1137695e+01
   4.1375700e+05   9.9426270e+01
   4.1379400e+05   5.2490234e+01
   4.1382500e+05   2.5634766e+01
   4.1390600e+05   3.6804199e+01
   4.1391800e+05   3.4423828e+01
   4.1399800e+05   8.6242676e+01
   4.1401100e+05   2.8015137e+01
   4.1413300e+05   8.9904785e+01
   4.1425800e+05   2.8259277e+01
   4.1429800e+05   4.6508789e+01
   4.2375000e+05   9.4177246e+01
   4.2378400e+05   2.6489258e+01
   4.2383500e+05   6.6284180e+01
   4.2384500e+05   4.3029785e+01
   4.2389400e+05   8.6486816e+01
   4.2390700e+05   3.1311035e+01
   4.2395900e+05   7.3974609e+01
   4.2402000e+05   8.2702637e+01
   4.2408100e+05   6.5490723e+01
   4.2412600e+05   3.1921387e+01
   4.2414500e+05   8.3923340e+01
   4.2419800e+05   3.0151367e+01
   4.2427000e+05   8.2763672e+01
   4.2430800e+05   2.7343750e+01
   4.2432300e+05   2.7038574e+01
   4.2452000e+05   3.9245605e+01
   4.2459900e+05   2.7038574e+01
   4.2461400e+05   8.2031250e+01
   4.2486700e+05   2.8930664e+01
   4.4600300e+05   2.5878906e+01
   4.4609200e+05   7.0068359e+01
   4.4617900e+05   4.4555664e+01
   4.4621900e+05   2.5451660e+01
   4.4623100e+05   7.5073242e+01
   4.4625500e+05   1.0327148e+02
   4.4627700e+05   2.4963379e+01
   4.4634400e+05   9.4604492e+01
   4.9748000e+05   2.6733398e+01
   4.9858500e+05   2.7709961e+01
   8.0198200e+05   2.7526855e+01
   8.5894200e+05   2.5024414e+01
   8.6386500e+05   2.7282715e+01
   9.7576200e+05   2.6184082e+01
   1.0001260e+06   2.7893066e+01
   1.0416050e+06   2.6428223e+01
   1.0692030e+06   1.0473633e+02
   1.2150620e+06   2.5756836e+01
   1.2152270e+06   2.6550293e+01
   1.2618110e+06   2.6428223e+01
   1.2618560e+06   8.0261230e+01
   1.2618880e+06   2.7343750e+01
   1.2619240e+06   1.4434814e+02
   1.2619550e+06   2.9296875e+01
   1.2619840e+06   4.3823242e+01
   1.2620010e+06   9.2712402e+01
   1.2620600e+06   8.4594727e+01
   1.2621210e+06   5.8166504e+01
   1.2621530e+06   2.5817871e+01
   1.2621880e+06   7.3852539e+01
   1.2622080e+06   2.7099609e+01
   1.2622450e+06   2.7526855e+01
   1.2622780e+06   8.9538574e+01
   1.2624360e+06   5.2612305e+01
   1.2625720e+06   4.9743652e+01
   1.2742850e+06   2.6611328e+01
   1.3526760e+06   2.5329590e+01
   1.3527880e+06   3.3203125e+01
   1.3528090e+06   7.6843262e+01
   1.3528260e+06   2.5146484e+01
   1.3528680e+06   4.9255371e+01
   1.3528910e+06   1.2536621e+02
   1.3529400e+06   1.2731934e+02
   1.3529990e+06   8.0688477e+01
   1.3530250e+06   4.1381836e+01
   1.3530630e+06   7.7087402e+01
   1.3530850e+06   2.5695801e+01
   1.3531150e+06   4.3701172e+01
   1.3531390e+06   7.6354980e+01
   1.3532480e+06   9.0332031e+01
   1.3533750e+06   3.9367676e+01
   1.3696670e+06   8.9599609e+01
   1.3699150e+06   9.2712402e+01
   1.5101500e+06   2.5329590e+01
   1.7273240e+06   2.5390625e+01
   1.8538940e+06   2.5695801e+01
   1.9283410e+06   2.5207520e+01
   1.9678080e+06   2.8198242e+01
   1.9913960e+06   8.9477539e+01
   2.1173440e+06   1.0101318e+02
   2.2271210e+06   2.6184082e+01
   2.3350680e+06   2.8686523e+01
   2.3351440e+06   2.4963379e+01
   2.3351670e+06   3.0761719e+01
   2.3351770e+06   1.0742188e+02
   2.3352150e+06   6.1828613e+01
   2.3352320e+06   1.0119629e+02
   2.3352710e+06   2.6367188e+01
   2.3353000e+06   7.7758789e+01
   2.3353320e+06   3.2470703e+01
   2.3353510e+06   7.1960449e+01
   2.3354080e+06   3.4790039e+01
   2.3354190e+06   8.2763672e+01
   2.3354960e+06   2.7343750e+01
   2.3355170e+06   8.7341309e+01
   2.3356130e+06   4.2968750e+01
   2.3357140e+06   4.1442871e+01
   2.3473170e+06   8.2275391e+01
   2.3473280e+06   2.6855469e+01
   2.3473790e+06   2.9541016e+01
   2.3474080e+06   1.1889648e+02
   2.3474250e+06   8.4106445e+01
   2.3474690e+06   8.0993652e+01
   2.3474800e+06   2.8137207e+01
   2.3475070e+06   4.6203613e+01
   2.3475310e+06   7.8247070e+01
   2.3475650e+06   2.6672363e+01
   2.3475860e+06   2.4963379e+01
   2.3476550e+06   7.5134277e+01
   2.3476720e+06   2.6123047e+01
   2.3477240e+06   8.2397461e+01
   2.3477720e+06   4.3823242e+01
   2.3478250e+06   7.5866699e+01
   2.3478810e+06   2.8442383e+01
   2.3480160e+06   2.6916504e+01
   2.3575540e+06   2.7709961e+01
   2.3575680e+06   7.5988770e+01
   2.3575900e+06   9.9548340e+01
   2.3576060e+06   3.1921387e+01
   2.3576380e+06   9.4787598e+01
   2.3576620e+06   3.6621094e+01
   2.3576940e+06   7.6354980e+01
   2.3577220e+06   2.7038574e+01
   2.3577460e+06   7.2448730e+01
   2.3577630e+06   3.4423828e+01
   2.3577970e+06   7.3608398e+01
   2.3579140e+06   7.6538086e+01
   2.3580030e+06   2.6916504e+01
   2.3580420e+06   7.8491211e+01
   2.3580650e+06   3.4057617e+01
   2.3583010e+06   9.2834473e+01
   2.3583290e+06   4.3823242e+01
   2.3585540e+06   3.9978027e+01
   2.5478790e+06   1.0894775e+02
   2.5884640e+06   3.1799316e+01
   2.5884960e+06   2.8137207e+01
   2.5885830e+06   2.5695801e+01
   2.5886430e+06   7.8063965e+01
   2.6372450e+06   2.5634766e+01
   2.7386110e+06   2.7526855e+01
   2.7387100e+06   3.9489746e+01
   2.8432920e+06   1.1016846e+02
   2.8433110e+06   8.2519531e+01
   2.8434300e+06   7.2692871e+01
   2.8434580e+06   9.6252441e+01
   2.8434890e+06   4.3762207e+01
   2.8435390e+06   6.9458008e+01
   2.8435710e+06   9.7534180e+01
   2.8436110e+06   5.1574707e+01
   2.8436300e+06   2.7099609e+01
   2.8436400e+06   7.8002930e+01
   2.8436780e+06   3.4545898e+01
   2.8437320e+06   7.9101563e+01
   2.8437500e+06   2.9479980e+01
   2.8438320e+06   8.7036133e+01
   2.8438440e+06   2.8442383e+01
   2.8439450e+06   4.0100098e+01
   2.8440430e+06   3.1616211e+01
   2.8441950e+06   4.6264648e+01
   2.8542660e+06   8.5327148e+01
   2.8543000e+06   2.7465820e+01
   2.8543440e+06   2.7160645e+01
   2.8543560e+06   1.3543701e+02
   2.8544050e+06   2.5634766e+01
   2.8544260e+06   8.0749512e+01
   2.8544500e+06   6.4514160e+01
   2.8544630e+06   3.1616211e+01
   2.8544900e+06   7.6599121e+01
   2.8545260e+06   3.1372070e+01
   2.8545520e+06   8.0627441e+01
   2.8546070e+06   2.9357910e+01
   2.8546580e+06   4.5104980e+01
   2.8546720e+06   9.4177246e+01
   2.8547510e+06   2.6000977e+01
   2.8547970e+06   8.8256836e+01
   2.8548120e+06   4.6081543e+01
   2.8549340e+06   8.9782715e+01
   2.8549900e+06   2.9052734e+01
   2.8553680e+06   2.9479980e+01
   2.8647630e+06   9.5581055e+01
   2.8647970e+06   4.4128418e+01
   2.8648080e+06   3.0212402e+01
   2.8648300e+06   8.5388184e+01
   2.8648590e+06   2.7160645e+01
   2.8648960e+06   8.5083008e+01
   2.8649080e+06   2.7893066e+01
   2.8649560e+06   8.5998535e+01
   2.8649860e+06   3.3386230e+01
   2.8650320e+06   8.2336426e+01
   2.8650650e+06   3.0639648e+01
   2.8651240e+06   8.0505371e+01
   2.8652020e+06   2.7770996e+01
   2.8652340e+06   7.7697754e+01
   2.8653580e+06   8.3984375e+01
   2.8653860e+06   4.7546387e+01
   3.0183330e+06   9.6984863e+01
   3.0183750e+06   8.2397461e+01
   3.0183850e+06   8.7829590e+01
   3.0184130e+06   3.6682129e+01
   3.0184370e+06   5.9143066e+01
   3.0184530e+06   4.9377441e+01
   3.0185070e+06   6.6284180e+01
   3.0185410e+06   1.1578369e+02
   3.0185550e+06   2.5939941e+01
   3.0185880e+06   4.8950195e+01
   3.0186160e+06   9.9487305e+01
   3.0186460e+06   2.9602051e+01
   3.0186660e+06   4.3273926e+01
   3.0186920e+06   7.8247070e+01
   3.0187460e+06   3.2409668e+01
   3.0187660e+06   2.8686523e+01
   3.0187980e+06   8.3984375e+01
   3.0188280e+06   3.7475586e+01
   3.0188840e+06   3.5644531e+01
   3.0189900e+06   3.1860352e+01
   3.0191040e+06   4.5654297e+01
   3.0324370e+06   2.6855469e+01
   3.0325230e+06   8.2092285e+01
   3.0325540e+06   2.6672363e+01
   3.0325830e+06   1.1975098e+02
   3.0326000e+06   5.1635742e+01
   3.0326160e+06   2.5756836e+01
   3.0326380e+06   8.1909180e+01
   3.0326540e+06   3.1799316e+01
   3.0326970e+06   7.2082520e+01
   3.0327450e+06   6.5307617e+01
   3.0327560e+06   2.5024414e+01
   3.0328280e+06   7.9956055e+01
   3.0328470e+06   4.0649414e+01
   3.0329160e+06   7.1899414e+01
   3.0329520e+06   3.4667969e+01
   3.0329630e+06   3.7170410e+01
   3.1368610e+06   9.6679688e+01
   3.1369300e+06   7.6110840e+01
   3.1369550e+06   8.9965820e+01
   3.1369700e+06   2.9724121e+01
   3.1370170e+06   4.6020508e+01
   3.1370300e+06   6.5124512e+01
   3.1370630e+06   9.5703125e+01
   3.1370740e+06   4.0039063e+01
   3.1371150e+06   4.3090820e+01
   3.1371300e+06   3.8085938e+01
   3.1371750e+06   2.6611328e+01
   3.1371930e+06   2.7832031e+01
   3.1372220e+06   9.0637207e+01
   3.1372840e+06   4.0893555e+01
   3.1373000e+06   2.9968262e+01
   3.1373120e+06   8.0322266e+01
   3.1374360e+06   8.1604004e+01
   3.2249330e+06   1.1022949e+02
   3.2250550e+06   8.6853027e+01
   3.2250780e+06   1.0266113e+02
   3.2251080e+06   2.6489258e+01
   3.2251460e+06   3.0761719e+01
   3.2251650e+06   6.2683105e+01
   3.2251850e+06   8.4106445e+01
   3.2252020e+06   2.5329590e+01
   3.2252390e+06   4.5349121e+01
   3.2252680e+06   9.3933105e+01
   3.2253190e+06   8.5388184e+01
   3.2253300e+06   3.8879395e+01
   3.2253570e+06   2.7282715e+01
   3.2254110e+06   7.8430176e+01
   3.2254260e+06   3.4545898e+01
   3.2254940e+06   4.3640137e+01
   3.2255250e+06   5.0842285e+01
   3.2255940e+06   2.5817871e+01
   3.2469180e+06   9.9975586e+01
   3.2491010e+06   9.7778320e+01
   3.2491790e+06   9.5214844e+01
   3.2492140e+06   7.9589844e+01
   3.2492870e+06   5.7006836e+01
   3.2493030e+06   2.6428223e+01
   3.2493210e+06   6.3415527e+01
   3.2493510e+06   7.4768066e+01
   3.2494300e+06   9.0637207e+01
   3.2494440e+06   8.4472656e+01
   3.2495320e+06   3.6499023e+01
   3.2495500e+06   8.0383301e+01
   3.2496340e+06   4.1137695e+01
   3.2496440e+06   2.7526855e+01
   3.2496710e+06   8.4167480e+01
   3.2497680e+06   2.8564453e+01
   3.2497860e+06   7.6538086e+01
   3.3362490e+06   1.0382080e+02
   3.3362950e+06   6.9274902e+01
   3.3363280e+06   2.6489258e+01
   3.3363380e+06   2.5878906e+01
   3.3363630e+06   9.6679688e+01
   3.3364010e+06   6.2927246e+01
   3.3364140e+06   4.3579102e+01
   3.3364280e+06   8.2275391e+01
   3.3365020e+06   5.9814453e+01
   3.3365690e+06   1.2640381e+02
   3.3365990e+06   3.6254883e+01
   3.3366660e+06   1.2420654e+02
   3.3366960e+06   3.1616211e+01
   3.3367690e+06   4.3395996e+01
   3.3367870e+06   2.5390625e+01
   3.3369170e+06   8.5876465e+01
   3.4179430e+06   8.9965820e+01
   3.4179830e+06   2.7099609e+01
   3.4180690e+06   7.4890137e+01
   3.4180940e+06   2.5451660e+01
   3.4181960e+06   3.3752441e+01
   3.4182060e+06   3.8879395e+01
   3.4183080e+06   8.3496094e+01
   3.4539960e+06   9.3994141e+01
   3.4543300e+06   9.6740723e+01
   3.4544790e+06   9.6618652e+01
   3.5340720e+06   2.6428223e+01
   3.9216010e+06   2.6733398e+01
   4.0006590e+06   9.2712402e+01
   4.0457800e+06   2.6855469e+01
   4.0483140e+06   2.6672363e+01
   4.0760790e+06   2.5573730e+01
   4.1491390e+06   8.5937500e+01
   4.1491740e+06   1.0290527e+02
   4.1492180e+06   5.2124023e+01
   4.1492320e+06   2.5573730e+01
   4.1492710e+06   1.1560059e+02
   4.1492940e+06   4.3518066e+01
   4.1493430e+06   4.1992188e+01
   4.1493700e+06   3.7048340e+01
   4.1494100e+06   3.1066895e+01
   4.1494330e+06   7.8857422e+01
   4.1494530e+06   4.4494629e+01
   4.1495280e+06   4.9804688e+01
   4.1495730e+06   5.5664063e+01
   4.1496280e+06   4.0893555e+01
   4.1497360e+06   4.3151855e+01
   4.1499170e+06   4.9438477e+01
   4.5517340e+06   2.6794434e+01
   4.6062800e+06   6.0546875e+01
   4.7608320e+06   9.0087891e+01
   4.7608650e+06   1.1779785e+02
   4.7608960e+06   3.8208008e+01
   4.7609090e+06   8.2641602e+01
   4.7609280e+06   2.9663086e+01
   4.7609590e+06   9.3933105e+01
   4.7609690e+06   2.9479980e+01
   4.7609950e+06   3.2287598e+01
   4.7610320e+06   1.0455322e+02
   4.7610580e+06   2.5146484e+01
   4.7610690e+06   3.1127930e+01
   4.7611010e+06   3.1250000e+01
   4.7611250e+06   2.6916504e+01
   4.7611570e+06   2.9113770e+01
   4.7611840e+06   4.4921875e+01
   4.7612380e+06   3.4545898e+01
   4.7612730e+06   1.2567139e+02
   4.7613820e+06   3.9001465e+01
   4.7614930e+06   4.1809082e+01
   4.7616130e+06   4.5593262e+01
   4.7733690e+06   2.6123047e+01
   4.7734030e+06   7.4829102e+01
   4.7734410e+06   2.6245117e+01
   4.7734840e+06   3.2592773e+01
   4.7735160e+06   1.4410400e+02
   4.7735440e+06   3.0639648e+01
   4.7735900e+06   9.1979980e+01
   4.7736050e+06   2.9113770e+01
   4.7736410e+06   8.7158203e+01
   4.7736740e+06   3.6071777e+01
   4.7737120e+06   6.8115234e+01
   4.7737880e+06   8.3984375e+01
   4.7738360e+06   4.0283203e+01
   4.7739070e+06   8.2092285e+01
   4.7739580e+06   3.6560059e+01
   4.7739710e+06   2.9174805e+01
   4.7741140e+06   2.4963379e+01
   4.8586370e+06   2.5268555e+01
   5.0598270e+06   2.7587891e+01
   5.1882620e+06   8.9477539e+01
   5.1883140e+06   8.9111328e+01
   5.1883390e+06   5.4626465e+01
   5.1883780e+06   9.2834473e+01
   5.1884140e+06   4.1992188e+01
   5.1884360e+06   7.9711914e+01
   5.1884940e+06   1.0198975e+02
   5.1885200e+06   2.6733398e+01
   5.1885700e+06   3.6010742e+01
   5.1885880e+06   8.9782715e+01
   5.1886180e+06   4.1503906e+01
   5.1886640e+06   3.6682129e+01
   5.1887020e+06   3.5339355e+01
   5.1887550e+06   5.4565430e+01
   5.1887900e+06   4.2907715e+01
   5.1889030e+06   3.8391113e+01
   5.1889230e+06   6.6833496e+01
   5.1890100e+06   4.2968750e+01
   5.4200510e+06   1.0021973e+02
   5.4200710e+06   1.2524414e+02
   5.4200810e+06   4.5410156e+01
   5.4201130e+06   4.6386719e+01
   5.4201230e+06   7.9162598e+01
   5.4201560e+06   2.8320313e+01
   5.4201850e+06   1.0119629e+02
   5.4202550e+06   8.4472656e+01
   5.4202690e+06   2.9907227e+01
   5.4202920e+06   3.5156250e+01
   5.4203470e+06   1.1383057e+02
   5.4203890e+06   3.2775879e+01
   5.4204730e+06   9.0393066e+01
   5.4204870e+06   3.4118652e+01
   5.4205930e+06   2.7282715e+01
   5.4421280e+06   1.0217285e+02
   5.4428770e+06   2.6000977e+01
   5.4430630e+06   3.5400391e+01
   5.4430910e+06   7.4523926e+01
   5.4431590e+06   5.0109863e+01
   5.4432240e+06   9.7656250e+01
   5.4433260e+06   7.7392578e+01
   5.4433360e+06   8.6364746e+01
   5.4433870e+06   2.5390625e+01
   5.4434210e+06   3.8146973e+01
   5.4434450e+06   8.1054688e+01
   5.4434990e+06   7.2998047e+01
   5.4435200e+06   3.2775879e+01
   5.4436230e+06   4.4738770e+01
   5.4436330e+06   8.2580566e+01
   5.4437470e+06   3.1433105e+01
   5.4438870e+06   3.9855957e+01
   5.4440200e+06   2.9052734e+01
   5.5388440e+06   9.5947266e+01
   5.7558610e+06   2.5207520e+01
   6.0362780e+06   2.6123047e+01
   6.1316140e+06   9.4482422e+01
   6.2914500e+06   2.7160645e+01
   6.2915620e+06   8.6669922e+01
   6.2915930e+06   3.8513184e+01
   6.2916050e+06   9.7839355e+01
   6.2916370e+06   5.5786133e+01
   6.2916510e+06   3.7048340e+01
   6.2916740e+06   8.2824707e+01
   6.2917070e+06   3.1127930e+01
   6.2917250e+06   3.5949707e+01
   6.2917450e+06   7.8369141e+01
   6.2917730e+06   2.7221680e+01
   6.2918110e+06   8.0932617e+01
   6.2918510e+06   3.2226563e+01
   6.2918850e+06   2.6489258e+01
   6.2919230e+06   9.0759277e+01
   6.2919450e+06   5.1879883e+01
   6.2919770e+06   3.1738281e+01
   6.2920510e+06   8.8623047e+01
   6.2920720e+06   3.5522461e+01
   6.2921730e+06   3.9489746e+01
   6.2922810e+06   3.3813477e+01
   6.2923880e+06   3.5156250e+01
   6.3905610e+06   2.5146484e+01
   6.4198470e+06   1.0858154e+02
   7.1066480e+06   9.0942383e+01
   7.2570680e+06   2.5146484e+01
   7.2571340e+06   2.5878906e+01
   7.2571660e+06   3.5278320e+01
   7.2572000e+06   4.4006348e+01
   7.2572260e+06   2.5939941e+01
   7.2572550e+06   1.0455322e+02
   7.2572670e+06   3.3020020e+01
   7.2573060e+06   9.0332031e+01
   7.2573230e+06   3.6804199e+01
   7.2573770e+06   3.3264160e+01
   7.2573960e+06   1.0076904e+02
   7.2574740e+06   6.2194824e+01
   7.2574910e+06   7.7209473e+01
   7.2575520e+06   3.5888672e+01
   7.2576590e+06   3.7841797e+01
   7.2577480e+06   3.5583496e+01
   7.2578580e+06   3.4179688e+01
   7.2579740e+06   3.6437988e+01
   7.2580830e+06   4.0588379e+01
   7.2582360e+06   4.0527344e+01
   7.2583570e+06   4.3273926e+01
   7.2584880e+06   4.0283203e+01
   7.2738440e+06   2.8259277e+01
   7.2740770e+06   8.3496094e+01
   7.2741140e+06   1.0052490e+02
   7.2741390e+06   4.8828125e+01
   7.2741660e+06   9.3017578e+01
   7.2741880e+06   2.7038574e+01
   7.2742010e+06   2.7832031e+01
   7.2742450e+06   8.0749512e+01
   7.2742990e+06   5.9509277e+01
   7.2743620e+06   6.4758301e+01
   7.2744340e+06   6.9580078e+01
   7.2745570e+06   7.4707031e+01
   7.2745780e+06   3.1921387e+01
   7.2747000e+06   3.8391113e+01
   7.2748380e+06   3.5827637e+01
   8.0501520e+06   1.0559082e+02
   8.1704630e+06   8.0993652e+01
   8.1705180e+06   1.0485840e+02
   8.1705400e+06   5.0842285e+01
   8.1705570e+06   7.1777344e+01
   8.1706220e+06   5.7983398e+01
   8.1706390e+06   9.3444824e+01
   8.1706910e+06   4.3029785e+01
   8.1707130e+06   3.0883789e+01
   8.1707650e+06   2.8747559e+01
   8.1707790e+06   2.7770996e+01
   8.1708470e+06   9.2712402e+01
   8.1708740e+06   2.9479980e+01
   8.1709360e+06   3.6071777e+01
   8.1710000e+06   3.5278320e+01
   8.1711000e+06   3.2287598e+01
   8.8415470e+06   8.3312988e+01
   8.8416090e+06   4.9316406e+01
   8.8416390e+06   2.7221680e+01
   8.8416520e+06   9.8815918e+01
   8.8417050e+06   2.9968262e+01
   8.8417180e+06   4.1687012e+01
   8.8417390e+06   8.3923340e+01
   8.8417850e+06   3.1188965e+01
   8.8417960e+06   9.2224121e+01
   8.8418640e+06   2.7526855e+01
   8.8418810e+06   7.8308105e+01
   8.8419480e+06   3.5217285e+01
   8.8419590e+06   2.6855469e+01
   8.8419790e+06   7.3791504e+01
   8.8420620e+06   3.3752441e+01
   8.8421080e+06   5.9997559e+01
   8.8421510e+06   3.1982422e+01
   8.8422520e+06   3.3508301e+01
   8.8423670e+06   4.2297363e+01
   8.8424870e+06   3.6254883e+01
   8.8426160e+06   3.3813477e+01
   8.8427570e+06   4.1992188e+01
   8.9492290e+06   2.6672363e+01
   9.0694890e+06   2.7343750e+01
   9.0695210e+06   7.3669434e+01
   9.0695360e+06   2.5268555e+01
   9.0695500e+06   4.6752930e+01
   9.0695770e+06   3.4912109e+01
   9.0695950e+06   7.5805664e+01
   9.0696070e+06   2.8442383e+01
   9.0696360e+06   3.5949707e+01
   9.0696480e+06   8.2641602e+01
   9.0696750e+06   3.8269043e+01
   9.0697050e+06   8.5388184e+01
   9.0697530e+06   2.6733398e+01
   9.0697780e+06   7.8002930e+01
   9.0697880e+06   4.3640137e+01
   9.0698310e+06   3.6010742e+01
   9.0698600e+06   7.7270508e+01
   9.0698750e+06   4.5654297e+01
   9.0699190e+06   2.6306152e+01
   9.0699730e+06   7.6232910e+01
   9.0700030e+06   2.9846191e+01
   9.0701120e+06   3.3813477e+01
   9.0702140e+06   2.9052734e+01
   9.0703110e+06   3.3813477e+01
   9.0704160e+06   3.9184570e+01
   9.0705360e+06   3.1738281e+01
   9.0706670e+06   3.5827637e+01
   9.4967630e+06   9.9731445e+01
   9.5705040e+06   2.5146484e+01
   1.0273273e+07   9.0026855e+01
   1.0273287e+07   3.3203125e+01
   1.0273320e+07   4.5104980e+01
   1.0273336e+07   2.9785156e+01
   1.0273372e+07   8.5571289e+01
   1.0273420e+07   7.8125000e+01
   1.0273453e+07   2.9907227e+01
   1.0273491e+07   3.0639648e+01
   1.0273515e+07   3.5034180e+01
   1.0273579e+07   3.9978027e+01
   1.0273591e+07   3.2409668e+01
   1.0273686e+07   9.2407227e+01
   1.0273777e+07   3.2043457e+01
   1.0273874e+07   4.3823242e+01
   1.0273984e+07   4.0771484e+01
   1.0274076e+07   3.4790039e+01
   1.0274209e+07   3.8574219e+01
   1.0274327e+07   4.2968750e+01
   1.0274473e+07   4.0954590e+01
   1.1474901e+07   2.6000977e+01
   1.1474936e+07   7.4462891e+01
   1.1474964e+07   1.0961914e+02
   1.1474989e+07   4.5043945e+01
   1.1475007e+07   7.3120117e+01
   1.1475037e+07   4.0344238e+01
   1.1475054e+07   7.5683594e+01
   1.1475103e+07   2.5756836e+01
   1.1475168e+07   7.8674316e+01
   1.1475178e+07   4.6630859e+01
   1.1475229e+07   2.6794434e+01
   1.1475251e+07   4.7241211e+01
   1.1475273e+07   8.1604004e+01
   1.1475320e+07   3.6499023e+01
   1.1475362e+07   3.7536621e+01
   1.1475392e+07   8.9721680e+01
   1.1475405e+07   3.7902832e+01
   1.1475496e+07   2.8747559e+01
   1.1475587e+07   3.6071777e+01
   1.1475682e+07   3.0273438e+01
   1.1475773e+07   3.0639648e+01
   1.1475886e+07   3.8696289e+01
   1.1475991e+07   3.4118652e+01
   1.1476150e+07   3.9916992e+01
   1.1476276e+07   3.0761719e+01
   1.1582474e+07   8.1176758e+01
   1.1582485e+07   9.5642090e+01
   1.1582518e+07   3.9733887e+01
   1.1582553e+07   5.4504395e+01
   1.1582569e+07   9.1613770e+01
   1.1582602e+07   3.1372070e+01
   1.1582617e+07   2.5573730e+01
   1.1582649e+07   7.5256348e+01
   1.1582678e+07   4.6997070e+01
   1.1582702e+07   7.3608398e+01
   1.1582755e+07   3.4301758e+01
   1.1582769e+07   7.3669434e+01
   1.1582812e+07   2.9846191e+01
   1.1582839e+07   3.6499023e+01
   1.1582855e+07   7.1899414e+01
   1.1582899e+07   2.6794434e+01
   1.1582935e+07   4.2419434e+01
   1.1582975e+07   8.3129883e+01
   1.1582991e+07   3.0029297e+01
   1.1583040e+07   4.2663574e+01
   1.1583190e+07   3.2287598e+01
   1.1583319e+07   2.5573730e+01
