   1.1999000e+07   0.0000000e+00
   2.4600000e+03   2.8747559e+01
   2.5510000e+03   2.9052734e+01
   1.4879000e+04   2.7648926e+01
   1.5043000e+04   3.1311035e+01
   1.5230000e+04   2.4780273e+01
   1.5317000e+04   2.4230957e+01
   1.6624000e+04   3.4301758e+01
   1.6826000e+04   2.7099609e+01
   3.7563000e+04   2.9235840e+01
   3.7710000e+04   3.0151367e+01
   3.8041000e+04   3.1433105e+01
   5.6927000e+04   2.3498535e+01
   5.7136000e+04   3.4423828e+01
   6.1548000e+04   2.9174805e+01
   6.1772000e+04   2.7038574e+01
   6.1830000e+04   2.4719238e+01
   6.2443000e+04   2.9602051e+01
   7.8664000e+04   2.6855469e+01
   7.9039000e+04   3.0883789e+01
   8.0923000e+04   3.0151367e+01
   8.1095000e+04   3.1005859e+01
   8.9748000e+04   2.9418945e+01
   9.8239000e+04   2.8564453e+01
   9.8508000e+04   2.7160645e+01
   1.1246800e+05   3.4179688e+01
   1.1280200e+05   2.2155762e+01
   1.2444900e+05   3.3142090e+01
   1.2455700e+05   2.8442383e+01
   1.2476000e+05   2.3498535e+01
   1.2745700e+05   3.1921387e+01
   1.2755900e+05   2.7282715e+01
   1.2781400e+05   3.0883789e+01
   1.3857400e+05   2.9418945e+01
   1.3866600e+05   2.9052734e+01
   1.3874300e+05   2.3315430e+01
   1.3879500e+05   3.1616211e+01
   1.3883000e+05   2.5329590e+01
   1.3888800e+05   2.6794434e+01
   1.4832200e+05   2.8564453e+01
   1.4906800e+05   2.8198242e+01
   1.4984100e+05   2.5268555e+01
   1.5640800e+05   2.7160645e+01
   1.5759600e+05   3.1799316e+01
   1.5810300e+05   2.8259277e+01
   1.5821200e+05   2.7709961e+01
   1.5832000e+05   2.9479980e+01
   2.1159800e+05   3.4851074e+01
   2.1177700e+05   2.3498535e+01
   2.1312200e+05   2.9602051e+01
   2.1318500e+05   3.1433105e+01
   2.3651100e+05   2.5878906e+01
   2.3660400e+05   2.3864746e+01
   2.3671300e+05   2.3803711e+01
   2.5083400e+05   3.2714844e+01
   2.5095800e+05   2.3498535e+01
   2.5324500e+05   2.8869629e+01
   2.5332500e+05   2.3620605e+01
   2.5360400e+05   2.9174805e+01
   2.7185600e+05   2.4047852e+01
   2.7202900e+05   2.2094727e+01
   2.7239800e+05   2.6428223e+01
   2.9076100e+05   2.5817871e+01
   2.9089600e+05   2.3498535e+01
   2.9112000e+05   2.6794434e+01
   3.0324000e+05   2.6855469e+01
   3.0449900e+05   2.8564453e+01
   3.0539100e+05   2.7954102e+01
   3.0560300e+05   3.0517578e+01
   3.1833300e+05   3.2287598e+01
   3.1860900e+05   2.5146484e+01
   3.1886000e+05   2.4108887e+01
   3.2980400e+05   2.9296875e+01
   3.2986700e+05   3.0639648e+01
   3.3324000e+05   2.4169922e+01
   3.3347900e+05   2.6123047e+01
   3.4756300e+05   2.7893066e+01
   3.4765500e+05   3.1188965e+01
   3.4794000e+05   2.3559570e+01
   3.6009700e+05   2.3986816e+01
   3.6032000e+05   3.1372070e+01
   3.7326500e+05   3.0456543e+01
   3.7336600e+05   2.8808594e+01
   3.7683900e+05   3.4118652e+01
   3.8960500e+05   2.8198242e+01
   3.8978500e+05   2.6855469e+01
   3.8988200e+05   2.7770996e+01
   3.9439500e+05   3.6071777e+01
   4.0309900e+05   2.1545410e+01
   4.0311900e+05   3.3386230e+01
   4.0320000e+05   2.7587891e+01
   4.0324900e+05   2.4841309e+01
   4.0329500e+05   3.2104492e+01
   4.0348200e+05   2.4841309e+01
   4.1263300e+05   2.9235840e+01
   4.1318800e+05   2.4230957e+01
   4.1340900e+05   3.7780762e+01
   4.1362800e+05   2.8198242e+01
   4.1372800e+05   2.8076172e+01
   4.1378000e+05   2.1118164e+01
   4.1383600e+05   2.4047852e+01
   4.2339200e+05   2.6123047e+01
   4.2370400e+05   3.0456543e+01
   4.2382400e+05   3.2531738e+01
   4.2387800e+05   2.5024414e+01
   4.2393100e+05   2.2155762e+01
   4.4520200e+05   3.1311035e+01
   4.4544000e+05   2.4963379e+01
   4.4557700e+05   3.1372070e+01
   4.4571700e+05   2.8381348e+01
   4.4590200e+05   2.6306152e+01
   4.4610000e+05   2.6062012e+01
   4.4624300e+05   2.2949219e+01
   4.9701000e+05   3.0944824e+01
   4.9734900e+05   2.7587891e+01
   4.9747000e+05   2.8930664e+01
   4.9781000e+05   2.4841309e+01
   4.9821300e+05   2.8015137e+01
   4.9843200e+05   2.3498535e+01
   5.2436700e+05   3.0944824e+01
   5.2491000e+05   2.4414063e+01
   5.2496500e+05   2.2583008e+01
   5.2509900e+05   3.1005859e+01
   5.2807900e+05   2.5695801e+01
   5.2818000e+05   2.6550293e+01
   5.2828100e+05   2.6550293e+01
   5.5456200e+05   2.6916504e+01
   5.5469300e+05   3.0395508e+01
   5.5492000e+05   2.6977539e+01
   5.7239700e+05   2.3559570e+01
   5.7270800e+05   2.7465820e+01
   5.7285100e+05   2.9846191e+01
   5.8841800e+05   2.2644043e+01
   5.8875300e+05   2.7404785e+01
   5.8882400e+05   2.4047852e+01
   6.0290700e+05   2.7465820e+01
   6.0300600e+05   2.6428223e+01
   6.0339000e+05   3.0395508e+01
   6.0360400e+05   2.3071289e+01
   6.1678700e+05   2.9052734e+01
   6.1697900e+05   2.3132324e+01
   6.1709400e+05   3.1188965e+01
   6.1730100e+05   2.9357910e+01
   6.1763300e+05   3.1127930e+01
   6.1855000e+05   2.3498535e+01
   6.1894700e+05   2.9052734e+01
   6.1941000e+05   2.6977539e+01
   6.3354900e+05   2.8686523e+01
   6.3391700e+05   3.3020020e+01
   6.3400900e+05   3.1555176e+01
   6.3409300e+05   2.1545410e+01
   6.3497900e+05   2.9357910e+01
   6.3526200e+05   2.7648926e+01
   6.3560600e+05   2.5329590e+01
   6.3575500e+05   2.5207520e+01
   6.3624800e+05   3.0029297e+01
   6.3647900e+05   2.5878906e+01
   6.3685700e+05   2.8869629e+01
   6.3753100e+05   2.6000977e+01
   6.3762300e+05   2.0996094e+01
   6.3781400e+05   2.1545410e+01
   6.3825200e+05   2.2583008e+01
   6.3848000e+05   2.8076172e+01
   6.5261200e+05   2.7038574e+01
   6.5272300e+05   2.7160645e+01
   6.5401200e+05   2.9235840e+01
   6.5419500e+05   2.2521973e+01
   6.5434500e+05   2.6428223e+01
   6.5444800e+05   2.6306152e+01
   6.5469600e+05   2.8503418e+01
   6.7421900e+05   2.9602051e+01
   6.7439800e+05   2.3376465e+01
   6.7452100e+05   2.5207520e+01
   6.7466100e+05   2.5634766e+01
   6.7610500e+05   2.9846191e+01
   6.7636000e+05   2.5756836e+01
   6.7669600e+05   2.5756836e+01
   6.7706400e+05   2.8991699e+01
   7.0078900e+05   2.9174805e+01
   7.0099900e+05   2.9235840e+01
   7.0107800e+05   2.6489258e+01
   7.0224300e+05   2.9235840e+01
   7.0323600e+05   2.3742676e+01
   7.0434000e+05   2.7404785e+01
   7.0451700e+05   2.8442383e+01
   7.2756700e+05   2.4291992e+01
   7.2771600e+05   3.3752441e+01
   7.2785300e+05   2.8564453e+01
   7.2911100e+05   2.7099609e+01
   7.2927000e+05   2.2949219e+01
   7.2940000e+05   2.6428223e+01
   7.2972800e+05   2.4230957e+01
   7.3117200e+05   2.6123047e+01
   7.5313100e+05   3.1799316e+01
   7.5321100e+05   2.8442383e+01
   7.5328700e+05   2.7465820e+01
   7.5441300e+05   2.5024414e+01
   7.5477100e+05   2.4719238e+01
   7.5499800e+05   2.5756836e+01
   7.5599300e+05   2.7770996e+01
   7.6996600e+05   3.8452148e+01
   7.7002600e+05   2.8076172e+01
   7.7012000e+05   2.8320313e+01
   7.7025200e+05   3.0883789e+01
   8.0180300e+05   3.3874512e+01
   8.0185500e+05   2.5939941e+01
   8.0196200e+05   2.7160645e+01
   8.0220000e+05   2.4230957e+01
   8.0267900e+05   2.5146484e+01
   8.0333300e+05   2.5939941e+01
   8.0360200e+05   2.5512695e+01
   8.0383100e+05   2.3437500e+01
   8.0418500e+05   2.8686523e+01
   8.0457600e+05   2.8320313e+01
   8.0476200e+05   2.2399902e+01
   8.0499300e+05   3.0822754e+01
   8.0559700e+05   2.3986816e+01
   8.0582200e+05   2.7770996e+01
   8.2852800e+05   3.4729004e+01
   8.2865700e+05   2.6611328e+01
   8.2879600e+05   2.4963379e+01
   8.2911600e+05   3.2043457e+01
   8.2999400e+05   3.2104492e+01
   8.3119200e+05   2.5390625e+01
   8.3138300e+05   2.6794434e+01
   8.3179300e+05   2.8259277e+01
   8.3224500e+05   2.2949219e+01
   8.5886100e+05   2.4291992e+01
   8.5894700e+05   2.3254395e+01
   8.5906400e+05   2.1240234e+01
   8.5932000e+05   2.8198242e+01
   8.5991900e+05   2.2888184e+01
   8.6070200e+05   2.3193359e+01
   8.6111900e+05   2.5756836e+01
   8.6160000e+05   2.2460938e+01
   8.6179000e+05   2.6794434e+01
   8.6234900e+05   2.9113770e+01
   8.6306200e+05   2.8625488e+01
   8.6356900e+05   2.3986816e+01
   8.6383500e+05   3.0578613e+01
   8.6461200e+05   2.3193359e+01
   8.9421100e+05   2.8442383e+01
   8.9425200e+05   2.1789551e+01
   8.9430100e+05   2.5817871e+01
   8.9439600e+05   2.7709961e+01
   8.9560200e+05   3.0761719e+01
   8.9609500e+05   2.4536133e+01
   9.1953200e+05   3.3569336e+01
   9.1957100e+05   3.0700684e+01
   9.1967200e+05   2.6550293e+01
   9.2093900e+05   3.0090332e+01
   9.2115400e+05   2.3132324e+01
   9.2147800e+05   2.5939941e+01
   9.2181800e+05   2.6062012e+01
   9.2243200e+05   2.6306152e+01
   9.2296800e+05   3.0883789e+01
   9.2329600e+05   2.4353027e+01
   9.2413100e+05   2.7587891e+01
   9.4591500e+05   3.5766602e+01
   9.4595300e+05   2.5817871e+01
   9.4601200e+05   2.3254395e+01
   9.4608100e+05   2.0996094e+01
   9.4610700e+05   2.8015137e+01
   9.4751100e+05   2.6367188e+01
   9.4796600e+05   2.7404785e+01
   9.4831800e+05   2.6000977e+01
   9.4961300e+05   2.1423340e+01
   9.7554300e+05   2.5146484e+01
   9.7559300e+05   3.3752441e+01
   9.7567500e+05   3.0090332e+01
   9.7575700e+05   2.2399902e+01
   9.7722500e+05   2.3132324e+01
   9.7781000e+05   3.1066895e+01
   9.9985900e+05   2.7221680e+01
   9.9992500e+05   2.5939941e+01
   1.0001170e+06   2.6672363e+01
   1.0019930e+06   2.9296875e+01
   1.0021040e+06   3.1494141e+01
   1.0026670e+06   2.8442383e+01
   1.0031980e+06   2.6123047e+01
   1.0034020e+06   2.5390625e+01
   1.0041640e+06   2.7465820e+01
   1.0185420e+06   3.0700684e+01
   1.0186110e+06   2.4536133e+01
   1.0186780e+06   2.3254395e+01
   1.0187580e+06   2.3315430e+01
   1.0188890e+06   2.6855469e+01
   1.0189180e+06   2.2399902e+01
   1.0199530e+06   2.4169922e+01
   1.0415020e+06   3.1250000e+01
   1.0415580e+06   2.8625488e+01
   1.0416460e+06   3.2592773e+01
   1.0417360e+06   2.4658203e+01
   1.0421700e+06   2.6550293e+01
   1.0428440e+06   2.7893066e+01
   1.0431800e+06   2.5146484e+01
   1.0433750e+06   2.2399902e+01
   1.0438020e+06   2.4780273e+01
   1.0439080e+06   2.5817871e+01
   1.0444270e+06   2.2277832e+01
   1.0447700e+06   2.4169922e+01
   1.0691630e+06   2.3681641e+01
   1.0692450e+06   2.5390625e+01
   1.0693370e+06   2.9663086e+01
   1.0694160e+06   2.4108887e+01
   1.0696010e+06   3.2409668e+01
   1.0698860e+06   3.2165527e+01
   1.0946430e+06   2.8808594e+01
   1.0947250e+06   2.7160645e+01
   1.0948530e+06   2.7160645e+01
   1.0949880e+06   2.4780273e+01
   1.0952390e+06   2.5695801e+01
   1.0964530e+06   2.3315430e+01
   1.0968770e+06   3.1677246e+01
   1.0970350e+06   2.4475098e+01
   1.0974370e+06   2.7832031e+01
   1.1229470e+06   2.5695801e+01
   1.1229880e+06   2.8381348e+01
   1.1230440e+06   2.2033691e+01
   1.1231460e+06   2.5085449e+01
   1.1231760e+06   2.4169922e+01
   1.1234750e+06   2.3559570e+01
   1.1434520e+06   2.7465820e+01
   1.1435480e+06   2.2094727e+01
   1.1437010e+06   2.7648926e+01
   1.1438410e+06   2.4108887e+01
   1.1438720e+06   2.3071289e+01
   1.1441970e+06   2.6306152e+01
   1.1664980e+06   3.5522461e+01
   1.1666510e+06   3.0944824e+01
   1.1667450e+06   2.8869629e+01
   1.1835260e+06   2.9113770e+01
   1.1836310e+06   2.8686523e+01
   1.1836960e+06   2.7893066e+01
   1.1838430e+06   2.3376465e+01
   1.1900840e+06   2.5512695e+01
   1.1901860e+06   2.6062012e+01
   1.1903720e+06   2.7038574e+01
   1.1904740e+06   2.4780273e+01
   1.2150220e+06   2.7221680e+01
   1.2151800e+06   2.6977539e+01
   1.2153280e+06   2.3437500e+01
   1.2167830e+06   2.0996094e+01
   1.2174820e+06   2.5146484e+01
   1.2177520e+06   2.7709961e+01
   1.2333270e+06   2.7770996e+01
   1.2335440e+06   2.8076172e+01
   1.2338510e+06   2.6733398e+01
   1.2353290e+06   2.8564453e+01
   1.2466930e+06   2.7038574e+01
   1.2468430e+06   3.0273438e+01
   1.2469080e+06   2.7221680e+01
   1.2616310e+06   2.8686523e+01
   1.2617140e+06   2.8686523e+01
   1.2617970e+06   2.5451660e+01
   1.2618150e+06   2.6123047e+01
   1.2618570e+06   2.2705078e+01
   1.2618860e+06   2.7160645e+01
   1.2619790e+06   2.3376465e+01
   1.2737070e+06   2.3803711e+01
   1.2740180e+06   2.8625488e+01
   1.2742450e+06   2.2949219e+01
   1.2743490e+06   2.7343750e+01
   1.2746650e+06   2.4902344e+01
   1.2854360e+06   2.8442383e+01
   1.2858440e+06   2.8564453e+01
   1.3193710e+06   3.1372070e+01
   1.3195960e+06   2.6184082e+01
   1.3200020e+06   2.5573730e+01
   1.3209040e+06   3.0639648e+01
   1.3209920e+06   2.7343750e+01
   1.3215060e+06   2.5085449e+01
   1.3217050e+06   2.8930664e+01
   1.3221890e+06   3.2653809e+01
   1.3384360e+06   3.0578613e+01
   1.3388410e+06   2.6062012e+01
   1.3390070e+06   3.0029297e+01
   1.3393670e+06   2.3315430e+01
   1.3525380e+06   2.8137207e+01
   1.3526500e+06   2.3010254e+01
   1.3527860e+06   2.6916504e+01
   1.3528190e+06   2.1362305e+01
   1.3528470e+06   3.2531738e+01
   1.3529140e+06   2.7282715e+01
   1.3530320e+06   2.2460938e+01
   1.3694520e+06   3.0944824e+01
   1.3700670e+06   3.1494141e+01
   1.3703100e+06   2.2277832e+01
   1.3706190e+06   2.7587891e+01
   1.3708970e+06   3.0639648e+01
   1.3712310e+06   2.1789551e+01
   1.3714980e+06   3.1921387e+01
   1.4289110e+06   2.5329590e+01
   1.4296420e+06   2.7465820e+01
   1.4301120e+06   3.1127930e+01
   1.4307530e+06   2.7587891e+01
   1.4312450e+06   3.0700684e+01
   1.4322920e+06   2.3193359e+01
   1.4325950e+06   2.9724121e+01
   1.4328230e+06   2.6733398e+01
   1.4330990e+06   2.6855469e+01
   1.4332570e+06   2.4291992e+01
   1.4336520e+06   2.3437500e+01
   1.4342220e+06   2.8625488e+01
   1.4583470e+06   2.8015137e+01
   1.4588190e+06   2.5207520e+01
   1.4598500e+06   2.3803711e+01
   1.4603640e+06   2.5024414e+01
   1.4604970e+06   2.8015137e+01
   1.4606870e+06   2.8137207e+01
   1.4609500e+06   2.2949219e+01
   1.4619480e+06   2.5207520e+01
   1.4797120e+06   2.7709961e+01
   1.4801050e+06   2.6550293e+01
   1.4816890e+06   2.6000977e+01
   1.4822760e+06   2.6062012e+01
   1.4823950e+06   2.4353027e+01
   1.4825940e+06   2.3437500e+01
   1.4830440e+06   2.8442383e+01
   1.4836230e+06   3.2653809e+01
   1.4839120e+06   2.5390625e+01
   1.4841460e+06   2.9296875e+01
   1.4843730e+06   2.1545410e+01
   1.4846870e+06   2.4902344e+01
   1.4850240e+06   2.6977539e+01
   1.4860720e+06   2.4414063e+01
   1.4864960e+06   2.5573730e+01
   1.5045620e+06   2.9785156e+01
   1.5047730e+06   2.6611328e+01
   1.5049590e+06   2.5268555e+01
   1.5061250e+06   2.7526855e+01
   1.5064790e+06   2.6672363e+01
   1.5065950e+06   2.7954102e+01
   1.5067880e+06   2.9541016e+01
   1.5068560e+06   2.4108887e+01
   1.5070940e+06   2.3010254e+01
   1.5073440e+06   2.6672363e+01
   1.5078560e+06   2.4047852e+01
   1.5089770e+06   2.2399902e+01
   1.5093980e+06   2.7221680e+01
   1.5097110e+06   2.7648926e+01
   1.5100590e+06   2.6428223e+01
   1.5103020e+06   2.3437500e+01
   1.5105540e+06   2.5695801e+01
   1.5106830e+06   2.3986816e+01
   1.5108350e+06   2.5573730e+01
   1.5113180e+06   2.6489258e+01
   1.5115150e+06   2.8198242e+01
   1.5280640e+06   3.0395508e+01
   1.5282640e+06   2.9052734e+01
   1.5293360e+06   2.6611328e+01
   1.5297870e+06   3.0151367e+01
   1.5299060e+06   2.1606445e+01
   1.5299450e+06   2.4780273e+01
   1.5301650e+06   2.6184082e+01
   1.5309560e+06   2.5512695e+01
   1.5484750e+06   2.6062012e+01
   1.5486240e+06   2.7648926e+01
   1.5486930e+06   2.6672363e+01
   1.5495010e+06   2.5268555e+01
   1.5499460e+06   2.6794434e+01
   1.5500160e+06   2.2155762e+01
   1.5501740e+06   2.6611328e+01
   1.5505030e+06   2.3803711e+01
   1.5506390e+06   2.5878906e+01
   1.5507270e+06   2.2277832e+01
   1.5512050e+06   2.5268555e+01
   1.5519210e+06   2.9663086e+01
   1.5735510e+06   2.4841309e+01
   1.5737690e+06   2.8991699e+01
   1.5741930e+06   2.9907227e+01
   1.5744280e+06   3.1127930e+01
   1.5746230e+06   2.6123047e+01
   1.5748440e+06   2.8503418e+01
   1.5758040e+06   2.5878906e+01
   1.5758720e+06   2.6672363e+01
   1.5761170e+06   3.1188965e+01
   1.5763010e+06   2.8869629e+01
   1.5769120e+06   2.3559570e+01
   1.5776600e+06   3.1188965e+01
   1.5781330e+06   2.4597168e+01
   1.5785990e+06   2.4536133e+01
   1.5908530e+06   2.7465820e+01
   1.5912760e+06   2.6977539e+01
   1.5914320e+06   2.9052734e+01
   1.5917210e+06   2.4414063e+01
   1.5918250e+06   2.1545410e+01
   1.5920120e+06   2.6733398e+01
   1.5923100e+06   3.0761719e+01
   1.5925670e+06   2.4414063e+01
   1.5928170e+06   2.2033691e+01
   1.5931560e+06   2.1423340e+01
   1.5934260e+06   3.0639648e+01
   1.5936910e+06   2.2705078e+01
   1.5939310e+06   2.8503418e+01
   1.5943220e+06   2.2460938e+01
   1.5948840e+06   2.6855469e+01
   1.6226870e+06   3.0517578e+01
   1.6229990e+06   3.7414551e+01
   1.6235100e+06   2.4475098e+01
   1.6237530e+06   2.4353027e+01
   1.6239790e+06   2.1484375e+01
   1.6243130e+06   2.8808594e+01
   1.6250920e+06   2.3864746e+01
   1.6254580e+06   2.4169922e+01
   1.6257830e+06   2.5634766e+01
   1.6259300e+06   2.7832031e+01
   1.6261040e+06   2.1606445e+01
   1.6265700e+06   2.4353027e+01
   1.6268630e+06   2.4597168e+01
   1.6270520e+06   2.9296875e+01
   1.6277540e+06   2.1850586e+01
   1.6497640e+06   2.5878906e+01
   1.6501030e+06   2.6977539e+01
   1.6503130e+06   2.3254395e+01
   1.6504410e+06   2.5573730e+01
   1.6508510e+06   3.0029297e+01
   1.6509620e+06   2.4230957e+01
   1.6513200e+06   2.7587891e+01
   1.6519440e+06   2.7282715e+01
   1.6522840e+06   3.0395508e+01
   1.6526720e+06   2.6794434e+01
   1.6530920e+06   2.6611328e+01
   1.6534140e+06   2.4902344e+01
   1.6537870e+06   2.3193359e+01
   1.6540210e+06   2.2155762e+01
   1.6543550e+06   2.4780273e+01
   1.6545140e+06   2.8320313e+01
   1.6548360e+06   2.4414063e+01
   1.6822070e+06   3.1555176e+01
   1.6824920e+06   2.9846191e+01
   1.6826020e+06   2.2033691e+01
   1.6827910e+06   2.8381348e+01
   1.6829930e+06   2.9357910e+01
   1.6832650e+06   3.3935547e+01
   1.6834450e+06   2.6428223e+01
   1.6847670e+06   2.9785156e+01
   1.6849030e+06   2.9418945e+01
   1.6858680e+06   2.2766113e+01
   1.6860850e+06   2.6367188e+01
   1.6862470e+06   2.3559570e+01
   1.6866390e+06   2.6733398e+01
   1.6868470e+06   2.4963379e+01
   1.6873110e+06   2.5939941e+01
   1.6876350e+06   2.7893066e+01
   1.7262390e+06   2.8991699e+01
   1.7264860e+06   2.1911621e+01
   1.7268410e+06   2.5756836e+01
   1.7270530e+06   3.1921387e+01
   1.7275260e+06   2.2155762e+01
   1.7277890e+06   2.7343750e+01
   1.7282510e+06   2.7221680e+01
   1.7285350e+06   2.6855469e+01
   1.7291900e+06   2.9113770e+01
   1.7293170e+06   2.2888184e+01
   1.7297440e+06   2.7526855e+01
   1.7302530e+06   2.6184082e+01
   1.7308040e+06   3.2287598e+01
   1.7621860e+06   3.5583496e+01
   1.7624810e+06   2.4291992e+01
   1.7626000e+06   3.5156250e+01
   1.7628870e+06   3.5827637e+01
   1.7632650e+06   2.5207520e+01
   1.7641970e+06   2.4353027e+01
   1.7643950e+06   2.6367188e+01
   1.7650900e+06   2.2399902e+01
   1.7944200e+06   2.8930664e+01
   1.7946120e+06   2.2399902e+01
   1.7947450e+06   3.0273438e+01
   1.7950440e+06   2.9113770e+01
   1.7955880e+06   2.5512695e+01
   1.7960630e+06   2.5085449e+01
   1.7963460e+06   2.7465820e+01
   1.7966890e+06   2.8137207e+01
   1.7970630e+06   2.5939941e+01
   1.7976260e+06   2.4475098e+01
   1.7979410e+06   3.0578613e+01
   1.7980780e+06   2.6489258e+01
   1.7984860e+06   2.3315430e+01
   1.7990700e+06   2.7343750e+01
   1.7993150e+06   2.4230957e+01
   1.7995020e+06   2.7648926e+01
   1.8004820e+06   2.3864746e+01
   1.8534150e+06   3.0029297e+01
   1.8537710e+06   3.0395508e+01
   1.8541360e+06   2.8320313e+01
   1.8543490e+06   3.1677246e+01
   1.8551670e+06   2.4658203e+01
   1.8553780e+06   2.5268555e+01
   1.8557750e+06   2.5634766e+01
   1.8559800e+06   2.4719238e+01
   1.8562230e+06   2.3681641e+01
   1.8564800e+06   2.2277832e+01
   1.8568270e+06   3.1066895e+01
   1.8571510e+06   2.1972656e+01
   1.8574170e+06   3.2470703e+01
   1.8577480e+06   2.2277832e+01
   1.8581530e+06   2.6794434e+01
   1.8588060e+06   2.2338867e+01
   1.8595700e+06   2.3437500e+01
   1.8602990e+06   2.6611328e+01
   1.8888890e+06   2.9479980e+01
   1.8891490e+06   3.1799316e+01
   1.8895760e+06   2.7954102e+01
   1.8901380e+06   3.0395508e+01
   1.8902250e+06   2.8747559e+01
   1.8904550e+06   3.0273438e+01
   1.8906450e+06   2.6733398e+01
   1.9274700e+06   3.1982422e+01
   1.9279260e+06   2.6062012e+01
   1.9280590e+06   2.4108887e+01
   1.9282410e+06   3.0212402e+01
   1.9284490e+06   2.2705078e+01
   1.9288120e+06   2.9418945e+01
   1.9291270e+06   2.7770996e+01
   1.9292940e+06   2.6000977e+01
   1.9300250e+06   2.5146484e+01
   1.9304970e+06   2.5878906e+01
   1.9307650e+06   2.4780273e+01
   1.9311480e+06   2.5756836e+01
   1.9321870e+06   2.6123047e+01
   1.9326400e+06   2.6062012e+01
   1.9666020e+06   2.8137207e+01
   1.9668710e+06   2.2338867e+01
   1.9674100e+06   2.2338867e+01
   1.9677780e+06   2.2583008e+01
   1.9679130e+06   3.1799316e+01
   1.9682150e+06   2.7221680e+01
   1.9694290e+06   2.6611328e+01
   2.0084290e+06   2.5634766e+01
   2.0094640e+06   3.1616211e+01
   2.0095240e+06   3.1616211e+01
   2.0097270e+06   2.2033691e+01
   2.0102580e+06   2.4658203e+01
   2.0106540e+06   2.8381348e+01
   2.0107510e+06   2.1179199e+01
   2.0108930e+06   2.5329590e+01
   2.0111180e+06   2.6184082e+01
   2.0113740e+06   2.3742676e+01
   2.0118270e+06   2.7343750e+01
   2.0118900e+06   2.1362305e+01
   2.0121230e+06   2.4597168e+01
   2.0124910e+06   2.8747559e+01
   2.0128850e+06   2.9663086e+01
   2.0132490e+06   3.1188965e+01
   2.0136310e+06   2.6672363e+01
   2.0145600e+06   2.7404785e+01
   2.0149390e+06   2.8137207e+01
   2.0630670e+06   2.9113770e+01
   2.0633110e+06   2.5939941e+01
   2.0641090e+06   2.6611328e+01
   2.0641550e+06   2.1240234e+01
   2.0644170e+06   2.7587891e+01
   2.0645200e+06   2.3437500e+01
   2.0651250e+06   2.2644043e+01
   2.0653640e+06   2.1911621e+01
   2.0654970e+06   3.1066895e+01
   2.0657650e+06   2.8869629e+01
   2.0660230e+06   2.5573730e+01
   2.0664300e+06   2.6306152e+01
   2.0667110e+06   2.5756836e+01
   2.0671770e+06   2.6550293e+01
   2.0676860e+06   2.3681641e+01
   2.0682220e+06   2.7099609e+01
   2.0690690e+06   2.5878906e+01
   2.0696370e+06   2.5207520e+01
   2.1173080e+06   3.2470703e+01
   2.1174370e+06   2.8564453e+01
   2.1179300e+06   3.2348633e+01
   2.1181110e+06   2.2338867e+01
   2.1188830e+06   3.1738281e+01
   2.1190950e+06   2.3681641e+01
   2.1193000e+06   2.4047852e+01
   2.1196570e+06   2.7893066e+01
   2.1200480e+06   2.5329590e+01
   2.1205230e+06   2.9296875e+01
   2.1216820e+06   2.9235840e+01
   2.1220700e+06   2.5512695e+01
   2.1226770e+06   2.4108887e+01
   2.1231750e+06   2.7526855e+01
   2.1639280e+06   2.8686523e+01
   2.1641570e+06   2.7343750e+01
   2.1645640e+06   2.5878906e+01
   2.1649440e+06   2.7221680e+01
   2.1654240e+06   3.1311035e+01
   2.1657320e+06   2.4414063e+01
   2.1664300e+06   2.7160645e+01
   2.1668850e+06   2.7954102e+01
   2.1671150e+06   2.9296875e+01
   2.1952250e+06   2.7099609e+01
   2.1958120e+06   3.0334473e+01
   2.1963000e+06   2.4658203e+01
   2.1965440e+06   2.7221680e+01
   2.1967580e+06   3.0212402e+01
   2.1971730e+06   2.5756836e+01
   2.2265390e+06   3.0334473e+01
   2.2270920e+06   2.9418945e+01
   2.2273940e+06   2.7282715e+01
   2.2277530e+06   2.7648926e+01
   2.2282330e+06   2.4597168e+01
   2.2285000e+06   2.2766113e+01
   2.2291160e+06   3.2165527e+01
   2.2299440e+06   2.6550293e+01
   2.2309080e+06   2.4230957e+01
   2.2311380e+06   2.4597168e+01
   2.2317430e+06   2.7465820e+01
   2.2630430e+06   2.5634766e+01
   2.2640330e+06   3.2836914e+01
   2.2641370e+06   2.6672363e+01
   2.2652000e+06   2.4475098e+01
   2.2661810e+06   3.3020020e+01
   2.2663760e+06   2.3498535e+01
   2.2723750e+06   3.0090332e+01
   2.2732060e+06   2.8503418e+01
   2.2846940e+06   2.6489258e+01
   2.2849720e+06   2.3742676e+01
   2.3003030e+06   3.1799316e+01
   2.3009480e+06   2.7709961e+01
   2.3020310e+06   2.7770996e+01
   2.3024140e+06   2.7099609e+01
   2.3024810e+06   2.7404785e+01
   2.3027480e+06   2.4597168e+01
   2.3046370e+06   2.4169922e+01
   2.3182670e+06   2.8503418e+01
   2.3349130e+06   2.9235840e+01
   2.3350660e+06   3.0944824e+01
   2.3351700e+06   3.8269043e+01
   2.3352220e+06   2.4230957e+01
   2.3467690e+06   3.0883789e+01
   2.3470980e+06   2.5390625e+01
   2.3472340e+06   2.5512695e+01
   2.3473850e+06   2.1057129e+01
   2.3474490e+06   2.8137207e+01
   2.3475040e+06   2.4780273e+01
   2.3475570e+06   2.4719238e+01
   2.3476500e+06   2.5146484e+01
   2.3573240e+06   3.0700684e+01
   2.3575360e+06   2.2521973e+01
   2.3575980e+06   2.9174805e+01
   2.3576860e+06   3.3142090e+01
   2.3577540e+06   2.3315430e+01
   2.3578540e+06   2.6916504e+01
   2.4511160e+06   2.8137207e+01
   2.4521600e+06   3.2287598e+01
   2.4527710e+06   2.6306152e+01
   2.4536040e+06   2.7648926e+01
   2.4541530e+06   2.9724121e+01
   2.4554110e+06   2.3742676e+01
   2.4561210e+06   2.6794434e+01
   2.4769430e+06   2.6184082e+01
   2.4820630e+06   2.9541016e+01
   2.4837860e+06   3.1982422e+01
   2.4841740e+06   2.3742676e+01
   2.4844800e+06   3.3081055e+01
   2.5027280e+06   2.6245117e+01
   2.5051040e+06   2.1850586e+01
   2.5078770e+06   2.4353027e+01
   2.5096390e+06   2.5024414e+01
   2.5101910e+06   2.6550293e+01
   2.5225270e+06   2.5390625e+01
   2.5230410e+06   2.7770996e+01
   2.5289350e+06   2.6672363e+01
   2.5330530e+06   2.7099609e+01
   2.5349860e+06   2.7404785e+01
   2.5358740e+06   2.6367188e+01
   2.5376080e+06   3.0090332e+01
   2.5394730e+06   2.7587891e+01
   2.5453690e+06   2.7282715e+01
   2.5459380e+06   2.5634766e+01
   2.5513210e+06   3.4423828e+01
   2.5548030e+06   2.7160645e+01
   2.5592720e+06   3.0944824e+01
   2.5603690e+06   2.6306152e+01
   2.5608900e+06   2.6977539e+01
   2.5820390e+06   2.7343750e+01
   2.5853160e+06   2.5390625e+01
   2.5858130e+06   2.5451660e+01
   2.5862050e+06   2.4841309e+01
   2.5876650e+06   2.7160645e+01
   2.5880760e+06   2.7099609e+01
   2.5882340e+06   3.1372070e+01
   2.5885630e+06   2.1545410e+01
   2.5886080e+06   3.0700684e+01
   2.6311660e+06   2.9174805e+01
   2.6314930e+06   2.4353027e+01
   2.6348620e+06   2.9357910e+01
   2.6352430e+06   3.3630371e+01
   2.6356610e+06   2.5878906e+01
   2.6371900e+06   3.0273438e+01
   2.6375190e+06   2.7526855e+01
   2.6581140e+06   3.2714844e+01
   2.6679660e+06   2.7404785e+01
   2.6759330e+06   2.3193359e+01
   2.6779890e+06   2.6306152e+01
   2.6788260e+06   3.3569336e+01
   2.6794710e+06   3.0883789e+01
   2.6812690e+06   2.8503418e+01
   2.6824750e+06   2.5756836e+01
   2.6856840e+06   2.3071289e+01
   2.6868200e+06   3.9245605e+01
   2.6893730e+06   2.7465820e+01
   2.6899940e+06   2.5878906e+01
   2.6908800e+06   3.2043457e+01
   2.6946250e+06   2.3925781e+01
   2.6969270e+06   2.7099609e+01
   2.7345640e+06   2.5024414e+01
   2.7349810e+06   2.6916504e+01
   2.7356100e+06   2.9663086e+01
   2.7372930e+06   2.3315430e+01
   2.7377780e+06   2.7709961e+01
   2.7380530e+06   2.5329590e+01
   2.7383730e+06   3.0334473e+01
   2.7386070e+06   2.3071289e+01
   2.7386460e+06   2.4047852e+01
   2.7600190e+06   2.4169922e+01
   2.7606520e+06   3.0212402e+01
   2.7611520e+06   2.5390625e+01
   2.7613280e+06   2.4291992e+01
   2.7615930e+06   2.7160645e+01
   2.7618550e+06   2.4719238e+01
   2.7984840e+06   3.3874512e+01
   2.8097410e+06   3.1860352e+01
   2.8105630e+06   2.3193359e+01
   2.8203720e+06   2.6489258e+01
   2.8424680e+06   2.5878906e+01
   2.8427600e+06   3.4240723e+01
   2.8431550e+06   2.7954102e+01
   2.8432270e+06   2.1728516e+01
   2.8433660e+06   3.4240723e+01
   2.8435820e+06   2.9602051e+01
   2.8436370e+06   2.8686523e+01
   2.8436970e+06   2.2399902e+01
   2.8541080e+06   2.8869629e+01
   2.8542140e+06   2.3620605e+01
   2.8543370e+06   2.1179199e+01
   2.8544120e+06   2.5146484e+01
   2.8544970e+06   2.7099609e+01
   2.8545800e+06   2.6855469e+01
   2.8546840e+06   2.5207520e+01
   2.8644560e+06   2.9602051e+01
   2.8646580e+06   2.1789551e+01
   2.8647480e+06   2.5756836e+01
   2.8648140e+06   3.9978027e+01
   2.8648880e+06   2.2949219e+01
   2.8649170e+06   2.3254395e+01
   2.8649520e+06   2.3437500e+01
   2.9466590e+06   2.7587891e+01
   2.9565110e+06   2.6489258e+01
   2.9616790e+06   2.5878906e+01
   2.9654470e+06   2.4902344e+01
   2.9679890e+06   2.9174805e+01
   2.9706920e+06   2.8198242e+01
   2.9762630e+06   3.0761719e+01
   2.9784170e+06   2.5817871e+01
   2.9819330e+06   2.3132324e+01
   2.9845870e+06   2.4291992e+01
   2.9866190e+06   2.4353027e+01
   2.9891930e+06   2.3864746e+01
   2.9908080e+06   3.4301758e+01
   3.0167590e+06   2.9235840e+01
   3.0171650e+06   3.1982422e+01
   3.0180700e+06   3.0761719e+01
   3.0182980e+06   2.6977539e+01
   3.0183690e+06   2.6306152e+01
   3.0184980e+06   3.2653809e+01
   3.0185750e+06   2.8503418e+01
   3.0185910e+06   3.1250000e+01
   3.0187020e+06   2.1789551e+01
   3.0303850e+06   2.8747559e+01
   3.0320020e+06   3.3264160e+01
   3.0323490e+06   2.1972656e+01
   3.0324420e+06   2.7832031e+01
   3.0325720e+06   2.7648926e+01
   3.0326190e+06   2.4047852e+01
   3.0326910e+06   2.7343750e+01
   3.0972720e+06   2.8808594e+01
   3.1119410e+06   3.0395508e+01
   3.1230110e+06   2.4536133e+01
   3.1266100e+06   2.6916504e+01
   3.1279460e+06   2.6245117e+01
   3.1319490e+06   2.5329590e+01
   3.1335280e+06   2.8503418e+01
   3.1343020e+06   2.9724121e+01
   3.1350580e+06   2.7832031e+01
   3.1354450e+06   2.8015137e+01
   3.1365180e+06   2.8930664e+01
   3.1368150e+06   2.6611328e+01
   3.1369300e+06   3.0334473e+01
   3.1370400e+06   2.5207520e+01
   3.1370950e+06   2.1301270e+01
   3.1769860e+06   2.9418945e+01
   3.1838260e+06   3.0944824e+01
   3.1931530e+06   3.2165527e+01
   3.2034730e+06   2.7832031e+01
   3.2074040e+06   2.3071289e+01
   3.2196810e+06   3.0395508e+01
   3.2210200e+06   2.7160645e+01
   3.2226120e+06   3.1982422e+01
   3.2241060e+06   2.5634766e+01
   3.2248320e+06   2.8625488e+01
   3.2250700e+06   2.5573730e+01
   3.2251620e+06   2.7526855e+01
   3.2252390e+06   3.2348633e+01
   3.2252560e+06   2.1789551e+01
   3.2253010e+06   2.2583008e+01
   3.2253430e+06   2.2888184e+01
   3.2474490e+06   3.1372070e+01
   3.2484540e+06   3.2165527e+01
   3.2488270e+06   3.2531738e+01
   3.2489870e+06   2.7770996e+01
   3.2491700e+06   3.7597656e+01
   3.2492600e+06   3.1494141e+01
   3.2493560e+06   2.3010254e+01
   3.2493940e+06   2.9296875e+01
   3.2495100e+06   3.4729004e+01
   3.2495700e+06   2.8259277e+01
   3.3019390e+06   2.8137207e+01
   3.3024440e+06   2.5634766e+01
   3.3054660e+06   2.8076172e+01
   3.3088700e+06   2.3803711e+01
   3.3323630e+06   2.9724121e+01
   3.3332020e+06   3.0639648e+01
   3.3347350e+06   2.8015137e+01
   3.3358870e+06   3.1250000e+01
   3.3362070e+06   3.3813477e+01
   3.3362740e+06   2.1423340e+01
   3.3363290e+06   2.8503418e+01
   3.3364270e+06   2.2338867e+01
   3.3365020e+06   3.4606934e+01
   3.3365610e+06   2.2888184e+01
   3.3366890e+06   2.3437500e+01
   3.4109180e+06   2.6062012e+01
   3.4162720e+06   2.9846191e+01
   3.4168480e+06   2.4169922e+01
   3.4174240e+06   2.8503418e+01
   3.4176640e+06   2.8747559e+01
   3.4179200e+06   2.5695801e+01
   3.4180180e+06   2.5634766e+01
   3.4181340e+06   2.2705078e+01
   3.4182090e+06   2.8137207e+01
   3.4508780e+06   2.7343750e+01
   3.4519970e+06   3.1555176e+01
   3.4534080e+06   3.4667969e+01
   3.4539950e+06   2.4291992e+01
   3.4543260e+06   2.8747559e+01
   3.4545830e+06   3.0578613e+01
   3.4549000e+06   2.5939941e+01
   3.4552120e+06   3.0090332e+01
   3.4560580e+06   2.7893066e+01
   3.4803610e+06   3.2531738e+01
   3.4817300e+06   3.0700684e+01
   3.4832190e+06   2.9113770e+01
   3.4838730e+06   2.0996094e+01
   3.4870110e+06   2.3498535e+01
   3.4878490e+06   2.6367188e+01
   3.4887470e+06   2.8991699e+01
   3.5027030e+06   2.7954102e+01
   3.5035200e+06   2.7282715e+01
   3.5053310e+06   2.9235840e+01
   3.5071620e+06   2.7648926e+01
   3.5193220e+06   2.6611328e+01
   3.5215350e+06   2.4047852e+01
   3.5237700e+06   2.3559570e+01
   3.5240510e+06   2.8198242e+01
   3.5251530e+06   2.9174805e+01
   3.5338200e+06   3.0395508e+01
   3.5343260e+06   2.5146484e+01
   3.5385980e+06   3.4484863e+01
   3.5407120e+06   3.1066895e+01
   3.5410590e+06   2.6489258e+01
   3.5437750e+06   2.7770996e+01
   3.5439300e+06   2.9968262e+01
   3.5545990e+06   2.3559570e+01
   3.5549580e+06   2.6184082e+01
   3.5560710e+06   2.9174805e+01
   3.5676580e+06   2.7832031e+01
   3.5680610e+06   2.3986816e+01
   3.5692560e+06   2.7343750e+01
   3.5804920e+06   2.6916504e+01
   3.5812760e+06   2.7770996e+01
   3.5814970e+06   2.7587891e+01
   3.5821990e+06   3.0517578e+01
   3.5897350e+06   2.8381348e+01
   3.5941930e+06   2.5207520e+01
   3.5946520e+06   2.3864746e+01
   3.5956070e+06   2.8015137e+01
   3.6078140e+06   2.9663086e+01
   3.6095340e+06   2.5146484e+01
   3.6192880e+06   3.2104492e+01
   3.6209020e+06   2.2888184e+01
   3.6223160e+06   2.7465820e+01
   3.6224370e+06   2.7465820e+01
   3.6343010e+06   2.3620605e+01
   3.6363310e+06   2.7770996e+01
   3.6489920e+06   3.0212402e+01
   3.6493140e+06   2.9602051e+01
   3.6638590e+06   2.9846191e+01
   3.6646710e+06   2.9296875e+01
   3.6716920e+06   2.7770996e+01
   3.6784700e+06   2.8869629e+01
   3.6791510e+06   2.9785156e+01
   3.6819730e+06   2.9418945e+01
   3.6899400e+06   2.8076172e+01
   3.6912770e+06   2.5390625e+01
   3.7014150e+06   2.5512695e+01
   3.7018360e+06   2.6123047e+01
   3.7170130e+06   2.6123047e+01
   3.7180210e+06   2.7709961e+01
   3.7322100e+06   3.1982422e+01
   3.7335230e+06   2.8076172e+01
   3.7480850e+06   3.2714844e+01
   3.7491650e+06   2.7587891e+01
   3.7538720e+06   2.9907227e+01
   3.7662150e+06   2.3803711e+01
   3.7693310e+06   2.5573730e+01
   3.7698090e+06   2.4047852e+01
   3.7805820e+06   2.7038574e+01
   3.7847420e+06   2.8625488e+01
   3.7849730e+06   3.1127930e+01
   3.7982130e+06   3.6621094e+01
   3.7994070e+06   2.8381348e+01
   3.8001530e+06   2.8015137e+01
   3.8002390e+06   2.6184082e+01
   3.8068900e+06   2.7954102e+01
   3.8167770e+06   2.8442383e+01
   3.8183840e+06   2.1301270e+01
   3.8185160e+06   2.5451660e+01
   3.8216960e+06   2.7526855e+01
   3.8223080e+06   2.9052734e+01
   3.8224720e+06   2.6062012e+01
   3.8338970e+06   2.7160645e+01
   3.8361320e+06   2.6000977e+01
   3.8369640e+06   2.6916504e+01
   3.8526730e+06   3.1494141e+01
   3.8533430e+06   2.8991699e+01
   3.8535560e+06   3.0761719e+01
   3.8700020e+06   3.0578613e+01
   3.8703890e+06   3.0944824e+01
   3.8934490e+06   2.8625488e+01
   3.8957510e+06   2.5024414e+01
   3.8962310e+06   3.1555176e+01
   3.8972580e+06   3.0090332e+01
   3.8973140e+06   3.0273438e+01
   3.9211430e+06   2.6977539e+01
   3.9214610e+06   2.4291992e+01
   3.9216610e+06   2.9479980e+01
   3.9246180e+06   2.6794434e+01
   3.9253190e+06   3.0822754e+01
   3.9421560e+06   3.1982422e+01
   3.9422790e+06   2.8747559e+01
   3.9425650e+06   2.6367188e+01
   3.9450330e+06   2.3803711e+01
   3.9456450e+06   2.8320313e+01
   3.9736360e+06   3.3386230e+01
   3.9737800e+06   2.8076172e+01
   3.9754130e+06   2.9968262e+01
   3.9757400e+06   2.8686523e+01
   4.0009570e+06   2.9602051e+01
   4.0010510e+06   2.4597168e+01
   4.0028260e+06   2.6855469e+01
   4.0031300e+06   3.0578613e+01
   4.0034430e+06   2.3498535e+01
   4.0185880e+06   2.4780273e+01
   4.0186900e+06   3.0456543e+01
   4.0206030e+06   2.7648926e+01
   4.0210630e+06   3.1677246e+01
   4.0218070e+06   2.3620605e+01
   4.0453000e+06   3.0761719e+01
   4.0455890e+06   2.2644043e+01
   4.0458000e+06   2.6550293e+01
   4.0480860e+06   2.3193359e+01
   4.0483540e+06   3.4484863e+01
   4.0485320e+06   2.1423340e+01
   4.0759010e+06   3.3630371e+01
   4.0768010e+06   3.0273438e+01
   4.0780020e+06   3.0456543e+01
   4.0783580e+06   2.5329590e+01
   4.1064330e+06   2.7038574e+01
   4.1067310e+06   2.8259277e+01
   4.1068740e+06   2.2949219e+01
   4.1074300e+06   2.7404785e+01
   4.1088770e+06   2.4536133e+01
   4.1091260e+06   3.0700684e+01
   4.1319110e+06   3.0578613e+01
   4.1321060e+06   2.6977539e+01
   4.1322640e+06   3.0639648e+01
   4.1325770e+06   3.2226563e+01
   4.1337600e+06   2.7160645e+01
   4.1340190e+06   2.4230957e+01
   4.1489440e+06   2.6306152e+01
   4.1490450e+06   3.0273438e+01
   4.1491530e+06   2.9113770e+01
   4.1491720e+06   2.1118164e+01
   4.1492200e+06   2.5817871e+01
   4.1626280e+06   2.6794434e+01
   4.1627940e+06   2.8442383e+01
   4.1629380e+06   3.1860352e+01
   4.1856890e+06   2.9418945e+01
   4.1859180e+06   2.7709961e+01
   4.1863020e+06   2.6733398e+01
   4.1864800e+06   2.6306152e+01
   4.2362320e+06   2.5695801e+01
   4.2364620e+06   3.1982422e+01
   4.2387970e+06   2.4597168e+01
   4.2614630e+06   2.9541016e+01
   4.2617250e+06   3.1372070e+01
   4.2771720e+06   2.8198242e+01
   4.2773280e+06   2.9663086e+01
   4.2877780e+06   2.8381348e+01
   4.2931800e+06   2.5817871e+01
   4.2937120e+06   3.0151367e+01
   4.2938810e+06   2.6855469e+01
   4.3020560e+06   2.9724121e+01
   4.3074420e+06   3.0578613e+01
   4.3079900e+06   2.7221680e+01
   4.3215770e+06   2.9113770e+01
   4.3243210e+06   2.4841309e+01
   4.3246710e+06   2.8015137e+01
   4.3369030e+06   2.5390625e+01
   4.3375190e+06   2.7160645e+01
   4.3504080e+06   2.7160645e+01
   4.3513270e+06   2.8686523e+01
   4.3623440e+06   2.6794434e+01
   4.3633570e+06   2.4902344e+01
   4.3640050e+06   2.7709961e+01
   4.3645460e+06   3.1250000e+01
   4.3652730e+06   2.9541016e+01
   4.3653560e+06   2.6245117e+01
   4.3711410e+06   2.7770996e+01
   4.3820950e+06   2.9296875e+01
   4.3826010e+06   2.3803711e+01
   4.3967400e+06   2.9785156e+01
   4.3977620e+06   2.8442383e+01
   4.3979350e+06   2.7465820e+01
   4.4095620e+06   2.8869629e+01
   4.4112020e+06   2.6977539e+01
   4.4120460e+06   2.3986816e+01
   4.4123750e+06   2.2094727e+01
   4.4142530e+06   3.2226563e+01
   4.4239770e+06   2.9785156e+01
   4.4268760e+06   2.7709961e+01
   4.4281450e+06   2.7648926e+01
   4.4283350e+06   3.0212402e+01
   4.4334160e+06   2.9113770e+01
   4.4481960e+06   3.0517578e+01
   4.4487450e+06   2.8198242e+01
   4.4504000e+06   3.1127930e+01
   4.4619390e+06   3.0273438e+01
   4.4639800e+06   3.1433105e+01
   4.4650410e+06   2.5817871e+01
   4.4655310e+06   2.4108887e+01
   4.4774000e+06   3.4484863e+01
   4.4778760e+06   2.5451660e+01
   4.4904780e+06   3.4606934e+01
   4.4933810e+06   2.5878906e+01
   4.4934500e+06   2.4719238e+01
   4.4935520e+06   2.9602051e+01
   4.4998260e+06   2.1911621e+01
   4.5169210e+06   2.2949219e+01
   4.5170760e+06   2.9235840e+01
   4.5178580e+06   2.9785156e+01
   4.5333660e+06   2.4475098e+01
   4.5503280e+06   2.4841309e+01
   4.5516110e+06   3.2592773e+01
   4.5517510e+06   3.1494141e+01
   4.5528340e+06   2.9602051e+01
   4.5650700e+06   2.3010254e+01
   4.5652920e+06   2.3803711e+01
   4.5660380e+06   3.4606934e+01
   4.5670580e+06   2.9052734e+01
   4.5693330e+06   2.7587891e+01
   4.5699940e+06   2.4597168e+01
   4.5703010e+06   2.3559570e+01
   4.5884450e+06   2.6611328e+01
   4.5901110e+06   2.8686523e+01
   4.5905850e+06   2.5390625e+01
   4.5906750e+06   2.7893066e+01
   4.6049150e+06   2.9663086e+01
   4.6055170e+06   2.4658203e+01
   4.6068600e+06   2.7404785e+01
   4.6094130e+06   2.3071289e+01
   4.6261140e+06   2.3315430e+01
   4.6266690e+06   3.3203125e+01
   4.6269800e+06   2.5024414e+01
   4.6391780e+06   2.5756836e+01
   4.6392890e+06   2.9418945e+01
   4.6403190e+06   2.5756836e+01
   4.6595090e+06   2.7893066e+01
   4.6601940e+06   2.4108887e+01
   4.6624190e+06   2.8259277e+01
   4.6821490e+06   2.9357910e+01
   4.6829010e+06   2.5939941e+01
   4.6835050e+06   2.4047852e+01
   4.6835750e+06   2.6611328e+01
   4.7018620e+06   3.1311035e+01
   4.7020040e+06   2.3986816e+01
   4.7021320e+06   2.1606445e+01
   4.7027740e+06   3.0151367e+01
   4.7035190e+06   2.8198242e+01
   4.7246100e+06   3.1921387e+01
   4.7248190e+06   2.9724121e+01
   4.7255470e+06   2.2827148e+01
   4.7273560e+06   2.9174805e+01
   4.7461760e+06   2.5390625e+01
   4.7470490e+06   2.8320313e+01
   4.7472740e+06   3.0822754e+01
   4.7474030e+06   2.9907227e+01
   4.7606050e+06   2.8869629e+01
   4.7607330e+06   2.5878906e+01
   4.7608890e+06   2.2766113e+01
   4.7727350e+06   2.8381348e+01
   4.7732950e+06   2.4841309e+01
   4.7734300e+06   2.2216797e+01
   4.7737070e+06   2.8991699e+01
   4.8580160e+06   2.7954102e+01
   4.8585680e+06   2.9785156e+01
   4.8600690e+06   2.8259277e+01
   4.8617500e+06   2.9663086e+01
   4.8830610e+06   2.8991699e+01
   4.8837470e+06   3.0944824e+01
   4.8842970e+06   2.2766113e+01
   4.8852940e+06   2.8320313e+01
   4.8870380e+06   3.1188965e+01
   4.8874380e+06   2.4658203e+01
   4.8983810e+06   2.9418945e+01
   4.8995010e+06   2.5756836e+01
   4.8996510e+06   3.1005859e+01
   4.9113940e+06   2.9357910e+01
   4.9124640e+06   2.6123047e+01
   4.9130640e+06   2.5085449e+01
   4.9201300e+06   3.1616211e+01
   4.9222840e+06   2.3742676e+01
   4.9235430e+06   2.6245117e+01
   4.9239040e+06   3.0822754e+01
   4.9246020e+06   2.5939941e+01
   4.9252970e+06   2.3010254e+01
   4.9258100e+06   2.3803711e+01
   4.9367960e+06   2.6977539e+01
   4.9434030e+06   3.3203125e+01
   4.9441410e+06   2.7832031e+01
   4.9454250e+06   2.3559570e+01
   4.9519670e+06   2.9602051e+01
   4.9523510e+06   2.6916504e+01
   4.9524780e+06   2.6245117e+01
   4.9643500e+06   2.9846191e+01
   4.9661890e+06   2.5878906e+01
   4.9662990e+06   2.6672363e+01
   4.9670910e+06   3.1066895e+01
   4.9805230e+06   2.9663086e+01
   4.9807870e+06   2.6550293e+01
   4.9809460e+06   2.5817871e+01
   4.9819450e+06   3.1433105e+01
   4.9906060e+06   2.6000977e+01
   4.9929270e+06   2.5329590e+01
   4.9938220e+06   2.9479980e+01
   4.9945030e+06   3.0578613e+01
   5.0069460e+06   2.2644043e+01
   5.0077260e+06   2.4841309e+01
   5.0180680e+06   2.6428223e+01
   5.0194320e+06   2.7954102e+01
   5.0197060e+06   2.4108887e+01
   5.0198090e+06   2.8076172e+01
   5.0324790e+06   2.9235840e+01
   5.0350370e+06   2.7160645e+01
   5.0360520e+06   2.5451660e+01
   5.0366890e+06   2.7954102e+01
   5.0370750e+06   2.3986816e+01
   5.0373540e+06   3.1066895e+01
   5.0471850e+06   2.9541016e+01
   5.0494150e+06   2.4658203e+01
   5.0496940e+06   2.6672363e+01
   5.0556870e+06   3.0029297e+01
   5.0558550e+06   2.9602051e+01
   5.0595230e+06   2.8747559e+01
   5.0597930e+06   2.6489258e+01
   5.0598690e+06   2.4719238e+01
   5.0704500e+06   2.9602051e+01
   5.0713320e+06   2.9541016e+01
   5.0714200e+06   3.3752441e+01
   5.0849730e+06   2.2949219e+01
   5.0855320e+06   3.2592773e+01
   5.0889540e+06   2.5817871e+01
   5.0896560e+06   2.6977539e+01
   5.0982930e+06   3.1188965e+01
   5.0994900e+06   2.7770996e+01
   5.1176690e+06   2.6000977e+01
   5.1183370e+06   2.9296875e+01
   5.1185690e+06   2.9235840e+01
   5.1189370e+06   2.7832031e+01
   5.1330400e+06   2.9296875e+01
   5.1332970e+06   2.9846191e+01
   5.1336890e+06   2.8930664e+01
   5.1342360e+06   2.7954102e+01
   5.1459000e+06   2.9907227e+01
   5.1463420e+06   2.3925781e+01
   5.1467150e+06   2.5146484e+01
   5.1623480e+06   2.7282715e+01
   5.1642910e+06   2.9663086e+01
   5.1803430e+06   2.9479980e+01
   5.1811920e+06   2.4841309e+01
   5.1818560e+06   2.7954102e+01
   5.1822640e+06   2.6245117e+01
   5.1878740e+06   2.7404785e+01
   5.1880880e+06   2.9235840e+01
   5.1882080e+06   2.5207520e+01
   5.1883140e+06   3.0578613e+01
   5.2026920e+06   3.1677246e+01
   5.2036860e+06   3.3752441e+01
   5.2043680e+06   2.8747559e+01
   5.2048840e+06   2.8442383e+01
   5.2052390e+06   2.7465820e+01
   5.2059560e+06   3.0029297e+01
   5.2762030e+06   2.8259277e+01
   5.2910510e+06   2.4536133e+01
   5.2981790e+06   2.8808594e+01
   5.2989450e+06   2.7099609e+01
   5.2997580e+06   2.7709961e+01
   5.3004640e+06   2.7221680e+01
   5.3017470e+06   2.7770996e+01
   5.3293320e+06   2.7770996e+01
   5.3315630e+06   2.8198242e+01
   5.3327820e+06   2.5817871e+01
   5.3333150e+06   2.7954102e+01
   5.3347120e+06   2.8320313e+01
   5.3427800e+06   2.7038574e+01
   5.3431710e+06   2.9296875e+01
   5.3449290e+06   2.6916504e+01
   5.3632160e+06   2.8320313e+01
   5.3681030e+06   2.7526855e+01
   5.3708830e+06   2.5512695e+01
   5.3713610e+06   2.6916504e+01
   5.3878320e+06   2.5085449e+01
   5.3902120e+06   2.8198242e+01
   5.3910100e+06   3.3020020e+01
   5.4071120e+06   3.6621094e+01
   5.4090490e+06   3.1066895e+01
   5.4092320e+06   3.1982422e+01
   5.4108980e+06   2.9968262e+01
   5.4198770e+06   2.6306152e+01
   5.4199620e+06   2.7832031e+01
   5.4200500e+06   2.1118164e+01
   5.4201000e+06   2.6611328e+01
   5.4202180e+06   2.1179199e+01
   5.4203340e+06   2.3925781e+01
   5.4344050e+06   3.0944824e+01
   5.4419920e+06   2.5695801e+01
   5.4423570e+06   3.0639648e+01
   5.4425500e+06   3.0578613e+01
   5.4428610e+06   2.5878906e+01
   5.4430260e+06   2.4291992e+01
   5.4431510e+06   2.2521973e+01
   5.4432920e+06   2.7954102e+01
   5.4433540e+06   2.2033691e+01
   5.4434100e+06   2.7404785e+01
   5.4434720e+06   2.4658203e+01
   5.4435600e+06   2.5207520e+01
   5.4991180e+06   2.5451660e+01
   5.5283340e+06   2.6855469e+01
   5.5442830e+06   2.9418945e+01
   5.5452860e+06   2.5939941e+01
   5.5458380e+06   2.7099609e+01
   5.5460440e+06   2.4658203e+01
   5.5544940e+06   3.1372070e+01
   5.5634360e+06   3.1555176e+01
   5.5651470e+06   2.3803711e+01
   5.5679200e+06   2.9663086e+01
   5.5681970e+06   2.9357910e+01
   5.5761580e+06   2.4414063e+01
   5.5769280e+06   2.9968262e+01
   5.5772520e+06   2.6855469e+01
   5.5774880e+06   2.6794434e+01
   5.5778500e+06   2.9113770e+01
   5.5781680e+06   2.2827148e+01
   5.5783670e+06   2.2277832e+01
   5.5786160e+06   2.5634766e+01
   5.5787890e+06   2.6123047e+01
   5.6084840e+06   2.4475098e+01
   5.6124700e+06   2.5451660e+01
   5.6203440e+06   3.0395508e+01
   5.6208920e+06   2.9602051e+01
   5.6229990e+06   2.8686523e+01
   5.6235910e+06   2.9907227e+01
   5.6238490e+06   3.0029297e+01
   5.6240570e+06   2.4414063e+01
   5.6247660e+06   2.4230957e+01
   5.6253700e+06   2.1179199e+01
   5.6529210e+06   2.9663086e+01
   5.6532650e+06   2.4291992e+01
   5.6534080e+06   2.6306152e+01
   5.6543000e+06   2.1179199e+01
   5.6562860e+06   3.0151367e+01
   5.6565910e+06   2.5756836e+01
   5.6567300e+06   2.4536133e+01
   5.6575180e+06   3.0029297e+01
   5.6579740e+06   2.9785156e+01
   5.6581170e+06   2.8747559e+01
   5.6892600e+06   2.4597168e+01
   5.6899140e+06   3.1311035e+01
   5.6901300e+06   2.5939941e+01
   5.6905410e+06   2.4841309e+01
   5.6909660e+06   3.9489746e+01
   5.6912780e+06   2.1667480e+01
   5.6914070e+06   2.1484375e+01
   5.6920170e+06   2.8503418e+01
   5.6926220e+06   2.3864746e+01
   5.7224240e+06   2.7099609e+01
   5.7233920e+06   2.5329590e+01
   5.7240360e+06   3.7841797e+01
   5.7241150e+06   2.7404785e+01
   5.7241730e+06   2.2033691e+01
   5.7249660e+06   2.9113770e+01
   5.7253570e+06   2.5146484e+01
   5.7492300e+06   2.7526855e+01
   5.7532480e+06   2.3986816e+01
   5.7543310e+06   2.9479980e+01
   5.7553420e+06   2.3071289e+01
   5.7557250e+06   2.6062012e+01
   5.7559670e+06   2.7160645e+01
   5.7570950e+06   2.5573730e+01
   5.7814770e+06   2.8503418e+01
   5.7820490e+06   2.4230957e+01
   5.7825940e+06   2.4169922e+01
   5.7828330e+06   2.6123047e+01
   5.7832210e+06   2.9235840e+01
   5.7839070e+06   2.6916504e+01
   5.7843810e+06   3.0151367e+01
   5.8051990e+06   2.6123047e+01
   5.8057690e+06   2.4841309e+01
   5.8061140e+06   3.3386230e+01
   5.8071920e+06   2.7893066e+01
   5.8076660e+06   2.8747559e+01
   5.8343460e+06   2.6672363e+01
   5.8352360e+06   2.8686523e+01
   5.8358670e+06   2.7160645e+01
   5.8360090e+06   2.9479980e+01
   5.8370540e+06   2.7465820e+01
   5.8379220e+06   3.0883789e+01
   5.8529350e+06   2.1667480e+01
   5.8540130e+06   2.8320313e+01
   5.8542300e+06   3.0395508e+01
   5.8542750e+06   2.1972656e+01
   5.8811810e+06   3.1494141e+01
   5.8819780e+06   2.5390625e+01
   5.8822470e+06   2.7526855e+01
   5.8831630e+06   2.5817871e+01
   5.8832320e+06   2.5634766e+01
   5.8839340e+06   2.8320313e+01
   5.9105490e+06   3.0090332e+01
   5.9111010e+06   2.3010254e+01
   5.9112300e+06   3.0334473e+01
   5.9115000e+06   2.8503418e+01
   5.9122550e+06   2.9541016e+01
   5.9126400e+06   2.5451660e+01
   5.9128160e+06   2.1850586e+01
   5.9135520e+06   2.8076172e+01
   5.9367510e+06   2.7648926e+01
   5.9374100e+06   3.1433105e+01
   5.9385010e+06   2.7404785e+01
   5.9388200e+06   3.2775879e+01
   5.9389790e+06   2.6855469e+01
   5.9639530e+06   3.0334473e+01
   5.9646220e+06   2.8442383e+01
   5.9654640e+06   2.3437500e+01
   5.9656090e+06   2.5634766e+01
   5.9659300e+06   2.5268555e+01
   5.9661460e+06   3.0395508e+01
   5.9664270e+06   2.5390625e+01
   5.9667070e+06   3.0456543e+01
   5.9673300e+06   2.3681641e+01
   6.0022470e+06   2.4658203e+01
   6.0023530e+06   3.0578613e+01
   6.0029580e+06   2.9296875e+01
   6.0036810e+06   3.0334473e+01
   6.0037950e+06   2.3864746e+01
   6.0039510e+06   2.5573730e+01
   6.0048570e+06   2.7648926e+01
   6.0050440e+06   2.8015137e+01
   6.0052380e+06   2.3315430e+01
   6.0344150e+06   3.0456543e+01
   6.0346790e+06   3.2958984e+01
   6.0347760e+06   2.9357910e+01
   6.0353720e+06   2.3315430e+01
   6.0360160e+06   2.6062012e+01
   6.0362090e+06   2.9907227e+01
   6.0371780e+06   2.4658203e+01
   6.0618160e+06   3.2409668e+01
   6.0621770e+06   2.8625488e+01
   6.0622760e+06   2.2399902e+01
   6.0641720e+06   3.3264160e+01
   6.0642700e+06   2.7526855e+01
   6.0650310e+06   3.7048340e+01
   6.0653470e+06   2.4108887e+01
   6.0896960e+06   2.7282715e+01
   6.0906520e+06   2.9602051e+01
   6.0916460e+06   2.7099609e+01
   6.0917740e+06   2.1911621e+01
   6.0926070e+06   2.7832031e+01
   6.0927720e+06   2.3376465e+01
   6.0931280e+06   2.5329590e+01
   6.0934800e+06   2.8198242e+01
   6.1307440e+06   2.4780273e+01
   6.1315850e+06   2.6428223e+01
   6.1320800e+06   2.6245117e+01
   6.1322110e+06   2.7038574e+01
   6.1567060e+06   2.9418945e+01
   6.1601240e+06   2.4536133e+01
   6.1873020e+06   2.8869629e+01
   6.1874190e+06   2.2155762e+01
   6.1876650e+06   2.5390625e+01
   6.1892300e+06   2.2338867e+01
   6.1896800e+06   2.3254395e+01
   6.1903210e+06   2.6977539e+01
   6.1904370e+06   2.6794434e+01
   6.2183880e+06   3.0029297e+01
   6.2188400e+06   2.8625488e+01
   6.2190250e+06   3.1677246e+01
   6.2344090e+06   2.7099609e+01
   6.2345170e+06   2.5756836e+01
   6.2347540e+06   2.4658203e+01
   6.2361950e+06   3.0212402e+01
   6.2536390e+06   2.4841309e+01
   6.2537600e+06   3.2226563e+01
   6.2540690e+06   2.4169922e+01
   6.2552110e+06   2.5268555e+01
   6.2718040e+06   2.8259277e+01
   6.2723780e+06   2.5451660e+01
   6.2724780e+06   2.7770996e+01
   6.2726070e+06   2.8076172e+01
   6.2913830e+06   2.8442383e+01
   6.2914910e+06   2.9541016e+01
   6.2915670e+06   2.3742676e+01
   6.2918110e+06   2.2399902e+01
   6.3061480e+06   2.7526855e+01
   6.3084220e+06   2.4780273e+01
   6.3090790e+06   2.4597168e+01
   6.3758440e+06   2.5634766e+01
   6.3762020e+06   3.1494141e+01
   6.3765180e+06   2.6184082e+01
   6.3772800e+06   2.6062012e+01
   6.3773770e+06   2.8076172e+01
   6.3895110e+06   2.6672363e+01
   6.3903690e+06   2.2155762e+01
   6.3904970e+06   3.1188965e+01
   6.3908940e+06   2.7465820e+01
   6.3917630e+06   3.1188965e+01
   6.3919140e+06   2.6123047e+01
   6.4026090e+06   2.6000977e+01
   6.4031560e+06   3.2165527e+01
   6.4035560e+06   2.5817871e+01
   6.4038800e+06   2.7343750e+01
   6.4042600e+06   2.0996094e+01
   6.4173380e+06   3.0151367e+01
   6.4190930e+06   2.8381348e+01
   6.4192450e+06   2.3437500e+01
   6.4197770e+06   3.0578613e+01
   6.4199860e+06   3.6132813e+01
   6.4338230e+06   3.3386230e+01
   6.4340420e+06   2.3132324e+01
   6.4345490e+06   2.4658203e+01
   6.4347390e+06   2.4597168e+01
   6.4379010e+06   3.0334473e+01
   6.4512580e+06   2.6672363e+01
   6.4519340e+06   3.2043457e+01
   6.4548970e+06   3.4606934e+01
   6.4552450e+06   3.0822754e+01
   6.4688230e+06   2.9968262e+01
   6.4691000e+06   2.4780273e+01
   6.4691710e+06   2.4536133e+01
   6.4695120e+06   2.0996094e+01
   6.4716770e+06   2.9479980e+01
   6.4719460e+06   3.0212402e+01
   6.4728760e+06   2.4108887e+01
   6.4947240e+06   3.1677246e+01
   6.4948260e+06   2.6855469e+01
   6.4948980e+06   2.8015137e+01
   6.4952220e+06   3.1494141e+01
   6.4985210e+06   2.3925781e+01
   6.4986690e+06   2.4108887e+01
   6.5148420e+06   3.0822754e+01
   6.5149460e+06   2.7221680e+01
   6.5152430e+06   2.7343750e+01
   6.5173630e+06   3.0273438e+01
   6.5181770e+06   2.6123047e+01
   6.5349180e+06   2.9479980e+01
   6.5351760e+06   2.4108887e+01
   6.5353430e+06   2.6550293e+01
   6.5624900e+06   2.6977539e+01
   6.5628190e+06   2.8076172e+01
   6.5652330e+06   3.3020020e+01
   6.5656160e+06   2.4536133e+01
   6.5879800e+06   3.1616211e+01
   6.5881130e+06   2.9724121e+01
   6.5886210e+06   2.3864746e+01
   6.5893270e+06   3.0029297e+01
   6.5913410e+06   2.7404785e+01
   6.6138790e+06   3.0517578e+01
   6.6143910e+06   2.2155762e+01
   6.6145350e+06   2.6000977e+01
   6.6149880e+06   2.7587891e+01
   6.6304550e+06   2.6977539e+01
   6.6308150e+06   2.4536133e+01
   6.6315750e+06   2.9907227e+01
   6.6320410e+06   3.1433105e+01
   6.6322670e+06   2.8320313e+01
   6.6508540e+06   2.3803711e+01
   6.6510130e+06   2.8442383e+01
   6.6513990e+06   2.4047852e+01
   6.6769640e+06   3.0456543e+01
   6.6771500e+06   2.9541016e+01
   6.6780910e+06   2.3925781e+01
   6.6783030e+06   3.1005859e+01
   6.6936160e+06   2.7709961e+01
   6.6937460e+06   3.3203125e+01
   6.6938100e+06   2.5207520e+01
   6.6941540e+06   2.6123047e+01
   6.6949080e+06   3.1555176e+01
   6.7096610e+06   2.5268555e+01
   6.7098840e+06   2.4719238e+01
   6.7105290e+06   2.8747559e+01
   6.7112520e+06   2.7954102e+01
   6.7354820e+06   3.0822754e+01
   6.7357430e+06   3.2348633e+01
   6.7361320e+06   2.5146484e+01
   6.7375130e+06   2.9296875e+01
   6.7539500e+06   2.9602051e+01
   6.7541090e+06   2.7465820e+01
   6.7671740e+06   3.0395508e+01
   6.7673590e+06   2.7282715e+01
   6.7685220e+06   2.5878906e+01
   6.7902330e+06   3.0151367e+01
   6.7904010e+06   2.1423340e+01
   6.7908020e+06   2.7954102e+01
   6.7913470e+06   2.5207520e+01
   6.7915740e+06   2.4353027e+01
   6.8123820e+06   2.9357910e+01
   6.8127450e+06   2.9846191e+01
   6.8130660e+06   2.8076172e+01
   6.8267670e+06   3.0395508e+01
   6.8269390e+06   2.8320313e+01
   6.8273780e+06   2.2705078e+01
   6.8472510e+06   3.3203125e+01
   6.8487860e+06   3.1616211e+01
   6.8489970e+06   2.7404785e+01
   6.8660430e+06   3.1494141e+01
   6.8839080e+06   3.2531738e+01
   6.8841750e+06   2.4841309e+01
   6.8850820e+06   2.4597168e+01
   6.8851370e+06   2.9113770e+01
   6.8975190e+06   2.9174805e+01
   6.8981610e+06   2.6245117e+01
   6.8985620e+06   3.1250000e+01
   6.8988760e+06   2.6611328e+01
   6.9151630e+06   3.3020020e+01
   6.9156000e+06   3.2409668e+01
   6.9156550e+06   2.2644043e+01
   6.9298080e+06   2.8686523e+01
   6.9301490e+06   2.8259277e+01
   6.9303080e+06   2.7587891e+01
   6.9311230e+06   2.3864746e+01
   6.9486090e+06   2.5207520e+01
   6.9495120e+06   2.1423340e+01
   6.9497460e+06   2.4414063e+01
   6.9652890e+06   3.1555176e+01
   6.9673730e+06   2.6611328e+01
   6.9681150e+06   3.0456543e+01
   6.9695230e+06   2.4963379e+01
   6.9696460e+06   2.7465820e+01
   6.9698610e+06   2.8747559e+01
   6.9700820e+06   2.6916504e+01
   6.9715930e+06   2.9296875e+01
   6.9878680e+06   2.6367188e+01
   6.9883900e+06   2.7954102e+01
   6.9893670e+06   2.6428223e+01
   6.9909460e+06   2.7221680e+01
   6.9912910e+06   3.1555176e+01
   7.0077600e+06   2.8747559e+01
   7.0079390e+06   2.7587891e+01
   7.0083290e+06   2.6977539e+01
   7.0264080e+06   2.6306152e+01
   7.0266180e+06   2.7526855e+01
   7.0439660e+06   3.0700684e+01
   7.0441260e+06   2.7648926e+01
   7.0443220e+06   2.4108887e+01
   7.0620030e+06   2.4047852e+01
   7.0621500e+06   2.4963379e+01
   7.0622350e+06   2.9907227e+01
   7.0825740e+06   2.4658203e+01
   7.0828820e+06   3.1799316e+01
   7.0831110e+06   2.9479980e+01
   7.0851500e+06   2.7709961e+01
   7.1053470e+06   2.8137207e+01
   7.1064970e+06   2.5390625e+01
   7.1066340e+06   2.7832031e+01
   7.1067990e+06   2.6611328e+01
   7.1248070e+06   3.0761719e+01
   7.1258330e+06   2.9418945e+01
   7.1259590e+06   2.1728516e+01
   7.1264990e+06   2.9296875e+01
   7.1412120e+06   2.7221680e+01
   7.1651380e+06   3.2409668e+01
   7.1736690e+06   2.9357910e+01
   7.1763590e+06   2.4414063e+01
   7.1770190e+06   2.4963379e+01
   7.1774630e+06   2.8442383e+01
   7.1777560e+06   2.4353027e+01
   7.2200340e+06   3.1066895e+01
   7.2221210e+06   2.2766113e+01
   7.2231140e+06   2.8564453e+01
   7.2233770e+06   2.6367188e+01
   7.2235170e+06   2.9235840e+01
   7.2411670e+06   2.5573730e+01
   7.2427790e+06   3.2470703e+01
   7.2432670e+06   2.5329590e+01
   7.2433470e+06   2.6062012e+01
   7.2569910e+06   2.7709961e+01
   7.2570720e+06   2.6000977e+01
   7.2571340e+06   2.3071289e+01
   7.2571540e+06   2.4719238e+01
   7.2571790e+06   2.2155762e+01
   7.2573090e+06   2.6062012e+01
   7.2737130e+06   2.8137207e+01
   7.2739440e+06   2.8259277e+01
   7.2740490e+06   2.1728516e+01
   7.2740590e+06   3.5705566e+01
   7.2741230e+06   2.1057129e+01
   7.2741700e+06   2.3620605e+01
   7.2742810e+06   2.2766113e+01
   7.2743760e+06   2.2949219e+01
   7.3885870e+06   3.0578613e+01
   7.3899520e+06   2.8808594e+01
   7.3914870e+06   2.5695801e+01
   7.3938580e+06   2.3559570e+01
   7.3953780e+06   2.8259277e+01
   7.4063030e+06   2.4353027e+01
   7.4119920e+06   2.1179199e+01
   7.4165520e+06   3.2104492e+01
   7.4179510e+06   2.2888184e+01
   7.4192540e+06   2.4719238e+01
   7.4310300e+06   2.7221680e+01
   7.4344020e+06   2.6123047e+01
   7.4372710e+06   3.5949707e+01
   7.4409860e+06   2.5634766e+01
   7.4609680e+06   2.1728516e+01
   7.4623070e+06   2.3376465e+01
   7.4693580e+06   2.5817871e+01
   7.4767200e+06   2.5878906e+01
   7.4806040e+06   2.7832031e+01
   7.4962000e+06   2.8320313e+01
   7.4979770e+06   2.7282715e+01
   7.5055920e+06   2.9785156e+01
   7.5058920e+06   2.8198242e+01
   7.5064240e+06   2.5268555e+01
   7.5111670e+06   2.4902344e+01
   7.5122770e+06   3.0029297e+01
   7.5273420e+06   2.8564453e+01
   7.5428650e+06   3.1738281e+01
   7.5474930e+06   3.3752441e+01
   7.5483210e+06   2.6062012e+01
   7.5618890e+06   2.9479980e+01
   7.5620620e+06   2.6672363e+01
   7.5641420e+06   2.6611328e+01
   7.5650960e+06   2.2705078e+01
   7.5821210e+06   3.3447266e+01
   7.5841960e+06   2.9052734e+01
   7.5856700e+06   2.9418945e+01
   7.5870760e+06   2.7343750e+01
   7.5992030e+06   3.1005859e+01
   7.6025840e+06   2.4536133e+01
   7.6028450e+06   2.8198242e+01
   7.6034190e+06   2.4475098e+01
   7.6039810e+06   2.8747559e+01
   7.6303920e+06   2.8930664e+01
   7.6315070e+06   2.2155762e+01
   7.6330880e+06   2.8747559e+01
   7.6457520e+06   3.3020020e+01
   7.6474650e+06   2.3315430e+01
   7.6644370e+06   3.1677246e+01
   7.6656960e+06   2.8381348e+01
   7.6682920e+06   3.1372070e+01
   7.6689050e+06   2.2521973e+01
   7.6843990e+06   3.0334473e+01
   7.6871340e+06   2.6062012e+01
   7.6875350e+06   2.6489258e+01
   7.7023300e+06   2.6977539e+01
   7.7033340e+06   2.6611328e+01
   7.7037570e+06   3.1921387e+01
   7.7040360e+06   2.2277832e+01
   7.7042870e+06   2.2216797e+01
   7.7045090e+06   2.9296875e+01
   7.7046550e+06   2.2766113e+01
   7.7048370e+06   3.0700684e+01
   7.7490690e+06   3.0639648e+01
   7.7499150e+06   2.7893066e+01
   7.7528670e+06   2.2277832e+01
   7.7592590e+06   3.1494141e+01
   7.7731080e+06   3.0151367e+01
   7.7745380e+06   3.1311035e+01
   7.7755630e+06   2.4169922e+01
   7.7760750e+06   2.3681641e+01
   7.7762740e+06   3.0212402e+01
   7.8153430e+06   2.4841309e+01
   7.8168040e+06   2.6000977e+01
   7.8169150e+06   2.2583008e+01
   7.8178700e+06   2.5573730e+01
   7.8179560e+06   2.3986816e+01
   7.8186070e+06   2.1118164e+01
   7.8474020e+06   3.0212402e+01
   7.8481970e+06   2.7465820e+01
   7.8513210e+06   3.0639648e+01
   7.8516810e+06   2.9602051e+01
   7.8788730e+06   2.5146484e+01
   7.8800820e+06   2.7893066e+01
   7.8807760e+06   2.2460938e+01
   7.8810660e+06   2.6184082e+01
   7.8811520e+06   3.3264160e+01
   7.8815020e+06   2.3986816e+01
   7.8819550e+06   2.8869629e+01
   7.8980990e+06   2.8930664e+01
   7.9121940e+06   3.1677246e+01
   7.9387370e+06   2.7221680e+01
   7.9397980e+06   2.9663086e+01
   7.9648570e+06   2.4108887e+01
   7.9658440e+06   3.2165527e+01
   7.9666500e+06   2.7832031e+01
   7.9828870e+06   2.9052734e+01
   7.9861160e+06   2.3681641e+01
   7.9865500e+06   2.6611328e+01
   8.0059390e+06   2.8198242e+01
   8.0119340e+06   2.8137207e+01
   8.0201190e+06   3.2531738e+01
   8.0214960e+06   2.4780273e+01
   8.0215960e+06   2.2155762e+01
   8.0297610e+06   2.6062012e+01
   8.0323880e+06   3.3264160e+01
   8.0486280e+06   2.9174805e+01
   8.0500740e+06   3.2775879e+01
   8.0514270e+06   2.2460938e+01
   8.0515570e+06   3.3752441e+01
   8.0809680e+06   2.7587891e+01
   8.0823120e+06   2.6611328e+01
   8.0824280e+06   2.6794434e+01
   8.1003220e+06   2.6611328e+01
   8.1274920e+06   2.2949219e+01
   8.1285240e+06   2.5817871e+01
   8.1286660e+06   2.4536133e+01
   8.1431720e+06   2.9785156e+01
   8.1440850e+06   2.6184082e+01
   8.1442060e+06   2.8381348e+01
   8.1680850e+06   2.3864746e+01
   8.1685990e+06   2.8381348e+01
   8.1689410e+06   2.3071289e+01
   8.1690100e+06   2.5268555e+01
   8.1692720e+06   2.4902344e+01
   8.1696440e+06   2.4291992e+01
   8.1703310e+06   3.0456543e+01
   8.1704680e+06   2.9052734e+01
   8.1706370e+06   2.2155762e+01
   8.1707390e+06   2.5512695e+01
   8.2979630e+06   2.6245117e+01
   8.2997730e+06   2.6184082e+01
   8.3002770e+06   2.7038574e+01
   8.3041190e+06   3.2958984e+01
   8.3066360e+06   2.6428223e+01
   8.3123340e+06   3.1372070e+01
   8.3133310e+06   2.5695801e+01
   8.3219770e+06   2.4047852e+01
   8.3276630e+06   2.5756836e+01
   8.3328030e+06   2.5878906e+01
   8.3404420e+06   2.9968262e+01
   8.3416330e+06   2.3864746e+01
   8.3423920e+06   2.9235840e+01
   8.3445140e+06   2.6855469e+01
   8.3460280e+06   2.2705078e+01
   8.3462450e+06   2.3742676e+01
   8.3552180e+06   3.1982422e+01
   8.3606430e+06   2.8625488e+01
   8.3658450e+06   2.7770996e+01
   8.3667470e+06   2.3803711e+01
   8.3711450e+06   2.1179199e+01
   8.3942410e+06   3.0578613e+01
   8.3965210e+06   2.3376465e+01
   8.4130800e+06   2.6733398e+01
   8.4149720e+06   3.0090332e+01
   8.4173770e+06   2.5512695e+01
   8.4180260e+06   2.8564453e+01
   8.4290030e+06   2.8137207e+01
   8.4310970e+06   2.1667480e+01
   8.4319220e+06   2.2644043e+01
   8.4330050e+06   2.6855469e+01
   8.4478450e+06   2.5146484e+01
   8.4484820e+06   2.3681641e+01
   8.4661620e+06   3.4545898e+01
   8.4677790e+06   2.8137207e+01
   8.4693430e+06   2.6611328e+01
   8.4694940e+06   2.7038574e+01
   8.4860570e+06   2.4597168e+01
   8.4870720e+06   2.8320313e+01
   8.5121320e+06   2.7770996e+01
   8.5133010e+06   2.2216797e+01
   8.5142870e+06   2.3803711e+01
   8.5156840e+06   2.8625488e+01
   8.5372040e+06   2.6245117e+01
   8.5387180e+06   3.0273438e+01
   8.5408890e+06   2.4230957e+01
   8.5870480e+06   2.7343750e+01
   8.5904110e+06   2.8076172e+01
   8.6018240e+06   3.1127930e+01
   8.6042970e+06   2.3254395e+01
   8.6303120e+06   2.1606445e+01
   8.6364420e+06   2.3864746e+01
   8.6378560e+06   2.3803711e+01
   8.6392380e+06   3.3386230e+01
   8.6559090e+06   2.7526855e+01
   8.6582080e+06   2.6184082e+01
   8.6878320e+06   2.7954102e+01
   8.6911940e+06   2.8808594e+01
   8.7176940e+06   2.9418945e+01
   8.7182960e+06   2.4902344e+01
   8.7419510e+06   2.7160645e+01
   8.7432950e+06   3.1494141e+01
   8.7449670e+06   2.4475098e+01
   8.7822900e+06   2.8137207e+01
   8.7844370e+06   2.1667480e+01
   8.7859490e+06   2.7893066e+01
   8.7880660e+06   2.5268555e+01
   8.7905890e+06   2.4780273e+01
   8.7916430e+06   2.5817871e+01
   8.7918240e+06   2.4353027e+01
   8.8182700e+06   2.7893066e+01
   8.8248180e+06   2.6977539e+01
   8.8367110e+06   2.8381348e+01
   8.8382130e+06   2.7160645e+01
   8.8384380e+06   2.5268555e+01
   8.8403080e+06   2.4841309e+01
   8.8406660e+06   2.2155762e+01
   8.8410410e+06   2.5329590e+01
   8.8412120e+06   2.1911621e+01
   8.8412750e+06   2.2094727e+01
   8.8415030e+06   2.6062012e+01
   8.8416670e+06   2.4047852e+01
   8.9207640e+06   2.5878906e+01
   8.9516190e+06   2.1728516e+01
   8.9535730e+06   3.3203125e+01
   8.9565020e+06   2.1789551e+01
   8.9573490e+06   2.8076172e+01
   8.9575310e+06   2.1728516e+01
   8.9679540e+06   2.6184082e+01
   8.9691380e+06   2.7954102e+01
   8.9716100e+06   2.2399902e+01
   8.9730720e+06   2.8381348e+01
   8.9828010e+06   2.9357910e+01
   8.9843710e+06   2.4291992e+01
   8.9850760e+06   2.8930664e+01
   8.9952900e+06   2.3498535e+01
   8.9998280e+06   2.8320313e+01
   9.0022400e+06   2.7587891e+01
   9.0108120e+06   3.0822754e+01
   9.0169430e+06   2.6184082e+01
   9.0213890e+06   2.7404785e+01
   9.0223710e+06   3.2653809e+01
   9.0325080e+06   2.3803711e+01
   9.0449820e+06   2.9602051e+01
   9.0542650e+06   3.0822754e+01
   9.0553510e+06   2.8137207e+01
   9.0555540e+06   2.5085449e+01
   9.0561990e+06   2.4658203e+01
   9.0581330e+06   2.8015137e+01
   9.0693390e+06   2.9541016e+01
   9.0694230e+06   2.6916504e+01
   9.0694990e+06   2.9357910e+01
   9.0695490e+06   2.1301270e+01
   9.0696160e+06   2.2399902e+01
   9.1249160e+06   2.8808594e+01
   9.1255570e+06   2.6672363e+01
   9.1264400e+06   3.0456543e+01
   9.1299990e+06   2.2583008e+01
   9.1534560e+06   2.1057129e+01
   9.1544250e+06   2.7770996e+01
   9.1558010e+06   3.2775879e+01
   9.1722910e+06   2.8625488e+01
   9.1782350e+06   2.7770996e+01
   9.1789580e+06   2.9907227e+01
   9.1806610e+06   3.0578613e+01
   9.1913990e+06   2.9052734e+01
   9.1935020e+06   2.9418945e+01
   9.1956300e+06   2.3010254e+01
   9.1967770e+06   2.3376465e+01
   9.2101660e+06   2.7770996e+01
   9.2105990e+06   2.7770996e+01
   9.2245830e+06   2.4963379e+01
   9.2275430e+06   2.6733398e+01
   9.2288050e+06   2.9052734e+01
   9.2298940e+06   2.4902344e+01
   9.2409390e+06   2.7221680e+01
   9.2430290e+06   2.6855469e+01
   9.2443310e+06   2.2705078e+01
   9.2464520e+06   2.9602051e+01
   9.2578640e+06   2.8137207e+01
   9.2595770e+06   2.6367188e+01
   9.2601830e+06   2.5573730e+01
   9.2612640e+06   2.6733398e+01
   9.2711460e+06   2.8320313e+01
   9.2713290e+06   3.0395508e+01
   9.2880240e+06   2.2766113e+01
   9.2887540e+06   2.6672363e+01
   9.3020970e+06   2.7099609e+01
   9.3031820e+06   2.2827148e+01
   9.3037490e+06   2.4047852e+01
   9.3138540e+06   3.0456543e+01
   9.3157210e+06   2.8198242e+01
   9.3183110e+06   2.8930664e+01
   9.3311280e+06   2.9907227e+01
   9.3318370e+06   2.9296875e+01
   9.3352260e+06   3.1250000e+01
   9.3464780e+06   2.6123047e+01
   9.3470040e+06   2.5512695e+01
   9.3475750e+06   2.5573730e+01
   9.3643500e+06   2.9052734e+01
   9.3653630e+06   2.8564453e+01
   9.3673370e+06   2.5146484e+01
   9.3824060e+06   2.7709961e+01
   9.3836940e+06   2.3803711e+01
   9.3845350e+06   2.8564453e+01
   9.3858250e+06   2.4780273e+01
   9.3859330e+06   2.4291992e+01
   9.4013800e+06   3.0029297e+01
   9.4100920e+06   2.6794434e+01
   9.4118070e+06   3.1066895e+01
   9.4213320e+06   2.9479980e+01
   9.4305440e+06   2.6916504e+01
   9.4308520e+06   2.3803711e+01
   9.4317790e+06   2.6916504e+01
   9.4517450e+06   2.4108887e+01
   9.4521000e+06   2.6123047e+01
   9.4528100e+06   2.5817871e+01
   9.4712590e+06   2.5512695e+01
   9.4719730e+06   2.4108887e+01
   9.4722230e+06   3.0212402e+01
   9.4851380e+06   3.2348633e+01
   9.4862700e+06   3.1433105e+01
   9.4993500e+06   2.7709961e+01
   9.4999150e+06   2.4902344e+01
   9.5003980e+06   2.4536133e+01
   9.5006720e+06   2.7709961e+01
   9.5009320e+06   2.9785156e+01
   9.5244950e+06   2.4291992e+01
   9.5304030e+06   2.7343750e+01
   9.5533350e+06   3.0090332e+01
   9.5700510e+06   2.5512695e+01
   9.5704420e+06   2.6550293e+01
   9.5705280e+06   2.3315430e+01
   9.5714990e+06   2.7404785e+01
   9.5949910e+06   2.6977539e+01
   9.5971500e+06   2.8442383e+01
   9.5972920e+06   2.4536133e+01
   9.6101060e+06   3.3386230e+01
   9.6116260e+06   2.5817871e+01
   9.6151560e+06   2.5146484e+01
   9.6263960e+06   2.1606445e+01
   9.6268900e+06   2.3803711e+01
   9.6452090e+06   2.7954102e+01
   9.6455340e+06   2.7832031e+01
   9.6460980e+06   2.7404785e+01
   9.6469120e+06   2.5939941e+01
   9.6593480e+06   2.5878906e+01
   9.6696990e+06   2.7221680e+01
   9.6833880e+06   2.6367188e+01
   9.7009940e+06   3.0212402e+01
   9.7012090e+06   3.2836914e+01
   9.7229800e+06   2.7465820e+01
   9.7238720e+06   2.4108887e+01
   9.7426950e+06   2.8747559e+01
   9.7437260e+06   2.5817871e+01
   9.7438550e+06   3.0578613e+01
   9.7567400e+06   2.9296875e+01
   9.7583430e+06   2.9113770e+01
   9.7599870e+06   2.4597168e+01
   9.7784600e+06   3.0517578e+01
   9.7835710e+06   2.1423340e+01
   9.7839130e+06   2.3742676e+01
   9.7845570e+06   2.8564453e+01
   9.7849580e+06   2.7038574e+01
   9.8033330e+06   2.6489258e+01
   9.8061940e+06   2.2521973e+01
   9.8176200e+06   2.6672363e+01
   9.8182260e+06   2.9785156e+01
   9.8311910e+06   2.9418945e+01
   9.8314690e+06   2.6367188e+01
   9.8502280e+06   2.7832031e+01
   9.8516040e+06   2.8259277e+01
   9.8524360e+06   2.5024414e+01
   9.8536270e+06   2.5085449e+01
   9.8538020e+06   2.6428223e+01
   9.8680530e+06   2.4841309e+01
   9.8734220e+06   2.2766113e+01
   9.8739250e+06   2.2033691e+01
   9.8740330e+06   2.2033691e+01
   9.9001090e+06   2.9907227e+01
   9.9003070e+06   2.7038574e+01
   9.9005230e+06   2.4536133e+01
   9.9245940e+06   2.9846191e+01
   9.9252860e+06   2.6855469e+01
   9.9592070e+06   2.9663086e+01
   9.9594420e+06   2.4841309e+01
   9.9658860e+06   2.8076172e+01
   9.9893520e+06   2.6184082e+01
   9.9899150e+06   2.7343750e+01
   9.9902360e+06   2.4230957e+01
   1.0006484e+07   2.6123047e+01
   1.0020217e+07   3.1555176e+01
   1.0020946e+07   3.0517578e+01
   1.0021072e+07   3.1005859e+01
   1.0022481e+07   2.5512695e+01
   1.0053682e+07   2.3559570e+01
   1.0055647e+07   2.6428223e+01
   1.0055770e+07   2.3315430e+01
   1.0073398e+07   2.2766113e+01
   1.0074067e+07   2.4291992e+01
   1.0074193e+07   2.6062012e+01
   1.0087020e+07   2.5512695e+01
   1.0102799e+07   2.7587891e+01
   1.0110869e+07   2.9113770e+01
   1.0111255e+07   2.5390625e+01
   1.0132505e+07   2.5329590e+01
   1.0135304e+07   2.3193359e+01
   1.0137423e+07   2.5390625e+01
   1.0137892e+07   3.0700684e+01
   1.0160488e+07   2.8747559e+01
   1.0183847e+07   2.3010254e+01
   1.0184281e+07   2.5878906e+01
   1.0212159e+07   2.8686523e+01
   1.0228944e+07   3.0456543e+01
   1.0231227e+07   2.6550293e+01
   1.0258048e+07   2.9174805e+01
   1.0258688e+07   2.8015137e+01
   1.0259093e+07   2.6123047e+01
   1.0265091e+07   2.7893066e+01
   1.0273133e+07   2.5878906e+01
   1.0273203e+07   2.7587891e+01
   1.0273260e+07   3.0822754e+01
   1.0273285e+07   2.6184082e+01
   1.0273312e+07   3.0151367e+01
   1.0273359e+07   2.4841309e+01
   1.0273456e+07   2.2827148e+01
   1.0273630e+07   2.5939941e+01
   1.0351744e+07   2.6916504e+01
   1.0352152e+07   2.3254395e+01
   1.0362830e+07   2.5573730e+01
   1.0368645e+07   2.6245117e+01
   1.0386775e+07   2.2949219e+01
   1.0387988e+07   2.4475098e+01
   1.0392747e+07   2.3925781e+01
   1.0404908e+07   2.4597168e+01
   1.0408057e+07   3.3081055e+01
   1.0424245e+07   2.9479980e+01
   1.0425038e+07   2.9968262e+01
   1.0425566e+07   2.3742676e+01
   1.0425939e+07   2.6062012e+01
   1.0428866e+07   2.5634766e+01
   1.0435054e+07   2.5573730e+01
   1.0436913e+07   2.7038574e+01
   1.0438605e+07   2.8625488e+01
   1.0453768e+07   2.6733398e+01
   1.0458182e+07   2.8320313e+01
   1.0460482e+07   2.8991699e+01
   1.0461417e+07   2.6000977e+01
   1.0472817e+07   2.6733398e+01
   1.0486128e+07   2.3254395e+01
   1.0495368e+07   2.1911621e+01
   1.0506186e+07   2.4475098e+01
   1.0506536e+07   3.0639648e+01
   1.0507307e+07   2.6733398e+01
   1.0528951e+07   2.5634766e+01
   1.0546309e+07   3.0761719e+01
   1.0547292e+07   2.6123047e+01
   1.0548689e+07   2.8930664e+01
   1.0560149e+07   2.5573730e+01
   1.0560685e+07   2.8137207e+01
   1.0580258e+07   3.0029297e+01
   1.0580328e+07   2.4475098e+01
   1.0595794e+07   2.9418945e+01
   1.0597150e+07   2.4902344e+01
   1.0597266e+07   3.1372070e+01
   1.0617685e+07   2.8198242e+01
   1.0638660e+07   2.2399902e+01
   1.0639632e+07   2.8625488e+01
   1.0648809e+07   2.5390625e+01
   1.0652842e+07   2.3254395e+01
   1.0661416e+07   3.1188965e+01
   1.0665819e+07   2.4658203e+01
   1.0666779e+07   2.8320313e+01
   1.0682249e+07   2.9296875e+01
   1.0687148e+07   3.1066895e+01
   1.0687772e+07   3.0761719e+01
   1.0688537e+07   3.2409668e+01
   1.0688627e+07   2.2216797e+01
   1.0688759e+07   2.6489258e+01
   1.0703971e+07   2.1484375e+01
   1.0707576e+07   2.7832031e+01
   1.0710798e+07   3.0944824e+01
   1.0711481e+07   3.1433105e+01
   1.0713548e+07   2.5817871e+01
   1.0718899e+07   2.1789551e+01
   1.0739118e+07   2.6184082e+01
   1.0741509e+07   2.5207520e+01
   1.0742457e+07   3.4240723e+01
   1.0742657e+07   2.4291992e+01
   1.0743184e+07   2.4291992e+01
   1.0764308e+07   3.2226563e+01
   1.0765900e+07   2.7465820e+01
   1.0767207e+07   2.4047852e+01
   1.0768086e+07   2.7099609e+01
   1.0768219e+07   2.5939941e+01
   1.0790050e+07   3.0456543e+01
   1.0791226e+07   2.7648926e+01
   1.0791728e+07   2.6000977e+01
   1.0816129e+07   2.6306152e+01
   1.0816470e+07   2.2766113e+01
   1.0817514e+07   2.3986816e+01
   1.0818579e+07   2.5024414e+01
   1.0844857e+07   2.4108887e+01
   1.0845578e+07   2.8076172e+01
   1.0846569e+07   2.5512695e+01
   1.0858364e+07   2.6550293e+01
   1.0875010e+07   2.6245117e+01
   1.0875533e+07   2.7954102e+01
   1.0889666e+07   2.5329590e+01
   1.0892097e+07   2.4475098e+01
   1.0916706e+07   2.7221680e+01
   1.0918590e+07   2.3742676e+01
   1.0951180e+07   2.7526855e+01
   1.0951386e+07   2.5939941e+01
   1.0951525e+07   2.1545410e+01
   1.0977683e+07   2.4475098e+01
   1.0978084e+07   2.8625488e+01
   1.0979029e+07   2.4291992e+01
   1.0981651e+07   2.2583008e+01
   1.0982709e+07   2.3376465e+01
   1.0983429e+07   2.2277832e+01
   1.1014447e+07   2.4902344e+01
   1.1028498e+07   2.9235840e+01
   1.1029252e+07   2.2705078e+01
   1.1029976e+07   2.5878906e+01
   1.1050726e+07   2.6794434e+01
   1.1052618e+07   2.4353027e+01
   1.1053433e+07   2.1301270e+01
   1.1061345e+07   2.5756836e+01
   1.1071283e+07   2.6550293e+01
   1.1088825e+07   2.4353027e+01
   1.1095332e+07   2.2460938e+01
   1.1104150e+07   2.6123047e+01
   1.1107771e+07   2.5451660e+01
   1.1108823e+07   2.6428223e+01
   1.1109161e+07   3.0090332e+01
   1.1109311e+07   2.1240234e+01
   1.1109451e+07   2.5695801e+01
   1.1109539e+07   2.7404785e+01
   1.1127806e+07   2.7221680e+01
   1.1135388e+07   2.7221680e+01
   1.1180326e+07   2.2949219e+01
   1.1196157e+07   3.1005859e+01
   1.1204173e+07   2.6184082e+01
   1.1205433e+07   2.5329590e+01
   1.1246003e+07   2.9541016e+01
   1.1247486e+07   2.2277832e+01
   1.1248561e+07   2.4353027e+01
   1.1258816e+07   2.6306152e+01
   1.1267903e+07   2.7648926e+01
   1.1294688e+07   2.3742676e+01
   1.1295284e+07   2.6306152e+01
   1.1296970e+07   2.5573730e+01
   1.1297695e+07   2.4414063e+01
   1.1330544e+07   2.8564453e+01
   1.1331118e+07   3.0700684e+01
   1.1353033e+07   3.4667969e+01
   1.1361230e+07   2.6245117e+01
   1.1380799e+07   2.3315430e+01
   1.1393199e+07   2.2827148e+01
   1.1394738e+07   2.8625488e+01
   1.1395009e+07   3.1066895e+01
   1.1395089e+07   2.4536133e+01
   1.1423496e+07   2.5390625e+01
   1.1424292e+07   2.6245117e+01
   1.1460732e+07   3.3020020e+01
   1.1461932e+07   3.5278320e+01
   1.1465295e+07   2.5756836e+01
   1.1474789e+07   2.9663086e+01
   1.1474867e+07   2.3925781e+01
   1.1474929e+07   3.0029297e+01
   1.1474944e+07   2.4963379e+01
   1.1474983e+07   2.9357910e+01
   1.1475029e+07   2.1911621e+01
   1.1581669e+07   2.2766113e+01
   1.1581865e+07   2.8320313e+01
   1.1581944e+07   2.3559570e+01
   1.1582107e+07   2.6123047e+01
   1.1582343e+07   2.4475098e+01
   1.1582441e+07   2.3010254e+01
   1.1582504e+07   2.2460938e+01
   1.1582611e+07   2.2705078e+01
   1.1652663e+07   2.6855469e+01
   1.1657243e+07   3.1921387e+01
   1.1659121e+07   2.8625488e+01
   1.1662346e+07   2.3376465e+01
   1.1667223e+07   2.9479980e+01
   1.1676217e+07   2.6489258e+01
   1.1678437e+07   2.5695801e+01
   1.1687879e+07   3.0212402e+01
   1.1697130e+07   2.4475098e+01
   1.1699396e+07   2.1728516e+01
   1.1700872e+07   2.6855469e+01
   1.1706720e+07   2.7954102e+01
   1.1712062e+07   2.7404785e+01
   1.1720726e+07   2.3986816e+01
   1.1726786e+07   2.3803711e+01
   1.1728065e+07   2.6672363e+01
   1.1734087e+07   2.8076172e+01
   1.1738930e+07   2.5695801e+01
   1.1740260e+07   2.7465820e+01
   1.1744211e+07   2.5878906e+01
   1.1750870e+07   2.7709961e+01
   1.1752822e+07   2.8564453e+01
   1.1754310e+07   2.7282715e+01
   1.1757432e+07   2.6489258e+01
   1.1765485e+07   2.4841309e+01
   1.1769748e+07   2.5939941e+01
   1.1772800e+07   2.3742676e+01
   1.1780288e+07   3.2714844e+01
   1.1783261e+07   2.8320313e+01
   1.1787699e+07   2.9052734e+01
   1.1789875e+07   2.3437500e+01
   1.1790849e+07   3.1921387e+01
   1.1796554e+07   3.1921387e+01
   1.1807313e+07   2.3315430e+01
   1.1824377e+07   2.5695801e+01
   1.1826735e+07   2.5024414e+01
   1.1832103e+07   2.3010254e+01
   1.1832875e+07   2.7648926e+01
   1.1839528e+07   2.6062012e+01
   1.1842953e+07   2.3132324e+01
   1.1846103e+07   3.5888672e+01
   1.1849937e+07   2.7770996e+01
   1.1860498e+07   3.1616211e+01
   1.1880674e+07   2.8503418e+01
   1.1889194e+07   2.6855469e+01
   1.1895160e+07   2.7709961e+01
   1.1899253e+07   2.8503418e+01
   1.1901991e+07   3.0212402e+01
   1.1921570e+07   2.6245117e+01
   1.1922722e+07   2.5390625e+01
   1.1923811e+07   2.7099609e+01
   1.1949608e+07   2.9724121e+01
   1.1954274e+07   2.8198242e+01
   1.1954934e+07   2.7160645e+01
   1.1955056e+07   2.5268555e+01
   1.1991938e+07   3.0395508e+01
