   1.1999000e+07   0.0000000e+00
   2.1312200e+05   2.1850586e+01
   3.2976500e+05   1.9409180e+01
   3.4774700e+05   2.0812988e+01
   3.9437200e+05   2.0141602e+01
   4.2358200e+05   1.9714355e+01
   4.2383700e+05   1.9836426e+01
   4.9756700e+05   2.0568848e+01
   6.7500200e+05   2.0629883e+01
   7.5306600e+05   2.0385742e+01
   7.6997700e+05   2.2033691e+01
   1.0192200e+06   1.9470215e+01
   1.0694230e+06   2.3254395e+01
   1.1666820e+06   2.0446777e+01
   1.3528460e+06   2.7038574e+01
   1.3529580e+06   2.0874023e+01
   1.3701050e+06   1.9653320e+01
   1.6494710e+06   2.0202637e+01
   2.3351970e+06   2.0874023e+01
   2.3575930e+06   2.5451660e+01
   2.7383190e+06   1.9409180e+01
   2.8436000e+06   1.9409180e+01
   2.8436280e+06   1.9714355e+01
   2.8543680e+06   1.9531250e+01
   3.0185570e+06   2.3498535e+01
   3.0186120e+06   1.9714355e+01
   3.0186310e+06   1.9348145e+01
   3.0186700e+06   2.0996094e+01
   3.0326180e+06   2.0263672e+01
   3.1371270e+06   1.9470215e+01
   3.2251650e+06   1.9958496e+01
   3.2252560e+06   2.1240234e+01
   3.2494670e+06   2.0751953e+01
   3.2495890e+06   1.9714355e+01
   3.3365130e+06   1.9348145e+01
   3.6340680e+06   2.1484375e+01
   3.9214900e+06   2.0202637e+01
   3.9422150e+06   2.1789551e+01
   4.1318310e+06   2.3193359e+01
   4.1627200e+06   2.1301270e+01
   4.2363530e+06   2.0446777e+01
   4.5351240e+06   2.4841309e+01
   4.7608590e+06   2.4414063e+01
   4.9270830e+06   1.9470215e+01
   5.2053570e+06   1.9836426e+01
   5.2998380e+06   2.2033691e+01
   5.3335800e+06   2.0629883e+01
   5.4433330e+06   2.2399902e+01
   6.0027010e+06   1.9775391e+01
   7.2572050e+06   2.1606445e+01
   7.2741310e+06   1.9348145e+01
   8.8417920e+06   2.0996094e+01
   9.1785040e+06   2.0690918e+01
   9.2614920e+06   1.9348145e+01
   1.0273283e+07   2.0385742e+01
   1.0273385e+07   2.3071289e+01
   1.1475116e+07   2.1301270e+01
   1.1475152e+07   2.1057129e+01
   1.1582564e+07   2.1484375e+01
