   1.1999000e+07   0.0000000e+00
   1.5175000e+04   2.5878906e+01
   1.3898800e+05   2.5695801e+01
   5.2502100e+05   2.5817871e+01
   5.7286600e+05   2.5756836e+01
   6.0342000e+05   2.6977539e+01
   6.5273700e+05   2.7160645e+01
   6.7447200e+05   2.8503418e+01
   6.7634400e+05   2.5939941e+01
   7.2766000e+05   2.5695801e+01
   7.2945000e+05   3.0334473e+01
   7.5323400e+05   3.0944824e+01
   7.7025000e+05   2.5939941e+01
   8.0196600e+05   2.8869629e+01
   8.3210700e+05   2.7221680e+01
   8.9444000e+05   3.1860352e+01
   9.2350800e+05   2.6123047e+01
   9.4600600e+05   2.6611328e+01
   1.0186560e+06   2.6306152e+01
   1.0415660e+06   2.6611328e+01
   1.0693540e+06   2.8686523e+01
   1.2335360e+06   2.6123047e+01
   1.6837260e+06   2.5939941e+01
   2.1959800e+06   2.6123047e+01
   2.3353110e+06   3.1738281e+01
   3.4543230e+06   2.7770996e+01
   3.8962830e+06   2.6123047e+01
   3.9422720e+06   2.6794434e+01
   4.0010750e+06   3.0578613e+01
   5.4201940e+06   2.6489258e+01
   5.6243810e+06   2.5878906e+01
   6.0354740e+06   2.6367188e+01
   6.6145800e+06   2.5756836e+01
   6.6938580e+06   2.6245117e+01
   7.7759300e+06   2.6123047e+01
   9.8538420e+06   2.6550293e+01
   1.0800411e+07   2.6184082e+01
