   1.1999000e+07   0.0000000e+00
   2.4110000e+03   2.9724121e+01
   2.5090000e+03   2.4597168e+01
   2.6820000e+03   2.3742676e+01
   1.5050000e+04   2.1179199e+01
   1.5424000e+04   2.3803711e+01
   1.6497000e+04   2.4963379e+01
   1.6560000e+04   2.2094727e+01
   1.6675000e+04   2.1789551e+01
   1.7099000e+04   2.6977539e+01
   3.7723000e+04   3.1738281e+01
   3.7845000e+04   2.1789551e+01
   3.8008000e+04   2.1789551e+01
   3.8159000e+04   2.1545410e+01
   5.7032000e+04   2.2949219e+01
   5.7143000e+04   2.3132324e+01
   5.7356000e+04   2.0751953e+01
   6.1874000e+04   2.4658203e+01
   6.1967000e+04   2.8198242e+01
   6.2105000e+04   2.3132324e+01
   6.2319000e+04   2.0874023e+01
   7.8570000e+04   2.8442383e+01
   7.8708000e+04   2.3193359e+01
   7.8880000e+04   2.5512695e+01
   7.9072000e+04   2.1423340e+01
   7.9337000e+04   2.0751953e+01
   8.0834000e+04   2.5939941e+01
   8.0927000e+04   2.1484375e+01
   8.1373000e+04   2.0812988e+01
   8.1715000e+04   2.1240234e+01
   9.8062000e+04   2.6184082e+01
   9.8190000e+04   2.3864746e+01
   9.8310000e+04   2.2521973e+01
   9.8439000e+04   2.3132324e+01
   1.1249900e+05   2.1545410e+01
   1.1252400e+05   2.1667480e+01
   1.1264800e+05   2.3010254e+01
   1.2466600e+05   2.8381348e+01
   1.2474700e+05   2.1240234e+01
   1.2493000e+05   2.0751953e+01
   1.2504300e+05   2.7221680e+01
   1.2519900e+05   2.2033691e+01
   1.2782200e+05   2.3376465e+01
   1.3854700e+05   2.3559570e+01
   1.3857200e+05   5.4443359e+01
   1.3861900e+05   2.7282715e+01
   1.3879100e+05   2.6184082e+01
   1.3880900e+05   2.0751953e+01
   1.3882500e+05   5.4809570e+01
   1.3885200e+05   2.4597168e+01
   1.3887800e+05   2.6916504e+01
   1.3889900e+05   3.9245605e+01
   1.3891800e+05   2.3620605e+01
   1.3893700e+05   2.9846191e+01
   1.3898500e+05   2.3742676e+01
   1.3901600e+05   2.2583008e+01
   1.3910300e+05   2.6916504e+01
   1.3926700e+05   2.3437500e+01
   1.4859400e+05   2.1606445e+01
   1.4897400e+05   4.1137695e+01
   1.4907300e+05   2.2460938e+01
   1.4915000e+05   3.4729004e+01
   1.4923100e+05   2.1362305e+01
   1.5068600e+05   2.0935059e+01
   1.5099100e+05   2.1423340e+01
   1.5634300e+05   3.0090332e+01
   1.5822400e+05   2.4658203e+01
   1.5835100e+05   2.8747559e+01
   1.5842200e+05   2.3132324e+01
   1.5846700e+05   2.7343750e+01
   1.5866800e+05   2.1911621e+01
   2.1154700e+05   3.0090332e+01
   2.1166100e+05   2.6916504e+01
   2.1309800e+05   2.4841309e+01
   2.1317400e+05   2.3864746e+01
   2.1363000e+05   2.1484375e+01
   2.3656400e+05   2.6123047e+01
   2.3675300e+05   2.8137207e+01
   2.5072400e+05   3.6254883e+01
   2.5079500e+05   2.2827148e+01
   2.5093300e+05   2.1240234e+01
   2.5387600e+05   2.2705078e+01
   2.7189000e+05   2.6977539e+01
   2.7197400e+05   3.3813477e+01
   2.7205300e+05   2.4536133e+01
   2.7209200e+05   2.1423340e+01
   2.9068500e+05   2.2888184e+01
   2.9079200e+05   2.3925781e+01
   2.9108000e+05   2.3925781e+01
   3.0531900e+05   2.5817871e+01
   3.0553300e+05   3.2775879e+01
   3.0628600e+05   2.1301270e+01
   3.1876400e+05   3.0029297e+01
   3.1898500e+05   2.2644043e+01
   3.1913900e+05   2.4658203e+01
   3.1919500e+05   2.1972656e+01
   3.2983300e+05   2.6000977e+01
   3.3303500e+05   2.2338867e+01
   3.3309500e+05   2.9663086e+01
   3.3343000e+05   2.2399902e+01
   3.4758600e+05   3.0334473e+01
   3.4783100e+05   2.8930664e+01
   3.4787700e+05   2.0812988e+01
   3.6004200e+05   2.5634766e+01
   3.6017900e+05   2.5207520e+01
   3.6031700e+05   2.6123047e+01
   3.7328800e+05   2.4230957e+01
   3.7331000e+05   2.4597168e+01
   3.7660300e+05   2.6977539e+01
   3.7673900e+05   2.4536133e+01
   3.7685000e+05   2.1179199e+01
   3.7697400e+05   2.3681641e+01
   3.7702200e+05   2.0751953e+01
   3.8975600e+05   2.3681641e+01
   3.8990600e+05   2.9479980e+01
   3.9014600e+05   2.2705078e+01
   3.9412700e+05   2.5634766e+01
   3.9424500e+05   2.3742676e+01
   3.9437000e+05   2.4780273e+01
   4.0318700e+05   5.1025391e+01
   4.0319900e+05   2.3254395e+01
   4.0321500e+05   2.5024414e+01
   4.0323800e+05   4.5959473e+01
   4.0325900e+05   4.0161133e+01
   4.0327400e+05   3.9123535e+01
   4.0329500e+05   2.6855469e+01
   4.0331000e+05   3.0395508e+01
   4.0334000e+05   3.2775879e+01
   4.0337100e+05   2.2583008e+01
   4.0340200e+05   2.8076172e+01
   4.0342800e+05   3.5949707e+01
   4.0345300e+05   2.4291992e+01
   4.0352700e+05   2.0751953e+01
   4.0357000e+05   2.0996094e+01
   4.0367000e+05   2.2766113e+01
   4.1151700e+05   2.1972656e+01
   4.1301900e+05   4.9011230e+01
   4.1311100e+05   3.2531738e+01
   4.1355800e+05   2.1118164e+01
   4.1361200e+05   3.2653809e+01
   4.1365900e+05   2.4841309e+01
   4.1368400e+05   3.9062500e+01
   4.1369700e+05   2.2888184e+01
   4.1375800e+05   5.1025391e+01
   4.1382900e+05   2.0690918e+01
   4.1394900e+05   2.9113770e+01
   4.1401900e+05   2.1972656e+01
   4.1406900e+05   2.7404785e+01
   4.1436300e+05   3.3203125e+01
   4.2251600e+05   2.2155762e+01
   4.2325700e+05   2.0935059e+01
   4.2346700e+05   4.6142578e+01
   4.2357600e+05   2.9357910e+01
   4.2371900e+05   2.0935059e+01
   4.2376700e+05   2.2399902e+01
   4.2383700e+05   3.1555176e+01
   4.2388400e+05   4.0832520e+01
   4.2390100e+05   4.0771484e+01
   4.2393600e+05   2.9663086e+01
   4.2395300e+05   3.5888672e+01
   4.2396400e+05   2.8320312e+01
   4.2398000e+05   2.6550293e+01
   4.2403600e+05   3.9184570e+01
   4.2430600e+05   2.1301270e+01
   4.2434000e+05   2.1606445e+01
   4.2510200e+05   2.1484375e+01
   4.4547900e+05   2.5939941e+01
   4.4558300e+05   2.2094727e+01
   4.4571000e+05   3.9062500e+01
   4.4611200e+05   2.0690918e+01
   4.4654000e+05   2.1850586e+01
   4.9745500e+05   2.3681641e+01
   4.9815200e+05   2.1789551e+01
   4.9854300e+05   4.1137695e+01
   5.2495800e+05   2.2949219e+01
   5.2773900e+05   2.1423340e+01
   5.2821800e+05   2.2094727e+01
   5.5455700e+05   2.3315430e+01
   5.7233700e+05   2.7709961e+01
   6.0304200e+05   2.6733398e+01
   6.0338000e+05   2.2399902e+01
   6.0347000e+05   2.3254395e+01
   6.1880800e+05   2.3864746e+01
   6.1901100e+05   2.1057129e+01
   6.3391800e+05   2.4963379e+01
   6.3393900e+05   2.2583008e+01
   6.3554000e+05   2.6611328e+01
   6.3595100e+05   2.2399902e+01
   6.3779900e+05   2.6977539e+01
   6.3822800e+05   2.3864746e+01
   6.3851400e+05   2.6855469e+01
   6.5243000e+05   2.3803711e+01
   6.5265900e+05   2.3986816e+01
   6.5428500e+05   3.1921387e+01
   6.5431200e+05   2.1728516e+01
   6.5445300e+05   3.0639648e+01
   6.7417600e+05   2.4108887e+01
   6.7603300e+05   2.5878906e+01
   6.7628100e+05   2.3376465e+01
   6.7660800e+05   2.2705078e+01
   7.0068000e+05   2.3742676e+01
   7.0114800e+05   2.8137207e+01
   7.0221600e+05   2.8503418e+01
   7.0239900e+05   2.4230957e+01
   7.0269200e+05   2.3437500e+01
   7.2752800e+05   2.6733398e+01
   7.2795300e+05   2.5390625e+01
   7.2926300e+05   2.3986816e+01
   7.2940700e+05   2.4169922e+01
   7.2968400e+05   2.3193359e+01
   7.2995400e+05   2.4963379e+01
   7.5276000e+05   2.3803711e+01
   7.5301700e+05   2.2766113e+01
   7.5316400e+05   2.0812988e+01
   7.5489600e+05   2.0996094e+01
   7.5505800e+05   2.9479980e+01
   7.5538200e+05   2.3559570e+01
   7.6991800e+05   2.5207520e+01
   7.7006300e+05   2.1362305e+01
   7.7029600e+05   2.3742676e+01
   7.7036100e+05   2.3071289e+01
   8.0188000e+05   2.9968262e+01
   8.0195000e+05   2.3742676e+01
   8.0236500e+05   2.6184082e+01
   8.0410300e+05   2.0751953e+01
   8.0430000e+05   2.2766113e+01
   8.2870800e+05   2.1362305e+01
   8.2873200e+05   2.3925781e+01
   8.2897000e+05   2.4230957e+01
   8.2946100e+05   2.5878906e+01
   8.2973500e+05   2.2949219e+01
   8.3169900e+05   2.3498535e+01
   8.3191800e+05   2.3254395e+01
   8.5874300e+05   2.2399902e+01
   8.5883000e+05   2.4536133e+01
   8.5885800e+05   2.0629883e+01
   8.5896200e+05   2.0935059e+01
   8.5899600e+05   2.3559570e+01
   8.5956000e+05   2.2460938e+01
   8.6112200e+05   2.5573730e+01
   8.6134400e+05   2.0935059e+01
   8.6157200e+05   2.1423340e+01
   8.6245400e+05   2.1667480e+01
   8.9406000e+05   2.5024414e+01
   8.9415600e+05   2.1667480e+01
   8.9458700e+05   2.8442383e+01
   8.9616800e+05   2.1301270e+01
   9.1934800e+05   2.7893066e+01
   9.1942900e+05   2.5268555e+01
   9.1951800e+05   2.8625488e+01
   9.1998400e+05   2.3925781e+01
   9.2017400e+05   2.4291992e+01
   9.2126800e+05   2.5573730e+01
   9.2276700e+05   2.2644043e+01
   9.2302400e+05   2.1240234e+01
   9.4572000e+05   2.6733398e+01
   9.4579400e+05   2.5024414e+01
   9.4583400e+05   2.2644043e+01
   9.4590000e+05   2.3742676e+01
   9.4594700e+05   3.1799316e+01
   9.4603400e+05   2.3864746e+01
   9.4609700e+05   2.4536133e+01
   9.4627700e+05   2.5207520e+01
   9.4799000e+05   2.1789551e+01
   9.4815000e+05   2.2644043e+01
   9.4852900e+05   2.0812988e+01
   9.4920300e+05   2.0629883e+01
   9.7542400e+05   2.6123047e+01
   9.7550400e+05   2.2949219e+01
   9.7555900e+05   2.2338867e+01
   9.7561000e+05   2.3864746e+01
   9.7576700e+05   2.5878906e+01
   9.7601800e+05   2.3437500e+01
   9.7720800e+05   2.5878906e+01
   9.7738000e+05   2.3254395e+01
   1.0000610e+06   3.1311035e+01
   1.0000900e+06   2.2705078e+01
   1.0001640e+06   3.0151367e+01
   1.0002980e+06   2.0812988e+01
   1.0005420e+06   2.1789551e+01
   1.0009910e+06   2.1850586e+01
   1.0014890e+06   2.4536133e+01
   1.0024480e+06   2.0874023e+01
   1.0029810e+06   2.0996094e+01
   1.0184420e+06   2.6245117e+01
   1.0185380e+06   2.0812988e+01
   1.0185910e+06   2.3132324e+01
   1.0186470e+06   2.1911621e+01
   1.0186720e+06   2.3376465e+01
   1.0186920e+06   2.1972656e+01
   1.0187500e+06   2.2521973e+01
   1.0188700e+06   2.1362305e+01
   1.0190180e+06   2.3864746e+01
   1.0414050e+06   3.1555176e+01
   1.0414720e+06   2.6916504e+01
   1.0414870e+06   2.0874023e+01
   1.0415770e+06   2.4230957e+01
   1.0416220e+06   2.6062012e+01
   1.0416750e+06   2.1362305e+01
   1.0417070e+06   2.1362305e+01
   1.0419730e+06   2.0874023e+01
   1.0422930e+06   2.8137207e+01
   1.0437070e+06   2.1362305e+01
   1.0441610e+06   2.0812988e+01
   1.0446180e+06   2.1850586e+01
   1.0692640e+06   3.3813477e+01
   1.0693480e+06   2.7465820e+01
   1.0693820e+06   2.2644043e+01
   1.0694400e+06   2.6000977e+01
   1.0695410e+06   2.2033691e+01
   1.0696780e+06   2.0751953e+01
   1.0701730e+06   2.0996094e+01
   1.0706410e+06   2.2033691e+01
   1.0948810e+06   2.3742676e+01
   1.0949250e+06   2.0935059e+01
   1.0949850e+06   2.0690918e+01
   1.0950330e+06   2.0935059e+01
   1.0950460e+06   2.1972656e+01
   1.0951620e+06   2.1057129e+01
   1.0960710e+06   2.1911621e+01
   1.1228170e+06   2.0751953e+01
   1.1228510e+06   2.0629883e+01
   1.1229030e+06   2.2277832e+01
   1.1229670e+06   2.6245117e+01
   1.1229860e+06   3.1250000e+01
   1.1231020e+06   2.4475098e+01
   1.1233270e+06   2.1667480e+01
   1.1236240e+06   2.1057129e+01
   1.1238780e+06   2.2949219e+01
   1.1437330e+06   2.4047852e+01
   1.1437910e+06   2.2583008e+01
   1.1438190e+06   2.7832031e+01
   1.1438680e+06   2.1606445e+01
   1.1439360e+06   2.4291992e+01
   1.1439700e+06   2.1789551e+01
   1.1440570e+06   2.7526855e+01
   1.1666420e+06   2.8564453e+01
   1.1666930e+06   2.0935059e+01
   1.1667350e+06   2.8564453e+01
   1.1668280e+06   2.1789551e+01
   1.1671860e+06   2.5390625e+01
   1.1834320e+06   2.5512695e+01
   1.1835050e+06   2.3376465e+01
   1.1837200e+06   2.3437500e+01
   1.1837400e+06   2.4963379e+01
   1.1897410e+06   2.6123047e+01
   1.1898840e+06   2.8625488e+01
   1.1900510e+06   2.4597168e+01
   1.1901110e+06   2.6245117e+01
   1.1902600e+06   2.3559570e+01
   1.2149590e+06   2.9663086e+01
   1.2150470e+06   2.4475098e+01
   1.2151610e+06   2.3010254e+01
   1.2152400e+06   3.1555176e+01
   1.2166080e+06   2.6062012e+01
   1.2167340e+06   2.6428223e+01
   1.2169350e+06   2.0751953e+01
   1.2333950e+06   2.9418945e+01
   1.2335650e+06   2.4658203e+01
   1.2337000e+06   2.5878906e+01
   1.2339940e+06   2.6916504e+01
   1.2348610e+06   2.1301270e+01
   1.2350950e+06   2.1606445e+01
   1.2352410e+06   2.3620605e+01
   1.2353530e+06   2.4047852e+01
   1.2465120e+06   2.0690918e+01
   1.2466160e+06   2.6977539e+01
   1.2466350e+06   2.0935059e+01
   1.2467240e+06   2.0629883e+01
   1.2467650e+06   2.2338867e+01
   1.2469310e+06   2.3376465e+01
   1.2615350e+06   2.3254395e+01
   1.2616500e+06   5.4565430e+01
   1.2617000e+06   3.6926270e+01
   1.2618550e+06   2.1240234e+01
   1.2619180e+06   2.9357910e+01
   1.2619350e+06   5.6701660e+01
   1.2619740e+06   3.0212402e+01
   1.2619870e+06   3.1250000e+01
   1.2620100e+06   3.8452148e+01
   1.2620230e+06   2.1057129e+01
   1.2620510e+06   2.9541016e+01
   1.2620690e+06   3.5278320e+01
   1.2621110e+06   3.7719727e+01
   1.2621320e+06   2.4169922e+01
   1.2621960e+06   2.5451660e+01
   1.2622170e+06   2.5939941e+01
   1.2622460e+06   4.7119141e+01
   1.2622950e+06   2.1972656e+01
   1.2735140e+06   2.0690918e+01
   1.2739110e+06   2.1545410e+01
   1.2740060e+06   4.4372559e+01
   1.2740960e+06   3.2531738e+01
   1.2741960e+06   2.7404785e+01
   1.2749960e+06   2.5878906e+01
   1.3189690e+06   3.2592773e+01
   1.3191240e+06   3.2592773e+01
   1.3192350e+06   2.0996094e+01
   1.3214250e+06   2.0935059e+01
   1.3215370e+06   2.5695801e+01
   1.3217200e+06   2.1789551e+01
   1.3389420e+06   2.4108887e+01
   1.3391390e+06   2.1179199e+01
   1.3393420e+06   2.7160645e+01
   1.3404780e+06   2.3071289e+01
   1.3407100e+06   2.2094727e+01
   1.3524630e+06   2.1667480e+01
   1.3525660e+06   2.2705078e+01
   1.3526110e+06   4.1503906e+01
   1.3526590e+06   2.2949219e+01
   1.3526840e+06   3.7109375e+01
   1.3527060e+06   2.1789551e+01
   1.3528240e+06   2.1972656e+01
   1.3528480e+06   2.9357910e+01
   1.3528690e+06   3.1738281e+01
   1.3528850e+06   6.0302734e+01
   1.3529180e+06   3.6315918e+01
   1.3529520e+06   2.5512695e+01
   1.3529780e+06   2.3742676e+01
   1.3530430e+06   3.7597656e+01
   1.3530710e+06   2.3986816e+01
   1.3531290e+06   2.0874023e+01
   1.3531420e+06   2.7343750e+01
   1.3532600e+06   2.5878906e+01
   1.3699330e+06   2.1179199e+01
   1.3701340e+06   2.1362305e+01
   1.3702420e+06   2.0751953e+01
   1.4300670e+06   2.1606445e+01
   1.4307530e+06   3.0151367e+01
   1.4323210e+06   2.2766113e+01
   1.4324880e+06   2.6611328e+01
   1.4585560e+06   2.4353027e+01
   1.4592000e+06   2.2644043e+01
   1.4605280e+06   2.1240234e+01
   1.4606330e+06   2.1057129e+01
   1.4606450e+06   2.2216797e+01
   1.4612240e+06   2.1911621e+01
   1.4810600e+06   2.4291992e+01
   1.4822240e+06   2.7038574e+01
   1.4823050e+06   2.1301270e+01
   1.4824600e+06   2.6916504e+01
   1.4837910e+06   2.4597168e+01
   1.4840910e+06   2.1667480e+01
   1.4851700e+06   2.0751953e+01
   1.5050000e+06   2.7221680e+01
   1.5053910e+06   2.3559570e+01
   1.5055890e+06   2.0996094e+01
   1.5065810e+06   2.3498535e+01
   1.5067180e+06   2.3132324e+01
   1.5069220e+06   2.0812988e+01
   1.5070070e+06   2.1179199e+01
   1.5074770e+06   2.2460938e+01
   1.5077220e+06   2.2521973e+01
   1.5108290e+06   2.2399902e+01
   1.5284910e+06   2.2827148e+01
   1.5287040e+06   2.0812988e+01
   1.5287370e+06   3.2958984e+01
   1.5289360e+06   2.2827148e+01
   1.5302830e+06   2.1179199e+01
   1.5487410e+06   2.5817871e+01
   1.5488880e+06   2.4230957e+01
   1.5492410e+06   2.2216797e+01
   1.5493560e+06   2.1057129e+01
   1.5495180e+06   2.1667480e+01
   1.5503850e+06   2.3559570e+01
   1.5507830e+06   2.3071289e+01
   1.5510130e+06   2.1118164e+01
   1.5732260e+06   2.8320312e+01
   1.5733900e+06   2.3559570e+01
   1.5735820e+06   2.4902344e+01
   1.5736940e+06   2.1911621e+01
   1.5739200e+06   2.2644043e+01
   1.5742430e+06   2.1606445e+01
   1.5744920e+06   2.0996094e+01
   1.5746090e+06   2.0996094e+01
   1.5755320e+06   2.2094727e+01
   1.5905510e+06   2.6489258e+01
   1.5906820e+06   2.5695801e+01
   1.5910870e+06   2.3193359e+01
   1.5912600e+06   2.1362305e+01
   1.5918650e+06   2.3193359e+01
   1.6225110e+06   2.5695801e+01
   1.6226150e+06   2.2827148e+01
   1.6227870e+06   2.4353027e+01
   1.6228690e+06   2.4169922e+01
   1.6232910e+06   2.1179199e+01
   1.6234340e+06   2.3254395e+01
   1.6236210e+06   2.2094727e+01
   1.6237380e+06   2.0874023e+01
   1.6237990e+06   2.2766113e+01
   1.6246450e+06   2.0629883e+01
   1.6256560e+06   2.2766113e+01
   1.6495320e+06   2.5939941e+01
   1.6497190e+06   2.6916504e+01
   1.6498520e+06   2.1972656e+01
   1.6499850e+06   2.1545410e+01
   1.6501430e+06   3.0090332e+01
   1.6505640e+06   2.1301270e+01
   1.6509440e+06   2.1606445e+01
   1.6511870e+06   2.0874023e+01
   1.6819430e+06   2.1240234e+01
   1.6821480e+06   2.1057129e+01
   1.6821600e+06   2.9785156e+01
   1.6823230e+06   2.0996094e+01
   1.6825820e+06   2.3193359e+01
   1.6827760e+06   2.2216797e+01
   1.6830280e+06   2.0874023e+01
   1.7260810e+06   2.8930664e+01
   1.7262070e+06   2.2460938e+01
   1.7263150e+06   2.7099609e+01
   1.7265100e+06   2.0629883e+01
   1.7270510e+06   2.0996094e+01
   1.7271280e+06   2.3010254e+01
   1.7616720e+06   2.5573730e+01
   1.7618230e+06   2.2766113e+01
   1.7619330e+06   2.1179199e+01
   1.7621130e+06   2.3254395e+01
   1.7624880e+06   2.3559570e+01
   1.7625490e+06   2.2644043e+01
   1.7941090e+06   3.0395508e+01
   1.7942050e+06   2.0751953e+01
   1.7947930e+06   2.2460938e+01
   1.7949650e+06   2.2094727e+01
   1.8531410e+06   2.1179199e+01
   1.8532300e+06   2.8015137e+01
   1.8535000e+06   2.4597168e+01
   1.8538790e+06   2.4169922e+01
   1.8540890e+06   2.8503418e+01
   1.8541510e+06   2.3742676e+01
   1.8544350e+06   2.4108887e+01
   1.8548240e+06   2.0629883e+01
   1.8553650e+06   2.0935059e+01
   1.8886910e+06   2.4047852e+01
   1.8888820e+06   2.6184082e+01
   1.8890480e+06   2.1484375e+01
   1.8891570e+06   2.1301270e+01
   1.8893540e+06   2.7160645e+01
   1.8902460e+06   2.3132324e+01
   1.8904720e+06   2.2033691e+01
   1.8906370e+06   2.1911621e+01
   1.8906600e+06   2.1667480e+01
   1.9271690e+06   2.0935059e+01
   1.9273090e+06   2.1667480e+01
   1.9275760e+06   2.1240234e+01
   1.9278100e+06   2.1972656e+01
   1.9279760e+06   2.1728516e+01
   1.9281780e+06   2.4414062e+01
   1.9662560e+06   2.3620605e+01
   1.9666900e+06   2.3864746e+01
   1.9679480e+06   2.5085449e+01
   2.0101250e+06   2.2216797e+01
   2.0105820e+06   2.2094727e+01
   2.0107220e+06   2.1057129e+01
   2.0109750e+06   2.5756836e+01
   2.0118560e+06   2.1545410e+01
   2.0130150e+06   2.0690918e+01
   2.0638500e+06   2.3986816e+01
   2.0639770e+06   2.3376465e+01
   2.0644240e+06   2.1118164e+01
   2.0646860e+06   2.2583008e+01
   2.0650460e+06   2.1057129e+01
   2.0654390e+06   2.1667480e+01
   2.0655690e+06   2.1545410e+01
   2.0678180e+06   2.3559570e+01
   2.1180540e+06   3.0761719e+01
   2.1182280e+06   2.4169922e+01
   2.1183180e+06   2.0996094e+01
   2.1185790e+06   2.2399902e+01
   2.1186490e+06   2.3010254e+01
   2.1190190e+06   2.2766113e+01
   2.1195220e+06   2.1423340e+01
   2.1198470e+06   2.3620605e+01
   2.1212670e+06   2.3254395e+01
   2.1630030e+06   2.4414062e+01
   2.1636080e+06   2.5085449e+01
   2.1638920e+06   2.0629883e+01
   2.1647050e+06   2.4108887e+01
   2.1649570e+06   2.1728516e+01
   2.1664130e+06   2.3071289e+01
   2.1949560e+06   2.4475098e+01
   2.1952730e+06   2.3437500e+01
   2.1954150e+06   2.5390625e+01
   2.1956470e+06   2.3986816e+01
   2.1963140e+06   2.1789551e+01
   2.1976240e+06   2.0935059e+01
   2.2261120e+06   2.5756836e+01
   2.2267590e+06   2.1606445e+01
   2.2268920e+06   2.2521973e+01
   2.2270600e+06   2.3071289e+01
   2.2271900e+06   2.2155762e+01
   2.2274480e+06   2.1911621e+01
   2.2280570e+06   2.5695801e+01
   2.3008290e+06   2.2583008e+01
   2.3012510e+06   2.1118164e+01
   2.3172130e+06   2.7648926e+01
   2.3348790e+06   2.1972656e+01
   2.3349810e+06   5.0170898e+01
   2.3350070e+06   2.3620605e+01
   2.3351240e+06   2.0812988e+01
   2.3351440e+06   3.0456543e+01
   2.3351740e+06   2.0996094e+01
   2.3351930e+06   6.2744141e+01
   2.3352100e+06   2.1972656e+01
   2.3352300e+06   3.5339355e+01
   2.3352540e+06   3.8818359e+01
   2.3352940e+06   2.5817871e+01
   2.3353080e+06   4.0039063e+01
   2.3353340e+06   3.7414551e+01
   2.3353510e+06   2.1362305e+01
   2.3353780e+06   2.5573730e+01
   2.3354010e+06   2.1789551e+01
   2.3354510e+06   3.1738281e+01
   2.3355650e+06   3.3874512e+01
   2.3357340e+06   4.3273926e+01
   2.3471090e+06   4.0344238e+01
   2.3471260e+06   2.1789551e+01
   2.3471800e+06   2.2888184e+01
   2.3472610e+06   2.0751953e+01
   2.3472910e+06   2.3925781e+01
   2.3473340e+06   2.1667480e+01
   2.3473520e+06   2.1850586e+01
   2.3473870e+06   3.4790039e+01
   2.3474080e+06   2.1301270e+01
   2.3474260e+06   2.5146484e+01
   2.3474600e+06   3.0029297e+01
   2.3474870e+06   3.9123535e+01
   2.3475110e+06   2.7038574e+01
   2.3475390e+06   2.2827148e+01
   2.3475690e+06   3.2714844e+01
   2.3476600e+06   2.3559570e+01
   2.3478240e+06   2.8015137e+01
   2.3480530e+06   2.4597168e+01
   2.3487220e+06   2.1911621e+01
   2.3573130e+06   4.6936035e+01
   2.3573870e+06   3.5278320e+01
   2.3574440e+06   2.0996094e+01
   2.3575550e+06   2.4841309e+01
   2.3575990e+06   3.1433105e+01
   2.3576210e+06   3.6865234e+01
   2.3576370e+06   5.6396484e+01
   2.3576690e+06   4.2053223e+01
   2.3576820e+06   2.6489258e+01
   2.3577060e+06   3.7109375e+01
   2.3577400e+06   2.3498535e+01
   2.3577550e+06   2.2216797e+01
   2.3577790e+06   2.7465820e+01
   2.3578070e+06   2.3742676e+01
   2.3579030e+06   2.1789551e+01
   2.3579240e+06   2.3620605e+01
   2.3581310e+06   2.1240234e+01
   2.3582160e+06   2.4536133e+01
   2.3587560e+06   2.1484375e+01
   2.5273440e+06   5.4626465e+01
   2.5878380e+06   2.2827148e+01
   2.5880730e+06   2.2644043e+01
   2.5883030e+06   4.6997070e+01
   2.5883790e+06   3.2470703e+01
   2.5884540e+06   2.2399902e+01
   2.5886120e+06   2.0874023e+01
   2.7382190e+06   2.0874023e+01
   2.7383710e+06   2.7221680e+01
   2.7384400e+06   2.6611328e+01
   2.7385120e+06   4.5471191e+01
   2.7385820e+06   3.3508301e+01
   2.7387390e+06   3.1921387e+01
   2.7595170e+06   2.1423340e+01
   2.7602050e+06   3.0273437e+01
   2.8419870e+06   2.5451660e+01
   2.8421760e+06   2.3254395e+01
   2.8426540e+06   2.2460937e+01
   2.8427090e+06   2.4169922e+01
   2.8434800e+06   2.4047852e+01
   2.8435260e+06   5.9875488e+01
   2.8435380e+06   3.0578613e+01
   2.8435740e+06   3.2836914e+01
   2.8435900e+06   6.7260742e+01
   2.8436050e+06   2.4536133e+01
   2.8436300e+06   2.7587891e+01
   2.8436570e+06   4.6386719e+01
   2.8436990e+06   3.3996582e+01
   2.8437510e+06   2.5817871e+01
   2.8437860e+06   3.3142090e+01
   2.8438860e+06   2.0874023e+01
   2.8439930e+06   2.1484375e+01
   2.8441340e+06   2.1972656e+01
   2.8531230e+06   2.0935059e+01
   2.8539340e+06   5.1269531e+01
   2.8540300e+06   3.1433105e+01
   2.8541860e+06   2.6245117e+01
   2.8543250e+06   3.2409668e+01
   2.8543470e+06   2.6184082e+01
   2.8543630e+06   5.9387207e+01
   2.8543990e+06   3.6926270e+01
   2.8544340e+06   2.6611328e+01
   2.8544610e+06   2.4230957e+01
   2.8544850e+06   2.3071289e+01
   2.8545170e+06   3.9123535e+01
   2.8545580e+06   2.1240234e+01
   2.8545910e+06   2.0996094e+01
   2.8546080e+06   2.0935059e+01
   2.8546240e+06   2.8137207e+01
   2.8546420e+06   2.0751953e+01
   2.8553600e+06   2.0751953e+01
   2.8644770e+06   4.2541504e+01
   2.8644990e+06   2.1545410e+01
   2.8645830e+06   3.0761719e+01
   2.8646900e+06   2.3803711e+01
   2.8647840e+06   2.1667480e+01
   2.8648070e+06   3.6865234e+01
   2.8648260e+06   3.9184570e+01
   2.8648470e+06   5.2429199e+01
   2.8648570e+06   3.6621094e+01
   2.8648680e+06   2.2399902e+01
   2.8649120e+06   3.7292480e+01
   2.8649280e+06   2.6000977e+01
   2.8649890e+06   2.5207520e+01
   2.8650070e+06   2.4780273e+01
   2.8650440e+06   2.4414063e+01
   2.8650960e+06   3.2775879e+01
   2.8653660e+06   2.2766113e+01
   2.8658870e+06   2.0874023e+01
   3.0161250e+06   2.0751953e+01
   3.0184400e+06   2.3803711e+01
   3.0185280e+06   5.5969238e+01
   3.0185400e+06   2.6000977e+01
   3.0185710e+06   3.5339355e+01
   3.0185880e+06   4.5593262e+01
   3.0186180e+06   2.0812988e+01
   3.0186480e+06   4.0039063e+01
   3.0186590e+06   2.4353027e+01
   3.0186810e+06   3.0029297e+01
   3.0187090e+06   2.5817871e+01
   3.0187240e+06   2.4597168e+01
   3.0187500e+06   2.5085449e+01
   3.0187770e+06   2.8625488e+01
   3.0188410e+06   3.9489746e+01
   3.0189030e+06   2.5756836e+01
   3.0189820e+06   2.1179199e+01
   3.0323050e+06   2.4841309e+01
   3.0325600e+06   2.2521973e+01
   3.0325810e+06   3.6865234e+01
   3.0325970e+06   3.8940430e+01
   3.0326280e+06   3.8085938e+01
   3.0326550e+06   2.8747559e+01
   3.0326770e+06   3.6193848e+01
   3.0326870e+06   2.2888184e+01
   3.0327180e+06   2.8320313e+01
   3.0327300e+06   2.1911621e+01
   3.0327500e+06   2.1118164e+01
   3.0327740e+06   3.2165527e+01
   3.0327960e+06   2.0874023e+01
   3.0329580e+06   2.0629883e+01
   3.0329720e+06   2.1545410e+01
   3.0330810e+06   2.5695801e+01
   3.0331870e+06   2.0874023e+01
   3.1370260e+06   3.8879395e+01
   3.1370380e+06   2.9052734e+01
   3.1370700e+06   4.6264648e+01
   3.1370860e+06   2.4597168e+01
   3.1371000e+06   2.6672363e+01
   3.1371250e+06   3.4057617e+01
   3.1371480e+06   2.2705078e+01
   3.1371850e+06   3.8757324e+01
   3.1371990e+06   2.2399902e+01
   3.1372590e+06   3.3142090e+01
   3.1374020e+06   2.0874023e+01
   3.2252040e+06   5.7495117e+01
   3.2252310e+06   6.5551758e+01
   3.2252460e+06   2.1240234e+01
   3.2252720e+06   3.3569336e+01
   3.2252860e+06   3.7475586e+01
   3.2253100e+06   2.1057129e+01
   3.2253350e+06   3.2775879e+01
   3.2253480e+06   2.6733398e+01
   3.2253950e+06   2.4719238e+01
   3.2254230e+06   2.5695801e+01
   3.2254540e+06   2.0751953e+01
   3.2254700e+06   2.2216797e+01
   3.2255590e+06   2.7160645e+01
   3.2256090e+06   2.5817871e+01
   3.2256870e+06   2.5512695e+01
   3.2258280e+06   2.3986816e+01
   3.2479270e+06   2.2705078e+01
   3.2492430e+06   2.9968262e+01
   3.2493290e+06   2.2033691e+01
   3.2493720e+06   4.7790527e+01
   3.2494070e+06   5.6335449e+01
   3.2494330e+06   3.2104492e+01
   3.2494590e+06   2.1789551e+01
   3.2494770e+06   2.1606445e+01
   3.2494950e+06   4.4555664e+01
   3.2495230e+06   3.3081055e+01
   3.2495500e+06   2.1545410e+01
   3.2495740e+06   2.3498535e+01
   3.2495880e+06   3.1982422e+01
   3.2496040e+06   2.5268555e+01
   3.2496530e+06   2.3193359e+01
   3.2496750e+06   2.1789551e+01
   3.2497280e+06   2.5207520e+01
   3.3347290e+06   2.0629883e+01
   3.3364320e+06   2.7099609e+01
   3.3364680e+06   5.2307129e+01
   3.3364970e+06   5.1940918e+01
   3.3365080e+06   5.9692383e+01
   3.3365350e+06   3.6682129e+01
   3.3365650e+06   4.4311523e+01
   3.3365810e+06   2.2949219e+01
   3.3366270e+06   2.5146484e+01
   3.3366560e+06   2.9113770e+01
   3.3366920e+06   2.4291992e+01
   3.3367490e+06   2.9357910e+01
   3.3367620e+06   3.3813477e+01
   3.3368350e+06   2.2521973e+01
   3.3371720e+06   2.1545410e+01
   3.4162460e+06   3.3325195e+01
   3.4181710e+06   2.1057129e+01
   3.4183520e+06   2.3864746e+01
   3.4184500e+06   2.2277832e+01
   3.4185060e+06   4.4189453e+01
   3.5033490e+06   2.2338867e+01
   3.5034640e+06   2.2399902e+01
   3.5034890e+06   2.3559570e+01
   3.5037620e+06   2.1301270e+01
   3.5384140e+06   2.2888184e+01
   3.5438660e+06   2.6489258e+01
   3.5560390e+06   2.2827148e+01
   3.5560890e+06   2.1362305e+01
   3.5693530e+06   2.5146484e+01
   3.5732470e+06   2.8930664e+01
   3.5814760e+06   2.1118164e+01
   3.5821460e+06   2.3010254e+01
   3.5957230e+06   2.4780273e+01
   3.6207430e+06   2.0996094e+01
   3.6341740e+06   2.6916504e+01
   3.6356680e+06   2.8076172e+01
   3.6493750e+06   2.7465820e+01
   3.6646150e+06   2.7465820e+01
   3.6789880e+06   2.6428223e+01
   3.6911530e+06   2.4414063e+01
   3.7178720e+06   2.3071289e+01
   3.7200570e+06   2.2460938e+01
   3.7204650e+06   2.4291992e+01
   3.7321820e+06   2.5695801e+01
   3.7482990e+06   2.7221680e+01
   3.7538040e+06   2.4597168e+01
   3.7694300e+06   2.0751953e+01
   3.7695440e+06   2.0690918e+01
   3.7718930e+06   2.1911621e+01
   3.7857840e+06   2.8930664e+01
   3.7994920e+06   2.4047852e+01
   3.8001950e+06   2.8259277e+01
   3.8173980e+06   2.6855469e+01
   3.8186040e+06   2.1240234e+01
   3.8359700e+06   2.3620605e+01
   3.8369720e+06   2.1057129e+01
   3.8370310e+06   2.1789551e+01
   3.8705740e+06   3.0517578e+01
   3.8954890e+06   2.5695801e+01
   3.8962740e+06   2.4291992e+01
   3.9214680e+06   2.8381348e+01
   3.9237300e+06   2.5573730e+01
   3.9241350e+06   2.2766113e+01
   3.9242100e+06   2.0935059e+01
   3.9418790e+06   2.1972656e+01
   3.9419930e+06   2.3925781e+01
   3.9421580e+06   2.6733398e+01
   3.9425320e+06   2.1362305e+01
   3.9458750e+06   2.1301270e+01
   3.9736380e+06   2.2094727e+01
   3.9738250e+06   2.5024414e+01
   3.9744170e+06   2.6367188e+01
   3.9747370e+06   2.2949219e+01
   3.9750340e+06   2.3681641e+01
   4.0010240e+06   2.3376465e+01
   4.0028340e+06   2.8869629e+01
   4.0032210e+06   2.1789551e+01
   4.0185980e+06   2.2949219e+01
   4.0188320e+06   2.1118164e+01
   4.0205140e+06   2.2277832e+01
   4.0206290e+06   2.1179199e+01
   4.0209190e+06   2.0629883e+01
   4.0455970e+06   2.9174805e+01
   4.0456300e+06   2.2094727e+01
   4.0483860e+06   2.5939941e+01
   4.0486390e+06   2.6489258e+01
   4.0487830e+06   2.2155762e+01
   4.0759700e+06   3.0761719e+01
   4.0762840e+06   2.4780273e+01
   4.0781170e+06   2.5268555e+01
   4.0783890e+06   2.5024414e+01
   4.0786960e+06   2.7465820e+01
   4.1066880e+06   2.7465820e+01
   4.1068500e+06   2.3376465e+01
   4.1090030e+06   2.3437500e+01
   4.1317420e+06   2.8137207e+01
   4.1324510e+06   2.0629883e+01
   4.1488980e+06   2.1240234e+01
   4.1489360e+06   2.1850586e+01
   4.1489680e+06   4.9377441e+01
   4.1490160e+06   2.0629883e+01
   4.1490620e+06   2.3254395e+01
   4.1491260e+06   2.4597168e+01
   4.1491510e+06   2.3071289e+01
   4.1491760e+06   2.2277832e+01
   4.1491940e+06   2.3742676e+01
   4.1492190e+06   5.4443359e+01
   4.1492300e+06   3.3935547e+01
   4.1492570e+06   3.8879395e+01
   4.1492960e+06   3.3020020e+01
   4.1493400e+06   2.2033691e+01
   4.1493900e+06   3.9184570e+01
   4.1494090e+06   2.1972656e+01
   4.1495010e+06   3.7902832e+01
   4.1495910e+06   3.1005859e+01
   4.1496160e+06   4.0405273e+01
   4.1497480e+06   4.1137695e+01
   4.1498770e+06   3.9184570e+01
   4.1500050e+06   4.4372559e+01
   4.1633330e+06   2.0935059e+01
   4.1863810e+06   3.1677246e+01
   4.2612770e+06   2.6916504e+01
   4.2614850e+06   3.4545898e+01
   4.2615010e+06   2.1240234e+01
   4.2773230e+06   2.1667480e+01
   4.2930780e+06   2.1972656e+01
   4.2932310e+06   2.1728516e+01
   4.2933500e+06   2.3132324e+01
   4.2937010e+06   2.0874023e+01
   4.2937600e+06   2.2399902e+01
   4.3078880e+06   2.3132324e+01
   4.3245590e+06   2.2583008e+01
   4.3374710e+06   2.6367188e+01
   4.3502660e+06   2.3681641e+01
   4.3512920e+06   2.2033691e+01
   4.3514940e+06   2.2888184e+01
   4.3631960e+06   2.0629883e+01
   4.3704570e+06   2.8808594e+01
   4.3711720e+06   2.3925781e+01
   4.3827000e+06   2.1667480e+01
   4.3965480e+06   2.3803711e+01
   4.4108350e+06   2.4475098e+01
   4.4131500e+06   2.2888184e+01
   4.4267260e+06   2.8381348e+01
   4.4284690e+06   2.4475098e+01
   4.4481620e+06   2.3620605e+01
   4.4485490e+06   2.5878906e+01
   4.4486830e+06   2.5634766e+01
   4.4503670e+06   3.0212402e+01
   4.4639860e+06   2.2766113e+01
   4.4775110e+06   2.6489258e+01
   4.4903500e+06   2.0874023e+01
   4.4907120e+06   2.6794434e+01
   4.4937890e+06   2.4169922e+01
   4.4998080e+06   2.5451660e+01
   4.5177590e+06   2.7832031e+01
   4.5335030e+06   2.6489258e+01
   4.5342550e+06   2.2521973e+01
   4.5348500e+06   2.1301270e+01
   4.5521130e+06   2.2277832e+01
   4.5525930e+06   2.4353027e+01
   4.5658690e+06   2.0690918e+01
   4.5669730e+06   2.4658203e+01
   4.5718240e+06   2.3803711e+01
   4.5915330e+06   2.2705078e+01
   4.5915820e+06   3.1372070e+01
   4.6053870e+06   2.2216797e+01
   4.6061730e+06   2.8747559e+01
   4.6066920e+06   2.1789551e+01
   4.6103910e+06   2.4353027e+01
   4.6270240e+06   2.8442383e+01
   4.6277870e+06   3.9184570e+01
   4.6390500e+06   2.3071289e+01
   4.6391420e+06   2.5268555e+01
   4.6401600e+06   2.2705078e+01
   4.6593180e+06   2.1667480e+01
   4.6600570e+06   2.2033691e+01
   4.6818770e+06   3.0944824e+01
   4.6836480e+06   2.4108887e+01
   4.7022640e+06   2.3437500e+01
   4.7026050e+06   2.8991699e+01
   4.7034340e+06   2.1118164e+01
   4.7255500e+06   2.8381348e+01
   4.7460570e+06   2.8686523e+01
   4.7479870e+06   2.4475098e+01
   4.7606680e+06   5.1391602e+01
   4.7607230e+06   3.3325195e+01
   4.7607360e+06   2.1972656e+01
   4.7607560e+06   2.6916504e+01
   4.7607750e+06   2.4475098e+01
   4.7608360e+06   2.2033691e+01
   4.7608670e+06   2.6000977e+01
   4.7608820e+06   4.6997070e+01
   4.7609120e+06   2.6245117e+01
   4.7609420e+06   2.8930664e+01
   4.7609590e+06   4.8950195e+01
   4.7609910e+06   2.0874023e+01
   4.7610090e+06   2.1972656e+01
   4.7610320e+06   3.5034180e+01
   4.7610550e+06   3.6193848e+01
   4.7611160e+06   3.1799316e+01
   4.7611550e+06   3.9978027e+01
   4.7612480e+06   3.2836914e+01
   4.7613100e+06   2.3681641e+01
   4.7613420e+06   3.6987305e+01
   4.7614010e+06   2.4414063e+01
   4.7614530e+06   3.8269043e+01
   4.7615550e+06   2.7282715e+01
   4.7616730e+06   3.8574219e+01
   4.7616890e+06   2.1606445e+01
   4.7617750e+06   3.8208008e+01
   4.7731700e+06   5.1391602e+01
   4.7732360e+06   2.8564453e+01
   4.7733260e+06   2.3803711e+01
   4.7733730e+06   2.2460938e+01
   4.7734870e+06   4.4921875e+01
   4.7735190e+06   2.8381348e+01
   4.7735380e+06   4.8217773e+01
   4.7735550e+06   3.7170410e+01
   4.7735740e+06   2.3986816e+01
   4.7736120e+06   4.6325684e+01
   4.7736240e+06   2.1789551e+01
   4.7736970e+06   3.2287598e+01
   4.7737960e+06   2.5878906e+01
   4.7738220e+06   2.2766113e+01
   4.7747010e+06   2.2399902e+01
   4.7750320e+06   2.0812988e+01
   4.8586810e+06   2.7954102e+01
   4.8836820e+06   2.1667480e+01
   4.8841550e+06   2.2827148e+01
   4.9022800e+06   2.9113770e+01
   4.9137750e+06   2.0874023e+01
   4.9252780e+06   2.7832031e+01
   4.9436830e+06   2.6794434e+01
   4.9454590e+06   2.3315430e+01
   4.9541790e+06   2.2155762e+01
   4.9678590e+06   2.8564453e+01
   4.9817230e+06   2.6062012e+01
   5.0072520e+06   2.0996094e+01
   5.0349590e+06   2.8137207e+01
   5.0349690e+06   2.1240234e+01
   5.0349910e+06   2.2277832e+01
   5.0467630e+06   2.2705078e+01
   5.0537510e+06   2.8564453e+01
   5.0557770e+06   2.2216797e+01
   5.0558930e+06   2.0996094e+01
   5.0559160e+06   2.1301270e+01
   5.0568070e+06   2.3620605e+01
   5.0569250e+06   2.0629883e+01
   5.0699890e+06   2.4475098e+01
   5.0848710e+06   2.7038574e+01
   5.0976190e+06   2.8076172e+01
   5.0982380e+06   2.4047852e+01
   5.0983260e+06   2.3010254e+01
   5.1184640e+06   2.3620605e+01
   5.1330210e+06   2.5817871e+01
   5.1456310e+06   2.1728516e+01
   5.1457110e+06   2.2338867e+01
   5.1458100e+06   2.8259277e+01
   5.1460490e+06   2.5451660e+01
   5.1462350e+06   2.1179199e+01
   5.1623590e+06   2.7526855e+01
   5.1817660e+06   2.9479980e+01
   5.1881640e+06   4.8950195e+01
   5.1881980e+06   2.3010254e+01
   5.1882210e+06   2.1118164e+01
   5.1882750e+06   2.1728516e+01
   5.1883390e+06   3.6071777e+01
   5.1883540e+06   5.5541992e+01
   5.1883700e+06   2.5817871e+01
   5.1884070e+06   4.0283203e+01
   5.1884230e+06   2.9724121e+01
   5.1884340e+06   2.2094727e+01
   5.1884530e+06   2.1606445e+01
   5.1884630e+06   3.6621094e+01
   5.1884800e+06   2.3132324e+01
   5.1885060e+06   2.5817871e+01
   5.1885210e+06   2.1057129e+01
   5.1885970e+06   3.1738281e+01
   5.1887780e+06   3.1677246e+01
   5.1888710e+06   2.2766113e+01
   5.1889000e+06   3.4606934e+01
   5.1890220e+06   4.3884277e+01
   5.1891050e+06   2.2827148e+01
   5.1891490e+06   3.9428711e+01
   5.1892510e+06   2.3071289e+01
   5.2992950e+06   2.1667480e+01
   5.3015330e+06   2.2949219e+01
   5.3333230e+06   2.9052734e+01
   5.3352690e+06   2.4780273e+01
   5.3447100e+06   2.6184082e+01
   5.3679400e+06   2.2521973e+01
   5.3683800e+06   2.1484375e+01
   5.3724470e+06   2.4902344e+01
   5.3907210e+06   2.3803711e+01
   5.3910520e+06   2.4719238e+01
   5.4074550e+06   2.2888184e+01
   5.4079520e+06   2.8625488e+01
   5.4094500e+06   2.8259277e+01
   5.4104600e+06   2.1118164e+01
   5.4198110e+06   2.1728516e+01
   5.4198780e+06   2.2277832e+01
   5.4198890e+06   4.8156738e+01
   5.4199430e+06   2.9235840e+01
   5.4199890e+06   2.3132324e+01
   5.4200110e+06   2.4475098e+01
   5.4200520e+06   2.0812988e+01
   5.4200690e+06   2.1484375e+01
   5.4200820e+06   3.5339355e+01
   5.4200970e+06   3.5644531e+01
   5.4201200e+06   3.2409668e+01
   5.4201480e+06   3.2836914e+01
   5.4201600e+06   2.2033691e+01
   5.4201710e+06   3.8208008e+01
   5.4202060e+06   2.5512695e+01
   5.4202680e+06   4.2968750e+01
   5.4203680e+06   4.0039063e+01
   5.4204610e+06   2.0996094e+01
   5.4204990e+06   4.2541504e+01
   5.4205860e+06   2.0874023e+01
   5.4423450e+06   2.1301270e+01
   5.4424750e+06   2.9663086e+01
   5.4427050e+06   3.1738281e+01
   5.4432690e+06   2.4658203e+01
   5.4432920e+06   2.8686523e+01
   5.4433360e+06   2.3864746e+01
   5.4433670e+06   4.1076660e+01
   5.4433790e+06   3.4118652e+01
   5.4434010e+06   2.5695801e+01
   5.4434220e+06   2.1057129e+01
   5.4434480e+06   3.6315918e+01
   5.4434700e+06   4.0466309e+01
   5.4435280e+06   2.3742676e+01
   5.4435500e+06   2.2155762e+01
   5.4436230e+06   2.1179199e+01
   5.4436790e+06   3.8330078e+01
   5.4437530e+06   2.2399902e+01
   5.5445540e+06   2.2338867e+01
   5.5735530e+06   2.6062012e+01
   5.5747140e+06   2.7832031e+01
   5.5748220e+06   2.5390625e+01
   5.5761770e+06   2.1484375e+01
   5.5762470e+06   2.2644043e+01
   5.5767900e+06   2.5878906e+01
   5.5768250e+06   2.1972656e+01
   5.5771620e+06   2.1118164e+01
   5.5784620e+06   2.2644043e+01
   5.5789400e+06   4.8095703e+01
   5.5790310e+06   3.7048340e+01
   5.6209280e+06   2.4902344e+01
   5.6211590e+06   2.3864746e+01
   5.6232130e+06   2.1545410e+01
   5.6232430e+06   2.4902344e+01
   5.6237810e+06   2.6855469e+01
   5.6239570e+06   2.2521973e+01
   5.6251920e+06   2.1423340e+01
   5.6534500e+06   2.4841309e+01
   5.6542530e+06   2.1423340e+01
   5.6558910e+06   2.3376465e+01
   5.6561160e+06   2.6733398e+01
   5.6567250e+06   2.1789551e+01
   5.6890990e+06   2.3376465e+01
   5.6895550e+06   2.2277832e+01
   5.6900110e+06   2.2521973e+01
   5.6911540e+06   2.0812988e+01
   5.6913270e+06   2.0629883e+01
   5.7224340e+06   2.5634766e+01
   5.7230950e+06   2.2094727e+01
   5.7236000e+06   2.1850586e+01
   5.7240520e+06   2.3864746e+01
   5.7244580e+06   2.5146484e+01
   5.7250710e+06   2.1789551e+01
   5.7253280e+06   2.4597168e+01
   5.7544050e+06   2.1606445e+01
   5.7551420e+06   2.4719238e+01
   5.7556650e+06   2.3559570e+01
   5.7558650e+06   2.1179199e+01
   5.7560550e+06   2.3864746e+01
   5.7816470e+06   2.7832031e+01
   5.7817900e+06   2.1789551e+01
   5.7823230e+06   2.3132324e+01
   5.7828470e+06   2.0935059e+01
   5.7835230e+06   2.5268555e+01
   5.8049020e+06   2.1057129e+01
   5.8051740e+06   2.7404785e+01
   5.8053800e+06   2.8137207e+01
   5.8062360e+06   2.1728516e+01
   5.8073760e+06   2.1667480e+01
   5.8351150e+06   2.6245117e+01
   5.8354550e+06   2.0996094e+01
   5.8361920e+06   2.3315430e+01
   5.8528390e+06   2.1911621e+01
   5.8532420e+06   2.0874023e+01
   5.8535510e+06   2.1362305e+01
   5.8540570e+06   2.0996094e+01
   5.8542210e+06   2.2033691e+01
   5.8812200e+06   2.7893066e+01
   5.8814570e+06   2.2460938e+01
   5.8820440e+06   2.3681641e+01
   5.8830650e+06   2.4230957e+01
   5.8835880e+06   2.5085449e+01
   5.9102860e+06   2.2033691e+01
   5.9106630e+06   2.6672363e+01
   5.9111660e+06   2.1606445e+01
   5.9116180e+06   2.1118164e+01
   5.9123260e+06   2.3681641e+01
   5.9364470e+06   2.9663086e+01
   5.9365340e+06   2.3254395e+01
   5.9368100e+06   2.1789551e+01
   5.9369370e+06   2.0874023e+01
   5.9373830e+06   2.1667480e+01
   5.9375030e+06   2.1850586e+01
   5.9389820e+06   2.6672363e+01
   5.9638070e+06   2.2338867e+01
   5.9639940e+06   2.2094727e+01
   5.9646040e+06   2.2399902e+01
   5.9654220e+06   2.0874023e+01
   6.0024150e+06   3.0395508e+01
   6.0027590e+06   2.1789551e+01
   6.0035820e+06   2.2949219e+01
   6.0346590e+06   2.2949219e+01
   6.0350020e+06   2.1728516e+01
   6.0353050e+06   2.0629883e+01
   6.0353770e+06   2.3254395e+01
   6.0359720e+06   2.1850586e+01
   6.0362950e+06   2.1545410e+01
   6.0622240e+06   2.2583008e+01
   6.0629420e+06   2.6550293e+01
   6.0635830e+06   2.6794434e+01
   6.0640420e+06   2.1118164e+01
   6.0642420e+06   2.2399902e+01
   6.0645680e+06   2.0690918e+01
   6.0653040e+06   2.1667480e+01
   6.0904200e+06   2.3315430e+01
   6.0906880e+06   2.4230957e+01
   6.0909030e+06   2.2216797e+01
   6.0914090e+06   2.3010254e+01
   6.0916160e+06   2.0629883e+01
   6.0918600e+06   2.1179199e+01
   6.0928090e+06   2.1179199e+01
   6.0930320e+06   2.1911621e+01
   6.1302640e+06   2.2033691e+01
   6.1308300e+06   2.9357910e+01
   6.1320340e+06   2.5207520e+01
   6.1322140e+06   2.3803711e+01
   6.1323650e+06   2.7221680e+01
   6.1569300e+06   3.0151367e+01
   6.1581260e+06   2.5695801e+01
   6.1604030e+06   2.5878906e+01
   6.1605200e+06   2.2521973e+01
   6.1875300e+06   2.8259277e+01
   6.1900620e+06   2.3620605e+01
   6.2189170e+06   2.4353027e+01
   6.2194090e+06   2.3986816e+01
   6.2362590e+06   2.5512695e+01
   6.2365030e+06   2.3986816e+01
   6.2541510e+06   2.7099609e+01
   6.2733450e+06   2.5634766e+01
   6.2914140e+06   4.3579102e+01
   6.2914670e+06   4.0588379e+01
   6.2914830e+06   2.1423340e+01
   6.2915260e+06   2.2155762e+01
   6.2916030e+06   2.4780273e+01
   6.2916140e+06   3.9672852e+01
   6.2916330e+06   2.3010254e+01
   6.2916680e+06   2.9357910e+01
   6.2916840e+06   4.9194336e+01
   6.2917340e+06   2.9907227e+01
   6.2917650e+06   4.7058105e+01
   6.2917820e+06   2.1301270e+01
   6.2918020e+06   2.5573730e+01
   6.2918560e+06   3.4973145e+01
   6.2918730e+06   2.1240234e+01
   6.2919420e+06   3.2714844e+01
   6.2920230e+06   2.1667480e+01
   6.2920490e+06   3.5583496e+01
   6.2921600e+06   3.6926270e+01
   6.2922760e+06   5.2490234e+01
   6.2924220e+06   2.7404785e+01
   6.4950750e+06   2.1362305e+01
   6.5649600e+06   2.4597168e+01
   6.5882970e+06   2.0874023e+01
   6.6101880e+06   4.8706055e+01
   6.6144490e+06   2.0996094e+01
   6.6507540e+06   5.1940918e+01
   6.7354000e+06   2.3986816e+01
   6.7672140e+06   2.0629883e+01
   6.7841680e+06   2.0812988e+01
   6.8983430e+06   2.0812988e+01
   6.9148940e+06   2.0812988e+01
   6.9483620e+06   3.8269043e+01
   6.9671950e+06   2.0690918e+01
   6.9883860e+06   2.7343750e+01
   7.0457790e+06   2.3315430e+01
   7.1054740e+06   2.4841309e+01
   7.1408010e+06   2.5878906e+01
   7.1763930e+06   2.3864746e+01
   7.2569390e+06   2.1362305e+01
   7.2569790e+06   2.2094727e+01
   7.2570040e+06   5.1757812e+01
   7.2570470e+06   2.4536133e+01
   7.2571730e+06   2.6916504e+01
   7.2571860e+06   5.0842285e+01
   7.2572160e+06   2.0996094e+01
   7.2572470e+06   4.1687012e+01
   7.2572600e+06   2.5390625e+01
   7.2572840e+06   2.4841309e+01
   7.2573040e+06   3.2958984e+01
   7.2573230e+06   2.1301270e+01
   7.2573360e+06   4.0405273e+01
   7.2573850e+06   2.8259277e+01
   7.2574080e+06   3.8024902e+01
   7.2574320e+06   4.2114258e+01
   7.2574860e+06   3.0883789e+01
   7.2575380e+06   2.9724121e+01
   7.2576150e+06   2.8747559e+01
   7.2576530e+06   3.2897949e+01
   7.2577410e+06   2.1545410e+01
   7.2577520e+06   3.6132813e+01
   7.2578680e+06   3.2226563e+01
   7.2579800e+06   2.1301270e+01
   7.2580090e+06   4.1809082e+01
   7.2581310e+06   2.0935059e+01
   7.2582330e+06   2.4108887e+01
   7.2584240e+06   2.5085449e+01
   7.2585910e+06   3.2775879e+01
   7.2587540e+06   2.6550293e+01
   7.2738770e+06   4.8217773e+01
   7.2739510e+06   2.8991699e+01
   7.2740570e+06   2.1911621e+01
   7.2740730e+06   2.6916504e+01
   7.2740930e+06   3.8818359e+01
   7.2741100e+06   2.4963379e+01
   7.2741250e+06   5.3100586e+01
   7.2741440e+06   3.3813477e+01
   7.2741610e+06   4.3395996e+01
   7.2741940e+06   5.2856445e+01
   7.2742220e+06   2.2705078e+01
   7.2742630e+06   2.2094727e+01
   7.2743080e+06   2.4414063e+01
   7.2743450e+06   2.4353027e+01
   7.4390860e+06   2.1545410e+01
   7.5274120e+06   2.0996094e+01
   7.5838330e+06   2.4353027e+01
   7.5840740e+06   2.5756836e+01
   7.7016490e+06   2.6245117e+01
   7.7022310e+06   2.3986816e+01
   7.7027220e+06   2.1301270e+01
   7.7033070e+06   2.7282715e+01
   7.7034330e+06   2.1179199e+01
   7.7037590e+06   2.2399902e+01
   7.7038000e+06   2.0629883e+01
   7.7047070e+06   2.1667480e+01
   7.7047700e+06   5.0415039e+01
   7.7049480e+06   3.5705566e+01
   7.7502650e+06   2.1789551e+01
   7.7741710e+06   2.1362305e+01
   7.7744510e+06   2.6306152e+01
   7.7745240e+06   2.4291992e+01
   7.7753430e+06   2.5573730e+01
   7.7762160e+06   2.4475098e+01
   7.7763530e+06   2.3681641e+01
   7.7769310e+06   2.5634766e+01
   7.8153410e+06   2.6428223e+01
   7.8154250e+06   2.7221680e+01
   7.8167870e+06   2.2583008e+01
   7.8168980e+06   2.3681641e+01
   7.8185460e+06   2.5024414e+01
   7.8478400e+06   2.4169922e+01
   7.8480140e+06   2.2888184e+01
   7.8790460e+06   2.5451660e+01
   7.8801570e+06   2.1789551e+01
   7.9112030e+06   2.2766113e+01
   7.9384260e+06   2.2766113e+01
   7.9649350e+06   2.6550293e+01
   7.9867870e+06   2.5146484e+01
   8.0215310e+06   2.6123047e+01
   8.0832150e+06   2.3986816e+01
   8.1434400e+06   2.6977539e+01
   8.1559560e+06   2.3132324e+01
   8.1560590e+06   2.2460938e+01
   8.1681080e+06   2.0751953e+01
   8.1689500e+06   2.4169922e+01
   8.1692460e+06   2.0690918e+01
   8.1699950e+06   2.3254395e+01
   8.1702970e+06   4.4982910e+01
   8.1703540e+06   3.5888672e+01
   8.1703870e+06   2.2827148e+01
   8.1704280e+06   2.5451660e+01
   8.1704960e+06   2.1301270e+01
   8.1705340e+06   2.5817871e+01
   8.1705890e+06   5.4199219e+01
   8.1706130e+06   3.0029297e+01
   8.1706270e+06   2.3742676e+01
   8.1706540e+06   2.5756836e+01
   8.1706720e+06   3.5217285e+01
   8.1707070e+06   3.4790039e+01
   8.1707270e+06   3.6743164e+01
   8.1707530e+06   3.2409668e+01
   8.1707710e+06   2.9296875e+01
   8.1708060e+06   2.2033691e+01
   8.1708510e+06   2.5695801e+01
   8.1709540e+06   3.0334473e+01
   8.1710580e+06   3.1188965e+01
   8.1711280e+06   2.1362305e+01
   8.1711580e+06   3.1616211e+01
   8.1712620e+06   5.4077148e+01
   8.1714160e+06   2.7770996e+01
   8.1715900e+06   2.0690918e+01
   8.3668010e+06   2.1545410e+01
   8.4869750e+06   2.3559570e+01
   8.5873920e+06   2.5146484e+01
   8.6065400e+06   2.2399902e+01
   8.8248150e+06   2.2644043e+01
   8.8411930e+06   2.0874023e+01
   8.8413860e+06   4.2541504e+01
   8.8414540e+06   2.6428223e+01
   8.8416020e+06   2.2216797e+01
   8.8416440e+06   6.3110352e+01
   8.8416620e+06   2.5451660e+01
   8.8417060e+06   4.5043945e+01
   8.8417230e+06   5.6518555e+01
   8.8417620e+06   2.7343750e+01
   8.8417930e+06   2.7832031e+01
   8.8418200e+06   3.1311035e+01
   8.8418800e+06   4.2602539e+01
   8.8418980e+06   2.2888184e+01
   8.8419810e+06   3.0334473e+01
   8.8420030e+06   2.0812988e+01
   8.8420790e+06   2.7770996e+01
   8.8420960e+06   3.1433105e+01
   8.8421840e+06   3.1005859e+01
   8.8422870e+06   3.8208008e+01
   8.8424000e+06   2.7954102e+01
   8.8428140e+06   2.2827148e+01
   8.9851220e+06   2.7099609e+01
   9.0002010e+06   2.0935059e+01
   9.0022420e+06   3.2165527e+01
   9.0221010e+06   2.4169922e+01
   9.0286230e+06   2.3376465e+01
   9.0580560e+06   2.3315430e+01
   9.0693000e+06   2.2583008e+01
   9.0693590e+06   2.1667480e+01
   9.0693850e+06   5.0720215e+01
   9.0694320e+06   2.0690918e+01
   9.0694730e+06   2.6123047e+01
   9.0694850e+06   2.2094727e+01
   9.0695070e+06   2.8381348e+01
   9.0695260e+06   2.6062012e+01
   9.0695530e+06   5.7312012e+01
   9.0695670e+06   2.0935059e+01
   9.0696000e+06   2.6184082e+01
   9.0696260e+06   4.0161133e+01
   9.0696520e+06   2.4291992e+01
   9.0697310e+06   2.5573730e+01
   9.0698110e+06   3.5705566e+01
   9.0698700e+06   2.0935059e+01
   9.0698810e+06   2.0996094e+01
   9.0699110e+06   3.0212402e+01
   9.0699660e+06   2.5573730e+01
   9.0700140e+06   3.7536621e+01
   9.0703510e+06   2.0874023e+01
   9.0704870e+06   2.1484375e+01
   9.0706030e+06   2.1911621e+01
   9.0707140e+06   2.2644043e+01
   9.0710110e+06   2.2521973e+01
   9.0711690e+06   2.3986816e+01
   9.1789370e+06   2.6977539e+01
   9.2623640e+06   4.8583984e+01
   9.2887910e+06   2.3132324e+01
   9.3160220e+06   2.3803711e+01
   9.3475880e+06   2.4841309e+01
   9.3835880e+06   2.6367188e+01
   9.4716590e+06   2.1301270e+01
   9.4851430e+06   2.1240234e+01
   9.4853920e+06   2.1423340e+01
   9.4998170e+06   2.1972656e+01
   9.5006980e+06   2.3681641e+01
   9.5239490e+06   2.5268555e+01
   9.5352280e+06   2.2705078e+01
   9.5531500e+06   2.4291992e+01
   9.5706910e+06   2.6977539e+01
   9.5714120e+06   2.5085449e+01
   9.5952240e+06   2.3742676e+01
   9.6104560e+06   2.4780273e+01
   9.6115750e+06   2.5390625e+01
   9.6267430e+06   2.0751953e+01
   9.6465600e+06   2.7343750e+01
   9.6833510e+06   2.5207520e+01
   9.7233130e+06   2.2583008e+01
   9.7236350e+06   2.3803711e+01
   9.7239040e+06   2.6000977e+01
   9.7586600e+06   2.3315430e+01
   9.7838430e+06   2.5024414e+01
   9.8181830e+06   2.3925781e+01
   9.8297660e+06   2.7099609e+01
   9.8525360e+06   2.4536133e+01
   9.8538460e+06   2.7282715e+01
   9.8993620e+06   2.4536133e+01
   9.9242530e+06   2.2888184e+01
   9.9268900e+06   2.2583008e+01
   9.9594250e+06   2.1240234e+01
   9.9899890e+06   2.0812988e+01
   9.9902850e+06   2.2827148e+01
   1.0020959e+07   2.4719238e+01
   1.0135712e+07   2.6000977e+01
   1.0139769e+07   2.4169922e+01
   1.0184143e+07   2.8686523e+01
   1.0229093e+07   2.7893066e+01
   1.0259285e+07   2.5695801e+01
   1.0273104e+07   2.3193359e+01
   1.0273144e+07   4.6875000e+01
   1.0273157e+07   2.2827148e+01
   1.0273189e+07   2.6428223e+01
   1.0273231e+07   2.1240234e+01
   1.0273278e+07   2.2583008e+01
   1.0273288e+07   2.6062012e+01
   1.0273303e+07   2.9785156e+01
   1.0273329e+07   2.3925781e+01
   1.0273377e+07   3.9306641e+01
   1.0273418e+07   2.0751953e+01
   1.0273448e+07   4.9682617e+01
   1.0273501e+07   2.1728516e+01
   1.0273523e+07   3.1372070e+01
   1.0273558e+07   3.4118652e+01
   1.0273662e+07   3.7658691e+01
   1.0273762e+07   3.2592773e+01
   1.0273885e+07   2.9418945e+01
   1.0273954e+07   2.0874023e+01
   1.0273989e+07   3.2409668e+01
   1.0274017e+07   2.1179199e+01
   1.0274140e+07   2.1423340e+01
   1.0274234e+07   3.4301758e+01
   1.0274244e+07   2.1972656e+01
   1.0274375e+07   2.2705078e+01
   1.0274501e+07   2.2094727e+01
   1.0274754e+07   2.1362305e+01
   1.0274951e+07   2.2705078e+01
   1.0387769e+07   2.3315430e+01
   1.0425647e+07   2.1423340e+01
   1.0436476e+07   2.4108887e+01
   1.0460704e+07   2.2216797e+01
   1.0508859e+07   2.5939941e+01
   1.0528030e+07   2.3986816e+01
   1.0546308e+07   2.7770996e+01
   1.0560624e+07   2.6367188e+01
   1.0581485e+07   2.3315430e+01
   1.0599584e+07   2.2888184e+01
   1.0638596e+07   2.4230957e+01
   1.0665798e+07   2.0874023e+01
   1.0711240e+07   2.1362305e+01
   1.0764262e+07   2.1728516e+01
   1.0845044e+07   2.5390625e+01
   1.0917350e+07   2.1911621e+01
   1.1026914e+07   2.1850586e+01
   1.1071461e+07   2.4047852e+01
   1.1107655e+07   2.5451660e+01
   1.1108911e+07   2.3010254e+01
   1.1109358e+07   2.0629883e+01
   1.1127780e+07   2.2277832e+01
   1.1205493e+07   2.0812988e+01
   1.1294780e+07   2.5756836e+01
   1.1331155e+07   2.2033691e+01
   1.1474762e+07   2.5146484e+01
   1.1474823e+07   4.7729492e+01
   1.1474863e+07   2.3559570e+01
   1.1474953e+07   2.5024414e+01
   1.1474970e+07   2.2033691e+01
   1.1474993e+07   2.3376465e+01
   1.1475028e+07   2.4719238e+01
   1.1475075e+07   2.3864746e+01
   1.1475101e+07   3.3752441e+01
   1.1475111e+07   2.8076172e+01
   1.1475188e+07   3.7658691e+01
   1.1475218e+07   2.2521973e+01
   1.1475268e+07   3.8208008e+01
   1.1475348e+07   2.4169922e+01
   1.1475360e+07   2.5695801e+01
   1.1475395e+07   2.2827148e+01
   1.1475458e+07   2.6550293e+01
   1.1475851e+07   2.1423340e+01
   1.1476008e+07   2.1362305e+01
   1.1476108e+07   2.2155762e+01
   1.1476229e+07   2.0812988e+01
   1.1582420e+07   2.3681641e+01
   1.1582440e+07   4.8767090e+01
   1.1582464e+07   2.0690918e+01
   1.1582481e+07   2.8259277e+01
   1.1582523e+07   2.0812988e+01
   1.1582540e+07   3.1372070e+01
   1.1582560e+07   4.8828125e+01
   1.1582583e+07   2.1789551e+01
   1.1582607e+07   2.1057129e+01
   1.1582619e+07   2.0996094e+01
   1.1582655e+07   2.5512695e+01
   1.1582680e+07   3.4423828e+01
   1.1582709e+07   3.1616211e+01
   1.1582772e+07   3.1921387e+01
   1.1582858e+07   2.6977539e+01
   1.1582878e+07   2.5024414e+01
   1.1582951e+07   2.5878906e+01
   1.1583007e+07   2.5939941e+01
   1.1583048e+07   2.6428223e+01
   1.1583134e+07   3.3386230e+01
   1.1991956e+07   2.3010254e+01
