   1.1999000e+07   0.0000000e+00
   3.1590000e+03   5.7250977e+01
   1.4787000e+04   2.6123047e+01
   1.4873000e+04   3.6376953e+01
   1.5012000e+04   2.7648926e+01
   1.5504000e+04   5.9020996e+01
   1.5878000e+04   5.3588867e+01
   1.6583000e+04   6.1157227e+01
   1.6965000e+04   2.6062012e+01
   1.6996000e+04   5.1269531e+01
   1.7473000e+04   5.5236816e+01
   3.8147000e+04   5.2490234e+01
   3.8628000e+04   5.6823730e+01
   5.7066000e+04   3.0456543e+01
   5.7498000e+04   6.0791016e+01
   5.7899000e+04   5.9265137e+01
   6.1621000e+04   2.9113770e+01
   6.1818000e+04   2.6611328e+01
   6.1979000e+04   5.7189941e+01
   7.8950000e+04   2.7648926e+01
   7.9304000e+04   6.0302734e+01
   7.9847000e+04   5.4809570e+01
   8.1144000e+04   5.3894043e+01
   8.1484000e+04   4.8278809e+01
   9.8795000e+04   5.2429199e+01
   1.1301700e+05   6.2072754e+01
   1.1344500e+05   5.6701660e+01
   1.2448700e+05   3.1738281e+01
   1.2458000e+05   3.1005859e+01
   1.2522300e+05   6.4086914e+01
   1.2552800e+05   5.7556152e+01
   1.2756600e+05   3.1311035e+01
   1.2797400e+05   6.2133789e+01
   1.3870000e+05   4.7912598e+01
   1.3873700e+05   2.7832031e+01
   1.3882700e+05   2.3620605e+01
   1.3890300e+05   2.8503418e+01
   1.3898700e+05   3.3935547e+01
   1.3906000e+05   2.9846191e+01
   1.3912800e+05   3.7841797e+01
   1.3920700e+05   2.3498535e+01
   1.4872000e+05   5.2124023e+01
   1.4932700e+05   2.3620605e+01
   1.5832900e+05   3.4545898e+01
   2.1222100e+05   5.2062988e+01
   2.1265100e+05   5.3710938e+01
   2.1316200e+05   2.3803711e+01
   2.1332200e+05   5.8471680e+01
   2.1360300e+05   3.2470703e+01
   2.1396200e+05   3.8146973e+01
   2.3658000e+05   2.7832031e+01
   2.3716400e+05   5.9997559e+01
   2.5123300e+05   5.5358887e+01
   2.5159700e+05   4.6203613e+01
   2.5242600e+05   5.8349609e+01
   2.5361800e+05   5.3039551e+01
   2.5397500e+05   4.0222168e+01
   2.7184700e+05   2.5695801e+01
   2.7196000e+05   2.3681641e+01
   2.7198800e+05   2.9418945e+01
   2.7241900e+05   5.3100586e+01
   2.7276100e+05   5.0598145e+01
   2.9088500e+05   2.4719238e+01
   2.9135200e+05   5.4443359e+01
   2.9181300e+05   5.8044434e+01
   3.0537400e+05   2.5146484e+01
   3.0604300e+05   6.2927246e+01
   3.0653900e+05   6.4819336e+01
   3.1816000e+05   2.4108887e+01
   3.1831200e+05   3.2348633e+01
   3.1931600e+05   6.2988281e+01
   3.1972300e+05   5.7067871e+01
   3.3021500e+05   5.8898926e+01
   3.3065200e+05   5.6823730e+01
   3.3354500e+05   5.8532715e+01
   3.3393100e+05   5.3649902e+01
   3.4766000e+05   2.9113770e+01
   3.4798500e+05   6.0180664e+01
   3.4823000e+05   4.7302246e+01
   3.4887900e+05   5.5419922e+01
   3.6002800e+05   2.7709961e+01
   3.6031000e+05   2.8808594e+01
   3.6064900e+05   3.6560059e+01
   3.6102700e+05   5.5480957e+01
   3.7334700e+05   2.4414063e+01
   3.7375400e+05   5.6762695e+01
   3.7418500e+05   5.9570313e+01
   3.7684100e+05   2.7770996e+01
   3.7706000e+05   6.0302734e+01
   3.8972500e+05   2.7526855e+01
   3.9027800e+05   6.0424805e+01
   3.9469200e+05   5.4382324e+01
   4.0318700e+05   2.5329590e+01
   4.0322600e+05   2.4108887e+01
   4.0331000e+05   2.5085449e+01
   4.0333800e+05   3.8818359e+01
   4.0342100e+05   2.8320313e+01
   4.0347300e+05   2.3742676e+01
   4.0348600e+05   3.3508301e+01
   4.0355600e+05   2.8808594e+01
   4.0363900e+05   2.5573730e+01
   4.1299500e+05   3.8269043e+01
   4.1320300e+05   3.0456543e+01
   4.1367600e+05   3.0212402e+01
   4.1372200e+05   3.1005859e+01
   4.1374300e+05   2.4414063e+01
   4.1376100e+05   2.4414063e+01
   4.1383100e+05   2.3803711e+01
   4.2366100e+05   4.3090820e+01
   4.2383200e+05   2.5024414e+01
   4.2391100e+05   2.6855469e+01
   4.2399000e+05   3.6071777e+01
   4.4523800e+05   3.0456543e+01
   4.4534700e+05   2.7465820e+01
   4.4556100e+05   2.5756836e+01
   4.4600500e+05   4.1381836e+01
   4.4622300e+05   2.9846191e+01
   4.4691900e+05   3.0883789e+01
   4.9741700e+05   2.9479980e+01
   4.9790300e+05   4.7119141e+01
   4.9814800e+05   4.4372559e+01
   4.9840900e+05   3.5034180e+01
   4.9961700e+05   3.6499023e+01
   5.0018100e+05   5.0476074e+01
   5.0119200e+05   5.7067871e+01
   5.2498000e+05   2.7893066e+01
   5.2545300e+05   4.9072266e+01
   5.2577700e+05   4.6142578e+01
   5.2625100e+05   5.6579590e+01
   5.2689700e+05   5.8349609e+01
   5.2745800e+05   5.7250977e+01
   5.2847100e+05   5.2795410e+01
   5.2893600e+05   4.0893555e+01
   5.5515700e+05   5.2917480e+01
   5.5556500e+05   5.5725098e+01
   5.5604400e+05   5.6457520e+01
   5.7323500e+05   5.2917480e+01
   5.7371800e+05   5.4565430e+01
   5.7440400e+05   5.3466797e+01
   5.8874700e+05   3.1066895e+01
   5.8886200e+05   2.4353027e+01
   5.8948200e+05   5.3771973e+01
   5.8982900e+05   5.5847168e+01
   5.9044700e+05   5.7922363e+01
   6.0298500e+05   2.9846191e+01
   6.0380300e+05   5.0842285e+01
   6.0414000e+05   5.0537109e+01
   6.1693600e+05   2.8808594e+01
   6.1703100e+05   2.6306152e+01
   6.1742700e+05   5.5908203e+01
   6.1779700e+05   5.8044434e+01
   6.1817600e+05   5.9082031e+01
   6.1925600e+05   5.9020996e+01
   6.2111000e+05   6.0485840e+01
   6.3355200e+05   2.3925781e+01
   6.3439100e+05   5.3955078e+01
   6.3472700e+05   5.2612305e+01
   6.3575000e+05   2.5207520e+01
   6.3582600e+05   4.8950195e+01
   6.3804100e+05   5.3771973e+01
   6.3890400e+05   5.8654785e+01
   6.5302800e+05   5.5664063e+01
   6.5340400e+05   5.7678223e+01
   6.5373200e+05   6.1889648e+01
   6.5422700e+05   2.5939941e+01
   6.5437000e+05   2.6672363e+01
   6.5442400e+05   6.0180664e+01
   6.5489500e+05   5.5541992e+01
   6.5554800e+05   5.4687500e+01
   6.7440300e+05   2.6367188e+01
   6.7475700e+05   5.1879883e+01
   6.7503700e+05   5.2551270e+01
   6.7547600e+05   5.3771973e+01
   6.7606700e+05   3.0944824e+01
   6.7645400e+05   5.5297852e+01
   6.7691200e+05   3.1494141e+01
   6.7703000e+05   5.1635742e+01
   6.7746400e+05   5.4321289e+01
   7.0109200e+05   2.3498535e+01
   7.0122000e+05   5.0964355e+01
   7.0147800e+05   5.4199219e+01
   7.0174300e+05   4.5532227e+01
   7.0263400e+05   2.5878906e+01
   7.2761300e+05   2.4169922e+01
   7.2783800e+05   5.7006836e+01
   7.2805300e+05   5.5480957e+01
   7.2830600e+05   2.6611328e+01
   7.2866300e+05   5.6030273e+01
   7.2923300e+05   3.2226563e+01
   7.2966900e+05   5.3466797e+01
   7.3004800e+05   5.3100586e+01
   7.3161900e+05   5.6884766e+01
   7.5308200e+05   2.5939941e+01
   7.5340000e+05   5.7312012e+01
   7.5361400e+05   5.2185059e+01
   7.5385000e+05   5.6335449e+01
   7.5418700e+05   5.7067871e+01
   7.5457500e+05   5.5725098e+01
   7.5470400e+05   2.4658203e+01
   7.5496300e+05   5.8898926e+01
   7.5515100e+05   2.4658203e+01
   7.5542400e+05   5.4687500e+01
   7.5651000e+05   5.8593750e+01
   7.7011400e+05   2.6977539e+01
   7.7032700e+05   5.7128906e+01
   7.7056800e+05   5.9082031e+01
   7.7077100e+05   5.3039551e+01
   7.7109500e+05   4.9316406e+01
   7.7159100e+05   5.3588867e+01
   8.0187300e+05   3.0822754e+01
   8.0194500e+05   2.4902344e+01
   8.0217900e+05   5.3955078e+01
   8.0241200e+05   5.3833008e+01
   8.0268800e+05   5.4260254e+01
   8.0302400e+05   5.3222656e+01
   8.0369100e+05   4.6325684e+01
   8.0443800e+05   5.9326172e+01
   8.0493900e+05   4.9377441e+01
   8.2834000e+05   2.9663086e+01
   8.2870100e+05   2.6672363e+01
   8.2903900e+05   5.7006836e+01
   8.2923800e+05   5.1757813e+01
   8.2936000e+05   2.7343750e+01
   8.2946400e+05   5.5480957e+01
   8.2983000e+05   5.2001953e+01
   8.3065000e+05   5.3344727e+01
   8.3115900e+05   6.0607910e+01
   8.5888500e+05   2.8320313e+01
   8.5917500e+05   5.5175781e+01
   8.5937600e+05   5.2917480e+01
   8.5961800e+05   5.7739258e+01
   8.5986500e+05   5.4382324e+01
   8.6018200e+05   5.7006836e+01
   8.6064400e+05   5.7556152e+01
   8.6108000e+05   5.6091309e+01
   8.6144500e+05   5.0964355e+01
   8.6201800e+05   5.3344727e+01
   8.6255000e+05   5.8593750e+01
   8.6310900e+05   5.5969238e+01
   8.9430000e+05   2.4780273e+01
   8.9445400e+05   3.3142090e+01
   8.9448800e+05   4.8889160e+01
   8.9466800e+05   5.6335449e+01
   8.9477900e+05   2.9968262e+01
   8.9488300e+05   5.2673340e+01
   8.9523900e+05   4.8828125e+01
   8.9567900e+05   5.2673340e+01
   8.9604000e+05   2.5146484e+01
   8.9624200e+05   4.9377441e+01
   9.1974800e+05   2.4658203e+01
   9.1982300e+05   5.6518555e+01
   9.2004100e+05   5.5175781e+01
   9.2014100e+05   3.1677246e+01
   9.2028800e+05   6.0363770e+01
   9.2058800e+05   5.5603027e+01
   9.2100300e+05   5.5114746e+01
   9.2105700e+05   3.0944824e+01
   9.2143300e+05   5.1696777e+01
   9.2164700e+05   2.8137207e+01
   9.4604800e+05   2.8442383e+01
   9.4621300e+05   2.8564453e+01
   9.4623200e+05   5.5236816e+01
   9.4644800e+05   5.2917480e+01
   9.4646500e+05   3.4301758e+01
   9.4673100e+05   5.4931641e+01
   9.4710600e+05   5.7495117e+01
   9.4750200e+05   5.2368164e+01
   9.4789200e+05   4.8095703e+01
   9.4835400e+05   5.2551270e+01
   9.7555000e+05   2.6428223e+01
   9.7575200e+05   3.2226563e+01
   9.7582000e+05   5.2307129e+01
   9.7600800e+05   5.3161621e+01
   9.7621800e+05   5.2062988e+01
   9.7643500e+05   5.2917480e+01
   9.7671100e+05   5.0109863e+01
   9.7712100e+05   5.5847168e+01
   9.7769700e+05   5.4382324e+01
   9.9972700e+05   2.9541016e+01
   9.9992000e+05   2.5817871e+01
   1.0003550e+06   6.0668945e+01
   1.0005620e+06   5.3833008e+01
   1.0007510e+06   4.6142578e+01
   1.0009920e+06   5.0292969e+01
   1.0012940e+06   5.1574707e+01
   1.0017690e+06   5.7312012e+01
   1.0029030e+06   5.4565430e+01
   1.0034110e+06   5.4809570e+01
   1.0185470e+06   2.3864746e+01
   1.0185590e+06   3.0761719e+01
   1.0188660e+06   5.2734375e+01
   1.0189330e+06   2.4169922e+01
   1.0190720e+06   4.9133301e+01
   1.0193470e+06   4.9438477e+01
   1.0195700e+06   2.5329590e+01
   1.0197180e+06   5.1269531e+01
   1.0202480e+06   5.9631348e+01
   1.0416760e+06   2.7099609e+01
   1.0418060e+06   5.4443359e+01
   1.0419860e+06   2.8259277e+01
   1.0420290e+06   5.3405762e+01
   1.0421840e+06   2.3498535e+01
   1.0422900e+06   5.0048828e+01
   1.0426410e+06   4.9499512e+01
   1.0430150e+06   5.1330566e+01
   1.0435170e+06   5.8166504e+01
   1.0440130e+06   5.1574707e+01
   1.0445910e+06   5.6762695e+01
   1.0451930e+06   5.4443359e+01
   1.0686970e+06   2.8869629e+01
   1.0688770e+06   2.6672363e+01
   1.0693230e+06   2.7282715e+01
   1.0696100e+06   5.4687500e+01
   1.0698070e+06   5.8471680e+01
   1.0700390e+06   5.3161621e+01
   1.0703340e+06   5.2795410e+01
   1.0706900e+06   4.9804688e+01
   1.0944920e+06   2.9724121e+01
   1.0946310e+06   2.4780273e+01
   1.0947690e+06   2.7282715e+01
   1.0951900e+06   5.0170898e+01
   1.0954060e+06   5.5603027e+01
   1.0956750e+06   5.2124023e+01
   1.0959550e+06   5.1696777e+01
   1.0963510e+06   5.2368164e+01
   1.0968860e+06   5.4077148e+01
   1.0974200e+06   5.2368164e+01
   1.0979620e+06   5.2368164e+01
   1.1231810e+06   3.8269043e+01
   1.1232250e+06   6.1218262e+01
   1.1234280e+06   5.0842285e+01
   1.1234470e+06   2.4108887e+01
   1.1236930e+06   5.6213379e+01
   1.1240220e+06   5.8105469e+01
   1.1435360e+06   2.6977539e+01
   1.1440570e+06   5.6762695e+01
   1.1442680e+06   5.1818848e+01
   1.1445460e+06   5.4016113e+01
   1.1449120e+06   5.3649902e+01
   1.1453980e+06   5.1879883e+01
   1.1662720e+06   3.3935547e+01
   1.1663670e+06   2.3986816e+01
   1.1670490e+06   6.1218262e+01
   1.1672550e+06   5.4321289e+01
   1.1675580e+06   4.9804688e+01
   1.1836370e+06   2.8076172e+01
   1.1839770e+06   5.7983398e+01
   1.1842160e+06   5.6152344e+01
   1.1846180e+06   5.1696777e+01
   1.1852040e+06   4.9743652e+01
   1.1904410e+06   5.7861328e+01
   1.1907220e+06   5.2001953e+01
   1.2150530e+06   2.7099609e+01
   1.2155960e+06   5.6335449e+01
   1.2158770e+06   4.9743652e+01
   1.2175060e+06   2.6733398e+01
   1.2330640e+06   3.4790039e+01
   1.2338910e+06   5.3894043e+01
   1.2341880e+06   5.4016113e+01
   1.2350430e+06   5.2124023e+01
   1.2472120e+06   5.7067871e+01
   1.2475580e+06   5.2795410e+01
   1.2480500e+06   5.4748535e+01
   1.2617610e+06   5.5053711e+01
   1.2621810e+06   3.4851074e+01
   1.2622450e+06   2.7709961e+01
   1.2623180e+06   2.4780273e+01
   1.2739460e+06   4.0954590e+01
   1.3204570e+06   6.3903809e+01
   1.3214350e+06   6.1035156e+01
   1.3215340e+06   3.1005859e+01
   1.3218430e+06   6.0424805e+01
   1.3223070e+06   5.1391602e+01
   1.3387490e+06   2.5817871e+01
   1.3405790e+06   5.9143066e+01
   1.3526740e+06   2.7160645e+01
   1.3526920e+06   4.9926758e+01
   1.3528700e+06   2.5024414e+01
   1.3530000e+06   3.4240723e+01
   1.3530790e+06   2.4780273e+01
   1.3531540e+06   3.1372070e+01
   1.3532250e+06   2.5573730e+01
   1.3532920e+06   2.5817871e+01
   1.3699450e+06   2.9174805e+01
   1.3701050e+06   2.5695801e+01
   1.3706880e+06   4.4128418e+01
   1.3709330e+06   3.5034180e+01
   1.3711990e+06   3.2531738e+01
   1.4287760e+06   3.1982422e+01
   1.4289860e+06   2.8625488e+01
   1.4295670e+06   2.6916504e+01
   1.4326330e+06   5.5175781e+01
   1.4328340e+06   3.8391113e+01
   1.4331020e+06   2.3559570e+01
   1.4334270e+06   3.4851074e+01
   1.4337350e+06   2.7526855e+01
   1.4348650e+06   3.8635254e+01
   1.4363290e+06   5.1513672e+01
   1.4584710e+06   3.3630371e+01
   1.4591940e+06   2.3681641e+01
   1.4603600e+06   2.4780273e+01
   1.4604950e+06   3.0090332e+01
   1.4607030e+06   5.4260254e+01
   1.4609100e+06   3.9367676e+01
   1.4611270e+06   2.9846191e+01
   1.4613840e+06   2.4047852e+01
   1.4617850e+06   3.5766602e+01
   1.4624060e+06   4.9560547e+01
   1.4630560e+06   5.1391602e+01
   1.4821830e+06   2.5756836e+01
   1.4822360e+06   6.0607910e+01
   1.4823840e+06   2.4780273e+01
   1.4824650e+06   4.6875000e+01
   1.4825800e+06   2.5451660e+01
   1.4826850e+06   3.5034180e+01
   1.4829960e+06   2.8442383e+01
   1.4830910e+06   4.1809082e+01
   1.4836410e+06   4.9438477e+01
   1.4840160e+06   3.5766602e+01
   1.4847510e+06   2.5512695e+01
   1.4851050e+06   2.8137207e+01
   1.4856590e+06   4.7729492e+01
   1.5047450e+06   3.0090332e+01
   1.5049130e+06   2.6367188e+01
   1.5063290e+06   5.7861328e+01
   1.5064970e+06   2.4719238e+01
   1.5067480e+06   6.3842773e+01
   1.5070090e+06   4.0222168e+01
   1.5073260e+06   2.8442383e+01
   1.5077650e+06   3.6682129e+01
   1.5081870e+06   4.6569824e+01
   1.5281890e+06   3.1860352e+01
   1.5297010e+06   2.5146484e+01
   1.5299870e+06   2.4841309e+01
   1.5301140e+06   4.7790527e+01
   1.5303920e+06   3.4912109e+01
   1.5311350e+06   4.8278809e+01
   1.5316310e+06   2.3559570e+01
   1.5317770e+06   5.7617188e+01
   1.5496490e+06   2.5756836e+01
   1.5496690e+06   6.4758301e+01
   1.5499840e+06   4.7241211e+01
   1.5503410e+06   5.1086426e+01
   1.5507440e+06   4.3518066e+01
   1.5511340e+06   3.7170410e+01
   1.5515100e+06   4.5104980e+01
   1.5520180e+06   4.9072266e+01
   1.5614010e+06   2.5268555e+01
   1.5737260e+06   2.5146484e+01
   1.5741130e+06   2.5207520e+01
   1.5742160e+06   5.2856445e+01
   1.5745130e+06   3.8879395e+01
   1.5747340e+06   2.5573730e+01
   1.5747650e+06   2.3498535e+01
   1.5754040e+06   4.7363281e+01
   1.5909770e+06   2.4597168e+01
   1.5912190e+06   2.3559570e+01
   1.5916040e+06   4.7241211e+01
   1.5918770e+06   4.2480469e+01
   1.5921670e+06   3.1921387e+01
   1.5926300e+06   3.7902832e+01
   1.6229270e+06   2.3620605e+01
   1.6233400e+06   5.6518555e+01
   1.6235970e+06   4.0222168e+01
   1.6238410e+06   3.0334473e+01
   1.6242260e+06   4.7851563e+01
   1.6246840e+06   4.4128418e+01
   1.6254890e+06   4.6875000e+01
   1.6260420e+06   4.9011230e+01
   1.6503410e+06   4.5471191e+01
   1.6504730e+06   2.3559570e+01
   1.6505640e+06   3.7841797e+01
   1.6508080e+06   2.6306152e+01
   1.6511680e+06   3.4179688e+01
   1.6514870e+06   3.9184570e+01
   1.6518520e+06   4.1198730e+01
   1.6523490e+06   5.0415039e+01
   1.6527990e+06   4.1076660e+01
   1.6535390e+06   4.8461914e+01
   1.6542890e+06   5.3222656e+01
   1.6565760e+06   5.3344727e+01
   1.6823470e+06   2.6123047e+01
   1.6825340e+06   2.3742676e+01
   1.6826870e+06   5.4992676e+01
   1.6829140e+06   2.3681641e+01
   1.6829360e+06   4.1198730e+01
   1.6832180e+06   4.8278809e+01
   1.6835140e+06   3.8940430e+01
   1.7264810e+06   2.9479980e+01
   1.7266900e+06   2.4414063e+01
   1.7267610e+06   5.1391602e+01
   1.7268940e+06   2.4047852e+01
   1.7269870e+06   4.0161133e+01
   1.7274580e+06   2.6672363e+01
   1.7277700e+06   2.4047852e+01
   1.7277970e+06   3.8208008e+01
   1.7281300e+06   3.9489746e+01
   1.7285020e+06   5.0842285e+01
   1.7289450e+06   4.2541504e+01
   1.7294260e+06   4.4616699e+01
   1.7298960e+06   5.0292969e+01
   1.7305370e+06   4.9865723e+01
   1.7620470e+06   3.1433105e+01
   1.7623340e+06   5.0415039e+01
   1.7624970e+06   2.3864746e+01
   1.7625770e+06   4.1564941e+01
   1.7628170e+06   2.5390625e+01
   1.7632250e+06   3.4729004e+01
   1.7637330e+06   4.1809082e+01
   1.7945580e+06   2.6306152e+01
   1.7946990e+06   3.0273438e+01
   1.7949140e+06   5.3588867e+01
   1.7951480e+06   2.7709961e+01
   1.7954040e+06   4.1076660e+01
   1.7958710e+06   4.1381836e+01
   1.7966140e+06   4.7119141e+01
   1.7969470e+06   3.7475586e+01
   1.8536960e+06   2.3803711e+01
   1.8538610e+06   2.5939941e+01
   1.8539400e+06   4.6691895e+01
   1.8546710e+06   2.6428223e+01
   1.8564690e+06   2.6428223e+01
   1.8572200e+06   4.2785645e+01
   1.8577310e+06   4.1381836e+01
   1.8889910e+06   2.4597168e+01
   1.8892960e+06   3.0578613e+01
   1.8893600e+06   5.1025391e+01
   1.8896100e+06   3.7597656e+01
   1.8900350e+06   5.0720215e+01
   1.8904980e+06   4.7302246e+01
   1.8909200e+06   3.2775879e+01
   1.8912660e+06   2.9968262e+01
   1.9274240e+06   2.8869629e+01
   1.9277340e+06   3.0822754e+01
   1.9278720e+06   5.0598145e+01
   1.9280010e+06   2.6428223e+01
   1.9281780e+06   4.1564941e+01
   1.9284830e+06   3.5095215e+01
   1.9285130e+06   2.3620605e+01
   1.9288180e+06   3.1494141e+01
   1.9292690e+06   4.0466309e+01
   1.9296830e+06   2.7893066e+01
   1.9305060e+06   4.4982910e+01
   1.9310190e+06   4.5043945e+01
   1.9315830e+06   4.3518066e+01
   1.9666540e+06   2.8015137e+01
   1.9668650e+06   2.4108887e+01
   1.9669700e+06   5.8471680e+01
   1.9672290e+06   5.1879883e+01
   1.9675210e+06   4.6447754e+01
   1.9675460e+06   2.3803711e+01
   1.9678250e+06   5.2612305e+01
   1.9680990e+06   3.1250000e+01
   1.9684410e+06   3.4545898e+01
   1.9688300e+06   4.1687012e+01
   2.0095800e+06   2.6794434e+01
   2.0102800e+06   3.4362793e+01
   2.0105910e+06   2.6184082e+01
   2.0107290e+06   2.4963379e+01
   2.0108340e+06   5.0292969e+01
   2.0110650e+06   3.8330078e+01
   2.0112990e+06   2.9907227e+01
   2.0120200e+06   3.9001465e+01
   2.0123200e+06   2.7404785e+01
   2.0126990e+06   4.5104980e+01
   2.0131330e+06   4.4677734e+01
   2.0135230e+06   4.4433594e+01
   2.0141330e+06   4.9621582e+01
   2.0147010e+06   4.5166016e+01
   2.0634230e+06   3.0639648e+01
   2.0640880e+06   2.8381348e+01
   2.0644240e+06   5.8532715e+01
   2.0644710e+06   2.3498535e+01
   2.0646750e+06   4.4616699e+01
   2.0649150e+06   2.7099609e+01
   2.0652580e+06   3.9489746e+01
   2.0656350e+06   3.3630371e+01
   2.0667140e+06   3.6010742e+01
   2.0672000e+06   5.1391602e+01
   2.0682090e+06   4.8889160e+01
   2.0697560e+06   2.4536133e+01
   2.1174750e+06   2.6123047e+01
   2.1180390e+06   3.0578613e+01
   2.1189320e+06   5.9570313e+01
   2.1191170e+06   3.3813477e+01
   2.1192720e+06   2.6489258e+01
   2.1193770e+06   3.1372070e+01
   2.1198630e+06   2.4719238e+01
   2.1209060e+06   3.7475586e+01
   2.1235710e+06   4.7973633e+01
   2.1639380e+06   2.7893066e+01
   2.1643060e+06   5.1330566e+01
   2.1644120e+06   2.3803711e+01
   2.1645470e+06   4.4860840e+01
   2.1646110e+06   2.7160645e+01
   2.1647820e+06   2.7954102e+01
   2.1652080e+06   2.4597168e+01
   2.1653390e+06   2.3498535e+01
   2.1655110e+06   3.2836914e+01
   2.1658120e+06   3.6132813e+01
   2.1662540e+06   4.4494629e+01
   2.1667740e+06   4.7546387e+01
   2.1672520e+06   5.1818848e+01
   2.1678080e+06   4.9560547e+01
   2.1955330e+06   3.1433105e+01
   2.1959430e+06   5.6274414e+01
   2.1960410e+06   2.7221680e+01
   2.1961850e+06   3.6804199e+01
   2.1964950e+06   4.6264648e+01
   2.1976820e+06   4.1870117e+01
   2.1994670e+06   5.6152344e+01
   2.2269820e+06   2.8503418e+01
   2.2271920e+06   3.0883789e+01
   2.2272500e+06   5.9143066e+01
   2.2274540e+06   4.4921875e+01
   2.2277850e+06   3.7109375e+01
   2.2278230e+06   2.7099609e+01
   2.2281500e+06   5.3527832e+01
   2.2290120e+06   4.0893555e+01
   2.2294180e+06   3.0212402e+01
   2.2300900e+06   4.7607422e+01
   2.2307330e+06   5.5480957e+01
   2.2662700e+06   2.6306152e+01
   2.2672210e+06   6.6711426e+01
   2.3044820e+06   2.7526855e+01
   2.3047580e+06   2.3620605e+01
   2.3350550e+06   4.7424316e+01
   2.3352740e+06   2.8381348e+01
   2.3353050e+06   2.6000977e+01
   2.3353540e+06   3.5583496e+01
   2.3354270e+06   3.3203125e+01
   2.3354920e+06   2.8137207e+01
   2.3466170e+06   4.7424316e+01
   2.3469810e+06   3.8085937e+01
   2.3472320e+06   2.3620605e+01
   2.3475450e+06   2.6550293e+01
   2.3575120e+06   3.7597656e+01
   2.3576530e+06   2.4108887e+01
   2.3577070e+06   2.3803711e+01
   2.3577680e+06   2.5146484e+01
   2.3581200e+06   2.8991699e+01
   2.5079590e+06   3.2775879e+01
   2.5377170e+06   2.4536133e+01
   2.5866510e+06   5.8288574e+01
   2.5871510e+06   5.5236816e+01
   2.5877670e+06   5.6823730e+01
   2.5880480e+06   3.9428711e+01
   2.5895400e+06   4.5410156e+01
   2.5900430e+06   5.0964355e+01
   2.5906140e+06   5.2490234e+01
   2.6314500e+06   3.0822754e+01
   2.6351090e+06   2.3803711e+01
   2.6375260e+06   3.1188965e+01
   2.6382560e+06   5.7189941e+01
   2.6900500e+06   2.7832031e+01
   2.6950920e+06   5.5725098e+01
   2.7382340e+06   5.4565430e+01
   2.7384020e+06   3.3447266e+01
   2.7394060e+06   3.2470703e+01
   2.7397230e+06   5.0903320e+01
   2.7401340e+06   5.0781250e+01
   2.7406340e+06   4.9499512e+01
   2.7415170e+06   5.5847168e+01
   2.7594990e+06   2.8747559e+01
   2.7601670e+06   2.4658203e+01
   2.7605710e+06   5.5664062e+01
   2.7608310e+06   3.4240723e+01
   2.7608740e+06   2.6245117e+01
   2.7611780e+06   3.6499023e+01
   2.7615110e+06   2.9357910e+01
   2.7618510e+06   3.2043457e+01
   2.7622640e+06   4.1015625e+01
   2.7628180e+06   4.8400879e+01
   2.7639270e+06   5.3833008e+01
   2.8424050e+06   2.4230957e+01
   2.8425860e+06   2.6794434e+01
   2.8429480e+06   5.5908203e+01
   2.8431660e+06   3.4301758e+01
   2.8436090e+06   4.1320801e+01
   2.8539640e+06   3.9855957e+01
   2.8541990e+06   2.7526855e+01
   2.8543460e+06   2.4475098e+01
   2.8544850e+06   2.4658203e+01
   2.8544990e+06   2.3559570e+01
   2.8646860e+06   4.3090820e+01
   2.8647660e+06   2.4597168e+01
   2.8648210e+06   2.8991699e+01
   2.8649190e+06   3.2653809e+01
   2.8649540e+06   3.2775879e+01
   2.8650660e+06   2.5024414e+01
   3.0183920e+06   4.9926758e+01
   3.0184950e+06   2.6489258e+01
   3.0185740e+06   3.9245605e+01
   3.0185980e+06   3.1066895e+01
   3.0186890e+06   3.9550781e+01
   3.0187760e+06   3.2287598e+01
   3.0188520e+06   2.8808594e+01
   3.0189200e+06   2.4353027e+01
   3.0189690e+06   2.3681641e+01
   3.0189990e+06   2.9235840e+01
   3.0325180e+06   2.4536133e+01
   3.0325420e+06   3.8146973e+01
   3.0326460e+06   2.3986816e+01
   3.0326930e+06   2.4414063e+01
   3.0327370e+06   2.3925781e+01
   3.0327930e+06   2.4902344e+01
   3.0329000e+06   2.5207520e+01
   3.1360210e+06   5.7983398e+01
   3.1369860e+06   3.9733887e+01
   3.1370130e+06   2.3986816e+01
   3.1370340e+06   2.4353027e+01
   3.1371430e+06   2.6428223e+01
   3.1371960e+06   2.7099609e+01
   3.1372820e+06   2.5085449e+01
   3.1373570e+06   2.5573730e+01
   3.1374300e+06   3.2531738e+01
   3.1375060e+06   3.0883789e+01
   3.2251360e+06   2.5390625e+01
   3.2251460e+06   5.7189941e+01
   3.2253040e+06   4.5715332e+01
   3.2253380e+06   2.7526855e+01
   3.2254270e+06   3.2531738e+01
   3.2254990e+06   2.5939941e+01
   3.2255780e+06   2.8869629e+01
   3.2256690e+06   2.8381348e+01
   3.2479840e+06   2.8747559e+01
   3.2492010e+06   4.8095703e+01
   3.2492420e+06   2.7648926e+01
   3.2494210e+06   4.9804688e+01
   3.2495650e+06   2.4047852e+01
   3.2495950e+06   2.5146484e+01
   3.2497610e+06   3.4240723e+01
   3.3357100e+06   5.5114746e+01
   3.3360150e+06   4.3579102e+01
   3.3362960e+06   3.7963867e+01
   3.3363870e+06   2.3803711e+01
   3.3365040e+06   2.9174805e+01
   3.3365320e+06   2.3803711e+01
   3.3366330e+06   4.0222168e+01
   3.3366900e+06   2.6611328e+01
   3.3367180e+06   3.1250000e+01
   3.3367980e+06   2.6855469e+01
   3.3368760e+06   2.9174805e+01
   3.3371360e+06   2.5268555e+01
   3.4176180e+06   5.1818848e+01
   3.4179070e+06   3.7231445e+01
   3.4181300e+06   2.3559570e+01
   3.4194410e+06   4.7180176e+01
   3.4197530e+06   4.1870117e+01
   3.4200970e+06   5.3466797e+01
   3.4205130e+06   4.9133301e+01
   3.4526380e+06   5.7067871e+01
   3.4540270e+06   5.2490234e+01
   3.4542830e+06   3.7963867e+01
   3.4545680e+06   3.5522461e+01
   3.4548740e+06   3.4179688e+01
   3.4553560e+06   4.6813965e+01
   3.5041400e+06   5.7189941e+01
   3.5072150e+06   3.1860352e+01
   3.5347330e+06   5.2917480e+01
   3.5565330e+06   5.4199219e+01
   3.5568680e+06   5.4992676e+01
   3.5693710e+06   2.9968262e+01
   3.5814010e+06   2.3803711e+01
   3.5814690e+06   2.7709961e+01
   3.6372480e+06   6.0546875e+01
   3.6641970e+06   3.2104492e+01
   3.6652810e+06   6.0913086e+01
   3.7482020e+06   2.3559570e+01
   3.7496040e+06   6.4025879e+01
   3.7498990e+06   5.5297852e+01
   3.7547300e+06   5.9387207e+01
   3.7850170e+06   3.1127930e+01
   3.7985950e+06   2.7587891e+01
   3.8004930e+06   5.9387207e+01
   3.8011470e+06   5.1757813e+01
   3.8189800e+06   5.6762695e+01
   3.8216970e+06   3.1311035e+01
   3.8372460e+06   5.7495117e+01
   3.8375830e+06   5.2429199e+01
   3.8527780e+06   2.7648926e+01
   3.8538350e+06   5.8837891e+01
   3.8548240e+06   5.5969238e+01
   3.8707080e+06   5.6701660e+01
   3.8709660e+06   5.1757813e+01
   3.8965670e+06   5.0048828e+01
   3.8975970e+06   5.5053711e+01
   3.8981940e+06   5.7922363e+01
   3.9218020e+06   5.5419922e+01
   3.9221280e+06   5.0231934e+01
   3.9225980e+06   5.6335449e+01
   3.9230180e+06   5.6335449e+01
   3.9242830e+06   5.4992676e+01
   3.9419770e+06   3.2592773e+01
   3.9425030e+06   5.4992676e+01
   3.9427820e+06   4.8583984e+01
   3.9432290e+06   5.2429199e+01
   3.9442370e+06   5.6274414e+01
   3.9460950e+06   5.3588867e+01
   3.9736030e+06   2.6245117e+01
   3.9736740e+06   2.8991699e+01
   3.9739930e+06   5.5603027e+01
   3.9742610e+06   5.4382324e+01
   3.9745520e+06   5.0903320e+01
   3.9750910e+06   5.4260254e+01
   3.9754530e+06   3.7841797e+01
   3.9759050e+06   5.4931641e+01
   3.9763760e+06   5.8471680e+01
   3.9772040e+06   5.6518555e+01
   4.0010490e+06   2.4414063e+01
   4.0012610e+06   6.2438965e+01
   4.0015350e+06   4.5410156e+01
   4.0018520e+06   5.1513672e+01
   4.0023470e+06   6.0119629e+01
   4.0189760e+06   5.9143066e+01
   4.0194730e+06   5.2185059e+01
   4.0206740e+06   2.6611328e+01
   4.0219070e+06   5.8105469e+01
   4.0459040e+06   5.8410645e+01
   4.0461260e+06   5.8410645e+01
   4.0467310e+06   5.8227539e+01
   4.0483420e+06   2.9113770e+01
   4.0487630e+06   5.5053711e+01
   4.0762590e+06   6.1218262e+01
   4.0765340e+06   5.3710938e+01
   4.0781890e+06   5.9753418e+01
   4.0785290e+06   3.0700684e+01
   4.0786660e+06   5.9997559e+01
   4.0793860e+06   6.0180664e+01
   4.1070110e+06   5.9448242e+01
   4.1072540e+06   3.9794922e+01
   4.1076470e+06   5.1757813e+01
   4.1323320e+06   5.7739258e+01
   4.1326630e+06   4.8339844e+01
   4.1343590e+06   5.5664063e+01
   4.1490510e+06   2.5207520e+01
   4.1490790e+06   4.7729492e+01
   4.1493180e+06   2.6489258e+01
   4.1493900e+06   2.7465820e+01
   4.1494590e+06   2.5695801e+01
   4.1495280e+06   2.6489258e+01
   4.1496050e+06   2.8381348e+01
   4.1633150e+06   5.0476074e+01
   4.1636460e+06   3.5827637e+01
   4.1649940e+06   2.5939941e+01
   4.1857690e+06   2.8381348e+01
   4.1867180e+06   5.5603027e+01
   4.2367010e+06   5.1574707e+01
   4.2371610e+06   5.3039551e+01
   4.2378490e+06   5.8471680e+01
   4.2620540e+06   5.4382324e+01
   4.2777170e+06   6.2072754e+01
   4.2782010e+06   5.9448242e+01
   4.2941460e+06   5.3710938e+01
   4.2945930e+06   5.6640625e+01
   4.2953490e+06   5.9936523e+01
   4.3085400e+06   5.7067871e+01
   4.3253390e+06   5.9997559e+01
   4.3653680e+06   2.5451660e+01
   4.3979100e+06   2.3620605e+01
   4.3986950e+06   6.0241699e+01
   4.4123250e+06   2.9663086e+01
   4.4134640e+06   6.0363770e+01
   4.4282880e+06   2.4902344e+01
   4.4283510e+06   2.4536133e+01
   4.4660050e+06   6.1035156e+01
   4.4664350e+06   5.9020996e+01
   4.4776900e+06   2.5939941e+01
   4.4935870e+06   2.5207520e+01
   4.4941020e+06   5.5297852e+01
   4.5170480e+06   3.1066895e+01
   4.5517960e+06   3.1982422e+01
   4.5653720e+06   2.4291992e+01
   4.5703630e+06   2.7954102e+01
   4.5705930e+06   5.8654785e+01
   4.6055520e+06   2.7709961e+01
   4.6391310e+06   2.5817871e+01
   4.6396300e+06   5.8288574e+01
   4.6402270e+06   2.9418945e+01
   4.6624260e+06   2.6611328e+01
   4.6625370e+06   5.6030273e+01
   4.6838790e+06   5.7006836e+01
   4.7019890e+06   2.4230957e+01
   4.7023320e+06   2.4414063e+01
   4.7037750e+06   5.5297852e+01
   4.7259110e+06   5.8654785e+01
   4.7473820e+06   2.9113770e+01
   4.7480320e+06   5.5419922e+01
   4.7607460e+06   5.2978516e+01
   4.7608170e+06   2.3803711e+01
   4.7608500e+06   2.7038574e+01
   4.7609280e+06   2.5390625e+01
   4.7610000e+06   2.4353027e+01
   4.7610760e+06   2.7587891e+01
   4.7611380e+06   2.9541016e+01
   4.7612030e+06   2.7038574e+01
   4.7731540e+06   4.0893555e+01
   4.7735000e+06   2.4108887e+01
   4.7735670e+06   2.5878906e+01
   4.7735940e+06   2.3864746e+01
   4.7737220e+06   2.5451660e+01
   4.8587580e+06   2.7343750e+01
   4.8836730e+06   2.4658203e+01
   4.8996550e+06   3.0944824e+01
   4.9258930e+06   6.8237305e+01
   4.9522910e+06   2.9235840e+01
   4.9824010e+06   5.6213379e+01
   4.9945340e+06   2.3742676e+01
   5.0070040e+06   2.6611328e+01
   5.0196900e+06   2.6489258e+01
   5.0198050e+06   2.7038574e+01
   5.0372700e+06   2.6550293e+01
   5.0376260e+06   5.6030273e+01
   5.0381060e+06   5.6091309e+01
   5.0496870e+06   2.5817871e+01
   5.0556520e+06   2.4780273e+01
   5.0558340e+06   2.4353027e+01
   5.0561260e+06   2.9235840e+01
   5.0562450e+06   5.6579590e+01
   5.0598010e+06   3.1005859e+01
   5.0715710e+06   2.6184082e+01
   5.0982810e+06   2.7587891e+01
   5.0996800e+06   6.3110352e+01
   5.1185080e+06   3.0151367e+01
   5.1188470e+06   5.4687500e+01
   5.1332050e+06   2.8076172e+01
   5.1339470e+06   5.8654785e+01
   5.1348310e+06   5.9020996e+01
   5.1458340e+06   2.7282715e+01
   5.1463590e+06   2.3803711e+01
   5.1468740e+06   4.9072266e+01
   5.1471710e+06   4.7668457e+01
   5.1822540e+06   2.3559570e+01
   5.1822890e+06   2.8625488e+01
   5.1830570e+06   5.8471680e+01
   5.1835120e+06   5.3955078e+01
   5.1882240e+06   5.4443359e+01
   5.1883100e+06   2.8686523e+01
   5.1883390e+06   2.4658203e+01
   5.1883690e+06   2.9113770e+01
   5.1884780e+06   2.5756836e+01
   5.1885110e+06   2.4963379e+01
   5.1885460e+06   2.8503418e+01
   5.1886840e+06   2.4963379e+01
   5.2042140e+06   4.1931152e+01
   5.2045810e+06   3.4667969e+01
   5.2048080e+06   2.4902344e+01
   5.3335170e+06   3.2165527e+01
   5.3358420e+06   5.5114746e+01
   5.3433500e+06   2.3742676e+01
   5.3709710e+06   3.4545898e+01
   5.3714120e+06   3.1738281e+01
   5.3721770e+06   4.7424316e+01
   5.3910680e+06   2.8381348e+01
   5.3914590e+06   6.0363770e+01
   5.4092040e+06   3.3203125e+01
   5.4103670e+06   5.8532715e+01
   5.4199920e+06   4.9743652e+01
   5.4200340e+06   2.3681641e+01
   5.4200630e+06   3.6560059e+01
   5.4201120e+06   2.5573730e+01
   5.4201630e+06   3.0395508e+01
   5.4201790e+06   2.3742676e+01
   5.4202370e+06   2.4291992e+01
   5.4203120e+06   2.4291992e+01
   5.4203800e+06   2.7587891e+01
   5.4419930e+06   2.4719238e+01
   5.4420150e+06   3.0578613e+01
   5.4421240e+06   2.4291992e+01
   5.4426970e+06   2.6184082e+01
   5.4429420e+06   4.8706055e+01
   5.4431160e+06   2.7282715e+01
   5.4432480e+06   2.5878906e+01
   5.4433150e+06   2.4719238e+01
   5.4433800e+06   3.2592773e+01
   5.4435640e+06   2.5512695e+01
   5.5468650e+06   5.5786133e+01
   5.5653510e+06   3.1677246e+01
   5.5768870e+06   3.3630371e+01
   5.5771290e+06   2.6611328e+01
   5.5773000e+06   5.2612305e+01
   5.5774090e+06   3.2775879e+01
   5.5775450e+06   3.8757324e+01
   5.5777980e+06   2.7465820e+01
   5.5803000e+06   3.7536621e+01
   5.6209880e+06   2.6306152e+01
   5.6235530e+06   2.7099609e+01
   5.6237390e+06   2.6794434e+01
   5.6237820e+06   6.1279297e+01
   5.6240650e+06   5.1940918e+01
   5.6242140e+06   2.9724121e+01
   5.6243730e+06   3.6254883e+01
   5.6245400e+06   2.4230957e+01
   5.6251520e+06   4.9377441e+01
   5.6258040e+06   4.7729492e+01
   5.6532800e+06   2.4047852e+01
   5.6554200e+06   5.3283691e+01
   5.6563700e+06   2.3681641e+01
   5.6568480e+06   6.2500000e+01
   5.6900210e+06   2.6672363e+01
   5.6904030e+06   5.4382324e+01
   5.6904400e+06   2.7709961e+01
   5.6906950e+06   4.3457031e+01
   5.6909880e+06   2.8686523e+01
   5.6910410e+06   4.4555664e+01
   5.6911910e+06   2.5451660e+01
   5.6915270e+06   4.7790527e+01
   5.6923120e+06   4.5593262e+01
   5.6928380e+06   2.3620605e+01
   5.7235890e+06   2.5451660e+01
   5.7242460e+06   3.2531738e+01
   5.7242640e+06   5.7250977e+01
   5.7245020e+06   4.9865723e+01
   5.7249900e+06   4.5532227e+01
   5.7253600e+06   2.4291992e+01
   5.7254030e+06   4.9194336e+01
   5.7259080e+06   5.3894043e+01
   5.7544810e+06   2.6245117e+01
   5.7549990e+06   5.4687500e+01
   5.7552440e+06   3.1127930e+01
   5.7556340e+06   2.8259277e+01
   5.7557870e+06   5.7189941e+01
   5.7559960e+06   2.6123047e+01
   5.7562110e+06   4.4311523e+01
   5.7566040e+06   4.6752930e+01
   5.7571750e+06   4.7119141e+01
   5.7819370e+06   2.6733398e+01
   5.7822540e+06   5.3222656e+01
   5.7829090e+06   5.8471680e+01
   5.7833790e+06   3.6499023e+01
   5.7835740e+06   2.5085449e+01
   5.8052320e+06   2.9846191e+01
   5.8057460e+06   5.3527832e+01
   5.8060420e+06   2.5085449e+01
   5.8061700e+06   2.4353027e+01
   5.8062590e+06   5.2124023e+01
   5.8068240e+06   2.4108887e+01
   5.8078470e+06   5.5786133e+01
   5.8352820e+06   3.2165527e+01
   5.8354530e+06   5.7250977e+01
   5.8356980e+06   2.4230957e+01
   5.8360960e+06   5.6335449e+01
   5.8361930e+06   2.6611328e+01
   5.8363760e+06   4.5471191e+01
   5.8536400e+06   2.8259277e+01
   5.8540720e+06   2.5817871e+01
   5.8543030e+06   5.4687500e+01
   5.8546810e+06   4.3762207e+01
   5.8554090e+06   5.1879883e+01
   5.8816280e+06   2.6611328e+01
   5.8819040e+06   2.9052734e+01
   5.8820640e+06   2.5573730e+01
   5.8823420e+06   4.9987793e+01
   5.8824920e+06   2.3803711e+01
   5.8826270e+06   4.1137695e+01
   5.8832930e+06   5.2795410e+01
   5.8846390e+06   4.7668457e+01
   5.9107940e+06   2.8991699e+01
   5.9110680e+06   2.5512695e+01
   5.9113440e+06   2.8198242e+01
   5.9115610e+06   5.5847168e+01
   5.9118920e+06   4.9072266e+01
   5.9120740e+06   2.8991699e+01
   5.9129000e+06   5.4626465e+01
   5.9369610e+06   3.1677246e+01
   5.9377220e+06   5.7556152e+01
   5.9381600e+06   5.3710938e+01
   5.9388780e+06   5.9631348e+01
   5.9647020e+06   2.7526855e+01
   5.9649940e+06   6.1828613e+01
   5.9654940e+06   2.3986816e+01
   5.9656790e+06   5.1391602e+01
   5.9659170e+06   2.5268555e+01
   5.9664050e+06   2.4963379e+01
   6.0023660e+06   3.0334473e+01
   6.0033010e+06   4.1748047e+01
   6.0036460e+06   3.1860352e+01
   6.0037440e+06   2.4597168e+01
   6.0037560e+06   5.0170898e+01
   6.0039730e+06   5.2795410e+01
   6.0044140e+06   4.7851563e+01
   6.0046070e+06   3.2958984e+01
   6.0047830e+06   2.5390625e+01
   6.0052340e+06   2.4963379e+01
   6.0346820e+06   3.4729004e+01
   6.0352050e+06   5.1635742e+01
   6.0356400e+06   5.3039551e+01
   6.0359450e+06   2.5756836e+01
   6.0361020e+06   5.3894043e+01
   6.0365540e+06   5.2673340e+01
   6.0623660e+06   2.5024414e+01
   6.0634630e+06   5.6579590e+01
   6.0642520e+06   2.3681641e+01
   6.0643860e+06   5.5358887e+01
   6.0649460e+06   2.6306152e+01
   6.0906670e+06   2.3742676e+01
   6.0907840e+06   2.4780273e+01
   6.0910570e+06   5.7800293e+01
   6.0915620e+06   2.3620605e+01
   6.0916180e+06   5.9020996e+01
   6.0919650e+06   4.9072266e+01
   6.0922510e+06   5.0903320e+01
   6.1312140e+06   2.6245117e+01
   6.1321250e+06   3.1616211e+01
   6.1322770e+06   5.5908203e+01
   6.1325090e+06   4.7363281e+01
   6.1325780e+06   2.5817871e+01
   6.1568120e+06   3.5339355e+01
   6.1578920e+06   5.8227539e+01
   6.1583350e+06   5.5725098e+01
   6.1604690e+06   2.4291992e+01
   6.1874150e+06   2.4108887e+01
   6.1880500e+06   5.5114746e+01
   6.1904540e+06   2.6916504e+01
   6.2188560e+06   2.7526855e+01
   6.2194540e+06   5.6762695e+01
   6.2345110e+06   2.7160645e+01
   6.2348670e+06   2.6184082e+01
   6.2370230e+06   6.0363770e+01
   6.2541090e+06   3.9123535e+01
   6.2552760e+06   2.7832031e+01
   6.2725420e+06   3.1066895e+01
   6.2735720e+06   5.4443359e+01
   6.2915050e+06   2.4841309e+01
   6.2915190e+06   5.5725098e+01
   6.2915880e+06   2.9541016e+01
   6.2916340e+06   2.5268555e+01
   6.2916800e+06   2.8686523e+01
   6.2917550e+06   2.7526855e+01
   6.2918230e+06   3.3142090e+01
   6.2918950e+06   2.4658203e+01
   6.3065810e+06   2.8564453e+01
   6.3072510e+06   2.5207520e+01
   6.3778670e+06   5.2734375e+01
   6.3785840e+06   5.5114746e+01
   6.3905370e+06   3.0273438e+01
   6.3922460e+06   5.6213379e+01
   6.4046240e+06   5.5114746e+01
   6.4203150e+06   5.6762695e+01
   6.4349060e+06   5.4565430e+01
   6.4355020e+06   5.6030273e+01
   6.4523340e+06   5.4504395e+01
   6.4530360e+06   5.4443359e+01
   6.4697460e+06   6.2316895e+01
   6.4949060e+06   2.7832031e+01
   6.4953300e+06   5.0048828e+01
   6.4956700e+06   5.0781250e+01
   6.5149050e+06   2.3742676e+01
   6.5155690e+06   5.8959961e+01
   6.5350930e+06   2.7221680e+01
   6.5356920e+06   5.6274414e+01
   6.5360020e+06   5.4016113e+01
   6.5631550e+06   5.2612305e+01
   6.5635240e+06   3.1188965e+01
   6.5641790e+06   5.3527832e+01
   6.5884670e+06   5.5847168e+01
   6.5888700e+06   5.9082031e+01
   6.6147840e+06   5.5908203e+01
   6.6150520e+06   5.3833008e+01
   6.6309790e+06   4.9804688e+01
   6.6316010e+06   5.5541992e+01
   6.6517720e+06   4.6875000e+01
   6.6521860e+06   5.4626465e+01
   6.6772970e+06   5.8471680e+01
   6.6776250e+06   5.4382324e+01
   6.6940520e+06   5.4748535e+01
   6.7100630e+06   4.8950195e+01
   6.7107240e+06   5.6396484e+01
   6.7360530e+06   5.8410645e+01
   6.7366360e+06   5.5786133e+01
   6.7543000e+06   5.4870605e+01
   6.7548220e+06   5.8715820e+01
   6.7675040e+06   5.7434082e+01
   6.7679830e+06   5.2734375e+01
   6.7903870e+06   3.0334473e+01
   6.7910320e+06   5.7006836e+01
   6.7913660e+06   5.6823730e+01
   6.7917340e+06   5.0170898e+01
   6.8129930e+06   5.9875488e+01
   6.8135250e+06   5.1635742e+01
   6.8274930e+06   5.3039551e+01
   6.8476340e+06   5.3222656e+01
   6.8490480e+06   3.6499023e+01
   6.8666840e+06   5.4809570e+01
   6.8851740e+06   3.0090332e+01
   6.9159970e+06   6.1157227e+01
   6.9302730e+06   2.3559570e+01
   6.9317110e+06   4.8095703e+01
   6.9700550e+06   3.0517578e+01
   6.9705560e+06   5.9814453e+01
   6.9884090e+06   2.4780273e+01
   7.0266160e+06   2.8198242e+01
   7.0266920e+06   2.4169922e+01
   7.0444970e+06   3.5949707e+01
   7.0621520e+06   2.4230957e+01
   7.0829480e+06   2.8747559e+01
   7.0838260e+06   5.9570313e+01
   7.1067800e+06   2.6611328e+01
   7.1076680e+06   5.5419922e+01
   7.1260050e+06   3.0273438e+01
   7.1270870e+06   5.7250977e+01
   7.1782170e+06   5.9143066e+01
   7.1785590e+06   5.9509277e+01
   7.2235910e+06   2.9235840e+01
   7.2434230e+06   3.3020020e+01
   7.2570860e+06   5.2185059e+01
   7.2571720e+06   2.4291992e+01
   7.2572380e+06   3.6926270e+01
   7.2572680e+06   2.7709961e+01
   7.2573190e+06   2.7526855e+01
   7.2573740e+06   2.8503418e+01
   7.2573860e+06   3.7536621e+01
   7.2574260e+06   2.7099609e+01
   7.2574620e+06   2.9479980e+01
   7.2739630e+06   4.2663574e+01
   7.2740820e+06   2.4902344e+01
   7.2741320e+06   2.5451660e+01
   7.2741600e+06   2.5085449e+01
   7.2741850e+06   3.3020020e+01
   7.2742120e+06   2.4230957e+01
   7.2742730e+06   2.3742676e+01
   7.5621040e+06   2.6672363e+01
   7.6028440e+06   2.7587891e+01
   7.6480750e+06   3.2775879e+01
   7.6643590e+06   2.5024414e+01
   7.6879190e+06   5.5786133e+01
   7.7030510e+06   2.8198242e+01
   7.7033290e+06   2.9357910e+01
   7.7036030e+06   2.9357910e+01
   7.7036430e+06   5.1208496e+01
   7.7037680e+06   3.1311035e+01
   7.7039060e+06   3.5644531e+01
   7.7755490e+06   2.6123047e+01
   7.7758690e+06   2.4353027e+01
   7.7761780e+06   5.0720215e+01
   7.7764900e+06   5.4443359e+01
   7.7767270e+06   4.8522949e+01
   7.7770820e+06   5.6762695e+01
   7.7775590e+06   5.1635742e+01
   7.8168870e+06   2.5390625e+01
   7.8171380e+06   6.3842773e+01
   7.8174970e+06   4.5288086e+01
   7.8184780e+06   2.5329590e+01
   7.8520540e+06   2.4475098e+01
   7.8791800e+06   3.0700684e+01
   7.8806620e+06   6.0852051e+01
   7.8807350e+06   2.4719238e+01
   7.8810080e+06   3.2836914e+01
   7.8813170e+06   5.6396484e+01
   7.8819780e+06   5.0476074e+01
   7.9874680e+06   5.7434082e+01
   8.0215860e+06   2.9479980e+01
   8.0226700e+06   6.3293457e+01
   8.0502590e+06   2.4841309e+01
   8.0524190e+06   5.5725098e+01
   8.0826330e+06   2.9724121e+01
   8.1442250e+06   3.0456543e+01
   8.1683600e+06   2.5756836e+01
   8.1689000e+06   3.1677246e+01
   8.1689950e+06   5.1757813e+01
   8.1691700e+06   2.4108887e+01
   8.1693010e+06   4.3701172e+01
   8.1696370e+06   3.7719727e+01
   8.3004670e+06   2.8198242e+01
   8.4313330e+06   3.1066895e+01
   8.4694630e+06   2.9113770e+01
   8.4699570e+06   5.4382324e+01
   8.6068200e+06   5.7556152e+01
   8.7918440e+06   2.9357910e+01
   8.7926910e+06   5.8959961e+01
   8.8253500e+06   5.7739258e+01
   8.8386910e+06   5.0292969e+01
   8.8404190e+06   5.4077148e+01
   8.8409070e+06   3.2043457e+01
   8.8411690e+06   3.5217285e+01
   8.8416980e+06   3.2043457e+01
   8.8417830e+06   2.6428223e+01
   8.8420040e+06   3.3020020e+01
   8.8420590e+06   2.6977539e+01
   8.9576000e+06   2.7221680e+01
   9.0565610e+06   5.7739258e+01
   9.0694650e+06   4.4189453e+01
   9.0695010e+06   2.5878906e+01
   9.0696080e+06   2.4658203e+01
   9.0696220e+06   3.7170410e+01
   9.0696640e+06   2.7770996e+01
   9.0696990e+06   2.3681641e+01
   9.0697640e+06   2.5756836e+01
   9.0698270e+06   3.1982422e+01
   9.0699000e+06   2.6428223e+01
   9.2714190e+06   2.4047852e+01
   9.3654560e+06   5.7128906e+01
   9.3859190e+06   2.5268555e+01
   9.3863520e+06   5.8166504e+01
   9.3869950e+06   5.8288574e+01
   9.4726820e+06   5.9265137e+01
   9.5009790e+06   5.5175781e+01
   9.5016310e+06   5.3100586e+01
   9.5718750e+06   5.1757812e+01
   9.5975890e+06   6.2927246e+01
   9.5979900e+06   5.5725098e+01
   9.6262820e+06   2.6794434e+01
   9.6270450e+06   5.7739258e+01
   9.6459330e+06   2.9907227e+01
   9.6472920e+06   5.0292969e+01
   9.7014280e+06   5.0720215e+01
   9.7022400e+06   5.3833008e+01
   9.7440060e+06   5.2368164e+01
   9.7846970e+06   5.4748535e+01
   9.7851030e+06   5.2795410e+01
   9.8186220e+06   5.5847168e+01
   9.8314610e+06   2.8930664e+01
   9.9007040e+06   5.8410645e+01
   9.9595290e+06   3.0090332e+01
   9.9599400e+06   5.7006836e+01
   9.9900230e+06   3.0090332e+01
   9.9902270e+06   5.1757813e+01
   9.9904780e+06   5.3222656e+01
   1.0020991e+07   2.6611328e+01
   1.0021477e+07   5.2734375e+01
   1.0022628e+07   5.0170898e+01
   1.0055799e+07   3.6437988e+01
   1.0074174e+07   2.7343750e+01
   1.0111263e+07   3.4423828e+01
   1.0111642e+07   6.1035156e+01
   1.0184970e+07   5.3527832e+01
   1.0231397e+07   2.9479980e+01
   1.0231645e+07   6.1279297e+01
   1.0259097e+07   2.8259277e+01
   1.0273223e+07   2.4169922e+01
   1.0273237e+07   4.1870117e+01
   1.0273276e+07   2.3925781e+01
   1.0273317e+07   2.4902344e+01
   1.0273362e+07   2.6916504e+01
   1.0273428e+07   3.1921387e+01
   1.0273564e+07   3.3203125e+01
   1.0273629e+07   3.1555176e+01
   1.0425662e+07   2.9052734e+01
   1.0426334e+07   5.3527832e+01
   1.0460075e+07   3.0029297e+01
   1.0462157e+07   5.3955078e+01
   1.0506713e+07   2.8503418e+01
   1.0507420e+07   5.5480957e+01
   1.0580294e+07   2.9113770e+01
   1.0597239e+07   2.8991699e+01
   1.0639804e+07   3.0273438e+01
   1.0639953e+07   5.4260254e+01
   1.0688704e+07   2.4658203e+01
   1.0689142e+07   5.1025391e+01
   1.0742722e+07   3.2531738e+01
   1.0743021e+07   5.2185059e+01
   1.0768153e+07   2.8991699e+01
   1.0768775e+07   6.0241699e+01
   1.0817191e+07   5.5236816e+01
   1.0845055e+07   3.3630371e+01
   1.0951425e+07   2.4963379e+01
   1.0952076e+07   5.8166504e+01
   1.0953372e+07   5.6701660e+01
   1.0983266e+07   2.6611328e+01
   1.0983368e+07   5.2734375e+01
   1.1108047e+07   2.8686523e+01
   1.1108963e+07   2.6733398e+01
   1.1109130e+07   5.4260254e+01
   1.1109171e+07   2.7954102e+01
   1.1109490e+07   2.4414063e+01
   1.1109502e+07   4.3762207e+01
   1.1109801e+07   4.4433594e+01
   1.1109955e+07   2.6611328e+01
   1.1110281e+07   4.3945313e+01
   1.1248382e+07   5.1635742e+01
   1.1248776e+07   5.1330566e+01
   1.1295469e+07   5.7128906e+01
   1.1331503e+07   5.2795410e+01
   1.1395099e+07   2.9785156e+01
   1.1395641e+07   5.0964355e+01
   1.1396102e+07   5.6091309e+01
   1.1474858e+07   5.1452637e+01
   1.1474936e+07   2.5939941e+01
   1.1475023e+07   3.8146973e+01
   1.1475092e+07   2.9296875e+01
   1.1475156e+07   2.9479980e+01
   1.1475216e+07   3.0273438e+01
   1.1475287e+07   2.4108887e+01
   1.1582169e+07   4.8461914e+01
   1.1582405e+07   4.2724609e+01
   1.1582504e+07   2.7160645e+01
   1.1582559e+07   2.3742676e+01
   1.1582614e+07   2.3864746e+01
   1.1582650e+07   2.6245117e+01
   1.1582663e+07   2.6611328e+01
   1.1582769e+07   2.5024414e+01
   1.1582806e+07   3.1677246e+01
   1.1582879e+07   2.6550293e+01
   1.1582936e+07   2.4108887e+01
   1.1583033e+07   2.5085449e+01
   1.1955038e+07   2.4414063e+01
