   1.1999000e+07   0.0000000e+00
   8.0860000e+03   2.1850586e+01
   3.0871000e+04   2.4658203e+01
   6.2178000e+04   2.1606445e+01
   1.1341900e+05   2.1484375e+01
   1.2842500e+05   2.5207520e+01
   1.3851100e+05   2.2155762e+01
   1.3870400e+05   2.1484375e+01
   1.3889400e+05   2.5268555e+01
   1.4744400e+05   2.2399902e+01
   1.5609800e+05   2.1606445e+01
   1.5651300e+05   2.1545410e+01
   1.7161700e+05   2.2644043e+01
   2.5168700e+05   2.3376465e+01
   2.5374600e+05   2.2399902e+01
   3.0597000e+05   2.4719238e+01
   3.1914400e+05   2.2399902e+01
   3.2582200e+05   2.6000977e+01
   3.2743600e+05   2.1789551e+01
   3.3016500e+05   2.1484375e+01
   3.4264800e+05   2.3010254e+01
   3.4815000e+05   2.2888184e+01
   3.8774900e+05   2.2949219e+01
   3.9980900e+05   2.5329590e+01
   4.0320700e+05   3.0883789e+01
   4.0326800e+05   2.7893066e+01
   4.1346900e+05   2.1362305e+01
   4.1371900e+05   2.1850586e+01
   4.1375800e+05   2.1423340e+01
   4.1390900e+05   2.1667480e+01
   4.2325800e+05   2.4719238e+01
   4.2383600e+05   2.3559570e+01
   4.2447100e+05   2.1728516e+01
   4.4639500e+05   2.1423340e+01
   4.6277400e+05   2.5024414e+01
   4.6413700e+05   2.2277832e+01
   4.6626800e+05   2.2644043e+01
   4.6946000e+05   2.2094727e+01
   4.7129700e+05   2.2888184e+01
   4.7491600e+05   2.3193359e+01
   4.7615600e+05   2.1667480e+01
   4.7913800e+05   2.2033691e+01
   5.0872000e+05   2.2033691e+01
   5.1182500e+05   2.2521973e+01
   5.1843000e+05   2.3742676e+01
   5.2850100e+05   2.4230957e+01
   5.4056400e+05   2.3315430e+01
   5.5287600e+05   2.2094727e+01
   5.6328900e+05   2.2460938e+01
   5.8145500e+05   2.3437500e+01
   5.8970600e+05   2.4475098e+01
   5.9525500e+05   2.1606445e+01
   6.0359700e+05   2.1362305e+01
   6.1574500e+05   2.1545410e+01
   6.1756000e+05   2.2399902e+01
   6.4906000e+05   2.2888184e+01
   7.1923700e+05   2.2460938e+01
   7.4763300e+05   2.4230957e+01
   7.5154000e+05   2.1728516e+01
   7.7048200e+05   2.3193359e+01
   7.8570400e+05   2.1484375e+01
   7.8800800e+05   2.3559570e+01
   8.0265700e+05   2.1362305e+01
   8.2314900e+05   2.4841309e+01
   8.2613500e+05   2.4047852e+01
   8.4956600e+05   2.5390625e+01
   8.7681900e+05   2.1484375e+01
   8.9446400e+05   2.3620605e+01
   9.7022000e+05   2.2277832e+01
   1.0003390e+06   2.1362305e+01
   1.0186890e+06   2.4475098e+01
   1.0418390e+06   2.1850586e+01
   1.0423380e+06   2.3376465e+01
   1.0684910e+06   2.3376465e+01
   1.1169910e+06   2.4230957e+01
   1.1202810e+06   2.1362305e+01
   1.1415590e+06   2.4047852e+01
   1.1441120e+06   2.4291992e+01
   1.1571760e+06   2.1850586e+01
   1.1643810e+06   2.2338867e+01
   1.2154460e+06   2.3559570e+01
   1.2439040e+06   2.1667480e+01
   1.2465950e+06   2.2583008e+01
   1.2617360e+06   2.1728516e+01
   1.2619790e+06   2.7465820e+01
   1.2621840e+06   2.2155762e+01
   1.2738770e+06   2.2155762e+01
   1.2742660e+06   2.4414063e+01
   1.2743800e+06   2.2521973e+01
   1.3145980e+06   2.3132324e+01
   1.3203130e+06   2.2399902e+01
   1.3219190e+06   2.1789551e+01
   1.3230110e+06   2.1423340e+01
   1.3443160e+06   2.1545410e+01
   1.3474600e+06   2.1667480e+01
   1.3526790e+06   2.1911621e+01
   1.3528190e+06   2.2155762e+01
   1.3529120e+06   2.2216797e+01
   1.3710150e+06   2.7587891e+01
   1.4194030e+06   2.3986816e+01
   1.4268010e+06   2.1362305e+01
   1.4331350e+06   2.5390625e+01
   1.4332950e+06   2.3315430e+01
   1.4467990e+06   2.3254395e+01
   1.4753310e+06   2.1728516e+01
   1.4847590e+06   2.1850586e+01
   1.4978820e+06   2.6062012e+01
   1.5450510e+06   2.4902344e+01
   1.5627010e+06   2.1911621e+01
   1.5747300e+06   2.4963379e+01
   1.6081950e+06   2.5634766e+01
   1.6430670e+06   2.2155762e+01
   1.6649310e+06   2.4536133e+01
   1.6764630e+06   2.1362305e+01
   1.7170290e+06   2.2155762e+01
   1.7235950e+06   2.1423340e+01
   1.7628480e+06   2.1484375e+01
   1.7890790e+06   2.2155762e+01
   1.8379470e+06   2.4169922e+01
   1.8537280e+06   2.1972656e+01
   1.9073500e+06   2.1484375e+01
   1.9294240e+06   2.2338867e+01
   1.9965930e+06   2.4414063e+01
   2.0249550e+06   2.4169922e+01
   2.0620770e+06   2.2521973e+01
   2.1097380e+06   2.4353027e+01
   2.1195050e+06   2.4108887e+01
   2.1200690e+06   2.3742676e+01
   2.1459220e+06   2.1972656e+01
   2.1974420e+06   2.3742676e+01
   2.2066940e+06   2.4291992e+01
   2.2235480e+06   2.1423340e+01
   2.2417120e+06   2.4353027e+01
   2.2459040e+06   2.4536133e+01
   2.2759320e+06   2.1789551e+01
   2.2979920e+06   2.2094727e+01
   2.3350300e+06   2.1789551e+01
   2.3351120e+06   2.4414063e+01
   2.3352460e+06   2.4841309e+01
   2.3473390e+06   2.4658203e+01
   2.3473960e+06   2.2766113e+01
   2.3575770e+06   2.4475098e+01
   2.3576100e+06   2.2033691e+01
   2.3675360e+06   2.2216797e+01
   2.3679460e+06   2.2949219e+01
   2.3735800e+06   2.5817871e+01
   2.3875090e+06   2.1362305e+01
   2.3915340e+06   2.1423340e+01
   2.3974430e+06   2.1667480e+01
   2.4049790e+06   2.2766113e+01
   2.4229560e+06   2.6245117e+01
   2.4256570e+06   2.1362305e+01
   2.4465800e+06   2.1606445e+01
   2.4529230e+06   2.1850586e+01
   2.4620620e+06   2.1789551e+01
   2.4630430e+06   2.1606445e+01
   2.5017970e+06   2.1606445e+01
   2.5143080e+06   2.6062012e+01
   2.5166520e+06   2.1850586e+01
   2.5189880e+06   2.1545410e+01
   2.5566860e+06   2.1484375e+01
   2.5691400e+06   2.3437500e+01
   2.5729280e+06   2.4169922e+01
   2.5755190e+06   2.2827148e+01
   2.5862110e+06   2.2338867e+01
   2.5879250e+06   2.1850586e+01
   2.5881780e+06   2.3132324e+01
   2.5891240e+06   2.3620605e+01
   2.6158990e+06   2.2888184e+01
   2.6222970e+06   2.2216797e+01
   2.6246990e+06   2.1667480e+01
   2.6479280e+06   2.2277832e+01
   2.6940640e+06   2.1789551e+01
   2.7106030e+06   2.1362305e+01
   2.7191090e+06   2.1423340e+01
   2.7383970e+06   2.1484375e+01
   2.7613910e+06   2.2583008e+01
   2.7620490e+06   2.1911621e+01
   2.7625330e+06   2.3681641e+01
   2.7630110e+06   2.3620605e+01
   2.7904610e+06   2.1606445e+01
   2.8155840e+06   2.5451660e+01
   2.8287980e+06   2.2338867e+01
   2.8345320e+06   2.3620605e+01
   2.8434830e+06   2.1484375e+01
   2.8436060e+06   2.1667480e+01
   2.8436780e+06   2.3681641e+01
   2.8440160e+06   2.1789551e+01
   2.8542250e+06   2.3498535e+01
   2.8647150e+06   2.9479980e+01
   2.8648560e+06   2.1423340e+01
   2.8650870e+06   2.1423340e+01
   2.8874130e+06   2.1667480e+01
   2.8987490e+06   2.1728516e+01
   2.9213520e+06   2.2460938e+01
   2.9241800e+06   2.2705078e+01
   2.9387490e+06   2.1423340e+01
   2.9451900e+06   2.2888184e+01
   2.9566000e+06   2.1667480e+01
   2.9605130e+06   2.1850586e+01
   2.9729460e+06   2.2766113e+01
   2.9761950e+06   2.2827148e+01
   2.9809430e+06   2.1362305e+01
   2.9931090e+06   2.4536133e+01
   2.9989720e+06   2.2338867e+01
   3.0091500e+06   2.2399902e+01
   3.0326040e+06   2.5695801e+01
   3.0471470e+06   2.1606445e+01
   3.0674060e+06   2.1789551e+01
   3.0811440e+06   2.3925781e+01
   3.0838200e+06   2.4963379e+01
   3.0988520e+06   2.1850586e+01
   3.1135270e+06   2.1667480e+01
   3.1227520e+06   2.1911621e+01
   3.1309880e+06   2.5939941e+01
   3.1346760e+06   2.1911621e+01
   3.1370290e+06   2.2583008e+01
   3.1371180e+06   2.7832031e+01
   3.1523460e+06   2.4841309e+01
   3.2252230e+06   2.4963379e+01
   3.2256260e+06   2.2888184e+01
   3.2399480e+06   2.1545410e+01
   3.2497060e+06   2.3376465e+01
   3.2647420e+06   2.2094727e+01
   3.2698010e+06   2.1972656e+01
   3.2790430e+06   2.1606445e+01
   3.3273980e+06   2.4353027e+01
   3.3357070e+06   2.2583008e+01
   3.3364500e+06   2.4780273e+01
   3.3365660e+06   2.1911621e+01
   3.3754370e+06   2.2033691e+01
   3.4160080e+06   2.3864746e+01
   3.4182380e+06   2.3925781e+01
   3.4316050e+06   2.4841309e+01
   3.4466260e+06   2.3498535e+01
   3.5225750e+06   2.3254395e+01
   3.5563930e+06   2.1850586e+01
   3.6270740e+06   2.2399902e+01
   3.6414910e+06   2.4902344e+01
   3.7249930e+06   2.5146484e+01
   3.8103030e+06   2.3498535e+01
   3.8356210e+06   2.1728516e+01
   3.9114530e+06   2.3864746e+01
   3.9399740e+06   2.2399902e+01
   3.9429040e+06   2.3681641e+01
   3.9584690e+06   2.2277832e+01
   3.9626230e+06   2.2033691e+01
   3.9735970e+06   2.4780273e+01
   4.0407660e+06   2.2033691e+01
   4.0732350e+06   2.1728516e+01
   4.0884930e+06   2.4475098e+01
   4.1035740e+06   2.4536133e+01
   4.1323040e+06   2.1728516e+01
   4.1446080e+06   2.7160645e+01
   4.1491080e+06   2.3864746e+01
   4.1491590e+06   2.2155762e+01
   4.1639040e+06   2.2094727e+01
   4.2111150e+06   2.1667480e+01
   4.2481350e+06   2.1606445e+01
   4.2773590e+06   2.3193359e+01
   4.2926450e+06   2.1911621e+01
   4.3177150e+06   2.1362305e+01
   4.3217840e+06   2.1667480e+01
   4.3411710e+06   2.9113770e+01
   4.3777880e+06   2.1484375e+01
   4.3788190e+06   2.2094727e+01
   4.3893150e+06   2.2583008e+01
   4.5490950e+06   2.2094727e+01
   4.5759300e+06   2.3193359e+01
   4.6323300e+06   2.4169922e+01
   4.6506580e+06   2.1484375e+01
   4.7351270e+06   2.2033691e+01
   4.7444580e+06   2.4597168e+01
   4.7608480e+06   2.4902344e+01
   4.7608940e+06   2.3559570e+01
   4.7718020e+06   2.1789551e+01
   4.7725910e+06   2.4658203e+01
   4.7735620e+06   2.1911621e+01
   4.7742150e+06   2.1545410e+01
   4.7745610e+06   2.2155762e+01
   4.8197810e+06   2.1423340e+01
   4.8449650e+06   2.1728516e+01
   4.8919370e+06   2.3498535e+01
   4.9310790e+06   2.1362305e+01
   4.9468020e+06   2.3010254e+01
   4.9575100e+06   2.4719238e+01
   4.9612660e+06   2.2338867e+01
   4.9826250e+06   2.3315430e+01
   5.0003970e+06   2.4108887e+01
   5.0466820e+06   2.2827148e+01
   5.0767300e+06   2.2644043e+01
   5.0803570e+06   2.2827148e+01
   5.0897880e+06   2.2583008e+01
   5.1190320e+06   2.2216797e+01
   5.1881610e+06   2.2644043e+01
   5.1882310e+06   2.2888184e+01
   5.1883880e+06   2.2827148e+01
   5.1883990e+06   2.1911621e+01
   5.2041510e+06   2.4169922e+01
   5.2355850e+06   2.3376465e+01
   5.2559760e+06   2.2033691e+01
   5.2634840e+06   2.2155762e+01
   5.3181090e+06   2.3315430e+01
   5.3407810e+06   2.3071289e+01
   5.3448750e+06   2.4475098e+01
   5.3672970e+06   2.2155762e+01
   5.3889930e+06   2.2155762e+01
   5.4200110e+06   2.5451660e+01
   5.4201610e+06   2.8259277e+01
   5.4306760e+06   2.5268555e+01
   5.4369360e+06   2.3803711e+01
   5.4433460e+06   2.3620605e+01
   5.4434760e+06   2.5634766e+01
   5.4562720e+06   2.1423340e+01
   5.4673460e+06   2.1911621e+01
   5.5123830e+06   2.1789551e+01
   5.5140700e+06   2.4230957e+01
   5.5247610e+06   2.2155762e+01
   5.5442180e+06   2.1911621e+01
   5.6172390e+06   2.1667480e+01
   5.6445960e+06   2.2094727e+01
   5.7030030e+06   2.5390625e+01
   5.7425180e+06   2.2094727e+01
   5.7738820e+06   2.3315430e+01
   5.8140960e+06   2.1728516e+01
   5.8452360e+06   2.1362305e+01
   5.8520360e+06   2.2705078e+01
   5.8919290e+06   2.1972656e+01
   5.9013210e+06   2.5573730e+01
   5.9280100e+06   2.4047852e+01
   5.9920210e+06   2.3864746e+01
   6.0120850e+06   2.2644043e+01
   6.0589940e+06   2.1545410e+01
   6.1184380e+06   2.2705078e+01
   6.1288860e+06   2.3254395e+01
   6.1451610e+06   2.2033691e+01
   6.1811300e+06   2.1606445e+01
   6.1885460e+06   2.2644043e+01
   6.2409070e+06   2.3681641e+01
   6.2915170e+06   2.2155762e+01
   6.2915730e+06   2.7893066e+01
   6.2918370e+06   2.4169922e+01
   6.3071120e+06   2.2644043e+01
   6.3635680e+06   2.1606445e+01
   6.3675900e+06   2.2949219e+01
   6.3731430e+06   2.1545410e+01
   6.3816570e+06   2.1667480e+01
   6.3909160e+06   2.1484375e+01
   6.3921540e+06   2.5146484e+01
   6.4202630e+06   2.3193359e+01
   6.4697280e+06   2.5573730e+01
   6.5157680e+06   2.1484375e+01
   6.5349770e+06   2.3925781e+01
   6.5429780e+06   2.1911621e+01
   6.5479590e+06   2.2033691e+01
   6.5616220e+06   2.1972656e+01
   6.5773600e+06   2.3437500e+01
   6.5887300e+06   2.3071289e+01
   6.5962290e+06   2.2399902e+01
   6.6123850e+06   2.1484375e+01
   6.6145830e+06   2.6489258e+01
   6.6514330e+06   2.3620605e+01
   6.6730010e+06   2.3010254e+01
   6.6906850e+06   2.1484375e+01
   6.7059850e+06   2.2155762e+01
   6.7085320e+06   2.3254395e+01
   6.7096300e+06   2.4291992e+01
   6.7461550e+06   2.1728516e+01
   6.7521700e+06   2.3010254e+01
   6.7676870e+06   2.3010254e+01
   6.7838700e+06   2.1545410e+01
   6.8112340e+06   2.2888184e+01
   6.8341430e+06   2.1362305e+01
   6.8436310e+06   2.3010254e+01
   6.8742320e+06   2.3071289e+01
   6.8769090e+06   2.1728516e+01
   6.8942840e+06   2.1728516e+01
   6.8994300e+06   2.2827148e+01
   6.9539740e+06   2.2216797e+01
   6.9827930e+06   2.3315430e+01
   6.9942200e+06   2.1606445e+01
   7.0013090e+06   2.1789551e+01
   7.0119790e+06   2.2399902e+01
   7.0323560e+06   2.1850586e+01
   7.1065340e+06   2.2521973e+01
   7.1254340e+06   2.1667480e+01
   7.1616470e+06   2.2033691e+01
   7.1684160e+06   2.3193359e+01
   7.2286150e+06   2.6123047e+01
   7.2570930e+06   2.4780273e+01
   7.2571520e+06   2.3010254e+01
   7.2571950e+06   2.4475098e+01
   7.2573030e+06   2.1362305e+01
   7.2702540e+06   2.1423340e+01
   7.2743410e+06   2.7282715e+01
   7.2920840e+06   2.4169922e+01
   7.2985180e+06   2.3437500e+01
   7.3149330e+06   2.2216797e+01
   7.3240310e+06   2.3193359e+01
   7.3261550e+06   2.3620605e+01
   7.3309530e+06   2.2521973e+01
   7.3421490e+06   2.1789551e+01
   7.3583450e+06   2.2155762e+01
   7.3765780e+06   2.2033691e+01
   7.3781420e+06   2.4414063e+01
   7.4029360e+06   2.5573730e+01
   7.4094850e+06   2.3437500e+01
   7.4122900e+06   2.3010254e+01
   7.4248920e+06   2.2888184e+01
   7.4443970e+06   2.2827148e+01
   7.5546390e+06   2.2888184e+01
   7.5839210e+06   2.3986816e+01
   7.5860550e+06   2.2705078e+01
   7.6378260e+06   2.5085449e+01
   7.7044760e+06   2.1362305e+01
   7.7597380e+06   2.1423340e+01
   7.7657110e+06   2.1789551e+01
   7.7895950e+06   2.4658203e+01
   7.8296210e+06   2.2094727e+01
   7.8500210e+06   2.5634766e+01
   7.8732100e+06   2.2460938e+01
   7.8951270e+06   2.3559570e+01
   7.9302050e+06   2.3010254e+01
   7.9373990e+06   2.1728516e+01
   7.9383400e+06   2.1362305e+01
   8.0753880e+06   2.1667480e+01
   8.0858640e+06   2.1728516e+01
   8.0969580e+06   2.3376465e+01
   8.1052700e+06   2.2583008e+01
   8.1099330e+06   2.1667480e+01
   8.1219440e+06   2.1484375e+01
   8.1860370e+06   2.2583008e+01
   8.2260340e+06   2.1362305e+01
   8.2279140e+06   2.1606445e+01
   8.2704920e+06   2.1545410e+01
   8.3649090e+06   2.3437500e+01
   8.3730040e+06   2.5390625e+01
   8.3753810e+06   2.2644043e+01
   8.4205980e+06   2.1423340e+01
   8.4312600e+06   2.3498535e+01
   8.4952060e+06   2.2460938e+01
   8.5470990e+06   2.2216797e+01
   8.5975970e+06   2.1667480e+01
   8.6695630e+06   2.2827148e+01
   8.7296940e+06   2.1484375e+01
   8.7415230e+06   2.1484375e+01
   8.8412990e+06   2.3071289e+01
   8.8414700e+06   2.4047852e+01
   8.8415860e+06   2.2949219e+01
   8.8416350e+06   2.1423340e+01
   8.8418690e+06   2.1606445e+01
   8.8482400e+06   2.2888184e+01
   8.8810670e+06   2.2460938e+01
   8.8942050e+06   2.2033691e+01
   8.9113670e+06   2.1972656e+01
   8.9470030e+06   2.3254395e+01
   8.9569310e+06   2.2216797e+01
   8.9757400e+06   2.3010254e+01
   9.0494210e+06   2.1362305e+01
   9.0694550e+06   2.1972656e+01
   9.0698020e+06   2.2155762e+01
   9.0870240e+06   2.2705078e+01
   9.1020550e+06   2.2766113e+01
   9.1050050e+06   2.1728516e+01
   9.1474640e+06   2.1484375e+01
   9.1493920e+06   2.2338867e+01
   9.1798020e+06   2.1972656e+01
   9.2497640e+06   2.3010254e+01
   9.3106000e+06   2.1362305e+01
   9.3153640e+06   2.2155762e+01
   9.3294680e+06   2.1545410e+01
   9.3454410e+06   2.1423340e+01
   9.3953580e+06   2.2155762e+01
   9.4039490e+06   2.1667480e+01
   9.4047680e+06   2.2644043e+01
   9.4178540e+06   2.4719238e+01
   9.4376890e+06   2.5024414e+01
   9.5600600e+06   2.2460938e+01
   9.5976680e+06   2.2216797e+01
   9.6752980e+06   2.1667480e+01
   9.7782360e+06   2.2094727e+01
   9.9755430e+06   2.1789551e+01
   1.0052250e+07   2.1545410e+01
   1.0061721e+07   2.2766113e+01
   1.0079645e+07   2.2583008e+01
   1.0231400e+07   2.2644043e+01
   1.0239437e+07   2.2949219e+01
   1.0273316e+07   2.1850586e+01
   1.0273427e+07   2.1789551e+01
   1.0370181e+07   2.1484375e+01
   1.0417590e+07   2.1667480e+01
   1.0439619e+07   2.2644043e+01
   1.0456281e+07   2.1728516e+01
   1.0501637e+07   2.1362305e+01
   1.0530412e+07   2.1850586e+01
   1.0541305e+07   2.2460938e+01
   1.0560160e+07   2.2460938e+01
   1.0588361e+07   2.2033691e+01
   1.0604957e+07   2.4414063e+01
   1.0647585e+07   2.3681641e+01
   1.0654960e+07   2.2399902e+01
   1.0757924e+07   2.1972656e+01
   1.0772895e+07   2.2338867e+01
   1.0852585e+07   2.3071289e+01
   1.0858994e+07   2.4291992e+01
   1.0874618e+07   2.3071289e+01
   1.0906366e+07   2.1850586e+01
   1.0958057e+07   2.5146484e+01
   1.0967093e+07   2.1545410e+01
   1.0992503e+07   2.1972656e+01
   1.1105472e+07   2.2277832e+01
   1.1183320e+07   2.3010254e+01
   1.1281105e+07   2.2766113e+01
   1.1351270e+07   2.3193359e+01
   1.1358117e+07   2.1362305e+01
   1.1416419e+07   2.1911621e+01
   1.1422095e+07   2.2277832e+01
   1.1475017e+07   2.3742676e+01
   1.1501147e+07   2.2033691e+01
   1.1582583e+07   2.3498535e+01
   1.1584536e+07   2.1667480e+01
   1.1619710e+07   2.2888184e+01
   1.1620330e+07   2.4291992e+01
   1.1634449e+07   2.1484375e+01
   1.1642326e+07   2.1362305e+01
   1.1661380e+07   2.1911621e+01
   1.1680065e+07   2.1850586e+01
   1.1873323e+07   2.4475098e+01
   1.1936492e+07   2.1423340e+01
   1.1993330e+07   2.5634766e+01
