   1.1999000e+07   0.0000000e+00
   7.4424000e+04   1.8066406e+01
   1.3898600e+05   2.3132324e+01
   1.6635000e+05   2.0690918e+01
   1.6647600e+05   2.1118164e+01
   1.6651800e+05   2.3315430e+01
   2.0942500e+05   1.8432617e+01
   2.5918800e+05   1.8371582e+01
   4.2799000e+05   1.8920898e+01
   4.9058100e+05   1.9226074e+01
   4.9064800e+05   1.8066406e+01
   4.9076300e+05   1.8554688e+01
   5.5537800e+05   1.9531250e+01
   5.7821500e+05   2.0080566e+01
   5.9641800e+05   1.8066406e+01
   7.0338200e+05   1.8371582e+01
   7.0358000e+05   2.1850586e+01
   7.5466300e+05   2.0629883e+01
   8.0745500e+05   1.8188477e+01
   8.8082000e+05   2.0141602e+01
   8.8149700e+05   1.8188477e+01
   9.0401000e+05   1.9409180e+01
   9.4422900e+05   2.0812988e+01
   9.4427400e+05   1.9165039e+01
   9.8645600e+05   1.8920898e+01
   1.0648050e+06   2.1850586e+01
   1.0648560e+06   1.9042969e+01
   1.0962640e+06   1.9531250e+01
   1.0977400e+06   1.8127441e+01
   1.0994270e+06   1.8432617e+01
   1.1097960e+06   1.8981934e+01
   1.1628210e+06   2.0263672e+01
   1.1957450e+06   1.9775391e+01
   1.2694970e+06   1.9104004e+01
   1.2707250e+06   1.8371582e+01
   1.3365930e+06   1.9287109e+01
   1.3366920e+06   1.8249512e+01
   1.3367020e+06   1.8554688e+01
   1.3699660e+06   1.9348145e+01
   1.4148000e+06   1.8432617e+01
   1.4699100e+06   1.8127441e+01
   1.5930970e+06   1.8188477e+01
   1.6046440e+06   2.3376465e+01
   1.6047070e+06   2.0141602e+01
   1.6513200e+06   2.2094727e+01
   1.6558100e+06   1.8005371e+01
   1.7146120e+06   2.0019531e+01
   1.7146400e+06   1.9836426e+01
   1.7147670e+06   2.3010254e+01
   1.7785880e+06   1.9287109e+01
   1.7786250e+06   1.9470215e+01
   1.8043270e+06   1.8188477e+01
   1.8418970e+06   1.8188477e+01
   1.8655900e+06   1.8432617e+01
   1.8658390e+06   1.9165039e+01
   2.0055740e+06   1.9897461e+01
   2.0226820e+06   1.8676758e+01
   2.0500730e+06   2.0019531e+01
   2.0884800e+06   1.8859863e+01
   2.1360060e+06   1.8432617e+01
   2.1567720e+06   2.0629883e+01
   2.1567930e+06   1.9531250e+01
   2.1568290e+06   1.9958496e+01
   2.1569210e+06   1.8859863e+01
   2.2300500e+06   1.8615723e+01
   2.2928730e+06   1.8981934e+01
   2.3357960e+06   1.8249512e+01
   2.3358600e+06   1.9165039e+01
   2.3752660e+06   1.8920898e+01
   2.4039450e+06   1.8615723e+01
   2.4252600e+06   1.8005371e+01
   2.4362540e+06   2.0629883e+01
   2.4889700e+06   1.9104004e+01
   2.5649130e+06   1.8615723e+01
   2.5667120e+06   1.8798828e+01
   2.6881470e+06   1.8737793e+01
   2.7377610e+06   1.8737793e+01
   2.7387430e+06   1.8676758e+01
   2.8163190e+06   1.8066406e+01
   2.8169270e+06   1.8615723e+01
   2.8867680e+06   1.8859863e+01
   2.9167330e+06   1.8249512e+01
   2.9341690e+06   1.9653320e+01
   2.9342590e+06   1.9287109e+01
   3.0004450e+06   1.7944336e+01
   3.0004930e+06   2.0568848e+01
   3.0005310e+06   1.8432617e+01
   3.0435920e+06   1.9592285e+01
   3.0443910e+06   1.8310547e+01
   3.0989720e+06   1.8798828e+01
   3.0990550e+06   1.9897461e+01
   3.0990770e+06   2.1423340e+01
   3.0991100e+06   2.0324707e+01
   3.1619880e+06   1.8981934e+01
   3.1873690e+06   1.8127441e+01
   3.1878150e+06   1.9958496e+01
   3.1882420e+06   1.8493652e+01
   3.1892640e+06   1.8432617e+01
   3.2867460e+06   1.7883301e+01
   3.3188400e+06   1.7944336e+01
   3.3503660e+06   1.8737793e+01
   3.4398090e+06   1.8676758e+01
   3.4695560e+06   1.9653320e+01
   3.4871690e+06   2.1667480e+01
   3.5066500e+06   1.8310547e+01
   3.5607730e+06   1.8920898e+01
   3.5608420e+06   1.7944336e+01
   3.5739550e+06   1.7883301e+01
   3.5847670e+06   1.8371582e+01
   3.5863560e+06   1.9836426e+01
   3.6310380e+06   1.8737793e+01
   3.6649690e+06   2.0507813e+01
   3.7292290e+06   2.0568848e+01
   3.7295100e+06   1.8737793e+01
   3.7590470e+06   1.8188477e+01
   3.7868000e+06   1.9470215e+01
   3.7888260e+06   1.8310547e+01
   3.8517110e+06   1.8676758e+01
   3.9186950e+06   1.8615723e+01
   3.9881210e+06   2.0874023e+01
   4.0167200e+06   1.8798828e+01
   4.0360110e+06   1.8493652e+01
   4.0796080e+06   1.9653320e+01
   4.1274430e+06   1.8249512e+01
   4.1479080e+06   1.8798828e+01
   4.1479410e+06   1.8920898e+01
   4.1790430e+06   1.9104004e+01
   4.2065190e+06   1.9042969e+01
   4.2389760e+06   1.9470215e+01
   4.2390120e+06   1.8554688e+01
   4.3084560e+06   1.8066406e+01
   4.3084920e+06   1.8859863e+01
   4.3565610e+06   1.7944336e+01
   4.4459010e+06   1.8615723e+01
   4.4459240e+06   1.9897461e+01
   4.4459960e+06   1.8066406e+01
   4.5050650e+06   1.9958496e+01
   4.6062460e+06   1.9470215e+01
   4.6065300e+06   1.8493652e+01
   4.6383840e+06   1.8859863e+01
   4.6644330e+06   1.8188477e+01
   4.6674030e+06   2.0202637e+01
   4.6686550e+06   1.8554688e+01
   4.7125300e+06   1.8066406e+01
   4.7125690e+06   1.9226074e+01
   4.7126860e+06   2.1606445e+01
   4.7128920e+06   2.0446777e+01
   4.8086170e+06   2.0141602e+01
   4.8117460e+06   1.8066406e+01
   4.9043220e+06   1.8249512e+01
   4.9454610e+06   1.8737793e+01
   5.0356460e+06   2.1118164e+01
   5.1296890e+06   1.9287109e+01
   5.1483670e+06   1.8554688e+01
   5.1492200e+06   2.0935059e+01
   5.2412810e+06   1.9104004e+01
   5.2837390e+06   2.1667480e+01
   5.3094970e+06   1.8127441e+01
   5.3548900e+06   1.9226074e+01
   5.3852280e+06   1.8737793e+01
   5.3857460e+06   1.8249512e+01
   5.4117870e+06   2.0019531e+01
   5.4375610e+06   1.9226074e+01
   5.4521280e+06   2.1423340e+01
   5.4718020e+06   1.9409180e+01
   5.5201080e+06   1.8981934e+01
   5.5617970e+06   1.9165039e+01
   5.5629970e+06   1.8005371e+01
   5.6151970e+06   1.9531250e+01
   5.6152810e+06   1.9409180e+01
   5.7044510e+06   1.8432617e+01
   5.7273050e+06   1.8493652e+01
   5.7551800e+06   1.8066406e+01
   5.7552800e+06   1.8798828e+01
   5.7710260e+06   2.0202637e+01
   5.7942990e+06   1.8188477e+01
   5.8462890e+06   1.9104004e+01
   5.8474810e+06   1.8859863e+01
   5.8478720e+06   1.8249512e+01
   5.9915680e+06   1.8249512e+01
   6.0162050e+06   1.8127441e+01
   6.0203260e+06   1.9958496e+01
   6.0352130e+06   1.8432617e+01
   6.0353020e+06   1.8432617e+01
   6.0353400e+06   1.8371582e+01
   6.0354000e+06   2.0996094e+01
   6.0619350e+06   1.8188477e+01
   6.1025600e+06   1.8066406e+01
   6.2488290e+06   1.9836426e+01
   6.3538280e+06   2.0202637e+01
   6.3987840e+06   1.8493652e+01
   6.4173170e+06   1.9958496e+01
   6.5316380e+06   1.8981934e+01
   6.5981260e+06   1.9714355e+01
   6.6206540e+06   1.8981934e+01
   6.7155930e+06   1.8249512e+01
   6.8282400e+06   1.8127441e+01
   6.9693110e+06   1.9226074e+01
   6.9854220e+06   1.9714355e+01
   6.9855470e+06   1.8188477e+01
   7.0123900e+06   1.8737793e+01
   7.0793850e+06   2.3437500e+01
   7.0794840e+06   1.8859863e+01
   7.0797230e+06   2.0751953e+01
   7.2910090e+06   1.9897461e+01
   7.3529930e+06   2.0507813e+01
   7.3530430e+06   1.8615723e+01
   7.4149290e+06   1.8676758e+01
   7.4999770e+06   2.0751953e+01
   7.5337750e+06   1.9897461e+01
   7.5338640e+06   1.8005371e+01
   7.5735960e+06   2.0446777e+01
   7.6588350e+06   1.8127441e+01
   7.6594920e+06   1.8310547e+01
   7.7345270e+06   1.8371582e+01
   7.7346410e+06   1.9531250e+01
   7.8629600e+06   1.9226074e+01
   7.8634720e+06   1.8859863e+01
   7.9258260e+06   2.0629883e+01
   7.9262070e+06   1.9531250e+01
   7.9568450e+06   1.8371582e+01
   7.9835840e+06   1.9287109e+01
   8.0163100e+06   1.8310547e+01
   8.0342590e+06   1.9226074e+01
   8.0734160e+06   1.8127441e+01
   8.1156520e+06   2.0996094e+01
   8.1156860e+06   1.8127441e+01
   8.1157070e+06   1.8188477e+01
   8.2769760e+06   2.0385742e+01
   8.3833440e+06   1.8615723e+01
   8.3833780e+06   2.1118164e+01
   8.4272000e+06   1.8493652e+01
   8.4775710e+06   1.8615723e+01
   8.5022520e+06   1.8615723e+01
   8.5713210e+06   1.9531250e+01
   8.6823970e+06   1.9348145e+01
   8.7275570e+06   1.9104004e+01
   8.7823050e+06   1.8310547e+01
   8.8091900e+06   1.8981934e+01
   8.8433320e+06   1.9226074e+01
   8.8490690e+06   2.0080566e+01
   8.8598450e+06   1.8798828e+01
   8.8884410e+06   1.8066406e+01
   8.9546090e+06   1.8981934e+01
   9.0424550e+06   1.8432617e+01
   9.0611260e+06   1.8798828e+01
   9.0611420e+06   1.8737793e+01
   9.0612290e+06   2.1179199e+01
   9.1695630e+06   1.8249512e+01
   9.1710650e+06   1.9592285e+01
   9.2084970e+06   1.8127441e+01
   9.2428320e+06   1.7883301e+01
   9.2664090e+06   1.8249512e+01
   9.2665620e+06   1.8432617e+01
   9.2666070e+06   1.8554688e+01
   9.3052070e+06   1.9531250e+01
   9.3341280e+06   1.9348145e+01
   9.3873240e+06   1.8005371e+01
   9.4345510e+06   2.0935059e+01
   9.4739570e+06   1.7944336e+01
   9.5496520e+06   1.8310547e+01
   9.5590740e+06   1.9470215e+01
   9.5590840e+06   1.8615723e+01
   9.5590990e+06   1.8554688e+01
   9.5591500e+06   2.1789551e+01
   9.5592500e+06   1.8859863e+01
   9.6264250e+06   2.0080566e+01
   9.6668290e+06   1.8249512e+01
   9.6927280e+06   2.0141602e+01
   9.6928290e+06   1.9409180e+01
   9.6929430e+06   1.8737793e+01
   9.7437050e+06   1.8432617e+01
   9.7857540e+06   1.9531250e+01
   9.8731480e+06   1.8188477e+01
   9.8762120e+06   2.0324707e+01
   9.8903720e+06   2.2888184e+01
   9.8903990e+06   1.9592285e+01
   9.8904300e+06   1.9531250e+01
   1.0037339e+07   1.8432617e+01
   1.0090956e+07   1.9775391e+01
   1.0127350e+07   1.9226074e+01
   1.0127764e+07   1.9714355e+01
   1.0144399e+07   1.8066406e+01
   1.0174385e+07   2.2094727e+01
   1.0212171e+07   1.7883301e+01
   1.0215266e+07   1.8005371e+01
   1.0251027e+07   1.8615723e+01
   1.0309916e+07   1.8127441e+01
   1.0343433e+07   1.7883301e+01
   1.0366668e+07   1.9531250e+01
   1.0447344e+07   1.8005371e+01
   1.0476620e+07   1.9897461e+01
   1.0542781e+07   1.8737793e+01
   1.0589542e+07   1.8798828e+01
   1.0625640e+07   1.8737793e+01
   1.0673932e+07   2.0141602e+01
   1.0673993e+07   2.1850586e+01
   1.0674024e+07   1.8493652e+01
   1.0799564e+07   1.9531250e+01
   1.0845425e+07   1.8493652e+01
   1.0897324e+07   1.8432617e+01
   1.0945944e+07   1.9592285e+01
   1.1011455e+07   1.7944336e+01
   1.1053475e+07   1.9165039e+01
   1.1054869e+07   1.8981934e+01
   1.1080694e+07   1.9165039e+01
   1.1094067e+07   1.8432617e+01
   1.1123925e+07   1.9348145e+01
   1.1165777e+07   1.8005371e+01
   1.1165862e+07   1.8676758e+01
   1.1247605e+07   1.7944336e+01
   1.1247722e+07   1.9714355e+01
   1.1248681e+07   1.9042969e+01
   1.1264456e+07   1.8249512e+01
   1.1319342e+07   1.8493652e+01
   1.1346934e+07   2.0263672e+01
   1.1444965e+07   1.8005371e+01
   1.1523734e+07   1.9042969e+01
   1.1523770e+07   1.8981934e+01
   1.1624278e+07   2.0263672e+01
   1.1624387e+07   2.0019531e+01
   1.1624410e+07   1.8432617e+01
   1.1660944e+07   1.8371582e+01
   1.1679827e+07   1.8676758e+01
   1.1780721e+07   1.8859863e+01
   1.1829316e+07   1.9653320e+01
   1.1906867e+07   1.9042969e+01
   1.1966913e+07   1.8432617e+01
