   1.1999000e+07   0.0000000e+00
   4.1486000e+04   2.4658203e+01
   7.4295000e+04   2.7770996e+01
   7.4378000e+04   2.4169922e+01
   7.4420000e+04   2.7954102e+01
   7.4551000e+04   2.2094727e+01
   7.4577000e+04   2.1972656e+01
   1.6646300e+05   2.4536133e+01
   1.6649700e+05   2.2766113e+01
   1.6654900e+05   2.4597168e+01
   1.6660600e+05   2.4658203e+01
   1.6663800e+05   2.1179199e+01
   1.6667000e+05   2.5329590e+01
   1.6668100e+05   2.4047852e+01
   1.6672400e+05   2.1301270e+01
   1.6676500e+05   2.1179199e+01
   1.6680800e+05   2.3193359e+01
   1.6709800e+05   2.2827148e+01
   3.3698900e+05   2.1545410e+01
   3.3700000e+05   2.4353027e+01
   3.3704000e+05   2.1545410e+01
   4.2796600e+05   2.2827148e+01
   4.2798200e+05   2.4719238e+01
   4.2801400e+05   2.8381348e+01
   4.2804000e+05   2.3315430e+01
   4.2805200e+05   2.4353027e+01
   4.2809000e+05   2.3864746e+01
   4.2812000e+05   2.3986816e+01
   4.2815700e+05   2.1240234e+01
   4.2819500e+05   2.1301270e+01
   4.2868700e+05   2.1850586e+01
   4.9061100e+05   2.2521973e+01
   4.9063700e+05   2.2277832e+01
   4.9066900e+05   2.3681641e+01
   4.9075700e+05   2.8564453e+01
   4.9089900e+05   2.4353027e+01
   4.9117400e+05   2.4169922e+01
   7.0247200e+05   2.1911621e+01
   7.5294600e+05   2.2521973e+01
   7.6352800e+05   2.5085449e+01
   7.6357100e+05   2.1240234e+01
   7.6360100e+05   2.5207520e+01
   7.6362000e+05   2.1484375e+01
   7.6367600e+05   2.6306152e+01
   8.0741300e+05   2.4414063e+01
   8.0746400e+05   2.3986816e+01
   8.0755900e+05   2.1911621e+01
   8.0768100e+05   2.9479980e+01
   9.0372100e+05   2.1484375e+01
   9.0394900e+05   2.2888184e+01
   9.4408600e+05   2.1545410e+01
   9.4417300e+05   2.4902344e+01
   9.4423700e+05   2.2155762e+01
   9.4426100e+05   2.7465820e+01
   9.4429500e+05   2.3132324e+01
   9.4436100e+05   2.4536133e+01
   1.0647960e+06   2.1789551e+01
   1.0648160e+06   2.1789551e+01
   1.0648430e+06   2.3925781e+01
   1.0648700e+06   2.3315430e+01
   1.0648910e+06   2.2888184e+01
   1.0649180e+06   2.5939941e+01
   1.0649300e+06   2.1301270e+01
   1.0649450e+06   2.1911621e+01
   1.0649690e+06   2.5268555e+01
   1.0650550e+06   2.2949219e+01
   1.1098770e+06   2.1118164e+01
   1.1099080e+06   2.1545410e+01
   1.1099860e+06   2.3620605e+01
   1.1100080e+06   2.7160645e+01
   1.1100930e+06   2.4353027e+01
   1.2344470e+06   2.4902344e+01
   1.2345230e+06   2.3864746e+01
   1.2345460e+06   2.1118164e+01
   1.2346160e+06   2.7465820e+01
   1.2346820e+06   2.1606445e+01
   1.2347120e+06   2.1667480e+01
   1.2347760e+06   2.7404785e+01
   1.2348080e+06   2.4597168e+01
   1.2349680e+06   2.1301270e+01
   1.2698710e+06   2.2583008e+01
   1.3365970e+06   2.1606445e+01
   1.3366110e+06   2.3010254e+01
   1.3366290e+06   2.2827148e+01
   1.3366950e+06   2.5878906e+01
   1.3367620e+06   2.1484375e+01
   1.3368110e+06   2.2521973e+01
   1.3368860e+06   2.3376465e+01
   1.3795270e+06   2.1179199e+01
   1.4539480e+06   2.2644043e+01
   1.5497940e+06   2.1728516e+01
   1.6046180e+06   2.1301270e+01
   1.6046420e+06   2.3620605e+01
   1.6046950e+06   2.8869629e+01
   1.6047200e+06   2.2521973e+01
   1.6047470e+06   2.4719238e+01
   1.6047610e+06   2.3071289e+01
   1.6048190e+06   2.4414063e+01
   1.6050490e+06   2.1484375e+01
   1.7146240e+06   2.3681641e+01
   1.7146420e+06   2.1911621e+01
   1.7146930e+06   2.6733398e+01
   1.7147120e+06   2.1667480e+01
   1.7147420e+06   2.2583008e+01
   1.7147610e+06   2.2766113e+01
   1.7148270e+06   2.9113770e+01
   1.7148730e+06   2.6306152e+01
   1.7148910e+06   2.1423340e+01
   1.7149130e+06   2.1667480e+01
   1.7150460e+06   2.2277832e+01
   1.7151680e+06   2.1606445e+01
   1.7152600e+06   2.2399902e+01
   1.7436260e+06   2.3803711e+01
   1.7436950e+06   2.4658203e+01
   1.7437400e+06   2.6794434e+01
   1.7437630e+06   2.5939941e+01
   1.7438120e+06   2.2888184e+01
   1.7438510e+06   2.1911621e+01
   1.7438880e+06   2.2277832e+01
   1.7439390e+06   2.9113770e+01
   1.7439870e+06   2.7404785e+01
   1.8042320e+06   2.3132324e+01
   1.8042570e+06   2.3132324e+01
   1.8043270e+06   2.6306152e+01
   1.8043490e+06   2.1423340e+01
   1.8043680e+06   3.1982422e+01
   1.8044020e+06   2.4414063e+01
   1.8044170e+06   2.2705078e+01
   1.8044290e+06   2.2216797e+01
   1.8045670e+06   2.4291992e+01
   1.8046010e+06   2.5207520e+01
   1.8050270e+06   2.2949219e+01
   1.8935930e+06   3.5339355e+01
   1.8936260e+06   2.1118164e+01
   1.8936740e+06   2.6916504e+01
   1.8937150e+06   2.1179199e+01
   1.8937310e+06   2.1789551e+01
   1.8937640e+06   2.1240234e+01
   1.8938540e+06   2.3559570e+01
   1.8940880e+06   2.2949219e+01
   1.8941010e+06   2.1911621e+01
   2.0217650e+06   2.1545410e+01
   2.0217970e+06   2.1789551e+01
   2.0902170e+06   2.1545410e+01
   2.1567780e+06   2.1606445e+01
   2.1568120e+06   2.1789551e+01
   2.1568310e+06   2.2277832e+01
   2.1568520e+06   2.1667480e+01
   2.1569220e+06   2.1789551e+01
   2.1569580e+06   2.1301270e+01
   2.1569680e+06   2.1911621e+01
   2.1569910e+06   2.3193359e+01
   2.1570680e+06   2.1789551e+01
   2.1572010e+06   2.2888184e+01
   2.1573380e+06   2.1972656e+01
   2.2290480e+06   2.5024414e+01
   2.2294300e+06   2.2216797e+01
   2.2505820e+06   2.1728516e+01
   2.2678800e+06   2.2460938e+01
   2.3357690e+06   2.3437500e+01
   2.3357930e+06   2.6000977e+01
   2.3358330e+06   2.1484375e+01
   2.3358470e+06   2.2399902e+01
   2.3358650e+06   2.4047852e+01
   2.3358900e+06   3.5766602e+01
   2.3359020e+06   2.2033691e+01
   2.3359160e+06   2.7648926e+01
   2.3359720e+06   2.1240234e+01
   2.3754490e+06   2.1789551e+01
   2.4040870e+06   2.4047852e+01
   2.5239260e+06   2.1850586e+01
   2.5239640e+06   2.1301270e+01
   2.5240030e+06   2.3559570e+01
   2.5241390e+06   2.1667480e+01
   2.5241890e+06   2.4719238e+01
   2.5242430e+06   2.2766113e+01
   2.5246880e+06   2.2094727e+01
   2.5665980e+06   2.2460938e+01
   2.6481210e+06   2.2155762e+01
   2.7084160e+06   2.1484375e+01
   2.7909950e+06   2.1484375e+01
   2.7915590e+06   2.1240234e+01
   2.8854580e+06   2.3010254e+01
   2.9338480e+06   2.4719238e+01
   2.9343370e+06   2.5939941e+01
   2.9343910e+06   2.1606445e+01
   2.9345920e+06   2.1606445e+01
   3.0003980e+06   2.1240234e+01
   3.0004930e+06   2.3132324e+01
   3.0005030e+06   2.2033691e+01
   3.0005730e+06   2.1057129e+01
   3.0006020e+06   2.2827148e+01
   3.0007310e+06   2.1667480e+01
   3.0990800e+06   2.1057129e+01
   3.0991240e+06   2.2827148e+01
   3.0991430e+06   2.3925781e+01
   3.0991800e+06   2.5085449e+01
   3.0992340e+06   2.5817871e+01
   3.0993260e+06   2.3010254e+01
   3.0993410e+06   2.2705078e+01
   3.0994400e+06   2.7587891e+01
   3.0995070e+06   2.2094727e+01
   3.1003460e+06   2.1606445e+01
   3.1875000e+06   2.1850586e+01
   3.2318110e+06   2.1972656e+01
   3.2865790e+06   2.1240234e+01
   3.2866210e+06   2.2766113e+01
   3.2866610e+06   2.2338867e+01
   3.2867020e+06   2.3498535e+01
   3.2867160e+06   2.4597168e+01
   3.2867390e+06   2.8625488e+01
   3.2868270e+06   2.5024414e+01
   3.2868390e+06   2.7709961e+01
   3.2868800e+06   2.4291992e+01
   3.2869120e+06   2.1606445e+01
   3.3173210e+06   2.1606445e+01
   3.3182010e+06   2.2216797e+01
   3.3515940e+06   2.2216797e+01
   3.5081410e+06   2.1301270e+01
   3.5082490e+06   2.2094727e+01
   3.5232430e+06   2.2705078e+01
   3.5232670e+06   2.2521973e+01
   3.5232860e+06   2.6184082e+01
   3.5233450e+06   2.1850586e+01
   3.5233570e+06   2.1850586e+01
   3.5233800e+06   2.9541016e+01
   3.5234010e+06   3.0517578e+01
   3.5234550e+06   2.2399902e+01
   3.5235980e+06   2.4963379e+01
   3.5735940e+06   2.1667480e+01
   3.6310430e+06   2.5512695e+01
   3.6310890e+06   2.3132324e+01
   3.6311500e+06   2.3071289e+01
   3.6311620e+06   3.2470703e+01
   3.6311850e+06   2.8198242e+01
   3.6312020e+06   2.1911621e+01
   3.6312340e+06   2.2521973e+01
   3.6312450e+06   2.5451660e+01
   3.6312730e+06   2.4353027e+01
   3.6313000e+06   2.0996094e+01
   3.6313100e+06   2.1484375e+01
   3.6313470e+06   2.3559570e+01
   3.8032990e+06   2.1972656e+01
   3.8286380e+06   2.3681641e+01
   3.8681000e+06   2.1179199e+01
   3.9547110e+06   2.1362305e+01
   4.0145530e+06   2.1057129e+01
   4.1479210e+06   2.2155762e+01
   4.1479740e+06   2.5573730e+01
   4.1480250e+06   2.8808594e+01
   4.1480560e+06   2.0996094e+01
   4.1480900e+06   2.6550293e+01
   4.1481070e+06   2.0935059e+01
   4.1481550e+06   2.2216797e+01
   4.1481850e+06   2.2766113e+01
   4.1482180e+06   2.3803711e+01
   4.1482990e+06   2.4291992e+01
   4.2390430e+06   2.3254395e+01
   4.2390850e+06   2.3620605e+01
   4.2391120e+06   2.5817871e+01
   4.2391280e+06   2.1850586e+01
   4.2391810e+06   2.1240234e+01
   4.2392150e+06   2.1789551e+01
   4.2392470e+06   2.2644043e+01
   4.2392690e+06   2.3010254e+01
   4.2393450e+06   2.6672363e+01
   4.2393840e+06   2.5695801e+01
   4.2395220e+06   2.4963379e+01
   4.2396320e+06   2.4658203e+01
   4.2396450e+06   2.1240234e+01
   4.3085610e+06   2.1118164e+01
   4.3085840e+06   2.4414063e+01
   4.3086020e+06   2.3254395e+01
   4.3086330e+06   2.3498535e+01
   4.3086510e+06   2.2705078e+01
   4.3086650e+06   2.2888184e+01
   4.3086850e+06   2.5268555e+01
   4.3087480e+06   2.1362305e+01
   4.3087880e+06   2.1179199e+01
   4.3088910e+06   2.0935059e+01
   4.3090280e+06   2.1118164e+01
   4.3092170e+06   2.2155762e+01
   4.5140870e+06   2.1362305e+01
   4.5396880e+06   2.2705078e+01
   4.5722440e+06   2.2033691e+01
   4.5726380e+06   2.1423340e+01
   4.5730900e+06   2.1606445e+01
   4.6058440e+06   2.4414063e+01
   4.6393430e+06   2.1606445e+01
   4.6402060e+06   2.2705078e+01
   4.7125320e+06   2.2338867e+01
   4.7125550e+06   2.3254395e+01
   4.7125870e+06   2.2094727e+01
   4.7126090e+06   2.5756836e+01
   4.7126250e+06   2.2399902e+01
   4.7126560e+06   2.2216797e+01
   4.7126850e+06   2.3742676e+01
   4.7127380e+06   2.2033691e+01
   4.7127710e+06   3.1433105e+01
   4.7127960e+06   2.4169922e+01
   4.7128520e+06   2.1850586e+01
   4.8089670e+06   2.1606445e+01
   4.8511920e+06   2.1545410e+01
   4.8513440e+06   2.0935059e+01
   4.8513650e+06   4.0283203e+01
   4.8513860e+06   2.4780273e+01
   4.8514000e+06   2.3559570e+01
   4.8514180e+06   2.2521973e+01
   4.8515230e+06   2.4780273e+01
   4.9040480e+06   2.1850586e+01
   4.9040650e+06   2.3376465e+01
   4.9041080e+06   2.1850586e+01
   4.9041950e+06   2.0935059e+01
   4.9042100e+06   2.1118164e+01
   4.9042420e+06   2.2094727e+01
   4.9042800e+06   2.1179199e+01
   4.9043290e+06   2.3803711e+01
   4.9044040e+06   2.3132324e+01
   4.9049520e+06   2.1972656e+01
   4.9453400e+06   2.2155762e+01
   4.9453840e+06   2.6855469e+01
   4.9454300e+06   2.3925781e+01
   4.9454510e+06   2.2033691e+01
   4.9454760e+06   2.2094727e+01
   4.9454910e+06   2.3010254e+01
   4.9455690e+06   2.1850586e+01
   4.9455980e+06   3.1005859e+01
   4.9456860e+06   2.2155762e+01
   4.9458340e+06   2.1423340e+01
   4.9459170e+06   2.3132324e+01
   5.0508950e+06   2.0996094e+01
   5.2412580e+06   2.5451660e+01
   5.2412740e+06   2.6306152e+01
   5.2412940e+06   2.1728516e+01
   5.2413220e+06   2.2888184e+01
   5.2413550e+06   2.3010254e+01
   5.2414200e+06   2.9602051e+01
   5.2414810e+06   2.1057129e+01
   5.2415150e+06   2.1728516e+01
   5.2415440e+06   2.2155762e+01
   5.2416060e+06   2.1301270e+01
   5.3119170e+06   2.2521973e+01
   5.3855540e+06   2.6733398e+01
   5.3856180e+06   2.3193359e+01
   5.3857580e+06   2.2399902e+01
   5.3858990e+06   2.1118164e+01
   5.4670990e+06   2.5329590e+01
   5.4680370e+06   2.1728516e+01
   5.6152650e+06   2.1972656e+01
   5.6153060e+06   2.2888184e+01
   5.6153400e+06   2.3925781e+01
   5.6153510e+06   2.4353027e+01
   5.6154430e+06   2.6306152e+01
   5.6163240e+06   2.2705078e+01
   5.6779000e+06   2.0996094e+01
   5.7724300e+06   2.1057129e+01
   5.7816340e+06   2.0996094e+01
   5.8464990e+06   2.1179199e+01
   5.9271190e+06   2.1301270e+01
   5.9272180e+06   2.1179199e+01
   5.9273050e+06   2.5695801e+01
   5.9899130e+06   2.0996094e+01
   5.9913420e+06   2.1423340e+01
   6.0201770e+06   2.1057129e+01
   6.0353290e+06   2.7526855e+01
   6.0353470e+06   2.1179199e+01
   6.0353640e+06   2.1179199e+01
   6.0354380e+06   2.6672363e+01
   6.0354880e+06   3.0334473e+01
   6.0593330e+06   2.3498535e+01
   6.0911190e+06   2.1057129e+01
   6.1024320e+06   2.2766113e+01
   6.1024720e+06   2.2705078e+01
   6.1025480e+06   2.4353027e+01
   6.1025970e+06   3.2775879e+01
   6.1026250e+06   2.4536133e+01
   6.1026620e+06   2.2155762e+01
   6.1027020e+06   2.1423340e+01
   6.1027230e+06   2.0996094e+01
   6.1883980e+06   2.1911621e+01
   6.1884430e+06   2.7221680e+01
   6.1884650e+06   2.4108887e+01
   6.1885090e+06   2.4291992e+01
   6.1887550e+06   2.2094727e+01
   6.2216630e+06   2.1728516e+01
   6.3296530e+06   2.2033691e+01
   6.3537590e+06   2.3315430e+01
   6.3538700e+06   2.1789551e+01
   6.3539410e+06   2.1667480e+01
   6.3540120e+06   2.3498535e+01
   6.3540630e+06   2.2216797e+01
   6.4001230e+06   2.1057129e+01
   6.4173900e+06   2.1484375e+01
   6.4174250e+06   2.4658203e+01
   6.4174410e+06   2.2094727e+01
   6.4174800e+06   2.5817871e+01
   6.4175520e+06   2.1423340e+01
   6.4176110e+06   2.1545410e+01
   6.4176710e+06   2.1179199e+01
   6.4178260e+06   2.4780273e+01
   6.4837150e+06   2.3254395e+01
   6.5314010e+06   2.3559570e+01
   6.5314160e+06   2.2766113e+01
   6.5314650e+06   2.3193359e+01
   6.5314910e+06   2.8198242e+01
   6.5315060e+06   2.4597168e+01
   6.5315380e+06   2.3742676e+01
   6.5315730e+06   2.3986816e+01
   6.5316690e+06   2.2521973e+01
   6.5317130e+06   2.4169922e+01
   6.5317830e+06   2.1118164e+01
   6.7025080e+06   2.3315430e+01
   6.7031440e+06   2.1606445e+01
   6.7692860e+06   2.1301270e+01
   6.8135980e+06   2.1118164e+01
   6.8282700e+06   2.2338867e+01
   6.8283680e+06   2.3742676e+01
   6.8283870e+06   3.3508301e+01
   6.8284270e+06   2.2827148e+01
   6.9704370e+06   2.2644043e+01
   6.9853760e+06   2.1789551e+01
   7.0795080e+06   2.2216797e+01
   7.0795380e+06   2.1179199e+01
   7.2404990e+06   2.1362305e+01
   7.3322400e+06   2.1057129e+01
   7.3529830e+06   2.6367188e+01
   7.3529970e+06   2.5573730e+01
   7.3530100e+06   2.2033691e+01
   7.3530640e+06   2.4353027e+01
   7.3530950e+06   2.4963379e+01
   7.3531280e+06   2.1423340e+01
   7.3531650e+06   2.7465820e+01
   7.3532580e+06   2.3742676e+01
   7.3533000e+06   2.5024414e+01
   7.4059460e+06   2.1423340e+01
   7.4749250e+06   2.4902344e+01
   7.5013890e+06   2.0996094e+01
   7.5336860e+06   2.3681641e+01
   7.5337650e+06   2.1484375e+01
   7.5338300e+06   2.1545410e+01
   7.5338560e+06   2.1057129e+01
   7.5338910e+06   2.3925781e+01
   7.5339200e+06   2.4353027e+01
   7.5339370e+06   2.3010254e+01
   7.7103110e+06   2.1850586e+01
   7.7344400e+06   2.2155762e+01
   7.7345140e+06   2.4230957e+01
   7.7346300e+06   2.1301270e+01
   7.7348410e+06   2.2827148e+01
   7.8038390e+06   2.2460938e+01
   7.9603560e+06   2.1301270e+01
   8.0342650e+06   2.4597168e+01
   8.0342920e+06   2.3315430e+01
   8.0343260e+06   3.2165527e+01
   8.0343560e+06   2.3620605e+01
   8.0343870e+06   2.6794434e+01
   8.0344090e+06   2.1606445e+01
   8.0344510e+06   2.4169922e+01
   8.0345610e+06   2.1972656e+01
   8.0347340e+06   2.2094727e+01
   8.0880560e+06   2.2155762e+01
   8.1156710e+06   2.6977539e+01
   8.1157100e+06   2.0996094e+01
   8.1157200e+06   2.6367188e+01
   8.1157490e+06   2.6672363e+01
   8.1157790e+06   2.8991699e+01
   8.1158360e+06   2.2094727e+01
   8.1158510e+06   2.0996094e+01
   8.3481570e+06   2.1911621e+01
   8.3833400e+06   2.1301270e+01
   8.3833600e+06   2.7343750e+01
   8.3833870e+06   2.7832031e+01
   8.3834740e+06   2.6428223e+01
   8.3834860e+06   2.3742676e+01
   8.3835190e+06   2.2033691e+01
   8.3836660e+06   2.4475098e+01
   8.3838470e+06   2.2033691e+01
   8.4767670e+06   2.1484375e+01
   8.6171840e+06   2.1057129e+01
   8.8186020e+06   2.2521973e+01
   8.8489880e+06   2.1972656e+01
   8.8490510e+06   2.1057129e+01
   8.9111570e+06   2.1789551e+01
   8.9117360e+06   2.2277832e+01
   8.9123260e+06   2.3010254e+01
   8.9294740e+06   2.1850586e+01
   8.9539090e+06   2.1423340e+01
   9.0403630e+06   2.4169922e+01
   9.0611920e+06   2.1972656e+01
   9.0612550e+06   2.3925781e+01
   9.0612800e+06   2.6977539e+01
   9.0613160e+06   2.6855469e+01
   9.0614380e+06   2.5329590e+01
   9.0615290e+06   2.1423340e+01
   9.0999060e+06   2.4841309e+01
   9.1702750e+06   2.2155762e+01
   9.2059630e+06   2.5451660e+01
   9.2234520e+06   2.1850586e+01
   9.2665110e+06   2.1484375e+01
   9.2665420e+06   2.4719238e+01
   9.2665730e+06   2.4902344e+01
   9.2665970e+06   2.6916504e+01
   9.2666270e+06   2.4536133e+01
   9.2666510e+06   2.1911621e+01
   9.2667460e+06   2.1850586e+01
   9.2669840e+06   2.1423340e+01
   9.4356640e+06   2.2033691e+01
   9.4433930e+06   2.2033691e+01
   9.5327220e+06   2.1972656e+01
   9.5591110e+06   2.9174805e+01
   9.5591230e+06   2.4475098e+01
   9.5591610e+06   2.4780273e+01
   9.5591770e+06   2.5268555e+01
   9.5592110e+06   2.2033691e+01
   9.5592320e+06   2.2705078e+01
   9.5592570e+06   2.5024414e+01
   9.5592690e+06   2.6611328e+01
   9.5593080e+06   2.2705078e+01
   9.5593200e+06   2.2216797e+01
   9.5593350e+06   2.2094727e+01
   9.5593610e+06   2.3376465e+01
   9.5593890e+06   2.6306152e+01
   9.5594020e+06   2.3620605e+01
   9.5595600e+06   2.1850586e+01
   9.6258280e+06   2.4597168e+01
   9.6927380e+06   2.4841309e+01
   9.6927650e+06   2.5329590e+01
   9.6928650e+06   2.6367188e+01
   9.6929010e+06   2.1606445e+01
   9.6929380e+06   3.2348633e+01
   9.6930540e+06   2.5756836e+01
   9.8903900e+06   2.4414063e+01
   9.8904090e+06   2.2033691e+01
   9.8904340e+06   2.6245117e+01
   9.8904440e+06   2.1911621e+01
   9.8904640e+06   2.2705078e+01
   9.8904960e+06   2.4291992e+01
   9.8905090e+06   2.7099609e+01
   9.8905410e+06   2.2583008e+01
   9.8905860e+06   2.6794434e+01
   9.8906090e+06   3.1311035e+01
   9.8906620e+06   2.3986816e+01
   9.8907230e+06   2.3620605e+01
   9.8907830e+06   2.3803711e+01
   9.9972260e+06   2.3010254e+01
   9.9972380e+06   2.4353027e+01
   9.9972910e+06   3.0273438e+01
   9.9977570e+06   2.8442383e+01
   1.0146150e+07   2.3498535e+01
   1.0215233e+07   2.3620605e+01
   1.0215315e+07   2.2277832e+01
   1.0310484e+07   2.2338867e+01
   1.0367369e+07   2.1545410e+01
   1.0445102e+07   2.1362305e+01
   1.0551925e+07   2.1423340e+01
   1.0551972e+07   2.1850586e+01
   1.0552179e+07   2.2094727e+01
   1.0673920e+07   2.4230957e+01
   1.0673982e+07   3.0334473e+01
   1.0674005e+07   2.3315430e+01
   1.0674020e+07   3.1188965e+01
   1.0674049e+07   2.5207520e+01
   1.0674077e+07   3.1921387e+01
   1.0674106e+07   2.3315430e+01
   1.0674129e+07   2.1362305e+01
   1.0674171e+07   2.2399902e+01
   1.0849042e+07   2.2583008e+01
   1.0870317e+07   2.2949219e+01
   1.1037581e+07   2.1606445e+01
   1.1165857e+07   2.1850586e+01
   1.1165881e+07   2.1545410e+01
   1.1165919e+07   2.7404785e+01
   1.1165945e+07   2.3803711e+01
   1.1165987e+07   2.3742676e+01
   1.1166023e+07   2.4414063e+01
   1.1166053e+07   2.2521973e+01
   1.1166079e+07   2.2094727e+01
   1.1347397e+07   2.1850586e+01
   1.1398769e+07   2.1606445e+01
   1.1523604e+07   2.5268555e+01
   1.1523712e+07   2.4291992e+01
   1.1523732e+07   2.3376465e+01
   1.1523769e+07   2.4597168e+01
   1.1523783e+07   2.9663086e+01
   1.1523801e+07   2.7526855e+01
   1.1523837e+07   2.7893066e+01
   1.1523870e+07   2.5329590e+01
   1.1523919e+07   2.2766113e+01
   1.1523944e+07   2.1423340e+01
   1.1525464e+07   2.1789551e+01
   1.1591994e+07   2.4108887e+01
   1.1624338e+07   2.3681641e+01
   1.1624367e+07   3.0395508e+01
   1.1624387e+07   2.3132324e+01
   1.1624418e+07   2.8198242e+01
   1.1624440e+07   2.4353027e+01
   1.1624504e+07   2.1789551e+01
   1.1624544e+07   2.2583008e+01
   1.1624566e+07   2.6184082e+01
   1.1625093e+07   2.3254395e+01
   1.1661269e+07   2.3010254e+01
   1.1967853e+07   2.2033691e+01
   1.1998973e+07   2.2094727e+01
