   1.1999000e+07   0.0000000e+00
   7.4492000e+04   4.3579102e+01
   7.4583000e+04   2.6611328e+01
   7.4666000e+04   2.5024414e+01
   7.4752000e+04   2.5024414e+01
   7.4839000e+04   2.7404785e+01
   7.4941000e+04   2.2460938e+01
   7.5053000e+04   2.1118164e+01
   7.5204000e+04   2.5695801e+01
   7.5350000e+04   2.8381348e+01
   7.5667000e+04   2.1240234e+01
   7.5880000e+04   2.2888184e+01
   7.6232000e+04   3.3264160e+01
   1.6658300e+05   4.1564941e+01
   1.6666600e+05   3.7048340e+01
   1.6675100e+05   3.1311035e+01
   1.6683400e+05   2.6000977e+01
   1.6692800e+05   2.3742676e+01
   1.6765100e+05   2.3986816e+01
   1.6785500e+05   2.6000977e+01
   1.6804300e+05   2.8137207e+01
   1.6837600e+05   2.9785156e+01
   2.1106400e+05   3.8818359e+01
   2.1139200e+05   2.9541016e+01
   2.1166300e+05   3.9001465e+01
   2.1196600e+05   3.4606934e+01
   2.1217200e+05   3.3203125e+01
   2.1253400e+05   3.5949707e+01
   2.1266400e+05   2.6245117e+01
   2.1283600e+05   2.6489258e+01
   2.1312800e+05   3.5766602e+01
   2.1335900e+05   2.9479980e+01
   2.3807600e+05   3.7963867e+01
   2.7721700e+05   3.8269043e+01
   2.7762800e+05   3.3325195e+01
   2.7789200e+05   3.9245605e+01
   2.7823400e+05   3.5766602e+01
   2.7843400e+05   3.6376953e+01
   2.7875800e+05   3.2958984e+01
   2.7909400e+05   3.0517578e+01
   3.1456200e+05   3.6071777e+01
   3.1486300e+05   3.1738281e+01
   3.1527200e+05   3.3691406e+01
   3.1547900e+05   3.2165527e+01
   3.1576900e+05   3.4667969e+01
   3.3699000e+05   3.6193848e+01
   3.3710700e+05   4.1748047e+01
   3.3720900e+05   3.4301758e+01
   3.3731600e+05   2.6123047e+01
   3.3740400e+05   2.5573730e+01
   3.3751400e+05   2.4658203e+01
   3.3762500e+05   2.1484375e+01
   3.3774700e+05   2.1118164e+01
   3.3791000e+05   2.5634766e+01
   3.3812700e+05   2.2155762e+01
   3.3841300e+05   2.3376465e+01
   3.3881000e+05   3.0578613e+01
   3.6882000e+05   3.9001465e+01
   3.6901100e+05   3.2348633e+01
   3.6922400e+05   3.9062500e+01
   3.6940700e+05   2.7404785e+01
   3.6962100e+05   3.0700684e+01
   3.6984600e+05   2.9846191e+01
   3.7010800e+05   3.2348633e+01
   3.7051000e+05   2.9907227e+01
   4.1261000e+05   3.3142090e+01
   4.2810600e+05   3.6804199e+01
   4.2821300e+05   2.9724121e+01
   4.2830700e+05   2.8503418e+01
   4.2839700e+05   3.1616211e+01
   4.2849900e+05   2.6489258e+01
   4.2859000e+05   2.2583008e+01
   4.2883700e+05   2.1789551e+01
   4.2898600e+05   2.8015137e+01
   4.2912500e+05   2.5512695e+01
   4.2932700e+05   2.4597168e+01
   4.2955100e+05   2.7282715e+01
   4.2982000e+05   2.7160645e+01
   4.8570900e+05   3.9245605e+01
   4.9052500e+05   2.3498535e+01
   4.9061100e+05   3.9733887e+01
   4.9071100e+05   3.8269043e+01
   4.9079500e+05   2.2949219e+01
   4.9087800e+05   2.2521973e+01
   4.9096800e+05   2.3864746e+01
   4.9125400e+05   2.1972656e+01
   4.9140300e+05   2.2033691e+01
   4.9156400e+05   2.9907227e+01
   4.9177700e+05   2.8564453e+01
   4.9199800e+05   2.7404785e+01
   4.9242700e+05   3.2531738e+01
   5.2390200e+05   3.1677246e+01
   5.2404800e+05   2.9235840e+01
   5.2431000e+05   3.4606934e+01
   5.5765300e+05   3.8024902e+01
   5.5823900e+05   3.4729004e+01
   5.5844700e+05   3.2470703e+01
   5.5867700e+05   2.1179199e+01
   5.5876800e+05   3.5888672e+01
   5.5910100e+05   3.0578613e+01
   5.5937000e+05   3.2775879e+01
   5.5979700e+05   3.0456543e+01
   6.3241800e+05   3.7780762e+01
   6.3280200e+05   3.7841797e+01
   6.3315100e+05   3.5461426e+01
   6.3746100e+05   4.0161133e+01
   6.3763800e+05   3.7719727e+01
   6.7124800e+05   3.6682129e+01
   6.7589300e+05   3.7109375e+01
   7.0198900e+05   4.2907715e+01
   7.0227700e+05   3.6437988e+01
   7.0229500e+05   2.2094727e+01
   7.0276100e+05   3.6865234e+01
   7.0305100e+05   3.1372070e+01
   7.0326400e+05   2.9846191e+01
   7.0344100e+05   2.9479980e+01
   7.0361300e+05   3.1127930e+01
   7.0377400e+05   2.8808594e+01
   7.0398900e+05   2.3498535e+01
   7.0419400e+05   2.2705078e+01
   7.0473600e+05   2.9418945e+01
   7.6353500e+05   4.0588379e+01
   7.6363100e+05   3.7170410e+01
   7.6372700e+05   3.3630371e+01
   7.6380400e+05   2.7160645e+01
   7.6390300e+05   2.8625488e+01
   7.6399800e+05   2.1972656e+01
   7.6413000e+05   2.8747559e+01
   7.6429300e+05   2.1545410e+01
   7.6451300e+05   3.2897949e+01
   7.6477400e+05   3.2714844e+01
   7.6506900e+05   3.1311035e+01
   7.9347800e+05   3.7719727e+01
   8.0756000e+05   4.0100098e+01
   8.0767500e+05   4.0283203e+01
   8.0776500e+05   2.9602051e+01
   8.0788700e+05   3.0761719e+01
   8.0799400e+05   3.1799316e+01
   8.0810400e+05   2.3010254e+01
   8.0844800e+05   2.5085449e+01
   8.0857900e+05   2.5390625e+01
   8.0876300e+05   2.6489258e+01
   8.0897800e+05   2.7770996e+01
   8.0928900e+05   2.9663086e+01
   8.4189500e+05   3.0944824e+01
   8.4226700e+05   3.1433105e+01
   8.4268700e+05   3.1311035e+01
   8.4390800e+05   3.7475586e+01
   8.4404600e+05   3.1066895e+01
   8.4422200e+05   2.8381348e+01
   8.6712900e+05   4.2358398e+01
   8.6747100e+05   3.7780762e+01
   8.6838300e+05   3.2775879e+01
   9.0045300e+05   4.1015625e+01
   9.0394700e+05   3.9062500e+01
   9.0405300e+05   3.7292480e+01
   9.0414200e+05   2.9357910e+01
   9.0425100e+05   2.3986816e+01
   9.0441600e+05   3.3569336e+01
   9.0461300e+05   2.7648926e+01
   9.0488600e+05   3.2592773e+01
   9.0508100e+05   2.6794434e+01
   9.0543400e+05   3.2409668e+01
   9.3383200e+05   3.5400391e+01
   9.4427100e+05   2.5146484e+01
   9.4435300e+05   3.7780762e+01
   9.4444600e+05   3.0334473e+01
   9.4453700e+05   2.8503418e+01
   9.4460100e+05   2.3315430e+01
   9.4462200e+05   2.2888184e+01
   9.4471400e+05   2.1972656e+01
   9.4480400e+05   2.3742676e+01
   9.4489600e+05   2.2033691e+01
   9.4505100e+05   2.1179199e+01
   9.4521300e+05   3.5400391e+01
   9.4539700e+05   2.6000977e+01
   9.4555700e+05   2.1667480e+01
   9.4575900e+05   2.7648926e+01
   9.4595600e+05   2.8381348e+01
   9.4631600e+05   3.1250000e+01
   9.8536100e+05   3.5644531e+01
   9.8581500e+05   3.3142090e+01
   9.8621900e+05   3.2775879e+01
   9.8657700e+05   3.6682129e+01
   9.8778600e+05   3.5827637e+01
   9.8797600e+05   3.4973145e+01
   9.8820100e+05   2.7404785e+01
   9.8842700e+05   3.2409668e+01
   9.8873700e+05   3.8818359e+01
   9.8909900e+05   3.3325195e+01
   1.0205040e+06   3.5949707e+01
   1.0440820e+06   3.8574219e+01
   1.0443710e+06   3.7597656e+01
   1.0445420e+06   3.2348633e+01
   1.0449580e+06   3.9306641e+01
   1.0451720e+06   3.1188965e+01
   1.0453550e+06   3.3569336e+01
   1.0454990e+06   2.8137207e+01
   1.0456390e+06   2.7038574e+01
   1.0458500e+06   2.9724121e+01
   1.0460090e+06   2.6855469e+01
   1.0461940e+06   2.8320313e+01
   1.0464050e+06   2.6123047e+01
   1.0466680e+06   2.5024414e+01
   1.0469380e+06   2.4353027e+01
   1.0471960e+06   2.2399902e+01
   1.0649610e+06   4.3090820e+01
   1.0650570e+06   3.1188965e+01
   1.0651510e+06   3.1860352e+01
   1.0652540e+06   2.5146484e+01
   1.0653670e+06   2.3742676e+01
   1.0655010e+06   2.2155762e+01
   1.0656670e+06   2.4902344e+01
   1.0658420e+06   2.7709961e+01
   1.0659820e+06   2.1850586e+01
   1.0661860e+06   2.9968262e+01
   1.0664340e+06   2.3254395e+01
   1.0667620e+06   3.3142090e+01
   1.1100290e+06   4.2236328e+01
   1.1101510e+06   3.4973145e+01
   1.1102550e+06   2.8076172e+01
   1.1103610e+06   2.6000977e+01
   1.1104720e+06   3.0395508e+01
   1.1105960e+06   2.9052734e+01
   1.1107520e+06   2.1789551e+01
   1.1109130e+06   2.5390625e+01
   1.1111220e+06   2.7709961e+01
   1.1113030e+06   2.3864746e+01
   1.1115730e+06   2.5756836e+01
   1.1120620e+06   3.1066895e+01
   1.1454950e+06   3.3447266e+01
   1.1629060e+06   3.3691406e+01
   1.1815300e+06   3.9672852e+01
   1.1822040e+06   3.4118652e+01
   1.1959360e+06   3.3874512e+01
   1.2295970e+06   3.4912109e+01
   1.2299020e+06   2.3315430e+01
   1.2299570e+06   3.1799316e+01
   1.2301460e+06   4.1381836e+01
   1.2303640e+06   2.8137207e+01
   1.2305470e+06   2.6977539e+01
   1.2308400e+06   3.0273438e+01
   1.2310650e+06   3.3630371e+01
   1.2312820e+06   2.6245117e+01
   1.2345770e+06   5.0048828e+01
   1.2346610e+06   2.9174805e+01
   1.2347470e+06   2.1667480e+01
   1.2349420e+06   2.2705078e+01
   1.2353430e+06   2.3681641e+01
   1.2357770e+06   2.3864746e+01
   1.2360120e+06   2.3864746e+01
   1.2363500e+06   2.7648926e+01
   1.2719400e+06   3.8330078e+01
   1.2722510e+06   3.0700684e+01
   1.2725070e+06   3.5583496e+01
   1.2729450e+06   3.9611816e+01
   1.2928980e+06   3.6376953e+01
   1.2939110e+06   3.9184570e+01
   1.2942410e+06   3.3264160e+01
   1.2946270e+06   3.2287598e+01
   1.3167940e+06   3.6071777e+01
   1.3175960e+06   3.6010742e+01
   1.3178500e+06   3.0822754e+01
   1.3243620e+06   2.3132324e+01
   1.3366090e+06   3.9367676e+01
   1.3367010e+06   3.2836914e+01
   1.3367780e+06   2.6489258e+01
   1.3368610e+06   2.5451660e+01
   1.3372100e+06   2.3437500e+01
   1.3373330e+06   2.5207520e+01
   1.3374860e+06   2.3986816e+01
   1.3376560e+06   2.1118164e+01
   1.3378520e+06   2.3681641e+01
   1.3380790e+06   2.8625488e+01
   1.3383340e+06   3.0578613e+01
   1.3788210e+06   4.1625977e+01
   1.3795790e+06   4.0832520e+01
   1.3797190e+06   2.6916504e+01
   1.3800120e+06   3.0395508e+01
   1.4142670e+06   3.6987305e+01
   1.4148920e+06   3.4240723e+01
   1.4152500e+06   3.5400391e+01
   1.4155330e+06   3.2775879e+01
   1.4157710e+06   3.1555176e+01
   1.4160120e+06   2.9785156e+01
   1.4163090e+06   3.0883789e+01
   1.4166860e+06   3.0883789e+01
   1.4170810e+06   2.5695801e+01
   1.4173410e+06   2.6000977e+01
   1.4176380e+06   2.3620605e+01
   1.4537660e+06   3.9184570e+01
   1.4540090e+06   3.9733887e+01
   1.4541710e+06   3.3203125e+01
   1.4544470e+06   3.6621094e+01
   1.4547780e+06   3.4240723e+01
   1.4916100e+06   4.3762207e+01
   1.4921350e+06   3.9611816e+01
   1.4922880e+06   3.3142090e+01
   1.4925310e+06   2.9541016e+01
   1.4927370e+06   3.3691406e+01
   1.4929510e+06   3.3447266e+01
   1.4931680e+06   3.3935547e+01
   1.4933830e+06   2.5024414e+01
   1.4935900e+06   3.1311035e+01
   1.4937250e+06   2.5146484e+01
   1.4940240e+06   3.3325195e+01
   1.4943660e+06   2.7709961e+01
   1.4946710e+06   2.7221680e+01
   1.4969830e+06   2.2216797e+01
   1.5076350e+06   2.1423340e+01
   1.5490620e+06   3.7048340e+01
   1.5493770e+06   3.6499023e+01
   1.5496710e+06   3.5949707e+01
   1.5497900e+06   2.9785156e+01
   1.5501010e+06   3.5217285e+01
   1.5502820e+06   3.5156250e+01
   1.5505910e+06   2.9479980e+01
   1.5507940e+06   2.9113770e+01
   1.5510040e+06   2.3132324e+01
   1.5513890e+06   3.4423828e+01
   1.5515550e+06   2.6733398e+01
   1.5519280e+06   3.1250000e+01
   1.5523680e+06   2.5634766e+01
   1.5724050e+06   3.5705566e+01
   1.5730540e+06   4.2236328e+01
   1.5733630e+06   3.5217285e+01
   1.5738230e+06   3.5461426e+01
   1.5740220e+06   2.8442383e+01
   1.5742230e+06   3.7536621e+01
   1.5744230e+06   3.3630371e+01
   1.5747190e+06   2.8686523e+01
   1.5751880e+06   3.1372070e+01
   1.5939030e+06   3.7414551e+01
   1.5942670e+06   3.1982422e+01
   1.5944440e+06   3.5278320e+01
   1.5948220e+06   3.2592773e+01
   1.5952650e+06   3.2165527e+01
   1.5954140e+06   2.7648926e+01
   1.5957910e+06   3.0151367e+01
   1.6045920e+06   2.2827148e+01
   1.6046440e+06   3.7658691e+01
   1.6047400e+06   2.5329590e+01
   1.6048360e+06   2.7038574e+01
   1.6054370e+06   2.2216797e+01
   1.6055650e+06   2.4047852e+01
   1.6057490e+06   2.5573730e+01
   1.6059680e+06   2.3498535e+01
   1.6062480e+06   2.6123047e+01
   1.6066140e+06   2.7160645e+01
   1.6446080e+06   3.7353516e+01
   1.6452970e+06   3.4484863e+01
   1.6755300e+06   3.6926270e+01
   1.6759180e+06   3.6193848e+01
   1.6762000e+06   4.0344238e+01
   1.6764530e+06   3.3386230e+01
   1.6766450e+06   3.1921387e+01
   1.6768690e+06   3.1677246e+01
   1.6770940e+06   3.1250000e+01
   1.6773260e+06   3.0639648e+01
   1.6776110e+06   3.0212402e+01
   1.6779810e+06   3.2226563e+01
   1.6781640e+06   2.6306152e+01
   1.6785380e+06   2.7404785e+01
   1.6975120e+06   3.8208008e+01
   1.7115820e+06   3.6132813e+01
   1.7147600e+06   3.7109375e+01
   1.7148400e+06   3.0029297e+01
   1.7149150e+06   2.3254395e+01
   1.7154470e+06   2.2094727e+01
   1.7155970e+06   2.9113770e+01
   1.7157330e+06   2.1972656e+01
   1.7158820e+06   2.5878906e+01
   1.7160890e+06   3.1005859e+01
   1.7163580e+06   2.9968262e+01
   1.7166740e+06   2.7465820e+01
   1.7437930e+06   3.8208008e+01
   1.7438920e+06   3.6560059e+01
   1.7439870e+06   3.4118652e+01
   1.7441120e+06   2.4230957e+01
   1.7442110e+06   2.4780273e+01
   1.7443310e+06   2.7587891e+01
   1.7446080e+06   2.2399902e+01
   1.7447560e+06   2.2521973e+01
   1.7448930e+06   2.2216797e+01
   1.7450650e+06   2.8686523e+01
   1.7452840e+06   2.4597168e+01
   1.7457430e+06   2.5390625e+01
   1.7996190e+06   3.7353516e+01
   1.8016480e+06   3.8696289e+01
   1.8043360e+06   3.7658691e+01
   1.8044300e+06   4.1870117e+01
   1.8045180e+06   3.0273438e+01
   1.8046000e+06   2.8686523e+01
   1.8050630e+06   2.2399902e+01
   1.8051920e+06   2.6062012e+01
   1.8053540e+06   2.2766113e+01
   1.8055440e+06   2.4597168e+01
   1.8057770e+06   2.5024414e+01
   1.8060330e+06   3.0212402e+01
   1.8063970e+06   3.0578613e+01
   1.8400400e+06   3.3447266e+01
   1.8652160e+06   3.2287598e+01
   1.8655600e+06   3.7048340e+01
   1.8659460e+06   4.0283203e+01
   1.8809840e+06   3.9733887e+01
   1.8818380e+06   3.5583496e+01
   1.8821230e+06   3.2836914e+01
   1.8936650e+06   3.9428711e+01
   1.8937680e+06   3.1738281e+01
   1.8938640e+06   3.0151367e+01
   1.8942730e+06   2.1667480e+01
   1.8944220e+06   2.5390625e+01
   1.8945650e+06   2.7465820e+01
   1.8947630e+06   2.6977539e+01
   1.8950040e+06   2.8808594e+01
   1.8952280e+06   2.7221680e+01
   1.8956500e+06   3.3630371e+01
   1.9299650e+06   3.9306641e+01
   1.9302830e+06   2.5451660e+01
   1.9305540e+06   3.7780762e+01
   1.9307870e+06   3.8940430e+01
   1.9310150e+06   3.2104492e+01
   1.9313840e+06   3.2409668e+01
   1.9490840e+06   3.4484863e+01
   1.9494030e+06   3.5949707e+01
   1.9665410e+06   3.8024902e+01
   1.9667170e+06   3.1738281e+01
   1.9670510e+06   3.5095215e+01
   1.9673330e+06   3.1188965e+01
   1.9675460e+06   2.7099609e+01
   1.9678200e+06   3.4729004e+01
   1.9680210e+06   3.0639648e+01
   1.9883050e+06   3.2104492e+01
   1.9884690e+06   3.4118652e+01
   1.9888580e+06   4.1137695e+01
   1.9892830e+06   3.4973145e+01
   1.9895370e+06   3.1250000e+01
   2.0196730e+06   3.3508301e+01
   2.0201890e+06   3.4179688e+01
   2.0204270e+06   2.2705078e+01
   2.0207620e+06   3.5095215e+01
   2.0210240e+06   3.8696289e+01
   2.0214760e+06   3.3203125e+01
   2.0218020e+06   3.0090332e+01
   2.0219670e+06   2.1911621e+01
   2.0221690e+06   2.8381348e+01
   2.0224810e+06   2.6611328e+01
   2.0227570e+06   3.1311035e+01
   2.0229910e+06   2.8625488e+01
   2.0232280e+06   2.3254395e+01
   2.0236180e+06   2.8442383e+01
   2.0238210e+06   2.2155762e+01
   2.0241450e+06   2.9174805e+01
   2.0475900e+06   3.8208008e+01
   2.0477580e+06   2.7099609e+01
   2.0480600e+06   3.3935547e+01
   2.0481860e+06   2.2460938e+01
   2.0485900e+06   3.6987305e+01
   2.0487190e+06   2.3681641e+01
   2.0491270e+06   3.6315918e+01
   2.0494440e+06   3.1188965e+01
   2.0538990e+06   2.3132324e+01
   2.0665230e+06   3.7048340e+01
   2.0670690e+06   3.4667969e+01
   2.0891490e+06   3.7048340e+01
   2.0894040e+06   4.0893555e+01
   2.0902600e+06   3.5522461e+01
   2.0905030e+06   3.8085938e+01
   2.0907080e+06   2.9479980e+01
   2.0909530e+06   3.1494141e+01
   2.0911520e+06   2.8625488e+01
   2.0914200e+06   2.3254395e+01
   2.0917600e+06   2.7038574e+01
   2.0921980e+06   2.9968262e+01
   2.0924650e+06   2.4475098e+01
   2.0927320e+06   2.6367188e+01
   2.1163980e+06   3.2775879e+01
   2.1166390e+06   3.0578613e+01
   2.1168440e+06   3.0334473e+01
   2.1171390e+06   3.2714844e+01
   2.1177710e+06   2.6794434e+01
   2.1361430e+06   4.3334961e+01
   2.1364090e+06   3.5278320e+01
   2.1366220e+06   3.5522461e+01
   2.1367820e+06   3.0151367e+01
   2.1369820e+06   2.3620605e+01
   2.1374690e+06   3.0639648e+01
   2.1379430e+06   2.9663086e+01
   2.1385740e+06   3.2409668e+01
   2.1387320e+06   2.2583008e+01
   2.1391680e+06   3.4973145e+01
   2.1393580e+06   2.1301270e+01
   2.1569580e+06   3.5705566e+01
   2.1570470e+06   3.1738281e+01
   2.1571380e+06   3.0456543e+01
   2.1572350e+06   2.6367188e+01
   2.1574440e+06   2.4597168e+01
   2.1575620e+06   2.3620605e+01
   2.1578110e+06   2.3559570e+01
   2.1579870e+06   2.8320313e+01
   2.1583800e+06   2.1667480e+01
   2.1586150e+06   2.6489258e+01
   2.1590130e+06   2.7832031e+01
   2.1962190e+06   3.6621094e+01
   2.1964820e+06   3.0456543e+01
   2.1969420e+06   2.9113770e+01
   2.1972170e+06   3.1372070e+01
   2.1974750e+06   3.5644531e+01
   2.2137090e+06   3.3691406e+01
   2.2141120e+06   3.2897949e+01
   2.2144000e+06   3.7109375e+01
   2.2146970e+06   3.4301758e+01
   2.2291100e+06   3.8635254e+01
   2.2296210e+06   3.4973145e+01
   2.2307180e+06   3.2226563e+01
   2.2507240e+06   3.4179688e+01
   2.2512560e+06   4.2175293e+01
   2.2514310e+06   3.3996582e+01
   2.2516370e+06   3.1555176e+01
   2.2518170e+06   3.2287598e+01
   2.2680800e+06   3.8513184e+01
   2.2683300e+06   3.3569336e+01
   2.2684740e+06   3.1188965e+01
   2.2686570e+06   2.6794434e+01
   2.2688430e+06   3.0883789e+01
   2.2689870e+06   2.3986816e+01
   2.2692510e+06   3.2409668e+01
   2.2694880e+06   3.0761719e+01
   2.2698180e+06   2.6428223e+01
   2.2920700e+06   2.1179199e+01
   2.2929900e+06   3.8879395e+01
   2.2935690e+06   3.4667969e+01
   2.2939610e+06   3.1677246e+01
   2.2941770e+06   3.0944824e+01
   2.2944510e+06   2.7648926e+01
   2.2946490e+06   2.3010254e+01
   2.2949440e+06   3.0395508e+01
   2.2953150e+06   2.7343750e+01
   2.2956750e+06   2.7282715e+01
   2.2959230e+06   2.4475098e+01
   2.3143390e+06   3.7658691e+01
   2.3154860e+06   3.5949707e+01
   2.3156910e+06   3.2165527e+01
   2.3159110e+06   2.9296875e+01
   2.3160750e+06   3.4118652e+01
   2.3163860e+06   3.1433105e+01
   2.3165860e+06   2.7282715e+01
   2.3169210e+06   2.9357910e+01
   2.3172600e+06   2.6306152e+01
   2.3359380e+06   3.7780762e+01
   2.3360370e+06   3.3569336e+01
   2.3361570e+06   2.9602051e+01
   2.3362750e+06   2.2033691e+01
   2.3365160e+06   2.5024414e+01
   2.3366370e+06   2.8320313e+01
   2.3368170e+06   2.3925781e+01
   2.3369790e+06   2.6855469e+01
   2.3372080e+06   2.7221680e+01
   2.3375690e+06   2.9541016e+01
   2.3723100e+06   3.4790039e+01
   2.3732390e+06   3.4729004e+01
   2.3737040e+06   3.1616211e+01
   2.3756810e+06   3.3264160e+01
   2.3759630e+06   3.1982422e+01
   2.3762620e+06   3.2531738e+01
   2.3766710e+06   3.2348633e+01
   2.4041470e+06   3.8024902e+01
   2.4047210e+06   3.1799316e+01
   2.4048820e+06   3.1982422e+01
   2.4050260e+06   3.2165527e+01
   2.4234780e+06   3.6254883e+01
   2.4238090e+06   4.0893555e+01
   2.4240680e+06   3.5705566e+01
   2.4242670e+06   2.3010254e+01
   2.4243050e+06   3.4545898e+01
   2.4245900e+06   3.2897949e+01
   2.4350060e+06   3.6621094e+01
   2.4367860e+06   3.6804199e+01
   2.4375160e+06   3.6071777e+01
   2.4686970e+06   3.6132813e+01
   2.4690740e+06   3.1616211e+01
   2.4694130e+06   3.3325195e+01
   2.4695550e+06   2.6062012e+01
   2.4697300e+06   3.1738281e+01
   2.4699810e+06   3.1066895e+01
   2.4702520e+06   3.3508301e+01
   2.4704780e+06   2.7770996e+01
   2.4708490e+06   2.9663086e+01
   2.4710510e+06   2.4597168e+01
   2.4713860e+06   2.6062012e+01
   2.4895580e+06   3.2470703e+01
   2.4897080e+06   2.9602051e+01
   2.4900820e+06   3.7963867e+01
   2.4903050e+06   3.2043457e+01
   2.4905200e+06   2.6184082e+01
   2.4907900e+06   3.2897949e+01
   2.4909610e+06   2.6611328e+01
   2.4912010e+06   2.5390625e+01
   2.4914370e+06   2.8381348e+01
   2.4916810e+06   2.2155762e+01
   2.4920810e+06   2.7648926e+01
   2.4924510e+06   3.3630371e+01
   2.5084610e+06   3.3020020e+01
   2.5239510e+06   2.4536133e+01
   2.5241120e+06   4.5349121e+01
   2.5242140e+06   3.4362793e+01
   2.5242950e+06   2.6062012e+01
   2.5244150e+06   2.3376465e+01
   2.5245210e+06   2.2766113e+01
   2.5246420e+06   2.3742676e+01
   2.5247660e+06   2.2888184e+01
   2.5249600e+06   2.2766113e+01
   2.5251420e+06   3.0456543e+01
   2.5253770e+06   2.3437500e+01
   2.5256740e+06   3.0395508e+01
   2.5260940e+06   2.4414063e+01
   2.5580120e+06   3.5034180e+01
   2.5666800e+06   3.6926270e+01
   2.5672210e+06   4.5104980e+01
   2.5674500e+06   3.4118652e+01
   2.5677690e+06   3.4790039e+01
   2.5680620e+06   2.9357910e+01
   2.5681850e+06   2.3559570e+01
   2.5686260e+06   2.9785156e+01
   2.5890420e+06   3.9062500e+01
   2.6162990e+06   3.6560059e+01
   2.6165900e+06   3.6987305e+01
   2.6169270e+06   3.1494141e+01
   2.6171140e+06   3.2592773e+01
   2.6173130e+06   3.5095215e+01
   2.6175340e+06   3.0151367e+01
   2.6177180e+06   2.5268555e+01
   2.6181490e+06   3.0090332e+01
   2.6189200e+06   3.4729004e+01
   2.6211210e+06   3.5461426e+01
   2.6212640e+06   2.7160645e+01
   2.6215570e+06   3.3874512e+01
   2.6220130e+06   2.5146484e+01
   2.6473860e+06   3.8940430e+01
   2.6480160e+06   3.5339355e+01
   2.6482040e+06   3.4362793e+01
   2.6658460e+06   3.6743164e+01
   2.6665780e+06   3.3996582e+01
   2.6668420e+06   3.4667969e+01
   2.6891150e+06   3.5766602e+01
   2.6893300e+06   3.7780762e+01
   2.6897850e+06   3.2165527e+01
   2.6900390e+06   3.4301758e+01
   2.6902690e+06   2.8808594e+01
   2.6906920e+06   2.1179199e+01
   2.6909370e+06   2.7404785e+01
   2.6912000e+06   2.9357910e+01
   2.6915060e+06   3.4729004e+01
   2.6920730e+06   3.0334473e+01
   2.7086660e+06   4.2480469e+01
   2.7236130e+06   3.9001465e+01
   2.7237790e+06   3.1127930e+01
   2.7240140e+06   3.5217285e+01
   2.7243610e+06   2.8686523e+01
   2.7377710e+06   3.7475586e+01
   2.7380720e+06   4.3273926e+01
   2.7382500e+06   3.3081055e+01
   2.7384630e+06   2.9418945e+01
   2.7652650e+06   3.8085938e+01
   2.7655380e+06   3.0761719e+01
   2.7657120e+06   3.1799316e+01
   2.7661290e+06   3.3142090e+01
   2.7662910e+06   2.7648926e+01
   2.7665860e+06   2.9846191e+01
   2.7667490e+06   2.9418945e+01
   2.7670380e+06   3.0944824e+01
   2.7672880e+06   2.8076172e+01
   2.7678090e+06   2.7160645e+01
   2.7680640e+06   3.1921387e+01
   2.7685380e+06   2.9541016e+01
   2.7913150e+06   3.5034180e+01
   2.7914670e+06   3.4912109e+01
   2.7916180e+06   3.1616211e+01
   2.7916930e+06   2.2766113e+01
   2.7917890e+06   3.3264160e+01
   2.7919330e+06   2.8320313e+01
   2.7921540e+06   3.1127930e+01
   2.7923730e+06   2.9602051e+01
   2.7926810e+06   2.9357910e+01
   2.8180020e+06   3.8085938e+01
   2.8181420e+06   2.9602051e+01
   2.8183790e+06   3.1677246e+01
   2.8185580e+06   2.1484375e+01
   2.8188600e+06   3.4118652e+01
   2.8273720e+06   3.8513184e+01
   2.8276230e+06   3.5705566e+01
   2.8277640e+06   2.7770996e+01
   2.8280360e+06   3.5888672e+01
   2.8283120e+06   3.0517578e+01
   2.8286750e+06   3.4729004e+01
   2.8289270e+06   2.3986816e+01
   2.8577760e+06   3.7170410e+01
   2.8579640e+06   3.4057617e+01
   2.8581800e+06   3.0090332e+01
   2.8584140e+06   3.6621094e+01
   2.8586390e+06   3.0883789e+01
   2.8588660e+06   2.5878906e+01
   2.8590050e+06   2.1179199e+01
   2.8592440e+06   2.6794434e+01
   2.8594970e+06   3.2958984e+01
   2.8596580e+06   3.0883789e+01
   2.8598850e+06   2.3193359e+01
   2.8603410e+06   2.7404785e+01
   2.8605600e+06   2.6916504e+01
   2.8608670e+06   2.6916504e+01
   2.8611020e+06   2.5390625e+01
   2.8616010e+06   2.5939941e+01
   2.8851880e+06   3.6132813e+01
   2.8854460e+06   3.3447266e+01
   2.8860940e+06   3.6193848e+01
   2.8862580e+06   2.7709961e+01
   2.8864590e+06   3.0822754e+01
   2.8865970e+06   3.1188965e+01
   2.8869290e+06   2.9357910e+01
   2.8871190e+06   3.3325195e+01
   2.8875040e+06   3.5156250e+01
   2.8877060e+06   2.5695801e+01
   2.8879350e+06   2.5268555e+01
   2.8881280e+06   2.2827148e+01
   2.8884800e+06   2.7526855e+01
   2.9146550e+06   2.8381348e+01
   2.9149090e+06   3.5461426e+01
   2.9151360e+06   3.6315918e+01
   2.9153810e+06   3.1860352e+01
   2.9155710e+06   3.0761719e+01
   2.9158180e+06   3.0517578e+01
   2.9160550e+06   2.4475098e+01
   2.9163540e+06   2.7648926e+01
   2.9168580e+06   2.5756836e+01
   2.9170820e+06   2.4414063e+01
   2.9175370e+06   2.5634766e+01
   2.9177880e+06   2.7160645e+01
   2.9181870e+06   3.3447266e+01
   2.9183910e+06   2.7038574e+01
   2.9188020e+06   2.3986816e+01
   2.9338620e+06   2.1606445e+01
   2.9343240e+06   3.4179688e+01
   2.9345290e+06   2.9968262e+01
   2.9347260e+06   3.1738281e+01
   2.9348950e+06   2.9968262e+01
   2.9350450e+06   2.9113770e+01
   2.9352090e+06   2.2949219e+01
   2.9354120e+06   2.4230957e+01
   2.9357330e+06   3.1066895e+01
   2.9619270e+06   3.1127930e+01
   2.9623590e+06   3.2409668e+01
   2.9627110e+06   3.1799316e+01
   2.9629930e+06   3.5156250e+01
   2.9632320e+06   3.7658691e+01
   2.9634380e+06   2.7404785e+01
   2.9636350e+06   2.3254395e+01
   2.9639160e+06   2.9968262e+01
   2.9641110e+06   2.4230957e+01
   2.9644120e+06   2.6794434e+01
   2.9647030e+06   2.9785156e+01
   2.9650740e+06   3.2714844e+01
   3.0006300e+06   2.7832031e+01
   3.0007170e+06   3.4912109e+01
   3.0008040e+06   3.1738281e+01
   3.0009000e+06   2.6000977e+01
   3.0011880e+06   2.4475098e+01
   3.0013210e+06   2.2338867e+01
   3.0016470e+06   2.5817871e+01
   3.0018470e+06   2.6489258e+01
   3.0022470e+06   2.7832031e+01
   3.0025030e+06   2.4291992e+01
   3.0404360e+06   3.4545898e+01
   3.0410360e+06   3.7170410e+01
   3.0414750e+06   3.6926270e+01
   3.0416430e+06   3.4912109e+01
   3.0418840e+06   2.6733398e+01
   3.0421540e+06   3.1188965e+01
   3.0425100e+06   3.3569336e+01
   3.0426680e+06   2.7465820e+01
   3.0428650e+06   2.7221680e+01
   3.0431640e+06   3.0639648e+01
   3.0479110e+06   2.6855469e+01
   3.0483180e+06   3.6071777e+01
   3.0485750e+06   4.1137695e+01
   3.0488440e+06   3.1555176e+01
   3.0491330e+06   3.0273438e+01
   3.0495060e+06   3.0273438e+01
   3.0498790e+06   2.7038574e+01
   3.0500460e+06   2.3193359e+01
   3.0504440e+06   2.5024414e+01
   3.0509040e+06   2.5939941e+01
   3.0733210e+06   3.6499023e+01
   3.0737580e+06   3.1372070e+01
   3.0740560e+06   3.4790039e+01
   3.0743060e+06   2.8442383e+01
   3.0744660e+06   3.5278320e+01
   3.0747030e+06   3.6315918e+01
   3.0749870e+06   2.5268555e+01
   3.0753400e+06   3.4729004e+01
   3.0756410e+06   3.0517578e+01
   3.0761600e+06   2.9663086e+01
   3.0765500e+06   3.0273438e+01
   3.0769340e+06   3.2104492e+01
   3.0991610e+06   2.1850586e+01
   3.0992720e+06   2.6916504e+01
   3.0993210e+06   2.1728516e+01
   3.0993720e+06   3.1555176e+01
   3.0994610e+06   2.8808594e+01
   3.0995570e+06   2.5634766e+01
   3.1000540e+06   2.6733398e+01
   3.1002050e+06   2.8198242e+01
   3.1003670e+06   2.1606445e+01
   3.1006680e+06   2.2583008e+01
   3.1011010e+06   3.1311035e+01
   3.1360650e+06   4.0710449e+01
   3.1363250e+06   3.9001465e+01
   3.1366620e+06   3.1433105e+01
   3.1368590e+06   2.7099609e+01
   3.1371040e+06   3.6132813e+01
   3.1379440e+06   2.9479980e+01
   3.1599940e+06   3.4973145e+01
   3.1601990e+06   3.6071777e+01
   3.1605230e+06   3.7170410e+01
   3.1607120e+06   3.3264160e+01
   3.1611550e+06   3.7414551e+01
   3.1613230e+06   3.0090332e+01
   3.1618300e+06   3.4301758e+01
   3.1619820e+06   2.1911621e+01
   3.1623440e+06   3.1066895e+01
   3.1628680e+06   2.6367188e+01
   3.1636560e+06   3.1188965e+01
   3.1873170e+06   2.8442383e+01
   3.1874910e+06   3.2470703e+01
   3.1877410e+06   3.6560059e+01
   3.1879870e+06   2.8442383e+01
   3.1883500e+06   3.1127930e+01
   3.1885480e+06   2.8320313e+01
   3.1888990e+06   3.2653809e+01
   3.1891560e+06   3.2104492e+01
   3.1894090e+06   3.1738281e+01
   3.1896480e+06   3.3996582e+01
   3.1899170e+06   2.6062012e+01
   3.1903490e+06   2.5817871e+01
   3.1906780e+06   2.8137207e+01
   3.1911290e+06   2.8869629e+01
   3.1916170e+06   2.2521973e+01
   3.1918780e+06   2.3315430e+01
   3.1922570e+06   2.5146484e+01
   3.2321640e+06   3.7414551e+01
   3.2324630e+06   3.5034180e+01
   3.2326390e+06   3.1616211e+01
   3.2327600e+06   2.4230957e+01
   3.2329490e+06   2.9907227e+01
   3.2332170e+06   3.0517578e+01
   3.2334510e+06   2.8503418e+01
   3.2337270e+06   2.5329590e+01
   3.2339830e+06   3.5217285e+01
   3.2342610e+06   2.4719238e+01
   3.2345120e+06   2.7221680e+01
   3.2348440e+06   2.6611328e+01
   3.2600670e+06   3.2165527e+01
   3.2602770e+06   2.4658203e+01
   3.2605390e+06   4.0222168e+01
   3.2607130e+06   3.1860352e+01
   3.2609610e+06   2.7526855e+01
   3.2612240e+06   2.9235840e+01
   3.2615120e+06   2.9541016e+01
   3.2617550e+06   2.9602051e+01
   3.2619820e+06   3.0273438e+01
   3.2622330e+06   2.7221680e+01
   3.2625910e+06   2.4902344e+01
   3.2629370e+06   2.5756836e+01
   3.2631620e+06   2.7709961e+01
   3.2634830e+06   2.4291992e+01
   3.2867980e+06   4.4555664e+01
   3.2869020e+06   3.4912109e+01
   3.2869850e+06   2.4902344e+01
   3.2870820e+06   2.4780273e+01
   3.2873030e+06   2.3376465e+01
   3.2874420e+06   2.3071289e+01
   3.2875610e+06   2.2888184e+01
   3.2878830e+06   2.3437500e+01
   3.2880990e+06   2.1728516e+01
   3.2883380e+06   3.1616211e+01
   3.3171770e+06   3.8208008e+01
   3.3174430e+06   3.0334473e+01
   3.3176390e+06   2.8564453e+01
   3.3180470e+06   2.8503418e+01
   3.3182640e+06   2.9113770e+01
   3.3185720e+06   2.9724121e+01
   3.3188020e+06   2.6977539e+01
   3.3189890e+06   2.9602051e+01
   3.3192710e+06   2.6550293e+01
   3.3195070e+06   2.2827148e+01
   3.3197660e+06   3.0334473e+01
   3.3200710e+06   2.6367188e+01
   3.3505500e+06   3.1555176e+01
   3.3509390e+06   3.9978027e+01
   3.3511660e+06   2.2277832e+01
   3.3511940e+06   3.3874512e+01
   3.3513980e+06   2.4169922e+01
   3.3516740e+06   2.7282715e+01
   3.3519690e+06   3.4484863e+01
   3.3522550e+06   3.0273438e+01
   3.3525010e+06   3.3447266e+01
   3.3528660e+06   2.8198242e+01
   3.3750800e+06   3.9184570e+01
   3.3754140e+06   3.7292480e+01
   3.3758180e+06   3.6376953e+01
   3.3760310e+06   3.2470703e+01
   3.3762670e+06   2.9846191e+01
   3.3764780e+06   2.9785156e+01
   3.3766850e+06   3.2653809e+01
   3.3768800e+06   2.4780273e+01
   3.3771890e+06   2.5634766e+01
   3.3774420e+06   2.6977539e+01
   3.3777190e+06   3.1066895e+01
   3.3779430e+06   2.4963379e+01
   3.3781500e+06   2.4169922e+01
   3.3786510e+06   3.2836914e+01
   3.4073660e+06   3.6987305e+01
   3.4077310e+06   3.4179688e+01
   3.4080430e+06   3.5827637e+01
   3.4083690e+06   3.5522461e+01
   3.4085690e+06   3.0151367e+01
   3.4088000e+06   2.7526855e+01
   3.4090400e+06   2.9846191e+01
   3.4092180e+06   2.5634766e+01
   3.4094510e+06   2.8442383e+01
   3.4097270e+06   3.0578613e+01
   3.4100130e+06   3.4240723e+01
   3.4105050e+06   3.1372070e+01
   3.4109640e+06   2.4047852e+01
   3.4111620e+06   2.3315430e+01
   3.4117590e+06   2.2216797e+01
   3.4396050e+06   3.5156250e+01
   3.4398000e+06   3.6193848e+01
   3.4399930e+06   3.0517578e+01
   3.4401710e+06   3.0273438e+01
   3.4404180e+06   3.5461426e+01
   3.4406960e+06   3.1616211e+01
   3.4410610e+06   2.6794434e+01
   3.4412670e+06   3.0456543e+01
   3.4416310e+06   2.5085449e+01
   3.4419360e+06   2.9357910e+01
   3.4422200e+06   2.6977539e+01
   3.4425040e+06   2.5451660e+01
   3.4696840e+06   3.7170410e+01
   3.4699250e+06   3.2592773e+01
   3.4701590e+06   3.4057617e+01
   3.4703670e+06   3.3203125e+01
   3.4705550e+06   2.9113770e+01
   3.4707810e+06   2.4414063e+01
   3.4710530e+06   2.5573730e+01
   3.4713680e+06   2.7893066e+01
   3.4716340e+06   2.8930664e+01
   3.4719190e+06   2.9541016e+01
   3.4722140e+06   2.5695801e+01
   3.4726220e+06   2.7343750e+01
   3.4728780e+06   3.0944824e+01
   3.4868370e+06   4.2907715e+01
   3.4872700e+06   2.9602051e+01
   3.4874940e+06   2.7709961e+01
   3.4877290e+06   3.0151367e+01
   3.4880610e+06   2.9541016e+01
   3.4883870e+06   2.8442383e+01
   3.4887980e+06   3.2897949e+01
   3.4892300e+06   2.8991699e+01
   3.5075310e+06   3.7231445e+01
   3.5078890e+06   3.5156250e+01
   3.5082210e+06   2.9785156e+01
   3.5084680e+06   3.3264160e+01
   3.5087420e+06   2.7282715e+01
   3.5090360e+06   3.2531738e+01
   3.5093860e+06   2.9296875e+01
   3.5099160e+06   2.7221680e+01
   3.5233660e+06   4.0405273e+01
   3.5234620e+06   3.0029297e+01
   3.5235400e+06   2.4902344e+01
   3.5236350e+06   2.1118164e+01
   3.5237690e+06   2.3376465e+01
   3.5243780e+06   2.3742676e+01
   3.5245880e+06   2.9724121e+01
   3.5251200e+06   2.4353027e+01
   3.5612580e+06   3.0212402e+01
   3.5616160e+06   3.8146973e+01
   3.5619120e+06   3.1616211e+01
   3.5623200e+06   3.2104492e+01
   3.5625900e+06   3.3752441e+01
   3.5628420e+06   3.2897949e+01
   3.5734740e+06   3.4790039e+01
   3.5737060e+06   3.1799316e+01
   3.5739050e+06   3.0456543e+01
   3.5742550e+06   3.1738281e+01
   3.5744660e+06   3.0883789e+01
   3.5746750e+06   3.1372070e+01
   3.5748780e+06   2.7709961e+01
   3.5751030e+06   2.9968262e+01
   3.5754360e+06   2.5146484e+01
   3.5758450e+06   2.4230957e+01
   3.5845490e+06   3.1494141e+01
   3.5847140e+06   2.3681641e+01
   3.5849710e+06   3.3081055e+01
   3.5852390e+06   3.2836914e+01
   3.5857780e+06   2.9968262e+01
   3.6178550e+06   3.9611816e+01
   3.6180900e+06   4.1870117e+01
   3.6183780e+06   3.7902832e+01
   3.6186220e+06   3.7780762e+01
   3.6188140e+06   3.1982422e+01
   3.6192140e+06   3.6743164e+01
   3.6197160e+06   3.0090332e+01
   3.6312640e+06   3.5522461e+01
   3.6313660e+06   3.2409668e+01
   3.6314570e+06   2.7648926e+01
   3.6315620e+06   2.3010254e+01
   3.6317660e+06   2.2399902e+01
   3.6321030e+06   2.4108887e+01
   3.6322920e+06   2.2766113e+01
   3.6326900e+06   2.3010254e+01
   3.6331590e+06   3.1616211e+01
   3.6635950e+06   3.2592773e+01
   3.6642930e+06   3.8757324e+01
   3.6650160e+06   3.7048340e+01
   3.6653240e+06   3.5095215e+01
   3.6655020e+06   3.2043457e+01
   3.6659210e+06   3.3203125e+01
   3.6662400e+06   3.1066895e+01
   3.6959920e+06   3.5034180e+01
   3.6962550e+06   3.6315918e+01
   3.6965930e+06   2.8259277e+01
   3.7292100e+06   3.7658691e+01
   3.7294790e+06   3.2409668e+01
   3.7298320e+06   3.4973145e+01
   3.7302220e+06   2.8137207e+01
   3.7307400e+06   3.2165527e+01
   3.7309260e+06   2.8381348e+01
   3.7311570e+06   2.6550293e+01
   3.7335640e+06   3.8940430e+01
   3.7338130e+06   2.6184082e+01
   3.7343760e+06   2.4169922e+01
   3.7610040e+06   3.6621094e+01
   3.7613280e+06   3.4240723e+01
   3.7617350e+06   3.4301758e+01
   3.7620850e+06   3.3691406e+01
   3.8028540e+06   3.9611816e+01
   3.8033560e+06   3.4118652e+01
   3.8036350e+06   3.2592773e+01
   3.8283010e+06   3.1677246e+01
   3.8285180e+06   4.0283203e+01
   3.8287730e+06   3.6254883e+01
   3.8291430e+06   3.0334473e+01
   3.8295700e+06   2.6489258e+01
   3.8519540e+06   3.3264160e+01
   3.8526030e+06   3.5888672e+01
   3.8527700e+06   2.1667480e+01
   3.8530430e+06   3.1005859e+01
   3.8946820e+06   3.3691406e+01
   3.9159400e+06   3.7597656e+01
   3.9298560e+06   3.6010742e+01
   3.9395150e+06   3.4851074e+01
   3.9396590e+06   2.8442383e+01
   3.9399050e+06   2.9602051e+01
   3.9402830e+06   3.2653809e+01
   3.9407870e+06   3.7536621e+01
   3.9412000e+06   4.0405273e+01
   3.9660210e+06   3.1982422e+01
   3.9689830e+06   3.3020020e+01
   3.9691980e+06   2.7587891e+01
   3.9701160e+06   3.9733887e+01
   3.9704120e+06   3.7475586e+01
   3.9707930e+06   3.6010742e+01
   3.9834120e+06   3.3996582e+01
   4.0000090e+06   3.7292480e+01
   4.0147480e+06   3.5095215e+01
   4.0154170e+06   3.6804199e+01
   4.0169930e+06   3.5400391e+01
   4.0171610e+06   3.5156250e+01
   4.0312580e+06   3.1677246e+01
   4.0316650e+06   3.3203125e+01
   4.0323490e+06   3.2409668e+01
   4.0367060e+06   2.9479980e+01
   4.0588860e+06   3.2836914e+01
   4.1056710e+06   3.7597656e+01
   4.1066760e+06   3.4423828e+01
   4.1070610e+06   3.8391113e+01
   4.1073650e+06   3.2409668e+01
   4.1076130e+06   2.9968262e+01
   4.1078520e+06   2.9602051e+01
   4.1080860e+06   2.8991699e+01
   4.1087100e+06   3.0090332e+01
   4.1249180e+06   3.4912109e+01
   4.1254170e+06   3.3813477e+01
   4.1449530e+06   3.2836914e+01
   4.1481470e+06   3.6987305e+01
   4.1482460e+06   2.9907227e+01
   4.1483440e+06   2.3254395e+01
   4.1484490e+06   2.4047852e+01
   4.1485600e+06   2.2399902e+01
   4.1486600e+06   2.4475098e+01
   4.1487840e+06   2.1179199e+01
   4.1489540e+06   2.1728516e+01
   4.1491480e+06   3.2653809e+01
   4.1494280e+06   2.8991699e+01
   4.1497500e+06   2.4108887e+01
   4.2392390e+06   4.1931152e+01
   4.2393460e+06   3.5095215e+01
   4.2394450e+06   2.6245117e+01
   4.2395500e+06   2.7709961e+01
   4.2396630e+06   3.1127930e+01
   4.2397740e+06   2.7099609e+01
   4.2399110e+06   2.6245117e+01
   4.2400980e+06   2.5329590e+01
   4.2403210e+06   2.4475098e+01
   4.2405470e+06   2.6306152e+01
   4.2408820e+06   2.6733398e+01
   4.2412710e+06   3.2348633e+01
   4.3086810e+06   3.7414551e+01
   4.3087790e+06   3.1250000e+01
   4.3088710e+06   3.1799316e+01
   4.3089610e+06   2.2521973e+01
   4.3090490e+06   2.2827148e+01
   4.3091400e+06   2.6123047e+01
   4.3092430e+06   2.3925781e+01
   4.3093620e+06   2.4353027e+01
   4.3096290e+06   2.1484375e+01
   4.3097780e+06   2.4658203e+01
   4.3099590e+06   2.1606445e+01
   4.3102520e+06   3.4362793e+01
   4.3105960e+06   2.9357910e+01
   4.4650190e+06   3.2409668e+01
   4.5399750e+06   3.2470703e+01
   4.5724120e+06   3.7780762e+01
   4.5726390e+06   4.1015625e+01
   4.5728670e+06   3.8696289e+01
   4.5730680e+06   3.1127930e+01
   4.5733080e+06   3.1005859e+01
   4.5735720e+06   3.1433105e+01
   4.5739160e+06   3.1433105e+01
   4.5742060e+06   3.0517578e+01
   4.5746600e+06   3.2470703e+01
   4.6059950e+06   4.0527344e+01
   4.6061260e+06   2.9907227e+01
   4.6062670e+06   3.0761719e+01
   4.6064150e+06   2.5695801e+01
   4.6065820e+06   3.4973145e+01
   4.6067350e+06   3.1677246e+01
   4.6069220e+06   2.7954102e+01
   4.6071840e+06   3.3020020e+01
   4.6073430e+06   2.4719238e+01
   4.6077120e+06   3.6193848e+01
   4.6081180e+06   3.4484863e+01
   4.6390580e+06   3.2531738e+01
   4.6393100e+06   3.7536621e+01
   4.6395180e+06   3.0151367e+01
   4.6397970e+06   2.9785156e+01
   4.6401120e+06   3.3020020e+01
   4.6402570e+06   3.2104492e+01
   4.6406310e+06   3.3020020e+01
   4.6410630e+06   2.9113770e+01
   4.7120600e+06   2.1911621e+01
   4.7125670e+06   4.0100098e+01
   4.7127200e+06   3.6437988e+01
   4.7128200e+06   2.8991699e+01
   4.7129100e+06   3.0761719e+01
   4.7135600e+06   2.5817871e+01
   4.7139120e+06   2.2216797e+01
   4.7141720e+06   2.7526855e+01
   4.7144900e+06   3.1555176e+01
   4.8104690e+06   3.9245605e+01
   4.8108220e+06   4.0771484e+01
   4.8112390e+06   4.3395996e+01
   4.8114380e+06   3.0395508e+01
   4.8117340e+06   2.7404785e+01
   4.8123260e+06   3.1616211e+01
   4.8126730e+06   3.0944824e+01
   4.8129780e+06   3.4362793e+01
   4.8131570e+06   2.9724121e+01
   4.8133300e+06   2.5146484e+01
   4.8135650e+06   2.6000977e+01
   4.8138740e+06   2.4230957e+01
   4.8141390e+06   2.5878906e+01
   4.8500000e+06   4.2358398e+01
   4.8507210e+06   3.6987305e+01
   4.8512790e+06   3.8940430e+01
   4.8514040e+06   3.5217285e+01
   4.8519400e+06   2.4353027e+01
   4.8520920e+06   3.1250000e+01
   4.8522690e+06   2.2766113e+01
   4.8524730e+06   2.5390625e+01
   4.8527160e+06   3.1433105e+01
   4.8531130e+06   2.9907227e+01
   4.9042350e+06   3.8696289e+01
   4.9043430e+06   3.5339355e+01
   4.9044350e+06   2.8869629e+01
   4.9045410e+06   2.8503418e+01
   4.9046860e+06   2.5573730e+01
   4.9048020e+06   2.4780273e+01
   4.9050540e+06   2.5573730e+01
   4.9052420e+06   2.4841309e+01
   4.9054350e+06   2.9113770e+01
   4.9057020e+06   3.1921387e+01
   4.9060310e+06   2.7404785e+01
   4.9455680e+06   3.8879395e+01
   4.9456760e+06   2.9113770e+01
   4.9457850e+06   3.1494141e+01
   4.9459040e+06   3.1982422e+01
   4.9460330e+06   2.9724121e+01
   4.9461590e+06   2.4230957e+01
   4.9463040e+06   2.3071289e+01
   4.9464700e+06   2.8259277e+01
   4.9466240e+06   2.4780273e+01
   4.9468120e+06   2.7526855e+01
   4.9470600e+06   2.9296875e+01
   4.9474900e+06   3.2470703e+01
   5.0514330e+06   3.7597656e+01
   5.1075340e+06   3.3874512e+01
   5.1082140e+06   3.5583496e+01
   5.1086470e+06   3.7536621e+01
   5.1088870e+06   2.9602051e+01
   5.1092460e+06   3.3264160e+01
   5.1368190e+06   3.0456543e+01
   5.1418250e+06   2.1911621e+01
   5.1502590e+06   3.9001465e+01
   5.1897800e+06   4.0161133e+01
   5.2067690e+06   2.1179199e+01
   5.2257370e+06   3.5339355e+01
   5.2266530e+06   3.8574219e+01
   5.2269460e+06   3.1066895e+01
   5.2274020e+06   3.6682129e+01
   5.2414290e+06   3.7658691e+01
   5.2415150e+06   3.1982422e+01
   5.2416030e+06   2.7221680e+01
   5.2416990e+06   2.1972656e+01
   5.2418010e+06   2.6428223e+01
   5.2419550e+06   2.3620605e+01
   5.2421080e+06   2.3803711e+01
   5.2422980e+06   2.4719238e+01
   5.2424790e+06   2.4841309e+01
   5.2426750e+06   2.3681641e+01
   5.2429100e+06   2.7832031e+01
   5.2431960e+06   2.9418945e+01
   5.2438500e+06   2.9052734e+01
   5.3108480e+06   3.4729004e+01
   5.3111890e+06   2.9541016e+01
   5.3114570e+06   3.3874512e+01
   5.3118560e+06   2.9602051e+01
   5.3121210e+06   4.0527344e+01
   5.3123850e+06   3.1066895e+01
   5.3126290e+06   2.7587891e+01
   5.3130300e+06   3.1433105e+01
   5.3133220e+06   2.7404785e+01
   5.3515950e+06   4.1931152e+01
   5.3519900e+06   4.0710449e+01
   5.3522240e+06   2.9418945e+01
   5.3524950e+06   3.2165527e+01
   5.3526880e+06   3.2287598e+01
   5.3529230e+06   2.8747559e+01
   5.3531750e+06   2.8625488e+01
   5.3533870e+06   2.9235840e+01
   5.3536500e+06   2.7954102e+01
   5.3541240e+06   3.0334473e+01
   5.3857240e+06   3.7963867e+01
   5.3858260e+06   3.3935547e+01
   5.3859220e+06   2.5451660e+01
   5.3860190e+06   2.9663086e+01
   5.3861320e+06   2.9113770e+01
   5.3862400e+06   2.8808594e+01
   5.3863690e+06   2.5390625e+01
   5.3865020e+06   2.8564453e+01
   5.3866340e+06   2.2155762e+01
   5.3868540e+06   3.0578613e+01
   5.3870270e+06   2.3193359e+01
   5.3873000e+06   3.4362793e+01
   5.4158170e+06   3.6254883e+01
   5.4160010e+06   3.2775879e+01
   5.4161880e+06   3.0700684e+01
   5.4163520e+06   3.4851074e+01
   5.4166420e+06   3.5461426e+01
   5.4169630e+06   3.7597656e+01
   5.4172730e+06   2.4475098e+01
   5.4175860e+06   3.1799316e+01
   5.4178680e+06   2.6794434e+01
   5.4681020e+06   4.4677734e+01
   5.4686470e+06   3.2958984e+01
   5.4688320e+06   3.0944824e+01
   5.4690380e+06   2.9785156e+01
   5.4693000e+06   3.3203125e+01
   5.4696780e+06   2.8747559e+01
   5.4698910e+06   2.6916504e+01
   5.4965310e+06   3.8940430e+01
   5.4969230e+06   3.6743164e+01
   5.5218190e+06   4.2114258e+01
   5.5219740e+06   3.4179688e+01
   5.5221600e+06   3.6926270e+01
   5.5224000e+06   3.2409668e+01
   5.5226460e+06   3.5888672e+01
   5.5228190e+06   3.2958984e+01
   5.5230250e+06   3.1555176e+01
   5.5232750e+06   3.4729004e+01
   5.5236770e+06   2.9296875e+01
   5.5239140e+06   2.7648926e+01
   5.5242930e+06   3.3020020e+01
   5.5248230e+06   2.7465820e+01
   5.5593870e+06   3.8391113e+01
   5.5596970e+06   2.9968262e+01
   5.5600830e+06   3.7475586e+01
   5.5603750e+06   3.8879395e+01
   5.5606980e+06   3.4667969e+01
   5.5608840e+06   3.1311035e+01
   5.5612380e+06   3.0517578e+01
   5.5616070e+06   3.2592773e+01
   5.5620370e+06   2.7221680e+01
   5.5627520e+06   2.6855469e+01
   5.5630960e+06   2.7160645e+01
   5.5633390e+06   2.8198242e+01
   5.5636750e+06   2.9663086e+01
   5.5646410e+06   2.1667480e+01
   5.5650180e+06   2.9907227e+01
   5.5979710e+06   3.3569336e+01
   5.5982530e+06   3.0639648e+01
   5.5985040e+06   3.1616211e+01
   5.5987650e+06   2.8503418e+01
   5.5989880e+06   3.8574219e+01
   5.5992110e+06   2.7526855e+01
   5.5995850e+06   2.6062012e+01
   5.5998900e+06   3.2958984e+01
   5.6001920e+06   3.1738281e+01
   5.6153720e+06   4.0466309e+01
   5.6154660e+06   2.7526855e+01
   5.6155550e+06   2.8808594e+01
   5.6156460e+06   2.1972656e+01
   5.6159770e+06   2.1362305e+01
   5.6166610e+06   2.3620605e+01
   5.6168540e+06   2.9418945e+01
   5.6171890e+06   2.6367188e+01
   5.6744190e+06   3.5766602e+01
   5.6746940e+06   2.2155762e+01
   5.6748950e+06   3.3081055e+01
   5.6751670e+06   2.8991699e+01
   5.6753980e+06   3.3874512e+01
   5.6756100e+06   3.5644531e+01
   5.6758690e+06   3.1005859e+01
   5.6764140e+06   2.8747559e+01
   5.6766460e+06   2.3254395e+01
   5.6769070e+06   3.5583496e+01
   5.6781120e+06   3.6499023e+01
   5.6782720e+06   2.4475098e+01
   5.6784850e+06   2.3498535e+01
   5.6787640e+06   2.9479980e+01
   5.6790650e+06   2.4780273e+01
   5.7056360e+06   3.6071777e+01
   5.7059010e+06   3.5217285e+01
   5.7061690e+06   2.9479980e+01
   5.7064470e+06   3.7597656e+01
   5.7068720e+06   2.9907227e+01
   5.7071810e+06   2.5390625e+01
   5.7088090e+06   2.9846191e+01
   5.7090440e+06   2.6306152e+01
   5.7093080e+06   2.8808594e+01
   5.7099610e+06   2.7343750e+01
   5.7290640e+06   3.0578613e+01
   5.7293820e+06   3.0029297e+01
   5.7296690e+06   3.0395508e+01
   5.7300630e+06   2.9846191e+01
   5.7303240e+06   2.9479980e+01
   5.7563860e+06   3.0334473e+01
   5.7570760e+06   3.3874512e+01
   5.7572590e+06   2.6306152e+01
   5.7574560e+06   2.5634766e+01
   5.7576540e+06   3.1555176e+01
   5.7580040e+06   3.2043457e+01
   5.7583300e+06   3.1677246e+01
   5.7598370e+06   2.6306152e+01
   5.7724650e+06   3.0944824e+01
   5.7727250e+06   3.5644531e+01
   5.7731770e+06   2.9968262e+01
   5.7733510e+06   2.8625488e+01
   5.7735100e+06   2.8930664e+01
   5.7740770e+06   2.9296875e+01
   5.7743680e+06   2.7954102e+01
   5.7748650e+06   2.8930664e+01
   5.7960770e+06   4.3701172e+01
   5.7963210e+06   3.5766602e+01
   5.7967560e+06   2.9907227e+01
   5.7969820e+06   3.5766602e+01
   5.7972410e+06   3.0395508e+01
   5.7975190e+06   3.1738281e+01
   5.7977280e+06   2.8015137e+01
   5.8058730e+06   3.1799316e+01
   5.8062460e+06   3.4484863e+01
   5.8471590e+06   3.6254883e+01
   5.8475220e+06   3.0517578e+01
   5.8478490e+06   3.1372070e+01
   5.8480330e+06   3.3630371e+01
   5.8483580e+06   2.6550293e+01
   5.8486030e+06   3.2348633e+01
   5.8487320e+06   3.3264160e+01
   5.8489190e+06   2.8442383e+01
   5.8490800e+06   2.4963379e+01
   5.8492660e+06   2.1789551e+01
   5.8494920e+06   2.3498535e+01
   5.8497880e+06   2.4536133e+01
   5.8503010e+06   2.3132324e+01
   5.8764150e+06   3.0334473e+01
   5.8768580e+06   3.4973145e+01
   5.8772340e+06   3.3569336e+01
   5.8774910e+06   4.2785645e+01
   5.8777450e+06   3.7048340e+01
   5.8780120e+06   2.6245117e+01
   5.8782190e+06   2.1911621e+01
   5.8784490e+06   3.0212402e+01
   5.8787360e+06   3.1860352e+01
   5.8789320e+06   2.2705078e+01
   5.8796240e+06   2.8259277e+01
   5.8802070e+06   3.0517578e+01
   5.9117540e+06   3.6499023e+01
   5.9120460e+06   3.3569336e+01
   5.9122330e+06   2.7465820e+01
   5.9125000e+06   3.3386230e+01
   5.9127250e+06   3.4729004e+01
   5.9130110e+06   3.1250000e+01
   5.9132980e+06   2.3742676e+01
   5.9271510e+06   3.3020020e+01
   5.9272600e+06   2.8076172e+01
   5.9273710e+06   3.4729004e+01
   5.9274760e+06   2.3742676e+01
   5.9275920e+06   2.1545410e+01
   5.9279230e+06   2.9296875e+01
   5.9281040e+06   2.4719238e+01
   5.9283070e+06   2.9785156e+01
   5.9285570e+06   2.2155762e+01
   5.9620110e+06   3.6499023e+01
   5.9622160e+06   2.9418945e+01
   5.9626080e+06   3.0395508e+01
   5.9628650e+06   3.4790039e+01
   5.9632670e+06   3.0883789e+01
   5.9636310e+06   2.9846191e+01
   5.9638310e+06   2.9663086e+01
   5.9641450e+06   2.3925781e+01
   5.9645630e+06   2.8137207e+01
   5.9651660e+06   3.0700684e+01
   5.9907810e+06   2.9968262e+01
   5.9912750e+06   3.2714844e+01
   5.9915010e+06   3.1127930e+01
   5.9919320e+06   3.4057617e+01
   6.0174610e+06   3.4179688e+01
   6.0180390e+06   3.3752441e+01
   6.0182540e+06   3.4973145e+01
   6.0185440e+06   3.3203125e+01
   6.0188300e+06   3.0761719e+01
   6.0200770e+06   3.1250000e+01
   6.0202680e+06   3.2592773e+01
   6.0204300e+06   2.7038574e+01
   6.0205770e+06   2.6794434e+01
   6.0207990e+06   2.9724121e+01
   6.0210170e+06   2.5695801e+01
   6.0213320e+06   2.7832031e+01
   6.0354630e+06   3.8085938e+01
   6.0355580e+06   2.0812988e+01
   6.0356650e+06   2.5085449e+01
   6.0358920e+06   2.5146484e+01
   6.0360280e+06   2.1057129e+01
   6.0362680e+06   2.5817871e+01
   6.0364150e+06   2.3315430e+01
   6.0365830e+06   2.6672363e+01
   6.0370850e+06   2.4780273e+01
   6.0376510e+06   2.8442383e+01
   6.0594660e+06   3.1921387e+01
   6.0600400e+06   3.3874512e+01
   6.0603810e+06   3.7414551e+01
   6.0608450e+06   3.1250000e+01
   6.0915790e+06   3.4057617e+01
   6.0921480e+06   3.2226563e+01
   6.0927870e+06   3.4667969e+01
   6.1025820e+06   4.3884277e+01
   6.1026690e+06   2.5146484e+01
   6.1027580e+06   2.5024414e+01
   6.1032820e+06   2.4169922e+01
   6.1034360e+06   2.1911621e+01
   6.1035920e+06   2.0751953e+01
   6.1037600e+06   2.0874023e+01
   6.1039440e+06   3.1188965e+01
   6.1041610e+06   2.5268555e+01
   6.1046290e+06   2.9052734e+01
   6.1399130e+06   3.1311035e+01
   6.1883860e+06   3.7841797e+01
   6.1884820e+06   2.4658203e+01
   6.1885700e+06   2.3254395e+01
   6.1886630e+06   2.6794434e+01
   6.1889510e+06   2.1728516e+01
   6.1889820e+06   2.2338867e+01
   6.1892100e+06   2.1057129e+01
   6.1895170e+06   2.3315430e+01
   6.1896920e+06   2.6733398e+01
   6.1898730e+06   2.8503418e+01
   6.1901880e+06   2.5695801e+01
   6.2495490e+06   3.5522461e+01
   6.2879430e+06   3.3569336e+01
   6.3296140e+06   3.6376953e+01
   6.3298790e+06   3.1433105e+01
   6.3301010e+06   3.1372070e+01
   6.3302820e+06   3.3447266e+01
   6.3304500e+06   2.9785156e+01
   6.3307950e+06   3.2043457e+01
   6.3311160e+06   3.0883789e+01
   6.3314190e+06   3.2958984e+01
   6.3318120e+06   3.3081055e+01
   6.3321300e+06   2.1118164e+01
   6.3323040e+06   3.2714844e+01
   6.3537210e+06   3.0151367e+01
   6.3539000e+06   3.4179688e+01
   6.3540200e+06   2.0812988e+01
   6.3541580e+06   3.5705566e+01
   6.3542900e+06   2.3376465e+01
   6.3544410e+06   3.1921387e+01
   6.3545570e+06   2.4963379e+01
   6.3549310e+06   3.0151367e+01
   6.3551780e+06   2.9174805e+01
   6.3554580e+06   2.5512695e+01
   6.3561180e+06   2.7099609e+01
   6.4003620e+06   3.8024902e+01
   6.4006370e+06   3.7597656e+01
   6.4009880e+06   2.9113770e+01
   6.4012030e+06   3.1372070e+01
   6.4014650e+06   3.8085938e+01
   6.4022190e+06   3.0151367e+01
   6.4027600e+06   2.8686523e+01
   6.4030900e+06   2.8076172e+01
   6.4032970e+06   2.3803711e+01
   6.4035940e+06   2.5634766e+01
   6.4175030e+06   3.9184570e+01
   6.4176180e+06   3.2043457e+01
   6.4177220e+06   2.8625488e+01
   6.4178300e+06   2.0751953e+01
   6.4179800e+06   2.7221680e+01
   6.4181890e+06   2.5512695e+01
   6.4184480e+06   3.2287598e+01
   6.4186920e+06   2.7465820e+01
   6.4191200e+06   2.9174805e+01
   6.5223610e+06   3.5095215e+01
   6.5226760e+06   3.0334473e+01
   6.5228530e+06   2.0935059e+01
   6.5229530e+06   3.5583496e+01
   6.5232720e+06   3.2714844e+01
   6.5234250e+06   3.3691406e+01
   6.5237300e+06   3.1433105e+01
   6.5239880e+06   3.3508301e+01
   6.5243370e+06   2.9785156e+01
   6.5316110e+06   3.5095215e+01
   6.5317130e+06   3.3447266e+01
   6.5318230e+06   3.0456543e+01
   6.5319300e+06   2.5634766e+01
   6.5326940e+06   2.5817871e+01
   6.5329660e+06   2.6062012e+01
   6.5333230e+06   2.6916504e+01
   6.5799370e+06   3.3447266e+01
   6.6225580e+06   3.8269043e+01
   6.6227870e+06   3.8269043e+01
   6.6230980e+06   2.8137207e+01
   6.6234210e+06   3.0578613e+01
   6.6240040e+06   3.3874512e+01
   6.6430210e+06   2.0812988e+01
   6.6702810e+06   3.6682129e+01
   6.6710530e+06   3.3325195e+01
   6.6928470e+06   3.7414551e+01
   6.7033990e+06   2.9541016e+01
   6.7135770e+06   2.0690918e+01
   6.7137610e+06   3.5278320e+01
   6.7140770e+06   3.4179688e+01
   6.7150940e+06   3.4973145e+01
   6.7153420e+06   3.4667969e+01
   6.7156200e+06   3.3447266e+01
   6.7157700e+06   2.5024414e+01
   6.7372080e+06   3.3142090e+01
   6.7381900e+06   3.6621094e+01
   6.7383560e+06   3.1860352e+01
   6.7385630e+06   2.9113770e+01
   6.7388490e+06   3.1616211e+01
   6.7392810e+06   3.5034180e+01
   6.7394890e+06   2.5085449e+01
   6.7584160e+06   3.6804199e+01
   6.7587810e+06   3.9245605e+01
   6.7944820e+06   3.9123535e+01
   6.8137480e+06   3.4973145e+01
   6.8284090e+06   4.0222168e+01
   6.8285010e+06   3.1799316e+01
   6.8285910e+06   2.8564453e+01
   6.8286760e+06   2.6000977e+01
   6.8287680e+06   2.1606445e+01
   6.8290120e+06   2.3620605e+01
   6.8292700e+06   2.1667480e+01
   6.8296220e+06   2.4963379e+01
   6.8298480e+06   2.4841309e+01
   6.8300840e+06   2.4475098e+01
   6.8305150e+06   2.4475098e+01
   6.8557690e+06   2.9479980e+01
   6.8869990e+06   3.8085938e+01
   6.8874930e+06   3.4179688e+01
   6.8879700e+06   3.1127930e+01
   6.8883390e+06   2.8564453e+01
   6.8885960e+06   3.5339355e+01
   6.8887850e+06   2.6733398e+01
   6.8893450e+06   3.3874512e+01
   6.8897280e+06   3.6193848e+01
   6.8900190e+06   2.7160645e+01
   6.9149880e+06   2.7587891e+01
   6.9152290e+06   3.3935547e+01
   6.9443350e+06   3.7170410e+01
   6.9445550e+06   2.2521973e+01
   6.9446840e+06   3.1250000e+01
   6.9451450e+06   3.2775879e+01
   6.9454630e+06   3.5583496e+01
   6.9695820e+06   3.6132813e+01
   6.9697550e+06   3.3874512e+01
   6.9699200e+06   3.1982422e+01
   6.9701350e+06   3.4118652e+01
   6.9705100e+06   2.6855469e+01
   6.9709120e+06   2.7404785e+01
   6.9712120e+06   3.0700684e+01
   6.9715100e+06   2.3254395e+01
   6.9854050e+06   3.4973145e+01
   6.9855140e+06   3.1066895e+01
   6.9856420e+06   2.4169922e+01
   6.9857630e+06   2.8625488e+01
   6.9858730e+06   2.1911621e+01
   6.9860410e+06   2.7587891e+01
   6.9864130e+06   2.8808594e+01
   6.9866710e+06   2.8869629e+01
   6.9872040e+06   2.3986816e+01
   7.0796000e+06   4.1870117e+01
   7.0796980e+06   3.2836914e+01
   7.0798200e+06   3.4423828e+01
   7.0799330e+06   2.6794434e+01
   7.0800390e+06   2.2827148e+01
   7.0801640e+06   2.4047852e+01
   7.0803100e+06   2.7343750e+01
   7.0804620e+06   2.6977539e+01
   7.0806630e+06   2.3193359e+01
   7.0808810e+06   2.7221680e+01
   7.0811320e+06   2.2583008e+01
   7.1209080e+06   3.1433105e+01
   7.1216420e+06   2.6062012e+01
   7.1522810e+06   2.9296875e+01
   7.1526350e+06   3.6804199e+01
   7.1529970e+06   3.2287598e+01
   7.1533530e+06   3.4851074e+01
   7.1535800e+06   3.2836914e+01
   7.1538710e+06   3.6621094e+01
   7.1540680e+06   2.9724121e+01
   7.1544250e+06   2.9235840e+01
   7.1547840e+06   3.1005859e+01
   7.2017160e+06   3.7231445e+01
   7.2019260e+06   3.4057617e+01
   7.2027080e+06   3.4667969e+01
   7.2029570e+06   3.8940430e+01
   7.2034320e+06   2.9052734e+01
   7.2035950e+06   3.5400391e+01
   7.2039220e+06   3.2653809e+01
   7.2048970e+06   2.8869629e+01
   7.2051340e+06   3.1982422e+01
   7.2054150e+06   2.8015137e+01
   7.2056920e+06   2.3437500e+01
   7.2059910e+06   2.7954102e+01
   7.2062660e+06   2.5024414e+01
   7.2067810e+06   2.8076172e+01
   7.2281520e+06   3.6437988e+01
   7.2285300e+06   3.4118652e+01
   7.2525370e+06   3.2653809e+01
   7.2528190e+06   2.8320312e+01
   7.2531440e+06   3.1005859e+01
   7.2533950e+06   3.3203125e+01
   7.2537150e+06   2.6672363e+01
   7.2539270e+06   2.8015137e+01
   7.2542600e+06   3.3081055e+01
   7.2544650e+06   2.3620605e+01
   7.2547850e+06   2.7770996e+01
   7.2550420e+06   3.1494141e+01
   7.2552100e+06   2.5878906e+01
   7.2556080e+06   2.0690918e+01
   7.2558590e+06   2.4658203e+01
   7.2932290e+06   3.3996582e+01
   7.2934310e+06   3.5095215e+01
   7.2936130e+06   3.2836914e+01
   7.2937900e+06   2.9602051e+01
   7.2940960e+06   3.1738281e+01
   7.2942900e+06   2.6367188e+01
   7.2945390e+06   3.0273438e+01
   7.2948700e+06   2.9602051e+01
   7.2952710e+06   3.4851074e+01
   7.2955580e+06   2.6794434e+01
   7.2958750e+06   2.8869629e+01
   7.2963040e+06   2.6794434e+01
   7.3531190e+06   3.9123535e+01
   7.3532060e+06   2.9174805e+01
   7.3532870e+06   2.9296875e+01
   7.3533650e+06   2.1118164e+01
   7.3535520e+06   2.1240234e+01
   7.3536500e+06   2.0751953e+01
   7.3538930e+06   2.5268555e+01
   7.3540380e+06   2.6245117e+01
   7.3541940e+06   2.4597168e+01
   7.3543860e+06   2.6367188e+01
   7.3546040e+06   2.4291992e+01
   7.3548720e+06   3.1677246e+01
   7.3552150e+06   2.3986816e+01
   7.4352500e+06   3.6499023e+01
   7.4360700e+06   3.5156250e+01
   7.4362730e+06   3.6071777e+01
   7.4364820e+06   3.0395508e+01
   7.4366910e+06   2.7343750e+01
   7.4369210e+06   2.5390625e+01
   7.4372870e+06   2.7954102e+01
   7.4375000e+06   2.7404785e+01
   7.4376540e+06   3.0395508e+01
   7.4378960e+06   2.1789551e+01
   7.4381210e+06   2.7038574e+01
   7.4384080e+06   2.5634766e+01
   7.4388350e+06   3.1860352e+01
   7.4766470e+06   3.8757324e+01
   7.5014880e+06   3.9184570e+01
   7.5019030e+06   3.5644531e+01
   7.5020390e+06   2.8747559e+01
   7.5022620e+06   3.1311035e+01
   7.5026060e+06   3.3142090e+01
   7.5338310e+06   3.6193848e+01
   7.5339270e+06   2.2583008e+01
   7.5339380e+06   2.5939941e+01
   7.5340270e+06   3.1982422e+01
   7.5341260e+06   3.5644531e+01
   7.5341910e+06   2.2827148e+01
   7.5343450e+06   2.3620605e+01
   7.5344630e+06   2.2338867e+01
   7.5347240e+06   2.2644043e+01
   7.5349010e+06   2.5817871e+01
   7.5355080e+06   2.6367187e+01
   7.5358280e+06   2.2949219e+01
   7.5773090e+06   3.6132813e+01
   7.5788130e+06   3.0090332e+01
   7.6354500e+06   3.4362793e+01
   7.6371570e+06   3.1982422e+01
   7.6373720e+06   3.9062500e+01
   7.6376880e+06   3.1677246e+01
   7.6379330e+06   3.2165527e+01
   7.6392470e+06   3.3752441e+01
   7.6394600e+06   2.6672363e+01
   7.6397180e+06   2.9907227e+01
   7.6400330e+06   3.0517578e+01
   7.6824030e+06   3.8269043e+01
   7.6828650e+06   2.9846191e+01
   7.6831480e+06   3.7658691e+01
   7.6838200e+06   3.0944824e+01
   7.6840890e+06   3.5949707e+01
   7.6842620e+06   3.0700684e+01
   7.6845440e+06   2.8442383e+01
   7.6848360e+06   2.6672363e+01
   7.6853140e+06   2.5939941e+01
   7.7345210e+06   2.9174805e+01
   7.7346240e+06   2.8015137e+01
   7.7347270e+06   2.2521973e+01
   7.7348270e+06   3.1677246e+01
   7.7349440e+06   2.8747559e+01
   7.7350830e+06   2.4291992e+01
   7.7352380e+06   3.7292480e+01
   7.7354870e+06   3.0395508e+01
   7.7357130e+06   2.9235840e+01
   7.7361860e+06   2.6428223e+01
   7.7637340e+06   3.4667969e+01
   7.7639890e+06   2.3071289e+01
   7.7643460e+06   3.3447266e+01
   7.7651220e+06   3.2897949e+01
   7.7656110e+06   3.1372070e+01
   7.7847050e+06   3.4301758e+01
   7.8029170e+06   3.6865234e+01
   7.8034460e+06   3.4973145e+01
   7.8035920e+06   2.4047852e+01
   7.8037750e+06   2.1301270e+01
   7.8037860e+06   3.3935547e+01
   7.8040410e+06   2.5390625e+01
   7.8040610e+06   2.6428223e+01
   7.8044630e+06   3.6315918e+01
   7.8047900e+06   3.8757324e+01
   7.8050740e+06   2.7099609e+01
   7.8053690e+06   2.7221680e+01
   7.8056460e+06   3.3630371e+01
   7.8060610e+06   2.9296875e+01
   7.8593530e+06   4.0283203e+01
   7.8595700e+06   3.6926270e+01
   7.8596720e+06   2.0690918e+01
   7.8597710e+06   3.2409668e+01
   7.8599810e+06   3.4973145e+01
   7.8604000e+06   3.5095215e+01
   7.8606710e+06   3.3203125e+01
   7.8609590e+06   2.9113770e+01
   7.8613620e+06   2.8625488e+01
   7.8616830e+06   2.3864746e+01
   7.8814480e+06   2.3193359e+01
   7.8943400e+06   3.6071777e+01
   7.8946770e+06   3.3264160e+01
   7.8951440e+06   3.4179688e+01
   7.8957600e+06   3.2714844e+01
   7.9286350e+06   3.3935547e+01
   7.9288720e+06   3.4973145e+01
   7.9292500e+06   3.4057617e+01
   7.9295230e+06   3.0029297e+01
   7.9298000e+06   3.4057617e+01
   7.9301100e+06   2.8320313e+01
   7.9302850e+06   2.1179199e+01
   7.9587430e+06   3.7414551e+01
   7.9588090e+06   2.2155762e+01
   7.9589200e+06   3.0212402e+01
   7.9591750e+06   2.9296875e+01
   7.9593520e+06   3.3264160e+01
   7.9597060e+06   2.9907227e+01
   7.9600600e+06   2.5085449e+01
   7.9604610e+06   2.9602051e+01
   7.9612160e+06   2.5512695e+01
   7.9855620e+06   3.7109375e+01
   7.9858640e+06   3.6315918e+01
   7.9860780e+06   2.8625488e+01
   7.9863400e+06   3.8269043e+01
   7.9866870e+06   2.9113770e+01
   7.9871920e+06   2.8808594e+01
   8.0171550e+06   3.3569336e+01
   8.0174320e+06   3.6254883e+01
   8.0176770e+06   2.6733398e+01
   8.0177620e+06   2.2277832e+01
   8.0178940e+06   3.4484863e+01
   8.0183220e+06   2.7343750e+01
   8.0266090e+06   2.1301270e+01
   8.0344260e+06   3.4240723e+01
   8.0345140e+06   3.0700684e+01
   8.0345970e+06   2.1484375e+01
   8.0346850e+06   2.3132324e+01
   8.0353140e+06   2.0751953e+01
   8.0354840e+06   2.5207520e+01
   8.0356910e+06   2.2827148e+01
   8.0359350e+06   3.0578613e+01
   8.0361940e+06   2.3681641e+01
   8.0881220e+06   3.3325195e+01
   8.0885490e+06   3.2592773e+01
   8.0890680e+06   3.4851074e+01
   8.0894180e+06   3.2104492e+01
   8.0896760e+06   3.5095215e+01
   8.0900840e+06   2.9846191e+01
   8.0903240e+06   3.6315918e+01
   8.0907390e+06   3.1677246e+01
   8.1135790e+06   3.8208008e+01
   8.1135930e+06   2.1545410e+01
   8.1140780e+06   3.1616211e+01
   8.1141720e+06   2.0874023e+01
   8.1152870e+06   3.1250000e+01
   8.1156620e+06   3.6437988e+01
   8.1157890e+06   2.8259277e+01
   8.1158840e+06   3.0639648e+01
   8.1159850e+06   2.5695801e+01
   8.1164160e+06   2.1667480e+01
   8.1168770e+06   2.1301270e+01
   8.1171310e+06   2.4902344e+01
   8.1175190e+06   3.0700684e+01
   8.1563050e+06   3.7963867e+01
   8.1568230e+06   3.1860352e+01
   8.1570300e+06   3.3996582e+01
   8.1574150e+06   2.9296875e+01
   8.1578370e+06   4.0771484e+01
   8.1693880e+06   2.3559570e+01
   8.1825630e+06   2.0874023e+01
   8.1828100e+06   3.1311035e+01
   8.1830980e+06   3.4240723e+01
   8.1832710e+06   3.3813477e+01
   8.1835610e+06   3.1677246e+01
   8.1837740e+06   2.8991699e+01
   8.1842910e+06   2.7587891e+01
   8.1847370e+06   3.3020020e+01
   8.2084140e+06   3.3264160e+01
   8.2088000e+06   4.1198730e+01
   8.2090280e+06   2.9174805e+01
   8.2094050e+06   3.0029297e+01
   8.2281840e+06   3.5705566e+01
   8.2285090e+06   3.1494141e+01
   8.2288130e+06   3.1982422e+01
   8.2291240e+06   3.0578613e+01
   8.2523920e+06   3.3569336e+01
   8.2527380e+06   3.7414551e+01
   8.2530450e+06   3.2897949e+01
   8.2533050e+06   3.0700684e+01
   8.2535990e+06   2.9235840e+01
   8.2783430e+06   3.3691406e+01
   8.2786040e+06   3.0639648e+01
   8.2789610e+06   3.2592773e+01
   8.2794030e+06   3.5034180e+01
   8.2798130e+06   3.4973145e+01
   8.2802060e+06   2.7709961e+01
   8.2804450e+06   2.7282715e+01
   8.2984510e+06   3.6499023e+01
   8.2987340e+06   2.1972656e+01
   8.2987560e+06   3.5095215e+01
   8.2996400e+06   3.4118652e+01
   8.2999400e+06   3.3264160e+01
   8.3001980e+06   2.7709961e+01
   8.3004610e+06   3.2043457e+01
   8.3258670e+06   4.2236328e+01
   8.3260400e+06   3.4423828e+01
   8.3263220e+06   3.3508301e+01
   8.3268250e+06   3.9062500e+01
   8.3272290e+06   2.8137207e+01
   8.3496360e+06   3.4912109e+01
   8.3499240e+06   3.1616211e+01
   8.3503430e+06   3.2592773e+01
   8.3654610e+06   3.8452148e+01
   8.3835010e+06   3.7658691e+01
   8.3835880e+06   3.2836914e+01
   8.3836510e+06   2.2155762e+01
   8.3836700e+06   2.3071289e+01
   8.3837510e+06   2.1545410e+01
   8.3838440e+06   2.1728516e+01
   8.3839540e+06   2.6367188e+01
   8.3841740e+06   2.2216797e+01
   8.3843030e+06   2.1301270e+01
   8.3844400e+06   2.3559570e+01
   8.3846600e+06   2.9541016e+01
   8.3848410e+06   2.8259277e+01
   8.3851160e+06   3.2836914e+01
   8.3854080e+06   3.0334473e+01
   8.4292600e+06   3.5461426e+01
   8.4522470e+06   3.3325195e+01
   8.4524620e+06   3.5949707e+01
   8.4528340e+06   3.5766602e+01
   8.4532570e+06   3.1677246e+01
   8.4538460e+06   3.2470703e+01
   8.4766300e+06   4.3823242e+01
   8.4769310e+06   3.1860352e+01
   8.4772830e+06   3.4973145e+01
   8.4776160e+06   3.1127930e+01
   8.4779360e+06   2.9235840e+01
   8.4781450e+06   2.6733398e+01
   8.4784360e+06   2.9663086e+01
   8.4790040e+06   3.0090332e+01
   8.4792860e+06   3.4851074e+01
   8.5014500e+06   3.3630371e+01
   8.5036450e+06   3.0578613e+01
   8.5042770e+06   3.2531738e+01
   8.5048020e+06   3.2714844e+01
   8.5265350e+06   3.3203125e+01
   8.5268680e+06   3.6621094e+01
   8.5271910e+06   3.4240723e+01
   8.5275560e+06   2.9174805e+01
   8.5509830e+06   3.5827637e+01
   8.5512880e+06   3.7841797e+01
   8.5517240e+06   3.9978027e+01
   8.5731710e+06   3.7048340e+01
   8.5826880e+06   3.3020020e+01
   8.5830440e+06   3.2409668e+01
   8.5837700e+06   3.3508301e+01
   8.6117350e+06   3.8696289e+01
   8.6120300e+06   3.5888672e+01
   8.6122160e+06   3.9916992e+01
   8.6125900e+06   2.9785156e+01
   8.6127390e+06   2.9663086e+01
   8.6130920e+06   3.1433105e+01
   8.6138120e+06   2.9296875e+01
   8.6173870e+06   3.1433105e+01
   8.6397180e+06   3.2775879e+01
   8.6399740e+06   3.6010742e+01
   8.6402690e+06   3.3447266e+01
   8.6607210e+06   3.6865234e+01
   8.6612740e+06   3.9184570e+01
   8.6616310e+06   2.7343750e+01
   8.6619510e+06   2.8625488e+01
   8.6622200e+06   3.1250000e+01
   8.6624720e+06   2.4475098e+01
   8.6628860e+06   2.3498535e+01
   8.6631410e+06   2.6306152e+01
   8.6635860e+06   3.3081055e+01
   8.6638530e+06   2.9968262e+01
   8.6643710e+06   2.2705078e+01
   8.6649010e+06   2.3376465e+01
   8.7046970e+06   3.3386230e+01
   8.7050500e+06   3.4240723e+01
   8.7052650e+06   4.7302246e+01
   8.7055130e+06   3.3264160e+01
   8.7057310e+06   3.2592773e+01
   8.7059890e+06   3.3508301e+01
   8.7062420e+06   3.4179688e+01
   8.7064660e+06   2.6306152e+01
   8.7067600e+06   3.1860352e+01
   8.7070530e+06   2.8015137e+01
   8.7074980e+06   2.3742676e+01
   8.7272510e+06   3.8208008e+01
   8.7278040e+06   3.4667969e+01
   8.7282780e+06   3.1250000e+01
   8.7285500e+06   2.1850586e+01
   8.7294750e+06   3.4118652e+01
   8.7296350e+06   2.4963379e+01
   8.7300390e+06   3.1372070e+01
   8.7573320e+06   3.3508301e+01
   8.7576560e+06   3.3691406e+01
   8.7579090e+06   3.3508301e+01
   8.7581690e+06   3.2226563e+01
   8.7583370e+06   2.9418945e+01
   8.7585400e+06   2.2827148e+01
   8.7588900e+06   3.5156250e+01
   8.7592930e+06   2.9724121e+01
   8.7595960e+06   2.2277832e+01
   8.7598440e+06   2.5512695e+01
   8.7600970e+06   2.5878906e+01
   8.7602210e+06   2.1240234e+01
   8.7602920e+06   2.7221680e+01
   8.7608850e+06   3.0395508e+01
   8.7820500e+06   3.5461426e+01
   8.7823840e+06   3.0944824e+01
   8.7825720e+06   3.2714844e+01
   8.7828700e+06   2.3864746e+01
   8.7831250e+06   3.0700684e+01
   8.7833530e+06   2.7832031e+01
   8.7836240e+06   2.8564453e+01
   8.7839790e+06   2.4719238e+01
   8.7843200e+06   3.2165527e+01
   8.8101880e+06   3.0944824e+01
   8.8105560e+06   3.6254883e+01
   8.8108370e+06   2.9663086e+01
   8.8113840e+06   3.4973145e+01
   8.8191210e+06   3.2653809e+01
   8.8195470e+06   2.4230957e+01
   8.8197670e+06   2.8686523e+01
   8.8199400e+06   2.6000977e+01
   8.8200830e+06   2.6672363e+01
   8.8203010e+06   2.8320312e+01
   8.8205050e+06   2.4658203e+01
   8.8207930e+06   2.9479980e+01
   8.8209780e+06   2.1362305e+01
   8.8211950e+06   2.1484375e+01
   8.8214590e+06   2.4475098e+01
   8.8217650e+06   2.5390625e+01
   8.8219930e+06   2.0812988e+01
   8.8438580e+06   3.3325195e+01
   8.8440140e+06   3.5583496e+01
   8.8442990e+06   3.0883789e+01
   8.8446260e+06   3.4729004e+01
   8.8450120e+06   3.3325195e+01
   8.8491110e+06   3.1433105e+01
   8.8492300e+06   2.5817871e+01
   8.8494320e+06   2.5817871e+01
   8.8495800e+06   2.2644043e+01
   8.8497350e+06   2.5512695e+01
   8.8500320e+06   2.9479980e+01
   8.8584270e+06   3.5522461e+01
   8.8589120e+06   2.8259277e+01
   8.8593800e+06   3.4240723e+01
   8.8596760e+06   2.5695801e+01
   8.8600000e+06   2.8442383e+01
   8.8602540e+06   2.4719238e+01
   8.8604990e+06   2.3498535e+01
   8.8608070e+06   2.9541016e+01
   8.8611760e+06   2.6855469e+01
   8.8613820e+06   2.6611328e+01
   8.8615910e+06   2.2216797e+01
   8.8619030e+06   2.6733398e+01
   8.8622540e+06   2.2888184e+01
   8.8878320e+06   4.1381836e+01
   8.8880230e+06   3.3569336e+01
   8.8882480e+06   3.1738281e+01
   8.8884680e+06   3.5095215e+01
   8.8886800e+06   3.3996582e+01
   8.8888660e+06   2.1301270e+01
   8.8891330e+06   2.5878906e+01
   8.8893130e+06   2.4291992e+01
   8.8896360e+06   3.2409668e+01
   8.8899000e+06   2.4230957e+01
   8.9107490e+06   3.6254883e+01
   8.9109360e+06   3.4606934e+01
   8.9112520e+06   3.1066895e+01
   8.9114360e+06   2.8930664e+01
   8.9117110e+06   3.4545898e+01
   8.9119030e+06   2.5878906e+01
   8.9121180e+06   2.4108887e+01
   8.9123950e+06   2.9663086e+01
   8.9126190e+06   2.7709961e+01
   8.9128750e+06   2.8259277e+01
   8.9131690e+06   3.1127930e+01
   8.9134220e+06   3.0883789e+01
   8.9137600e+06   2.4169922e+01
   8.9294590e+06   3.2348633e+01
   8.9296730e+06   3.3935547e+01
   8.9298400e+06   2.6306152e+01
   8.9300400e+06   3.1921387e+01
   8.9302600e+06   3.0700684e+01
   8.9304720e+06   2.2644043e+01
   8.9307640e+06   3.1250000e+01
   8.9310840e+06   2.8991699e+01
   8.9314530e+06   3.1738281e+01
   8.9319430e+06   3.2531738e+01
   8.9325250e+06   2.7648926e+01
   8.9532530e+06   3.8330078e+01
   8.9534160e+06   3.1372070e+01
   8.9536210e+06   3.1921387e+01
   8.9537870e+06   3.4912109e+01
   8.9539950e+06   2.8076172e+01
   8.9541780e+06   2.4963379e+01
   8.9543570e+06   2.7099609e+01
   8.9545870e+06   2.4047852e+01
   8.9548730e+06   2.7221680e+01
   8.9551350e+06   3.1066895e+01
   8.9555130e+06   2.5207520e+01
   8.9573350e+06   2.3742676e+01
   8.9686420e+06   3.9001465e+01
   8.9688710e+06   2.9296875e+01
   8.9690780e+06   3.0761719e+01
   8.9692510e+06   2.9968262e+01
   8.9693960e+06   2.4291992e+01
   8.9695740e+06   2.3315430e+01
   8.9697360e+06   2.3071289e+01
   8.9699590e+06   2.9174805e+01
   8.9701540e+06   2.6672363e+01
   8.9704560e+06   2.3498535e+01
   8.9708330e+06   2.8686523e+01
   8.9711080e+06   2.7343750e+01
   9.0084510e+06   3.3874512e+01
   9.0086290e+06   2.7893066e+01
   9.0087580e+06   3.3630371e+01
   9.0089070e+06   3.6926270e+01
   9.0090750e+06   2.4291992e+01
   9.0091120e+06   2.1179199e+01
   9.0092700e+06   2.9235840e+01
   9.0094440e+06   2.5695801e+01
   9.0096800e+06   2.9479980e+01
   9.0099560e+06   2.5024414e+01
   9.0102250e+06   2.7648926e+01
   9.0106550e+06   3.0273438e+01
   9.0114540e+06   2.4475098e+01
   9.0122140e+06   2.7954102e+01
   9.0404910e+06   3.5156250e+01
   9.0406980e+06   3.6804199e+01
   9.0408420e+06   2.6794434e+01
   9.0409980e+06   2.8747559e+01
   9.0411590e+06   2.9724121e+01
   9.0413750e+06   2.4841309e+01
   9.0415390e+06   2.7709961e+01
   9.0417900e+06   2.6489258e+01
   9.0420050e+06   3.2348633e+01
   9.0424200e+06   2.8442383e+01
   9.0428700e+06   3.0212402e+01
   9.0431940e+06   2.8076172e+01
   9.0435320e+06   2.6855469e+01
   9.0612970e+06   3.9062500e+01
   9.0613790e+06   2.8625488e+01
   9.0614640e+06   2.2644043e+01
   9.0621480e+06   2.1118164e+01
   9.0623650e+06   2.5634766e+01
   9.0625330e+06   2.1789551e+01
   9.0625600e+06   2.2216797e+01
   9.0628550e+06   2.9052734e+01
   9.0632140e+06   2.5024414e+01
   9.0991680e+06   3.6865234e+01
   9.0994070e+06   3.1188965e+01
   9.0996020e+06   3.1005859e+01
   9.0998090e+06   3.1188965e+01
   9.0999690e+06   2.8564453e+01
   9.1002140e+06   3.1677246e+01
   9.1004580e+06   2.7587891e+01
   9.1007220e+06   3.2836914e+01
   9.1009550e+06   2.8442383e+01
   9.1012550e+06   2.9907227e+01
   9.1015290e+06   2.2827148e+01
   9.1019520e+06   2.6977539e+01
   9.1024320e+06   2.6428223e+01
   9.1029160e+06   3.1433105e+01
   9.1212970e+06   3.5034180e+01
   9.1215250e+06   3.4729004e+01
   9.1217400e+06   3.1372070e+01
   9.1219700e+06   2.6977539e+01
   9.1221980e+06   2.6550293e+01
   9.1225500e+06   3.1188965e+01
   9.1229140e+06   2.6062012e+01
   9.1234550e+06   2.5146484e+01
   9.1241360e+06   3.2226563e+01
   9.1372650e+06   3.1677246e+01
   9.1374960e+06   3.2104492e+01
   9.1377620e+06   3.3752441e+01
   9.1380420e+06   3.0639648e+01
   9.1384000e+06   2.8686523e+01
   9.1390300e+06   2.5756836e+01
   9.1397540e+06   2.4169922e+01
   9.1702830e+06   3.2409668e+01
   9.1704950e+06   3.4729004e+01
   9.1706800e+06   3.5522461e+01
   9.1708620e+06   2.9968262e+01
   9.1711120e+06   2.9541016e+01
   9.1713460e+06   2.8442383e+01
   9.1715880e+06   3.1921387e+01
   9.1717920e+06   2.3986816e+01
   9.1721380e+06   3.0456543e+01
   9.1726670e+06   2.8991699e+01
   9.2062390e+06   3.5400391e+01
   9.2064090e+06   2.1545410e+01
   9.2064190e+06   3.3813477e+01
   9.2065970e+06   2.5390625e+01
   9.2067800e+06   2.7160645e+01
   9.2070050e+06   3.4179688e+01
   9.2071730e+06   3.1311035e+01
   9.2074230e+06   2.8930664e+01
   9.2076310e+06   2.8808594e+01
   9.2079380e+06   2.3010254e+01
   9.2082830e+06   2.6489258e+01
   9.2240070e+06   3.4301758e+01
   9.2242600e+06   3.1494141e+01
   9.2245720e+06   2.8625488e+01
   9.2248570e+06   3.2470703e+01
   9.2252100e+06   3.2348633e+01
   9.2256340e+06   2.7221680e+01
   9.2259610e+06   2.9846191e+01
   9.2267840e+06   2.6184082e+01
   9.2417460e+06   3.5583496e+01
   9.2419590e+06   3.3874512e+01
   9.2422540e+06   3.3874512e+01
   9.2424600e+06   3.5766602e+01
   9.2427070e+06   2.7160645e+01
   9.2429540e+06   2.5146484e+01
   9.2433320e+06   3.3508301e+01
   9.2439540e+06   2.9113770e+01
   9.2665600e+06   4.1137695e+01
   9.2666500e+06   2.5756836e+01
   9.2667360e+06   2.2949219e+01
   9.2671640e+06   2.7954102e+01
   9.2673310e+06   2.1484375e+01
   9.2674880e+06   2.5512695e+01
   9.2676630e+06   2.4291992e+01
   9.2679110e+06   2.8076172e+01
   9.2682170e+06   2.7160645e+01
   9.2685800e+06   2.2216797e+01
   9.2901000e+06   2.2583008e+01
   9.3056650e+06   3.6621094e+01
   9.3059060e+06   3.1066895e+01
   9.3060970e+06   2.8930664e+01
   9.3063020e+06   3.0090332e+01
   9.3065380e+06   2.9052734e+01
   9.3067920e+06   2.6672363e+01
   9.3070210e+06   3.0639648e+01
   9.3072530e+06   2.7832031e+01
   9.3076180e+06   2.9296875e+01
   9.3080170e+06   3.4729004e+01
   9.3084420e+06   2.5878906e+01
   9.3089190e+06   2.6977539e+01
   9.3354100e+06   3.7658691e+01
   9.3356410e+06   3.7536621e+01
   9.3358750e+06   3.3386230e+01
   9.3361260e+06   2.9418945e+01
   9.3364060e+06   3.1250000e+01
   9.3366400e+06   2.9418945e+01
   9.3370310e+06   2.7954102e+01
   9.3373590e+06   2.5329590e+01
   9.3377580e+06   3.1616211e+01
   9.3381760e+06   2.6428223e+01
   9.3393040e+06   2.4597168e+01
   9.3571380e+06   2.1057129e+01
   9.3609610e+06   3.2836914e+01
   9.3611960e+06   2.7343750e+01
   9.3614040e+06   3.3447266e+01
   9.3616330e+06   2.6489258e+01
   9.3619150e+06   2.8076172e+01
   9.3623160e+06   3.3081055e+01
   9.3628500e+06   2.6367188e+01
   9.3885700e+06   3.4606934e+01
   9.3887790e+06   3.3813477e+01
   9.3889610e+06   3.5400391e+01
   9.3891790e+06   3.8269043e+01
   9.3893950e+06   2.8259277e+01
   9.3896370e+06   2.9846191e+01
   9.3900420e+06   2.7893066e+01
   9.3905120e+06   3.0395508e+01
   9.3907880e+06   2.5817871e+01
   9.3914520e+06   2.9296875e+01
   9.4146360e+06   3.0517578e+01
   9.4149360e+06   3.5705566e+01
   9.4151360e+06   2.8320313e+01
   9.4154440e+06   2.9235840e+01
   9.4157970e+06   2.5390625e+01
   9.4164450e+06   2.7038574e+01
   9.4172360e+06   2.6000977e+01
   9.4178010e+06   2.9479980e+01
   9.4352740e+06   3.0395508e+01
   9.4356450e+06   3.2592773e+01
   9.4359450e+06   4.1748047e+01
   9.4362130e+06   2.8808594e+01
   9.4365230e+06   3.0334473e+01
   9.4368970e+06   3.3752441e+01
   9.4441130e+06   2.9968262e+01
   9.4445070e+06   3.5461426e+01
   9.4448250e+06   3.0029297e+01
   9.4609970e+06   3.3935547e+01
   9.4613610e+06   3.0883789e+01
   9.4619360e+06   2.9113770e+01
   9.4734840e+06   3.4423828e+01
   9.4741110e+06   3.4240723e+01
   9.4747010e+06   3.0029297e+01
   9.4755750e+06   2.9968262e+01
   9.4888780e+06   2.5573730e+01
   9.4893450e+06   3.6682129e+01
   9.4900050e+06   3.7231445e+01
   9.4911770e+06   2.8747559e+01
   9.4914080e+06   2.4719238e+01
   9.4916920e+06   2.8320313e+01
   9.5322470e+06   3.5156250e+01
   9.5325000e+06   3.0212402e+01
   9.5327740e+06   3.4179688e+01
   9.5329740e+06   3.3874512e+01
   9.5331980e+06   3.5766602e+01
   9.5334370e+06   3.2348633e+01
   9.5337290e+06   3.3386230e+01
   9.5341110e+06   3.1616211e+01
   9.5344710e+06   3.2287598e+01
   9.5346590e+06   2.5573730e+01
   9.5354530e+06   3.1494141e+01
   9.5491910e+06   3.1555176e+01
   9.5495450e+06   3.1311035e+01
   9.5498640e+06   3.3264160e+01
   9.5501710e+06   2.6550293e+01
   9.5505790e+06   2.5512695e+01
   9.5514240e+06   3.1860352e+01
   9.5591760e+06   2.2583008e+01
   9.5592860e+06   4.0466309e+01
   9.5593740e+06   3.3325195e+01
   9.5595440e+06   2.3315430e+01
   9.5600440e+06   2.5573730e+01
   9.5601770e+06   2.2399902e+01
   9.5607900e+06   2.4291992e+01
   9.5610700e+06   2.7465820e+01
   9.6258780e+06   3.4484863e+01
   9.6261700e+06   2.9846191e+01
   9.6263780e+06   2.9174805e+01
   9.6265780e+06   2.8320313e+01
   9.6268230e+06   3.0944824e+01
   9.6271150e+06   3.2897949e+01
   9.6275420e+06   2.7282715e+01
   9.6278050e+06   2.8442383e+01
   9.6280870e+06   2.4841309e+01
   9.6284290e+06   2.9663086e+01
   9.6286000e+06   2.4902344e+01
   9.6290660e+06   2.8503418e+01
   9.6294320e+06   2.5451660e+01
   9.6929100e+06   3.8879395e+01
   9.6930090e+06   3.2531738e+01
   9.6930940e+06   3.1677246e+01
   9.6931860e+06   2.3254395e+01
   9.6932800e+06   2.2033691e+01
   9.6933710e+06   2.0751953e+01
   9.6934630e+06   2.1423340e+01
   9.6935790e+06   2.2949219e+01
   9.6935890e+06   2.3498535e+01
   9.6937110e+06   2.3498535e+01
   9.6940070e+06   2.0874023e+01
   9.6941990e+06   2.6550293e+01
   9.6944240e+06   2.3864746e+01
   9.6947110e+06   3.2897949e+01
   9.7891070e+06   3.3935547e+01
   9.8904930e+06   3.2897949e+01
   9.8905760e+06   3.5156250e+01
   9.8906520e+06   2.2766113e+01
   9.8907290e+06   2.2888184e+01
   9.8908180e+06   2.0996094e+01
   9.8911750e+06   2.1850586e+01
   9.8913060e+06   2.1728516e+01
   9.8914630e+06   2.1728516e+01
   9.8916460e+06   2.7648926e+01
   9.8918730e+06   2.3620605e+01
   9.8922150e+06   2.9907227e+01
   9.8925250e+06   2.3742676e+01
   9.9973040e+06   3.2653809e+01
   9.9974190e+06   3.6193848e+01
   9.9975190e+06   2.7099609e+01
   9.9976090e+06   2.3071289e+01
   9.9977040e+06   2.2216797e+01
   9.9984190e+06   2.8320313e+01
   9.9985600e+06   2.1789551e+01
   9.9987430e+06   2.1972656e+01
   9.9989640e+06   2.0935059e+01
   9.9992950e+06   3.0761719e+01
   1.0069181e+07   3.3874512e+01
   1.0146188e+07   3.4118652e+01
   1.0146381e+07   3.7170410e+01
   1.0146602e+07   3.0639648e+01
   1.0146865e+07   3.1433105e+01
   1.0214280e+07   3.4423828e+01
   1.0214476e+07   3.3203125e+01
   1.0214731e+07   3.5522461e+01
   1.0214888e+07   3.4179688e+01
   1.0215062e+07   2.1728516e+01
   1.0215181e+07   3.2165527e+01
   1.0215470e+07   2.2399902e+01
   1.0215626e+07   2.1301270e+01
   1.0215866e+07   2.6794434e+01
   1.0216140e+07   3.1311035e+01
   1.0216433e+07   2.8015137e+01
   1.0309245e+07   3.3020020e+01
   1.0309562e+07   2.8686523e+01
   1.0309947e+07   3.9855957e+01
   1.0310165e+07   3.5644531e+01
   1.0310320e+07   2.8076172e+01
   1.0310463e+07   3.2287598e+01
   1.0310770e+07   2.5695801e+01
   1.0310916e+07   2.4230957e+01
   1.0311358e+07   2.3986816e+01
   1.0311674e+07   2.2583008e+01
   1.0342290e+07   2.1301270e+01
   1.0365027e+07   3.1066895e+01
   1.0365382e+07   3.7292480e+01
   1.0365727e+07   3.7841797e+01
   1.0366026e+07   3.4545898e+01
   1.0366270e+07   3.3447266e+01
   1.0366476e+07   3.0334473e+01
   1.0366655e+07   3.1799316e+01
   1.0366862e+07   2.9907227e+01
   1.0367086e+07   2.5451660e+01
   1.0367346e+07   3.4912109e+01
   1.0367879e+07   2.9907227e+01
   1.0401249e+07   3.1005859e+01
   1.0445217e+07   3.5644531e+01
   1.0445418e+07   3.4118652e+01
   1.0445627e+07   3.2470703e+01
   1.0445921e+07   3.0395508e+01
   1.0446139e+07   3.5949707e+01
   1.0446511e+07   3.3264160e+01
   1.0446723e+07   3.1982422e+01
   1.0446952e+07   2.8808594e+01
   1.0447225e+07   2.8930664e+01
   1.0447454e+07   3.2043457e+01
   1.0447723e+07   2.5390625e+01
   1.0480133e+07   3.7658691e+01
   1.0480618e+07   3.9733887e+01
   1.0552093e+07   4.3090820e+01
   1.0552199e+07   3.2592773e+01
   1.0552291e+07   3.0578613e+01
   1.0552375e+07   2.6000977e+01
   1.0552557e+07   2.1545410e+01
   1.0552676e+07   2.2277832e+01
   1.0552791e+07   2.1240234e+01
   1.0552823e+07   2.1118164e+01
   1.0552916e+07   2.2399902e+01
   1.0553048e+07   2.3315430e+01
   1.0553245e+07   2.1972656e+01
   1.0553427e+07   2.3254395e+01
   1.0553618e+07   2.7160645e+01
   1.0553916e+07   2.6306152e+01
   1.0554339e+07   2.9907227e+01
   1.0623251e+07   3.3325195e+01
   1.0623543e+07   3.2836914e+01
   1.0623737e+07   3.2531738e+01
   1.0624126e+07   3.7170410e+01
   1.0624333e+07   2.7832031e+01
   1.0624563e+07   3.1921387e+01
   1.0624817e+07   2.7221680e+01
   1.0625089e+07   2.8076172e+01
   1.0625429e+07   2.7404785e+01
   1.0625763e+07   2.6733398e+01
   1.0626339e+07   2.6428223e+01
   1.0659450e+07   3.6132813e+01
   1.0659681e+07   3.6132813e+01
   1.0660084e+07   2.9724121e+01
   1.0660348e+07   3.1555176e+01
   1.0660557e+07   3.2043457e+01
   1.0660782e+07   3.0700684e+01
   1.0661000e+07   2.8747559e+01
   1.0661265e+07   2.9968262e+01
   1.0661969e+07   2.8442383e+01
   1.0673960e+07   3.1372070e+01
   1.0674060e+07   2.6550293e+01
   1.0674148e+07   3.0334473e+01
   1.0674237e+07   2.5817871e+01
   1.0674585e+07   2.1667480e+01
   1.0674742e+07   2.2705078e+01
   1.0674910e+07   2.0690918e+01
   1.0675072e+07   2.3071289e+01
   1.0675280e+07   2.8503418e+01
   1.0675576e+07   2.7526855e+01
   1.0675858e+07   2.2399902e+01
   1.0755975e+07   3.3996582e+01
   1.0756238e+07   2.9907227e+01
   1.0798138e+07   3.8330078e+01
   1.0843965e+07   3.2348633e+01
   1.0844342e+07   2.0935059e+01
   1.0870747e+07   4.0893555e+01
   1.0871102e+07   3.2592773e+01
   1.0923635e+07   3.2775879e+01
   1.0945764e+07   3.4362793e+01
   1.0947598e+07   3.6743164e+01
   1.0947817e+07   3.3081055e+01
   1.0948119e+07   3.0273438e+01
   1.0948549e+07   3.8269043e+01
   1.0949276e+07   3.3691406e+01
   1.0964544e+07   3.5400391e+01
   1.1011721e+07   2.0812988e+01
   1.1012219e+07   3.2653809e+01
   1.1036436e+07   3.1005859e+01
   1.1055803e+07   3.3020020e+01
   1.1056144e+07   4.0161133e+01
   1.1081612e+07   3.4973145e+01
   1.1081806e+07   3.1982422e+01
   1.1082080e+07   3.4973145e+01
   1.1082371e+07   3.2775879e+01
   1.1082706e+07   3.7963867e+01
   1.1082899e+07   2.6916504e+01
   1.1083281e+07   3.0822754e+01
   1.1123216e+07   3.5461426e+01
   1.1144223e+07   3.4240723e+01
   1.1165998e+07   3.7536621e+01
   1.1166096e+07   2.9602051e+01
   1.1166176e+07   2.2644043e+01
   1.1166801e+07   2.2949219e+01
   1.1166963e+07   2.2277832e+01
   1.1167118e+07   2.2949219e+01
   1.1167280e+07   2.4841309e+01
   1.1167485e+07   2.6306152e+01
   1.1167723e+07   2.6977539e+01
   1.1168010e+07   2.4108887e+01
   1.1223817e+07   3.2287598e+01
   1.1224384e+07   3.0822754e+01
   1.1224873e+07   2.8808594e+01
   1.1248249e+07   3.7658691e+01
   1.1295632e+07   3.3996582e+01
   1.1318763e+07   3.6743164e+01
   1.1319709e+07   3.2897949e+01
   1.1320150e+07   3.0761719e+01
   1.1320478e+07   3.1616211e+01
   1.1347894e+07   3.4484863e+01
   1.1348305e+07   3.6132813e+01
   1.1373839e+07   3.5949707e+01
   1.1374362e+07   3.5644531e+01
   1.1374739e+07   3.2714844e+01
   1.1375133e+07   2.2521973e+01
   1.1375186e+07   2.9174805e+01
   1.1375525e+07   3.1188965e+01
   1.1398850e+07   3.9672852e+01
   1.1399336e+07   3.2287598e+01
   1.1399632e+07   3.7414551e+01
   1.1400034e+07   3.0334473e+01
   1.1428476e+07   3.2409668e+01
   1.1434368e+07   2.3315430e+01
   1.1443656e+07   3.3508301e+01
   1.1444365e+07   3.4240723e+01
   1.1472778e+07   3.3813477e+01
   1.1473015e+07   3.5522461e+01
   1.1473447e+07   3.5400391e+01
   1.1523783e+07   3.4423828e+01
   1.1523864e+07   3.4912109e+01
   1.1523946e+07   2.8869629e+01
   1.1524033e+07   2.1850586e+01
   1.1524849e+07   2.2216797e+01
   1.1524992e+07   2.1606445e+01
   1.1525181e+07   2.5756836e+01
   1.1525510e+07   2.6367188e+01
   1.1525814e+07   2.9785156e+01
   1.1526153e+07   2.6245117e+01
   1.1570298e+07   3.3752441e+01
   1.1570976e+07   3.0334473e+01
   1.1591763e+07   3.4118652e+01
   1.1592038e+07   3.1616211e+01
   1.1592236e+07   2.4047852e+01
   1.1592698e+07   4.1015625e+01
   1.1612253e+07   3.0761719e+01
   1.1624476e+07   3.9550781e+01
   1.1624556e+07   3.0273438e+01
   1.1624635e+07   2.2521973e+01
   1.1624813e+07   2.1606445e+01
   1.1625434e+07   2.1057129e+01
   1.1625605e+07   2.5695801e+01
   1.1625803e+07   2.4963379e+01
   1.1626019e+07   2.9174805e+01
   1.1626332e+07   2.4963379e+01
   1.1626752e+07   3.1616211e+01
   1.1696709e+07   3.5095215e+01
   1.1697478e+07   3.4179688e+01
   1.1700492e+07   3.2958984e+01
   1.1700899e+07   3.0578613e+01
   1.1701259e+07   3.1066895e+01
   1.1710102e+07   3.3447266e+01
   1.1712051e+07   3.0578613e+01
   1.1738129e+07   3.8574219e+01
   1.1751263e+07   3.8574219e+01
   1.1780439e+07   4.0100098e+01
   1.1782404e+07   3.1616211e+01
   1.1801227e+07   4.0771484e+01
   1.1802184e+07   3.4912109e+01
   1.1829944e+07   2.0751953e+01
   1.1830161e+07   3.8330078e+01
   1.1854852e+07   3.3142090e+01
   1.1855243e+07   3.2104492e+01
   1.1855653e+07   3.2836914e+01
   1.1855848e+07   2.9479980e+01
   1.1856202e+07   2.8320313e+01
   1.1856444e+07   2.9113770e+01
   1.1856688e+07   2.7404785e+01
   1.1856994e+07   3.4973145e+01
   1.1857267e+07   3.0639648e+01
   1.1876897e+07   2.9846191e+01
   1.1877643e+07   3.6254883e+01
   1.1878001e+07   2.7343750e+01
   1.1878626e+07   2.6733398e+01
   1.1878866e+07   3.1311035e+01
   1.1879094e+07   2.9052734e+01
   1.1879387e+07   3.0883789e+01
   1.1906204e+07   3.1250000e+01
   1.1907396e+07   3.3691406e+01
   1.1907639e+07   3.2592773e+01
   1.1908427e+07   3.1860352e+01
   1.1910399e+07   3.0090332e+01
   1.1910766e+07   2.9479980e+01
   1.1936863e+07   3.8940430e+01
   1.1937144e+07   3.5461426e+01
   1.1967948e+07   3.8574219e+01
   1.1968410e+07   3.6376953e+01
   1.1968752e+07   2.1911621e+01
   1.1968981e+07   2.8137207e+01
   1.1969175e+07   3.5644531e+01
   1.1969438e+07   3.1066895e+01
   1.1969862e+07   2.9357910e+01
   1.1971099e+07   3.3996582e+01
   1.1971365e+07   3.4301758e+01
   1.1971647e+07   2.9052734e+01
   1.1971991e+07   3.5522461e+01
   1.1972254e+07   2.8625488e+01
   1.1986636e+07   2.2094727e+01
   1.1998261e+07   3.3081055e+01
   1.1998681e+07   3.6132813e+01
   1.1998944e+07   3.3813477e+01
