   1.1999000e+07   0.0000000e+00
   7.4269000e+04   6.0546875e+01
   7.4308000e+04   3.4973145e+01
   7.4353000e+04   2.0629883e+01
   7.4407000e+04   2.0141602e+01
   7.4465000e+04   1.9042969e+01
   7.5105000e+04   4.1442871e+01
   7.5233000e+04   3.1860352e+01
   1.6640700e+05   5.8166504e+01
   1.6644500e+05   3.0273438e+01
   1.6649900e+05   2.9052734e+01
   1.6655000e+05   1.8920898e+01
   1.6662100e+05   1.8615723e+01
   1.6667400e+05   1.9104004e+01
   1.6694700e+05   2.0019531e+01
   1.6716200e+05   2.3864746e+01
   1.6729100e+05   4.3151855e+01
   1.6751400e+05   4.2419434e+01
   3.1042900e+05   1.8859863e+01
   3.3677000e+05   6.0546875e+01
   3.3682000e+05   3.8818359e+01
   3.3692100e+05   1.9042969e+01
   3.3761200e+05   3.7902832e+01
   3.3779100e+05   4.7424316e+01
   3.3795700e+05   3.6437988e+01
   3.6841200e+05   5.4321289e+01
   3.6846600e+05   4.4189453e+01
   3.6851500e+05   1.9470215e+01
   3.6902000e+05   2.8442383e+01
   3.6910700e+05   2.3071289e+01
   3.7018000e+05   4.5349121e+01
   4.0989800e+05   1.8798828e+01
   4.2773200e+05   5.3771973e+01
   4.2779400e+05   4.1564941e+01
   4.2785600e+05   2.6611328e+01
   4.2861200e+05   4.0466309e+01
   4.2872900e+05   4.1870117e+01
   4.2891900e+05   5.0354004e+01
   4.2911100e+05   4.5715332e+01
   4.9039600e+05   6.7199707e+01
   4.9044600e+05   4.6081543e+01
   4.9049700e+05   2.0568848e+01
   4.9056300e+05   1.8798828e+01
   4.9081100e+05   2.1606445e+01
   4.9090000e+05   2.8564453e+01
   4.9099100e+05   2.3010254e+01
   4.9109400e+05   2.9052734e+01
   4.9156100e+05   5.1574707e+01
   7.0306900e+05   6.2988281e+01
   7.0311700e+05   2.8076172e+01
   7.0317100e+05   2.6367188e+01
   7.6326500e+05   6.5307617e+01
   7.6331200e+05   3.8024902e+01
   7.6390400e+05   2.2949219e+01
   7.6399200e+05   1.9714355e+01
   7.6419500e+05   3.6926270e+01
   7.6430900e+05   3.2653809e+01
   8.0736900e+05   6.1584473e+01
   8.0740900e+05   2.9846191e+01
   8.0745600e+05   3.0273438e+01
   8.0760000e+05   2.1789551e+01
   8.0805900e+05   4.5654297e+01
   8.0815400e+05   2.9541016e+01
   8.0829800e+05   5.3527832e+01
   8.0850000e+05   5.1818848e+01
   8.0870700e+05   5.9509277e+01
   9.0363600e+05   5.5908203e+01
   9.0367600e+05   3.1188965e+01
   9.4414800e+05   6.9213867e+01
   9.4419500e+05   3.2958984e+01
   9.4423700e+05   2.8625488e+01
   9.4428200e+05   1.8615723e+01
   9.4497800e+05   4.2114258e+01
   9.4510100e+05   3.9062500e+01
   9.4533300e+05   4.7668457e+01
   9.8754300e+05   5.9997559e+01
   9.8759400e+05   4.1870117e+01
   9.8766300e+05   2.2949219e+01
   9.8772800e+05   1.9592285e+01
   9.8820100e+05   2.1423340e+01
   1.0449570e+06   6.8298340e+01
   1.0450010e+06   3.5034180e+01
   1.0450510e+06   2.2949219e+01
   1.0451920e+06   2.7343750e+01
   1.0458040e+06   4.7546387e+01
   1.0459630e+06   3.3935547e+01
   1.0647410e+06   5.3894043e+01
   1.0648010e+06   4.6752930e+01
   1.0648740e+06   2.4291992e+01
   1.0649100e+06   1.8920898e+01
   1.0649960e+06   2.3376465e+01
   1.0650580e+06   3.3264160e+01
   1.0652730e+06   1.9409180e+01
   1.0653720e+06   2.1484375e+01
   1.0654760e+06   3.4973145e+01
   1.0657030e+06   4.9072266e+01
   1.1095630e+06   7.2998047e+01
   1.1096400e+06   4.1076660e+01
   1.1096980e+06   2.8442383e+01
   1.1097710e+06   2.3742676e+01
   1.1098500e+06   2.3925781e+01
   1.1099530e+06   3.0151367e+01
   1.1100820e+06   3.0883789e+01
   1.1101940e+06   2.2888184e+01
   1.1102910e+06   2.3376465e+01
   1.1104150e+06   3.8330078e+01
   1.1105190e+06   2.9113770e+01
   1.1106570e+06   4.4860840e+01
   1.1108210e+06   5.5908203e+01
   1.2341920e+06   6.1828613e+01
   1.2342570e+06   4.9682617e+01
   1.2343080e+06   2.5939941e+01
   1.2343680e+06   1.8798828e+01
   1.2345320e+06   1.9348145e+01
   1.2346890e+06   1.8554688e+01
   1.2348690e+06   2.9602051e+01
   1.2351100e+06   3.6804199e+01
   1.2352250e+06   3.4667969e+01
   1.2354130e+06   4.4189453e+01
   1.3364260e+06   6.1889648e+01
   1.3364740e+06   4.1564941e+01
   1.3365310e+06   2.9724121e+01
   1.3371500e+06   2.0874023e+01
   1.3372570e+06   3.0151367e+01
   1.3374340e+06   2.5695801e+01
   1.3376080e+06   5.0231934e+01
   1.3700240e+06   1.9531250e+01
   1.4171650e+06   1.9836426e+01
   1.6044880e+06   5.9570313e+01
   1.6045380e+06   4.3457031e+01
   1.6045850e+06   2.6977539e+01
   1.6046510e+06   2.2094727e+01
   1.6050950e+06   3.1677246e+01
   1.6052110e+06   2.8259277e+01
   1.6053310e+06   2.4841309e+01
   1.6055160e+06   3.6376953e+01
   1.7144400e+06   6.4636230e+01
   1.7144950e+06   4.0405273e+01
   1.7145540e+06   2.7160645e+01
   1.7146270e+06   1.8798828e+01
   1.7148340e+06   1.9470215e+01
   1.7148930e+06   1.9042969e+01
   1.7150150e+06   3.5217285e+01
   1.7151080e+06   3.1494141e+01
   1.7151960e+06   3.0517578e+01
   1.7153170e+06   3.0334473e+01
   1.7156670e+06   4.5837402e+01
   1.7434310e+06   6.1767578e+01
   1.7434770e+06   3.8269043e+01
   1.7435250e+06   2.0751953e+01
   1.7436950e+06   2.2338867e+01
   1.7437630e+06   2.2827148e+01
   1.7438230e+06   1.8920898e+01
   1.7440860e+06   2.4658203e+01
   1.7441120e+06   2.0385742e+01
   1.7443270e+06   4.1748047e+01
   1.7445530e+06   5.0659180e+01
   1.8041530e+06   4.9560547e+01
   1.8042030e+06   3.8818359e+01
   1.8042500e+06   2.2705078e+01
   1.8046810e+06   1.9775391e+01
   1.8048670e+06   1.9592285e+01
   1.8050040e+06   3.3874512e+01
   1.8051510e+06   4.5898438e+01
   1.8055220e+06   4.6142578e+01
   1.8934660e+06   5.3771973e+01
   1.8935210e+06   4.0771484e+01
   1.8943760e+06   2.9174805e+01
   1.8945280e+06   4.2907715e+01
   1.8947500e+06   4.8400879e+01
   2.1567430e+06   6.2683105e+01
   2.1567860e+06   3.2226563e+01
   2.1568390e+06   3.2043457e+01
   2.1573020e+06   2.0202637e+01
   2.1573900e+06   2.3315430e+01
   2.1574870e+06   2.8625488e+01
   2.3357780e+06   5.6457520e+01
   2.3358190e+06   2.7404785e+01
   2.3358850e+06   2.2583008e+01
   2.3359370e+06   1.8737793e+01
   2.3365260e+06   4.4982910e+01
   2.3366770e+06   5.0720215e+01
   2.3368210e+06   4.1320801e+01
   2.4677540e+06   1.9897461e+01
   2.5235910e+06   5.3527832e+01
   2.5237330e+06   5.2368164e+01
   2.5237870e+06   2.2216797e+01
   2.5239590e+06   2.5024414e+01
   2.5245940e+06   3.9428711e+01
   2.5248850e+06   4.9377441e+01
   2.7908240e+06   6.4147949e+01
   2.7908840e+06   4.5532227e+01
   2.7909280e+06   1.8859863e+01
   2.7919840e+06   2.4414063e+01
   2.8583230e+06   1.8798828e+01
   2.8598930e+06   5.8105469e+01
   2.8599320e+06   3.6926270e+01
   2.8599910e+06   2.7770996e+01
   2.8602280e+06   3.8879395e+01
   2.9194420e+06   7.1594238e+01
   2.9195020e+06   4.3945313e+01
   2.9195580e+06   2.8015137e+01
   2.9196520e+06   2.7404785e+01
   2.9197730e+06   3.7170410e+01
   2.9198860e+06   2.5817871e+01
   2.9200440e+06   4.1870117e+01
   2.9338370e+06   6.1340332e+01
   2.9339080e+06   4.0039063e+01
   2.9339720e+06   2.8076172e+01
   2.9340580e+06   4.0893555e+01
   2.9341530e+06   2.4536133e+01
   2.9346770e+06   2.4536133e+01
   2.9348420e+06   2.2521973e+01
   3.0003850e+06   6.0668945e+01
   3.0004240e+06   3.1311035e+01
   3.0004740e+06   1.9165039e+01
   3.0006120e+06   2.1057129e+01
   3.0007780e+06   1.9042969e+01
   3.0009920e+06   3.8757324e+01
   3.0011570e+06   4.2541504e+01
   3.0014570e+06   5.2368164e+01
   3.0989860e+06   6.2622070e+01
   3.0990250e+06   3.7902832e+01
   3.0996400e+06   2.8747559e+01
   3.0997920e+06   4.9316406e+01
   3.2866330e+06   6.1828613e+01
   3.2866710e+06   3.6865234e+01
   3.2867190e+06   2.2399902e+01
   3.2867730e+06   1.8859863e+01
   3.2868330e+06   2.1118164e+01
   3.2869410e+06   1.8859863e+01
   3.2873490e+06   2.7832031e+01
   3.2875220e+06   5.0537109e+01
   3.2876970e+06   5.1147461e+01
   3.5231630e+06   5.6945801e+01
   3.5232020e+06   3.3020020e+01
   3.5232520e+06   2.7770996e+01
   3.5233060e+06   1.9409180e+01
   3.5239300e+06   3.7292480e+01
   3.6310200e+06   6.8359375e+01
   3.6310660e+06   3.8757324e+01
   3.6311320e+06   3.0761719e+01
   3.6312180e+06   1.8737793e+01
   3.6312710e+06   1.9226074e+01
   3.6316150e+06   2.0996094e+01
   3.6318220e+06   2.9785156e+01
   3.6319490e+06   3.1250000e+01
   3.6321030e+06   3.0212402e+01
   3.6323280e+06   3.8513184e+01
   4.0349040e+06   6.4880371e+01
   4.1476510e+06   6.2561035e+01
   4.1476990e+06   3.8879395e+01
   4.1478470e+06   2.4353027e+01
   4.1485490e+06   2.1667480e+01
   4.1486490e+06   2.0080566e+01
   4.1487850e+06   3.1188965e+01
   4.1490350e+06   3.1860352e+01
   4.2390250e+06   6.9030762e+01
   4.2390670e+06   3.7231445e+01
   4.2391500e+06   2.6123047e+01
   4.2397800e+06   3.0090332e+01
   4.2399500e+06   3.6560059e+01
   4.2403370e+06   5.2612305e+01
   4.3084590e+06   5.2856445e+01
   4.3085010e+06   3.3020020e+01
   4.3085670e+06   2.3071289e+01
   4.3086340e+06   2.1240234e+01
   4.3086910e+06   2.1545410e+01
   4.3089120e+06   1.8798828e+01
   4.3092510e+06   3.2348633e+01
   4.4250680e+06   1.9836426e+01
   4.5739410e+06   6.0485840e+01
   4.5740950e+06   4.7180176e+01
   4.6051610e+06   5.8837891e+01
   4.6054850e+06   5.8837891e+01
   4.6055380e+06   3.2897949e+01
   4.6068240e+06   4.5104980e+01
   4.7125040e+06   5.2978516e+01
   4.7125520e+06   4.1442871e+01
   4.7126970e+06   2.2460938e+01
   4.7130800e+06   2.1606445e+01
   4.7132770e+06   4.8522949e+01
   4.7135230e+06   4.5532227e+01
   4.7138200e+06   5.1330566e+01
   4.8124930e+06   7.0434570e+01
   4.8125590e+06   5.0903320e+01
   4.8126220e+06   3.2165527e+01
   4.8134070e+06   2.5451660e+01
   4.8135490e+06   2.7648926e+01
   4.8137560e+06   4.6386719e+01
   4.8511610e+06   6.3903809e+01
   4.8512130e+06   2.0019531e+01
   4.8512620e+06   2.3437500e+01
   4.8518950e+06   4.7241211e+01
   4.8520660e+06   3.8391113e+01
   4.8522980e+06   5.7495117e+01
   4.8531340e+06   1.8676758e+01
   4.9039490e+06   6.5979004e+01
   4.9039970e+06   3.9001465e+01
   4.9040510e+06   2.3254395e+01
   4.9041200e+06   2.8259277e+01
   4.9041900e+06   1.9897461e+01
   4.9043110e+06   2.0202637e+01
   4.9045480e+06   1.9226074e+01
   4.9046760e+06   3.1250000e+01
   4.9049040e+06   5.0476074e+01
   4.9453680e+06   6.3110352e+01
   4.9454120e+06   2.2888184e+01
   4.9454650e+06   3.0761719e+01
   4.9458860e+06   2.1606445e+01
   4.9463000e+06   5.1269531e+01
   5.2412220e+06   5.7800293e+01
   5.2412630e+06   3.2958984e+01
   5.2413660e+06   2.2766113e+01
   5.2418950e+06   2.7954102e+01
   5.2420340e+06   4.4372559e+01
   5.2427250e+06   5.4382324e+01
   5.3852730e+06   6.2561035e+01
   5.3853150e+06   3.1616211e+01
   5.3853830e+06   2.7648926e+01
   5.3868330e+06   2.4291992e+01
   5.3870150e+06   2.7832031e+01
   5.5967690e+06   1.9165039e+01
   5.6151540e+06   4.9621582e+01
   5.6151910e+06   2.9418945e+01
   5.6152350e+06   2.8564453e+01
   5.6152940e+06   2.2888184e+01
   5.6158550e+06   5.4565430e+01
   5.6779480e+06   6.3720703e+01
   5.6780430e+06   5.4199219e+01
   5.6781090e+06   2.9174805e+01
   5.8060980e+06   1.9287109e+01
   5.8486230e+06   6.4819336e+01
   5.8486640e+06   3.2409668e+01
   5.8487720e+06   1.9531250e+01
   5.8495950e+06   2.5085449e+01
   5.8759990e+06   1.8920898e+01
   5.9268360e+06   5.3161621e+01
   5.9269570e+06   6.0546875e+01
   5.9270170e+06   3.6682129e+01
   5.9272220e+06   1.9836426e+01
   5.9278270e+06   3.8391113e+01
   5.9279390e+06   1.9531250e+01
   6.0198090e+06   6.6223145e+01
   6.0198510e+06   3.8696289e+01
   6.0199240e+06   2.5817871e+01
   6.0199930e+06   2.2888184e+01
   6.0206910e+06   5.4443359e+01
   6.0351150e+06   7.0068359e+01
   6.0351770e+06   3.8330078e+01
   6.0352440e+06   3.0212402e+01
   6.0353210e+06   1.8981934e+01
   6.0354390e+06   3.3752441e+01
   6.0355090e+06   2.0385742e+01
   6.0356290e+06   4.0771484e+01
   6.0356970e+06   2.0874023e+01
   6.0357910e+06   2.5207520e+01
   6.0359170e+06   2.5329590e+01
   6.0361560e+06   5.2856445e+01
   6.0363040e+06   5.1025391e+01
   6.1022660e+06   6.4208984e+01
   6.1023100e+06   3.7963867e+01
   6.1023570e+06   2.5573730e+01
   6.1028310e+06   1.8493652e+01
   6.1029210e+06   3.7170410e+01
   6.1030670e+06   2.3864746e+01
   6.1032340e+06   4.0161133e+01
   6.1034280e+06   4.8339844e+01
   6.1881340e+06   5.4626465e+01
   6.1881890e+06   3.7658691e+01
   6.1882620e+06   2.5512695e+01
   6.1887040e+06   3.1127930e+01
   6.1889010e+06   4.7424316e+01
   6.3313840e+06   6.3415527e+01
   6.3314290e+06   3.2714844e+01
   6.3314900e+06   3.4973145e+01
   6.3317410e+06   2.6794434e+01
   6.3534450e+06   6.5307617e+01
   6.3535530e+06   4.9560547e+01
   6.3536030e+06   2.5024414e+01
   6.3538590e+06   3.4667969e+01
   6.3539530e+06   2.1850586e+01
   6.3540390e+06   2.5085449e+01
   6.3542380e+06   2.1362305e+01
   6.3543960e+06   4.1992188e+01
   6.3545180e+06   2.1484375e+01
   6.3547240e+06   3.2531738e+01
   6.4171660e+06   6.3720703e+01
   6.4172250e+06   4.1992188e+01
   6.4172780e+06   2.1301270e+01
   6.4178320e+06   1.9714355e+01
   6.4179680e+06   4.0771484e+01
   6.4183390e+06   4.8645020e+01
   6.5313930e+06   6.3537598e+01
   6.5314340e+06   4.1259766e+01
   6.5314870e+06   3.2897949e+01
   6.5315410e+06   2.5390625e+01
   6.5317370e+06   2.0996094e+01
   6.5322250e+06   2.8015137e+01
   6.5323340e+06   3.7292480e+01
   6.5325800e+06   4.8217773e+01
   6.6454490e+06   1.8615723e+01
   6.6923850e+06   1.8493652e+01
   6.8282660e+06   5.3283691e+01
   6.8283050e+06   3.1799316e+01
   6.8283560e+06   1.8981934e+01
   6.8287720e+06   1.9592285e+01
   6.8288720e+06   1.8615723e+01
   6.8290430e+06   3.0151367e+01
   6.8292730e+06   4.8706055e+01
   6.8294190e+06   4.8583984e+01
   6.9712560e+06   1.8615723e+01
   6.9851120e+06   6.1157227e+01
   6.9852360e+06   6.3049316e+01
   6.9853020e+06   2.9479980e+01
   6.9860410e+06   1.9165039e+01
   6.9862930e+06   4.0100098e+01
   6.9866040e+06   4.7302246e+01
   7.0781920e+06   1.8859863e+01
   7.0790670e+06   6.3964844e+01
   7.0791610e+06   5.2856445e+01
   7.0792160e+06   2.6489258e+01
   7.0793070e+06   3.5034180e+01
   7.0799860e+06   2.9968262e+01
   7.0802950e+06   3.2409668e+01
   7.2545970e+06   6.4575195e+01
   7.2546670e+06   4.0344238e+01
   7.2547220e+06   2.6855469e+01
   7.2555220e+06   1.8798828e+01
   7.2556650e+06   1.8859863e+01
   7.2954860e+06   5.9631348e+01
   7.2955550e+06   4.6691895e+01
   7.2956290e+06   2.3315430e+01
   7.2956860e+06   1.9226074e+01
   7.2957910e+06   2.2644043e+01
   7.3529120e+06   6.1218262e+01
   7.3529490e+06   3.5217285e+01
   7.3529980e+06   2.0996094e+01
   7.3530480e+06   1.8493652e+01
   7.3531290e+06   2.2277832e+01
   7.3532500e+06   1.9409180e+01
   7.3534940e+06   1.8981934e+01
   7.3535530e+06   1.9348145e+01
   7.3535910e+06   2.6916504e+01
   7.3537160e+06   3.5461426e+01
   7.3538550e+06   3.5400391e+01
   7.3540770e+06   4.7973633e+01
   7.5336310e+06   6.1889648e+01
   7.5336870e+06   3.5644531e+01
   7.5337330e+06   2.0751953e+01
   7.5343540e+06   2.7709961e+01
   7.5345700e+06   4.3579102e+01
   7.5346980e+06   2.8320312e+01
   7.5348370e+06   3.1311035e+01
   7.7343000e+06   6.0119629e+01
   7.7343650e+06   4.2236328e+01
   7.7344110e+06   2.3315430e+01
   7.7355310e+06   4.3518066e+01
   7.8051470e+06   5.8227539e+01
   7.8051950e+06   3.8818359e+01
   7.8052990e+06   3.6621094e+01
   7.8614820e+06   5.4016113e+01
   7.8615330e+06   4.3212891e+01
   7.8616340e+06   2.6672363e+01
   7.8617640e+06   3.8391113e+01
   7.8618620e+06   2.6733398e+01
   7.8619730e+06   2.4963379e+01
   8.0342410e+06   5.3039551e+01
   8.0342790e+06   3.8146973e+01
   8.0343320e+06   2.0996094e+01
   8.0343820e+06   2.0629883e+01
   8.0344560e+06   1.9409180e+01
   8.0349050e+06   2.1667480e+01
   8.0350350e+06   4.2175293e+01
   8.0351950e+06   4.9255371e+01
   8.0354920e+06   5.0842285e+01
   8.1154440e+06   5.3466797e+01
   8.1155010e+06   4.2907715e+01
   8.1155670e+06   2.9174805e+01
   8.1156310e+06   2.2827148e+01
   8.1156750e+06   2.1728516e+01
   8.1157560e+06   2.1972656e+01
   8.1160010e+06   2.7343750e+01
   8.1166530e+06   5.1025391e+01
   8.3833160e+06   5.3710938e+01
   8.3833610e+06   3.2775879e+01
   8.3834120e+06   1.9104004e+01
   8.3840170e+06   4.2114258e+01
   8.5778670e+06   1.8615723e+01
   8.8482740e+06   5.9509277e+01
   8.8483290e+06   3.9062500e+01
   8.8484120e+06   3.7658691e+01
   8.8485180e+06   4.1503906e+01
   8.8486150e+06   2.3254395e+01
   8.8499630e+06   2.5329590e+01
   8.8585850e+06   2.0019531e+01
   8.8897650e+06   5.4260254e+01
   8.8898950e+06   5.1757813e+01
   8.9687550e+06   1.8615723e+01
   9.0610420e+06   4.9987793e+01
   9.0610800e+06   3.0700684e+01
   9.0611270e+06   2.4291992e+01
   9.0617060e+06   1.9775391e+01
   9.0618050e+06   2.5024414e+01
   9.0619890e+06   4.0161133e+01
   9.0620960e+06   3.3813477e+01
   9.2235340e+06   2.2583008e+01
   9.2663340e+06   5.4199219e+01
   9.2663960e+06   4.4067383e+01
   9.2670000e+06   3.6682129e+01
   9.2671460e+06   3.7475586e+01
   9.2672780e+06   3.7475586e+01
   9.2674490e+06   4.9682617e+01
   9.5589320e+06   6.5490723e+01
   9.5589790e+06   4.1809082e+01
   9.5597000e+06   2.7648926e+01
   9.5598300e+06   2.1118164e+01
   9.5600250e+06   3.6621094e+01
   9.5601850e+06   5.1391602e+01
   9.5604430e+06   4.9682617e+01
   9.6926950e+06   4.9316406e+01
   9.6927370e+06   3.6499023e+01
   9.6927800e+06   2.2583008e+01
   9.6933520e+06   2.6855469e+01
   9.6934920e+06   3.3203125e+01
   9.6936280e+06   2.2277832e+01
   9.6937570e+06   3.0212402e+01
   9.6940610e+06   4.8461914e+01
   9.8902210e+06   5.9509277e+01
   9.8902630e+06   3.6682129e+01
   9.8903190e+06   3.6682129e+01
   9.8905630e+06   1.9226074e+01
   9.8909910e+06   1.8676758e+01
   9.8911270e+06   3.1311035e+01
   9.8912670e+06   2.7770996e+01
   9.8916100e+06   5.6335449e+01
   9.9967680e+06   5.6579590e+01
   9.9968360e+06   5.1818848e+01
   9.9969020e+06   3.2836914e+01
   1.0214819e+07   5.4504395e+01
   1.0214857e+07   3.2226563e+01
   1.0215785e+07   3.7414551e+01
   1.0216002e+07   4.1381836e+01
   1.0310096e+07   5.6030273e+01
   1.0310163e+07   4.4555664e+01
   1.0310209e+07   2.0446777e+01
   1.0310277e+07   2.4230957e+01
   1.0310965e+07   3.7597656e+01
   1.0366192e+07   5.2062988e+01
   1.0366244e+07   3.9611816e+01
   1.0366312e+07   2.2277832e+01
   1.0366454e+07   2.8869629e+01
   1.0366689e+07   1.8859863e+01
   1.0366929e+07   4.4494629e+01
   1.0446569e+07   5.6701660e+01
   1.0446617e+07   3.0456543e+01
   1.0446666e+07   1.9897461e+01
   1.0447081e+07   2.5207520e+01
   1.0447718e+07   3.0029297e+01
   1.0551907e+07   5.8532715e+01
   1.0551972e+07   4.5776367e+01
   1.0552046e+07   2.9113770e+01
   1.0552692e+07   1.8981934e+01
   1.0552864e+07   3.3081055e+01
   1.0624855e+07   6.0302734e+01
   1.0624898e+07   3.8330078e+01
   1.0624953e+07   1.9348145e+01
   1.0625166e+07   5.0292969e+01
   1.0625226e+07   2.2766113e+01
   1.0625412e+07   5.1757813e+01
   1.0625530e+07   3.8146973e+01
   1.0625629e+07   2.3925781e+01
   1.0625960e+07   2.9174805e+01
   1.0673804e+07   5.9692383e+01
   1.0673858e+07   3.7414551e+01
   1.0673904e+07   2.1301270e+01
   1.0674297e+07   2.4475098e+01
   1.0674464e+07   2.1240234e+01
   1.0674642e+07   3.5461426e+01
   1.0674828e+07   4.4738770e+01
   1.0675120e+07   4.7607422e+01
   1.1009588e+07   6.2988281e+01
   1.1165819e+07   6.2438965e+01
   1.1165855e+07   2.8198242e+01
   1.1165900e+07   2.2155762e+01
   1.1165956e+07   1.9348145e+01
   1.1166606e+07   4.0100098e+01
   1.1295142e+07   1.9409180e+01
   1.1523666e+07   5.0415039e+01
   1.1523710e+07   3.4606934e+01
   1.1523863e+07   2.2949219e+01
   1.1524496e+07   2.1240234e+01
   1.1524636e+07   2.4475098e+01
   1.1524846e+07   4.4128418e+01
   1.1525043e+07   3.6621094e+01
   1.1624185e+07   6.1523438e+01
   1.1624232e+07   3.3020020e+01
   1.1624278e+07   1.8920898e+01
   1.1625114e+07   3.0212402e+01
   1.1625215e+07   2.8991699e+01
   1.1625376e+07   3.7109375e+01
   1.1625877e+07   5.0598145e+01
