   1.1999000e+07   0.0000000e+00
   1.3171000e+04   2.2705078e+01
   1.3365000e+04   2.6550293e+01
   1.3456000e+04   3.1921387e+01
   1.3518000e+04   2.3193359e+01
   1.3921000e+04   2.2583008e+01
   1.4081000e+04   2.3193359e+01
   1.4109000e+04   2.9602051e+01
   1.4159000e+04   2.3071289e+01
   1.4234000e+04   2.6184082e+01
   1.4367000e+04   2.3803711e+01
   1.4498000e+04   2.4108887e+01
   1.4730000e+04   2.6794434e+01
   6.8733000e+04   2.9724121e+01
   6.8836000e+04   3.1921387e+01
   6.9557000e+04   2.6123047e+01
   6.9897000e+04   2.5939941e+01
   6.9965000e+04   2.6428223e+01
   7.0118000e+04   2.2705078e+01
   7.0216000e+04   2.3742676e+01
   1.1573400e+05   2.8686523e+01
   1.1604100e+05   2.3071289e+01
   1.1615100e+05   2.4353027e+01
   1.1650300e+05   2.4902344e+01
   1.6789700e+05   2.8503418e+01
   1.6801400e+05   2.3193359e+01
   1.6858900e+05   2.3925781e+01
   1.6861900e+05   2.5573730e+01
   1.6873200e+05   2.5146484e+01
   1.6895300e+05   2.4414063e+01
   1.6915800e+05   2.5024414e+01
   1.6964400e+05   2.2766113e+01
   1.8724300e+05   2.9418945e+01
   1.8747600e+05   2.3742676e+01
   1.8807700e+05   2.2705078e+01
   1.8813800e+05   3.1860352e+01
   1.8877400e+05   2.3559570e+01
   1.8893700e+05   2.4719238e+01
   1.9043700e+05   2.3132324e+01
   2.3891300e+05   3.1372070e+01
   2.3897600e+05   2.8198242e+01
   2.7828100e+05   2.2888184e+01
   2.7836900e+05   2.5085449e+01
   2.7854700e+05   2.9785156e+01
   2.7906200e+05   2.2949219e+01
   2.9406900e+05   2.3071289e+01
   3.4037700e+05   2.8137207e+01
   3.4131100e+05   3.0639648e+01
   3.4139800e+05   2.3803711e+01
   3.4140800e+05   2.9235840e+01
   3.4142900e+05   2.9663086e+01
   3.4144600e+05   2.9479980e+01
   3.4146900e+05   3.8452148e+01
   3.4150200e+05   4.2541504e+01
   3.4152000e+05   2.8259277e+01
   3.4158500e+05   2.9235840e+01
   3.4162600e+05   2.3986816e+01
   3.4164200e+05   2.9602051e+01
   3.4167400e+05   3.3752441e+01
   3.4168700e+05   2.4353027e+01
   3.4173000e+05   2.9418945e+01
   3.4181100e+05   2.3376465e+01
   3.4183600e+05   4.2785645e+01
   3.4190000e+05   2.4780273e+01
   3.4194400e+05   2.9724121e+01
   3.4198200e+05   2.4597168e+01
   3.4210000e+05   2.4902344e+01
   3.4223700e+05   2.3193359e+01
   3.4250500e+05   2.6916504e+01
   3.4262300e+05   2.4841309e+01
   3.4322800e+05   2.8930664e+01
   3.4332800e+05   2.3071289e+01
   4.0177400e+05   2.7282715e+01
   4.0223400e+05   2.6184082e+01
   4.0227400e+05   2.2644043e+01
   4.0229600e+05   3.5949707e+01
   4.0231200e+05   3.2226563e+01
   4.0234700e+05   3.4973145e+01
   4.0236200e+05   4.7912598e+01
   4.0239400e+05   4.2358398e+01
   4.0243900e+05   2.3803711e+01
   4.0245900e+05   3.3142090e+01
   4.0248900e+05   2.5573730e+01
   4.0251400e+05   3.9245605e+01
   4.0253700e+05   2.6184082e+01
   4.0256400e+05   2.7038574e+01
   4.0258400e+05   2.3010254e+01
   4.0260900e+05   2.6916504e+01
   4.0262900e+05   2.3681641e+01
   4.0274400e+05   2.2827148e+01
   4.0278200e+05   2.4719238e+01
   4.0283200e+05   2.4230957e+01
   4.0289300e+05   2.9357910e+01
   4.0297900e+05   2.7160645e+01
   4.0306800e+05   2.2644043e+01
   4.0396200e+05   3.0151367e+01
   4.0426000e+05   2.2949219e+01
   4.0512800e+05   2.3742676e+01
   4.1834700e+05   3.5827637e+01
   4.1837300e+05   3.0700684e+01
   4.1841300e+05   2.2766113e+01
   4.1846200e+05   2.8137207e+01
   4.1849200e+05   2.4169922e+01
   4.1852400e+05   3.2287598e+01
   4.1855100e+05   2.8564453e+01
   4.1856300e+05   2.6489258e+01
   4.1857500e+05   2.7160645e+01
   4.1861300e+05   2.8869629e+01
   4.1866500e+05   2.5024414e+01
   4.1873300e+05   2.7343750e+01
   4.1875600e+05   2.4658203e+01
   4.1880600e+05   2.7282715e+01
   4.1884700e+05   3.0273438e+01
   4.1889500e+05   2.4719238e+01
   4.1891500e+05   2.3803711e+01
   4.1895000e+05   2.3010254e+01
   4.1909100e+05   2.3315430e+01
   4.1922700e+05   2.6184082e+01
   4.1956600e+05   2.3315430e+01
   4.2152300e+05   2.2766113e+01
   4.3235300e+05   2.3193359e+01
   4.3241800e+05   2.3071289e+01
   4.3244200e+05   2.7893066e+01
   4.3247000e+05   2.5207520e+01
   4.3249900e+05   2.6245117e+01
   4.3252100e+05   3.2043457e+01
   4.3256100e+05   2.5146484e+01
   4.3257300e+05   3.2409668e+01
   4.3259900e+05   2.3681641e+01
   4.3262100e+05   2.4414063e+01
   4.3267100e+05   3.6743164e+01
   4.3269200e+05   2.3498535e+01
   4.3271500e+05   2.5024414e+01
   4.3275100e+05   2.4353027e+01
   4.3276300e+05   2.5085449e+01
   4.3280300e+05   2.7893066e+01
   4.3283900e+05   2.3315430e+01
   4.3285500e+05   2.2583008e+01
   4.3287000e+05   2.3620605e+01
   4.3292700e+05   2.4780273e+01
   4.3295500e+05   2.4047852e+01
   4.3300400e+05   2.4353027e+01
   4.3322400e+05   2.2644043e+01
   4.3460700e+05   2.2644043e+01
   4.4477100e+05   2.4536133e+01
   4.4479900e+05   3.0639648e+01
   4.4484700e+05   2.2827148e+01
   4.4487800e+05   3.0334473e+01
   4.4490100e+05   2.3254395e+01
   4.4498700e+05   2.5146484e+01
   4.4501600e+05   2.7770996e+01
   4.4510400e+05   2.7587891e+01
   4.4534200e+05   2.6306152e+01
   4.4550500e+05   2.4047852e+01
   4.4552100e+05   2.5329590e+01
   4.4567600e+05   2.3864746e+01
   4.4646600e+05   2.3925781e+01
   4.4672100e+05   2.3254395e+01
   4.5679300e+05   2.5085449e+01
   4.5683000e+05   3.2165527e+01
   4.5692100e+05   2.3925781e+01
   4.5696400e+05   3.5583496e+01
   4.5698800e+05   2.5146484e+01
   4.5706400e+05   2.3559570e+01
   4.5715100e+05   3.3752441e+01
   4.5720700e+05   2.3010254e+01
   4.5723700e+05   2.2705078e+01
   4.5725600e+05   2.3742676e+01
   4.5727600e+05   2.5146484e+01
   4.5747300e+05   2.2888184e+01
   4.6900400e+05   2.4353027e+01
   4.6908600e+05   2.5451660e+01
   4.6913100e+05   2.4169922e+01
   4.6914100e+05   2.5207520e+01
   4.6923100e+05   2.3254395e+01
   4.6924700e+05   2.3925781e+01
   4.6932200e+05   2.5207520e+01
   4.6934600e+05   2.4963379e+01
   4.6936500e+05   3.4912109e+01
   4.6939700e+05   2.8747559e+01
   4.6943900e+05   2.8686523e+01
   4.6945900e+05   2.5634766e+01
   4.6949500e+05   2.2888184e+01
   4.6964000e+05   2.2644043e+01
   4.6974900e+05   2.4169922e+01
   4.6989500e+05   2.7465820e+01
   4.7001600e+05   2.4169922e+01
   4.7883700e+05   2.3010254e+01
   4.7885900e+05   2.7770996e+01
   4.7892800e+05   2.4719238e+01
   4.7894700e+05   2.2949219e+01
   4.7897400e+05   2.3010254e+01
   4.7901000e+05   2.4780273e+01
   4.7903300e+05   2.4291992e+01
   4.7905400e+05   2.3925781e+01
   4.7916000e+05   2.4963379e+01
   4.7939000e+05   2.3254395e+01
   4.8053800e+05   2.2766113e+01
   4.8775100e+05   2.3986816e+01
   4.8805500e+05   3.1433105e+01
   4.8808500e+05   2.3864746e+01
   4.8812600e+05   3.5888672e+01
   4.8826800e+05   2.5146484e+01
   4.8843600e+05   3.1188965e+01
   4.8853600e+05   2.3925781e+01
   4.8861300e+05   2.6245117e+01
   4.8876400e+05   2.6489258e+01
   4.8935000e+05   2.3803711e+01
   4.9771200e+05   2.5939941e+01
   4.9779700e+05   2.9479980e+01
   4.9783300e+05   2.6367188e+01
   4.9789400e+05   2.8381348e+01
   4.9791500e+05   2.3132324e+01
   4.9794300e+05   3.1188965e+01
   4.9806500e+05   2.5878906e+01
   4.9807800e+05   2.3681641e+01
   4.9814800e+05   2.3498535e+01
   4.9826100e+05   2.3315430e+01
   4.9882800e+05   3.0151367e+01
   5.1001300e+05   2.4047852e+01
   5.1003000e+05   2.8320313e+01
   5.1008300e+05   2.4780273e+01
   5.1011200e+05   2.2583008e+01
   5.1018700e+05   2.7038574e+01
   5.1027200e+05   2.9724121e+01
   5.1035400e+05   2.2644043e+01
   5.1039500e+05   2.3681641e+01
   5.1056600e+05   2.2949219e+01
   5.1063400e+05   2.3498535e+01
   5.1137600e+05   2.3193359e+01
   5.2007200e+05   2.6367188e+01
   5.2009700e+05   3.1372070e+01
   5.2021000e+05   2.3437500e+01
   5.2029600e+05   2.5390625e+01
   5.2031800e+05   2.4536133e+01
   5.2034700e+05   2.7648926e+01
   5.2080200e+05   2.2766113e+01
   5.2095100e+05   2.2583008e+01
   5.2112500e+05   2.3559570e+01
   5.2795700e+05   2.7648926e+01
   5.2803700e+05   2.4353027e+01
   5.2828300e+05   2.3193359e+01
   5.2852300e+05   2.6062012e+01
   5.3591400e+05   2.4536133e+01
   5.3604800e+05   2.7160645e+01
   5.3607800e+05   2.2583008e+01
   5.3620200e+05   2.4353027e+01
   5.3626600e+05   2.5390625e+01
   5.3632500e+05   2.5390625e+01
   5.3670900e+05   2.4658203e+01
   5.3687700e+05   2.2888184e+01
   5.4320600e+05   2.4475098e+01
   5.4326100e+05   2.3315430e+01
   5.4337400e+05   2.6916504e+01
   5.4343400e+05   2.4963379e+01
   5.4357500e+05   2.6794434e+01
   5.4370200e+05   3.6926270e+01
   5.5021500e+05   2.3742676e+01
   5.5032600e+05   2.2949219e+01
   5.5045000e+05   2.3376465e+01
   5.5057100e+05   2.6062012e+01
   5.5089500e+05   2.5329590e+01
   5.6010000e+05   2.2705078e+01
   5.6026300e+05   2.3437500e+01
   5.6036500e+05   2.4536133e+01
   5.6042000e+05   2.2949219e+01
   5.6045900e+05   2.2888184e+01
   5.6051500e+05   2.7343750e+01
   5.6060500e+05   3.0334473e+01
   5.6062300e+05   2.3010254e+01
   5.6124500e+05   2.3925781e+01
   5.7054100e+05   2.7465820e+01
   5.7062100e+05   2.3132324e+01
   5.7107700e+05   2.7770996e+01
   5.7918700e+05   2.2827148e+01
   5.7931600e+05   2.5878906e+01
   5.8551000e+05   2.3620605e+01
   5.9300300e+05   2.6611328e+01
   5.9337300e+05   2.2583008e+01
   5.9349700e+05   2.2766113e+01
   5.9351800e+05   2.2827148e+01
   5.9368300e+05   2.7587891e+01
   6.0073200e+05   2.5146484e+01
   6.0093100e+05   2.3864746e+01
   6.0129200e+05   2.2705078e+01
   6.2158500e+05   2.4047852e+01
   6.2186800e+05   2.4230957e+01
   6.3058900e+05   2.3193359e+01
   6.4021300e+05   2.3681641e+01
   6.4061900e+05   2.5207520e+01
   6.5953100e+05   2.2583008e+01
   6.8604900e+05   2.2827148e+01
   6.9597400e+05   2.8381348e+01
   7.1005400e+05   3.0578613e+01
   7.1044600e+05   2.4414063e+01
   7.2486300e+05   2.3864746e+01
   7.4058600e+05   2.3376465e+01
   7.4087400e+05   2.6794434e+01
   7.5605600e+05   2.2705078e+01
   7.5633300e+05   2.3620605e+01
   7.5687200e+05   2.2644043e+01
   8.4113100e+05   2.5146484e+01
   8.4181300e+05   2.4475098e+01
   8.4196300e+05   2.4902344e+01
   8.4198700e+05   3.1982422e+01
   8.4200000e+05   2.5634766e+01
   8.4204600e+05   2.8137207e+01
   8.4206300e+05   2.3376465e+01
   8.4208600e+05   2.3315430e+01
   8.4210300e+05   5.0781250e+01
   8.4213500e+05   2.8808594e+01
   8.4216400e+05   2.5695801e+01
   8.4219400e+05   3.6376953e+01
   8.4220800e+05   2.5817871e+01
   8.4222300e+05   2.6611328e+01
   8.4228100e+05   2.7099609e+01
   8.4235400e+05   2.3620605e+01
   8.4241500e+05   2.6916504e+01
   8.4250300e+05   2.9479980e+01
   8.4251600e+05   3.5583496e+01
   8.4258400e+05   2.9724121e+01
   8.4262100e+05   2.4475098e+01
   8.4264000e+05   2.3681641e+01
   8.4269300e+05   2.6184082e+01
   8.4271600e+05   2.8808594e+01
   8.4280200e+05   2.3864746e+01
   8.4287200e+05   2.8869629e+01
   8.4297100e+05   2.7343750e+01
   8.4309700e+05   2.3010254e+01
   8.4315000e+05   2.5817871e+01
   9.8519200e+05   3.1311035e+01
   9.8523600e+05   2.3010254e+01
   9.8556900e+05   2.4963379e+01
   9.8559300e+05   3.8024902e+01
   9.8560600e+05   2.5512695e+01
   9.8564000e+05   3.2775879e+01
   9.8566400e+05   3.3386230e+01
   9.8568300e+05   3.6804199e+01
   9.8570200e+05   2.8686523e+01
   9.8571200e+05   2.2644043e+01
   9.8574000e+05   3.0822754e+01
   9.8576400e+05   3.1860352e+01
   9.8577500e+05   2.6245117e+01
   9.8580400e+05   2.4414063e+01
   9.8587200e+05   2.5268555e+01
   9.8589800e+05   2.3315430e+01
   9.8593900e+05   2.5146484e+01
   9.8597600e+05   2.3803711e+01
   9.8600300e+05   2.5817871e+01
   9.8607800e+05   2.8564453e+01
   9.8617000e+05   2.7526855e+01
   9.8655000e+05   2.3193359e+01
   9.8663400e+05   2.5695801e+01
   9.8694700e+05   2.4047852e+01
   9.8771500e+05   2.3681641e+01
   9.8787200e+05   2.2949219e+01
   1.1277710e+06   2.9235840e+01
   1.1280600e+06   2.7526855e+01
   1.1280890e+06   2.2644043e+01
   1.1281300e+06   4.1259766e+01
   1.1281440e+06   3.0090332e+01
   1.1281760e+06   2.6306152e+01
   1.1282050e+06   3.2653809e+01
   1.1282290e+06   3.2775879e+01
   1.1282460e+06   3.5095215e+01
   1.1282670e+06   2.2583008e+01
   1.1283040e+06   2.2949219e+01
   1.1283580e+06   2.6245117e+01
   1.1284170e+06   2.2766113e+01
   1.1284410e+06   2.3559570e+01
   1.1284680e+06   2.7404785e+01
   1.1285170e+06   2.5207520e+01
   1.1285410e+06   2.5573730e+01
   1.1286100e+06   2.4719238e+01
   1.1286480e+06   3.3020020e+01
   1.1287090e+06   2.2705078e+01
   1.1287340e+06   3.7597656e+01
   1.1288730e+06   2.6000977e+01
   1.1289770e+06   2.4841309e+01
   1.1291430e+06   2.4902344e+01
   1.1293280e+06   2.4475098e+01
   1.1302930e+06   2.4780273e+01
   1.2337210e+06   3.5339355e+01
   1.2342280e+06   3.1127930e+01
   1.2342720e+06   3.0212402e+01
   1.2342830e+06   3.8208008e+01
   1.2343100e+06   7.0617676e+01
   1.2343260e+06   2.8808594e+01
   1.2343480e+06   2.3986816e+01
   1.2343770e+06   3.5644531e+01
   1.2343890e+06   3.0578613e+01
   1.2344270e+06   2.8808594e+01
   1.2344440e+06   2.8259277e+01
   1.2344830e+06   3.1555176e+01
   1.2344950e+06   2.6733398e+01
   1.2345310e+06   2.8381348e+01
   1.2345820e+06   2.4169922e+01
   1.2346910e+06   3.1127930e+01
   1.2348510e+06   2.6000977e+01
   1.2348940e+06   3.1066895e+01
   1.2350100e+06   2.4353027e+01
   1.2350940e+06   2.4658203e+01
   1.2353430e+06   2.3864746e+01
   1.2358510e+06   2.4658203e+01
   1.2359130e+06   2.3071289e+01
   1.2752130e+06   2.5085449e+01
   1.2753190e+06   2.4841309e+01
   1.2754050e+06   2.3193359e+01
   1.2761550e+06   2.4536133e+01
   1.2762520e+06   2.6367188e+01
   1.2763110e+06   4.0344238e+01
   1.2763210e+06   2.4169922e+01
   1.2763520e+06   2.6855469e+01
   1.2763780e+06   3.8085938e+01
   1.2764110e+06   3.9062500e+01
   1.2764280e+06   3.5949707e+01
   1.2764500e+06   2.4780273e+01
   1.2764690e+06   2.4902344e+01
   1.2765070e+06   2.5512695e+01
   1.2765460e+06   2.3803711e+01
   1.2766130e+06   2.4230957e+01
   1.2766250e+06   2.9663086e+01
   1.2766570e+06   2.2949219e+01
   1.2766760e+06   2.5817871e+01
   1.2767210e+06   2.4353027e+01
   1.2767360e+06   2.3925781e+01
   1.2768050e+06   3.0456543e+01
   1.2768720e+06   2.3315430e+01
   1.2768920e+06   2.4169922e+01
   1.2769280e+06   2.6184082e+01
   1.2774650e+06   2.2644043e+01
   1.2775140e+06   2.6672363e+01
   1.2790140e+06   2.3498535e+01
   1.3204000e+06   2.6733398e+01
   1.3206270e+06   2.5207520e+01
   1.3208240e+06   3.5766602e+01
   1.3210560e+06   2.2949219e+01
   1.3212530e+06   2.2949219e+01
   1.3213920e+06   2.4719238e+01
   1.3214830e+06   2.9846191e+01
   1.3214940e+06   2.7954102e+01
   1.3215570e+06   2.3803711e+01
   1.3216070e+06   3.0395508e+01
   1.3216220e+06   2.3071289e+01
   1.3216500e+06   2.4780273e+01
   1.3216820e+06   3.5705566e+01
   1.3217330e+06   2.3193359e+01
   1.3217630e+06   3.5156250e+01
   1.3218090e+06   2.3620605e+01
   1.3218200e+06   2.5939941e+01
   1.3218840e+06   2.2949219e+01
   1.3219950e+06   2.8503418e+01
   1.3220450e+06   2.7526855e+01
   1.3221890e+06   2.3071289e+01
   1.3223420e+06   2.4902344e+01
   1.3223710e+06   2.2644043e+01
   1.3224650e+06   2.6123047e+01
   1.3225380e+06   2.2766113e+01
   1.3233510e+06   2.2583008e+01
   1.4562800e+06   2.4291992e+01
   1.4563150e+06   2.4353027e+01
   1.4564280e+06   2.3742676e+01
   1.4566250e+06   2.5756836e+01
   1.4566490e+06   2.7954102e+01
   1.4566860e+06   3.4118652e+01
   1.4567500e+06   4.6752930e+01
   1.4567710e+06   3.6254883e+01
   1.4568090e+06   2.6794434e+01
   1.4568430e+06   4.8095703e+01
   1.4569000e+06   2.9235840e+01
   1.4569390e+06   3.2226563e+01
   1.4569730e+06   2.3010254e+01
   1.4569910e+06   3.5461426e+01
   1.4570220e+06   2.9663086e+01
   1.4570470e+06   2.6367188e+01
   1.4571330e+06   2.3559570e+01
   1.4571770e+06   2.5146484e+01
   1.4572090e+06   2.2644043e+01
   1.4572660e+06   2.7343750e+01
   1.4572770e+06   2.8259277e+01
   1.4573440e+06   3.0578613e+01
   1.4573680e+06   2.3620605e+01
   1.4574880e+06   3.3447266e+01
   1.4576430e+06   2.3376465e+01
   1.4577690e+06   2.4902344e+01
   1.4581990e+06   2.2827148e+01
   1.4582860e+06   2.2888184e+01
   1.5066270e+06   2.2766113e+01
   1.5406990e+06   2.8442383e+01
   1.5409480e+06   2.3559570e+01
   1.5411380e+06   2.4963379e+01
   1.5411780e+06   2.3071289e+01
   1.5412190e+06   2.4902344e+01
   1.5412610e+06   2.6977539e+01
   1.5413020e+06   2.3193359e+01
   1.5413390e+06   2.8930664e+01
   1.5413600e+06   3.0029297e+01
   1.5413760e+06   2.3864746e+01
   1.5413930e+06   2.3742676e+01
   1.5414290e+06   2.6611328e+01
   1.5414530e+06   2.8686523e+01
   1.5414900e+06   3.0456543e+01
   1.5416640e+06   2.7465820e+01
   1.5417070e+06   2.5146484e+01
   1.5417680e+06   3.0578613e+01
   1.5418230e+06   2.3010254e+01
   1.5418780e+06   2.2583008e+01
   1.5419010e+06   3.1066895e+01
   1.5419640e+06   2.3376465e+01
   1.5420620e+06   2.2827148e+01
   1.5421210e+06   2.6367188e+01
   1.5422850e+06   3.1433105e+01
   1.5430420e+06   2.4658203e+01
   1.6779660e+06   2.5207520e+01
   1.6779860e+06   2.5878906e+01
   1.6780120e+06   2.3437500e+01
   1.6780250e+06   3.4790039e+01
   1.6780370e+06   2.5451660e+01
   1.6780650e+06   2.7954102e+01
   1.6780880e+06   2.4353027e+01
   1.6781100e+06   2.2644043e+01
   1.6781480e+06   2.8991699e+01
   1.6781680e+06   2.6367188e+01
   1.6782080e+06   3.0517578e+01
   1.6782340e+06   2.7770996e+01
   1.6782560e+06   2.3132324e+01
   1.6782910e+06   3.3447266e+01
   1.6783610e+06   2.7160645e+01
   1.6784410e+06   2.9235840e+01
   1.6784920e+06   2.2644043e+01
   1.6785260e+06   3.6193848e+01
   1.6786680e+06   2.4475098e+01
   1.6788810e+06   2.7648926e+01
   1.6790110e+06   3.1799316e+01
   1.7477270e+06   2.3742676e+01
   1.7478810e+06   2.9296875e+01
   1.7479530e+06   2.4780273e+01
   1.7482860e+06   2.5085449e+01
   1.7483260e+06   2.4902344e+01
   1.7483530e+06   2.6672363e+01
   1.7484110e+06   2.4963379e+01
   1.7484380e+06   2.5146484e+01
   1.7484670e+06   2.4291992e+01
   1.7484970e+06   2.6611328e+01
   1.7485280e+06   2.7282715e+01
   1.7485610e+06   2.3620605e+01
   1.7485970e+06   2.3925781e+01
   1.7486090e+06   3.0029297e+01
   1.7486320e+06   2.5573730e+01
   1.7487560e+06   2.3376465e+01
   1.7487820e+06   2.2949219e+01
   1.7488250e+06   2.2888184e+01
   1.7490010e+06   2.4841309e+01
   1.7490620e+06   2.7221680e+01
   1.7492360e+06   2.2827148e+01
   1.7495510e+06   2.2583008e+01
   1.7495880e+06   2.2766113e+01
   1.8356330e+06   2.7770996e+01
   1.8358810e+06   3.1555176e+01
   1.8359790e+06   2.3742676e+01
   1.8361710e+06   2.4047852e+01
   1.8361890e+06   2.4658203e+01
   1.8362040e+06   2.3864746e+01
   1.8362210e+06   2.6672363e+01
   1.8362320e+06   4.0893555e+01
   1.8362660e+06   2.4658203e+01
   1.8363230e+06   3.0517578e+01
   1.8363530e+06   2.7160645e+01
   1.8364060e+06   2.5878906e+01
   1.8364190e+06   3.9062500e+01
   1.8364430e+06   2.4536133e+01
   1.8364840e+06   3.4179688e+01
   1.8365020e+06   2.4414063e+01
   1.8365430e+06   2.2827148e+01
   1.8365600e+06   2.8320312e+01
   1.8367200e+06   2.3132324e+01
   1.8367570e+06   2.2583008e+01
   1.8368060e+06   2.8198242e+01
   1.8368310e+06   2.7343750e+01
   1.8370130e+06   2.7221680e+01
   1.8370660e+06   3.0517578e+01
   1.8374320e+06   2.5451660e+01
   1.8375400e+06   2.7099609e+01
   1.8376160e+06   2.3315430e+01
   1.8379430e+06   2.4230957e+01
   1.8380690e+06   2.2705078e+01
   1.9152480e+06   2.3925781e+01
   1.9153560e+06   2.9479980e+01
   1.9154060e+06   2.3986816e+01
   1.9155660e+06   2.9663086e+01
   1.9156370e+06   2.2644043e+01
   1.9157290e+06   3.2165527e+01
   1.9157730e+06   3.0029297e+01
   1.9158050e+06   2.9296875e+01
   1.9158190e+06   2.2888184e+01
   1.9158380e+06   2.9052734e+01
   1.9158740e+06   2.5756836e+01
   1.9158990e+06   3.0822754e+01
   1.9159190e+06   2.8869629e+01
   1.9159830e+06   2.3803711e+01
   1.9160250e+06   2.8808594e+01
   1.9160420e+06   2.7038574e+01
   1.9160930e+06   2.7099609e+01
   1.9161670e+06   3.8696289e+01
   1.9162720e+06   2.6367188e+01
   1.9163500e+06   2.2888184e+01
   1.9164390e+06   2.4108887e+01
   1.9166430e+06   2.3986816e+01
   1.9167950e+06   2.5329590e+01
   1.9169940e+06   2.3742676e+01
   1.9170910e+06   2.5451660e+01
   1.9173340e+06   2.3315430e+01
   1.9720970e+06   2.2766113e+01
   1.9723230e+06   2.7099609e+01
   1.9726820e+06   2.2705078e+01
   1.9727650e+06   2.3254395e+01
   1.9727860e+06   3.6193848e+01
   1.9728210e+06   2.3132324e+01
   1.9728690e+06   2.7343750e+01
   1.9729870e+06   2.3864746e+01
   1.9730960e+06   2.3254395e+01
   1.9731610e+06   2.3864746e+01
   1.9732240e+06   2.3254395e+01
   1.9732880e+06   2.3742676e+01
   1.9733350e+06   2.5634766e+01
   2.0458250e+06   2.3742676e+01
   2.0459820e+06   2.5024414e+01
   2.0461400e+06   2.5085449e+01
   2.0463810e+06   2.6855469e+01
   2.0464060e+06   2.3193359e+01
   2.0464490e+06   2.4841309e+01
   2.0464920e+06   3.1372070e+01
   2.0465540e+06   2.4597168e+01
   2.0466020e+06   2.8930664e+01
   2.0466910e+06   2.3803711e+01
   2.0467180e+06   2.2583008e+01
   2.0468350e+06   2.3071289e+01
   2.0468850e+06   3.2653809e+01
   2.0470970e+06   2.5451660e+01
   2.0474290e+06   2.2583008e+01
   2.0475910e+06   2.3315430e+01
   2.1106510e+06   2.3864746e+01
   2.1106990e+06   3.3935547e+01
   2.1111260e+06   2.5085449e+01
   2.1112090e+06   2.3437500e+01
   2.1112720e+06   2.3742676e+01
   2.1114290e+06   2.7282715e+01
   2.1117130e+06   2.9052734e+01
   2.1119750e+06   2.4841309e+01
   2.1122210e+06   2.3132324e+01
   2.1393180e+06   2.7526855e+01
   2.1405830e+06   2.8930664e+01
   2.1412410e+06   2.3559570e+01
   2.1414330e+06   2.3986816e+01
   2.1417720e+06   2.3132324e+01
   2.1421590e+06   2.3620605e+01
   2.1424490e+06   2.3498535e+01
   2.1430840e+06   2.2949219e+01
   2.1442780e+06   2.3742676e+01
   2.2068020e+06   3.0273438e+01
   2.2068850e+06   2.3254395e+01
   2.2070980e+06   2.3681641e+01
   2.2077280e+06   2.3620605e+01
   2.2077400e+06   2.8320313e+01
   2.2079720e+06   2.4536133e+01
   2.2080300e+06   2.2766113e+01
   2.2086630e+06   2.3620605e+01
   2.2306730e+06   2.2827148e+01
   2.2583640e+06   2.6306152e+01
   2.2585150e+06   2.3376465e+01
   2.2587200e+06   2.5390625e+01
   2.2589620e+06   2.4780273e+01
   2.2695080e+06   2.2888184e+01
   2.2785440e+06   2.3864746e+01
   2.2794580e+06   2.2644043e+01
   2.2796170e+06   2.3010254e+01
   2.2968660e+06   2.3437500e+01
   2.3031110e+06   2.2644043e+01
   2.3047360e+06   2.4108887e+01
   2.3124310e+06   2.5451660e+01
   2.3193700e+06   2.5146484e+01
   2.3203310e+06   2.3437500e+01
   2.3296970e+06   2.5512695e+01
   2.3302160e+06   2.3071289e+01
   2.3324910e+06   2.2827148e+01
   2.3397770e+06   2.7954102e+01
   2.3417390e+06   2.3132324e+01
   2.3499390e+06   2.9174805e+01
   2.3559990e+06   2.4291992e+01
   2.3717500e+06   2.6245117e+01
   2.3728940e+06   2.3315430e+01
   2.3867610e+06   2.3803711e+01
   2.3874280e+06   2.3559570e+01
   2.3941410e+06   2.4719238e+01
   2.3955920e+06   2.5878906e+01
   2.4003380e+06   2.2888184e+01
   2.4011910e+06   2.3376465e+01
   2.4070830e+06   2.4658203e+01
   2.4118490e+06   2.2766113e+01
   2.4345870e+06   2.2827148e+01
   2.4433950e+06   2.3559570e+01
   2.4510240e+06   2.2827148e+01
   2.4513520e+06   2.5390625e+01
   2.4515730e+06   2.6794434e+01
   2.4516320e+06   2.8320313e+01
   2.4670350e+06   2.5451660e+01
   2.4740660e+06   2.5329590e+01
   2.4744760e+06   2.3498535e+01
   2.4749100e+06   2.3498535e+01
   2.4836510e+06   2.3986816e+01
   2.4838140e+06   2.3071289e+01
   2.4999840e+06   2.2644043e+01
   2.5005550e+06   2.2644043e+01
   2.5006700e+06   2.2705078e+01
   2.5009200e+06   2.3193359e+01
   2.5236460e+06   2.6428223e+01
   2.5243550e+06   2.4047852e+01
   2.5250090e+06   2.3437500e+01
   2.5283910e+06   2.3071289e+01
   2.5324900e+06   2.2705078e+01
   2.5330510e+06   2.4230957e+01
   2.5477480e+06   2.2644043e+01
   2.5639550e+06   2.6733398e+01
   2.5761680e+06   2.3010254e+01
   2.5766970e+06   2.4291992e+01
   2.5784900e+06   2.6367188e+01
   2.5954260e+06   2.4108887e+01
   2.5962880e+06   2.7404785e+01
   2.5969770e+06   2.2888184e+01
   2.5972430e+06   2.3315430e+01
   2.6093660e+06   2.3010254e+01
   2.6241780e+06   2.3315430e+01
   2.6268520e+06   2.2827148e+01
   2.6434460e+06   2.3193359e+01
   2.6607390e+06   2.2644043e+01
   2.6611910e+06   3.0395508e+01
   2.6616390e+06   2.3376465e+01
   2.6792310e+06   2.3864746e+01
   2.6798870e+06   2.7954102e+01
   2.6799540e+06   2.6184082e+01
   2.6800570e+06   2.4047852e+01
   2.7063610e+06   3.0212402e+01
   2.7064560e+06   2.3864746e+01
   2.7288030e+06   2.2705078e+01
   2.7292990e+06   2.6000977e+01
   2.7295400e+06   3.2836914e+01
   2.7296410e+06   2.3986816e+01
   2.7297280e+06   2.5390625e+01
   2.7303090e+06   2.2583008e+01
   2.7343460e+06   2.4353027e+01
   2.7652840e+06   2.6000977e+01
   2.7664640e+06   2.6855469e+01
   2.7699800e+06   2.7954102e+01
   2.7706090e+06   2.4169922e+01
   2.8004510e+06   2.3742676e+01
   2.8007040e+06   2.5695801e+01
   2.8018380e+06   2.3559570e+01
   2.8024730e+06   2.4536133e+01
   2.8771890e+06   2.2766113e+01
   2.8775460e+06   2.4230957e+01
   2.8777020e+06   2.9052734e+01
   2.8778850e+06   2.3254395e+01
   2.8780860e+06   2.7282715e+01
   2.8781140e+06   3.0883789e+01
   2.8781250e+06   3.6193848e+01
   2.8781660e+06   3.0029297e+01
   2.8781760e+06   2.4169922e+01
   2.8781950e+06   2.3071289e+01
   2.8782250e+06   2.7832031e+01
   2.8782540e+06   3.9245605e+01
   2.8783010e+06   2.4658203e+01
   2.8783410e+06   2.6733398e+01
   2.8783760e+06   2.9724121e+01
   2.8783970e+06   2.6123047e+01
   2.8785330e+06   2.4230957e+01
   2.8785660e+06   2.3498535e+01
   2.8785820e+06   2.4658203e+01
   2.8786450e+06   2.3437500e+01
   2.8786970e+06   2.3132324e+01
   2.8787360e+06   2.2827148e+01
   2.8787780e+06   2.3986816e+01
   2.8796280e+06   2.5390625e+01
   2.8798500e+06   2.3071289e+01
   2.9186510e+06   2.4841309e+01
   2.9196290e+06   2.2827148e+01
   2.9197650e+06   2.5451660e+01
   2.9198090e+06   2.2827148e+01
   2.9199450e+06   2.3681641e+01
   2.9199680e+06   2.4963379e+01
   2.9200540e+06   2.2827148e+01
   2.9202340e+06   2.3559570e+01
   2.9204410e+06   2.4108887e+01
   2.9206990e+06   2.3254395e+01
   2.9338980e+06   2.3986816e+01
   2.9345270e+06   2.2888184e+01
   2.9352090e+06   2.3620605e+01
   2.9453990e+06   2.4963379e+01
   2.9464580e+06   2.4047852e+01
   2.9466600e+06   2.5573730e+01
   2.9481490e+06   2.3437500e+01
   2.9630750e+06   2.4780273e+01
   2.9633590e+06   2.4597168e+01
   2.9633710e+06   2.4291992e+01
   2.9635820e+06   2.4291992e+01
   2.9740950e+06   2.5146484e+01
   2.9745520e+06   2.2949219e+01
   2.9750410e+06   2.4414063e+01
   2.9752960e+06   2.3437500e+01
   2.9840420e+06   2.5512695e+01
   2.9852230e+06   2.3803711e+01
   2.9861720e+06   2.7282715e+01
   2.9940470e+06   3.1738281e+01
   2.9942820e+06   2.4597168e+01
   3.0055450e+06   2.4963379e+01
   3.0057550e+06   2.5390625e+01
   3.0200900e+06   2.3254395e+01
   3.0204980e+06   2.3193359e+01
   3.0208070e+06   2.3925781e+01
   3.0219080e+06   2.5085449e+01
   3.0325850e+06   2.2460938e+01
   3.0432720e+06   2.3864746e+01
   3.0538730e+06   2.3193359e+01
   3.0539560e+06   2.3742676e+01
   3.0564820e+06   2.3559570e+01
   3.0695700e+06   3.2775879e+01
   3.0696200e+06   2.6489258e+01
   3.0696450e+06   2.9785156e+01
   3.0812190e+06   2.3559570e+01
   3.0814440e+06   2.9846191e+01
   3.0817620e+06   2.6855469e+01
   3.1192010e+06   2.3559570e+01
   3.1192810e+06   2.2888184e+01
   3.1196260e+06   3.0029297e+01
   3.1235530e+06   2.5939941e+01
   3.2994840e+06   2.2644043e+01
   3.4537130e+06   2.6550293e+01
   3.4538960e+06   2.9785156e+01
   3.4539180e+06   3.5400391e+01
   3.4539540e+06   4.3212891e+01
   3.4539700e+06   3.2287598e+01
   3.4539850e+06   3.0273438e+01
   3.4540020e+06   2.6977539e+01
   3.4540150e+06   2.8930664e+01
   3.4540580e+06   3.1188965e+01
   3.4540790e+06   2.4719238e+01
   3.4541120e+06   2.4108887e+01
   3.4541330e+06   2.7404785e+01
   3.4541580e+06   2.8381348e+01
   3.4542030e+06   3.5949707e+01
   3.4542990e+06   2.3376465e+01
   3.4543940e+06   2.3864746e+01
   3.4546440e+06   2.6855469e+01
   3.4549260e+06   2.5939941e+01
   3.4553500e+06   2.2888184e+01
   3.5036830e+06   2.6611328e+01
   3.6154260e+06   2.2521973e+01
   3.6155490e+06   2.4353027e+01
   3.6156680e+06   3.7780762e+01
   3.6157160e+06   2.2766113e+01
   3.6157810e+06   3.2592773e+01
   3.6158040e+06   2.2766113e+01
   3.6158280e+06   2.3193359e+01
   3.6158660e+06   4.5593262e+01
   3.6159240e+06   2.3071289e+01
   3.6159430e+06   2.5268555e+01
   3.6159560e+06   2.3376465e+01
   3.6159660e+06   2.5451660e+01
   3.6159980e+06   2.3742676e+01
   3.6160370e+06   2.3559570e+01
   3.6160530e+06   2.3376465e+01
   3.6160820e+06   2.6000977e+01
   3.6161180e+06   2.7770996e+01
   3.6161750e+06   2.9479980e+01
   3.6162510e+06   2.4597168e+01
   3.6162850e+06   2.4841309e+01
   3.6164000e+06   2.6123047e+01
   3.6165350e+06   2.7893066e+01
   3.6166460e+06   2.3559570e+01
   3.6169260e+06   2.3132324e+01
   3.6171730e+06   2.6062012e+01
   3.6173030e+06   2.4658203e+01
   3.6177690e+06   2.5024414e+01
   3.6179340e+06   2.5634766e+01
   3.6219920e+06   2.2766113e+01
   3.6221500e+06   2.8381348e+01
   3.6225390e+06   2.2460938e+01
   3.6239330e+06   2.2521973e+01
   3.6921930e+06   3.3630371e+01
   3.6925850e+06   2.2888184e+01
   3.6926090e+06   2.6062012e+01
   3.6926350e+06   2.7587891e+01
   3.6926540e+06   3.3935547e+01
   3.6926760e+06   3.0090332e+01
   3.6926960e+06   2.4414063e+01
   3.6927070e+06   3.5461426e+01
   3.6927420e+06   2.3193359e+01
   3.6927540e+06   4.0893555e+01
   3.6927710e+06   3.4973145e+01
   3.6927890e+06   2.5268555e+01
   3.6928000e+06   2.8198242e+01
   3.6928310e+06   2.7282715e+01
   3.6928630e+06   3.0700684e+01
   3.6928850e+06   2.3315430e+01
   3.6929170e+06   2.7099609e+01
   3.6929450e+06   2.3132324e+01
   3.6931260e+06   2.3864746e+01
   3.6931750e+06   2.5329590e+01
   3.6932420e+06   2.3437500e+01
   3.6934570e+06   2.6733398e+01
   3.6934960e+06   2.3864746e+01
   3.6938760e+06   2.4475098e+01
   3.6939450e+06   2.3803711e+01
   3.6942760e+06   2.5634766e+01
   3.6944590e+06   2.3376465e+01
   3.6948370e+06   2.3925781e+01
   3.6953580e+06   2.3376465e+01
   3.6958800e+06   2.3071289e+01
   3.6971460e+06   2.3498535e+01
   3.6984960e+06   2.4902344e+01
   3.7612610e+06   3.0273438e+01
   3.7613000e+06   2.9663086e+01
   3.7613730e+06   2.8442383e+01
   3.7613900e+06   2.3071289e+01
   3.7614110e+06   2.5878906e+01
   3.7614410e+06   4.0100098e+01
   3.7614590e+06   2.5817871e+01
   3.7614900e+06   2.6306152e+01
   3.7615130e+06   3.1250000e+01
   3.7615230e+06   2.4536133e+01
   3.7615600e+06   3.5949707e+01
   3.7616050e+06   2.3864746e+01
   3.7616170e+06   2.9724121e+01
   3.7616950e+06   2.3742676e+01
   3.7618360e+06   2.3742676e+01
   3.7621010e+06   2.3620605e+01
   3.7621850e+06   2.2949219e+01
   3.7622980e+06   2.6123047e+01
   3.7628310e+06   2.5939941e+01
   3.7642820e+06   2.4108887e+01
   3.7777250e+06   2.4108887e+01
   3.7778410e+06   2.2827148e+01
   3.7779150e+06   2.4230957e+01
   3.7779550e+06   2.3254395e+01
   3.7779720e+06   3.9978027e+01
   3.7779900e+06   3.0517578e+01
   3.7780250e+06   2.3559570e+01
   3.7780760e+06   2.8198242e+01
   3.7781140e+06   3.1860352e+01
   3.7781460e+06   2.7465820e+01
   3.7781920e+06   2.8381348e+01
   3.7782250e+06   2.8381348e+01
   3.7782460e+06   2.7526855e+01
   3.7783200e+06   2.2705078e+01
   3.7783490e+06   2.3437500e+01
   3.7783740e+06   2.4108887e+01
   3.7784280e+06   2.3132324e+01
   3.7784610e+06   2.7160645e+01
   3.7784970e+06   2.4719238e+01
   3.7786730e+06   2.2583008e+01
   3.7789700e+06   2.2521973e+01
   3.7791680e+06   2.3315430e+01
   3.7889000e+06   2.7526855e+01
   3.7889750e+06   2.5268555e+01
   3.7890060e+06   2.4658203e+01
   3.7890560e+06   2.7465820e+01
   3.7890820e+06   2.4414063e+01
   3.7891220e+06   3.1127930e+01
   3.7891910e+06   2.3498535e+01
   3.7892180e+06   3.1982422e+01
   3.7893150e+06   2.3254395e+01
   3.7894700e+06   2.2644043e+01
   3.7897210e+06   2.6306152e+01
   3.7897610e+06   2.3071289e+01
   3.8018640e+06   2.3193359e+01
   3.8019120e+06   2.2460938e+01
   3.8019700e+06   2.3437500e+01
   3.8020110e+06   3.1494141e+01
   3.8020350e+06   2.6306152e+01
   3.8020990e+06   2.5390625e+01
   3.8021220e+06   3.0822754e+01
   3.8021360e+06   2.5756836e+01
   3.8021830e+06   3.6254883e+01
   3.8022080e+06   2.6062012e+01
   3.8022450e+06   2.5695801e+01
   3.8022600e+06   2.6062012e+01
   3.8023530e+06   2.4719238e+01
   3.8024080e+06   2.4536133e+01
   3.8024640e+06   2.3010254e+01
   3.8122070e+06   2.6062012e+01
   3.8122270e+06   2.4963379e+01
   3.8122710e+06   2.2949219e+01
   3.8122920e+06   2.3681641e+01
   3.8123330e+06   2.4963379e+01
   3.8123790e+06   2.8259277e+01
   3.8124070e+06   2.7038574e+01
   3.8125510e+06   2.4841309e+01
   3.8125820e+06   2.2949219e+01
   3.8126020e+06   2.4780273e+01
   3.8130140e+06   2.3071289e+01
   3.8242640e+06   2.2888184e+01
   3.8243290e+06   3.0090332e+01
   3.8243730e+06   2.9052734e+01
   3.8244220e+06   2.4108887e+01
   3.8245660e+06   2.5695801e+01
   3.8245830e+06   3.2226563e+01
   3.8246610e+06   2.7832031e+01
   3.8247030e+06   2.2949219e+01
   3.8255220e+06   2.3010254e+01
   3.8256180e+06   2.2644043e+01
   3.8351390e+06   2.4169922e+01
   3.8352500e+06   2.8442383e+01
   3.8352840e+06   2.5390625e+01
   3.8353470e+06   3.1188965e+01
   3.8353710e+06   2.4475098e+01
   3.8353840e+06   2.5329590e+01
   3.8354350e+06   2.3315430e+01
   3.8356740e+06   2.3437500e+01
   3.8359620e+06   2.4780273e+01
   3.8462990e+06   2.7404785e+01
   3.8463730e+06   2.2521973e+01
   3.8464110e+06   3.0517578e+01
   3.8464540e+06   2.7160645e+01
   3.8464980e+06   2.6489258e+01
   3.8465190e+06   2.2521973e+01
   3.8465790e+06   2.3864746e+01
   3.8466020e+06   3.1799316e+01
   3.8466610e+06   2.6123047e+01
   3.8467000e+06   2.8198242e+01
   3.8467500e+06   2.5268555e+01
   3.8552940e+06   2.2949219e+01
   3.8558640e+06   2.3010254e+01
   3.8559340e+06   2.3376465e+01
   3.8560240e+06   2.4841309e+01
   3.8566970e+06   2.4414063e+01
   3.8568100e+06   2.3193359e+01
   3.8653110e+06   2.6489258e+01
   3.8655740e+06   2.3925781e+01
   3.8656440e+06   2.5573730e+01
   3.8656660e+06   2.7709961e+01
   3.8656960e+06   2.2705078e+01
   3.8657370e+06   2.2949219e+01
   3.8658400e+06   2.3193359e+01
   3.8659000e+06   2.2521973e+01
   3.8660140e+06   3.0700684e+01
   3.8661190e+06   2.3498535e+01
   3.8662700e+06   2.3193359e+01
   3.8739740e+06   2.3803711e+01
   3.8744340e+06   2.8564453e+01
   3.8744650e+06   2.4841309e+01
   3.8747800e+06   2.3315430e+01
   3.8832060e+06   3.0883789e+01
   3.8833070e+06   2.7221680e+01
   3.8833330e+06   2.8015137e+01
   3.8833660e+06   2.2583008e+01
   3.8835620e+06   2.7648926e+01
   3.8919360e+06   2.2705078e+01
   3.8978670e+06   2.3742676e+01
   3.8980190e+06   2.7404785e+01
   3.8982300e+06   2.8198242e+01
   3.8982760e+06   2.5329590e+01
   3.8987960e+06   2.3071289e+01
   3.9089690e+06   2.5207520e+01
   3.9091650e+06   2.5512695e+01
   3.9092690e+06   2.6733398e+01
   3.9207800e+06   2.3376465e+01
   3.9209750e+06   2.4841309e+01
   3.9213590e+06   2.4719238e+01
   3.9352230e+06   2.4475098e+01
   3.9353010e+06   2.9785156e+01
   3.9353430e+06   2.3681641e+01
   3.9355030e+06   2.5390625e+01
   3.9355770e+06   2.3559570e+01
   3.9518940e+06   2.3803711e+01
   3.9520070e+06   2.8259277e+01
   3.9520750e+06   2.3437500e+01
   3.9527690e+06   2.3437500e+01
   3.9622170e+06   2.2644043e+01
   3.9629300e+06   2.3498535e+01
   3.9631270e+06   2.3315430e+01
   3.9758400e+06   2.2888184e+01
   3.9760710e+06   2.6489258e+01
   3.9771730e+06   2.2888184e+01
   3.9874220e+06   2.5329590e+01
   3.9880610e+06   2.4658203e+01
   3.9883870e+06   2.2827148e+01
   3.9988510e+06   2.3681641e+01
   4.0090970e+06   2.2705078e+01
   4.0091230e+06   2.5634766e+01
   4.0193920e+06   2.4780273e+01
   4.0196240e+06   2.4047852e+01
   4.0314410e+06   2.3254395e+01
   4.0322530e+06   2.6550293e+01
   4.0508620e+06   2.2460938e+01
   4.3990750e+06   2.8137207e+01
   4.3992570e+06   2.9602051e+01
   4.3992890e+06   3.2409668e+01
   4.3993100e+06   2.2644043e+01
   4.3993250e+06   3.2287598e+01
   4.3993550e+06   3.0761719e+01
   4.3993700e+06   4.0588379e+01
   4.3994810e+06   3.3203125e+01
   4.3995070e+06   2.4414063e+01
   4.3995870e+06   3.1005859e+01
   4.3996220e+06   2.4719238e+01
   4.3997270e+06   2.6000977e+01
   4.3997390e+06   2.2827148e+01
   4.3999880e+06   2.7160645e+01
   4.4000390e+06   2.6611328e+01
   4.4002520e+06   2.4658203e+01
   4.4004690e+06   2.3803711e+01
   4.4508920e+06   2.4475098e+01
   4.5139230e+06   3.9550781e+01
   4.5142050e+06   3.8330078e+01
   4.5142190e+06   2.8930664e+01
   4.5142680e+06   3.3813477e+01
   4.5143180e+06   4.8950195e+01
   4.5143370e+06   2.3071289e+01
   4.5143710e+06   2.3986816e+01
   4.5144010e+06   2.6672363e+01
   4.5144230e+06   2.9357910e+01
   4.5144620e+06   2.8442383e+01
   4.5144950e+06   2.8137207e+01
   4.5145580e+06   3.9672852e+01
   4.5146220e+06   2.3376465e+01
   4.5146640e+06   2.6367188e+01
   4.5146910e+06   2.4780273e+01
   4.5148060e+06   2.3071289e+01
   4.5149840e+06   2.3437500e+01
   4.5151660e+06   2.3010254e+01
   4.5151940e+06   2.3132324e+01
   4.5152900e+06   2.3071289e+01
   4.5154360e+06   2.5451660e+01
   4.5163100e+06   2.4597168e+01
   4.5354500e+06   2.4475098e+01
   4.6077150e+06   2.9968262e+01
   4.6079800e+06   2.4353027e+01
   4.6080110e+06   3.3264160e+01
   4.6080460e+06   3.0212402e+01
   4.6080730e+06   3.2592773e+01
   4.6080970e+06   2.7404785e+01
   4.6081110e+06   3.1982422e+01
   4.6081330e+06   3.0700684e+01
   4.6081640e+06   3.5461426e+01
   4.6081960e+06   2.3925781e+01
   4.6082280e+06   3.7475586e+01
   4.6082810e+06   2.2644043e+01
   4.6083040e+06   3.1066895e+01
   4.6083340e+06   2.8686523e+01
   4.6083730e+06   2.5024414e+01
   4.6084080e+06   2.3681641e+01
   4.6084460e+06   3.0700684e+01
   4.6086170e+06   2.4841309e+01
   4.6087110e+06   2.2644043e+01
   4.6089090e+06   2.2521973e+01
   4.6091820e+06   2.3010254e+01
   4.6092440e+06   2.2644043e+01
   4.6454850e+06   2.5512695e+01
   4.6941540e+06   3.1311035e+01
   4.6941960e+06   2.3864746e+01
   4.6943890e+06   2.2766113e+01
   4.6944260e+06   2.3193359e+01
   4.6944550e+06   3.7902832e+01
   4.6944800e+06   3.5156250e+01
   4.6944980e+06   2.2644043e+01
   4.6945180e+06   2.3376465e+01
   4.6945480e+06   3.4484863e+01
   4.6946030e+06   2.4414063e+01
   4.6946400e+06   4.9133301e+01
   4.6946500e+06   3.1799316e+01
   4.6946670e+06   2.6916504e+01
   4.6948040e+06   2.2583008e+01
   4.6948920e+06   2.2644043e+01
   4.6949100e+06   2.4475098e+01
   4.6949430e+06   2.3071289e+01
   4.6950750e+06   2.6672363e+01
   4.6950900e+06   2.3376465e+01
   4.6951600e+06   2.8137207e+01
   4.6952020e+06   2.3498535e+01
   4.6952570e+06   2.4597168e+01
   4.6954830e+06   3.2409668e+01
   4.6956530e+06   2.3803711e+01
   4.6961420e+06   2.3559570e+01
   4.7839370e+06   2.2827148e+01
   4.7843630e+06   2.9296875e+01
   4.7844440e+06   3.4790039e+01
   4.7844830e+06   2.6672363e+01
   4.7845000e+06   3.0883789e+01
   4.7845430e+06   3.6376953e+01
   4.7845620e+06   3.5400391e+01
   4.7845920e+06   4.7485352e+01
   4.7846360e+06   2.7954102e+01
   4.7846550e+06   3.8635254e+01
   4.7846680e+06   2.6672363e+01
   4.7846790e+06   2.3193359e+01
   4.7846940e+06   2.9052734e+01
   4.7847100e+06   2.6123047e+01
   4.7847380e+06   2.5268555e+01
   4.7847560e+06   2.6306152e+01
   4.7848350e+06   2.3559570e+01
   4.7848810e+06   2.7648926e+01
   4.7851110e+06   2.5939941e+01
   4.7853560e+06   2.4169922e+01
   4.7854490e+06   2.2583008e+01
   4.7854780e+06   2.2583008e+01
   4.7857030e+06   2.6306152e+01
   4.7859960e+06   2.2827148e+01
   4.7862580e+06   2.3376465e+01
   4.7863960e+06   2.4169922e+01
   4.7874970e+06   2.3986816e+01
   4.8596190e+06   2.2460938e+01
   4.8596450e+06   2.3864746e+01
   4.8597180e+06   2.3254395e+01
   4.8598340e+06   3.1127930e+01
   4.8598740e+06   3.1494141e+01
   4.8599080e+06   2.8442383e+01
   4.8599360e+06   3.5339355e+01
   4.8599520e+06   3.2531738e+01
   4.8599730e+06   4.0527344e+01
   4.8600060e+06   3.6315918e+01
   4.8600180e+06   2.8930664e+01
   4.8600400e+06   3.6560059e+01
   4.8600750e+06   2.9968262e+01
   4.8601460e+06   3.1738281e+01
   4.8601560e+06   2.5085449e+01
   4.8603650e+06   2.2460938e+01
   4.8604710e+06   2.4108887e+01
   4.8607420e+06   2.3254395e+01
   4.9326160e+06   2.3010254e+01
   4.9331720e+06   2.4963379e+01
   4.9332020e+06   2.3437500e+01
   4.9332460e+06   2.4230957e+01
   4.9332660e+06   2.6855469e+01
   4.9333160e+06   3.0090332e+01
   4.9333430e+06   3.3691406e+01
   4.9333790e+06   2.2949219e+01
   4.9334090e+06   2.8320313e+01
   4.9334700e+06   2.2705078e+01
   4.9334970e+06   2.8930664e+01
   4.9335370e+06   2.3559570e+01
   4.9335500e+06   2.4414063e+01
   4.9336450e+06   3.1860352e+01
   4.9337130e+06   2.3254395e+01
   4.9337450e+06   2.6794434e+01
   4.9338330e+06   2.3376465e+01
   4.9338620e+06   2.2888184e+01
   4.9339650e+06   2.4719238e+01
   4.9340650e+06   2.4291992e+01
   4.9341270e+06   2.2460938e+01
   4.9350440e+06   2.3864746e+01
   5.0028140e+06   2.2827148e+01
   5.0031580e+06   2.3986816e+01
   5.0038680e+06   2.3193359e+01
   5.0039360e+06   2.6306152e+01
   5.0039720e+06   2.4108887e+01
   5.0040290e+06   2.7160645e+01
   5.0040880e+06   2.5146484e+01
   5.0041320e+06   2.7465820e+01
   5.0041770e+06   3.5949707e+01
   5.0042240e+06   2.3193359e+01
   5.0042520e+06   3.6193848e+01
   5.0042790e+06   3.1372070e+01
   5.0042890e+06   2.2583008e+01
   5.0043240e+06   2.6794434e+01
   5.0043570e+06   2.8198242e+01
   5.0044570e+06   2.3986816e+01
   5.0044740e+06   2.4414063e+01
   5.0045250e+06   2.2644043e+01
   5.0046950e+06   2.3681641e+01
   5.0048640e+06   2.3803711e+01
   5.0051300e+06   2.5207520e+01
   5.0671930e+06   2.7526855e+01
   5.0685280e+06   2.3437500e+01
   5.0686170e+06   2.3620605e+01
   5.0688080e+06   2.3681641e+01
   5.0688550e+06   3.3752441e+01
   5.0688770e+06   2.8808594e+01
   5.0689070e+06   2.3010254e+01
   5.0689580e+06   3.1311035e+01
   5.0689790e+06   3.1127930e+01
   5.0690110e+06   2.7038574e+01
   5.0690740e+06   2.6062012e+01
   5.0691330e+06   2.3376465e+01
   5.0691830e+06   2.2766113e+01
   5.0692380e+06   2.7465820e+01
   5.0692570e+06   2.6306152e+01
   5.0693500e+06   2.6245117e+01
   5.0693640e+06   2.7038574e+01
   5.0694560e+06   2.5817871e+01
   5.0694960e+06   2.2827148e+01
   5.0697180e+06   2.3437500e+01
   5.0699980e+06   2.2521973e+01
   5.1346110e+06   2.4658203e+01
   5.1353290e+06   2.4841309e+01
   5.1367470e+06   2.2460938e+01
   5.1369100e+06   3.2714844e+01
   5.1373360e+06   2.3071289e+01
   5.1373670e+06   2.5024414e+01
   5.1374720e+06   2.4291992e+01
   5.1375160e+06   2.3315430e+01
   5.1375860e+06   2.4475098e+01
   5.1376650e+06   3.0273438e+01
   5.1376930e+06   2.4169922e+01
   5.1377200e+06   2.5390625e+01
   5.1377630e+06   3.6804199e+01
   5.1378110e+06   3.0700684e+01
   5.1378230e+06   2.5695801e+01
   5.1378610e+06   3.3874512e+01
   5.1378970e+06   3.1005859e+01
   5.1379330e+06   2.4230957e+01
   5.1379500e+06   2.4597168e+01
   5.1379710e+06   2.3315430e+01
   5.1380280e+06   3.7841797e+01
   5.1380460e+06   2.6306152e+01
   5.1380680e+06   2.3376465e+01
   5.1380960e+06   2.2949219e+01
   5.1381610e+06   2.3681641e+01
   5.1383250e+06   2.5817871e+01
   5.1383400e+06   2.6428223e+01
   5.2030020e+06   2.4658203e+01
   5.2033920e+06   2.4475098e+01
   5.2038790e+06   2.2827148e+01
   5.2040010e+06   2.3193359e+01
   5.2041980e+06   2.7038574e+01
   5.2043140e+06   2.5817871e+01
   5.2045450e+06   2.3071289e+01
   5.2047120e+06   2.3742676e+01
   5.2048240e+06   2.2827148e+01
   5.2048590e+06   2.2583008e+01
   5.2049420e+06   2.4841309e+01
   5.2050070e+06   2.2583008e+01
   5.2050990e+06   2.3864746e+01
   5.2052990e+06   2.6184082e+01
   5.2053430e+06   2.5695801e+01
   5.2059000e+06   2.5512695e+01
   5.2328320e+06   2.8991699e+01
   5.2667650e+06   2.4780273e+01
   5.2676840e+06   2.2521973e+01
   5.2685580e+06   2.3925781e+01
   5.2686740e+06   2.2827148e+01
   5.2687690e+06   2.5756836e+01
   5.2688320e+06   2.5939941e+01
   5.2691850e+06   2.6733398e+01
   5.2693800e+06   2.4291992e+01
   5.3302340e+06   2.2521973e+01
   5.3305620e+06   2.8381348e+01
   5.3306810e+06   2.3498535e+01
   5.3316780e+06   2.5695801e+01
   5.3321730e+06   2.3681641e+01
   5.3326910e+06   2.2521973e+01
   5.3929330e+06   2.3193359e+01
   5.3930140e+06   2.6733398e+01
   5.3931760e+06   2.2460938e+01
   5.3960440e+06   2.3864746e+01
   5.3968020e+06   2.4291992e+01
   5.4451460e+06   2.2888184e+01
   5.4573100e+06   2.6550293e+01
   5.4576440e+06   2.2644043e+01
   5.4587700e+06   3.1005859e+01
   5.4589620e+06   2.6245117e+01
   5.4590290e+06   2.4291992e+01
   5.4592730e+06   2.4353027e+01
   5.5177410e+06   2.7526855e+01
   5.5178810e+06   2.4658203e+01
   5.5181590e+06   2.7526855e+01
   5.5185670e+06   2.4475098e+01
   5.5186540e+06   2.5512695e+01
   5.5187400e+06   2.5390625e+01
   5.5190010e+06   2.3925781e+01
   5.5194500e+06   2.4536133e+01
   5.5756020e+06   2.5512695e+01
   5.5760420e+06   2.4719238e+01
   5.5764020e+06   3.2470703e+01
   5.5764390e+06   2.3010254e+01
   5.5769700e+06   2.3864746e+01
   5.5776100e+06   2.5878906e+01
   5.6437820e+06   3.0456543e+01
   5.6438190e+06   2.3010254e+01
   5.6441180e+06   2.3925781e+01
   5.6442020e+06   2.8442383e+01
   5.6442130e+06   2.5634766e+01
   5.6442720e+06   3.1860352e+01
   5.6442960e+06   3.2653809e+01
   5.6443110e+06   2.5390625e+01
   5.6443250e+06   2.7832031e+01
   5.6443500e+06   2.5939941e+01
   5.6443710e+06   3.2470703e+01
   5.6443950e+06   2.6733398e+01
   5.6444340e+06   2.5512695e+01
   5.6444560e+06   3.1677246e+01
   5.6444900e+06   2.6855469e+01
   5.6445030e+06   2.6184082e+01
   5.6445330e+06   2.4536133e+01
   5.6445480e+06   2.8930664e+01
   5.6445800e+06   2.9357910e+01
   5.6446150e+06   2.7160645e+01
   5.6446710e+06   2.5512695e+01
   5.6447080e+06   2.8686523e+01
   5.6450660e+06   2.4047852e+01
   5.6451560e+06   2.5207520e+01
   5.6452300e+06   2.2827148e+01
   5.6457820e+06   2.3681641e+01
   5.6458860e+06   2.6306152e+01
   5.7177770e+06   2.2521973e+01
   5.7184920e+06   3.0761719e+01
   5.7189600e+06   2.2521973e+01
   5.7191610e+06   2.6062012e+01
   5.7192610e+06   2.4108887e+01
   5.7193520e+06   2.7038574e+01
   5.7195320e+06   2.3315430e+01
   5.7195610e+06   2.2827148e+01
   5.7196480e+06   2.4230957e+01
   5.7198440e+06   2.6672363e+01
   5.7868500e+06   2.9235840e+01
   5.7870160e+06   2.3864746e+01
   5.7872000e+06   2.2705078e+01
   5.7872610e+06   2.3803711e+01
   5.7872850e+06   2.3864746e+01
   5.7873100e+06   2.9235840e+01
   5.7873330e+06   2.6672363e+01
   5.7874050e+06   2.6672363e+01
   5.7874400e+06   2.6855469e+01
   5.7874580e+06   2.3376465e+01
   5.7874890e+06   2.7465820e+01
   5.7875050e+06   2.5451660e+01
   5.7875270e+06   4.0527344e+01
   5.7875370e+06   2.5268555e+01
   5.7875810e+06   3.4790039e+01
   5.7876290e+06   2.2766113e+01
   5.7876700e+06   3.0639648e+01
   5.7878300e+06   3.0517578e+01
   5.7887090e+06   2.5939941e+01
   5.7893670e+06   3.6804199e+01
   5.8624650e+06   2.6977539e+01
   5.8627450e+06   2.6855469e+01
   5.8628600e+06   2.4841309e+01
   5.8629880e+06   2.3559570e+01
   5.8630010e+06   2.3925781e+01
   5.8630740e+06   2.3498535e+01
   5.8631400e+06   3.4973145e+01
   5.8631640e+06   3.0639648e+01
   5.8631900e+06   3.0151367e+01
   5.8632070e+06   2.6794434e+01
   5.8632270e+06   2.5207520e+01
   5.8632510e+06   2.7709961e+01
   5.8632700e+06   2.8869629e+01
   5.8633360e+06   2.4414063e+01
   5.8634120e+06   2.6550293e+01
   5.8634890e+06   2.3010254e+01
   5.8635040e+06   2.6367188e+01
   5.8635210e+06   3.3935547e+01
   5.8635690e+06   2.2460938e+01
   5.8636130e+06   2.2949219e+01
   5.8636850e+06   2.5390625e+01
   5.8637320e+06   2.5146484e+01
   5.8640450e+06   2.7893066e+01
   5.9387240e+06   2.7343750e+01
   5.9387920e+06   2.4780273e+01
   5.9391950e+06   3.4606934e+01
   5.9392210e+06   2.3254395e+01
   5.9392540e+06   3.0029297e+01
   5.9393050e+06   2.8503418e+01
   5.9393410e+06   3.3508301e+01
   5.9393510e+06   2.7893066e+01
   5.9393720e+06   2.6062012e+01
   5.9394000e+06   2.5024414e+01
   5.9394250e+06   2.7648926e+01
   5.9394380e+06   2.3132324e+01
   5.9394860e+06   2.4963379e+01
   5.9395590e+06   2.5573730e+01
   5.9398220e+06   2.5268555e+01
   5.9398480e+06   2.4475098e+01
   5.9401010e+06   2.4353027e+01
   5.9401590e+06   2.3437500e+01
   5.9405640e+06   2.2521973e+01
   5.9408360e+06   2.3559570e+01
   5.9409290e+06   2.5817871e+01
   5.9958890e+06   2.5451660e+01
   5.9960410e+06   2.2460938e+01
   5.9966050e+06   2.2949219e+01
   5.9968920e+06   2.5024414e+01
   5.9969650e+06   2.2460938e+01
   5.9969830e+06   2.7587891e+01
   5.9970150e+06   2.5268555e+01
   5.9970790e+06   2.3620605e+01
   5.9971430e+06   2.5024414e+01
   5.9972220e+06   2.3620605e+01
   5.9972680e+06   2.9296875e+01
   5.9974130e+06   3.3081055e+01
   5.9979850e+06   2.3498535e+01
   5.9984140e+06   2.4353027e+01
   6.0583620e+06   2.6855469e+01
   6.0586820e+06   2.3803711e+01
   6.0587390e+06   2.6489258e+01
   6.0588200e+06   3.5278320e+01
   6.0589470e+06   2.4902344e+01
   6.0590660e+06   2.3132324e+01
   6.0590990e+06   2.6428223e+01
   6.0591650e+06   2.2827148e+01
   6.0592300e+06   2.3071289e+01
   6.0593850e+06   2.7587891e+01
   6.0594470e+06   2.2888184e+01
   6.0600190e+06   2.2827148e+01
   6.0616230e+06   2.3254395e+01
   6.0993480e+06   2.3559570e+01
   6.1001010e+06   2.3437500e+01
   6.1001590e+06   2.4719238e+01
   6.1003800e+06   3.2470703e+01
   6.1006320e+06   2.4841309e+01
   6.1006750e+06   2.8442383e+01
   6.1007480e+06   2.3437500e+01
   6.1007780e+06   2.4291992e+01
   6.1008420e+06   2.2827148e+01
   6.1009980e+06   2.3742676e+01
   6.1012460e+06   2.5756836e+01
   6.1017000e+06   2.9602051e+01
   6.1097640e+06   2.4597168e+01
   6.1099140e+06   2.5695801e+01
   6.1156180e+06   2.3681641e+01
   6.1166260e+06   2.2949219e+01
   6.1231890e+06   2.3071289e+01
   6.1234400e+06   2.3437500e+01
   6.1238720e+06   2.3132324e+01
   6.1307100e+06   2.7221680e+01
   6.1313250e+06   2.3498535e+01
   6.1382290e+06   2.3315430e+01
   6.1388030e+06   2.3437500e+01
   6.1440420e+06   2.3498535e+01
   6.1446160e+06   2.8198242e+01
   6.1500650e+06   2.2888184e+01
   6.1511700e+06   2.3071289e+01
   6.1584580e+06   2.4169922e+01
   6.1590120e+06   2.4291992e+01
   6.1722450e+06   2.5451660e+01
   6.1974780e+06   2.4780273e+01
   6.1977190e+06   2.3986816e+01
   6.1979330e+06   2.3925781e+01
   6.1995430e+06   2.3132324e+01
   6.2122850e+06   2.4291992e+01
   6.2140230e+06   2.8259277e+01
   6.2140600e+06   2.2705078e+01
   6.2220960e+06   2.4108887e+01
   6.2385490e+06   2.7648926e+01
   6.2440750e+06   2.2766113e+01
   6.2529240e+06   2.3071289e+01
   6.2534040e+06   2.5512695e+01
   6.2633240e+06   2.3742676e+01
   6.2636530e+06   2.3986816e+01
   6.2704790e+06   2.4658203e+01
   6.2710600e+06   2.5634766e+01
   6.2792200e+06   2.4780273e+01
   6.2871690e+06   2.2827148e+01
   6.2959960e+06   2.3437500e+01
   6.3040210e+06   2.3132324e+01
   6.3043970e+06   2.5878906e+01
   6.3050400e+06   2.2949219e+01
   6.3117670e+06   2.2888184e+01
   6.3131250e+06   2.5695801e+01
   6.3319490e+06   2.5390625e+01
   6.3321480e+06   2.4841309e+01
   6.3326780e+06   2.2949219e+01
   6.3330720e+06   2.2705078e+01
   6.3335210e+06   2.3742676e+01
   6.3411970e+06   2.3315430e+01
   6.3418810e+06   2.9235840e+01
   6.3419790e+06   2.3437500e+01
   6.3420910e+06   2.3132324e+01
   6.3507680e+06   2.3315430e+01
   6.3511480e+06   2.3254395e+01
   6.3648390e+06   2.4841309e+01
   6.3652560e+06   2.3803711e+01
   6.3654930e+06   2.2888184e+01
   6.3659510e+06   2.3620605e+01
   6.3762570e+06   2.3803711e+01
   6.3763090e+06   2.5390625e+01
   6.3763750e+06   2.4291992e+01
   6.3771900e+06   2.9113770e+01
   6.3772440e+06   2.3010254e+01
   6.3907490e+06   2.2888184e+01
   6.3913750e+06   2.3620605e+01
   6.4046900e+06   2.6855469e+01
   6.4047890e+06   2.6611328e+01
   6.4384140e+06   2.3254395e+01
   6.4387030e+06   2.5329590e+01
   6.4500970e+06   2.4047852e+01
   6.4711280e+06   2.5024414e+01
   6.4715340e+06   2.3132324e+01
   6.4717400e+06   2.4169922e+01
   6.4726230e+06   2.5329590e+01
   6.4891500e+06   2.4719238e+01
   6.4899010e+06   2.4658203e+01
   6.5042820e+06   2.4536133e+01
   6.5051600e+06   2.6611328e+01
   6.5058300e+06   2.4108887e+01
   6.5328000e+06   2.2827148e+01
   6.5334730e+06   2.3193359e+01
   6.5337980e+06   2.8625488e+01
   6.5338600e+06   2.4780273e+01
   6.5339200e+06   2.3437500e+01
   6.5340640e+06   2.3376465e+01
   6.5572140e+06   2.3803711e+01
   6.5574090e+06   2.2888184e+01
   6.5579060e+06   2.5207520e+01
   6.5584110e+06   3.0395508e+01
   6.5588540e+06   2.5207520e+01
   6.6670200e+06   2.8381348e+01
   6.7389210e+06   3.1677246e+01
   6.7390870e+06   2.5695801e+01
   6.7391250e+06   3.9184570e+01
   6.7391520e+06   2.7343750e+01
   6.7391650e+06   3.4484863e+01
   6.7391870e+06   3.5827637e+01
   6.7392010e+06   2.3742676e+01
   6.7392290e+06   2.5634766e+01
   6.7392470e+06   2.3925781e+01
   6.7392710e+06   2.3864746e+01
   6.7392840e+06   2.2766113e+01
   6.7393100e+06   3.5766602e+01
   6.7393390e+06   2.3254395e+01
   6.7393940e+06   3.4545898e+01
   6.7394100e+06   2.9174805e+01
   6.7394660e+06   3.3203125e+01
   6.7395270e+06   2.7343750e+01
   6.7396530e+06   3.4545898e+01
   6.7398520e+06   2.3254395e+01
   6.7399910e+06   2.6306152e+01
   6.7812640e+06   3.4484863e+01
   6.9099260e+06   3.1433105e+01
   6.9099820e+06   2.6916504e+01
   6.9100340e+06   2.6611328e+01
   6.9100520e+06   3.1372070e+01
   6.9100870e+06   3.6254883e+01
   6.9101040e+06   2.9785156e+01
   6.9101370e+06   2.9479980e+01
   6.9101510e+06   3.7414551e+01
   6.9101830e+06   2.3681641e+01
   6.9102160e+06   2.6428223e+01
   6.9102370e+06   2.6977539e+01
   6.9102560e+06   3.3081055e+01
   6.9102690e+06   2.4230957e+01
   6.9103030e+06   2.4291992e+01
   6.9103180e+06   2.3254395e+01
   6.9104330e+06   2.3803711e+01
   6.9106510e+06   2.4597168e+01
   6.9109220e+06   2.3559570e+01
   6.9109870e+06   2.4902344e+01
   6.9110550e+06   2.3559570e+01
   6.9202970e+06   3.0395508e+01
   7.0448930e+06   2.8076172e+01
   7.0450870e+06   2.9968262e+01
   7.0450980e+06   3.3264160e+01
   7.0451210e+06   3.0151367e+01
   7.0451410e+06   4.7363281e+01
   7.0451610e+06   3.7780762e+01
   7.0451710e+06   2.4658203e+01
   7.0452360e+06   2.9785156e+01
   7.0452610e+06   2.2888184e+01
   7.0453080e+06   2.5207520e+01
   7.0453260e+06   3.5034180e+01
   7.0453530e+06   2.6550293e+01
   7.0454040e+06   2.8869629e+01
   7.0454580e+06   2.7709961e+01
   7.0455350e+06   2.6245117e+01
   7.0455710e+06   2.3010254e+01
   7.0457400e+06   2.5024414e+01
   7.0458900e+06   2.2949219e+01
   7.0461590e+06   2.4597168e+01
   7.0466760e+06   2.5329590e+01
   7.0756390e+06   2.5024414e+01
   7.0757490e+06   2.4597168e+01
   7.0758010e+06   3.6315918e+01
   7.0758130e+06   3.1921387e+01
   7.0758260e+06   2.4963379e+01
   7.0758680e+06   3.6926270e+01
   7.0758960e+06   2.2827148e+01
   7.0759180e+06   2.6733398e+01
   7.0759410e+06   2.5329590e+01
   7.0759600e+06   4.0771484e+01
   7.0759730e+06   2.7709961e+01
   7.0759900e+06   2.4780273e+01
   7.0760050e+06   3.7597656e+01
   7.0760590e+06   2.3498535e+01
   7.0761150e+06   3.1616211e+01
   7.0761640e+06   2.6123047e+01
   7.0761870e+06   2.4047852e+01
   7.0762210e+06   2.2888184e+01
   7.0762890e+06   2.6000977e+01
   7.0763850e+06   2.4475098e+01
   7.0764340e+06   2.3193359e+01
   7.0764940e+06   2.3681641e+01
   7.0765310e+06   3.8330078e+01
   7.0766840e+06   2.4353027e+01
   7.0782180e+06   2.4902344e+01
   7.0806750e+06   2.3010254e+01
   7.1165490e+06   2.2827148e+01
   7.1166650e+06   2.5024414e+01
   7.1167000e+06   3.2470703e+01
   7.1167250e+06   2.7893066e+01
   7.1167450e+06   3.1616211e+01
   7.1167670e+06   2.3681641e+01
   7.1167950e+06   2.2766113e+01
   7.1168350e+06   2.6428223e+01
   7.1168450e+06   2.4536133e+01
   7.1168760e+06   2.9602051e+01
   7.1169030e+06   3.5400391e+01
   7.1169330e+06   2.3376465e+01
   7.1169860e+06   2.6062012e+01
   7.1170750e+06   2.3620605e+01
   7.1170980e+06   2.4780273e+01
   7.1171330e+06   2.2827148e+01
   7.1171810e+06   2.3132324e+01
   7.1173240e+06   2.4353027e+01
   7.1174910e+06   2.7648926e+01
   7.1175170e+06   2.4475098e+01
   7.1176230e+06   2.7832031e+01
   7.1177120e+06   2.3864746e+01
   7.1179890e+06   2.5573730e+01
   7.1189580e+06   2.6550293e+01
   7.1250220e+06   2.2827148e+01
   7.1309610e+06   4.0588379e+01
   7.1309880e+06   2.3864746e+01
   7.1310500e+06   2.4841309e+01
   7.1310780e+06   2.4719238e+01
   7.1310950e+06   2.5390625e+01
   7.1311070e+06   2.3925781e+01
   7.1311290e+06   3.5705566e+01
   7.1311410e+06   3.2043457e+01
   7.1311670e+06   2.3681641e+01
   7.1311840e+06   2.4841309e+01
   7.1312130e+06   2.4963379e+01
   7.1312590e+06   2.6184082e+01
   7.1312950e+06   3.0029297e+01
   7.1313730e+06   2.3071289e+01
   7.1315190e+06   2.7404785e+01
   7.1316550e+06   2.2705078e+01
   7.1422650e+06   2.3681641e+01
   7.1423000e+06   2.4230957e+01
   7.1423370e+06   2.4658203e+01
   7.1424870e+06   2.3498535e+01
   7.1425060e+06   3.5766602e+01
   7.1425250e+06   2.4475098e+01
   7.1425800e+06   2.3742676e+01
   7.1426090e+06   2.7038574e+01
   7.1426670e+06   2.5451660e+01
   7.1426770e+06   2.4658203e+01
   7.1427200e+06   2.2949219e+01
   7.1428990e+06   2.4658203e+01
   7.1523810e+06   2.5329590e+01
   7.1524710e+06   2.4536133e+01
   7.1524880e+06   3.2165527e+01
   7.1525720e+06   3.2226563e+01
   7.1526330e+06   2.3132324e+01
   7.1527060e+06   2.5390625e+01
   7.1527410e+06   2.8503418e+01
   7.1527830e+06   3.3813477e+01
   7.1528180e+06   2.3681641e+01
   7.1528420e+06   2.4963379e+01
   7.1528620e+06   2.5451660e+01
   7.1529070e+06   2.6245117e+01
   7.1529380e+06   2.3803711e+01
   7.1536950e+06   2.4291992e+01
   7.1621700e+06   2.3132324e+01
   7.1623200e+06   2.4353027e+01
   7.1624240e+06   2.9479980e+01
   7.1624680e+06   2.6245117e+01
   7.1625110e+06   2.8686523e+01
   7.1625670e+06   2.6245117e+01
   7.1625920e+06   2.3620605e+01
   7.1626150e+06   2.3620605e+01
   7.1626650e+06   3.4240723e+01
   7.1626820e+06   2.3193359e+01
   7.1627310e+06   2.6916504e+01
   7.1628250e+06   2.4780273e+01
   7.1631860e+06   2.3620605e+01
   7.1632980e+06   2.4047852e+01
   7.1634740e+06   2.4536133e+01
   7.1723590e+06   2.3498535e+01
   7.1724360e+06   3.0822754e+01
   7.1725480e+06   2.7832031e+01
   7.1725930e+06   3.0395508e+01
   7.1726650e+06   2.4841309e+01
   7.1727580e+06   2.4291992e+01
   7.1728070e+06   2.8442383e+01
   7.1728540e+06   2.4414063e+01
   7.1730510e+06   2.4047852e+01
   7.1734810e+06   2.6550293e+01
   7.1817320e+06   2.5695801e+01
   7.1817780e+06   2.4658203e+01
   7.1817940e+06   2.6428223e+01
   7.1818260e+06   2.2888184e+01
   7.1819170e+06   3.0578613e+01
   7.1819690e+06   2.4780273e+01
   7.1820300e+06   2.3010254e+01
   7.1820620e+06   3.2531738e+01
   7.1821540e+06   2.5634766e+01
   7.1821860e+06   2.3437500e+01
   7.1899360e+06   2.3925781e+01
   7.1899770e+06   2.8015137e+01
   7.1900890e+06   2.5390625e+01
   7.1902050e+06   2.5329590e+01
   7.1902210e+06   2.4475098e+01
   7.1903870e+06   2.4841309e+01
   7.1904140e+06   2.2705078e+01
   7.1905760e+06   2.4108887e+01
   7.1906500e+06   2.2888184e+01
   7.1907180e+06   2.3376465e+01
   7.1982970e+06   2.4353027e+01
   7.1983610e+06   2.4353027e+01
   7.1983930e+06   2.3864746e+01
   7.1984310e+06   2.5268555e+01
   7.1984890e+06   2.6123047e+01
   7.1985210e+06   2.8808594e+01
   7.1985440e+06   2.2766113e+01
   7.1987130e+06   2.4719238e+01
   7.1988050e+06   2.5817871e+01
   7.1991540e+06   2.2827148e+01
   7.2066070e+06   2.6184082e+01
   7.2068370e+06   2.6184082e+01
   7.2069190e+06   3.9367676e+01
   7.2069930e+06   2.3193359e+01
   7.2070390e+06   2.9541016e+01
   7.2072390e+06   2.6733398e+01
   7.2074890e+06   2.4291992e+01
   7.2156290e+06   2.4353027e+01
   7.2157190e+06   2.2949219e+01
   7.2157790e+06   2.3132324e+01
   7.2159030e+06   2.2766113e+01
   7.2159690e+06   2.4841309e+01
   7.2160180e+06   2.5695801e+01
   7.2269490e+06   2.3132324e+01
   7.2271350e+06   2.4780273e+01
   7.2271650e+06   2.2888184e+01
   7.2271930e+06   2.6062012e+01
   7.2272690e+06   2.4108887e+01
   7.2272990e+06   2.2827148e+01
   7.2273830e+06   2.3498535e+01
   7.2274950e+06   2.2827148e+01
   7.2361280e+06   2.4536133e+01
   7.2362020e+06   2.4230957e+01
   7.2362300e+06   2.6062012e+01
   7.2364320e+06   2.3803711e+01
   7.2364420e+06   2.8503418e+01
   7.2364910e+06   2.2766113e+01
   7.2367050e+06   2.2949219e+01
   7.2495660e+06   2.4291992e+01
   7.2496470e+06   2.3193359e+01
   7.2497450e+06   2.4108887e+01
   7.2498400e+06   2.7099609e+01
   7.2499470e+06   2.4536133e+01
   7.2500250e+06   3.1555176e+01
   7.2587330e+06   2.3193359e+01
   7.2590040e+06   2.7709961e+01
   7.2590440e+06   2.4963379e+01
   7.2591850e+06   2.4414063e+01
   7.2591960e+06   2.3864746e+01
   7.2595690e+06   2.3864746e+01
   7.2671990e+06   2.3071289e+01
   7.2673440e+06   2.8137207e+01
   7.2676590e+06   2.6733398e+01
   7.2677740e+06   2.3925781e+01
   7.2760070e+06   2.5512695e+01
   7.2760700e+06   2.6184082e+01
   7.2856900e+06   2.3376465e+01
   7.2864520e+06   2.3681641e+01
   7.3009290e+06   2.5573730e+01
   7.3014260e+06   2.7954102e+01
   7.3169470e+06   2.2766113e+01
   7.3171060e+06   2.3193359e+01
   7.3177970e+06   3.0761719e+01
   7.3327550e+06   2.3010254e+01
   7.3468630e+06   2.3925781e+01
   7.3737090e+06   2.3437500e+01
   7.3746130e+06   2.3559570e+01
   7.3932490e+06   2.4169922e+01
   7.3947570e+06   2.3315430e+01
   7.4198760e+06   2.6733398e+01
   7.4720100e+06   2.5817871e+01
   7.4722540e+06   2.4353027e+01
   7.4885360e+06   2.6428223e+01
   7.5002120e+06   2.5451660e+01
   7.5007700e+06   2.3620605e+01
   7.5329390e+06   2.4841309e+01
   7.5331930e+06   2.4108887e+01
   7.5890310e+06   3.4301758e+01
   7.5899280e+06   2.5939941e+01
   7.5899590e+06   4.2663574e+01
   7.5900160e+06   3.0822754e+01
   7.5900280e+06   4.0954590e+01
   7.5900380e+06   3.7353516e+01
   7.5900720e+06   3.1433105e+01
   7.5901020e+06   2.8930664e+01
   7.5901200e+06   2.7587891e+01
   7.5901450e+06   2.7709961e+01
   7.5901780e+06   2.8198242e+01
   7.5902000e+06   2.8198242e+01
   7.5902290e+06   2.3864746e+01
   7.5902490e+06   2.5207520e+01
   7.5902680e+06   2.3498535e+01
   7.5903250e+06   2.3803711e+01
   7.5903850e+06   2.4658203e+01
   7.5905320e+06   2.4658203e+01
   7.5905860e+06   2.4475098e+01
   7.5906290e+06   2.2949219e+01
   7.5907220e+06   2.3315430e+01
   7.5912000e+06   2.2705078e+01
   7.8578780e+06   2.8381348e+01
   7.8581280e+06   2.6550293e+01
   7.8581400e+06   3.5217285e+01
   7.8581810e+06   2.7099609e+01
   7.8581930e+06   4.7729492e+01
   7.8582140e+06   3.2287598e+01
   7.8582390e+06   2.6794434e+01
   7.8582710e+06   2.9785156e+01
   7.8582940e+06   5.3405762e+01
   7.8583340e+06   2.7832031e+01
   7.8583550e+06   3.8208008e+01
   7.8583700e+06   2.2766113e+01
   7.8584120e+06   3.1311035e+01
   7.8585170e+06   2.5146484e+01
   7.8585910e+06   3.0822754e+01
   7.8586630e+06   2.6855469e+01
   7.8587310e+06   2.5573730e+01
   7.8588590e+06   2.5390625e+01
   7.8590380e+06   2.4536133e+01
   7.8591810e+06   2.3193359e+01
   7.8595420e+06   2.5512695e+01
   7.9759360e+06   3.4851074e+01
   7.9762220e+06   2.4230957e+01
   7.9762480e+06   3.5949707e+01
   7.9762790e+06   2.9907227e+01
   7.9762950e+06   2.5756836e+01
   7.9763110e+06   3.1127930e+01
   7.9763420e+06   3.5278320e+01
   7.9763730e+06   3.3203125e+01
   7.9763940e+06   2.5146484e+01
   7.9764230e+06   3.0212402e+01
   7.9764410e+06   3.4729004e+01
   7.9764690e+06   2.5146484e+01
   7.9765050e+06   2.6428223e+01
   7.9765370e+06   3.1921387e+01
   7.9765950e+06   2.7587891e+01
   7.9766060e+06   2.5573730e+01
   7.9767700e+06   2.3071289e+01
   7.9769130e+06   2.2705078e+01
   7.9770530e+06   2.2949219e+01
   7.9771050e+06   2.3864746e+01
   7.9771280e+06   2.4230957e+01
   7.9772100e+06   2.9113770e+01
   7.9774500e+06   2.4353027e+01
   8.0781530e+06   3.0090332e+01
   8.0784390e+06   3.5949707e+01
   8.0784690e+06   2.8686523e+01
   8.0784830e+06   4.6569824e+01
   8.0785180e+06   3.1616211e+01
   8.0785420e+06   2.3620605e+01
   8.0785590e+06   2.4536133e+01
   8.0785930e+06   4.1931152e+01
   8.0786100e+06   2.4047852e+01
   8.0786320e+06   2.6611328e+01
   8.0786520e+06   2.8320313e+01
   8.0786880e+06   2.8015137e+01
   8.0787930e+06   2.5878906e+01
   8.0788890e+06   2.5756836e+01
   8.0789440e+06   2.5268555e+01
   8.0790240e+06   2.3376465e+01
   8.0790380e+06   2.3620605e+01
   8.0790850e+06   2.3315430e+01
   8.0791190e+06   2.4353027e+01
   8.0794070e+06   2.4536133e+01
   8.0794450e+06   2.3193359e+01
   8.0796390e+06   2.5024414e+01
   8.0797430e+06   2.3864746e+01
   8.0801530e+06   2.2766113e+01
   8.1568700e+06   2.3315430e+01
   8.1569830e+06   3.0822754e+01
   8.1570250e+06   2.9724121e+01
   8.1571990e+06   2.3193359e+01
   8.1572630e+06   2.2949219e+01
   8.1572810e+06   3.6499023e+01
   8.1573410e+06   5.4260254e+01
   8.1573600e+06   3.4301758e+01
   8.1573790e+06   4.9194336e+01
   8.1573960e+06   4.6142578e+01
   8.1574260e+06   3.5827637e+01
   8.1574390e+06   2.7893066e+01
   8.1574820e+06   2.6489258e+01
   8.1575070e+06   2.7404785e+01
   8.1575280e+06   2.9235840e+01
   8.1575970e+06   2.3254395e+01
   8.1576370e+06   2.5268555e+01
   8.1576500e+06   2.3010254e+01
   8.1577130e+06   2.4475098e+01
   8.1578310e+06   2.4536133e+01
   8.1580580e+06   2.2705078e+01
   8.1580950e+06   2.5939941e+01
   8.1582240e+06   2.4414063e+01
   8.1587670e+06   2.9479980e+01
   8.1591380e+06   2.4963379e+01
   8.2189080e+06   2.8076172e+01
   8.2191180e+06   2.9174805e+01
   8.2191730e+06   2.5329590e+01
   8.2192540e+06   2.5390625e+01
   8.2193990e+06   2.4414063e+01
   8.2194130e+06   2.3376465e+01
   8.2194740e+06   2.4719238e+01
   8.2194940e+06   2.4719238e+01
   8.2195150e+06   2.7709961e+01
   8.2195440e+06   2.5451660e+01
   8.2195600e+06   3.1982422e+01
   8.2195760e+06   2.3010254e+01
   8.2196090e+06   3.1616211e+01
   8.2196220e+06   2.9357910e+01
   8.2196330e+06   3.0334473e+01
   8.2196710e+06   2.3925781e+01
   8.2196960e+06   3.0212402e+01
   8.2197190e+06   2.4047852e+01
   8.2197470e+06   2.2705078e+01
   8.2197740e+06   2.3498535e+01
   8.2198630e+06   2.4108887e+01
   8.2201940e+06   2.5024414e+01
   8.2204660e+06   2.7648926e+01
   8.2207390e+06   2.5024414e+01
   8.2209580e+06   2.5329590e+01
   8.2681250e+06   3.0517578e+01
   8.2681700e+06   2.2949219e+01
   8.2682240e+06   2.3376465e+01
   8.2682340e+06   2.9418945e+01
   8.2682700e+06   2.7526855e+01
   8.2683070e+06   4.5898438e+01
   8.2683240e+06   3.0456543e+01
   8.2683490e+06   2.6367188e+01
   8.2683640e+06   3.1860352e+01
   8.2683790e+06   2.9663086e+01
   8.2684080e+06   3.1860352e+01
   8.2684320e+06   2.6794434e+01
   8.2684650e+06   2.9968262e+01
   8.2684870e+06   2.5390625e+01
   8.2685900e+06   2.6611328e+01
   8.2687320e+06   2.3559570e+01
   8.2689350e+06   2.5573730e+01
   8.2689600e+06   2.3010254e+01
   8.2691390e+06   2.4902344e+01
   8.2696600e+06   2.3193359e+01
   8.2697710e+06   2.2705078e+01
   8.3140790e+06   2.4658203e+01
   8.3141200e+06   2.3864746e+01
   8.3142710e+06   2.4108887e+01
   8.3143260e+06   2.5024414e+01
   8.3143960e+06   2.3803711e+01
   8.3144890e+06   2.6733398e+01
   8.3145070e+06   3.6010742e+01
   8.3145470e+06   2.2827148e+01
   8.3145670e+06   2.6306152e+01
   8.3145770e+06   3.3752441e+01
   8.3146180e+06   3.0212402e+01
   8.3146310e+06   2.3986816e+01
   8.3146640e+06   2.2949219e+01
   8.3146790e+06   2.5817871e+01
   8.3147030e+06   2.7160645e+01
   8.3147260e+06   2.3742676e+01
   8.3147670e+06   2.4475098e+01
   8.3148120e+06   2.5146484e+01
   8.3148560e+06   2.2827148e+01
   8.3149280e+06   2.4353027e+01
   8.3150290e+06   2.4902344e+01
   8.3150810e+06   3.0029297e+01
   8.3152260e+06   2.5146484e+01
   8.3155990e+06   2.3620605e+01
   8.3162950e+06   2.3010254e+01
   8.3297930e+06   2.3010254e+01
   8.3298350e+06   2.7770996e+01
   8.3301750e+06   2.2827148e+01
   8.3441380e+06   2.3925781e+01
   8.3442200e+06   2.6245117e+01
   8.3443310e+06   2.3193359e+01
   8.3443530e+06   2.7282715e+01
   8.3443960e+06   2.6428223e+01
   8.3444230e+06   2.3010254e+01
   8.3444390e+06   2.2827148e+01
   8.3444950e+06   3.0883789e+01
   8.3445110e+06   2.9113770e+01
   8.3445530e+06   2.5512695e+01
   8.3446570e+06   2.3254395e+01
   8.3446730e+06   2.3376465e+01
   8.3448350e+06   2.4353027e+01
   8.3448730e+06   2.2888184e+01
   8.3449230e+06   2.3071289e+01
   8.3449490e+06   2.7893066e+01
   8.3449920e+06   2.3132324e+01
   8.3450770e+06   2.5146484e+01
   8.3452500e+06   2.3437500e+01
   8.3452720e+06   2.4719238e+01
   8.3453530e+06   2.4475098e+01
   8.3605260e+06   2.3559570e+01
   8.3701920e+06   2.6672363e+01
   8.3706120e+06   2.8991699e+01
   8.3708730e+06   3.1799316e+01
   8.3709080e+06   2.7038574e+01
   8.3710770e+06   2.4597168e+01
   8.3711260e+06   2.3132324e+01
   8.3712140e+06   2.3437500e+01
   8.3712540e+06   2.4841309e+01
   8.3714020e+06   2.3193359e+01
   8.3715030e+06   2.7648926e+01
   8.3716750e+06   2.3620605e+01
   8.3889490e+06   2.3498535e+01
   8.3895060e+06   2.5268555e+01
   8.3898200e+06   2.5024414e+01
   8.3965780e+06   2.6367188e+01
   8.3973090e+06   2.4902344e+01
   8.3977460e+06   2.3254395e+01
   8.4041740e+06   2.3315430e+01
   8.4049740e+06   2.6855469e+01
   8.4111160e+06   3.0334473e+01
   8.4202200e+06   2.6245117e+01
   8.4212120e+06   2.5146484e+01
   8.4304640e+06   2.2827148e+01
   8.4306140e+06   2.3315430e+01
   8.4307760e+06   2.4291992e+01
   8.4440270e+06   2.3010254e+01
   8.4551940e+06   2.3620605e+01
   8.4557600e+06   2.3620605e+01
   8.4688850e+06   2.2949219e+01
   8.4695330e+06   2.5573730e+01
   8.4851710e+06   2.8808594e+01
   8.4881480e+06   2.2827148e+01
   8.4882720e+06   2.2705078e+01
   8.5070760e+06   2.2949219e+01
   8.5077900e+06   2.7038574e+01
   8.5083010e+06   2.4230957e+01
   8.5088560e+06   2.5207520e+01
   8.5092530e+06   2.7709961e+01
   8.5190090e+06   2.5390625e+01
   8.5190340e+06   2.4841309e+01
   8.5270470e+06   2.3010254e+01
   8.5276010e+06   2.5573730e+01
   8.5456170e+06   2.3315430e+01
   8.5461320e+06   2.4841309e+01
   8.5467590e+06   2.3559570e+01
   8.5480100e+06   2.2827148e+01
   8.5632710e+06   2.2705078e+01
   8.5636490e+06   2.5695801e+01
   8.5637990e+06   2.3620605e+01
   8.5754620e+06   2.4902344e+01
   8.6036680e+06   2.3254395e+01
   8.6037570e+06   2.8259277e+01
   8.6042790e+06   2.2705078e+01
   8.6200960e+06   2.3864746e+01
   8.6410890e+06   2.5207520e+01
   8.6417480e+06   3.4973145e+01
   8.6426890e+06   2.5146484e+01
   8.6433230e+06   2.3071289e+01
   8.6723700e+06   2.2888184e+01
   8.6726370e+06   2.4047852e+01
   8.6729560e+06   2.4108887e+01
   8.6744200e+06   2.5756836e+01
   8.6972590e+06   2.3193359e+01
   8.6975420e+06   3.3935547e+01
   8.6977460e+06   2.3803711e+01
   8.7181180e+06   2.3437500e+01
   8.7185360e+06   2.3437500e+01
   8.7340110e+06   2.3620605e+01
   8.7350500e+06   2.8076172e+01
   8.7724250e+06   2.3986816e+01
   8.7735290e+06   3.1127930e+01
   8.7737150e+06   2.4841309e+01
   8.7743090e+06   2.5817871e+01
   8.8117470e+06   2.3193359e+01
   8.8125010e+06   3.3813477e+01
   8.8129060e+06   2.4841309e+01
   8.8129790e+06   2.6062012e+01
   8.8130160e+06   3.7109375e+01
   8.8130300e+06   3.2714844e+01
   8.8130630e+06   3.4851074e+01
   8.8130990e+06   2.5085449e+01
   8.8131370e+06   2.7160645e+01
   8.8131630e+06   2.5268555e+01
   8.8131920e+06   3.1005859e+01
   8.8132210e+06   2.7465820e+01
   8.8132530e+06   3.1250000e+01
   8.8132800e+06   2.6123047e+01
   8.8133460e+06   3.0334473e+01
   8.8133630e+06   2.9541016e+01
   8.8134030e+06   3.3142090e+01
   8.8134830e+06   2.3986816e+01
   8.8135680e+06   2.7648926e+01
   8.8135970e+06   2.8930664e+01
   8.8138530e+06   2.3620605e+01
   8.8140340e+06   2.4475098e+01
   8.8153720e+06   2.3620605e+01
   8.9106970e+06   3.1738281e+01
   8.9107550e+06   2.7587891e+01
   8.9110510e+06   2.6611328e+01
   8.9115610e+06   2.4719238e+01
   8.9115930e+06   3.0700684e+01
   8.9116090e+06   2.4353027e+01
   8.9116500e+06   3.2348633e+01
   8.9116750e+06   4.2907715e+01
   8.9116910e+06   3.3996582e+01
   8.9117280e+06   3.2470703e+01
   8.9117500e+06   4.4433594e+01
   8.9117840e+06   3.4240723e+01
   8.9118050e+06   3.3752441e+01
   8.9118220e+06   3.2958984e+01
   8.9118420e+06   2.2888184e+01
   8.9119940e+06   2.9602051e+01
   8.9121440e+06   3.8940430e+01
   8.9122990e+06   2.6916504e+01
   8.9134530e+06   2.4597168e+01
   8.9463990e+06   2.4536133e+01
   8.9718180e+06   2.5817871e+01
   8.9726360e+06   3.2348633e+01
   8.9728910e+06   2.6062012e+01
   8.9729710e+06   2.2888184e+01
   8.9732790e+06   2.8442383e+01
   8.9733620e+06   2.3742676e+01
   8.9734000e+06   2.3803711e+01
   8.9734790e+06   2.9418945e+01
   8.9734970e+06   3.0639648e+01
   8.9735180e+06   2.3254395e+01
   8.9735500e+06   2.4719238e+01
   8.9735760e+06   3.2287598e+01
   8.9735860e+06   2.4414063e+01
   8.9736180e+06   2.7282715e+01
   8.9736660e+06   3.0456543e+01
   8.9736890e+06   3.1921387e+01
   8.9737170e+06   2.4230957e+01
   8.9737310e+06   2.2705078e+01
   8.9737770e+06   2.4230957e+01
   8.9738260e+06   2.3498535e+01
   8.9738650e+06   2.9174805e+01
   8.9738760e+06   2.4047852e+01
   8.9740850e+06   2.4719238e+01
   8.9742240e+06   2.5085449e+01
   9.1408150e+06   3.3569336e+01
   9.1412320e+06   2.2766113e+01
   9.1412420e+06   2.3132324e+01
   9.1412540e+06   2.9907227e+01
   9.1412950e+06   2.3254395e+01
   9.1413170e+06   2.6245117e+01
   9.1413410e+06   3.1066895e+01
   9.1413570e+06   3.7109375e+01
   9.1413840e+06   2.4902344e+01
   9.1414250e+06   3.3752441e+01
   9.1414610e+06   4.2541504e+01
   9.1414810e+06   2.6672363e+01
   9.1415810e+06   3.1372070e+01
   9.1416340e+06   2.4780273e+01
   9.1416710e+06   2.2705078e+01
   9.1417070e+06   2.5207520e+01
   9.1417460e+06   3.2592773e+01
   9.1418870e+06   2.5329590e+01
   9.1419350e+06   2.3010254e+01
   9.1422170e+06   2.5024414e+01
   9.1422700e+06   2.2521973e+01
   9.1423030e+06   2.6916504e+01
   9.1426190e+06   2.3437500e+01
   9.1427020e+06   2.3132324e+01
   9.2648040e+06   2.9357910e+01
   9.2648420e+06   2.5939941e+01
   9.2649480e+06   2.2460938e+01
   9.2650920e+06   2.8015137e+01
   9.2651250e+06   3.3874512e+01
   9.2651410e+06   2.2827148e+01
   9.2651650e+06   2.8381348e+01
   9.2651910e+06   2.5451660e+01
   9.2652070e+06   2.5268555e+01
   9.2652390e+06   2.6123047e+01
   9.2652570e+06   2.6794434e+01
   9.2652780e+06   3.1555176e+01
   9.2652950e+06   2.2949219e+01
   9.2653130e+06   2.5146484e+01
   9.2653400e+06   2.6916504e+01
   9.2653550e+06   2.8808594e+01
   9.2653850e+06   2.4719238e+01
   9.2654170e+06   3.4118652e+01
   9.2655370e+06   3.1921387e+01
   9.2656260e+06   3.3935547e+01
   9.2657140e+06   2.3986816e+01
   9.2657720e+06   2.3681641e+01
   9.2659340e+06   2.3559570e+01
   9.2659440e+06   2.5268555e+01
   9.2660280e+06   2.7832031e+01
   9.2665840e+06   2.4597168e+01
   9.3767110e+06   2.8259277e+01
   9.3769240e+06   2.2644043e+01
   9.3769480e+06   2.9113770e+01
   9.3769960e+06   2.4414063e+01
   9.3770100e+06   2.6367187e+01
   9.3770280e+06   2.7954102e+01
   9.3770520e+06   3.6865234e+01
   9.3770710e+06   3.7048340e+01
   9.3771050e+06   4.0771484e+01
   9.3771270e+06   3.4484863e+01
   9.3771590e+06   2.3071289e+01
   9.3771820e+06   2.3315430e+01
   9.3772260e+06   2.4353027e+01
   9.3772520e+06   2.7343750e+01
   9.3772790e+06   2.5329590e+01
   9.3773220e+06   3.0151367e+01
   9.3773870e+06   2.5024414e+01
   9.3774270e+06   3.0273438e+01
   9.3774710e+06   2.2399902e+01
   9.3775930e+06   3.4973145e+01
   9.3776060e+06   2.7343750e+01
   9.3776820e+06   2.2644043e+01
   9.3777840e+06   2.7404785e+01
   9.3782050e+06   2.5390625e+01
   9.4591050e+06   2.2399902e+01
   9.6302980e+06   2.9296875e+01
   9.6303390e+06   2.2644043e+01
   9.6304010e+06   2.4414063e+01
   9.6305420e+06   2.4230957e+01
   9.6305690e+06   3.5217285e+01
   9.6305940e+06   2.7893066e+01
   9.6306050e+06   3.8574219e+01
   9.6306300e+06   4.7363281e+01
   9.6306530e+06   4.6691895e+01
   9.6306680e+06   2.3315430e+01
   9.6307040e+06   2.3437500e+01
   9.6307470e+06   2.9357910e+01
   9.6307670e+06   2.5695801e+01
   9.6308040e+06   2.4169922e+01
   9.6308450e+06   2.6916504e+01
   9.6308730e+06   3.2348633e+01
   9.6309370e+06   2.5695801e+01
   9.6310630e+06   2.3803711e+01
   9.6311210e+06   2.4414063e+01
   9.6312360e+06   2.3681641e+01
   9.6313340e+06   2.4475098e+01
   9.6313870e+06   2.3864746e+01
   9.6314490e+06   2.6062012e+01
   9.6314960e+06   3.0517578e+01
   9.6315490e+06   2.5268555e+01
   9.6316800e+06   2.3193359e+01
   9.6319690e+06   2.3315430e+01
   9.6324140e+06   2.3071289e+01
   9.7183740e+06   3.0822754e+01
   9.7186020e+06   2.6062012e+01
   9.7186470e+06   2.6916504e+01
   9.7186760e+06   2.2766113e+01
   9.7187040e+06   2.7648926e+01
   9.7187340e+06   3.7719727e+01
   9.7187580e+06   3.5583496e+01
   9.7188030e+06   3.0151367e+01
   9.7188320e+06   4.3151855e+01
   9.7188500e+06   2.8015137e+01
   9.7188650e+06   2.5695801e+01
   9.7188810e+06   2.8808594e+01
   9.7189780e+06   3.3447266e+01
   9.7190430e+06   2.3010254e+01
   9.7190550e+06   2.3498535e+01
   9.7192680e+06   2.4475098e+01
   9.7193210e+06   2.3193359e+01
   9.7194140e+06   2.9479980e+01
   9.7201410e+06   2.2583008e+01
   9.7922240e+06   2.2949219e+01
   9.7923340e+06   2.5939941e+01
   9.7923870e+06   2.4108887e+01
   9.7924510e+06   2.3071289e+01
   9.7925770e+06   2.2949219e+01
   9.7926220e+06   2.4353027e+01
   9.7926580e+06   3.3325195e+01
   9.7926700e+06   2.7526855e+01
   9.7926910e+06   2.5390625e+01
   9.7927100e+06   2.4963379e+01
   9.7927390e+06   3.7719727e+01
   9.7927670e+06   4.0100098e+01
   9.7927900e+06   3.0334473e+01
   9.7928080e+06   2.6367188e+01
   9.7928510e+06   2.4719238e+01
   9.7928730e+06   3.2653809e+01
   9.7928900e+06   2.3986816e+01
   9.7929490e+06   2.8747559e+01
   9.7929780e+06   2.3559570e+01
   9.7930120e+06   2.3620605e+01
   9.7930470e+06   2.3803711e+01
   9.7931780e+06   2.3925781e+01
   9.7934040e+06   2.2827148e+01
   9.7935920e+06   2.2705078e+01
   9.7938610e+06   2.3681641e+01
   9.7953410e+06   2.2583008e+01
   9.7958430e+06   2.2460938e+01
   9.8441780e+06   2.5695801e+01
   9.8443380e+06   2.3498535e+01
   9.8443950e+06   2.2460938e+01
   9.8444070e+06   3.5095215e+01
   9.8444580e+06   2.6000977e+01
   9.8444930e+06   2.4169922e+01
   9.8445240e+06   2.6062012e+01
   9.8445880e+06   2.8991699e+01
   9.8446160e+06   2.3376465e+01
   9.8446310e+06   2.7709961e+01
   9.8446550e+06   2.9052734e+01
   9.8446970e+06   2.2583008e+01
   9.8447720e+06   3.0090332e+01
   9.8447840e+06   3.2592773e+01
   9.8447970e+06   2.7404785e+01
   9.8448440e+06   2.6672363e+01
   9.8448650e+06   2.9479980e+01
   9.8448750e+06   2.3986816e+01
   9.8449420e+06   2.7343750e+01
   9.8450070e+06   2.8625488e+01
   9.8451910e+06   2.9785156e+01
   9.8458970e+06   2.2766113e+01
   9.8654140e+06   2.2949219e+01
   9.8659560e+06   2.3254395e+01
   9.8660740e+06   2.6611328e+01
   9.8661740e+06   3.5705566e+01
   9.8662780e+06   2.2705078e+01
   9.8663060e+06   2.7770996e+01
   9.8663440e+06   2.4108887e+01
   9.8664570e+06   2.3071289e+01
   9.8665020e+06   2.2827148e+01
   9.8665470e+06   2.9174805e+01
   9.8665700e+06   2.2644043e+01
   9.8665910e+06   2.7648926e+01
   9.8668380e+06   2.6000977e+01
   9.8669180e+06   2.2399902e+01
   9.8669870e+06   2.4353027e+01
   9.8676570e+06   2.3620605e+01
   9.8793020e+06   2.3193359e+01
   9.8795200e+06   2.3071289e+01
   9.8797490e+06   2.3071289e+01
   9.8806300e+06   2.2949219e+01
   9.8810180e+06   2.4414063e+01
   9.8812180e+06   2.4108887e+01
   9.8895100e+06   2.3498535e+01
   9.8904080e+06   2.3071289e+01
   9.8993690e+06   2.3437500e+01
   9.8995680e+06   2.3010254e+01
   9.8998200e+06   2.6306152e+01
   9.9002410e+06   2.2888184e+01
   9.9004390e+06   2.3193359e+01
   9.9005510e+06   2.3681641e+01
   9.9006220e+06   2.3864746e+01
   9.9007770e+06   2.2399902e+01
   9.9009070e+06   2.3986816e+01
   9.9010910e+06   2.2521973e+01
   9.9017950e+06   2.6672363e+01
   9.9172110e+06   2.5939941e+01
   9.9206160e+06   2.3925781e+01
   9.9208520e+06   3.1066895e+01
   9.9247320e+06   2.2644043e+01
   9.9352850e+06   2.6245117e+01
   9.9357410e+06   2.3559570e+01
   9.9365520e+06   2.6245117e+01
   9.9367080e+06   2.2766113e+01
   9.9367190e+06   2.5024414e+01
   9.9371050e+06   2.5756836e+01
   9.9440540e+06   2.5085449e+01
   9.9523310e+06   2.3376465e+01
   9.9526060e+06   2.2949219e+01
   9.9607160e+06   2.4658203e+01
   9.9681310e+06   2.2705078e+01
   9.9684910e+06   2.2399902e+01
   9.9748630e+06   2.3803711e+01
   9.9879640e+06   2.3620605e+01
   9.9888590e+06   2.3742676e+01
   9.9981690e+06   2.2888184e+01
   9.9983580e+06   3.0761719e+01
   9.9984530e+06   2.6550293e+01
   9.9984840e+06   2.2705078e+01
   9.9989340e+06   2.3803711e+01
   9.9992880e+06   2.3071289e+01
   9.9995120e+06   2.2827148e+01
   1.0000135e+07   2.3376465e+01
   1.0008738e+07   2.3132324e+01
   1.0008913e+07   2.2399902e+01
   1.0009128e+07   2.5817871e+01
   1.0028787e+07   2.4108887e+01
   1.0029128e+07   2.3986816e+01
   1.0029425e+07   2.4169922e+01
   1.0030091e+07   2.5573730e+01
   1.0030317e+07   2.5390625e+01
   1.0030576e+07   2.4291992e+01
   1.0030849e+07   2.3010254e+01
   1.0037772e+07   2.3254395e+01
   1.0037926e+07   2.3193359e+01
   1.0038102e+07   2.2460938e+01
   1.0038593e+07   2.2460938e+01
   1.0038640e+07   2.3803711e+01
   1.0038816e+07   2.2521973e+01
   1.0046957e+07   2.3132324e+01
   1.0047054e+07   2.2521973e+01
   1.0055789e+07   2.2399902e+01
   1.0056490e+07   2.5329590e+01
   1.0073791e+07   2.6550293e+01
   1.0074467e+07   2.5878906e+01
   1.0074689e+07   2.2583008e+01
   1.0074863e+07   2.2644043e+01
   1.0083018e+07   2.4047852e+01
   1.0083351e+07   2.3132324e+01
   1.0084157e+07   2.6123047e+01
   1.0093400e+07   2.6611328e+01
   1.0093902e+07   2.3742676e+01
   1.0102127e+07   2.3315430e+01
   1.0102352e+07   2.4414062e+01
   1.0102655e+07   2.3681641e+01
   1.0103613e+07   2.5085449e+01
   1.0113668e+07   2.3132324e+01
   1.0123335e+07   2.5939941e+01
   1.0134638e+07   2.4414063e+01
   1.0134834e+07   2.5146484e+01
   1.0145686e+07   2.3071289e+01
   1.0146561e+07   3.4606934e+01
   1.0146860e+07   2.7709961e+01
   1.0165051e+07   2.8015137e+01
   1.0165340e+07   2.4841309e+01
   1.0178155e+07   2.4475098e+01
   1.0178326e+07   3.0151367e+01
   1.0178385e+07   2.3620605e+01
   1.0178642e+07   2.3864746e+01
   1.0178890e+07   2.4719238e+01
   1.0194656e+07   2.3071289e+01
   1.0195593e+07   2.3620605e+01
   1.0219876e+07   2.3315430e+01
   1.0220428e+07   2.3132324e+01
   1.0221042e+07   2.8686523e+01
   1.0221062e+07   2.2827148e+01
   1.0221820e+07   2.2521973e+01
   1.0248656e+07   2.2705078e+01
   1.0248839e+07   2.2583008e+01
   1.0249267e+07   2.6977539e+01
   1.0249509e+07   2.2460938e+01
   1.0249702e+07   2.4108887e+01
   1.0307945e+07   2.3315430e+01
   1.0307999e+07   2.8930664e+01
   1.0308035e+07   2.3620605e+01
   1.0308341e+07   2.3498535e+01
   1.0308426e+07   2.4780273e+01
   1.0308441e+07   2.9113770e+01
   1.0308487e+07   3.3630371e+01
   1.0308506e+07   2.2521973e+01
   1.0308538e+07   4.5349121e+01
   1.0308590e+07   2.5817871e+01
   1.0308601e+07   3.4545898e+01
   1.0308635e+07   2.6733398e+01
   1.0308650e+07   2.7526855e+01
   1.0308682e+07   2.5634766e+01
   1.0308695e+07   3.3630371e+01
   1.0308732e+07   2.5207520e+01
   1.0308770e+07   2.3498535e+01
   1.0308838e+07   2.4902344e+01
   1.0308929e+07   2.5939941e+01
   1.0309026e+07   2.6428223e+01
   1.0309062e+07   3.0761719e+01
   1.0309135e+07   3.4790039e+01
   1.0309271e+07   2.6733398e+01
   1.0309336e+07   2.3071289e+01
   1.0309397e+07   2.4902344e+01
   1.0310013e+07   2.2888184e+01
   1.0410204e+07   2.8686523e+01
   1.0410816e+07   3.0151367e+01
   1.0410835e+07   2.4169922e+01
   1.0410878e+07   3.2226563e+01
   1.0410888e+07   3.6987305e+01
   1.0410925e+07   2.9479980e+01
   1.0410950e+07   2.9541016e+01
   1.0410969e+07   3.2104492e+01
   1.0410999e+07   2.8686523e+01
   1.0411011e+07   4.3395996e+01
   1.0411039e+07   2.2644043e+01
   1.0411054e+07   2.2705078e+01
   1.0411093e+07   2.7648926e+01
   1.0411123e+07   2.5268555e+01
   1.0411186e+07   2.3254395e+01
   1.0411234e+07   2.8198242e+01
   1.0411264e+07   3.8574219e+01
   1.0411329e+07   2.3315430e+01
   1.0411347e+07   2.5512695e+01
   1.0411450e+07   2.4291992e+01
   1.0411548e+07   2.3925781e+01
   1.0411626e+07   2.9418945e+01
   1.0411691e+07   2.6062012e+01
   1.0411796e+07   2.2766113e+01
   1.0412128e+07   2.3498535e+01
   1.0412300e+07   2.3437500e+01
   1.0412507e+07   2.4414063e+01
   1.0468817e+07   3.0761719e+01
   1.0479878e+07   2.2888184e+01
   1.0480744e+07   3.0883789e+01
   1.0481162e+07   2.2460938e+01
   1.0481517e+07   2.2460938e+01
   1.0481671e+07   2.3376465e+01
   1.0481765e+07   2.3010254e+01
   1.0481938e+07   2.2766113e+01
   1.0482039e+07   2.3925781e+01
   1.0482270e+07   2.9907227e+01
   1.0482390e+07   2.3559570e+01
   1.0482440e+07   2.5695801e+01
   1.0482456e+07   2.7282715e+01
   1.0482494e+07   2.3620605e+01
   1.0482511e+07   2.7160645e+01
   1.0482544e+07   2.7648926e+01
   1.0482557e+07   3.2714844e+01
   1.0482586e+07   2.2583008e+01
   1.0482616e+07   3.1860352e+01
   1.0482649e+07   3.1616211e+01
   1.0482740e+07   2.3315430e+01
   1.0483079e+07   2.2521973e+01
   1.0483166e+07   2.3864746e+01
   1.0483372e+07   2.3132324e+01
   1.0483660e+07   2.2583008e+01
   1.0557026e+07   2.7587891e+01
   1.0565467e+07   2.4719238e+01
   1.0565649e+07   3.0517578e+01
   1.0565710e+07   2.3315430e+01
   1.0566231e+07   2.6733398e+01
   1.0566262e+07   2.5207520e+01
   1.0566288e+07   2.6550293e+01
   1.0566321e+07   2.3986816e+01
   1.0566342e+07   3.3081055e+01
   1.0566364e+07   2.5695801e+01
   1.0566397e+07   3.4790039e+01
   1.0566415e+07   3.4973145e+01
   1.0566427e+07   2.6855469e+01
   1.0566458e+07   2.9907227e+01
   1.0566473e+07   2.6245117e+01
   1.0566524e+07   4.0649414e+01
   1.0566557e+07   2.3193359e+01
   1.0566600e+07   2.8625488e+01
   1.0566635e+07   2.8259277e+01
   1.0566694e+07   2.5817871e+01
   1.0566730e+07   2.3437500e+01
   1.0566765e+07   2.3742676e+01
   1.0566899e+07   2.9113770e+01
   1.0566929e+07   2.4414063e+01
   1.0566965e+07   2.6000977e+01
   1.0567075e+07   2.3620605e+01
   1.0567121e+07   2.8564453e+01
   1.0567179e+07   2.9418945e+01
   1.0567809e+07   3.0334473e+01
   1.0646696e+07   2.2644043e+01
   1.0646827e+07   2.5634766e+01
   1.0647240e+07   2.8930664e+01
   1.0647434e+07   2.3681641e+01
   1.0647760e+07   2.5085449e+01
   1.0647775e+07   2.4902344e+01
   1.0647820e+07   2.8625488e+01
   1.0647861e+07   2.7282715e+01
   1.0647872e+07   3.6560059e+01
   1.0647905e+07   2.3803711e+01
   1.0647929e+07   2.9357910e+01
   1.0647955e+07   3.3569336e+01
   1.0647978e+07   2.2888184e+01
   1.0648014e+07   3.3081055e+01
   1.0648048e+07   3.1372070e+01
   1.0648084e+07   3.2226563e+01
   1.0648110e+07   2.5085449e+01
   1.0648124e+07   4.0405273e+01
   1.0648143e+07   2.4658203e+01
   1.0648192e+07   2.3132324e+01
   1.0648207e+07   2.5878906e+01
   1.0648259e+07   2.2583008e+01
   1.0648461e+07   2.5268555e+01
   1.0648505e+07   2.4108887e+01
   1.0648653e+07   2.3071289e+01
   1.0649154e+07   2.2399902e+01
   1.0749337e+07   2.3620605e+01
   1.0761311e+07   3.0273437e+01
   1.0761398e+07   2.4047852e+01
   1.0761551e+07   2.5146484e+01
   1.0761935e+07   2.4475098e+01
   1.0762039e+07   2.9052734e+01
   1.0762080e+07   3.1921387e+01
   1.0762112e+07   2.2521973e+01
   1.0762157e+07   3.8818359e+01
   1.0762188e+07   4.5898438e+01
   1.0762214e+07   2.4658203e+01
   1.0762246e+07   2.5024414e+01
   1.0762302e+07   2.4719238e+01
   1.0762312e+07   2.2583008e+01
   1.0762336e+07   3.5339355e+01
   1.0762370e+07   2.5390625e+01
   1.0762421e+07   2.3010254e+01
   1.0762456e+07   2.6184082e+01
   1.0762499e+07   2.7526855e+01
   1.0762559e+07   3.1799316e+01
   1.0762571e+07   2.6489258e+01
   1.0762722e+07   2.4414062e+01
   1.0762740e+07   2.2949219e+01
   1.0762815e+07   2.3559570e+01
   1.0762951e+07   2.3498535e+01
   1.0763468e+07   2.6000977e+01
   1.0840251e+07   2.4719238e+01
   1.0840352e+07   2.8564453e+01
   1.0841285e+07   2.6611328e+01
   1.0841439e+07   3.7292480e+01
   1.0841912e+07   2.2766113e+01
   1.0842143e+07   2.4414063e+01
   1.0842153e+07   2.6855469e+01
   1.0842191e+07   2.3193359e+01
   1.0842215e+07   2.2399902e+01
   1.0842247e+07   2.5146484e+01
   1.0842339e+07   3.4057617e+01
   1.0842371e+07   2.8564453e+01
   1.0842479e+07   2.4780273e+01
   1.0842498e+07   2.4841309e+01
   1.0842570e+07   2.2521973e+01
   1.0842582e+07   2.6611328e+01
   1.0842615e+07   2.2949219e+01
   1.0842686e+07   2.6855469e+01
   1.0842737e+07   2.8137207e+01
   1.0842835e+07   2.3010254e+01
   1.0843030e+07   2.5268555e+01
   1.0843243e+07   2.5451660e+01
   1.0843508e+07   2.4353027e+01
   1.0951381e+07   3.2897949e+01
   1.0985801e+07   3.0334473e+01
   1.0985852e+07   2.2644043e+01
   1.0986479e+07   2.2460938e+01
   1.0986529e+07   3.6376953e+01
   1.0986592e+07   2.3498535e+01
   1.0986631e+07   2.7404785e+01
   1.0986663e+07   2.2583008e+01
   1.0986700e+07   2.6733398e+01
   1.0986726e+07   3.4240723e+01
   1.0986766e+07   2.3925781e+01
   1.0986805e+07   3.2592773e+01
   1.0986847e+07   2.8869629e+01
   1.0986906e+07   2.4475098e+01
   1.0986940e+07   3.6437988e+01
   1.0986972e+07   3.2165527e+01
   1.0987057e+07   3.2653809e+01
   1.0987120e+07   2.9418945e+01
   1.0987248e+07   3.0334473e+01
   1.0987301e+07   2.6062012e+01
   1.0987404e+07   2.2521973e+01
   1.0987558e+07   2.2521973e+01
   1.0988168e+07   2.4169922e+01
   1.0994243e+07   2.3681641e+01
   1.1033717e+07   2.8381348e+01
   1.1033779e+07   2.3681641e+01
   1.1033953e+07   2.8137207e+01
   1.1034054e+07   2.4536133e+01
   1.1034084e+07   2.3620605e+01
   1.1034375e+07   2.3498535e+01
   1.1034686e+07   2.2521973e+01
   1.1034703e+07   2.4719238e+01
   1.1034763e+07   2.8869629e+01
   1.1034875e+07   2.5268555e+01
   1.1034902e+07   2.3803711e+01
   1.1034939e+07   2.5878906e+01
   1.1035042e+07   2.5024414e+01
   1.1035082e+07   2.6367188e+01
   1.1035169e+07   2.3559570e+01
   1.1035261e+07   2.6794434e+01
   1.1035292e+07   2.4719238e+01
   1.1035415e+07   2.9235840e+01
   1.1036099e+07   2.3620605e+01
   1.1095115e+07   3.0029297e+01
   1.1095182e+07   2.4230957e+01
   1.1095341e+07   2.3925781e+01
   1.1095384e+07   2.3681641e+01
   1.1095560e+07   2.3193359e+01
   1.1095660e+07   2.2460938e+01
   1.1095688e+07   2.6367188e+01
   1.1095729e+07   2.3498535e+01
   1.1095785e+07   2.9113770e+01
   1.1095805e+07   2.3498535e+01
   1.1095869e+07   2.5634766e+01
   1.1095891e+07   2.3864746e+01
   1.1095959e+07   2.6123047e+01
   1.1095984e+07   2.5756836e+01
   1.1096044e+07   2.3315430e+01
   1.1096181e+07   2.4291992e+01
   1.1096248e+07   2.5207520e+01
   1.1096297e+07   2.4841309e+01
   1.1096401e+07   2.2949219e+01
   1.1096564e+07   2.4108887e+01
   1.1096599e+07   2.3437500e+01
   1.1096708e+07   2.3132324e+01
   1.1097344e+07   2.3010254e+01
   1.1247960e+07   2.5329590e+01
   1.1250173e+07   2.2705078e+01
   1.1273059e+07   2.8503418e+01
   1.1273419e+07   2.3681641e+01
   1.1273500e+07   2.2705078e+01
   1.1273536e+07   3.8574219e+01
   1.1273552e+07   3.3142090e+01
   1.1273564e+07   2.6733398e+01
   1.1273614e+07   2.2521973e+01
   1.1273631e+07   2.3803711e+01
   1.1273662e+07   3.4362793e+01
   1.1273676e+07   3.2836914e+01
   1.1273733e+07   2.8930664e+01
   1.1273754e+07   2.9113770e+01
   1.1273811e+07   3.0334473e+01
   1.1273822e+07   3.0151367e+01
   1.1273853e+07   2.2644043e+01
   1.1273870e+07   2.5207520e+01
   1.1273891e+07   2.6367188e+01
   1.1273928e+07   3.0639648e+01
   1.1273960e+07   2.4841309e+01
   1.1274003e+07   2.4780273e+01
   1.1274040e+07   3.5461426e+01
   1.1274082e+07   2.3010254e+01
   1.1274137e+07   2.4291992e+01
   1.1274177e+07   2.4108887e+01
   1.1274209e+07   2.2644043e+01
   1.1274327e+07   2.3620605e+01
   1.1274533e+07   2.2949219e+01
   1.1274608e+07   2.3559570e+01
   1.1274749e+07   2.6855469e+01
   1.1356105e+07   3.1494141e+01
   1.1356153e+07   2.3620605e+01
   1.1356614e+07   2.2460938e+01
   1.1356702e+07   2.7404785e+01
   1.1356716e+07   3.1494141e+01
   1.1356779e+07   2.7954102e+01
   1.1356828e+07   3.2165527e+01
   1.1356843e+07   2.2705078e+01
   1.1356857e+07   4.2602539e+01
   1.1356901e+07   3.0395508e+01
   1.1356939e+07   3.0639648e+01
   1.1356958e+07   2.4780273e+01
   1.1357016e+07   2.2583008e+01
   1.1357050e+07   2.4291992e+01
   1.1357061e+07   2.5146484e+01
   1.1357109e+07   2.2888184e+01
   1.1357170e+07   2.7160645e+01
   1.1357277e+07   2.2460937e+01
   1.1357287e+07   2.6611328e+01
   1.1357328e+07   2.6184082e+01
   1.1357394e+07   2.2949219e+01
   1.1357519e+07   2.2827148e+01
   1.1357870e+07   2.3010254e+01
   1.1357880e+07   2.6000977e+01
   1.1358013e+07   2.3681641e+01
   1.1438599e+07   3.3874512e+01
   1.1438715e+07   2.2705078e+01
   1.1439105e+07   2.4536133e+01
   1.1439172e+07   2.5878906e+01
   1.1439188e+07   2.9602051e+01
   1.1439231e+07   2.4414063e+01
   1.1439273e+07   3.2836914e+01
   1.1439287e+07   3.1250000e+01
   1.1439328e+07   2.2583008e+01
   1.1439340e+07   2.9541016e+01
   1.1439371e+07   2.6550293e+01
   1.1439396e+07   3.2531738e+01
   1.1439410e+07   2.3742676e+01
   1.1439439e+07   2.2521973e+01
   1.1439460e+07   2.7282715e+01
   1.1439486e+07   2.2705078e+01
   1.1439522e+07   2.9052734e+01
   1.1439541e+07   2.3864746e+01
   1.1439558e+07   2.9846191e+01
   1.1439625e+07   2.9602051e+01
   1.1439658e+07   2.5024414e+01
   1.1439703e+07   2.4902344e+01
   1.1439857e+07   2.6184082e+01
   1.1440377e+07   2.4230957e+01
   1.1547061e+07   3.5339355e+01
   1.1547243e+07   2.4963379e+01
   1.1547459e+07   2.2644043e+01
   1.1547530e+07   2.7343750e+01
   1.1547545e+07   2.5085449e+01
   1.1547591e+07   2.8137207e+01
   1.1547620e+07   2.3559570e+01
   1.1547649e+07   3.2592773e+01
   1.1547659e+07   5.1696777e+01
   1.1547681e+07   2.5939941e+01
   1.1547699e+07   2.9846191e+01
   1.1547723e+07   2.4230957e+01
   1.1547751e+07   2.5756836e+01
   1.1547767e+07   2.8320313e+01
   1.1547794e+07   2.5634766e+01
   1.1547839e+07   2.4291992e+01
   1.1547855e+07   2.8564453e+01
   1.1547871e+07   2.2460938e+01
   1.1547881e+07   2.4414063e+01
   1.1547912e+07   2.8076172e+01
   1.1547955e+07   2.8625488e+01
   1.1547999e+07   2.2888184e+01
   1.1548081e+07   2.3986816e+01
   1.1548178e+07   2.9846191e+01
   1.1548191e+07   2.2888184e+01
   1.1548362e+07   2.4597168e+01
   1.1548524e+07   2.6977539e+01
   1.1548604e+07   2.5207520e+01
   1.1548977e+07   2.2644043e+01
   1.1550221e+07   2.2399902e+01
   1.1642448e+07   2.3864746e+01
   1.1643218e+07   3.1677246e+01
   1.1643279e+07   2.3315430e+01
   1.1643657e+07   2.4536133e+01
   1.1643729e+07   2.2888184e+01
   1.1643814e+07   2.5817871e+01
   1.1643828e+07   3.6743164e+01
   1.1643887e+07   2.3559570e+01
   1.1643914e+07   2.3376465e+01
   1.1643939e+07   2.2399902e+01
   1.1643978e+07   2.3864746e+01
   1.1644024e+07   2.3803711e+01
   1.1644055e+07   2.3193359e+01
   1.1644077e+07   2.3071289e+01
   1.1644100e+07   2.6672363e+01
   1.1644122e+07   2.3071289e+01
   1.1644158e+07   2.3376465e+01
   1.1644248e+07   2.7160645e+01
   1.1644276e+07   2.5024414e+01
   1.1644387e+07   2.3437500e+01
   1.1644592e+07   4.0039063e+01
   1.1644669e+07   2.3132324e+01
   1.1645292e+07   2.2949219e+01
   1.1646237e+07   2.2644043e+01
   1.1646446e+07   2.3193359e+01
   1.1757997e+07   3.0273438e+01
   1.1758054e+07   2.3132324e+01
   1.1758175e+07   2.5634766e+01
   1.1758662e+07   2.4719238e+01
   1.1758826e+07   2.4230957e+01
   1.1759220e+07   2.3498535e+01
   1.1759270e+07   2.5573730e+01
   1.1759368e+07   2.2766113e+01
   1.1759466e+07   2.4902344e+01
   1.1759616e+07   2.8137207e+01
   1.1759637e+07   2.3986816e+01
   1.1759677e+07   2.4108887e+01
   1.1759716e+07   2.2460938e+01
   1.1759873e+07   2.6855469e+01
   1.1759974e+07   2.3193359e+01
   1.1761029e+07   2.4108887e+01
   1.1849720e+07   2.5390625e+01
   1.1849899e+07   3.1799316e+01
   1.1850190e+07   3.0639648e+01
   1.1850456e+07   2.4414063e+01
   1.1850498e+07   2.7832031e+01
   1.1850526e+07   2.5756836e+01
   1.1850545e+07   2.2583008e+01
   1.1850560e+07   2.3498535e+01
   1.1850583e+07   2.4353027e+01
   1.1850649e+07   2.8503418e+01
   1.1850732e+07   2.2949219e+01
   1.1850742e+07   2.4841309e+01
   1.1850799e+07   2.6306152e+01
   1.1850841e+07   2.4047852e+01
   1.1850940e+07   2.3986816e+01
   1.1851003e+07   2.4963379e+01
   1.1851056e+07   2.3254395e+01
   1.1851083e+07   2.3986816e+01
   1.1851197e+07   2.4719238e+01
   1.1851243e+07   2.2583008e+01
   1.1851320e+07   2.5146484e+01
   1.1851712e+07   3.0700684e+01
   1.1851853e+07   2.4108887e+01
