   1.1999000e+07   0.0000000e+00
   1.4273000e+04   2.3925781e+01
   6.9679000e+04   2.3681641e+01
   6.9986000e+04   2.3864746e+01
   2.2403900e+05   2.1667480e+01
   2.3974100e+05   2.2155762e+01
   3.4146500e+05   2.2155762e+01
   4.0230300e+05   2.2644043e+01
   4.0236200e+05   2.2583008e+01
   4.0243700e+05   2.1789551e+01
   4.9793500e+05   2.1789551e+01
   6.1518100e+05   2.4169922e+01
   8.4216300e+05   2.1789551e+01
   9.8566800e+05   2.2399902e+01
   9.8577800e+05   2.1850586e+01
   1.1283000e+06   2.2460938e+01
   1.2342830e+06   2.4719238e+01
   1.2343380e+06   2.1789551e+01
   1.2762280e+06   2.2644043e+01
   1.3215000e+06   2.2338867e+01
   1.4566570e+06   2.1545410e+01
   1.4568240e+06   2.3437500e+01
   1.6778800e+06   2.2338867e+01
   1.8362400e+06   2.6245117e+01
   2.0469920e+06   2.6977539e+01
   2.7063760e+06   2.2338867e+01
   2.8781930e+06   2.6367188e+01
   2.8785530e+06   2.3193359e+01
   2.9833740e+06   2.5756836e+01
   3.0429680e+06   2.1789551e+01
   3.6158770e+06   2.1911621e+01
   3.6926990e+06   2.4963379e+01
   3.6927600e+06   2.5451660e+01
   3.7890630e+06   2.2338867e+01
   4.3993310e+06   2.3254395e+01
   4.5143520e+06   2.6794434e+01
   4.6080480e+06   2.4475098e+01
   4.6080700e+06   2.1545410e+01
   4.6081860e+06   2.2155762e+01
   4.7846190e+06   2.4658203e+01
   4.7846380e+06   2.5451660e+01
   4.8596660e+06   3.0395508e+01
   5.0042210e+06   2.5207520e+01
   5.1376530e+06   2.2521973e+01
   5.1377790e+06   2.6184082e+01
   5.2047670e+06   2.4047852e+01
   5.2049000e+06   2.1911621e+01
   5.3319080e+06   2.2827148e+01
   5.5776830e+06   2.2338867e+01
   5.6443470e+06   2.2033691e+01
   5.6443920e+06   2.1667480e+01
   5.9392270e+06   2.3498535e+01
   5.9393270e+06   2.6000977e+01
   5.9972080e+06   2.1484375e+01
   6.7391720e+06   2.2644043e+01
   6.9100190e+06   2.1606445e+01
   6.9100610e+06   2.1057129e+01
   7.0451530e+06   2.6611328e+01
   7.0452050e+06   2.1179199e+01
   7.0452470e+06   2.2155762e+01
   7.0758520e+06   2.2155762e+01
   7.0761740e+06   2.3498535e+01
   7.1167780e+06   2.1118164e+01
   7.2493800e+06   2.2949219e+01
   7.2668420e+06   2.1057129e+01
   7.5901440e+06   2.3864746e+01
   7.8581910e+06   2.2521973e+01
   7.8592570e+06   2.1972656e+01
   7.9762900e+06   2.1057129e+01
   7.9763010e+06   2.1057129e+01
   7.9764020e+06   2.5146484e+01
   7.9764470e+06   2.1667480e+01
   8.0784810e+06   2.1423340e+01
   8.0786380e+06   2.8930664e+01
   8.1573060e+06   2.3315430e+01
   8.2684580e+06   2.1606445e+01
   8.3147500e+06   2.1972656e+01
   8.3715060e+06   2.1789551e+01
   8.8131200e+06   2.1240234e+01
   8.8139680e+06   2.2338867e+01
   8.9116320e+06   2.3132324e+01
   8.9734520e+06   2.1545410e+01
   8.9734710e+06   2.1789551e+01
   9.2651600e+06   2.3071289e+01
   9.2652250e+06   2.2949219e+01
   9.2653430e+06   2.1606445e+01
   9.6306210e+06   2.1423340e+01
   9.6306360e+06   2.4597168e+01
   9.6306770e+06   2.1423340e+01
   9.7187420e+06   2.1484375e+01
   9.7187680e+06   2.4536133e+01
   9.7927360e+06   2.2583008e+01
   9.7929440e+06   2.1728516e+01
   9.8445790e+06   2.4719238e+01
   9.8447600e+06   2.1667480e+01
   1.0308484e+07   2.7099609e+01
   1.0410815e+07   2.2338867e+01
   1.0482319e+07   2.2033691e+01
   1.0566296e+07   2.1545410e+01
   1.0566564e+07   2.2033691e+01
   1.0647822e+07   2.1240234e+01
   1.0762061e+07   2.4780273e+01
   1.0842119e+07   2.4108887e+01
   1.0842254e+07   2.3559570e+01
   1.0844836e+07   2.1545410e+01
   1.0986566e+07   2.2094727e+01
   1.1095920e+07   2.2338867e+01
   1.1273609e+07   2.1362305e+01
   1.1439144e+07   2.1484375e+01
   1.1439249e+07   2.1850586e+01
   1.1439327e+07   2.1789551e+01
   1.1547511e+07   2.2460938e+01
   1.1643957e+07   2.1362305e+01
   1.1850550e+07   2.1362305e+01
