   1.1999000e+07   0.0000000e+00
   1.3972000e+04   2.0507813e+01
   1.4062000e+04   2.5695801e+01
   1.4109000e+04   2.6550293e+01
   1.4168000e+04   2.4597168e+01
   1.4197000e+04   2.5146484e+01
   1.4250000e+04   2.0996094e+01
   1.4394000e+04   2.2033691e+01
   1.4427000e+04   2.2216797e+01
   1.4468000e+04   2.0874023e+01
   1.4571000e+04   1.9409180e+01
   1.4601000e+04   2.0385742e+01
   1.4678000e+04   2.4169922e+01
   6.9476000e+04   1.9531250e+01
   6.9662000e+04   1.9653320e+01
   6.9682000e+04   1.9958496e+01
   7.0812000e+04   2.0812988e+01
   1.1596000e+05   1.9409180e+01
   1.1603700e+05   2.0507813e+01
   1.1612100e+05   2.0629883e+01
   1.1655700e+05   2.0874023e+01
   1.6837500e+05   1.9470215e+01
   1.6858100e+05   2.0263672e+01
   1.6861700e+05   2.1545410e+01
   3.4137600e+05   2.2888184e+01
   3.4139000e+05   2.6123047e+01
   3.4141800e+05   2.4230957e+01
   3.4145100e+05   3.0883789e+01
   3.4147400e+05   2.3376465e+01
   3.4149100e+05   2.2033691e+01
   3.4156900e+05   2.5878906e+01
   3.4160900e+05   1.9470215e+01
   3.4213500e+05   2.0996094e+01
   4.0224000e+05   2.2460938e+01
   4.0229400e+05   2.6916504e+01
   4.0239400e+05   2.0996094e+01
   4.0240500e+05   2.0568848e+01
   4.0243900e+05   2.1667480e+01
   4.0249200e+05   2.0080566e+01
   4.0256800e+05   2.0874023e+01
   4.0264400e+05   1.9409180e+01
   4.0287400e+05   1.9836426e+01
   4.1851400e+05   2.0874023e+01
   4.1855900e+05   2.1667480e+01
   4.1861900e+05   2.0690918e+01
   4.1864400e+05   2.3559570e+01
   4.1869200e+05   1.9836426e+01
   4.1877500e+05   2.0996094e+01
   4.1888900e+05   2.5329590e+01
   4.1962700e+05   2.0141602e+01
   4.3025800e+05   1.9836426e+01
   4.3248000e+05   2.0874023e+01
   4.3250900e+05   2.0019531e+01
   4.3261200e+05   2.4047852e+01
   4.3273100e+05   2.0263672e+01
   4.4497700e+05   2.1850586e+01
   4.5699800e+05   2.1057129e+01
   4.5704900e+05   2.0141602e+01
   4.7962500e+05   1.9409180e+01
   5.1019400e+05   1.9653320e+01
   5.2033300e+05   1.9653320e+01
   7.0119900e+05   2.2827148e+01
   8.4187800e+05   2.3254395e+01
   8.4191600e+05   2.0080566e+01
   8.4194600e+05   2.2216797e+01
   8.4196000e+05   2.0080566e+01
   8.4200900e+05   2.4475098e+01
   8.4204900e+05   1.9897461e+01
   8.4211000e+05   2.5024414e+01
   8.4213400e+05   1.9714355e+01
   8.4244300e+05   2.2216797e+01
   8.4270100e+05   1.9897461e+01
   8.4293700e+05   1.9958496e+01
   9.8559400e+05   2.0874023e+01
   9.8562000e+05   3.1921387e+01
   9.8564600e+05   2.1179199e+01
   9.8568900e+05   3.0639648e+01
   9.8575400e+05   2.0507813e+01
   9.8589300e+05   2.6428223e+01
   1.0801340e+06   1.9531250e+01
   1.0926430e+06   2.2216797e+01
   1.1281500e+06   2.1118164e+01
   1.1282120e+06   2.3132324e+01
   1.1282690e+06   2.3010254e+01
   1.1283050e+06   3.2775879e+01
   1.1284530e+06   2.1179199e+01
   1.1901580e+06   2.0202637e+01
   1.1997820e+06   2.0202637e+01
   1.2342560e+06   2.1606445e+01
   1.2342670e+06   2.5085449e+01
   1.2342770e+06   1.9531250e+01
   1.2343140e+06   2.2766113e+01
   1.2343890e+06   2.3620605e+01
   1.2344320e+06   2.0690918e+01
   1.2348450e+06   2.0446777e+01
   1.2348560e+06   2.1057129e+01
   1.2761870e+06   1.9897461e+01
   1.2762310e+06   2.0812988e+01
   1.2762760e+06   1.9409180e+01
   1.2762870e+06   3.5034180e+01
   1.2763590e+06   2.4353027e+01
   1.2764400e+06   2.3925781e+01
   1.2764790e+06   1.9714355e+01
   1.2765280e+06   2.0446777e+01
   1.2770890e+06   2.0324707e+01
   1.3214260e+06   1.9470215e+01
   1.3214590e+06   2.0507813e+01
   1.3215030e+06   1.9531250e+01
   1.3215480e+06   1.9531250e+01
   1.3215840e+06   2.3437500e+01
   1.3216150e+06   2.0019531e+01
   1.3216450e+06   2.1728516e+01
   1.3216770e+06   2.1911621e+01
   1.3216940e+06   2.0263672e+01
   1.3218090e+06   1.9958496e+01
   1.3219070e+06   2.3925781e+01
   1.3223530e+06   2.3254395e+01
   1.3224420e+06   2.0751953e+01
   1.4566770e+06   2.5268555e+01
   1.4566950e+06   2.7221680e+01
   1.4567400e+06   2.3925781e+01
   1.4567640e+06   2.1911621e+01
   1.4571250e+06   1.9653320e+01
   1.4572380e+06   2.1301270e+01
   1.5412080e+06   2.3681641e+01
   1.5412450e+06   2.5268555e+01
   1.5413110e+06   1.9409180e+01
   1.5413670e+06   2.0202637e+01
   1.5413950e+06   2.0446777e+01
   1.5414400e+06   2.1484375e+01
   1.5415820e+06   2.2094727e+01
   1.5424070e+06   2.0629883e+01
   1.6778520e+06   1.9897461e+01
   1.6779030e+06   1.9653320e+01
   1.6779900e+06   2.0263672e+01
   1.6780180e+06   2.5085449e+01
   1.6780360e+06   2.8198242e+01
   1.6781080e+06   2.2888184e+01
   1.6781590e+06   2.0324707e+01
   1.6781820e+06   2.2766113e+01
   1.6782220e+06   1.9897461e+01
   1.6783150e+06   2.0446777e+01
   1.6785060e+06   1.9958496e+01
   1.7482180e+06   2.9052734e+01
   1.7483020e+06   2.5085449e+01
   1.7483610e+06   2.2399902e+01
   1.7483780e+06   2.1179199e+01
   1.7484370e+06   2.2216797e+01
   1.7485380e+06   2.8686523e+01
   1.7486470e+06   2.4291992e+01
   1.8362200e+06   2.6489258e+01
   1.8362510e+06   2.3681641e+01
   1.8362800e+06   2.2277832e+01
   1.8362950e+06   2.3193359e+01
   1.8365820e+06   2.1057129e+01
   1.8366530e+06   1.9714355e+01
   1.8369160e+06   2.0935059e+01
   1.9157430e+06   2.4291992e+01
   1.9158580e+06   2.0446777e+01
   1.9158730e+06   2.6245117e+01
   1.9159290e+06   3.0334473e+01
   1.9160290e+06   2.0446777e+01
   1.9160620e+06   2.4780273e+01
   1.9162280e+06   1.9470215e+01
   1.9164410e+06   2.0141602e+01
   1.9727220e+06   2.3132324e+01
   1.9727950e+06   2.9235840e+01
   1.9728510e+06   1.9409180e+01
   1.9728820e+06   2.2399902e+01
   1.9729590e+06   2.0629883e+01
   1.9729790e+06   2.0507813e+01
   1.9731860e+06   2.1606445e+01
   1.9735160e+06   2.2399902e+01
   2.0464670e+06   2.2583008e+01
   2.0465520e+06   2.0385742e+01
   2.0465820e+06   2.0385742e+01
   2.0466320e+06   1.9470215e+01
   2.0467150e+06   2.0629883e+01
   2.0468650e+06   2.0935059e+01
   2.0469470e+06   2.0446777e+01
   2.1110510e+06   2.0507813e+01
   2.1110760e+06   2.2644043e+01
   2.1113620e+06   2.1118164e+01
   2.1114590e+06   1.9531250e+01
   2.1134480e+06   2.0996094e+01
   2.1415770e+06   2.1850586e+01
   2.1427990e+06   1.9836426e+01
   2.2079360e+06   1.9958496e+01
   2.2579220e+06   2.2033691e+01
   2.3495790e+06   2.1057129e+01
   2.3603000e+06   2.2094727e+01
   2.3974340e+06   2.1728516e+01
   2.4943310e+06   2.4291992e+01
   2.7072870e+06   2.0080566e+01
   2.7310490e+06   1.9958496e+01
   2.7731070e+06   2.5207520e+01
   2.7857140e+06   2.0568848e+01
   2.8780140e+06   2.1911621e+01
   2.8780850e+06   2.0874023e+01
   2.8781140e+06   1.9775391e+01
   2.8782400e+06   2.2216797e+01
   2.8782680e+06   1.9836426e+01
   2.8783360e+06   1.9470215e+01
   2.8787690e+06   1.9409180e+01
   2.9200290e+06   2.1667480e+01
   3.4538810e+06   2.5390625e+01
   3.4539070e+06   2.2216797e+01
   3.4539230e+06   2.3315430e+01
   3.4539410e+06   2.3437500e+01
   3.4539610e+06   1.9653320e+01
   3.4539970e+06   2.0202637e+01
   3.6157880e+06   2.7893066e+01
   3.6158050e+06   3.2592773e+01
   3.6158430e+06   2.4597168e+01
   3.6158840e+06   2.8930664e+01
   3.6159070e+06   1.9775391e+01
   3.6159460e+06   2.4047852e+01
   3.6159940e+06   2.1240234e+01
   3.6160060e+06   2.1911621e+01
   3.6160590e+06   2.0690918e+01
   3.6161030e+06   2.0385742e+01
   3.6162440e+06   2.1362305e+01
   3.6162880e+06   2.0812988e+01
   3.6926990e+06   2.0446777e+01
   3.6927210e+06   2.3925781e+01
   3.6927420e+06   2.2338867e+01
   3.6927710e+06   3.2470703e+01
   3.6927980e+06   2.5451660e+01
   3.6930220e+06   1.9287109e+01
   3.6933100e+06   1.9470215e+01
   3.6933680e+06   2.1606445e+01
   3.6937420e+06   1.9775391e+01
   3.6937880e+06   1.9409180e+01
   3.7613880e+06   1.9470215e+01
   3.7614310e+06   2.0324707e+01
   3.7614540e+06   2.3254395e+01
   3.7614850e+06   2.0019531e+01
   3.7615050e+06   2.2033691e+01
   3.7615320e+06   2.0385742e+01
   3.7615520e+06   2.8930664e+01
   3.7615850e+06   2.1057129e+01
   3.7616070e+06   2.1057129e+01
   3.7620360e+06   2.0507813e+01
   3.7621450e+06   1.9409180e+01
   3.7781490e+06   2.0935059e+01
   3.7782530e+06   3.1311035e+01
   3.7783160e+06   2.1423340e+01
   3.7783460e+06   2.0019531e+01
   3.7893950e+06   2.0812988e+01
   3.8022240e+06   2.1057129e+01
   3.8023050e+06   2.4108887e+01
   3.8026910e+06   2.0751953e+01
   3.8125970e+06   2.1606445e+01
   3.8243780e+06   1.9348145e+01
   3.8246870e+06   1.9531250e+01
   4.3991860e+06   2.0202637e+01
   4.3992520e+06   2.9724121e+01
   4.3992690e+06   3.1372070e+01
   4.3993070e+06   2.3376465e+01
   4.3993170e+06   2.2216797e+01
   4.3993650e+06   1.9653320e+01
   4.3993970e+06   2.5390625e+01
   4.3994660e+06   2.0263672e+01
   4.3998360e+06   1.9897461e+01
   4.5142120e+06   2.2094727e+01
   4.5142450e+06   3.8208008e+01
   4.5142720e+06   2.3315430e+01
   4.5142940e+06   2.3315430e+01
   4.5143330e+06   2.0080566e+01
   4.5143670e+06   2.0507813e+01
   4.5143830e+06   2.3010254e+01
   4.5144320e+06   2.3376465e+01
   4.5144710e+06   2.3803711e+01
   4.5144830e+06   2.0019531e+01
   4.5145320e+06   1.9531250e+01
   4.5145470e+06   1.9531250e+01
   4.5145890e+06   2.0507813e+01
   4.5146420e+06   2.0812988e+01
   4.6079490e+06   1.9287109e+01
   4.6080250e+06   2.2766113e+01
   4.6081010e+06   2.9846191e+01
   4.6082030e+06   2.0812988e+01
   4.6944280e+06   2.3193359e+01
   4.6944680e+06   2.3742676e+01
   4.6945230e+06   2.1484375e+01
   4.6945540e+06   1.9836426e+01
   4.6945810e+06   2.0568848e+01
   4.6946100e+06   2.0996094e+01
   4.6946450e+06   2.6367188e+01
   4.7845140e+06   2.6855469e+01
   4.7845550e+06   2.2094727e+01
   4.7845870e+06   1.9348145e+01
   4.7846780e+06   2.0751953e+01
   4.7847070e+06   1.9775391e+01
   4.7847750e+06   1.9592285e+01
   4.7849050e+06   1.9409180e+01
   4.7849560e+06   2.0019531e+01
   4.8596770e+06   2.1972656e+01
   4.8597900e+06   2.0874023e+01
   4.8598120e+06   2.1545410e+01
   4.8598770e+06   2.1423340e+01
   4.8598970e+06   1.9409180e+01
   4.8599120e+06   3.2653809e+01
   4.8600440e+06   2.2766113e+01
   4.8600740e+06   1.9897461e+01
   4.8601380e+06   1.9653320e+01
   4.8601970e+06   1.9470215e+01
   4.8602800e+06   2.1362305e+01
   4.9332700e+06   2.1301270e+01
   4.9333240e+06   2.3986816e+01
   4.9333770e+06   1.9348145e+01
   4.9334030e+06   2.1240234e+01
   5.0039480e+06   2.1179199e+01
   5.0040010e+06   2.2766113e+01
   5.0041120e+06   2.1972656e+01
   5.0041360e+06   2.1667480e+01
   5.0042160e+06   2.2155762e+01
   5.0042930e+06   2.3803711e+01
   5.0043210e+06   2.2094727e+01
   5.0050190e+06   2.3315430e+01
   5.0653600e+06   1.9470215e+01
   5.0686120e+06   2.0568848e+01
   5.0687120e+06   1.9409180e+01
   5.0689410e+06   2.2949219e+01
   5.0690200e+06   2.0690918e+01
   5.0690720e+06   2.0446777e+01
   5.0691920e+06   1.9409180e+01
   5.0692520e+06   2.1362305e+01
   5.1274910e+06   1.9348145e+01
   5.1376210e+06   1.9470215e+01
   5.1376610e+06   2.0751953e+01
   5.1376710e+06   2.1667480e+01
   5.1377150e+06   2.2155762e+01
   5.1377370e+06   2.3803711e+01
   5.1377580e+06   1.9287109e+01
   5.1378170e+06   2.0263672e+01
   5.1378460e+06   2.2155762e+01
   5.1379590e+06   2.0507813e+01
   5.1379750e+06   2.1057129e+01
   5.1380210e+06   2.3315430e+01
   5.2047130e+06   2.0263672e+01
   5.2049880e+06   1.9531250e+01
   5.2050230e+06   2.3681641e+01
   5.2686840e+06   1.9531250e+01
   5.2687870e+06   3.0212402e+01
   5.2689290e+06   2.2521973e+01
   5.2691490e+06   2.0874023e+01
   5.2691920e+06   2.1362305e+01
   5.3397860e+06   1.9348145e+01
   5.3953380e+06   2.3559570e+01
   5.3958480e+06   1.9958496e+01
   5.4593310e+06   2.3559570e+01
   5.4597640e+06   2.0629883e+01
   5.4600620e+06   2.3193359e+01
   5.5190840e+06   2.5024414e+01
   5.5772270e+06   2.0812988e+01
   5.6441760e+06   1.9653320e+01
   5.6442030e+06   2.0080566e+01
   5.6442320e+06   2.0629883e+01
   5.6442610e+06   2.1118164e+01
   5.6442960e+06   2.2460938e+01
   5.6443530e+06   2.3498535e+01
   5.6443790e+06   2.0996094e+01
   5.6444130e+06   2.0385742e+01
   5.6444450e+06   1.9470215e+01
   5.6444670e+06   2.2827148e+01
   5.6444800e+06   1.9287109e+01
   5.6445480e+06   2.0385742e+01
   5.6447990e+06   2.1911621e+01
   5.6449820e+06   1.9592285e+01
   5.7184100e+06   2.1484375e+01
   5.7186320e+06   2.0019531e+01
   5.7188560e+06   2.0324707e+01
   5.7189220e+06   2.1301270e+01
   5.7192070e+06   2.0812988e+01
   5.7193340e+06   2.0507813e+01
   5.7873290e+06   2.6794434e+01
   5.7873480e+06   2.1362305e+01
   5.7873800e+06   2.0141602e+01
   5.7874480e+06   2.1057129e+01
   5.7874700e+06   2.0446777e+01
   5.7874970e+06   1.9470215e+01
   5.7875930e+06   1.9775391e+01
   5.7876680e+06   2.1179199e+01
   5.7876970e+06   2.1301270e+01
   5.7879130e+06   1.9348145e+01
   5.8628910e+06   2.0751953e+01
   5.8629860e+06   2.1240234e+01
   5.8630290e+06   1.9287109e+01
   5.8630560e+06   2.5634766e+01
   5.8631000e+06   2.1545410e+01
   5.8631470e+06   2.3010254e+01
   5.8632150e+06   2.2338867e+01
   5.8632490e+06   2.0080566e+01
   5.8634510e+06   2.0019531e+01
   5.8635350e+06   2.0141602e+01
   5.8635970e+06   1.9775391e+01
   5.8639390e+06   1.9714355e+01
   5.9391110e+06   1.9470215e+01
   5.9391400e+06   1.9287109e+01
   5.9392580e+06   2.7893066e+01
   5.9393420e+06   1.9348145e+01
   5.9394020e+06   2.5268555e+01
   5.9966420e+06   1.9836426e+01
   5.9970750e+06   1.9653320e+01
   5.9971530e+06   2.1667480e+01
   6.0257310e+06   1.9775391e+01
   6.0591200e+06   2.0324707e+01
   6.0592030e+06   2.0385742e+01
   6.0593110e+06   2.0202637e+01
   6.0594260e+06   2.1850586e+01
   6.7391230e+06   2.2521973e+01
   6.7391500e+06   2.3498535e+01
   6.7391690e+06   2.0324707e+01
   6.7392160e+06   2.7954102e+01
   6.7392750e+06   2.5390625e+01
   6.7393270e+06   2.1240234e+01
   6.7397190e+06   2.0629883e+01
   6.7399280e+06   1.9714355e+01
   6.9100380e+06   2.0629883e+01
   6.9100540e+06   2.1667480e+01
   6.9100870e+06   2.1667480e+01
   6.9101150e+06   2.0385742e+01
   6.9101520e+06   2.2949219e+01
   7.0450990e+06   2.0263672e+01
   7.0451110e+06   1.9470215e+01
   7.0451780e+06   1.9714355e+01
   7.0452490e+06   2.0996094e+01
   7.0453500e+06   1.9470215e+01
   7.0455320e+06   1.9531250e+01
   7.0759480e+06   2.2094727e+01
   7.0759740e+06   2.3437500e+01
   7.0760080e+06   2.3559570e+01
   7.0760370e+06   2.0019531e+01
   7.0760640e+06   1.9653320e+01
   7.0761630e+06   1.9775391e+01
   7.0761880e+06   1.9958496e+01
   7.0762300e+06   1.9775391e+01
   7.0764060e+06   1.9653320e+01
   7.0765620e+06   2.2155762e+01
   7.0765980e+06   1.9531250e+01
   7.1168220e+06   2.3071289e+01
   7.1168480e+06   2.0080566e+01
   7.1168900e+06   2.3559570e+01
   7.1169220e+06   2.0751953e+01
   7.1169480e+06   2.7343750e+01
   7.1170100e+06   2.4291992e+01
   7.1170370e+06   2.0874023e+01
   7.1171450e+06   2.2399902e+01
   7.1172120e+06   2.1057129e+01
   7.1309850e+06   1.9958496e+01
   7.1309980e+06   2.2888184e+01
   7.1313360e+06   2.0385742e+01
   7.1425820e+06   1.9714355e+01
   7.1428270e+06   2.0019531e+01
   7.1526590e+06   2.0812988e+01
   7.1528830e+06   1.9714355e+01
   7.1626850e+06   2.1179199e+01
   7.1989170e+06   1.9592285e+01
   7.5899260e+06   2.1179199e+01
   7.5899740e+06   2.1179199e+01
   7.5900240e+06   2.0019531e+01
   7.5900650e+06   1.9714355e+01
   7.5901030e+06   2.0935059e+01
   7.5901820e+06   2.0568848e+01
   7.5901950e+06   2.3193359e+01
   7.5902340e+06   2.0263672e+01
   7.5905140e+06   2.2705078e+01
   7.5905650e+06   2.0446777e+01
   7.8581110e+06   2.0324707e+01
   7.8581650e+06   2.0507813e+01
   7.8582170e+06   2.2949219e+01
   7.8582360e+06   2.3925781e+01
   7.8584740e+06   2.2583008e+01
   7.8585100e+06   1.9531250e+01
   7.9762630e+06   2.4658203e+01
   7.9762810e+06   1.9470215e+01
   7.9763190e+06   2.0019531e+01
   7.9763460e+06   2.1301270e+01
   7.9763570e+06   2.0263672e+01
   7.9764040e+06   2.2583008e+01
   7.9764360e+06   2.3376465e+01
   7.9766320e+06   1.9531250e+01
   7.9766650e+06   2.0263672e+01
   8.0784470e+06   2.0202637e+01
   8.0785370e+06   2.6245117e+01
   8.0785570e+06   2.6367188e+01
   8.0785870e+06   2.0568848e+01
   8.0786020e+06   2.4719238e+01
   8.0786420e+06   1.9348145e+01
   8.0786560e+06   2.4108887e+01
   8.0787090e+06   2.1667480e+01
   8.0787230e+06   2.3193359e+01
   8.0790150e+06   2.3132324e+01
   8.1572590e+06   1.9470215e+01
   8.1572850e+06   2.0202637e+01
   8.1573360e+06   2.7832031e+01
   8.1573890e+06   2.0446777e+01
   8.1574250e+06   2.5024414e+01
   8.1574380e+06   2.0568848e+01
   8.1574950e+06   2.1423340e+01
   8.1578640e+06   1.9958496e+01
   8.2194760e+06   2.1728516e+01
   8.2195240e+06   2.3803711e+01
   8.2195410e+06   1.9897461e+01
   8.2195730e+06   2.0996094e+01
   8.2195840e+06   2.5573730e+01
   8.2196260e+06   2.1789551e+01
   8.2196360e+06   2.2949219e+01
   8.2196660e+06   2.0690918e+01
   8.2197760e+06   2.4230957e+01
   8.2683040e+06   2.0874023e+01
   8.2683440e+06   2.6428223e+01
   8.2684040e+06   2.0996094e+01
   8.2684530e+06   2.1057129e+01
   8.2684650e+06   1.9958496e+01
   8.2685100e+06   1.9714355e+01
   8.2685560e+06   1.9653320e+01
   8.2685830e+06   2.0446777e+01
   8.2693070e+06   2.0629883e+01
   8.3146250e+06   2.3864746e+01
   8.3146690e+06   1.9714355e+01
   8.3146800e+06   2.3864746e+01
   8.3147080e+06   2.4291992e+01
   8.3148590e+06   1.9897461e+01
   8.3148750e+06   2.2094727e+01
   8.3149200e+06   2.0996094e+01
   8.3150270e+06   1.9531250e+01
   8.3153640e+06   1.9836426e+01
   8.3444640e+06   2.2705078e+01
   8.3445860e+06   2.0019531e+01
   8.3446000e+06   2.1057129e+01
   8.3446770e+06   2.2521973e+01
   8.3708860e+06   1.9470215e+01
   8.3717540e+06   2.1301270e+01
   8.5481810e+06   1.9531250e+01
   8.8129600e+06   2.0019531e+01
   8.8130000e+06   2.6916504e+01
   8.8130150e+06   2.2399902e+01
   8.8130920e+06   2.1057129e+01
   8.8131260e+06   2.2216797e+01
   8.8131510e+06   1.9592285e+01
   8.8131830e+06   2.2094727e+01
   8.8132670e+06   2.2521973e+01
   8.8133220e+06   2.0629883e+01
   8.8134870e+06   2.0751953e+01
   8.8136200e+06   2.3132324e+01
   8.9115990e+06   2.1728516e+01
   8.9116200e+06   2.4047852e+01
   8.9116740e+06   2.6000977e+01
   8.9119730e+06   1.9409180e+01
   8.9733250e+06   2.1789551e+01
   8.9733490e+06   2.1057129e+01
   8.9734340e+06   2.0690918e+01
   8.9734610e+06   2.0935059e+01
   8.9735030e+06   1.9958496e+01
   8.9736070e+06   1.9653320e+01
   8.9738710e+06   2.0080566e+01
   8.9742280e+06   2.1118164e+01
   9.1413280e+06   4.1503906e+01
   9.1413510e+06   2.2705078e+01
   9.1413700e+06   2.0324707e+01
   9.1413970e+06   2.0751953e+01
   9.1415150e+06   2.1423340e+01
   9.1415450e+06   2.0385742e+01
   9.1423870e+06   2.2766113e+01
   9.2651710e+06   2.1911621e+01
   9.2652390e+06   2.2033691e+01
   9.2652860e+06   2.1423340e+01
   9.2654580e+06   2.1606445e+01
   9.3769410e+06   1.9592285e+01
   9.3770140e+06   2.6794434e+01
   9.3770500e+06   2.2583008e+01
   9.3770640e+06   2.3376465e+01
   9.3771070e+06   2.1423340e+01
   9.3771320e+06   2.6550293e+01
   9.3771630e+06   2.4169922e+01
   9.3771810e+06   2.0812988e+01
   9.3771980e+06   2.3864746e+01
   9.3772560e+06   1.9592285e+01
   9.3773590e+06   2.1118164e+01
   9.3774330e+06   1.9897461e+01
   9.3785270e+06   2.0446777e+01
   9.6306000e+06   1.9775391e+01
   9.6306140e+06   3.2775879e+01
   9.6306500e+06   2.3803711e+01
   9.6306910e+06   2.5390625e+01
   9.6307020e+06   2.1911621e+01
   9.6307420e+06   1.9409180e+01
   9.6307550e+06   2.1423340e+01
   9.6309120e+06   2.3254395e+01
   9.6309480e+06   1.9348145e+01
   9.6313200e+06   2.1240234e+01
   9.7185920e+06   2.0935059e+01
   9.7186470e+06   1.9836426e+01
   9.7187130e+06   2.8686523e+01
   9.7187550e+06   1.9592285e+01
   9.7188030e+06   2.3376465e+01
   9.7188390e+06   2.1545410e+01
   9.7925840e+06   1.9470215e+01
   9.7926620e+06   2.4536133e+01
   9.7928680e+06   2.1301270e+01
   9.7932710e+06   2.0385742e+01
   9.7933720e+06   1.9470215e+01
   9.7935110e+06   2.1667480e+01
   9.7938590e+06   1.9653320e+01
   9.8445740e+06   2.0629883e+01
   9.8446080e+06   2.0629883e+01
   9.8446320e+06   1.9470215e+01
   9.8446780e+06   2.1362305e+01
   9.8447380e+06   2.0446777e+01
   9.8447640e+06   2.5268555e+01
   9.8449950e+06   2.5024414e+01
   9.8453920e+06   2.0568848e+01
   9.8662890e+06   2.1118164e+01
   9.8663890e+06   2.5390625e+01
   1.0308367e+07   1.9775391e+01
   1.0308438e+07   2.0202637e+01
   1.0308477e+07   1.9348145e+01
   1.0308487e+07   2.1362305e+01
   1.0308566e+07   2.1362305e+01
   1.0308607e+07   1.9714355e+01
   1.0308669e+07   1.9348145e+01
   1.0410776e+07   2.0690918e+01
   1.0410841e+07   1.9653320e+01
   1.0410889e+07   2.3010254e+01
   1.0410953e+07   1.9470215e+01
   1.0411027e+07   2.0935059e+01
   1.0411103e+07   1.9897461e+01
   1.0411138e+07   2.0141602e+01
   1.0411220e+07   1.9775391e+01
   1.0411513e+07   2.1057129e+01
   1.0482227e+07   2.0141602e+01
   1.0482342e+07   2.3132324e+01
   1.0482379e+07   2.3498535e+01
   1.0482479e+07   2.0324707e+01
   1.0482598e+07   1.9897461e+01
   1.0482640e+07   1.9470215e+01
   1.0482686e+07   1.9714355e+01
   1.0566183e+07   2.3925781e+01
   1.0566250e+07   1.9836426e+01
   1.0566294e+07   2.1057129e+01
   1.0566413e+07   2.2216797e+01
   1.0566445e+07   2.3254395e+01
   1.0566484e+07   1.9653320e+01
   1.0647838e+07   2.0507813e+01
   1.0647884e+07   2.1911621e+01
   1.0647903e+07   2.0446777e+01
   1.0647931e+07   2.0690918e+01
   1.0647948e+07   2.2216797e+01
   1.0648009e+07   2.4414063e+01
   1.0648050e+07   2.0019531e+01
   1.0762059e+07   2.0080566e+01
   1.0762130e+07   2.7404785e+01
   1.0762172e+07   2.3742676e+01
   1.0762266e+07   2.5878906e+01
   1.0762296e+07   2.2277832e+01
   1.0762329e+07   2.0568848e+01
   1.0762350e+07   2.1850586e+01
   1.0762643e+07   1.9897461e+01
   1.0842354e+07   2.1667480e+01
   1.0842398e+07   1.9897461e+01
   1.0842494e+07   2.0935059e+01
   1.0842556e+07   1.9348145e+01
   1.0842724e+07   2.0935059e+01
   1.0842794e+07   2.0446777e+01
   1.0986662e+07   2.4597168e+01
   1.0986693e+07   2.4658203e+01
   1.0986706e+07   1.9958496e+01
   1.0986789e+07   2.1118164e+01
   1.0986906e+07   1.9714355e+01
   1.0986957e+07   1.9470215e+01
   1.0987002e+07   2.0141602e+01
   1.0987224e+07   2.2766113e+01
   1.1095927e+07   1.9653320e+01
   1.1095961e+07   2.1789551e+01
   1.1096047e+07   2.1301270e+01
   1.1273601e+07   2.0568848e+01
   1.1273625e+07   1.9409180e+01
   1.1273664e+07   1.9775391e+01
   1.1273697e+07   2.1789551e+01
   1.1273758e+07   2.0629883e+01
   1.1273787e+07   1.9775391e+01
   1.1273801e+07   2.1606445e+01
   1.1273834e+07   2.0629883e+01
   1.1274311e+07   2.0263672e+01
   1.1356904e+07   2.6000977e+01
   1.1356916e+07   2.0324707e+01
   1.1439256e+07   2.3498535e+01
   1.1439315e+07   2.0690918e+01
   1.1439333e+07   2.2094727e+01
   1.1439447e+07   2.5939941e+01
   1.1439476e+07   2.0751953e+01
   1.1439526e+07   2.0202637e+01
   1.1547532e+07   2.3010254e+01
   1.1547574e+07   2.4536133e+01
   1.1547632e+07   2.1789551e+01
   1.1547653e+07   1.9714355e+01
   1.1547720e+07   2.4841309e+01
   1.1547773e+07   1.9409180e+01
   1.1547812e+07   1.9897461e+01
   1.1547870e+07   2.1606445e+01
   1.1643798e+07   2.2033691e+01
   1.1643897e+07   2.1850586e+01
   1.1644003e+07   2.0263672e+01
   1.1644054e+07   2.4902344e+01
   1.1645059e+07   2.0080566e+01
   1.1759375e+07   2.2094727e+01
   1.1759405e+07   2.5817871e+01
   1.1759541e+07   2.4291992e+01
   1.1759656e+07   2.1362305e+01
   1.1850522e+07   2.4047852e+01
   1.1850555e+07   2.0263672e+01
   1.1850586e+07   2.3925781e+01
   1.1850649e+07   1.9653320e+01
   1.1850700e+07   2.3742676e+01
   1.1850828e+07   2.0019531e+01
   1.1851089e+07   2.0141602e+01
   1.1852414e+07   2.0080566e+01
