   1.1999000e+07   0.0000000e+00
   1.3368000e+04   2.0019531e+01
   1.3861000e+04   2.1484375e+01
   1.3946000e+04   2.6489258e+01
   1.3976000e+04   2.8686523e+01
   1.4002000e+04   2.5573730e+01
   1.4020000e+04   2.1423340e+01
   1.4046000e+04   2.2338867e+01
   1.4075000e+04   2.2705078e+01
   1.4094000e+04   3.2470703e+01
   1.4134000e+04   2.2583008e+01
   1.4194000e+04   2.2338867e+01
   1.4228000e+04   2.4536133e+01
   1.4259000e+04   3.0639648e+01
   1.4317000e+04   2.3132324e+01
   1.4344000e+04   2.5695801e+01
   1.4399000e+04   2.0568848e+01
   1.4450000e+04   2.2155762e+01
   1.4509000e+04   2.1057129e+01
   1.4553000e+04   2.2399902e+01
   1.4575000e+04   2.0263672e+01
   1.4707000e+04   2.3742676e+01
   1.4753000e+04   2.5085449e+01
   1.4798000e+04   2.1972656e+01
   1.4836000e+04   2.0507813e+01
   1.4881000e+04   2.0324707e+01
   1.4956000e+04   2.0080566e+01
   1.5019000e+04   2.0324707e+01
   1.5162000e+04   2.0324707e+01
   6.8549000e+04   2.3986816e+01
   6.9297000e+04   2.0751953e+01
   6.9327000e+04   2.0080566e+01
   6.9384000e+04   3.1005859e+01
   6.9421000e+04   2.2521973e+01
   6.9484000e+04   2.4658203e+01
   6.9501000e+04   3.3996582e+01
   6.9545000e+04   2.1301270e+01
   6.9560000e+04   2.3437500e+01
   6.9582000e+04   2.4291992e+01
   6.9606000e+04   2.2705078e+01
   6.9638000e+04   2.2094727e+01
   6.9704000e+04   2.7648926e+01
   6.9734000e+04   2.0263672e+01
   6.9774000e+04   2.4536133e+01
   6.9803000e+04   2.2705078e+01
   7.0066000e+04   2.4719238e+01
   7.0439000e+04   2.1179199e+01
   7.0709000e+04   2.2949219e+01
   1.1524300e+05   2.2644043e+01
   1.1582000e+05   2.0690918e+01
   1.1591600e+05   2.0080566e+01
   1.1600600e+05   2.4475098e+01
   1.1603200e+05   2.1057129e+01
   1.1606600e+05   2.0202637e+01
   1.1611100e+05   2.1850586e+01
   1.1612700e+05   2.2766113e+01
   1.1620100e+05   2.2399902e+01
   1.1623300e+05   2.3254395e+01
   1.1627900e+05   2.0141602e+01
   1.1629400e+05   2.2644043e+01
   1.1634100e+05   2.1301270e+01
   1.1639000e+05   2.1057129e+01
   1.1648400e+05   2.3437500e+01
   1.1650700e+05   2.0507813e+01
   1.1680500e+05   2.1240234e+01
   1.1693600e+05   2.0385742e+01
   1.1761700e+05   2.0874023e+01
   1.1832100e+05   2.8259277e+01
   1.6827400e+05   3.3447266e+01
   1.6839000e+05   2.0080566e+01
   1.6841700e+05   2.7160645e+01
   1.6846300e+05   2.2399902e+01
   1.6848100e+05   2.5878906e+01
   1.6862600e+05   2.2399902e+01
   1.6882400e+05   2.5085449e+01
   1.6898900e+05   2.1057129e+01
   1.6911500e+05   2.1667480e+01
   1.6927800e+05   2.9785156e+01
   1.6935300e+05   2.0629883e+01
   1.7063900e+05   2.0019531e+01
   1.8885800e+05   2.7954102e+01
   1.8923700e+05   2.3376465e+01
   1.8926000e+05   2.0690918e+01
   1.8935200e+05   2.0751953e+01
   1.8947800e+05   2.3437500e+01
   1.8952500e+05   2.4169922e+01
   1.8958400e+05   2.0812988e+01
   1.8992400e+05   2.2033691e+01
   1.9003100e+05   2.1118164e+01
   1.9026600e+05   2.1972656e+01
   1.9053700e+05   2.3559570e+01
   1.9424900e+05   2.1728516e+01
   2.3880400e+05   2.0812988e+01
   2.3975300e+05   2.0935059e+01
   2.7824100e+05   2.0568848e+01
   2.7843200e+05   2.0385742e+01
   2.7876300e+05   2.8930664e+01
   2.7903200e+05   2.0324707e+01
   2.9368000e+05   2.1118164e+01
   2.9378300e+05   2.0996094e+01
   2.9384800e+05   2.4475098e+01
   2.9410300e+05   2.3742676e+01
   2.9494400e+05   2.0202637e+01
   3.4120000e+05   2.0812988e+01
   3.4133300e+05   2.2338867e+01
   3.4136700e+05   3.1494141e+01
   3.4139800e+05   2.7648926e+01
   3.4142600e+05   2.6916504e+01
   3.4145200e+05   3.0395508e+01
   3.4148800e+05   2.4291992e+01
   3.4150600e+05   2.4353027e+01
   3.4154700e+05   2.4108887e+01
   3.4156500e+05   2.6855469e+01
   3.4165100e+05   2.0812988e+01
   3.4169000e+05   2.1362305e+01
   3.4170900e+05   2.3132324e+01
   3.4177400e+05   2.3498535e+01
   3.4179500e+05   2.1118164e+01
   3.4182300e+05   2.3437500e+01
   3.4184300e+05   2.0874023e+01
   3.4188800e+05   3.0944824e+01
   3.4199200e+05   2.2888184e+01
   3.4204900e+05   2.4902344e+01
   3.4209800e+05   2.3864746e+01
   3.4212300e+05   2.1118164e+01
   3.4214300e+05   2.5878906e+01
   3.4220500e+05   2.8442383e+01
   3.4234000e+05   2.1789551e+01
   3.4240600e+05   2.0324707e+01
   3.4253700e+05   2.4169922e+01
   3.4352200e+05   2.3803711e+01
   4.0213100e+05   2.2216797e+01
   4.0216100e+05   2.0507813e+01
   4.0220300e+05   2.2338867e+01
   4.0223800e+05   2.4414063e+01
   4.0227300e+05   3.0578613e+01
   4.0228600e+05   2.5207520e+01
   4.0231700e+05   2.3193359e+01
   4.0233300e+05   2.7282715e+01
   4.0235300e+05   2.1362305e+01
   4.0237700e+05   2.9113770e+01
   4.0238900e+05   2.6306152e+01
   4.0241300e+05   2.8564453e+01
   4.0244000e+05   2.1728516e+01
   4.0246000e+05   2.4902344e+01
   4.0250700e+05   2.1240234e+01
   4.0262100e+05   2.1484375e+01
   4.0266900e+05   2.2583008e+01
   4.0280700e+05   2.1240234e+01
   4.0282300e+05   2.3193359e+01
   4.0287600e+05   2.0141602e+01
   4.0300400e+05   2.1362305e+01
   4.0304700e+05   2.5878906e+01
   4.0337500e+05   2.1484375e+01
   4.0363700e+05   2.2705078e+01
   4.0376900e+05   2.2644043e+01
   4.0379200e+05   2.1850586e+01
   4.0450200e+05   2.2216797e+01
   4.0500100e+05   2.0263672e+01
   4.1784400e+05   2.0996094e+01
   4.1801300e+05   2.1179199e+01
   4.1834800e+05   2.0935059e+01
   4.1836700e+05   2.1728516e+01
   4.1840200e+05   2.6672363e+01
   4.1844800e+05   2.1057129e+01
   4.1847600e+05   2.7404785e+01
   4.1852000e+05   2.1728516e+01
   4.1853500e+05   2.3315430e+01
   4.1854600e+05   2.4536133e+01
   4.1858400e+05   2.0324707e+01
   4.1864600e+05   2.3620605e+01
   4.1867300e+05   2.3376465e+01
   4.1870000e+05   2.2705078e+01
   4.1873400e+05   2.4841309e+01
   4.1887400e+05   2.1057129e+01
   4.1895000e+05   2.4169922e+01
   4.1896600e+05   2.3681641e+01
   4.1904500e+05   2.3376465e+01
   4.1911900e+05   2.0568848e+01
   4.1915100e+05   2.0935059e+01
   4.1917000e+05   2.2399902e+01
   4.1924600e+05   2.4597168e+01
   4.1929400e+05   2.2094727e+01
   4.1931200e+05   2.3376465e+01
   4.1937600e+05   2.5634766e+01
   4.1939000e+05   2.1850586e+01
   4.1979700e+05   2.1362305e+01
   4.1982800e+05   2.0812988e+01
   4.3232200e+05   2.1789551e+01
   4.3243500e+05   2.1606445e+01
   4.3250300e+05   2.1179199e+01
   4.3251700e+05   2.6489258e+01
   4.3258400e+05   3.4545898e+01
   4.3259800e+05   3.4240723e+01
   4.3264200e+05   2.2033691e+01
   4.3269500e+05   3.4667969e+01
   4.3272300e+05   2.3986816e+01
   4.3276200e+05   2.0812988e+01
   4.3278400e+05   2.4658203e+01
   4.3279500e+05   2.3132324e+01
   4.3286800e+05   2.3559570e+01
   4.3289700e+05   2.0629883e+01
   4.3293800e+05   2.6855469e+01
   4.3299200e+05   2.2155762e+01
   4.3312700e+05   2.4536133e+01
   4.3322600e+05   2.1728516e+01
   4.3484200e+05   2.0507813e+01
   4.4481400e+05   2.1423340e+01
   4.4489300e+05   3.5583496e+01
   4.4492200e+05   2.2521973e+01
   4.4496200e+05   2.7343750e+01
   4.4501400e+05   3.3386230e+01
   4.4506600e+05   2.1118164e+01
   4.4514100e+05   2.3315430e+01
   4.4515900e+05   2.1423340e+01
   4.4518700e+05   2.0080566e+01
   4.4533500e+05   2.0996094e+01
   4.4547600e+05   2.4291992e+01
   4.4560100e+05   2.0568848e+01
   4.4566900e+05   2.0568848e+01
   4.4606100e+05   2.0202637e+01
   4.5685200e+05   2.2155762e+01
   4.5690100e+05   4.0039063e+01
   4.5693200e+05   2.1301270e+01
   4.5694400e+05   2.9235840e+01
   4.5701300e+05   2.4353027e+01
   4.5703800e+05   2.2644043e+01
   4.5707200e+05   2.1789551e+01
   4.5710300e+05   2.9174805e+01
   4.5721400e+05   2.2705078e+01
   4.5725800e+05   2.1545410e+01
   4.5730900e+05   2.7648926e+01
   4.5738500e+05   2.1667480e+01
   4.5754900e+05   2.3132324e+01
   4.5756700e+05   2.2094727e+01
   4.5769800e+05   2.0263672e+01
   4.5783100e+05   2.0324707e+01
   4.6929000e+05   2.1301270e+01
   4.6935500e+05   2.3315430e+01
   4.6936600e+05   2.4475098e+01
   4.6938600e+05   2.0324707e+01
   4.6941500e+05   2.1728516e+01
   4.6946400e+05   2.9296875e+01
   4.6949900e+05   2.0385742e+01
   4.6955400e+05   2.0263672e+01
   4.6964900e+05   2.3132324e+01
   4.6977100e+05   2.3620605e+01
   4.6996700e+05   2.1423340e+01
   4.7896100e+05   2.2216797e+01
   4.7901000e+05   2.3864746e+01
   4.7907700e+05   2.2521973e+01
   4.7910900e+05   4.0466309e+01
   4.7931500e+05   2.1118164e+01
   4.7937700e+05   2.3193359e+01
   4.8818200e+05   2.1484375e+01
   4.8828900e+05   2.5329590e+01
   4.8831400e+05   2.7709961e+01
   4.8842000e+05   2.2399902e+01
   4.8851000e+05   2.1606445e+01
   4.9791900e+05   2.3437500e+01
   4.9806800e+05   2.6123047e+01
   4.9808500e+05   2.1728516e+01
   4.9823300e+05   2.4169922e+01
   5.1016100e+05   2.0080566e+01
   5.1018200e+05   2.7282715e+01
   5.1029300e+05   2.0019531e+01
   5.1031300e+05   2.9296875e+01
   5.1038700e+05   2.2216797e+01
   5.1080300e+05   2.0507813e+01
   5.2023000e+05   2.6367188e+01
   5.2025100e+05   2.1667480e+01
   5.2036300e+05   2.1850586e+01
   5.2048800e+05   2.7221680e+01
   5.2067800e+05   2.2827148e+01
   5.2825900e+05   2.3254395e+01
   5.3620100e+05   2.3559570e+01
   5.3632000e+05   2.2583008e+01
   5.3640900e+05   2.0935059e+01
   5.3658400e+05   2.1240234e+01
   5.4362300e+05   2.3498535e+01
   5.5026200e+05   2.0263672e+01
   5.6032800e+05   2.0141602e+01
   5.6035200e+05   2.5329590e+01
   5.6045200e+05   2.4536133e+01
   5.6056100e+05   2.0385742e+01
   5.6073800e+05   2.1606445e+01
   5.7914800e+05   2.0446777e+01
   5.9322600e+05   2.2644043e+01
   6.3057700e+05   2.0507813e+01
   8.4184100e+05   2.6306152e+01
   8.4188400e+05   2.5451660e+01
   8.4193800e+05   2.0385742e+01
   8.4196100e+05   2.1911621e+01
   8.4198400e+05   2.7038574e+01
   8.4200900e+05   2.4230957e+01
   8.4202900e+05   3.4912109e+01
   8.4208500e+05   2.3742676e+01
   8.4209700e+05   2.1850586e+01
   8.4210700e+05   2.2644043e+01
   8.4213000e+05   2.9418945e+01
   8.4220400e+05   2.0385742e+01
   8.4223500e+05   2.0690918e+01
   8.4242700e+05   2.3437500e+01
   8.4250200e+05   2.7526855e+01
   8.4254200e+05   2.1118164e+01
   8.4267300e+05   2.1972656e+01
   8.4271200e+05   2.0324707e+01
   8.4280500e+05   2.0446777e+01
   8.4297600e+05   2.2888184e+01
   8.4302000e+05   2.4414063e+01
   8.4306000e+05   2.3315430e+01
   8.4316900e+05   2.0568848e+01
   8.4321800e+05   2.1667480e+01
   8.4323600e+05   2.0996094e+01
   8.4331900e+05   2.3254395e+01
   8.4337400e+05   2.0996094e+01
   8.4362200e+05   2.0385742e+01
   9.8545200e+05   2.0935059e+01
   9.8552900e+05   2.2949219e+01
   9.8553900e+05   2.0141602e+01
   9.8556700e+05   2.0629883e+01
   9.8559100e+05   3.2226563e+01
   9.8560400e+05   2.5939941e+01
   9.8561800e+05   2.2583008e+01
   9.8564000e+05   2.1423340e+01
   9.8565200e+05   2.3132324e+01
   9.8570600e+05   2.4902344e+01
   9.8571800e+05   2.1545410e+01
   9.8573500e+05   2.0141602e+01
   9.8578100e+05   2.0568848e+01
   9.8580100e+05   2.4475098e+01
   9.8582200e+05   2.0935059e+01
   9.8584000e+05   2.5756836e+01
   9.8587800e+05   2.6672363e+01
   9.8591600e+05   2.9724121e+01
   9.8595000e+05   2.3742676e+01
   9.8599100e+05   2.8808594e+01
   9.8620700e+05   2.0751953e+01
   9.8621700e+05   2.2644043e+01
   9.8625500e+05   2.1362305e+01
   9.8631700e+05   2.0629883e+01
   9.8635000e+05   2.0263672e+01
   9.8651800e+05   2.3010254e+01
   9.8655100e+05   2.2399902e+01
   9.8664700e+05   2.0141602e+01
   9.8669300e+05   2.0202637e+01
   9.8678000e+05   2.2033691e+01
   9.8681400e+05   2.1545410e+01
   9.8705100e+05   2.3864746e+01
   1.1280950e+06   3.0761719e+01
   1.1281380e+06   2.5024414e+01
   1.1281550e+06   2.2338867e+01
   1.1281890e+06   3.7597656e+01
   1.1282170e+06   2.2338867e+01
   1.1282270e+06   2.7160645e+01
   1.1282550e+06   2.7526855e+01
   1.1282810e+06   2.4414063e+01
   1.1283050e+06   2.2644043e+01
   1.1283260e+06   2.3742676e+01
   1.1283360e+06   2.1972656e+01
   1.1284100e+06   2.1606445e+01
   1.1284340e+06   2.1301270e+01
   1.1284960e+06   2.0996094e+01
   1.1285120e+06   2.0568848e+01
   1.1286240e+06   2.1728516e+01
   1.1286740e+06   2.1850586e+01
   1.1288410e+06   2.7893066e+01
   1.1289090e+06   2.2888184e+01
   1.1290550e+06   2.1484375e+01
   1.1291350e+06   2.8808594e+01
   1.1292450e+06   2.0446777e+01
   1.1292620e+06   2.0629883e+01
   1.1298080e+06   2.0568848e+01
   1.1298290e+06   2.1362305e+01
   1.1300250e+06   2.1118164e+01
   1.2030020e+06   2.1545410e+01
   1.2341730e+06   2.2399902e+01
   1.2342280e+06   2.5878906e+01
   1.2342480e+06   3.6193848e+01
   1.2342600e+06   2.6489258e+01
   1.2342780e+06   2.3132324e+01
   1.2342880e+06   2.9235840e+01
   1.2343150e+06   2.2460938e+01
   1.2343350e+06   2.3986816e+01
   1.2343960e+06   2.0935059e+01
   1.2344270e+06   2.3864746e+01
   1.2344510e+06   2.4047852e+01
   1.2345060e+06   2.1301270e+01
   1.2346430e+06   2.1667480e+01
   1.2346740e+06   2.3803711e+01
   1.2347350e+06   2.4536133e+01
   1.2349630e+06   2.0080566e+01
   1.2350970e+06   2.5451660e+01
   1.2351350e+06   2.0141602e+01
   1.2352300e+06   2.1118164e+01
   1.2353240e+06   2.1911621e+01
   1.2354660e+06   2.0324707e+01
   1.2356080e+06   2.2583008e+01
   1.2357030e+06   2.5756836e+01
   1.2760200e+06   2.5146484e+01
   1.2760890e+06   2.3559570e+01
   1.2761340e+06   2.3742676e+01
   1.2762070e+06   2.2888184e+01
   1.2762200e+06   2.6489258e+01
   1.2762460e+06   2.3376465e+01
   1.2762780e+06   4.9865723e+01
   1.2763090e+06   2.9479980e+01
   1.2763230e+06   2.0812988e+01
   1.2763450e+06   2.2766113e+01
   1.2764210e+06   2.6000977e+01
   1.2764310e+06   2.2338867e+01
   1.2765060e+06   2.6428223e+01
   1.2765430e+06   2.8930664e+01
   1.2765670e+06   2.3193359e+01
   1.2766100e+06   2.5695801e+01
   1.2766680e+06   2.3010254e+01
   1.2767270e+06   2.8198242e+01
   1.2768140e+06   2.4230957e+01
   1.2768460e+06   2.1911621e+01
   1.2769130e+06   2.2399902e+01
   1.2769770e+06   2.2216797e+01
   1.2770110e+06   2.2155762e+01
   1.2770830e+06   2.1972656e+01
   1.2771520e+06   2.1911621e+01
   1.2773500e+06   2.0507813e+01
   1.2776130e+06   2.1057129e+01
   1.2777900e+06   2.2338867e+01
   1.2784230e+06   2.0568848e+01
   1.3213850e+06   2.1362305e+01
   1.3213980e+06   2.5695801e+01
   1.3214320e+06   3.1494141e+01
   1.3214440e+06   3.1494141e+01
   1.3214670e+06   2.2888184e+01
   1.3214940e+06   3.4301758e+01
   1.3215180e+06   2.0568848e+01
   1.3215330e+06   2.1667480e+01
   1.3215440e+06   3.3630371e+01
   1.3215890e+06   2.8076172e+01
   1.3216160e+06   2.5085449e+01
   1.3216690e+06   2.2766113e+01
   1.3216940e+06   2.1667480e+01
   1.3217230e+06   2.8808594e+01
   1.3217890e+06   2.0446777e+01
   1.3218500e+06   2.0080566e+01
   1.3218860e+06   2.5695801e+01
   1.3219170e+06   2.6794434e+01
   1.3220480e+06   2.6306152e+01
   1.3221090e+06   2.1728516e+01
   1.3221640e+06   2.3132324e+01
   1.3222030e+06   2.1240234e+01
   1.3223410e+06   2.2949219e+01
   1.3223890e+06   2.2216797e+01
   1.3224550e+06   2.1728516e+01
   1.3224940e+06   2.2827148e+01
   1.3228750e+06   2.0568848e+01
   1.3229340e+06   2.0202637e+01
   1.3234580e+06   2.0019531e+01
   1.3241170e+06   2.1911621e+01
   1.3798610e+06   2.0141602e+01
   1.4566550e+06   2.2399902e+01
   1.4566990e+06   2.7526855e+01
   1.4567220e+06   3.8391113e+01
   1.4567500e+06   4.0771484e+01
   1.4567640e+06   2.2949219e+01
   1.4567980e+06   2.2827148e+01
   1.4568080e+06   2.5268555e+01
   1.4568730e+06   2.0935059e+01
   1.4569260e+06   2.2338867e+01
   1.4569610e+06   2.8076172e+01
   1.4570080e+06   2.2888184e+01
   1.4570850e+06   2.0019531e+01
   1.4571360e+06   2.1118164e+01
   1.4572260e+06   2.2338867e+01
   1.4574080e+06   2.2033691e+01
   1.4575360e+06   2.3010254e+01
   1.4575820e+06   2.0080566e+01
   1.4578570e+06   2.2583008e+01
   1.4581570e+06   2.4169922e+01
   1.5410820e+06   2.2216797e+01
   1.5411110e+06   2.6733398e+01
   1.5411560e+06   2.5329590e+01
   1.5411850e+06   3.2043457e+01
   1.5412110e+06   3.4973145e+01
   1.5412210e+06   2.6733398e+01
   1.5412450e+06   2.6794434e+01
   1.5412780e+06   2.3193359e+01
   1.5412890e+06   2.3193359e+01
   1.5413390e+06   3.1494141e+01
   1.5413880e+06   2.7282715e+01
   1.5414220e+06   3.0212402e+01
   1.5414550e+06   2.2094727e+01
   1.5414670e+06   2.1057129e+01
   1.5414970e+06   2.4536133e+01
   1.5415230e+06   2.8198242e+01
   1.5416380e+06   2.4902344e+01
   1.5417000e+06   2.1728516e+01
   1.5417320e+06   2.5573730e+01
   1.5419360e+06   2.0751953e+01
   1.5421000e+06   2.0568848e+01
   1.5422230e+06   2.0996094e+01
   1.5423120e+06   2.1423340e+01
   1.5423910e+06   2.1118164e+01
   1.5427230e+06   2.6672363e+01
   1.5427350e+06   2.3864746e+01
   1.6777650e+06   2.1972656e+01
   1.6777890e+06   2.0324707e+01
   1.6778150e+06   2.0141602e+01
   1.6778360e+06   3.0883789e+01
   1.6778630e+06   2.1667480e+01
   1.6778870e+06   3.1005859e+01
   1.6779590e+06   2.7221680e+01
   1.6779850e+06   2.1240234e+01
   1.6780240e+06   2.1118164e+01
   1.6780420e+06   2.1789551e+01
   1.6780650e+06   2.0629883e+01
   1.6780800e+06   2.2216797e+01
   1.6781080e+06   2.3620605e+01
   1.6781800e+06   2.0019531e+01
   1.6782720e+06   2.2644043e+01
   1.6783350e+06   2.3071289e+01
   1.6783900e+06   2.9724121e+01
   1.6784880e+06   2.8381348e+01
   1.6785320e+06   2.0202637e+01
   1.6785900e+06   2.3498535e+01
   1.6786390e+06   2.1057129e+01
   1.6786800e+06   2.1484375e+01
   1.6786970e+06   2.2338867e+01
   1.6787730e+06   2.1911621e+01
   1.6788740e+06   2.1057129e+01
   1.6790670e+06   2.1301270e+01
   1.6792990e+06   2.0202637e+01
   1.6794700e+06   2.0935059e+01
   1.7481770e+06   2.2399902e+01
   1.7482090e+06   2.0324707e+01
   1.7482390e+06   2.0629883e+01
   1.7482680e+06   2.3193359e+01
   1.7482900e+06   2.3193359e+01
   1.7483150e+06   2.8930664e+01
   1.7483430e+06   2.1057129e+01
   1.7483650e+06   2.4475098e+01
   1.7483770e+06   2.2460938e+01
   1.7484070e+06   2.4719238e+01
   1.7484190e+06   2.7404785e+01
   1.7484330e+06   2.0568848e+01
   1.7484540e+06   2.6550293e+01
   1.7484730e+06   2.0629883e+01
   1.7484980e+06   2.7770996e+01
   1.7485490e+06   2.0263672e+01
   1.7486120e+06   2.4780273e+01
   1.7486500e+06   2.3986816e+01
   1.7486820e+06   2.2216797e+01
   1.7488280e+06   2.0324707e+01
   1.7488810e+06   2.3803711e+01
   1.7489160e+06   2.0874023e+01
   1.7491090e+06   2.5085449e+01
   1.7491650e+06   2.0996094e+01
   1.7492190e+06   2.2155762e+01
   1.7492820e+06   2.1606445e+01
   1.7495620e+06   2.2155762e+01
   1.8357990e+06   2.2949219e+01
   1.8361300e+06   2.2583008e+01
   1.8361690e+06   2.9296875e+01
   1.8361940e+06   3.1494141e+01
   1.8362140e+06   2.1240234e+01
   1.8362430e+06   2.1789551e+01
   1.8362600e+06   2.2338867e+01
   1.8362870e+06   2.4536133e+01
   1.8363130e+06   2.1972656e+01
   1.8363290e+06   2.9602051e+01
   1.8363460e+06   2.3498535e+01
   1.8363950e+06   2.0935059e+01
   1.8364960e+06   2.1667480e+01
   1.8365550e+06   2.3193359e+01
   1.8365680e+06   2.1301270e+01
   1.8365920e+06   2.5451660e+01
   1.8366240e+06   2.2216797e+01
   1.8367030e+06   2.1301270e+01
   1.8368200e+06   2.0019531e+01
   1.8368520e+06   2.0385742e+01
   1.8369990e+06   2.1240234e+01
   1.8371050e+06   2.4230957e+01
   1.8372490e+06   2.3742676e+01
   1.8373620e+06   2.2705078e+01
   1.8374070e+06   2.1240234e+01
   1.8374670e+06   2.2277832e+01
   1.8375140e+06   2.1423340e+01
   1.8377870e+06   2.0935059e+01
   1.9156420e+06   2.2827148e+01
   1.9157040e+06   2.3498535e+01
   1.9157140e+06   2.2949219e+01
   1.9157380e+06   2.1545410e+01
   1.9157580e+06   2.4230957e+01
   1.9157940e+06   2.8320313e+01
   1.9158320e+06   2.3315430e+01
   1.9158470e+06   2.9602051e+01
   1.9158720e+06   2.1179199e+01
   1.9159110e+06   2.6611328e+01
   1.9159260e+06   2.4536133e+01
   1.9159510e+06   2.4353027e+01
   1.9160480e+06   2.0507813e+01
   1.9160700e+06   2.0690918e+01
   1.9161720e+06   2.3986816e+01
   1.9162730e+06   2.1362305e+01
   1.9162980e+06   2.1606445e+01
   1.9163230e+06   2.1057129e+01
   1.9163860e+06   2.0202637e+01
   1.9164780e+06   2.2583008e+01
   1.9166520e+06   2.0263672e+01
   1.9167380e+06   2.4963379e+01
   1.9167990e+06   2.6123047e+01
   1.9170220e+06   2.6306152e+01
   1.9173590e+06   2.1118164e+01
   1.9726600e+06   2.0324707e+01
   1.9727290e+06   3.2104492e+01
   1.9727610e+06   2.2705078e+01
   1.9727950e+06   2.2094727e+01
   1.9728210e+06   3.8208008e+01
   1.9728550e+06   2.6916504e+01
   1.9729170e+06   2.5268555e+01
   1.9729300e+06   2.3071289e+01
   1.9729760e+06   2.3681641e+01
   1.9729900e+06   2.2705078e+01
   1.9732400e+06   2.3925781e+01
   1.9733210e+06   2.8747559e+01
   1.9733340e+06   2.4719238e+01
   1.9734280e+06   2.6306152e+01
   1.9734810e+06   2.1118164e+01
   1.9736640e+06   2.0629883e+01
   1.9737110e+06   2.1850586e+01
   1.9739020e+06   2.0446777e+01
   1.9746120e+06   2.2827148e+01
   2.0463280e+06   2.4291992e+01
   2.0464180e+06   2.2094727e+01
   2.0464450e+06   2.3864746e+01
   2.0464810e+06   2.2521973e+01
   2.0465030e+06   2.1301270e+01
   2.0465280e+06   3.0517578e+01
   2.0465780e+06   3.1250000e+01
   2.0466130e+06   4.2663574e+01
   2.0466420e+06   2.1423340e+01
   2.0466720e+06   2.1301270e+01
   2.0467090e+06   2.0080566e+01
   2.0469380e+06   2.0141602e+01
   2.0470250e+06   2.2033691e+01
   2.0472120e+06   2.1057129e+01
   2.0474590e+06   2.1911621e+01
   2.0475620e+06   2.4169922e+01
   2.1109410e+06   2.0385742e+01
   2.1110200e+06   2.6062012e+01
   2.1110830e+06   2.8625488e+01
   2.1111270e+06   2.2155762e+01
   2.1111810e+06   2.3498535e+01
   2.1112050e+06   2.7160645e+01
   2.1112580e+06   2.0202637e+01
   2.1112850e+06   3.3630371e+01
   2.1113000e+06   2.2766113e+01
   2.1113540e+06   2.2583008e+01
   2.1113830e+06   2.0874023e+01
   2.1114180e+06   2.0385742e+01
   2.1114530e+06   2.4841309e+01
   2.1115460e+06   2.0690918e+01
   2.1116400e+06   2.0324707e+01
   2.1116830e+06   2.9235840e+01
   2.1117620e+06   2.5939941e+01
   2.1120140e+06   2.0385742e+01
   2.1121140e+06   2.4414063e+01
   2.1123660e+06   2.0996094e+01
   2.1130990e+06   2.1423340e+01
   2.1412900e+06   2.8686523e+01
   2.1416120e+06   3.1677246e+01
   2.1416740e+06   2.0202637e+01
   2.1416960e+06   2.9357910e+01
   2.1417320e+06   2.0751953e+01
   2.1417970e+06   2.4291992e+01
   2.1418340e+06   2.7221680e+01
   2.1418940e+06   2.5512695e+01
   2.1419990e+06   2.0812988e+01
   2.1420160e+06   2.2399902e+01
   2.1420720e+06   2.0874023e+01
   2.1421630e+06   2.4841309e+01
   2.1422170e+06   2.2094727e+01
   2.1422600e+06   2.2338867e+01
   2.1425820e+06   2.1118164e+01
   2.1428300e+06   2.0568848e+01
   2.1429450e+06   2.0263672e+01
   2.1430430e+06   2.0141602e+01
   2.1432390e+06   2.1362305e+01
   2.2071350e+06   2.4291992e+01
   2.2074010e+06   2.0324707e+01
   2.2074390e+06   2.1423340e+01
   2.2075200e+06   2.1972656e+01
   2.2075590e+06   2.0324707e+01
   2.2078450e+06   2.2949219e+01
   2.2081810e+06   2.5695801e+01
   2.2084660e+06   2.2155762e+01
   2.2092720e+06   2.0751953e+01
   2.2095320e+06   2.1728516e+01
   2.2099170e+06   2.0141602e+01
   2.2302210e+06   2.0751953e+01
   2.2304560e+06   2.0385742e+01
   2.2306080e+06   2.0141602e+01
   2.2308030e+06   2.0263672e+01
   2.2309710e+06   2.0996094e+01
   2.2311070e+06   2.2338867e+01
   2.2311610e+06   2.3681641e+01
   2.2312380e+06   2.1606445e+01
   2.2313100e+06   2.6672363e+01
   2.2313550e+06   2.1728516e+01
   2.2316750e+06   2.3498535e+01
   2.2317640e+06   2.0019531e+01
   2.2325340e+06   2.3132324e+01
   2.2328580e+06   2.0996094e+01
   2.2565370e+06   2.2827148e+01
   2.2576160e+06   2.6123047e+01
   2.2577470e+06   3.5766602e+01
   2.2578780e+06   2.7343750e+01
   2.2580080e+06   2.1972656e+01
   2.2582230e+06   2.3498535e+01
   2.2583100e+06   2.8503418e+01
   2.2584390e+06   2.6367188e+01
   2.2585940e+06   2.0141602e+01
   2.2587900e+06   2.5695801e+01
   2.2683540e+06   2.0080566e+01
   2.2788670e+06   2.4902344e+01
   2.2788800e+06   2.0324707e+01
   2.2790560e+06   2.0568848e+01
   2.2792380e+06   2.0141602e+01
   2.2793870e+06   2.2521973e+01
   2.2797350e+06   2.3437500e+01
   2.2800090e+06   2.0019531e+01
   2.2952880e+06   2.4414063e+01
   2.3121630e+06   2.0874023e+01
   2.3484030e+06   2.0080566e+01
   2.3706680e+06   2.0019531e+01
   2.5472400e+06   2.0690918e+01
   2.6609680e+06   2.4353027e+01
   2.7073070e+06   2.2583008e+01
   2.7078940e+06   2.2094727e+01
   2.7298570e+06   2.1545410e+01
   2.7302810e+06   2.0141602e+01
   2.7303980e+06   2.1423340e+01
   2.7306120e+06   2.1362305e+01
   2.7307190e+06   2.0080566e+01
   2.7309440e+06   2.4047852e+01
   2.7311120e+06   2.0996094e+01
   2.7311910e+06   2.0324707e+01
   2.7315150e+06   2.0324707e+01
   2.7316160e+06   2.5878906e+01
   2.7652010e+06   2.2277832e+01
   2.7656110e+06   2.1850586e+01
   2.7990950e+06   2.0568848e+01
   2.8014730e+06   2.5207520e+01
   2.8017120e+06   2.0141602e+01
   2.8776110e+06   2.9724121e+01
   2.8779860e+06   2.5390625e+01
   2.8780120e+06   2.3254395e+01
   2.8780490e+06   2.3010254e+01
   2.8780730e+06   2.2216797e+01
   2.8780980e+06   2.7832031e+01
   2.8781140e+06   2.2338867e+01
   2.8781370e+06   2.7526855e+01
   2.8781510e+06   2.5512695e+01
   2.8781730e+06   2.6794434e+01
   2.8782010e+06   2.6245117e+01
   2.8782180e+06   2.3132324e+01
   2.8782590e+06   2.4841309e+01
   2.8783320e+06   2.0141602e+01
   2.8783970e+06   2.1362305e+01
   2.8784430e+06   2.3376465e+01
   2.8784770e+06   2.0812988e+01
   2.8785260e+06   2.0324707e+01
   2.8785800e+06   3.0151367e+01
   2.8787330e+06   2.1362305e+01
   2.8792060e+06   2.0629883e+01
   2.8795860e+06   2.3620605e+01
   2.8798050e+06   2.4414063e+01
   2.8798600e+06   2.0568848e+01
   2.8804950e+06   2.1789551e+01
   2.9192530e+06   2.7832031e+01
   2.9194440e+06   2.0751953e+01
   2.9197160e+06   2.9907227e+01
   2.9198290e+06   2.1423340e+01
   2.9199230e+06   2.3315430e+01
   2.9201080e+06   2.1606445e+01
   2.9201640e+06   2.0141602e+01
   2.9202610e+06   2.4230957e+01
   2.9204780e+06   2.1362305e+01
   2.9206000e+06   2.7954102e+01
   2.9207010e+06   2.5268555e+01
   2.9337840e+06   2.2460938e+01
   2.9339520e+06   2.3376465e+01
   2.9341280e+06   2.1728516e+01
   2.9343700e+06   2.0141602e+01
   2.9344100e+06   2.2338867e+01
   2.9457980e+06   2.0324707e+01
   2.9459200e+06   2.5024414e+01
   2.9461930e+06   2.1362305e+01
   2.9552710e+06   2.0812988e+01
   2.9558260e+06   2.5085449e+01
   2.9634850e+06   2.3742676e+01
   2.9640010e+06   2.1362305e+01
   2.9746330e+06   2.0629883e+01
   2.9752640e+06   2.1972656e+01
   2.9755240e+06   2.0568848e+01
   2.9837110e+06   2.4108887e+01
   2.9844220e+06   2.8625488e+01
   3.0204850e+06   2.1423340e+01
   3.0433220e+06   2.5329590e+01
   3.0693110e+06   2.8503418e+01
   3.0818480e+06   2.0874023e+01
   3.1199250e+06   2.2399902e+01
   3.4538510e+06   2.9296875e+01
   3.4538730e+06   2.0690918e+01
   3.4539000e+06   2.8747559e+01
   3.4539120e+06   2.1362305e+01
   3.4539270e+06   2.3681641e+01
   3.4539730e+06   2.4658203e+01
   3.4539980e+06   2.1362305e+01
   3.4540220e+06   2.5146484e+01
   3.4540440e+06   2.4536133e+01
   3.4540850e+06   2.2583008e+01
   3.4542930e+06   2.4291992e+01
   3.4544570e+06   2.1789551e+01
   3.4545690e+06   2.1850586e+01
   3.4548660e+06   2.0324707e+01
   3.4549090e+06   2.0996094e+01
   3.4550010e+06   2.0507813e+01
   3.4551920e+06   2.0690918e+01
   3.6157230e+06   2.0812988e+01
   3.6157520e+06   2.1667480e+01
   3.6157960e+06   2.9602051e+01
   3.6158220e+06   2.3071289e+01
   3.6158360e+06   2.6367188e+01
   3.6158530e+06   3.4179688e+01
   3.6158630e+06   2.2521973e+01
   3.6158880e+06   2.6367188e+01
   3.6158990e+06   2.8442383e+01
   3.6159220e+06   2.1545410e+01
   3.6159430e+06   2.3742676e+01
   3.6159530e+06   2.3681641e+01
   3.6159860e+06   2.8198242e+01
   3.6160170e+06   2.0812988e+01
   3.6160540e+06   2.3742676e+01
   3.6161590e+06   2.8442383e+01
   3.6161780e+06   2.0935059e+01
   3.6165470e+06   2.0263672e+01
   3.6166130e+06   2.1789551e+01
   3.6171340e+06   2.0751953e+01
   3.6172170e+06   2.4414063e+01
   3.6176170e+06   2.1301270e+01
   3.6178610e+06   2.1301270e+01
   3.6179130e+06   2.3803711e+01
   3.6182210e+06   2.0263672e+01
   3.6227070e+06   2.0751953e+01
   3.6926350e+06   2.4658203e+01
   3.6926810e+06   2.7404785e+01
   3.6927110e+06   2.6916504e+01
   3.6927280e+06   2.6611328e+01
   3.6927910e+06   2.8869629e+01
   3.6928210e+06   2.3315430e+01
   3.6928770e+06   3.2836914e+01
   3.6929140e+06   3.5034180e+01
   3.6929430e+06   3.3447266e+01
   3.6929930e+06   2.7465820e+01
   3.6930950e+06   2.0324707e+01
   3.6932110e+06   2.3498535e+01
   3.6933140e+06   2.5329590e+01
   3.6933400e+06   2.0263672e+01
   3.6933920e+06   2.1118164e+01
   3.6934530e+06   2.1240234e+01
   3.6936770e+06   2.4414063e+01
   3.6937880e+06   2.6916504e+01
   3.6939300e+06   2.1606445e+01
   3.6939940e+06   2.2949219e+01
   3.6943650e+06   2.3071289e+01
   3.6944300e+06   2.4230957e+01
   3.6944520e+06   2.0507813e+01
   3.6945450e+06   2.0690918e+01
   3.7251080e+06   2.2216797e+01
   3.7613870e+06   2.4597168e+01
   3.7614360e+06   2.4536133e+01
   3.7614570e+06   2.2399902e+01
   3.7614750e+06   2.7160645e+01
   3.7614990e+06   2.6245117e+01
   3.7615100e+06   2.4841309e+01
   3.7615320e+06   2.6367188e+01
   3.7615550e+06   2.4841309e+01
   3.7615800e+06   2.9663086e+01
   3.7616030e+06   2.4108887e+01
   3.7616480e+06   2.2277832e+01
   3.7616840e+06   2.5146484e+01
   3.7617020e+06   2.3742676e+01
   3.7617560e+06   2.2644043e+01
   3.7619360e+06   2.0629883e+01
   3.7621050e+06   2.2094727e+01
   3.7624480e+06   2.0874023e+01
   3.7625410e+06   2.2949219e+01
   3.7626180e+06   2.0690918e+01
   3.7627040e+06   2.2521973e+01
   3.7627700e+06   2.1301270e+01
   3.7629430e+06   2.4719238e+01
   3.7631180e+06   2.3132324e+01
   3.7632350e+06   2.2460938e+01
   3.7637090e+06   2.2644043e+01
   3.7644540e+06   2.1118164e+01
   3.7671420e+06   2.0812988e+01
   3.7731520e+06   2.1606445e+01
   3.7779430e+06   2.0751953e+01
   3.7779660e+06   2.2583008e+01
   3.7780660e+06   2.9968262e+01
   3.7780790e+06   4.9682617e+01
   3.7781220e+06   2.1240234e+01
   3.7781650e+06   2.4475098e+01
   3.7782250e+06   2.1240234e+01
   3.7782370e+06   2.4597168e+01
   3.7783990e+06   2.5451660e+01
   3.7786030e+06   2.1545410e+01
   3.7786280e+06   2.2766113e+01
   3.7786560e+06   2.1606445e+01
   3.7786950e+06   2.0812988e+01
   3.7787350e+06   2.1789551e+01
   3.7787800e+06   2.4108887e+01
   3.7787940e+06   2.8076172e+01
   3.7788330e+06   2.0996094e+01
   3.7788630e+06   2.3132324e+01
   3.7789980e+06   2.0446777e+01
   3.7790810e+06   2.1118164e+01
   3.7791320e+06   2.5024414e+01
   3.7792490e+06   2.2216797e+01
   3.7797820e+06   2.2460937e+01
   3.7889260e+06   2.0446777e+01
   3.7889530e+06   2.3193359e+01
   3.7889790e+06   2.6123047e+01
   3.7890180e+06   2.2827148e+01
   3.7890420e+06   2.0874023e+01
   3.7890680e+06   2.6855469e+01
   3.7890960e+06   2.4230957e+01
   3.7891090e+06   2.4536133e+01
   3.7891440e+06   3.2104492e+01
   3.7891660e+06   2.3498535e+01
   3.7892300e+06   2.3925781e+01
   3.7893970e+06   2.0751953e+01
   3.7894380e+06   3.2348633e+01
   3.7895220e+06   2.9479980e+01
   3.7896060e+06   2.1972656e+01
   3.7898170e+06   2.3254395e+01
   3.7899360e+06   2.5451660e+01
   3.7902800e+06   3.0761719e+01
   3.7906720e+06   2.1789551e+01
   3.8020530e+06   2.7038574e+01
   3.8020890e+06   2.8564453e+01
   3.8021310e+06   3.1616211e+01
   3.8021840e+06   2.0690918e+01
   3.8022270e+06   2.4841309e+01
   3.8022520e+06   2.1911621e+01
   3.8022860e+06   2.2460938e+01
   3.8023280e+06   2.1484375e+01
   3.8023680e+06   2.1484375e+01
   3.8023920e+06   2.6245117e+01
   3.8024670e+06   2.1057129e+01
   3.8024910e+06   2.1667480e+01
   3.8025920e+06   2.0446777e+01
   3.8026060e+06   2.1484375e+01
   3.8028430e+06   2.1789551e+01
   3.8030790e+06   2.2094727e+01
   3.8032560e+06   2.7954102e+01
   3.8121390e+06   2.0385742e+01
   3.8123020e+06   2.2338867e+01
   3.8123700e+06   2.6428223e+01
   3.8124080e+06   2.4475098e+01
   3.8124530e+06   2.2277832e+01
   3.8124970e+06   2.1728516e+01
   3.8125300e+06   2.0446777e+01
   3.8125870e+06   2.0751953e+01
   3.8126080e+06   2.1057129e+01
   3.8126200e+06   2.0446777e+01
   3.8126610e+06   2.1301270e+01
   3.8127190e+06   2.2827148e+01
   3.8127800e+06   2.0446777e+01
   3.8130200e+06   2.0935059e+01
   3.8131980e+06   2.1728516e+01
   3.8135960e+06   2.0263672e+01
   3.8242480e+06   2.1240234e+01
   3.8243840e+06   2.8320313e+01
   3.8244740e+06   2.2460938e+01
   3.8245450e+06   2.2155762e+01
   3.8245830e+06   2.2094727e+01
   3.8246380e+06   2.7404785e+01
   3.8246710e+06   2.0385742e+01
   3.8246820e+06   2.2216797e+01
   3.8247280e+06   2.4597168e+01
   3.8247750e+06   2.0568848e+01
   3.8248110e+06   3.1860352e+01
   3.8254010e+06   2.1240234e+01
   3.8350500e+06   2.4719238e+01
   3.8351740e+06   2.3559570e+01
   3.8353160e+06   2.3742676e+01
   3.8353580e+06   2.3864746e+01
   3.8353780e+06   2.0324707e+01
   3.8354170e+06   2.3681641e+01
   3.8355270e+06   2.8869629e+01
   3.8358710e+06   2.4108887e+01
   3.8360050e+06   2.1057129e+01
   3.8463750e+06   2.2216797e+01
   3.8463980e+06   2.2888184e+01
   3.8465160e+06   2.4047852e+01
   3.8466040e+06   3.1250000e+01
   3.8466380e+06   2.3437500e+01
   3.8466550e+06   2.1850586e+01
   3.8467160e+06   2.9541016e+01
   3.8559230e+06   2.3132324e+01
   3.8559960e+06   2.0385742e+01
   3.8560220e+06   2.1484375e+01
   3.8560440e+06   2.2033691e+01
   3.8560960e+06   2.2521973e+01
   3.8561180e+06   3.0700684e+01
   3.8561400e+06   2.5085449e+01
   3.8563990e+06   2.4536133e+01
   3.8566250e+06   2.2033691e+01
   3.8571460e+06   2.4719238e+01
   3.8654180e+06   2.2827148e+01
   3.8658550e+06   2.4414063e+01
   3.8660290e+06   2.9418945e+01
   3.8661100e+06   2.0996094e+01
   3.8661540e+06   2.0507813e+01
   3.8664740e+06   2.3071289e+01
   3.8742870e+06   2.5573730e+01
   3.8744830e+06   2.3925781e+01
   3.8745520e+06   2.1301270e+01
   3.8749920e+06   2.2766113e+01
   3.8753650e+06   2.0935059e+01
   3.8756590e+06   2.0935059e+01
   3.8833540e+06   2.1545410e+01
   3.8980120e+06   2.3010254e+01
   3.8981340e+06   2.4902344e+01
   3.8981810e+06   2.1423340e+01
   3.8983190e+06   2.1728516e+01
   3.8985560e+06   2.1972656e+01
   3.8988910e+06   2.2033691e+01
   3.9089580e+06   2.0629883e+01
   3.9090370e+06   2.2399902e+01
   3.9092230e+06   2.0324707e+01
   3.9093410e+06   2.1728516e+01
   3.9208470e+06   2.5512695e+01
   3.9209800e+06   2.0324707e+01
   3.9210770e+06   2.1911621e+01
   3.9212040e+06   2.3071289e+01
   3.9350390e+06   2.1179199e+01
   3.9351470e+06   2.2705078e+01
   3.9353540e+06   2.1545410e+01
   3.9353700e+06   2.3254395e+01
   3.9358950e+06   2.0385742e+01
   3.9518100e+06   2.0874023e+01
   3.9519180e+06   2.0324707e+01
   3.9520570e+06   2.5085449e+01
   3.9525510e+06   3.0090332e+01
   3.9623160e+06   2.1850586e+01
   3.9624380e+06   2.0935059e+01
   3.9760790e+06   2.2033691e+01
   3.9762070e+06   2.2033691e+01
   3.9762810e+06   2.1301270e+01
   3.9764900e+06   2.3132324e+01
   3.9875740e+06   2.2338867e+01
   3.9880010e+06   2.7404785e+01
   3.9987000e+06   2.0385742e+01
   3.9989020e+06   2.3803711e+01
   4.0089790e+06   2.0446777e+01
   4.0316860e+06   2.3315430e+01
   4.0504470e+06   2.2155762e+01
   4.1014520e+06   2.2155762e+01
   4.3991870e+06   2.2460937e+01
   4.3992180e+06   3.6987305e+01
   4.3992490e+06   2.5817871e+01
   4.3992770e+06   3.4973145e+01
   4.3993630e+06   2.4658203e+01
   4.3994070e+06   2.6611328e+01
   4.3994360e+06   2.3315430e+01
   4.3994620e+06   2.3254395e+01
   4.3994860e+06   2.2766113e+01
   4.3994970e+06   2.1240234e+01
   4.3996320e+06   2.1972656e+01
   4.3996990e+06   2.2583008e+01
   4.3997440e+06   2.5756836e+01
   4.3997880e+06   2.1789551e+01
   4.3998310e+06   2.3254395e+01
   4.3999540e+06   2.1179199e+01
   4.4000820e+06   2.1240234e+01
   4.4002870e+06   2.2033691e+01
   4.4004520e+06   2.3193359e+01
   4.4007340e+06   2.0446777e+01
   4.4008070e+06   2.0996094e+01
   4.4012250e+06   2.1728516e+01
   4.5141240e+06   2.0629883e+01
   4.5141520e+06   2.2521973e+01
   4.5141730e+06   2.1972656e+01
   4.5141920e+06   2.3498535e+01
   4.5142280e+06   2.6489258e+01
   4.5142490e+06   2.5390625e+01
   4.5142600e+06   2.4169922e+01
   4.5142810e+06   2.1057129e+01
   4.5143060e+06   3.6315918e+01
   4.5143470e+06   2.0324707e+01
   4.5143700e+06   2.6855469e+01
   4.5143870e+06   2.4291992e+01
   4.5144320e+06   2.0629883e+01
   4.5145920e+06   2.1118164e+01
   4.5146710e+06   2.0690918e+01
   4.5147070e+06   2.6977539e+01
   4.5147470e+06   2.1179199e+01
   4.5148230e+06   2.2521973e+01
   4.5148810e+06   2.2583008e+01
   4.5151170e+06   2.0751953e+01
   4.5154080e+06   2.0385742e+01
   4.5154480e+06   2.1423340e+01
   4.5155890e+06   2.0446777e+01
   4.5156860e+06   2.4353027e+01
   4.5410500e+06   2.0996094e+01
   4.6079230e+06   2.2155762e+01
   4.6079580e+06   3.0944824e+01
   4.6079980e+06   2.6733398e+01
   4.6080230e+06   2.4902344e+01
   4.6080500e+06   2.4963379e+01
   4.6080660e+06   2.1118164e+01
   4.6080810e+06   2.1667480e+01
   4.6081000e+06   2.1362305e+01
   4.6081230e+06   2.3254395e+01
   4.6081590e+06   2.1301270e+01
   4.6082220e+06   2.3986816e+01
   4.6082490e+06   2.6000977e+01
   4.6082690e+06   2.5024414e+01
   4.6083100e+06   2.9357910e+01
   4.6083430e+06   2.0629883e+01
   4.6086400e+06   2.1423340e+01
   4.6089090e+06   2.1972656e+01
   4.6092930e+06   2.1301270e+01
   4.6097840e+06   2.5451660e+01
   4.6850440e+06   2.0874023e+01
   4.6943910e+06   3.8085938e+01
   4.6944420e+06   4.1442871e+01
   4.6944660e+06   2.9479980e+01
   4.6944810e+06   2.1118164e+01
   4.6945150e+06   2.7709961e+01
   4.6945450e+06   2.6367188e+01
   4.6945630e+06   2.1118164e+01
   4.6945730e+06   2.5146484e+01
   4.6946190e+06   3.1066895e+01
   4.6946380e+06   2.3498535e+01
   4.6946590e+06   2.6794434e+01
   4.6946800e+06   3.2592773e+01
   4.6947220e+06   2.2583008e+01
   4.6948250e+06   2.4475098e+01
   4.6948650e+06   3.0151367e+01
   4.6949070e+06   2.0751953e+01
   4.6949640e+06   2.3681641e+01
   4.6950190e+06   2.1606445e+01
   4.6950920e+06   2.2460938e+01
   4.6951890e+06   2.0812988e+01
   4.6953330e+06   2.0996094e+01
   4.6953530e+06   2.0324707e+01
   4.6958760e+06   2.3437500e+01
   4.6960240e+06   2.0446777e+01
   4.6961160e+06   2.2521973e+01
   4.6968990e+06   2.2827148e+01
   4.7844840e+06   3.4545898e+01
   4.7845270e+06   2.1545410e+01
   4.7845420e+06   2.8381348e+01
   4.7845640e+06   2.5512695e+01
   4.7845860e+06   3.0212402e+01
   4.7846120e+06   2.7160645e+01
   4.7846400e+06   3.0761719e+01
   4.7847420e+06   2.0629883e+01
   4.7848100e+06   2.1484375e+01
   4.7848630e+06   2.1301270e+01
   4.7849020e+06   2.1118164e+01
   4.7849340e+06   2.0446777e+01
   4.7849690e+06   2.0568848e+01
   4.7849860e+06   2.1545410e+01
   4.7850760e+06   2.1179199e+01
   4.7850890e+06   2.0874023e+01
   4.7852690e+06   2.2033691e+01
   4.7853490e+06   2.1240234e+01
   4.7854880e+06   2.5146484e+01
   4.7855710e+06   2.6672363e+01
   4.7856290e+06   2.2766113e+01
   4.7857680e+06   2.1545410e+01
   4.7861060e+06   2.1850586e+01
   4.7863060e+06   2.1850586e+01
   4.7865530e+06   2.2033691e+01
   4.7870490e+06   2.0690918e+01
   4.8592660e+06   2.1118164e+01
   4.8594900e+06   2.5573730e+01
   4.8596390e+06   2.1179199e+01
   4.8597910e+06   2.2033691e+01
   4.8598090e+06   2.4475098e+01
   4.8598370e+06   2.3437500e+01
   4.8598600e+06   2.3620605e+01
   4.8598950e+06   2.2399902e+01
   4.8599180e+06   2.5390625e+01
   4.8599340e+06   3.0822754e+01
   4.8599670e+06   2.7343750e+01
   4.8599810e+06   2.0568848e+01
   4.8599970e+06   2.6123047e+01
   4.8600240e+06   3.3935547e+01
   4.8600820e+06   2.1728516e+01
   4.8601200e+06   2.0996094e+01
   4.8601900e+06   2.1728516e+01
   4.8602780e+06   2.3376465e+01
   4.8603450e+06   2.6123047e+01
   4.8605830e+06   2.2155762e+01
   4.8607660e+06   2.2155762e+01
   4.8609580e+06   2.0324707e+01
   4.8611880e+06   2.1972656e+01
   4.9329110e+06   2.5573730e+01
   4.9329460e+06   2.0874023e+01
   4.9331380e+06   2.6367188e+01
   4.9332390e+06   3.6315918e+01
   4.9333110e+06   2.4780273e+01
   4.9333480e+06   2.5573730e+01
   4.9333770e+06   2.9357910e+01
   4.9334300e+06   2.3254395e+01
   4.9334500e+06   2.1484375e+01
   4.9335340e+06   2.1545410e+01
   4.9336870e+06   2.2460938e+01
   4.9337520e+06   2.9907227e+01
   4.9338060e+06   2.0568848e+01
   4.9338520e+06   2.0263672e+01
   4.9339410e+06   2.4047852e+01
   4.9339890e+06   2.3071289e+01
   4.9340540e+06   2.4902344e+01
   4.9345320e+06   2.2644043e+01
   5.0037220e+06   2.1728516e+01
   5.0037800e+06   2.3559570e+01
   5.0038950e+06   2.0446777e+01
   5.0039260e+06   3.0944824e+01
   5.0040160e+06   3.2043457e+01
   5.0040440e+06   2.0690918e+01
   5.0040760e+06   2.5085449e+01
   5.0041080e+06   2.8503418e+01
   5.0041300e+06   2.1667480e+01
   5.0041630e+06   2.1423340e+01
   5.0041910e+06   2.2460938e+01
   5.0042470e+06   2.2277832e+01
   5.0042630e+06   2.1301270e+01
   5.0042820e+06   2.0446777e+01
   5.0043120e+06   2.5878906e+01
   5.0043610e+06   2.0568848e+01
   5.0044360e+06   2.1850586e+01
   5.0044650e+06   2.1301270e+01
   5.0045620e+06   2.0324707e+01
   5.0046570e+06   2.0568848e+01
   5.0046820e+06   2.3437500e+01
   5.0048000e+06   2.2521973e+01
   5.0049830e+06   2.4291992e+01
   5.0051970e+06   2.1667480e+01
   5.0684900e+06   2.5146484e+01
   5.0685100e+06   2.2338867e+01
   5.0688180e+06   2.0385742e+01
   5.0688600e+06   3.0761719e+01
   5.0688930e+06   2.1545410e+01
   5.0689270e+06   2.5329590e+01
   5.0689780e+06   2.1240234e+01
   5.0689940e+06   2.3803711e+01
   5.0690360e+06   2.2521973e+01
   5.0690640e+06   2.3925781e+01
   5.0690940e+06   2.3986816e+01
   5.0691330e+06   2.0385742e+01
   5.0691590e+06   2.0507813e+01
   5.0691870e+06   2.1484375e+01
   5.0692860e+06   2.6733398e+01
   5.0693680e+06   2.5573730e+01
   5.0694470e+06   2.0507813e+01
   5.0695570e+06   2.0629883e+01
   5.0696160e+06   2.2766113e+01
   5.0696620e+06   2.0751953e+01
   5.0699430e+06   2.1728516e+01
   5.0701030e+06   2.9357910e+01
   5.0701530e+06   2.1362305e+01
   5.0702280e+06   2.2338867e+01
   5.0709790e+06   2.1362305e+01
   5.1375390e+06   2.1911621e+01
   5.1375640e+06   2.7954102e+01
   5.1376060e+06   2.0568848e+01
   5.1376340e+06   2.5634766e+01
   5.1376450e+06   2.4353027e+01
   5.1376900e+06   2.3193359e+01
   5.1377160e+06   2.1179199e+01
   5.1377420e+06   2.7770996e+01
   5.1377780e+06   2.5451660e+01
   5.1378060e+06   3.7658691e+01
   5.1378210e+06   2.1606445e+01
   5.1378340e+06   2.3132324e+01
   5.1378620e+06   2.2216797e+01
   5.1378980e+06   2.2277832e+01
   5.1379280e+06   2.6977539e+01
   5.1379750e+06   2.3925781e+01
   5.1380020e+06   2.3559570e+01
   5.1380180e+06   2.4658203e+01
   5.1380920e+06   2.5146484e+01
   5.1381730e+06   2.5695801e+01
   5.1383270e+06   2.0385742e+01
   5.1384680e+06   2.9357910e+01
   5.1386380e+06   2.1118164e+01
   5.1387170e+06   2.1545410e+01
   5.1387780e+06   2.2949219e+01
   5.1390040e+06   2.2644043e+01
   5.2044420e+06   2.6306152e+01
   5.2046680e+06   2.0446777e+01
   5.2047170e+06   2.4230957e+01
   5.2047760e+06   2.2583008e+01
   5.2048130e+06   3.1738281e+01
   5.2049000e+06   2.1301270e+01
   5.2049700e+06   2.9113770e+01
   5.2050390e+06   3.1127930e+01
   5.2051070e+06   2.1423340e+01
   5.2051480e+06   2.2521973e+01
   5.2051840e+06   2.6306152e+01
   5.2052410e+06   2.0690918e+01
   5.2053480e+06   2.1728516e+01
   5.2055320e+06   2.0507813e+01
   5.2057590e+06   2.0690918e+01
   5.2058320e+06   2.1057129e+01
   5.2064790e+06   2.2644043e+01
   5.2685210e+06   2.2521973e+01
   5.2685960e+06   2.5268555e+01
   5.2686230e+06   2.2460938e+01
   5.2687100e+06   2.2277832e+01
   5.2687580e+06   2.7770996e+01
   5.2689120e+06   2.1423340e+01
   5.2689960e+06   2.0446777e+01
   5.2690750e+06   2.0446777e+01
   5.2692610e+06   3.2531738e+01
   5.2694060e+06   2.0751953e+01
   5.2705400e+06   2.3498535e+01
   5.3311630e+06   2.6611328e+01
   5.3314340e+06   2.1057129e+01
   5.3315210e+06   2.0507813e+01
   5.3315540e+06   2.3254395e+01
   5.3316010e+06   2.3010254e+01
   5.3316620e+06   2.5146484e+01
   5.3318140e+06   2.2399902e+01
   5.3319150e+06   2.1179199e+01
   5.3319550e+06   2.0324707e+01
   5.3320010e+06   2.1240234e+01
   5.3320410e+06   2.0507813e+01
   5.3320860e+06   2.0263672e+01
   5.3326490e+06   2.0751953e+01
   5.3327130e+06   2.1362305e+01
   5.3327680e+06   2.2888184e+01
   5.3329600e+06   2.1484375e+01
   5.3952870e+06   2.0874023e+01
   5.3953600e+06   2.2399902e+01
   5.3954700e+06   2.0263672e+01
   5.3955210e+06   2.4780273e+01
   5.3956290e+06   2.1179199e+01
   5.3957100e+06   2.1545410e+01
   5.3957990e+06   2.1606445e+01
   5.3958610e+06   2.0263672e+01
   5.3960610e+06   2.1545410e+01
   5.3961850e+06   2.0324707e+01
   5.3964610e+06   2.4719238e+01
   5.3965530e+06   2.3742676e+01
   5.3966620e+06   2.4536133e+01
   5.4590580e+06   2.4780273e+01
   5.4592520e+06   2.3498535e+01
   5.4593030e+06   2.0996094e+01
   5.4593500e+06   2.3559570e+01
   5.4594550e+06   2.2949219e+01
   5.4595050e+06   2.2583008e+01
   5.4595840e+06   2.2766113e+01
   5.4596240e+06   2.1850586e+01
   5.4598260e+06   2.3498535e+01
   5.4599460e+06   2.0629883e+01
   5.4606420e+06   2.2277832e+01
   5.4608070e+06   2.1057129e+01
   5.4609100e+06   2.7648926e+01
   5.5186640e+06   2.1789551e+01
   5.5188290e+06   2.8320313e+01
   5.5188820e+06   2.2399902e+01
   5.5189150e+06   2.0812988e+01
   5.5190290e+06   2.2705078e+01
   5.5194780e+06   2.2766113e+01
   5.5195340e+06   2.2521973e+01
   5.5195980e+06   2.3132324e+01
   5.5203300e+06   2.1301270e+01
   5.5771410e+06   2.9479980e+01
   5.5771850e+06   2.2033691e+01
   5.5772870e+06   2.3376465e+01
   5.5773730e+06   3.0761719e+01
   5.5775390e+06   2.3254395e+01
   5.5776020e+06   2.0324707e+01
   5.5782680e+06   2.1789551e+01
   5.5784520e+06   2.6916504e+01
   5.5784950e+06   2.2399902e+01
   5.6440960e+06   2.3071289e+01
   5.6441630e+06   2.1484375e+01
   5.6441940e+06   2.7465820e+01
   5.6442490e+06   3.6071777e+01
   5.6442710e+06   2.2460938e+01
   5.6443190e+06   2.0629883e+01
   5.6443480e+06   2.7038574e+01
   5.6443920e+06   2.2033691e+01
   5.6444130e+06   2.1118164e+01
   5.6444840e+06   2.1423340e+01
   5.6445660e+06   2.0690918e+01
   5.6446800e+06   2.1728516e+01
   5.6447130e+06   2.1301270e+01
   5.6447340e+06   2.6550293e+01
   5.6447590e+06   2.4963379e+01
   5.6447930e+06   2.7160645e+01
   5.6448620e+06   2.4108887e+01
   5.6449660e+06   2.5085449e+01
   5.6450620e+06   2.2460938e+01
   5.6451620e+06   2.1057129e+01
   5.6452240e+06   2.1179199e+01
   5.6453670e+06   2.3925781e+01
   5.6454730e+06   2.1789551e+01
   5.6455990e+06   2.0324707e+01
   5.6458150e+06   2.5085449e+01
   5.6467020e+06   2.1240234e+01
   5.7181510e+06   2.4230957e+01
   5.7182340e+06   2.1667480e+01
   5.7184430e+06   2.1850586e+01
   5.7187660e+06   2.4230957e+01
   5.7188840e+06   2.0812988e+01
   5.7189490e+06   2.0690918e+01
   5.7190610e+06   2.0996094e+01
   5.7191040e+06   2.5878906e+01
   5.7192330e+06   2.2094727e+01
   5.7194110e+06   2.0324707e+01
   5.7197190e+06   2.5512695e+01
   5.7871890e+06   2.0874023e+01
   5.7872310e+06   3.3203125e+01
   5.7872690e+06   2.1728516e+01
   5.7872930e+06   2.6977539e+01
   5.7873110e+06   2.5146484e+01
   5.7873340e+06   2.7526855e+01
   5.7873600e+06   2.8259277e+01
   5.7874200e+06   2.9541016e+01
   5.7874300e+06   2.7038574e+01
   5.7874570e+06   2.2949219e+01
   5.7874750e+06   2.1118164e+01
   5.7874850e+06   3.6621094e+01
   5.7875150e+06   2.0263672e+01
   5.7875600e+06   2.0385742e+01
   5.7875960e+06   2.2583008e+01
   5.7878020e+06   2.1545410e+01
   5.7878500e+06   2.1667480e+01
   5.7878960e+06   2.0507812e+01
   5.7879890e+06   2.1728516e+01
   5.7887790e+06   2.0263672e+01
   5.8628770e+06   2.0874023e+01
   5.8629480e+06   2.0324707e+01
   5.8629920e+06   2.8137207e+01
   5.8630320e+06   2.9052734e+01
   5.8630450e+06   2.2155762e+01
   5.8630640e+06   2.4841309e+01
   5.8630780e+06   2.8686523e+01
   5.8630990e+06   2.8442383e+01
   5.8631290e+06   2.4902344e+01
   5.8631520e+06   2.4475098e+01
   5.8631780e+06   2.2399902e+01
   5.8631920e+06   2.5878906e+01
   5.8632090e+06   2.9296875e+01
   5.8632780e+06   2.1850586e+01
   5.8633180e+06   2.0507813e+01
   5.8634010e+06   2.3559570e+01
   5.8634330e+06   2.2949219e+01
   5.8634930e+06   2.6123047e+01
   5.8635270e+06   2.2888184e+01
   5.8636120e+06   2.1362305e+01
   5.8637650e+06   2.0263672e+01
   5.8638510e+06   2.2094727e+01
   5.8641600e+06   2.2888184e+01
   5.9390250e+06   2.0629883e+01
   5.9390470e+06   2.3925781e+01
   5.9390820e+06   2.6672363e+01
   5.9390990e+06   2.2949219e+01
   5.9391320e+06   2.3620605e+01
   5.9391670e+06   2.5329590e+01
   5.9391850e+06   2.0874023e+01
   5.9392390e+06   2.5756836e+01
   5.9392580e+06   2.9113770e+01
   5.9392740e+06   2.1606445e+01
   5.9393000e+06   2.8198242e+01
   5.9393110e+06   2.7038574e+01
   5.9393360e+06   2.4719238e+01
   5.9395330e+06   2.0690918e+01
   5.9395700e+06   2.4475098e+01
   5.9395860e+06   2.0935059e+01
   5.9396610e+06   2.7709961e+01
   5.9397270e+06   3.0761719e+01
   5.9397820e+06   2.4658203e+01
   5.9399700e+06   2.5512695e+01
   5.9400670e+06   2.2521973e+01
   5.9404110e+06   2.5268555e+01
   5.9410120e+06   2.1423340e+01
   5.9962570e+06   3.0883789e+01
   5.9964170e+06   2.0324707e+01
   5.9964990e+06   2.0874023e+01
   5.9965490e+06   2.2521973e+01
   5.9965810e+06   2.2888184e+01
   5.9966660e+06   2.1484375e+01
   5.9966770e+06   2.0446777e+01
   5.9966920e+06   2.2155762e+01
   5.9967710e+06   3.0578613e+01
   5.9968160e+06   2.1667480e+01
   5.9968760e+06   2.1545410e+01
   5.9969580e+06   2.0446777e+01
   5.9969810e+06   2.1606445e+01
   5.9970110e+06   2.2094727e+01
   5.9970460e+06   2.3864746e+01
   5.9971020e+06   2.1911621e+01
   5.9971820e+06   3.3752441e+01
   5.9972800e+06   2.0263672e+01
   5.9973450e+06   2.0263672e+01
   5.9973810e+06   2.1484375e+01
   5.9976000e+06   2.0812988e+01
   5.9976820e+06   2.3925781e+01
   5.9980820e+06   2.1362305e+01
   5.9982390e+06   2.6306152e+01
   6.0586980e+06   2.1911621e+01
   6.0588850e+06   2.2583008e+01
   6.0590000e+06   2.3986816e+01
   6.0590850e+06   2.0690918e+01
   6.0591120e+06   2.0629883e+01
   6.0591820e+06   2.1667480e+01
   6.0592080e+06   2.7404785e+01
   6.0592510e+06   2.1179199e+01
   6.0593000e+06   2.3193359e+01
   6.0593270e+06   2.3681641e+01
   6.0595460e+06   2.2460938e+01
   6.0596770e+06   2.6672363e+01
   6.0597250e+06   2.2827148e+01
   6.0597510e+06   2.1362305e+01
   6.0598170e+06   2.0874023e+01
   6.0598680e+06   2.1850586e+01
   6.0600660e+06   2.8320313e+01
   6.0602010e+06   2.0874023e+01
   6.0996290e+06   2.5573730e+01
   6.0997440e+06   2.3010254e+01
   6.0997660e+06   2.0507813e+01
   6.0999560e+06   2.0751953e+01
   6.0999740e+06   2.1118164e+01
   6.1000600e+06   2.3986816e+01
   6.1000960e+06   3.2409668e+01
   6.1001460e+06   2.2827148e+01
   6.1002360e+06   2.5573730e+01
   6.1002920e+06   2.0507813e+01
   6.1003810e+06   2.2949219e+01
   6.1010330e+06   2.1667480e+01
   6.1020480e+06   2.0629883e+01
   6.1368140e+06   2.1667480e+01
   6.2448750e+06   2.0568848e+01
   6.3650990e+06   2.5024414e+01
   6.3909510e+06   2.0996094e+01
   6.4051890e+06   2.0996094e+01
   6.4215140e+06   2.2399902e+01
   6.4497030e+06   2.0751953e+01
   6.5044610e+06   2.5268555e+01
   6.5571900e+06   2.2338867e+01
   6.5572870e+06   2.2460938e+01
   6.7390260e+06   2.1911621e+01
   6.7391020e+06   2.3071289e+01
   6.7391260e+06   2.3986816e+01
   6.7391430e+06   2.5512695e+01
   6.7391670e+06   3.7963867e+01
   6.7391950e+06   2.1240234e+01
   6.7392300e+06   2.0812988e+01
   6.7392640e+06   2.8015137e+01
   6.7392840e+06   2.1179199e+01
   6.7393100e+06   2.1057129e+01
   6.7393660e+06   2.4841309e+01
   6.7394490e+06   2.1606445e+01
   6.7395230e+06   2.0507813e+01
   6.7395660e+06   2.5451660e+01
   6.7396110e+06   2.2460938e+01
   6.7396510e+06   2.2583008e+01
   6.7397560e+06   2.5573730e+01
   6.7398190e+06   2.5878906e+01
   6.7398640e+06   2.1972656e+01
   6.7399760e+06   2.0812988e+01
   6.7400070e+06   2.0874023e+01
   6.7402110e+06   2.3681641e+01
   6.7404600e+06   2.1911621e+01
   6.7406070e+06   2.1789551e+01
   6.7408550e+06   2.0385742e+01
   6.7415540e+06   2.2705078e+01
   6.9099240e+06   2.2155762e+01
   6.9099670e+06   2.0935059e+01
   6.9100060e+06   2.9052734e+01
   6.9100220e+06   2.1118164e+01
   6.9100430e+06   3.1433105e+01
   6.9100640e+06   2.9113770e+01
   6.9100750e+06   2.3559570e+01
   6.9101180e+06   2.1850586e+01
   6.9101280e+06   3.0456543e+01
   6.9101510e+06   2.0874023e+01
   6.9101960e+06   2.1789551e+01
   6.9102230e+06   2.5573730e+01
   6.9102610e+06   2.2705078e+01
   6.9102990e+06   2.3437500e+01
   6.9103550e+06   2.1057129e+01
   6.9103840e+06   2.5939941e+01
   6.9103960e+06   2.2094727e+01
   6.9104350e+06   2.0751953e+01
   6.9104910e+06   2.7282715e+01
   6.9105050e+06   2.0324707e+01
   6.9105350e+06   2.6672363e+01
   6.9105880e+06   2.2949219e+01
   6.9106520e+06   2.0629883e+01
   6.9111820e+06   2.3681641e+01
   6.9114680e+06   2.0507813e+01
   6.9115050e+06   2.0568848e+01
   6.9118830e+06   2.4658203e+01
   7.0450580e+06   4.6020508e+01
   7.0450740e+06   2.1362305e+01
   7.0450920e+06   2.5146484e+01
   7.0451120e+06   2.9235840e+01
   7.0451790e+06   2.1179199e+01
   7.0451910e+06   2.0324707e+01
   7.0452250e+06   2.2583008e+01
   7.0452450e+06   2.8808594e+01
   7.0452830e+06   2.0324707e+01
   7.0452960e+06   2.6672363e+01
   7.0453650e+06   2.4658203e+01
   7.0455040e+06   2.0568848e+01
   7.0455470e+06   2.1728516e+01
   7.0455680e+06   2.0935059e+01
   7.0456830e+06   2.4291992e+01
   7.0457830e+06   2.3254395e+01
   7.0459100e+06   2.2644043e+01
   7.0461370e+06   2.3376465e+01
   7.0461830e+06   2.0690918e+01
   7.0462770e+06   2.1484375e+01
   7.0469840e+06   2.1545410e+01
   7.0758760e+06   2.3315430e+01
   7.0759590e+06   2.2766113e+01
   7.0760030e+06   2.6977539e+01
   7.0760390e+06   2.3620605e+01
   7.0760630e+06   2.2399902e+01
   7.0760790e+06   3.3508301e+01
   7.0761010e+06   2.0324707e+01
   7.0761180e+06   2.7404785e+01
   7.0762150e+06   2.1301270e+01
   7.0762440e+06   2.5512695e+01
   7.0762940e+06   2.5512695e+01
   7.0763690e+06   2.0385742e+01
   7.0764830e+06   3.0151367e+01
   7.0766080e+06   2.0690918e+01
   7.0766770e+06   2.1728516e+01
   7.0767430e+06   2.0446777e+01
   7.0769040e+06   2.2033691e+01
   7.0770190e+06   2.3498535e+01
   7.0770980e+06   2.2949219e+01
   7.0771450e+06   2.3986816e+01
   7.0773360e+06   2.2399902e+01
   7.0774710e+06   2.3620605e+01
   7.0782920e+06   2.1789551e+01
   7.0785750e+06   2.1545410e+01
   7.1166810e+06   2.6733398e+01
   7.1167490e+06   2.5329590e+01
   7.1167930e+06   3.2165527e+01
   7.1168260e+06   2.4902344e+01
   7.1168360e+06   4.1625977e+01
   7.1168810e+06   3.2226563e+01
   7.1168990e+06   2.8320313e+01
   7.1169300e+06   2.5268555e+01
   7.1170000e+06   2.8503418e+01
   7.1170170e+06   2.1606445e+01
   7.1170420e+06   2.2277832e+01
   7.1170590e+06   2.7221680e+01
   7.1170930e+06   3.0822754e+01
   7.1171050e+06   3.0151367e+01
   7.1174370e+06   2.3437500e+01
   7.1176400e+06   2.1850586e+01
   7.1178090e+06   2.1484375e+01
   7.1179600e+06   2.0507813e+01
   7.1181360e+06   2.1850586e+01
   7.1182660e+06   2.2338867e+01
   7.1183460e+06   2.1240234e+01
   7.1184620e+06   2.3620605e+01
   7.1190470e+06   2.1484375e+01
   7.1190970e+06   2.1789551e+01
   7.1306970e+06   2.2277832e+01
   7.1308220e+06   2.3559570e+01
   7.1309040e+06   2.2033691e+01
   7.1309140e+06   2.2583008e+01
   7.1310030e+06   3.0578613e+01
   7.1310630e+06   3.3874512e+01
   7.1311000e+06   2.4963379e+01
   7.1311510e+06   2.9235840e+01
   7.1311930e+06   2.0385742e+01
   7.1312040e+06   2.0690918e+01
   7.1312540e+06   3.0029297e+01
   7.1314070e+06   2.2216797e+01
   7.1314580e+06   2.0629883e+01
   7.1315190e+06   3.6071777e+01
   7.1315680e+06   2.0874023e+01
   7.1315980e+06   2.3742676e+01
   7.1316590e+06   3.2531738e+01
   7.1317960e+06   2.1240234e+01
   7.1318210e+06   2.1545410e+01
   7.1319850e+06   2.3376465e+01
   7.1320920e+06   2.1301270e+01
   7.1422350e+06   2.0385742e+01
   7.1423870e+06   2.0751953e+01
   7.1424270e+06   2.0874023e+01
   7.1425380e+06   2.0996094e+01
   7.1425520e+06   2.3498535e+01
   7.1426080e+06   3.0700684e+01
   7.1426540e+06   2.0568848e+01
   7.1426900e+06   2.9602051e+01
   7.1427620e+06   2.5878906e+01
   7.1428080e+06   2.9418945e+01
   7.1428780e+06   2.2644043e+01
   7.1428980e+06   2.1545410e+01
   7.1429270e+06   2.2094727e+01
   7.1429540e+06   2.0935059e+01
   7.1430210e+06   2.3620605e+01
   7.1432100e+06   2.3803711e+01
   7.1434620e+06   2.0446777e+01
   7.1437210e+06   2.1362305e+01
   7.1526310e+06   2.1606445e+01
   7.1526460e+06   2.4963379e+01
   7.1527020e+06   2.7343750e+01
   7.1527300e+06   3.0822754e+01
   7.1528040e+06   2.5451660e+01
   7.1528580e+06   2.6550293e+01
   7.1529590e+06   2.0996094e+01
   7.1530070e+06   2.3986816e+01
   7.1531630e+06   2.3803711e+01
   7.1624980e+06   2.0690918e+01
   7.1625460e+06   2.9357910e+01
   7.1625560e+06   2.1667480e+01
   7.1626330e+06   2.5695801e+01
   7.1627120e+06   2.0385742e+01
   7.1628050e+06   3.0761719e+01
   7.1628370e+06   2.5634766e+01
   7.1628900e+06   2.3254395e+01
   7.1629280e+06   2.1972656e+01
   7.1629680e+06   2.1484375e+01
   7.1630280e+06   2.0568848e+01
   7.1631320e+06   2.4963379e+01
   7.1727560e+06   2.2766113e+01
   7.1727820e+06   2.1118164e+01
   7.1728410e+06   2.8198242e+01
   7.1728630e+06   2.3620605e+01
   7.1729440e+06   2.6794434e+01
   7.1729850e+06   2.3742676e+01
   7.1820130e+06   2.5146484e+01
   7.1820430e+06   2.3864746e+01
   7.1821000e+06   2.4963379e+01
   7.1821590e+06   2.8259277e+01
   7.1823760e+06   2.4291992e+01
   7.1824990e+06   2.5329590e+01
   7.1827830e+06   2.4414063e+01
   7.1900230e+06   2.0874023e+01
   7.1901350e+06   2.4536133e+01
   7.1901720e+06   2.0874023e+01
   7.1903210e+06   2.2705078e+01
   7.1903880e+06   2.2277832e+01
   7.1904450e+06   2.4108887e+01
   7.1906040e+06   2.5268555e+01
   7.1906800e+06   2.3803711e+01
   7.1909640e+06   2.5939941e+01
   7.1983370e+06   2.1057129e+01
   7.1984650e+06   2.0385742e+01
   7.1985420e+06   3.0212402e+01
   7.1986210e+06   2.7099609e+01
   7.1986370e+06   2.4108887e+01
   7.1987360e+06   2.1057129e+01
   7.1987880e+06   2.1423340e+01
   7.2070110e+06   2.2644043e+01
   7.2070630e+06   2.4597168e+01
   7.2071540e+06   2.4047852e+01
   7.2071720e+06   2.4108887e+01
   7.2072720e+06   2.3864746e+01
   7.2075080e+06   2.2399902e+01
   7.2153690e+06   2.2277832e+01
   7.2155720e+06   2.1728516e+01
   7.2156570e+06   2.1057129e+01
   7.2158090e+06   2.0812988e+01
   7.2159480e+06   2.4169922e+01
   7.2273120e+06   2.7465820e+01
   7.2274110e+06   2.1301270e+01
   7.2274280e+06   2.1606445e+01
   7.2275360e+06   2.3376465e+01
   7.2276720e+06   2.2521973e+01
   7.2362580e+06   2.3498535e+01
   7.2364080e+06   2.7038574e+01
   7.2364570e+06   2.0507813e+01
   7.2366560e+06   2.1423340e+01
   7.2495590e+06   2.1362305e+01
   7.2496800e+06   2.5268555e+01
   7.2497820e+06   2.0629883e+01
   7.2499280e+06   2.0812988e+01
   7.2502870e+06   2.5573730e+01
   7.2675530e+06   2.3437500e+01
   7.5898050e+06   2.4902344e+01
   7.5898610e+06   2.2521973e+01
   7.5898970e+06   2.1606445e+01
   7.5899300e+06   2.4291992e+01
   7.5899520e+06   2.6977539e+01
   7.5899770e+06   3.9916992e+01
   7.5899960e+06   3.0700684e+01
   7.5900400e+06   2.3376465e+01
   7.5900530e+06   2.3132324e+01
   7.5900940e+06   2.3925781e+01
   7.5901610e+06   2.3315430e+01
   7.5902190e+06   2.1423340e+01
   7.5902640e+06   2.1057129e+01
   7.5903540e+06   2.2827148e+01
   7.5904430e+06   2.2705078e+01
   7.5905380e+06   2.4597168e+01
   7.5905550e+06   2.0446777e+01
   7.5908170e+06   2.6550293e+01
   7.5908490e+06   2.1301270e+01
   7.5909850e+06   3.1799316e+01
   7.8580760e+06   2.0446777e+01
   7.8581170e+06   3.5827637e+01
   7.8581470e+06   3.6315918e+01
   7.8581750e+06   2.3864746e+01
   7.8581990e+06   2.3864746e+01
   7.8582160e+06   2.0324707e+01
   7.8582280e+06   2.2399902e+01
   7.8582580e+06   2.4230957e+01
   7.8582800e+06   2.2766113e+01
   7.8583220e+06   2.3437500e+01
   7.8583500e+06   2.2888184e+01
   7.8584480e+06   2.0874023e+01
   7.8585060e+06   2.0446777e+01
   7.8585330e+06   2.5695801e+01
   7.8585770e+06   2.5512695e+01
   7.8586200e+06   2.6306152e+01
   7.8587850e+06   2.4719238e+01
   7.8591960e+06   2.3254395e+01
   7.8592690e+06   2.0874023e+01
   7.8594320e+06   2.7648926e+01
   7.9761900e+06   2.8137207e+01
   7.9762100e+06   2.1972656e+01
   7.9762440e+06   2.3925781e+01
   7.9762630e+06   2.8564453e+01
   7.9762820e+06   2.2460938e+01
   7.9763090e+06   2.2949219e+01
   7.9763220e+06   2.1362305e+01
   7.9763410e+06   2.7954102e+01
   7.9763740e+06   2.4963379e+01
   7.9763910e+06   2.3559570e+01
   7.9764160e+06   2.1728516e+01
   7.9764550e+06   2.0568848e+01
   7.9764700e+06   3.1066895e+01
   7.9765660e+06   2.1911621e+01
   7.9766120e+06   2.4963379e+01
   7.9766780e+06   2.2399902e+01
   7.9767080e+06   2.5268555e+01
   7.9767720e+06   2.2338867e+01
   7.9768100e+06   2.0629883e+01
   7.9768350e+06   2.4536133e+01
   7.9768690e+06   2.1850586e+01
   7.9770440e+06   2.1728516e+01
   7.9771790e+06   2.0935059e+01
   7.9772320e+06   2.6794434e+01
   7.9776180e+06   2.1972656e+01
   7.9780340e+06   2.1789551e+01
   7.9783940e+06   2.2583008e+01
   7.9784430e+06   2.1057129e+01
   8.0783970e+06   2.1606445e+01
   8.0784340e+06   2.2644043e+01
   8.0784730e+06   2.1545410e+01
   8.0784920e+06   3.1127930e+01
   8.0785120e+06   3.5400391e+01
   8.0785380e+06   2.3681641e+01
   8.0785670e+06   2.0812988e+01
   8.0785790e+06   2.3498535e+01
   8.0786110e+06   2.4414063e+01
   8.0786260e+06   2.1972656e+01
   8.0786520e+06   2.3864746e+01
   8.0786620e+06   2.5817871e+01
   8.0787310e+06   2.5451660e+01
   8.0787480e+06   2.1423340e+01
   8.0788410e+06   2.0385742e+01
   8.0788840e+06   2.2644043e+01
   8.0789010e+06   2.0935059e+01
   8.0789440e+06   2.8137207e+01
   8.0790370e+06   3.0151367e+01
   8.0790910e+06   2.4597168e+01
   8.0791270e+06   2.2094727e+01
   8.0792260e+06   2.3864746e+01
   8.0793580e+06   2.4719238e+01
   8.0795110e+06   2.2705078e+01
   8.0797920e+06   2.1972656e+01
   8.0799200e+06   2.0629883e+01
   8.0803170e+06   2.1057129e+01
   8.1572830e+06   2.8015137e+01
   8.1573090e+06   2.8137207e+01
   8.1573220e+06   3.8574219e+01
   8.1573630e+06   3.4423828e+01
   8.1573870e+06   3.1860352e+01
   8.1573970e+06   2.1118164e+01
   8.1574350e+06   2.0690918e+01
   8.1574530e+06   3.0273438e+01
   8.1574730e+06   2.3742676e+01
   8.1574990e+06   2.6428223e+01
   8.1575220e+06   2.0812988e+01
   8.1575870e+06   2.1911621e+01
   8.1576330e+06   2.4536133e+01
   8.1576920e+06   2.0935059e+01
   8.1577300e+06   2.2338867e+01
   8.1577670e+06   2.5939941e+01
   8.1578230e+06   2.3254395e+01
   8.1578330e+06   2.2277832e+01
   8.1578530e+06   2.1789551e+01
   8.1580130e+06   2.1179199e+01
   8.1580330e+06   2.0446777e+01
   8.1582350e+06   2.5085449e+01
   8.1583440e+06   2.0629883e+01
   8.1586820e+06   2.0507813e+01
   8.1591650e+06   2.4658203e+01
   8.1593520e+06   2.1484375e+01
   8.2193250e+06   2.1484375e+01
   8.2194490e+06   2.0324707e+01
   8.2194900e+06   2.0751953e+01
   8.2195070e+06   3.5034180e+01
   8.2195470e+06   5.4504395e+01
   8.2195690e+06   3.5888672e+01
   8.2195950e+06   2.1606445e+01
   8.2196170e+06   2.9968262e+01
   8.2196750e+06   2.5695801e+01
   8.2197580e+06   2.4169922e+01
   8.2198250e+06   2.2338867e+01
   8.2198880e+06   2.0812988e+01
   8.2199420e+06   2.5634766e+01
   8.2199970e+06   2.2033691e+01
   8.2200970e+06   2.2033691e+01
   8.2201860e+06   2.0751953e+01
   8.2205780e+06   2.2338867e+01
   8.2206080e+06   2.4658203e+01
   8.2209790e+06   2.0385742e+01
   8.2210560e+06   2.1362305e+01
   8.2211150e+06   2.0751953e+01
   8.2214680e+06   2.1484375e+01
   8.2681390e+06   2.0446777e+01
   8.2681840e+06   2.0935059e+01
   8.2682610e+06   2.7954102e+01
   8.2682860e+06   2.5268555e+01
   8.2683220e+06   4.8034668e+01
   8.2683410e+06   2.3193359e+01
   8.2683670e+06   2.5817871e+01
   8.2684020e+06   3.1188965e+01
   8.2684280e+06   3.0822754e+01
   8.2684580e+06   2.8686523e+01
   8.2684790e+06   2.9724121e+01
   8.2684940e+06   2.6000977e+01
   8.2685160e+06   2.3681641e+01
   8.2685340e+06   2.2216797e+01
   8.2685840e+06   2.0629883e+01
   8.2686310e+06   2.7099609e+01
   8.2688220e+06   2.5146484e+01
   8.2688690e+06   2.0446777e+01
   8.2689170e+06   2.2216797e+01
   8.2690140e+06   2.2705078e+01
   8.2690870e+06   2.3559570e+01
   8.2691410e+06   2.0324707e+01
   8.2694610e+06   2.0629883e+01
   8.2696280e+06   2.4291992e+01
   8.2697360e+06   2.2827148e+01
   8.2699200e+06   2.3376465e+01
   8.2702030e+06   2.2033691e+01
   8.3143200e+06   2.0507813e+01
   8.3144110e+06   2.7770996e+01
   8.3144350e+06   2.3193359e+01
   8.3144660e+06   2.0507813e+01
   8.3144760e+06   2.8137207e+01
   8.3145080e+06   2.0996094e+01
   8.3145650e+06   2.1484375e+01
   8.3145960e+06   2.8625488e+01
   8.3146210e+06   2.2949219e+01
   8.3146380e+06   2.5878906e+01
   8.3146760e+06   2.9907227e+01
   8.3147460e+06   2.5390625e+01
   8.3147980e+06   2.3864746e+01
   8.3148080e+06   2.1728516e+01
   8.3148860e+06   2.7465820e+01
   8.3149400e+06   2.5939941e+01
   8.3150110e+06   2.2094727e+01
   8.3150540e+06   2.3315430e+01
   8.3151470e+06   2.1789551e+01
   8.3151910e+06   2.8808594e+01
   8.3152790e+06   2.4719238e+01
   8.3154310e+06   2.3803711e+01
   8.3156930e+06   2.0568848e+01
   8.3441840e+06   2.4047852e+01
   8.3442490e+06   2.1057129e+01
   8.3443140e+06   2.0874023e+01
   8.3444460e+06   2.2155762e+01
   8.3444830e+06   2.4108887e+01
   8.3445290e+06   3.4362793e+01
   8.3446600e+06   3.0151367e+01
   8.3446960e+06   3.8635254e+01
   8.3447490e+06   3.2470703e+01
   8.3447860e+06   2.1423340e+01
   8.3448310e+06   2.0935059e+01
   8.3448520e+06   2.3254395e+01
   8.3449010e+06   2.7160645e+01
   8.3450250e+06   2.0507813e+01
   8.3451150e+06   2.6245117e+01
   8.3452750e+06   2.2094727e+01
   8.3454270e+06   2.4353027e+01
   8.3702020e+06   2.2827148e+01
   8.3702740e+06   2.0568848e+01
   8.3706420e+06   2.4658203e+01
   8.3707890e+06   3.1921387e+01
   8.3708240e+06   2.2766113e+01
   8.3709040e+06   2.6123047e+01
   8.3711410e+06   2.0996094e+01
   8.3714080e+06   2.0385742e+01
   8.3716130e+06   2.1667480e+01
   8.4029170e+06   2.0690918e+01
   8.4879110e+06   2.1850586e+01
   8.4879870e+06   2.1240234e+01
   8.4883550e+06   2.7587891e+01
   8.4885430e+06   2.1606445e+01
   8.4886450e+06   2.0446777e+01
   8.4891100e+06   2.1545410e+01
   8.5473500e+06   2.0812988e+01
   8.5478840e+06   2.3437500e+01
   8.5483090e+06   2.0568848e+01
   8.5484930e+06   2.3437500e+01
   8.5487160e+06   2.5390625e+01
   8.5489410e+06   2.4230957e+01
   8.5728360e+06   2.0385742e+01
   8.6430580e+06   2.0446777e+01
   8.6433930e+06   2.1362305e+01
   8.6435300e+06   2.1545410e+01
   8.6437140e+06   2.8015137e+01
   8.6437580e+06   2.3315430e+01
   8.6437980e+06   2.1911621e+01
   8.6439060e+06   2.4353027e+01
   8.6439710e+06   2.1545410e+01
   8.6440480e+06   2.1911621e+01
   8.6441930e+06   2.1179199e+01
   8.6443000e+06   2.1301270e+01
   8.8129330e+06   2.7587891e+01
   8.8129870e+06   3.1494141e+01
   8.8130050e+06   2.1362305e+01
   8.8130440e+06   2.0874023e+01
   8.8130750e+06   2.7832031e+01
   8.8130980e+06   2.0568848e+01
   8.8131100e+06   3.0883789e+01
   8.8131280e+06   2.2216797e+01
   8.8131730e+06   3.1860352e+01
   8.8132020e+06   3.5156250e+01
   8.8132440e+06   2.1118164e+01
   8.8132760e+06   2.1728516e+01
   8.8133140e+06   2.0568848e+01
   8.8133480e+06   2.2766113e+01
   8.8133620e+06   2.1850586e+01
   8.8137100e+06   2.0629883e+01
   8.8138250e+06   2.4414063e+01
   8.8141270e+06   2.2888184e+01
   8.9114890e+06   2.4658203e+01
   8.9115160e+06   2.1789551e+01
   8.9115810e+06   2.1850586e+01
   8.9115980e+06   2.6062012e+01
   8.9116150e+06   2.5817871e+01
   8.9116480e+06   2.9174805e+01
   8.9116800e+06   3.3325195e+01
   8.9117060e+06   2.8198242e+01
   8.9117260e+06   2.1667480e+01
   8.9117670e+06   2.1667480e+01
   8.9117910e+06   2.0751953e+01
   8.9118390e+06   3.0090332e+01
   8.9119200e+06   2.7343750e+01
   8.9120110e+06   2.1667480e+01
   8.9120510e+06   2.0324707e+01
   8.9120850e+06   2.0629883e+01
   8.9121400e+06   2.6977539e+01
   8.9121670e+06   3.2226563e+01
   8.9122360e+06   2.0446777e+01
   8.9123300e+06   2.0446777e+01
   8.9123840e+06   2.2216797e+01
   8.9124210e+06   2.0935059e+01
   8.9125510e+06   2.1301270e+01
   8.9129540e+06   2.1789551e+01
   8.9133250e+06   2.2766113e+01
   8.9136460e+06   2.1240234e+01
   8.9733190e+06   2.3864746e+01
   8.9733350e+06   2.0812988e+01
   8.9733780e+06   4.2297363e+01
   8.9734130e+06   2.3498535e+01
   8.9734370e+06   2.1057129e+01
   8.9734500e+06   3.5400391e+01
   8.9734920e+06   2.0629883e+01
   8.9735160e+06   2.0446777e+01
   8.9735630e+06   2.5146484e+01
   8.9736030e+06   2.4597168e+01
   8.9736250e+06   2.1179199e+01
   8.9736580e+06   2.1179199e+01
   8.9736700e+06   2.2277832e+01
   8.9736980e+06   2.1118164e+01
   8.9737450e+06   2.2216797e+01
   8.9737890e+06   2.0568848e+01
   8.9738500e+06   2.5512695e+01
   8.9739230e+06   2.2766113e+01
   8.9741350e+06   2.3315430e+01
   8.9741770e+06   2.3864746e+01
   8.9742970e+06   2.3315430e+01
   8.9743740e+06   2.0446777e+01
   8.9744840e+06   2.4719238e+01
   8.9746850e+06   2.4414063e+01
   9.1412270e+06   2.3986816e+01
   9.1412660e+06   2.3742676e+01
   9.1412880e+06   2.2949219e+01
   9.1413020e+06   2.6184082e+01
   9.1413280e+06   2.4169922e+01
   9.1413610e+06   2.6672363e+01
   9.1413800e+06   2.8198242e+01
   9.1414150e+06   2.4169922e+01
   9.1414560e+06   2.8930664e+01
   9.1414660e+06   2.3193359e+01
   9.1415080e+06   2.0446777e+01
   9.1415570e+06   2.3437500e+01
   9.1416430e+06   2.2949219e+01
   9.1416760e+06   2.2644043e+01
   9.1417120e+06   2.0263672e+01
   9.1418250e+06   2.8442383e+01
   9.1418700e+06   2.5085449e+01
   9.1419640e+06   2.2033691e+01
   9.1421300e+06   2.3376465e+01
   9.1421470e+06   2.3986816e+01
   9.1425060e+06   2.1789551e+01
   9.1433120e+06   2.3132324e+01
   9.2650520e+06   2.1423340e+01
   9.2651080e+06   3.6437988e+01
   9.2651260e+06   3.4057617e+01
   9.2651400e+06   2.7770996e+01
   9.2651680e+06   3.9367676e+01
   9.2652180e+06   3.4667969e+01
   9.2652510e+06   3.0883789e+01
   9.2652850e+06   2.3803711e+01
   9.2653180e+06   2.0446777e+01
   9.2653330e+06   2.7648926e+01
   9.2653580e+06   2.3620605e+01
   9.2653890e+06   2.0935059e+01
   9.2654580e+06   2.0446777e+01
   9.2654810e+06   2.3498535e+01
   9.2655140e+06   2.5146484e+01
   9.2655540e+06   2.2216797e+01
   9.2656260e+06   2.1606445e+01
   9.2656630e+06   2.0324707e+01
   9.2657430e+06   2.8198242e+01
   9.2658470e+06   2.4902344e+01
   9.2659710e+06   2.0507813e+01
   9.2660930e+06   2.3559570e+01
   9.2662190e+06   2.1789551e+01
   9.2663640e+06   2.4108887e+01
   9.3768970e+06   2.0385742e+01
   9.3769420e+06   2.1484375e+01
   9.3769600e+06   2.6916504e+01
   9.3769880e+06   2.0874023e+01
   9.3770020e+06   3.6132813e+01
   9.3770340e+06   3.4545898e+01
   9.3770470e+06   3.1860352e+01
   9.3770590e+06   2.1240234e+01
   9.3770880e+06   2.2277832e+01
   9.3771110e+06   2.6611328e+01
   9.3771470e+06   3.5217285e+01
   9.3771750e+06   2.3925781e+01
   9.3771870e+06   2.1423340e+01
   9.3772660e+06   2.0202637e+01
   9.3773110e+06   2.3681641e+01
   9.3774060e+06   2.1606445e+01
   9.3776870e+06   2.1667480e+01
   9.3777010e+06   2.3986816e+01
   9.3779360e+06   2.0874023e+01
   9.3780290e+06   2.0507813e+01
   9.3787920e+06   2.2399902e+01
   9.3791360e+06   2.0874023e+01
   9.6304860e+06   2.1118164e+01
   9.6305180e+06   2.9174805e+01
   9.6305560e+06   2.0263672e+01
   9.6305930e+06   2.7038574e+01
   9.6306170e+06   3.7902832e+01
   9.6306340e+06   2.2521973e+01
   9.6306730e+06   2.2766113e+01
   9.6306840e+06   2.3742676e+01
   9.6307140e+06   2.1240234e+01
   9.6307780e+06   2.6000977e+01
   9.6307920e+06   2.3132324e+01
   9.6308410e+06   2.0446777e+01
   9.6309230e+06   2.1301270e+01
   9.6309430e+06   2.3071289e+01
   9.6309880e+06   2.2155762e+01
   9.6310660e+06   2.2460938e+01
   9.6311080e+06   2.8381348e+01
   9.6311510e+06   2.2949219e+01
   9.6315500e+06   2.1362305e+01
   9.6316010e+06   2.3559570e+01
   9.6316180e+06   2.0446777e+01
   9.6316480e+06   2.0385742e+01
   9.6322450e+06   2.0446777e+01
   9.7185690e+06   2.2277832e+01
   9.7186170e+06   2.8442383e+01
   9.7186420e+06   2.2277832e+01
   9.7186540e+06   2.3559570e+01
   9.7186970e+06   2.6184082e+01
   9.7187240e+06   2.2705078e+01
   9.7187350e+06   2.6550293e+01
   9.7187480e+06   3.1982422e+01
   9.7187800e+06   2.7526855e+01
   9.7188010e+06   2.2338867e+01
   9.7188290e+06   2.0874023e+01
   9.7188560e+06   2.2277832e+01
   9.7188680e+06   2.3925781e+01
   9.7188880e+06   2.3681641e+01
   9.7189370e+06   3.2287598e+01
   9.7189960e+06   2.1850586e+01
   9.7190750e+06   2.1850586e+01
   9.7191130e+06   2.2583008e+01
   9.7191640e+06   2.1667480e+01
   9.7192980e+06   2.5268555e+01
   9.7193350e+06   2.4230957e+01
   9.7194150e+06   2.5756836e+01
   9.7194610e+06   2.0568848e+01
   9.7195810e+06   2.0935059e+01
   9.7196140e+06   2.1484375e+01
   9.7197900e+06   2.0935059e+01
   9.7202670e+06   2.2094727e+01
   9.7204280e+06   2.3254395e+01
   9.7204380e+06   2.1484375e+01
   9.7925870e+06   3.1372070e+01
   9.7926110e+06   2.6367188e+01
   9.7926770e+06   2.4169922e+01
   9.7927100e+06   2.3071289e+01
   9.7927320e+06   2.2277832e+01
   9.7927650e+06   2.1057129e+01
   9.7927780e+06   2.1667480e+01
   9.7928340e+06   2.1789551e+01
   9.7928730e+06   2.2399902e+01
   9.7928890e+06   2.0751953e+01
   9.7929490e+06   2.0751953e+01
   9.7929700e+06   2.2949219e+01
   9.7930420e+06   2.0690918e+01
   9.7930890e+06   2.0751953e+01
   9.7932060e+06   2.4414063e+01
   9.7934740e+06   2.1362305e+01
   9.7937090e+06   2.1240234e+01
   9.7940050e+06   2.0690918e+01
   9.8441680e+06   2.0263672e+01
   9.8442980e+06   2.1667480e+01
   9.8444410e+06   2.3132324e+01
   9.8444990e+06   2.5512695e+01
   9.8445410e+06   2.8198242e+01
   9.8445710e+06   2.2094727e+01
   9.8445980e+06   2.3132324e+01
   9.8446350e+06   2.8076172e+01
   9.8446540e+06   2.0996094e+01
   9.8446760e+06   2.3132324e+01
   9.8446870e+06   2.8503418e+01
   9.8447140e+06   2.9357910e+01
   9.8447810e+06   2.5207520e+01
   9.8448080e+06   2.3254395e+01
   9.8448810e+06   2.1179199e+01
   9.8449450e+06   2.7038574e+01
   9.8449990e+06   2.2705078e+01
   9.8450520e+06   2.2521973e+01
   9.8451080e+06   2.5024414e+01
   9.8451470e+06   2.1972656e+01
   9.8452580e+06   2.1362305e+01
   9.8457100e+06   2.2460938e+01
   9.8457790e+06   2.0874023e+01
   9.8458320e+06   2.0385742e+01
   9.8460330e+06   2.0202637e+01
   9.8661860e+06   2.1423340e+01
   9.8662400e+06   2.4963379e+01
   9.8662650e+06   2.6855469e+01
   9.8663420e+06   2.7221680e+01
   9.8663660e+06   2.2033691e+01
   9.8664000e+06   2.4719238e+01
   9.8665070e+06   2.0690918e+01
   9.8665620e+06   3.0273438e+01
   9.8666610e+06   2.5146484e+01
   9.8667560e+06   2.0324707e+01
   9.8667820e+06   2.0324707e+01
   9.8670790e+06   2.4353027e+01
   9.8671800e+06   2.0263672e+01
   9.8672420e+06   2.0263672e+01
   9.8674410e+06   2.6367188e+01
   9.8674740e+06   2.4780273e+01
   9.8680760e+06   2.1667480e+01
   9.8801370e+06   2.2827148e+01
   9.8896400e+06   2.2583008e+01
   9.8896680e+06   2.1118164e+01
   9.8998420e+06   2.1301270e+01
   9.9004790e+06   2.3315430e+01
   9.9004980e+06   2.0324707e+01
   9.9006140e+06   2.1545410e+01
   9.9007930e+06   2.1484375e+01
   9.9009310e+06   2.2583008e+01
   9.9010120e+06   2.1301270e+01
   9.9010300e+06   2.0446777e+01
   9.9011590e+06   2.3376465e+01
   9.9356980e+06   2.1606445e+01
   9.9360510e+06   2.1911621e+01
   9.9364190e+06   2.2094727e+01
   9.9369280e+06   2.4597168e+01
   9.9376730e+06   2.0324707e+01
   9.9515310e+06   2.3742676e+01
   9.9999550e+06   2.2705078e+01
   9.9999960e+06   2.1057129e+01
   1.0000430e+07   2.0202637e+01
   1.0178394e+07   2.0385742e+01
   1.0308341e+07   2.2338867e+01
   1.0308380e+07   2.0324707e+01
   1.0308417e+07   2.7526855e+01
   1.0308431e+07   2.6062012e+01
   1.0308444e+07   2.3376465e+01
   1.0308466e+07   2.3254395e+01
   1.0308480e+07   3.1555176e+01
   1.0308514e+07   3.3386230e+01
   1.0308598e+07   2.3925781e+01
   1.0308662e+07   2.6367188e+01
   1.0308829e+07   2.0568848e+01
   1.0308969e+07   3.1188965e+01
   1.0309091e+07   2.0324707e+01
   1.0309103e+07   2.2155762e+01
   1.0309156e+07   2.1545410e+01
   1.0309210e+07   2.1423340e+01
   1.0309321e+07   2.3864746e+01
   1.0309593e+07   2.1301270e+01
   1.0309696e+07   2.6916504e+01
   1.0310041e+07   2.0263672e+01
   1.0310138e+07   2.1423340e+01
   1.0410715e+07   2.4536133e+01
   1.0410778e+07   2.3742676e+01
   1.0410811e+07   3.1005859e+01
   1.0410833e+07   2.4719238e+01
   1.0410870e+07   2.1179199e+01
   1.0410899e+07   2.3742676e+01
   1.0410923e+07   2.5024414e+01
   1.0410938e+07   2.6123047e+01
   1.0410971e+07   2.7587891e+01
   1.0411025e+07   2.0202637e+01
   1.0411050e+07   2.0935059e+01
   1.0411060e+07   2.1301270e+01
   1.0411100e+07   2.2155762e+01
   1.0411151e+07   2.4719238e+01
   1.0411161e+07   2.0751953e+01
   1.0411227e+07   2.1972656e+01
   1.0411255e+07   2.0751953e+01
   1.0411294e+07   2.8442383e+01
   1.0411348e+07   2.8076172e+01
   1.0411395e+07   2.3071289e+01
   1.0411650e+07   2.6062012e+01
   1.0411732e+07   2.2277832e+01
   1.0411799e+07   2.2705078e+01
   1.0411891e+07   2.0568848e+01
   1.0411923e+07   2.1911621e+01
   1.0412089e+07   2.1545410e+01
   1.0412139e+07   2.1789551e+01
   1.0412672e+07   2.1179199e+01
   1.0412852e+07   2.3803711e+01
   1.0481812e+07   2.0568848e+01
   1.0481936e+07   2.6489258e+01
   1.0482023e+07   3.7536621e+01
   1.0482140e+07   3.2348633e+01
   1.0482206e+07   2.2460938e+01
   1.0482229e+07   2.2888184e+01
   1.0482242e+07   2.5390625e+01
   1.0482297e+07   2.1362305e+01
   1.0482328e+07   2.3498535e+01
   1.0482366e+07   2.6672363e+01
   1.0482383e+07   2.0202637e+01
   1.0482419e+07   2.8015137e+01
   1.0482448e+07   2.9907227e+01
   1.0482540e+07   2.0751953e+01
   1.0482592e+07   2.6306152e+01
   1.0482730e+07   2.2155762e+01
   1.0482765e+07   2.3864746e+01
   1.0482790e+07   2.1728516e+01
   1.0482917e+07   2.1728516e+01
   1.0482929e+07   3.0578613e+01
   1.0483088e+07   2.1728516e+01
   1.0483533e+07   2.2399902e+01
   1.0566103e+07   2.2216797e+01
   1.0566139e+07   2.2277832e+01
   1.0566155e+07   2.1118164e+01
   1.0566223e+07   2.2766113e+01
   1.0566244e+07   2.3681641e+01
   1.0566255e+07   2.0812988e+01
   1.0566286e+07   3.3935547e+01
   1.0566317e+07   2.5451660e+01
   1.0566374e+07   2.5024414e+01
   1.0566396e+07   2.4047852e+01
   1.0566407e+07   2.1240234e+01
   1.0566449e+07   2.1728516e+01
   1.0566472e+07   2.2583008e+01
   1.0566516e+07   2.4353027e+01
   1.0566549e+07   2.3620605e+01
   1.0566575e+07   2.3315430e+01
   1.0566588e+07   2.4963379e+01
   1.0566709e+07   2.0507813e+01
   1.0566764e+07   2.1240234e+01
   1.0566822e+07   2.2155762e+01
   1.0566956e+07   2.1972656e+01
   1.0567003e+07   2.2583008e+01
   1.0567173e+07   2.0568848e+01
   1.0567249e+07   2.0874023e+01
   1.0567336e+07   2.5573730e+01
   1.0568104e+07   2.1545410e+01
   1.0569413e+07   2.3864746e+01
   1.0647666e+07   2.0202637e+01
   1.0647722e+07   2.2338867e+01
   1.0647786e+07   2.6855469e+01
   1.0647825e+07   2.7893066e+01
   1.0647871e+07   2.9357910e+01
   1.0647893e+07   2.1728516e+01
   1.0647930e+07   2.5878906e+01
   1.0647942e+07   2.4902344e+01
   1.0647972e+07   2.0751953e+01
   1.0648022e+07   2.6184082e+01
   1.0648069e+07   2.1301270e+01
   1.0648101e+07   2.0202637e+01
   1.0648121e+07   2.2155762e+01
   1.0648197e+07   2.0507813e+01
   1.0648307e+07   2.0507813e+01
   1.0648360e+07   2.3254395e+01
   1.0648495e+07   2.3193359e+01
   1.0648609e+07   2.0507813e+01
   1.0648701e+07   2.0629883e+01
   1.0648769e+07   2.6489258e+01
   1.0649092e+07   2.2460938e+01
   1.0649148e+07   2.3254395e+01
   1.0761960e+07   2.5695801e+01
   1.0762030e+07   2.8137207e+01
   1.0762071e+07   2.2827148e+01
   1.0762107e+07   4.2724609e+01
   1.0762173e+07   2.2338867e+01
   1.0762198e+07   2.3132324e+01
   1.0762226e+07   2.0202637e+01
   1.0762236e+07   2.1484375e+01
   1.0762264e+07   2.5024414e+01
   1.0762300e+07   2.1484375e+01
   1.0762352e+07   2.2094727e+01
   1.0762386e+07   2.1057129e+01
   1.0762415e+07   2.0629883e+01
   1.0762483e+07   2.3986816e+01
   1.0762561e+07   2.8198242e+01
   1.0762614e+07   2.4597168e+01
   1.0762659e+07   2.1057129e+01
   1.0762882e+07   2.5146484e+01
   1.0762985e+07   2.7282715e+01
   1.0763082e+07   2.1972656e+01
   1.0763168e+07   2.0751953e+01
   1.0763233e+07   2.0751953e+01
   1.0763264e+07   2.1179199e+01
   1.0763299e+07   2.0751953e+01
   1.0763376e+07   2.8198242e+01
   1.0763500e+07   2.0202637e+01
   1.0763798e+07   2.0996094e+01
   1.0842189e+07   2.3071289e+01
   1.0842249e+07   2.0751953e+01
   1.0842261e+07   2.4719238e+01
   1.0842293e+07   2.1057129e+01
   1.0842323e+07   2.0690918e+01
   1.0842344e+07   2.6855469e+01
   1.0842417e+07   2.3437500e+01
   1.0842438e+07   2.4841309e+01
   1.0842473e+07   2.1728516e+01
   1.0842516e+07   2.6977539e+01
   1.0842745e+07   2.2766113e+01
   1.0842776e+07   2.4047852e+01
   1.0842873e+07   2.8503418e+01
   1.0842912e+07   2.1911621e+01
   1.0842965e+07   2.1179199e+01
   1.0843034e+07   2.4475098e+01
   1.0843066e+07   2.1423340e+01
   1.0843204e+07   2.1118164e+01
   1.0843274e+07   2.3132324e+01
   1.0843307e+07   2.3193359e+01
   1.0843386e+07   2.1240234e+01
   1.0843507e+07   2.2583008e+01
   1.0843722e+07   2.4963379e+01
   1.0986398e+07   2.5268555e+01
   1.0986467e+07   2.2094727e+01
   1.0986547e+07   3.1860352e+01
   1.0986577e+07   2.3925781e+01
   1.0986591e+07   3.5400391e+01
   1.0986636e+07   2.2399902e+01
   1.0986672e+07   3.3325195e+01
   1.0986704e+07   3.3508301e+01
   1.0986733e+07   2.1789551e+01
   1.0986786e+07   2.0385742e+01
   1.0986844e+07   2.5268555e+01
   1.0986941e+07   2.1972656e+01
   1.0987015e+07   2.4902344e+01
   1.0987063e+07   2.0690918e+01
   1.0987085e+07   2.3559570e+01
   1.0987104e+07   2.2399902e+01
   1.0987152e+07   2.3071289e+01
   1.0987325e+07   2.0263672e+01
   1.0987743e+07   2.0874023e+01
   1.1034673e+07   2.0446777e+01
   1.1034846e+07   2.9663086e+01
   1.1034936e+07   2.0385742e+01
   1.1034976e+07   2.4780273e+01
   1.1035024e+07   2.0812988e+01
   1.1035076e+07   2.2888184e+01
   1.1035263e+07   2.3620605e+01
   1.1035294e+07   2.1057129e+01
   1.1035387e+07   2.0324707e+01
   1.1035427e+07   2.2949219e+01
   1.1035504e+07   2.3254395e+01
   1.1035744e+07   2.1667480e+01
   1.1036033e+07   2.0812988e+01
   1.1036159e+07   2.0629883e+01
   1.1095677e+07   2.1179199e+01
   1.1095695e+07   2.2338867e+01
   1.1095727e+07   3.0944824e+01
   1.1095770e+07   2.1240234e+01
   1.1095802e+07   2.7954102e+01
   1.1095812e+07   2.4169922e+01
   1.1095832e+07   2.3437500e+01
   1.1095857e+07   2.2766113e+01
   1.1095881e+07   2.2216797e+01
   1.1095932e+07   2.2216797e+01
   1.1095953e+07   2.0874023e+01
   1.1096021e+07   2.4902344e+01
   1.1096108e+07   2.1179199e+01
   1.1096220e+07   2.1545410e+01
   1.1096382e+07   2.4169922e+01
   1.1096542e+07   2.3132324e+01
   1.1096664e+07   2.0385742e+01
   1.1096720e+07   2.1423340e+01
   1.1097314e+07   2.0202637e+01
   1.1273457e+07   2.5451660e+01
   1.1273520e+07   2.0935059e+01
   1.1273559e+07   3.2287598e+01
   1.1273614e+07   4.1198730e+01
   1.1273636e+07   3.0578613e+01
   1.1273676e+07   2.2033691e+01
   1.1273694e+07   2.4475098e+01
   1.1273749e+07   2.2216797e+01
   1.1273793e+07   2.2521973e+01
   1.1273822e+07   2.1545410e+01
   1.1273860e+07   2.4719238e+01
   1.1273930e+07   2.0263672e+01
   1.1273965e+07   2.6184082e+01
   1.1274068e+07   2.0202637e+01
   1.1274169e+07   2.2888184e+01
   1.1274485e+07   2.0446777e+01
   1.1274511e+07   2.0446777e+01
   1.1274553e+07   3.0700684e+01
   1.1356593e+07   2.1301270e+01
   1.1356664e+07   2.7526855e+01
   1.1356708e+07   2.2827148e+01
   1.1356744e+07   3.0151367e+01
   1.1356755e+07   2.2644043e+01
   1.1356774e+07   2.1545410e+01
   1.1356803e+07   2.9113770e+01
   1.1356835e+07   2.3193359e+01
   1.1356846e+07   2.7404785e+01
   1.1356871e+07   2.2216797e+01
   1.1356916e+07   2.6672363e+01
   1.1356954e+07   2.9357910e+01
   1.1357079e+07   2.5817871e+01
   1.1357207e+07   2.3071289e+01
   1.1357272e+07   2.2460938e+01
   1.1357312e+07   2.0874023e+01
   1.1357373e+07   2.3925781e+01
   1.1357444e+07   2.2705078e+01
   1.1357608e+07   2.4536133e+01
   1.1357654e+07   2.3681641e+01
   1.1357682e+07   2.1423340e+01
   1.1357761e+07   2.0751953e+01
   1.1357869e+07   2.0324707e+01
   1.1358270e+07   2.1423340e+01
   1.1358478e+07   2.0935059e+01
   1.1439073e+07   2.6000977e+01
   1.1439130e+07   2.0935059e+01
   1.1439193e+07   2.9174805e+01
   1.1439204e+07   2.0263672e+01
   1.1439218e+07   3.5461426e+01
   1.1439247e+07   2.8991699e+01
   1.1439272e+07   2.6611328e+01
   1.1439298e+07   2.8076172e+01
   1.1439351e+07   2.5390625e+01
   1.1439373e+07   2.0507813e+01
   1.1439407e+07   2.6245117e+01
   1.1439435e+07   2.2338867e+01
   1.1439538e+07   2.0385742e+01
   1.1439583e+07   2.1240234e+01
   1.1439622e+07   2.0446777e+01
   1.1439796e+07   2.0629883e+01
   1.1439831e+07   2.4230957e+01
   1.1439859e+07   2.1972656e+01
   1.1440031e+07   2.5939941e+01
   1.1440091e+07   2.1118164e+01
   1.1440315e+07   2.3925781e+01
   1.1441179e+07   2.1667480e+01
   1.1547422e+07   2.1667480e+01
   1.1547480e+07   2.5024414e+01
   1.1547492e+07   3.0273438e+01
   1.1547531e+07   2.8930664e+01
   1.1547560e+07   2.5695801e+01
   1.1547587e+07   2.0935059e+01
   1.1547622e+07   2.2399902e+01
   1.1547647e+07   2.3071289e+01
   1.1547668e+07   2.5451660e+01
   1.1547700e+07   2.4658203e+01
   1.1547713e+07   2.8015137e+01
   1.1547769e+07   2.2033691e+01
   1.1547829e+07   2.1179199e+01
   1.1547856e+07   2.1667480e+01
   1.1547900e+07   2.3498535e+01
   1.1547926e+07   2.1728516e+01
   1.1547941e+07   2.3620605e+01
   1.1548033e+07   2.0690918e+01
   1.1548072e+07   2.1911621e+01
   1.1548101e+07   3.6010742e+01
   1.1548192e+07   2.9418945e+01
   1.1548278e+07   2.0629883e+01
   1.1548489e+07   2.1240234e+01
   1.1614997e+07   2.0324707e+01
   1.1643728e+07   2.3864746e+01
   1.1643740e+07   2.1972656e+01
   1.1643804e+07   2.1667480e+01
   1.1643849e+07   2.3559570e+01
   1.1643905e+07   3.5278320e+01
   1.1643937e+07   2.4597168e+01
   1.1643970e+07   2.1057129e+01
   1.1643990e+07   2.4902344e+01
   1.1644015e+07   2.0385742e+01
   1.1644051e+07   2.2766113e+01
   1.1644149e+07   2.1362305e+01
   1.1644259e+07   2.4169922e+01
   1.1644293e+07   2.2827148e+01
   1.1644398e+07   2.0812988e+01
   1.1644464e+07   2.2583008e+01
   1.1644518e+07   2.1240234e+01
   1.1644638e+07   2.4414063e+01
   1.1644823e+07   2.1972656e+01
   1.1759015e+07   2.1301270e+01
   1.1759176e+07   2.2216797e+01
   1.1759233e+07   2.3925781e+01
   1.1759301e+07   3.0029297e+01
   1.1759347e+07   2.2888184e+01
   1.1759358e+07   2.1362305e+01
   1.1759393e+07   2.2949219e+01
   1.1759432e+07   2.0568848e+01
   1.1759457e+07   2.1484375e+01
   1.1759484e+07   2.3132324e+01
   1.1759613e+07   2.0263672e+01
   1.1759628e+07   2.4719238e+01
   1.1759660e+07   2.0690918e+01
   1.1759674e+07   2.9052734e+01
   1.1759777e+07   2.3620605e+01
   1.1759825e+07   2.8381348e+01
   1.1759904e+07   2.8930664e+01
   1.1759965e+07   2.0568848e+01
   1.1760030e+07   2.7099609e+01
   1.1760052e+07   2.1911621e+01
   1.1760117e+07   2.0263672e+01
   1.1760292e+07   2.1301270e+01
   1.1760358e+07   2.2705078e+01
   1.1850442e+07   2.1545410e+01
   1.1850498e+07   2.1057129e+01
   1.1850512e+07   2.1118164e+01
   1.1850545e+07   2.8198242e+01
   1.1850597e+07   2.1850586e+01
   1.1850646e+07   2.3071289e+01
   1.1850668e+07   2.1728516e+01
   1.1850678e+07   2.0996094e+01
   1.1850732e+07   2.0874023e+01
   1.1850758e+07   2.4353027e+01
   1.1850800e+07   2.1484375e+01
   1.1850852e+07   2.0812988e+01
   1.1850888e+07   3.0212402e+01
   1.1850933e+07   2.2583008e+01
   1.1851039e+07   2.5939941e+01
   1.1851080e+07   2.1850586e+01
   1.1851119e+07   2.6916504e+01
   1.1851170e+07   2.2460938e+01
   1.1851281e+07   2.0568848e+01
   1.1851299e+07   2.1240234e+01
   1.1851415e+07   2.1240234e+01
   1.1851936e+07   2.1240234e+01
