   1.1999000e+07   0.0000000e+00
   6.4993500e+05   1.1169434e+01
   8.9257100e+05   1.0986328e+01
   1.2993050e+06   1.1047363e+01
   1.5576210e+06   1.0925293e+01
   1.6764260e+06   1.1047363e+01
   3.4485170e+06   1.0986328e+01
   3.5367850e+06   1.1352539e+01
   3.7826820e+06   1.0986328e+01
   4.5138900e+06   1.0925293e+01
   4.8025160e+06   1.1535645e+01
   4.8526150e+06   1.1413574e+01
   5.1803000e+06   1.1047363e+01
   5.4839610e+06   1.1413574e+01
   5.4987110e+06   1.1230469e+01
   6.1996740e+06   1.1352539e+01
   6.9274120e+06   1.1291504e+01
   7.6470900e+06   1.2023926e+01
   8.1607230e+06   1.0925293e+01
   8.3794070e+06   1.1840820e+01
   1.0170398e+07   1.0864258e+01
   1.1620176e+07   1.0986328e+01
   1.1850121e+07   1.1169434e+01
