   1.1999000e+07   0.0000000e+00
   1.4059000e+04   2.1057129e+01
   1.4090000e+04   2.1240234e+01
   1.4126000e+04   2.1057129e+01
   1.4137000e+04   2.6489258e+01
   1.4167000e+04   2.1240234e+01
   1.4189000e+04   3.8452148e+01
   1.4201000e+04   2.1362305e+01
   1.4240000e+04   2.2277832e+01
   1.4310000e+04   3.2043457e+01
   1.4365000e+04   2.4841309e+01
   1.4599000e+04   2.3315430e+01
   6.9252000e+04   2.2888184e+01
   6.9343000e+04   2.3681641e+01
   6.9401000e+04   2.6489258e+01
   6.9421000e+04   2.3925781e+01
   6.9481000e+04   2.3376465e+01
   6.9503000e+04   2.3498535e+01
   6.9522000e+04   2.1423340e+01
   6.9557000e+04   2.3376465e+01
   6.9606000e+04   2.2277832e+01
   6.9648000e+04   2.1545410e+01
   6.9865000e+04   1.9775391e+01
   7.0225000e+04   2.0019531e+01
   1.1609300e+05   2.0263672e+01
   1.1626100e+05   2.0629883e+01
   1.1654500e+05   2.0202637e+01
   1.1687700e+05   2.0202637e+01
   1.6846500e+05   2.1057129e+01
   1.6874000e+05   2.3193359e+01
   1.8934500e+05   1.9775391e+01
   2.9559000e+05   1.9897461e+01
   3.4123000e+05   2.0263672e+01
   3.4135200e+05   3.1127930e+01
   3.4139200e+05   2.0019531e+01
   3.4141600e+05   3.7109375e+01
   3.4142600e+05   2.9235840e+01
   3.4146500e+05   3.2653809e+01
   3.4148500e+05   2.8320313e+01
   3.4150800e+05   2.4597168e+01
   3.4153700e+05   2.1423340e+01
   3.4157500e+05   2.3498535e+01
   3.4167000e+05   3.3203125e+01
   3.4172700e+05   2.0874023e+01
   3.4177700e+05   2.8137207e+01
   3.4180800e+05   2.6489258e+01
   3.4185800e+05   2.7160645e+01
   3.4190700e+05   2.6428223e+01
   3.4195500e+05   2.0935059e+01
   3.4199400e+05   2.2338867e+01
   3.4203100e+05   2.4047852e+01
   3.4207000e+05   2.0629883e+01
   3.4211800e+05   2.0507812e+01
   3.4214700e+05   3.0029297e+01
   3.4239700e+05   2.2583008e+01
   3.5433000e+05   2.0629883e+01
   3.5994300e+05   2.2827148e+01
   3.7237400e+05   2.1423340e+01
   4.0219600e+05   2.4047852e+01
   4.0221000e+05   2.2216797e+01
   4.0224500e+05   2.9663086e+01
   4.0227200e+05   3.3447266e+01
   4.0231200e+05   4.7363281e+01
   4.0234100e+05   2.6489258e+01
   4.0237000e+05   4.2907715e+01
   4.0241800e+05   2.4169922e+01
   4.0248200e+05   2.1118164e+01
   4.0249800e+05   2.2644043e+01
   4.0252100e+05   2.0629883e+01
   4.0255500e+05   2.5329590e+01
   4.0275800e+05   2.0446777e+01
   4.0284100e+05   2.4475098e+01
   4.0337100e+05   2.0996094e+01
   4.0350000e+05   2.2094727e+01
   4.0353400e+05   2.2827148e+01
   4.0355600e+05   2.1240234e+01
   4.0362900e+05   2.4719238e+01
   4.0372700e+05   2.1362305e+01
   4.0382000e+05   2.3193359e+01
   4.0398700e+05   2.0690918e+01
   4.0399900e+05   2.1667480e+01
   4.0408300e+05   2.2216797e+01
   4.0427300e+05   2.1606445e+01
   4.0511000e+05   2.0019531e+01
   4.0612800e+05   2.4169922e+01
   4.1798200e+05   1.9897461e+01
   4.1818000e+05   2.2155762e+01
   4.1819600e+05   2.4902344e+01
   4.1823900e+05   2.2033691e+01
   4.1830700e+05   2.6428223e+01
   4.1832300e+05   2.6489258e+01
   4.1835400e+05   2.5634766e+01
   4.1836800e+05   2.1728516e+01
   4.1839400e+05   2.8808594e+01
   4.1847400e+05   2.8015137e+01
   4.1850100e+05   2.6672363e+01
   4.1852900e+05   2.4230957e+01
   4.1855800e+05   2.2644043e+01
   4.1859700e+05   2.0690918e+01
   4.1862600e+05   2.1667480e+01
   4.1867300e+05   2.2094727e+01
   4.1874300e+05   2.0935059e+01
   4.1875800e+05   2.1240234e+01
   4.1882700e+05   2.0507813e+01
   4.1897900e+05   2.0385742e+01
   4.1910200e+05   2.2399902e+01
   4.1913700e+05   2.0324707e+01
   4.1923400e+05   2.1240234e+01
   4.1937000e+05   2.0202637e+01
   4.1948100e+05   2.5268555e+01
   4.1952400e+05   1.9836426e+01
   4.1987500e+05   2.0385742e+01
   4.3226100e+05   2.0812988e+01
   4.3234900e+05   5.4748535e+01
   4.3237900e+05   1.9958496e+01
   4.3240600e+05   2.1118164e+01
   4.3241900e+05   2.4414063e+01
   4.3244500e+05   2.7954102e+01
   4.3245800e+05   3.5156250e+01
   4.3249100e+05   2.2949219e+01
   4.3251300e+05   2.5085449e+01
   4.3253600e+05   3.5522461e+01
   4.3256900e+05   2.3254395e+01
   4.3257900e+05   2.4658203e+01
   4.3262500e+05   2.5817871e+01
   4.3273600e+05   2.4536133e+01
   4.3277400e+05   2.7038574e+01
   4.3281100e+05   2.1667480e+01
   4.3297700e+05   2.3315430e+01
   4.3301300e+05   2.5573730e+01
   4.3309200e+05   2.2460938e+01
   4.3317400e+05   2.4047852e+01
   4.3326100e+05   2.0935059e+01
   4.3345900e+05   3.4179688e+01
   4.3368300e+05   2.6794434e+01
   4.3391300e+05   2.3681641e+01
   4.3469800e+05   2.0263672e+01
   4.4474600e+05   2.0935059e+01
   4.4478700e+05   3.1127930e+01
   4.4483700e+05   2.4169922e+01
   4.4485700e+05   3.5705566e+01
   4.4489100e+05   2.3376465e+01
   4.4492300e+05   2.9418945e+01
   4.4496100e+05   2.0263672e+01
   4.4499600e+05   2.4169922e+01
   4.4501300e+05   2.0141602e+01
   4.4504700e+05   2.0446777e+01
   4.4506900e+05   2.0812988e+01
   4.4510300e+05   2.2949219e+01
   4.4527000e+05   2.8808594e+01
   4.4530600e+05   1.9836426e+01
   4.4537800e+05   2.6672363e+01
   4.4539700e+05   2.3132324e+01
   4.4549500e+05   2.1301270e+01
   4.4577200e+05   1.9775391e+01
   4.5673400e+05   2.8198242e+01
   4.5677200e+05   2.9235840e+01
   4.5679700e+05   2.6855469e+01
   4.5682700e+05   2.2216797e+01
   4.5686100e+05   2.4353027e+01
   4.5688300e+05   2.1423340e+01
   4.5691200e+05   2.3803711e+01
   4.5693400e+05   2.1728516e+01
   4.5694400e+05   3.4790039e+01
   4.5699000e+05   2.4597168e+01
   4.5702800e+05   3.3630371e+01
   4.5704700e+05   2.1423340e+01
   4.5708700e+05   2.0446777e+01
   4.5713000e+05   2.2766113e+01
   4.5717600e+05   2.1423340e+01
   4.5719400e+05   2.4475098e+01
   4.5724500e+05   2.1484375e+01
   4.5733300e+05   2.0874023e+01
   4.5739800e+05   2.1850586e+01
   4.5748600e+05   1.9958496e+01
   4.5754500e+05   2.2094727e+01
   4.5760700e+05   2.1972656e+01
   4.5765600e+05   2.8076172e+01
   4.5788900e+05   2.0019531e+01
   4.6922400e+05   2.0629883e+01
   4.6923800e+05   2.5390625e+01
   4.6926200e+05   2.6367188e+01
   4.6929500e+05   2.2888184e+01
   4.6938100e+05   2.0324707e+01
   4.6942900e+05   2.3559570e+01
   4.6944200e+05   2.3986816e+01
   4.6950200e+05   2.1240234e+01
   4.6957000e+05   2.4475098e+01
   4.6962000e+05   2.4658203e+01
   4.6963100e+05   2.0263672e+01
   4.6966300e+05   2.1484375e+01
   4.6977600e+05   2.1484375e+01
   4.6988700e+05   2.1850586e+01
   4.7011200e+05   2.0019531e+01
   4.7048300e+05   2.2521973e+01
   4.7882700e+05   2.6367188e+01
   4.7883900e+05   2.3986816e+01
   4.7886600e+05   2.0874023e+01
   4.7890700e+05   2.8808594e+01
   4.7892900e+05   2.3986816e+01
   4.7896500e+05   2.9235840e+01
   4.7902000e+05   2.7160645e+01
   4.7907400e+05   2.1179199e+01
   4.7910000e+05   1.9775391e+01
   4.7917200e+05   2.1484375e+01
   4.7918900e+05   2.3254395e+01
   4.7922500e+05   2.0629883e+01
   4.7932800e+05   2.5146484e+01
   4.7955200e+05   2.1789551e+01
   4.8802600e+05   2.1850586e+01
   4.8804000e+05   2.0507813e+01
   4.8808400e+05   2.6855469e+01
   4.8809800e+05   1.9836426e+01
   4.8812400e+05   2.5390625e+01
   4.8818000e+05   2.6611328e+01
   4.8820400e+05   2.3071289e+01
   4.8824800e+05   2.0507812e+01
   4.8830200e+05   1.9897461e+01
   4.8842000e+05   2.4291992e+01
   4.9778300e+05   3.1494141e+01
   4.9780200e+05   1.9897461e+01
   4.9781200e+05   2.5634766e+01
   4.9783700e+05   2.0446777e+01
   4.9787400e+05   2.4108887e+01
   4.9788900e+05   2.6794434e+01
   4.9798700e+05   2.0751953e+01
   4.9801300e+05   2.6977539e+01
   4.9803300e+05   2.2583008e+01
   4.9805800e+05   2.6367187e+01
   4.9810700e+05   2.3132324e+01
   4.9876100e+05   2.0568848e+01
   5.0993200e+05   1.9836426e+01
   5.0999300e+05   1.9897461e+01
   5.1002800e+05   2.1179199e+01
   5.1006500e+05   2.1728516e+01
   5.1010500e+05   3.1311035e+01
   5.1013300e+05   3.8208008e+01
   5.1021300e+05   3.0761719e+01
   5.1022600e+05   2.4902344e+01
   5.1036800e+05   2.1850586e+01
   5.2016600e+05   2.1240234e+01
   5.2017900e+05   2.5573730e+01
   5.2021000e+05   2.8442383e+01
   5.2023700e+05   2.0324707e+01
   5.2036000e+05   2.0080566e+01
   5.2040600e+05   2.4841309e+01
   5.2809300e+05   2.2583008e+01
   5.2822600e+05   2.5573730e+01
   5.2880100e+05   2.1057129e+01
   5.2907100e+05   2.0751953e+01
   5.3609600e+05   2.1850586e+01
   5.3621800e+05   3.0151367e+01
   5.4297300e+05   2.0202637e+01
   5.4326300e+05   2.0751953e+01
   5.4333600e+05   2.1972656e+01
   5.5111300e+05   2.1423340e+01
   5.7033000e+05   2.0812988e+01
   5.7044500e+05   2.0629883e+01
   6.4102700e+05   1.9897461e+01
   7.2627900e+05   1.9836426e+01
   7.4106400e+05   2.0568848e+01
   7.5521800e+05   1.9836426e+01
   8.4187000e+05   2.2949219e+01
   8.4191200e+05   2.2399902e+01
   8.4192700e+05   2.0812988e+01
   8.4196500e+05   1.9775391e+01
   8.4197900e+05   4.1992188e+01
   8.4200700e+05   3.7597656e+01
   8.4202600e+05   3.3935547e+01
   8.4204100e+05   2.0141602e+01
   8.4206100e+05   2.3559570e+01
   8.4208100e+05   2.4536133e+01
   8.4210300e+05   2.2521973e+01
   8.4215000e+05   2.0874023e+01
   8.4221100e+05   2.2460938e+01
   8.4227700e+05   2.3803711e+01
   8.4233600e+05   2.1362305e+01
   8.4239400e+05   2.6184082e+01
   8.4240600e+05   3.4484863e+01
   8.4252000e+05   1.9897461e+01
   8.4253700e+05   2.0019531e+01
   8.4271600e+05   2.3132324e+01
   8.4277500e+05   2.7648926e+01
   8.6395400e+05   2.0202637e+01
   8.6483800e+05   2.0446777e+01
   8.6666800e+05   2.0202637e+01
   8.7300300e+05   2.1423340e+01
   9.8544800e+05   2.1484375e+01
   9.8552000e+05   2.0812988e+01
   9.8557000e+05   3.2531738e+01
   9.8558000e+05   3.2653809e+01
   9.8560300e+05   2.0690918e+01
   9.8562100e+05   2.1118164e+01
   9.8565700e+05   3.6865234e+01
   9.8568000e+05   2.0812988e+01
   9.8569700e+05   2.0812988e+01
   9.8570700e+05   2.4780273e+01
   9.8575200e+05   2.3254395e+01
   9.8577900e+05   2.1850586e+01
   9.8579500e+05   2.1301270e+01
   9.8585100e+05   2.0996094e+01
   9.8587800e+05   2.0019531e+01
   9.8592700e+05   2.4291992e+01
   9.8600100e+05   2.3071289e+01
   9.8604600e+05   3.1433105e+01
   9.8609200e+05   2.9602051e+01
   9.8618100e+05   2.0629883e+01
   9.8621000e+05   2.4719238e+01
   9.8633900e+05   2.0019531e+01
   9.8642200e+05   2.0446777e+01
   9.9583900e+05   2.2521973e+01
   9.9625300e+05   2.0385742e+01
   1.0003500e+06   2.0874023e+01
   1.0027890e+06   2.3315430e+01
   1.1280160e+06   2.3071289e+01
   1.1280570e+06   2.3620605e+01
   1.1280960e+06   2.1972656e+01
   1.1281160e+06   2.5207520e+01
   1.1281340e+06   2.2094727e+01
   1.1281600e+06   3.7780762e+01
   1.1281770e+06   3.5644531e+01
   1.1281970e+06   2.0324707e+01
   1.1282220e+06   2.2644043e+01
   1.1282410e+06   2.2399902e+01
   1.1282900e+06   2.0446777e+01
   1.1283270e+06   2.8137207e+01
   1.1283670e+06   2.1057129e+01
   1.1284260e+06   2.0996094e+01
   1.1285150e+06   2.0812988e+01
   1.1286460e+06   2.5085449e+01
   1.1288200e+06   2.1118164e+01
   1.1288860e+06   2.3864746e+01
   1.1290540e+06   2.2033691e+01
   1.1296580e+06   2.0629883e+01
   1.1298110e+06   2.0812988e+01
   1.1301330e+06   1.9897461e+01
   1.1386290e+06   2.0812988e+01
   1.1535330e+06   2.0446777e+01
   1.1565120e+06   2.0874023e+01
   1.2342000e+06   2.2094727e+01
   1.2342370e+06   2.9296875e+01
   1.2342760e+06   2.9357910e+01
   1.2342980e+06   2.1667480e+01
   1.2343110e+06   2.1118164e+01
   1.2343400e+06   2.1240234e+01
   1.2343690e+06   2.6245117e+01
   1.2343970e+06   2.0141602e+01
   1.2344210e+06   2.3071289e+01
   1.2344570e+06   2.8381348e+01
   1.2344790e+06   2.2094727e+01
   1.2344950e+06   2.6367187e+01
   1.2345420e+06   1.9897461e+01
   1.2346030e+06   3.1005859e+01
   1.2346600e+06   2.4291992e+01
   1.2346770e+06   2.1972656e+01
   1.2347150e+06   2.4108887e+01
   1.2347570e+06   3.0761719e+01
   1.2347840e+06   2.5878906e+01
   1.2349180e+06   2.0019531e+01
   1.2349630e+06   2.5695801e+01
   1.2349900e+06   2.2827148e+01
   1.2350900e+06   2.0690918e+01
   1.2351570e+06   2.0446777e+01
   1.2352300e+06   2.0629883e+01
   1.2353870e+06   2.3315430e+01
   1.2354620e+06   2.2644043e+01
   1.2479120e+06   2.0812988e+01
   1.2489000e+06   2.2949219e+01
   1.2532960e+06   1.9836426e+01
   1.2544770e+06   2.3803711e+01
   1.2571140e+06   2.1423340e+01
   1.2577610e+06   2.0080566e+01
   1.2761960e+06   1.9958496e+01
   1.2762270e+06   2.0385742e+01
   1.2762590e+06   2.7587891e+01
   1.2762760e+06   2.6916504e+01
   1.2762930e+06   2.1484375e+01
   1.2763180e+06   3.3630371e+01
   1.2763450e+06   2.2521973e+01
   1.2763630e+06   2.2644043e+01
   1.2763820e+06   2.2766113e+01
   1.2764130e+06   3.0639648e+01
   1.2764520e+06   2.0141602e+01
   1.2764860e+06   2.3803711e+01
   1.2765200e+06   2.2705078e+01
   1.2765460e+06   2.1423340e+01
   1.2765680e+06   2.2827148e+01
   1.2766080e+06   2.5329590e+01
   1.2766870e+06   2.6733398e+01
   1.2767700e+06   2.1301270e+01
   1.2769000e+06   2.1667480e+01
   1.2769320e+06   1.9897461e+01
   1.2770130e+06   2.1484375e+01
   1.2770720e+06   2.2949219e+01
   1.2771670e+06   2.0629883e+01
   1.2771870e+06   2.0812988e+01
   1.2772410e+06   2.0202637e+01
   1.2772920e+06   2.1850586e+01
   1.2773530e+06   2.2888184e+01
   1.2774570e+06   2.0385742e+01
   1.2775070e+06   2.1606445e+01
   1.2895750e+06   2.1545410e+01
   1.3213540e+06   1.9897461e+01
   1.3214100e+06   2.4230957e+01
   1.3214440e+06   3.5949707e+01
   1.3214710e+06   3.2836914e+01
   1.3215070e+06   2.2644043e+01
   1.3215380e+06   2.7587891e+01
   1.3215550e+06   2.3193359e+01
   1.3215740e+06   2.4536133e+01
   1.3216030e+06   2.4108887e+01
   1.3216140e+06   2.6184082e+01
   1.3216410e+06   2.3254395e+01
   1.3216770e+06   2.0141602e+01
   1.3216890e+06   1.9897461e+01
   1.3217250e+06   2.0446777e+01
   1.3218540e+06   2.4658203e+01
   1.3218890e+06   2.8503418e+01
   1.3219260e+06   2.0080566e+01
   1.3220290e+06   2.3620605e+01
   1.3220760e+06   2.1789551e+01
   1.3221990e+06   2.1545410e+01
   1.3223760e+06   2.0019531e+01
   1.3226090e+06   2.0935059e+01
   1.3240680e+06   2.1179199e+01
   1.4566130e+06   2.1728516e+01
   1.4566460e+06   2.4108887e+01
   1.4566780e+06   2.0690918e+01
   1.4566990e+06   2.9663086e+01
   1.4567270e+06   2.4047852e+01
   1.4567500e+06   2.8320313e+01
   1.4567620e+06   2.8808594e+01
   1.4567930e+06   2.5695801e+01
   1.4568030e+06   2.4047852e+01
   1.4568370e+06   3.3691406e+01
   1.4568620e+06   2.4658203e+01
   1.4569260e+06   2.0324707e+01
   1.4570260e+06   2.1423340e+01
   1.4570530e+06   2.4475098e+01
   1.4571670e+06   2.3498535e+01
   1.4572350e+06   2.3559570e+01
   1.4572770e+06   2.0019531e+01
   1.4573030e+06   2.4963379e+01
   1.4573580e+06   2.0141602e+01
   1.4574750e+06   2.1057129e+01
   1.4575010e+06   2.1972656e+01
   1.4576670e+06   1.9836426e+01
   1.4784910e+06   2.0202637e+01
   1.4787780e+06   2.0629883e+01
   1.5410970e+06   2.7526855e+01
   1.5411490e+06   2.0202637e+01
   1.5411930e+06   2.3010254e+01
   1.5412040e+06   2.2888184e+01
   1.5412420e+06   2.9663086e+01
   1.5412620e+06   2.2766113e+01
   1.5412930e+06   3.6132813e+01
   1.5413200e+06   2.3742676e+01
   1.5413380e+06   3.3203125e+01
   1.5413500e+06   2.2460938e+01
   1.5413680e+06   2.4414063e+01
   1.5414170e+06   2.2399902e+01
   1.5414950e+06   2.4658203e+01
   1.5415640e+06   2.0080566e+01
   1.5416260e+06   2.5817871e+01
   1.5416450e+06   2.0080566e+01
   1.5417220e+06   2.4414063e+01
   1.5417670e+06   2.6123047e+01
   1.5418200e+06   2.2338867e+01
   1.5418370e+06   2.2338867e+01
   1.5420420e+06   2.1362305e+01
   1.5422200e+06   2.0446777e+01
   1.5425590e+06   2.2216797e+01
   1.6775980e+06   2.0019531e+01
   1.6778160e+06   2.2888184e+01
   1.6778950e+06   2.4536133e+01
   1.6779110e+06   2.0568848e+01
   1.6779530e+06   2.0568848e+01
   1.6779800e+06   2.6428223e+01
   1.6779930e+06   3.0761719e+01
   1.6780140e+06   2.7954102e+01
   1.6780870e+06   2.6367188e+01
   1.6781000e+06   3.1616211e+01
   1.6781530e+06   3.1982422e+01
   1.6782100e+06   2.5878906e+01
   1.6782460e+06   2.5695801e+01
   1.6783070e+06   1.9958496e+01
   1.6787950e+06   2.3315430e+01
   1.7161210e+06   2.2277832e+01
   1.7481780e+06   2.6733398e+01
   1.7482550e+06   2.2216797e+01
   1.7483110e+06   3.1311035e+01
   1.7483320e+06   2.4902344e+01
   1.7483430e+06   2.2033691e+01
   1.7483720e+06   2.4719238e+01
   1.7483950e+06   2.6062012e+01
   1.7484160e+06   2.1667480e+01
   1.7484260e+06   2.6489258e+01
   1.7484680e+06   3.0273438e+01
   1.7484970e+06   2.2949219e+01
   1.7485110e+06   2.1667480e+01
   1.7486390e+06   2.0751953e+01
   1.7486940e+06   3.4301758e+01
   1.7489620e+06   2.1911621e+01
   1.7514920e+06   2.1728516e+01
   1.7658170e+06   1.9958496e+01
   1.8357050e+06   2.4780273e+01
   1.8361520e+06   2.4963379e+01
   1.8361850e+06   2.3437500e+01
   1.8362290e+06   2.4169922e+01
   1.8362460e+06   1.9836426e+01
   1.8362780e+06   3.0090332e+01
   1.8363300e+06   2.7465820e+01
   1.8363560e+06   3.7475586e+01
   1.8363710e+06   2.1789551e+01
   1.8363950e+06   2.4291992e+01
   1.8364250e+06   2.1606445e+01
   1.8364680e+06   2.1850586e+01
   1.8364940e+06   2.2644043e+01
   1.8365230e+06   2.2033691e+01
   1.8365600e+06   2.6306152e+01
   1.8366220e+06   2.4108887e+01
   1.8367600e+06   2.8442383e+01
   1.8368800e+06   2.2521973e+01
   1.9156960e+06   2.0935059e+01
   1.9157330e+06   2.2766113e+01
   1.9157530e+06   2.9296875e+01
   1.9157650e+06   2.4475098e+01
   1.9157900e+06   2.7526855e+01
   1.9158200e+06   2.6367188e+01
   1.9158450e+06   2.0751953e+01
   1.9158820e+06   3.2531738e+01
   1.9159080e+06   1.9775391e+01
   1.9159360e+06   3.0151367e+01
   1.9159880e+06   3.1250000e+01
   1.9160110e+06   2.2094727e+01
   1.9160210e+06   2.5451660e+01
   1.9161010e+06   1.9775391e+01
   1.9163270e+06   2.2216797e+01
   1.9165620e+06   1.9775391e+01
   1.9726830e+06   2.1850586e+01
   1.9727100e+06   2.2888184e+01
   1.9727450e+06   2.0263672e+01
   1.9727560e+06   2.2277832e+01
   1.9728090e+06   2.9846191e+01
   1.9728360e+06   2.1484375e+01
   1.9728600e+06   2.4047852e+01
   1.9728900e+06   3.4484863e+01
   1.9729020e+06   2.6855469e+01
   1.9729240e+06   2.1118164e+01
   1.9729520e+06   2.1850586e+01
   1.9730880e+06   3.5217285e+01
   1.9733170e+06   2.7099609e+01
   2.0463790e+06   2.2399902e+01
   2.0464170e+06   2.7648926e+01
   2.0464320e+06   2.8198242e+01
   2.0464420e+06   2.2460938e+01
   2.0465070e+06   2.6123047e+01
   2.0465400e+06   2.1118164e+01
   2.0465780e+06   2.2949219e+01
   2.0465970e+06   2.1362305e+01
   2.0466630e+06   1.9958496e+01
   2.0467400e+06   2.0751953e+01
   2.0468360e+06   2.0812988e+01
   2.0468910e+06   2.0568848e+01
   2.0469620e+06   2.2094727e+01
   2.0483560e+06   1.9958496e+01
   2.1109630e+06   2.1240234e+01
   2.1110600e+06   2.0874023e+01
   2.1111430e+06   2.5573730e+01
   2.1111790e+06   2.2888184e+01
   2.1112900e+06   1.9897461e+01
   2.1113130e+06   2.5878906e+01
   2.1114130e+06   2.2216797e+01
   2.1422700e+06   2.3925781e+01
   2.2036880e+06   2.0202637e+01
   2.2076100e+06   2.2033691e+01
   2.2076770e+06   1.9897461e+01
   2.2310610e+06   1.9958496e+01
   2.2316760e+06   2.0385742e+01
   2.2583480e+06   1.9958496e+01
   2.2805240e+06   2.2277832e+01
   2.2876310e+06   1.9836426e+01
   2.3796370e+06   2.0080566e+01
   2.5787010e+06   2.0507813e+01
   2.5969190e+06   2.0263672e+01
   2.7662690e+06   2.2583008e+01
   2.7678460e+06   1.9958496e+01
   2.8003450e+06   2.1057129e+01
   2.8017130e+06   2.0202637e+01
   2.8779220e+06   2.0751953e+01
   2.8780540e+06   2.0935059e+01
   2.8780930e+06   2.0874023e+01
   2.8781100e+06   3.7231445e+01
   2.8781410e+06   2.7282715e+01
   2.8781620e+06   3.9245605e+01
   2.8781920e+06   2.3376465e+01
   2.8782080e+06   2.6184082e+01
   2.8782740e+06   2.0874023e+01
   2.8783150e+06   2.3498535e+01
   2.8784030e+06   3.2165527e+01
   2.8785040e+06   2.2094727e+01
   2.8785450e+06   2.9846191e+01
   2.8787070e+06   2.3010254e+01
   2.8787290e+06   2.1545410e+01
   2.8787970e+06   2.9357910e+01
   2.8788950e+06   2.0324707e+01
   2.8790400e+06   2.1057129e+01
   2.8794850e+06   2.3254395e+01
   2.8974180e+06   2.2583008e+01
   2.8991030e+06   2.1972656e+01
   2.9080000e+06   2.0751953e+01
   2.9194000e+06   2.1484375e+01
   2.9205930e+06   2.1484375e+01
   2.9461670e+06   2.0507813e+01
   2.9744030e+06   2.0935059e+01
   3.0539540e+06   2.0446777e+01
   3.1195020e+06   2.0996094e+01
   3.1204750e+06   2.0812988e+01
   3.4538130e+06   2.2460938e+01
   3.4538500e+06   2.3925781e+01
   3.4538730e+06   2.4780273e+01
   3.4538870e+06   2.1057129e+01
   3.4539020e+06   2.3132324e+01
   3.4539210e+06   2.0629883e+01
   3.4539550e+06   2.6000977e+01
   3.4539650e+06   2.2338867e+01
   3.4539830e+06   2.4230957e+01
   3.4540040e+06   2.0874023e+01
   3.4540640e+06   2.9968262e+01
   3.4541110e+06   2.3986816e+01
   3.4541250e+06   2.3376465e+01
   3.4541930e+06   2.4597168e+01
   3.4542200e+06   2.3681641e+01
   3.4542570e+06   2.7221680e+01
   3.4542900e+06   2.1606445e+01
   3.4543270e+06   3.3447266e+01
   3.4543750e+06   2.3071289e+01
   3.4543920e+06   2.7526855e+01
   3.4544280e+06   2.1423340e+01
   3.4545070e+06   2.4047852e+01
   3.4545670e+06   2.2155762e+01
   3.4546670e+06   2.3620605e+01
   3.4549130e+06   2.1301270e+01
   3.4550400e+06   2.1728516e+01
   3.4551030e+06   2.0446777e+01
   3.4553150e+06   2.0996094e+01
   3.4554590e+06   2.1423340e+01
   3.4556040e+06   2.5573730e+01
   3.4557240e+06   2.1972656e+01
   3.4562690e+06   2.2583008e+01
   3.4565840e+06   2.0996094e+01
   3.4754010e+06   2.2888184e+01
   3.4777260e+06   2.0385742e+01
   3.4797350e+06   2.0568848e+01
   3.4856600e+06   2.2277832e+01
   3.4897840e+06   2.2277832e+01
   3.4986190e+06   2.0935059e+01
   3.6156660e+06   2.8564453e+01
   3.6157440e+06   2.2644043e+01
   3.6157650e+06   2.0812988e+01
   3.6157890e+06   3.8085938e+01
   3.6158020e+06   2.1545410e+01
   3.6158260e+06   2.5268555e+01
   3.6158680e+06   2.6367188e+01
   3.6158980e+06   2.5939941e+01
   3.6159290e+06   2.4780273e+01
   3.6159500e+06   3.7475586e+01
   3.6159800e+06   2.0874023e+01
   3.6160090e+06   2.2827148e+01
   3.6160340e+06   2.7221680e+01
   3.6160550e+06   2.0568848e+01
   3.6160820e+06   2.0507813e+01
   3.6160990e+06   2.2766113e+01
   3.6161480e+06   2.3376465e+01
   3.6162040e+06   2.0324707e+01
   3.6162710e+06   2.5085449e+01
   3.6163930e+06   2.0263672e+01
   3.6164750e+06   2.1118164e+01
   3.6166230e+06   2.2583008e+01
   3.6167650e+06   2.2155762e+01
   3.6168960e+06   2.1789551e+01
   3.6170180e+06   2.0202637e+01
   3.6171560e+06   2.1240234e+01
   3.6171970e+06   2.1667480e+01
   3.6172470e+06   2.2094727e+01
   3.6318260e+06   2.0324707e+01
   3.6375420e+06   2.0507813e+01
   3.6499810e+06   2.0446777e+01
   3.6926760e+06   2.5329590e+01
   3.6927050e+06   3.4545898e+01
   3.6927210e+06   2.2827148e+01
   3.6927400e+06   2.8381348e+01
   3.6927520e+06   3.4851074e+01
   3.6927820e+06   2.7221680e+01
   3.6927930e+06   2.6367188e+01
   3.6928180e+06   2.8198242e+01
   3.6928400e+06   2.8381348e+01
   3.6928840e+06   2.1423340e+01
   3.6929050e+06   2.3071289e+01
   3.6929560e+06   2.4536133e+01
   3.6930700e+06   2.1606445e+01
   3.6931080e+06   2.0690918e+01
   3.6931620e+06   2.0324707e+01
   3.6934900e+06   2.0324707e+01
   3.6935310e+06   2.1484375e+01
   3.6937040e+06   2.1118164e+01
   3.6937310e+06   2.0751953e+01
   3.6938370e+06   2.2521973e+01
   3.6939130e+06   2.7526855e+01
   3.6941000e+06   2.2644043e+01
   3.6941680e+06   2.1057129e+01
   3.6943100e+06   2.1484375e+01
   3.6944200e+06   2.1118164e+01
   3.6944870e+06   2.0629883e+01
   3.6954270e+06   2.0629883e+01
   3.6969450e+06   2.1850586e+01
   3.6989890e+06   2.0385742e+01
   3.7123890e+06   2.0446777e+01
   3.7614170e+06   2.0629883e+01
   3.7614360e+06   2.4719238e+01
   3.7614510e+06   3.4301758e+01
   3.7614650e+06   3.4973145e+01
   3.7614900e+06   3.4606934e+01
   3.7615120e+06   2.5207520e+01
   3.7615270e+06   2.0202637e+01
   3.7615760e+06   2.5512695e+01
   3.7615890e+06   2.1179199e+01
   3.7616060e+06   2.1606445e+01
   3.7616460e+06   2.1423340e+01
   3.7616800e+06   2.2216797e+01
   3.7618550e+06   2.1545410e+01
   3.7620980e+06   2.2705078e+01
   3.7621640e+06   2.1667480e+01
   3.7622980e+06   2.0935059e+01
   3.7623700e+06   2.0568848e+01
   3.7624410e+06   2.2399902e+01
   3.7625790e+06   2.0507813e+01
   3.7627960e+06   2.0202637e+01
   3.7628620e+06   2.4658203e+01
   3.7629170e+06   2.2338867e+01
   3.7630310e+06   2.0385742e+01
   3.7779550e+06   3.7292480e+01
   3.7779790e+06   2.1789551e+01
   3.7780130e+06   2.5939941e+01
   3.7780450e+06   2.4780273e+01
   3.7780910e+06   2.1057129e+01
   3.7781090e+06   2.5634766e+01
   3.7781230e+06   2.3986816e+01
   3.7781520e+06   2.4047852e+01
   3.7781840e+06   2.9174805e+01
   3.7782090e+06   2.5451660e+01
   3.7782230e+06   2.5756836e+01
   3.7782720e+06   2.1789551e+01
   3.7783520e+06   2.0996094e+01
   3.7783940e+06   2.7587891e+01
   3.7784410e+06   2.3132324e+01
   3.7785950e+06   2.0874023e+01
   3.7786560e+06   2.4108887e+01
   3.7786880e+06   2.6245117e+01
   3.7788170e+06   2.0751953e+01
   3.7789670e+06   2.0812988e+01
   3.7791210e+06   2.1789551e+01
   3.7791910e+06   2.1362305e+01
   3.7793330e+06   2.0263672e+01
   3.7815950e+06   2.0874023e+01
   3.7889080e+06   2.6245117e+01
   3.7889430e+06   2.4841309e+01
   3.7889630e+06   3.2165527e+01
   3.7889820e+06   3.6987305e+01
   3.7890100e+06   2.1301270e+01
   3.7890250e+06   2.1057129e+01
   3.7890470e+06   2.3193359e+01
   3.7890830e+06   3.6437988e+01
   3.7891220e+06   3.9001465e+01
   3.7891540e+06   3.0639648e+01
   3.7891760e+06   2.2766113e+01
   3.7892190e+06   2.1240234e+01
   3.7892720e+06   2.4353027e+01
   3.7893420e+06   2.4719238e+01
   3.7897400e+06   2.0996094e+01
   3.7900500e+06   2.0568848e+01
   3.8018740e+06   2.3681641e+01
   3.8019260e+06   2.3376465e+01
   3.8019420e+06   2.6977539e+01
   3.8019910e+06   4.2663574e+01
   3.8020160e+06   2.1606445e+01
   3.8020470e+06   2.5878906e+01
   3.8020730e+06   2.2521973e+01
   3.8021110e+06   2.6428223e+01
   3.8021350e+06   3.3325195e+01
   3.8021510e+06   2.4230957e+01
   3.8021680e+06   2.2521973e+01
   3.8022210e+06   2.5390625e+01
   3.8022460e+06   2.2399902e+01
   3.8023330e+06   2.2521973e+01
   3.8023760e+06   2.4108887e+01
   3.8025980e+06   2.1240234e+01
   3.8026520e+06   2.3010254e+01
   3.8027420e+06   2.2705078e+01
   3.8027820e+06   2.3254395e+01
   3.8028410e+06   2.0690918e+01
   3.8031060e+06   2.1911621e+01
   3.8032220e+06   2.0812988e+01
   3.8034160e+06   2.8625488e+01
   3.8038530e+06   2.0568848e+01
   3.8122990e+06   2.3864746e+01
   3.8123270e+06   3.1616211e+01
   3.8123920e+06   2.3559570e+01
   3.8124120e+06   2.8625488e+01
   3.8124360e+06   2.1606445e+01
   3.8125550e+06   2.0263672e+01
   3.8125990e+06   2.6245117e+01
   3.8126200e+06   2.2644043e+01
   3.8126590e+06   2.1240234e+01
   3.8126810e+06   2.9724121e+01
   3.8127640e+06   2.2399902e+01
   3.8129140e+06   2.1545410e+01
   3.8131080e+06   2.0874023e+01
   3.8131790e+06   2.4108887e+01
   3.8134130e+06   2.7099609e+01
   3.8135890e+06   2.0385742e+01
   3.8143890e+06   2.0812988e+01
   3.8244230e+06   2.2949219e+01
   3.8244350e+06   3.6437988e+01
   3.8244590e+06   3.3508301e+01
   3.8245060e+06   2.2216797e+01
   3.8245490e+06   2.1484375e+01
   3.8245630e+06   2.2094727e+01
   3.8245860e+06   2.5024414e+01
   3.8246440e+06   2.0812988e+01
   3.8246550e+06   2.1484375e+01
   3.8249480e+06   2.0385742e+01
   3.8250000e+06   2.0751953e+01
   3.8250810e+06   2.0202637e+01
   3.8251330e+06   2.1606445e+01
   3.8252810e+06   2.2094727e+01
   3.8255820e+06   2.1789551e+01
   3.8258000e+06   2.1301270e+01
   3.8350280e+06   2.6428223e+01
   3.8351480e+06   4.1931152e+01
   3.8351890e+06   2.2033691e+01
   3.8352400e+06   2.2033691e+01
   3.8352650e+06   2.0385742e+01
   3.8352830e+06   2.0996094e+01
   3.8353330e+06   2.4230957e+01
   3.8354100e+06   2.5390625e+01
   3.8354320e+06   2.4719238e+01
   3.8354820e+06   2.3864746e+01
   3.8356900e+06   2.5451660e+01
   3.8464060e+06   2.0385742e+01
   3.8464780e+06   2.7954102e+01
   3.8464990e+06   3.2836914e+01
   3.8465120e+06   2.2094727e+01
   3.8465570e+06   2.3559570e+01
   3.8465720e+06   2.3071289e+01
   3.8466190e+06   2.7404785e+01
   3.8466440e+06   2.0629883e+01
   3.8466730e+06   2.9235840e+01
   3.8466940e+06   2.2766113e+01
   3.8467630e+06   2.1850586e+01
   3.8468500e+06   2.0812988e+01
   3.8468730e+06   2.1789551e+01
   3.8474000e+06   2.2888184e+01
   3.8558690e+06   3.1066895e+01
   3.8559040e+06   2.0324707e+01
   3.8559550e+06   2.8381348e+01
   3.8559900e+06   2.3315430e+01
   3.8560530e+06   2.2827148e+01
   3.8561650e+06   2.3071289e+01
   3.8562360e+06   2.6184082e+01
   3.8654790e+06   2.3010254e+01
   3.8655280e+06   2.0751953e+01
   3.8655570e+06   2.1911621e+01
   3.8655860e+06   2.0324707e+01
   3.8655980e+06   2.2155762e+01
   3.8656440e+06   2.2338867e+01
   3.8656780e+06   2.9663086e+01
   3.8657500e+06   2.1667480e+01
   3.8658050e+06   2.3132324e+01
   3.8658300e+06   2.2705078e+01
   3.8744030e+06   2.1423340e+01
   3.8744510e+06   2.1484375e+01
   3.8744770e+06   3.2958984e+01
   3.8745080e+06   2.3193359e+01
   3.8745350e+06   2.0812988e+01
   3.8746870e+06   2.9296875e+01
   3.8747830e+06   2.2277832e+01
   3.8749100e+06   2.0996094e+01
   3.8831270e+06   2.0324707e+01
   3.8832520e+06   2.6916504e+01
   3.8833250e+06   2.4230957e+01
   3.8833720e+06   3.1555176e+01
   3.8835030e+06   2.0812988e+01
   3.8835890e+06   2.2338867e+01
   3.8839150e+06   2.0507813e+01
   3.8980200e+06   2.0935059e+01
   3.8980910e+06   2.1972656e+01
   3.8981220e+06   2.2949219e+01
   3.8981360e+06   2.1179199e+01
   3.8982780e+06   2.3132324e+01
   3.9090380e+06   2.0812988e+01
   3.9090960e+06   2.1118164e+01
   3.9209210e+06   2.0385742e+01
   3.9349800e+06   2.1545410e+01
   3.9519810e+06   2.3376465e+01
   3.9523160e+06   2.0935059e+01
   3.9761130e+06   2.1484375e+01
   3.9765840e+06   2.1362305e+01
   3.9875550e+06   2.0446777e+01
   4.0192940e+06   2.2521973e+01
   4.0314780e+06   2.0690918e+01
   4.1400450e+06   2.7893066e+01
   4.3991200e+06   2.3681641e+01
   4.3991630e+06   2.7954102e+01
   4.3992070e+06   2.3193359e+01
   4.3992360e+06   2.0263672e+01
   4.3992560e+06   2.4414063e+01
   4.3992820e+06   2.9907227e+01
   4.3993000e+06   2.5634766e+01
   4.3993100e+06   2.2399902e+01
   4.3993430e+06   2.5024414e+01
   4.3993670e+06   2.3010254e+01
   4.3993990e+06   2.2766113e+01
   4.3994120e+06   3.1066895e+01
   4.3994540e+06   2.1362305e+01
   4.3995070e+06   2.8808594e+01
   4.3995550e+06   2.8686523e+01
   4.3996020e+06   2.1972656e+01
   4.3996190e+06   3.4606934e+01
   4.3996350e+06   2.0446777e+01
   4.3996730e+06   2.5268555e+01
   4.3997310e+06   2.5512695e+01
   4.3997930e+06   2.7526855e+01
   4.3998240e+06   2.0385742e+01
   4.3999140e+06   2.0568848e+01
   4.4228560e+06   2.0935059e+01
   4.4232560e+06   2.0751953e+01
   4.4242850e+06   2.3010254e+01
   4.5141490e+06   2.0507813e+01
   4.5141890e+06   2.1240234e+01
   4.5142180e+06   2.2949219e+01
   4.5142340e+06   2.5573730e+01
   4.5142570e+06   2.6123047e+01
   4.5142720e+06   2.3681641e+01
   4.5143030e+06   2.4963379e+01
   4.5143280e+06   2.1911621e+01
   4.5143580e+06   3.6437988e+01
   4.5143710e+06   2.1362305e+01
   4.5144020e+06   3.4301758e+01
   4.5144540e+06   2.8991699e+01
   4.5146220e+06   2.4780273e+01
   4.5147000e+06   2.1850586e+01
   4.5147740e+06   2.0629883e+01
   4.5148370e+06   2.2583008e+01
   4.5149030e+06   2.1545410e+01
   4.5149420e+06   2.1911621e+01
   4.5150400e+06   2.3193359e+01
   4.5151820e+06   2.0507813e+01
   4.5154220e+06   2.0996094e+01
   4.5156860e+06   2.1911621e+01
   4.5157700e+06   2.2155762e+01
   4.5169110e+06   2.1240234e+01
   4.5334580e+06   2.0690918e+01
   4.6079150e+06   2.0324707e+01
   4.6079380e+06   2.4047852e+01
   4.6079650e+06   2.0324707e+01
   4.6079890e+06   2.8625488e+01
   4.6080040e+06   2.0446777e+01
   4.6080280e+06   3.6499023e+01
   4.6080490e+06   3.9306641e+01
   4.6080700e+06   3.1799316e+01
   4.6080930e+06   3.5583496e+01
   4.6081130e+06   2.0446777e+01
   4.6081740e+06   2.1850586e+01
   4.6082800e+06   2.2338867e+01
   4.6083300e+06   2.0263672e+01
   4.6084150e+06   2.0751953e+01
   4.6084510e+06   2.5573730e+01
   4.6085130e+06   2.0874023e+01
   4.6085610e+06   2.0629883e+01
   4.6086020e+06   2.3193359e+01
   4.6086270e+06   2.4658203e+01
   4.6086950e+06   2.2216797e+01
   4.6088120e+06   2.1301270e+01
   4.6088430e+06   2.2216797e+01
   4.6088890e+06   2.0812988e+01
   4.6089040e+06   2.1484375e+01
   4.6090120e+06   2.9479980e+01
   4.6095040e+06   2.0812988e+01
   4.6100010e+06   2.0935059e+01
   4.6943630e+06   3.1799316e+01
   4.6944210e+06   2.3315430e+01
   4.6944340e+06   2.5512695e+01
   4.6944640e+06   2.7404785e+01
   4.6944880e+06   2.3986816e+01
   4.6945070e+06   4.6386719e+01
   4.6945310e+06   3.1555176e+01
   4.6946000e+06   2.0751953e+01
   4.6946190e+06   2.5024414e+01
   4.6946990e+06   2.6184082e+01
   4.6948240e+06   2.3132324e+01
   4.6949310e+06   2.4230957e+01
   4.6949840e+06   2.3193359e+01
   4.6949950e+06   2.1972656e+01
   4.6950240e+06   2.2583008e+01
   4.6950980e+06   2.1545410e+01
   4.6951460e+06   2.0385742e+01
   4.6951750e+06   2.2766113e+01
   4.6952560e+06   2.4414063e+01
   4.6952980e+06   2.1911621e+01
   4.6954970e+06   2.1667480e+01
   4.6956030e+06   2.0202637e+01
   4.6956740e+06   2.3742676e+01
   4.6957430e+06   2.2277832e+01
   4.6958840e+06   2.3498535e+01
   4.6969180e+06   2.1606445e+01
   4.6978190e+06   2.1545410e+01
   4.7844440e+06   2.0324707e+01
   4.7845160e+06   2.2338867e+01
   4.7845320e+06   2.5573730e+01
   4.7845630e+06   2.9846191e+01
   4.7845760e+06   2.6794434e+01
   4.7846040e+06   2.6733398e+01
   4.7846340e+06   3.8757324e+01
   4.7846700e+06   2.4475098e+01
   4.7847020e+06   2.0385742e+01
   4.7847310e+06   2.0935059e+01
   4.7847650e+06   2.6123047e+01
   4.7847960e+06   2.1972656e+01
   4.7849060e+06   2.1057129e+01
   4.7849960e+06   2.6245117e+01
   4.7851300e+06   2.2094727e+01
   4.7851690e+06   2.4047852e+01
   4.7852480e+06   2.7587891e+01
   4.7853150e+06   2.1850586e+01
   4.7854610e+06   2.1606445e+01
   4.7855190e+06   2.3376465e+01
   4.7856880e+06   2.0874023e+01
   4.7860120e+06   2.2033691e+01
   4.8597490e+06   2.6000977e+01
   4.8597610e+06   2.6794434e+01
   4.8598380e+06   3.2470703e+01
   4.8598550e+06   2.8137207e+01
   4.8598820e+06   2.5024414e+01
   4.8599030e+06   3.0029297e+01
   4.8599220e+06   3.0334473e+01
   4.8599670e+06   3.0151367e+01
   4.8600100e+06   2.5634766e+01
   4.8600390e+06   2.9113770e+01
   4.8600750e+06   2.0202637e+01
   4.8600860e+06   2.0385742e+01
   4.8601430e+06   2.0996094e+01
   4.8602150e+06   2.3620605e+01
   4.8602250e+06   2.1545410e+01
   4.8602450e+06   2.2644043e+01
   4.8603130e+06   2.1118164e+01
   4.8603810e+06   3.3447266e+01
   4.8605240e+06   2.1301270e+01
   4.9331950e+06   2.1606445e+01
   4.9332100e+06   2.1667480e+01
   4.9332480e+06   2.2888184e+01
   4.9332820e+06   3.0700684e+01
   4.9332950e+06   2.8076172e+01
   4.9333250e+06   3.3935547e+01
   4.9333500e+06   2.2033691e+01
   4.9333770e+06   2.9052734e+01
   4.9333950e+06   3.4179688e+01
   4.9334120e+06   2.6977539e+01
   4.9334500e+06   2.6245117e+01
   4.9334700e+06   2.2399902e+01
   4.9335000e+06   3.2958984e+01
   4.9335590e+06   2.1606445e+01
   4.9335910e+06   2.4841309e+01
   4.9336200e+06   2.6123047e+01
   4.9337590e+06   2.0629883e+01
   4.9339410e+06   2.1789551e+01
   4.9339730e+06   2.1667480e+01
   5.0039140e+06   2.3071289e+01
   5.0039440e+06   2.1301270e+01
   5.0039740e+06   2.9907227e+01
   5.0040150e+06   2.1484375e+01
   5.0040420e+06   2.2338867e+01
   5.0041040e+06   3.1127930e+01
   5.0041620e+06   3.1433105e+01
   5.0041720e+06   2.1301270e+01
   5.0041870e+06   2.4719238e+01
   5.0042230e+06   2.6306152e+01
   5.0042360e+06   2.9724121e+01
   5.0043050e+06   2.9602051e+01
   5.0043390e+06   3.0273438e+01
   5.0043780e+06   2.1423340e+01
   5.0046670e+06   2.3559570e+01
   5.0051750e+06   3.0334473e+01
   5.0688000e+06   2.2949219e+01
   5.0688480e+06   2.3132324e+01
   5.0688800e+06   2.0996094e+01
   5.0688950e+06   2.2949219e+01
   5.0689490e+06   2.5512695e+01
   5.0689670e+06   2.1850586e+01
   5.0689900e+06   2.2766113e+01
   5.0690310e+06   2.1423340e+01
   5.0690470e+06   3.5217285e+01
   5.0690710e+06   2.1301270e+01
   5.0691060e+06   2.1606445e+01
   5.0691320e+06   2.0446777e+01
   5.0691850e+06   2.6855469e+01
   5.0692770e+06   2.1728516e+01
   5.0693260e+06   2.2460938e+01
   5.0694320e+06   2.3437500e+01
   5.0695920e+06   2.2338867e+01
   5.1375780e+06   2.2949219e+01
   5.1376380e+06   2.3498535e+01
   5.1376480e+06   2.5268555e+01
   5.1376960e+06   2.4902344e+01
   5.1377210e+06   2.9907227e+01
   5.1377420e+06   3.1921387e+01
   5.1377780e+06   2.3254395e+01
   5.1377880e+06   2.1911621e+01
   5.1378180e+06   3.3630371e+01
   5.1378520e+06   2.7648926e+01
   5.1378930e+06   2.4169922e+01
   5.1379200e+06   2.0568848e+01
   5.1379500e+06   2.7038574e+01
   5.1379720e+06   2.2216797e+01
   5.1380040e+06   2.3010254e+01
   5.1383020e+06   2.9235840e+01
   5.2047090e+06   2.3437500e+01
   5.2047520e+06   2.1423340e+01
   5.2047700e+06   2.3132324e+01
   5.2048320e+06   2.0935059e+01
   5.2049050e+06   2.1484375e+01
   5.2049940e+06   2.1057129e+01
   5.2050270e+06   2.9479980e+01
   5.2050960e+06   2.0385742e+01
   5.2669790e+06   2.0446777e+01
   5.2683420e+06   2.5634766e+01
   5.2685440e+06   2.1301270e+01
   5.2686110e+06   4.5837402e+01
   5.2686670e+06   2.3315430e+01
   5.2686880e+06   2.3315430e+01
   5.2687090e+06   2.4230957e+01
   5.2687630e+06   2.9357910e+01
   5.2688160e+06   2.3254395e+01
   5.2688500e+06   2.1362305e+01
   5.2688830e+06   2.1179199e+01
   5.2689590e+06   2.0996094e+01
   5.2690350e+06   2.1911621e+01
   5.3313620e+06   2.0263672e+01
   5.3315360e+06   2.0324707e+01
   5.3315590e+06   2.5634766e+01
   5.3315990e+06   2.1057129e+01
   5.3317960e+06   2.0324707e+01
   5.3318590e+06   2.0507813e+01
   5.3321280e+06   2.3620605e+01
   5.3955120e+06   2.8442383e+01
   5.3956280e+06   2.0996094e+01
   5.4595930e+06   2.0935059e+01
   5.4596770e+06   2.2277832e+01
   5.5194180e+06   2.2521973e+01
   5.5194690e+06   2.0446777e+01
   5.5773290e+06   2.0629883e+01
   5.5776780e+06   2.2949219e+01
   5.5793710e+06   2.1911621e+01
   5.6441650e+06   2.3437500e+01
   5.6442050e+06   2.2521973e+01
   5.6442550e+06   2.8808594e+01
   5.6442740e+06   2.3803711e+01
   5.6442870e+06   2.5146484e+01
   5.6442990e+06   2.4658203e+01
   5.6443210e+06   4.0100098e+01
   5.6443680e+06   2.6306152e+01
   5.6444160e+06   2.1972656e+01
   5.6444380e+06   2.0812988e+01
   5.6444910e+06   2.6367188e+01
   5.6445370e+06   2.3925781e+01
   5.6446380e+06   2.2521973e+01
   5.6446920e+06   2.1362305e+01
   5.6447140e+06   2.2277832e+01
   5.6447950e+06   2.4414063e+01
   5.6450790e+06   2.0385742e+01
   5.6631480e+06   2.0446777e+01
   5.7185630e+06   2.2399902e+01
   5.7189510e+06   2.1667480e+01
   5.7190890e+06   2.1240234e+01
   5.7192770e+06   2.3681641e+01
   5.7193880e+06   2.1240234e+01
   5.7201980e+06   2.1179199e+01
   5.7872220e+06   2.1118164e+01
   5.7872880e+06   2.6550293e+01
   5.7873450e+06   3.1616211e+01
   5.7873640e+06   2.2766113e+01
   5.7873840e+06   2.5268555e+01
   5.7874030e+06   2.9907227e+01
   5.7874180e+06   2.4536133e+01
   5.7874460e+06   2.8686523e+01
   5.7874630e+06   2.3315430e+01
   5.7875450e+06   2.7160645e+01
   5.7875730e+06   2.0202637e+01
   5.7875970e+06   2.3986816e+01
   5.7876090e+06   2.0935059e+01
   5.7876760e+06   2.3437500e+01
   5.7877860e+06   2.2338867e+01
   5.7878340e+06   2.1362305e+01
   5.7880320e+06   2.0935059e+01
   5.7881250e+06   2.2888184e+01
   5.8219570e+06   2.0629883e+01
   5.8229840e+06   2.1667480e+01
   5.8628850e+06   2.1606445e+01
   5.8629340e+06   2.0751953e+01
   5.8629600e+06   3.1921387e+01
   5.8630070e+06   2.3620605e+01
   5.8630590e+06   2.3681641e+01
   5.8630910e+06   4.4738770e+01
   5.8631020e+06   2.2216797e+01
   5.8631230e+06   2.2033691e+01
   5.8631510e+06   4.3029785e+01
   5.8632030e+06   2.5634766e+01
   5.8632150e+06   3.4606934e+01
   5.8632390e+06   2.0629883e+01
   5.8632620e+06   2.0996094e+01
   5.8633280e+06   2.7526855e+01
   5.8633730e+06   2.2888184e+01
   5.8634180e+06   2.6184082e+01
   5.8634510e+06   3.6682129e+01
   5.8635400e+06   2.3559570e+01
   5.8635790e+06   2.0568848e+01
   5.8636410e+06   2.5634766e+01
   5.8637870e+06   3.1250000e+01
   5.8639520e+06   2.4414063e+01
   5.8641450e+06   2.1179199e+01
   5.8644400e+06   2.0263672e+01
   5.9139770e+06   2.1789551e+01
   5.9231930e+06   2.4536133e+01
   5.9390450e+06   2.8198242e+01
   5.9391030e+06   2.0996094e+01
   5.9391860e+06   2.0629883e+01
   5.9392010e+06   2.1057129e+01
   5.9392490e+06   2.7282715e+01
   5.9392780e+06   2.7954102e+01
   5.9393080e+06   2.8076172e+01
   5.9393420e+06   2.4230957e+01
   5.9393740e+06   2.6306152e+01
   5.9394100e+06   2.5817871e+01
   5.9394500e+06   3.0517578e+01
   5.9394610e+06   2.0812988e+01
   5.9395160e+06   2.0324707e+01
   5.9396020e+06   2.4963379e+01
   5.9396350e+06   2.2338867e+01
   5.9396510e+06   2.3315430e+01
   5.9397480e+06   2.0568848e+01
   5.9398780e+06   2.3864746e+01
   5.9400370e+06   2.6550293e+01
   5.9403140e+06   2.0446777e+01
   5.9968740e+06   2.1362305e+01
   5.9969250e+06   2.0629883e+01
   5.9969450e+06   2.0751953e+01
   5.9970440e+06   2.2216797e+01
   5.9972240e+06   2.1362305e+01
   5.9972990e+06   2.0568848e+01
   5.9975200e+06   2.1179199e+01
   5.9991380e+06   2.0996094e+01
   6.0590550e+06   2.0812988e+01
   6.0591010e+06   2.2644043e+01
   6.0591520e+06   2.3376465e+01
   6.0591760e+06   2.1301270e+01
   6.0592190e+06   2.7526855e+01
   6.0592360e+06   2.8991699e+01
   6.0593580e+06   3.1616211e+01
   6.0594290e+06   1.9958496e+01
   6.0595850e+06   2.8076172e+01
   6.0596480e+06   2.0385742e+01
   6.0598110e+06   2.0263672e+01
   6.1164820e+06   2.2033691e+01
   6.1231280e+06   2.2216797e+01
   6.1238230e+06   2.3071289e+01
   6.1586310e+06   2.2399902e+01
   6.2134220e+06   2.1423340e+01
   6.2301740e+06   2.0629883e+01
   6.2870450e+06   2.0935059e+01
   6.2873890e+06   2.0385742e+01
   6.3506350e+06   2.2521973e+01
   6.3529100e+06   2.1667480e+01
   6.5044330e+06   2.2033691e+01
   6.7390120e+06   2.5146484e+01
   6.7390730e+06   2.9235840e+01
   6.7390960e+06   3.4179688e+01
   6.7391330e+06   2.5756836e+01
   6.7391560e+06   2.7160645e+01
   6.7391700e+06   2.5573730e+01
   6.7392030e+06   2.5695801e+01
   6.7392340e+06   2.0263672e+01
   6.7392530e+06   2.0446777e+01
   6.7392820e+06   2.5817871e+01
   6.7393130e+06   2.2155762e+01
   6.7395020e+06   2.2338867e+01
   6.7395290e+06   2.0019531e+01
   6.7395930e+06   3.0639648e+01
   6.7396370e+06   2.0446777e+01
   6.7396830e+06   2.3864746e+01
   6.7397260e+06   2.0263672e+01
   6.7397400e+06   2.6306152e+01
   6.7398020e+06   2.6000977e+01
   6.7398570e+06   3.1433105e+01
   6.7398910e+06   2.4597168e+01
   6.7399160e+06   2.0568848e+01
   6.7399690e+06   2.0385742e+01
   6.7400540e+06   2.0019531e+01
   6.7401830e+06   2.1728516e+01
   6.7402230e+06   2.2216797e+01
   6.7404810e+06   2.0751953e+01
   6.7411600e+06   2.0080566e+01
   6.7411990e+06   2.4108887e+01
   6.9098860e+06   2.0568848e+01
   6.9099120e+06   3.1127930e+01
   6.9099350e+06   2.4291992e+01
   6.9099800e+06   2.1362305e+01
   6.9099950e+06   2.9235840e+01
   6.9100300e+06   2.5085449e+01
   6.9100700e+06   2.7526855e+01
   6.9101580e+06   2.2888184e+01
   6.9102010e+06   2.8625488e+01
   6.9102340e+06   2.3071289e+01
   6.9102650e+06   2.1911621e+01
   6.9102890e+06   2.4230957e+01
   6.9103460e+06   2.6550293e+01
   6.9105000e+06   2.9052734e+01
   6.9106140e+06   2.0629883e+01
   6.9107260e+06   2.1484375e+01
   6.9108370e+06   2.6733398e+01
   6.9111250e+06   3.0883789e+01
   6.9114760e+06   2.0812988e+01
   6.9116430e+06   2.1301270e+01
   6.9117750e+06   2.0019531e+01
   6.9129470e+06   2.0202637e+01
   7.0057260e+06   2.0080566e+01
   7.0449990e+06   2.0446777e+01
   7.0450430e+06   2.3986816e+01
   7.0450700e+06   3.0883789e+01
   7.0451060e+06   4.1137695e+01
   7.0451440e+06   3.7170410e+01
   7.0451700e+06   2.3864746e+01
   7.0451850e+06   2.6489258e+01
   7.0452020e+06   2.0263672e+01
   7.0452300e+06   2.5634766e+01
   7.0452550e+06   2.2094727e+01
   7.0453180e+06   2.0385742e+01
   7.0453530e+06   3.2470703e+01
   7.0453980e+06   2.2216797e+01
   7.0455200e+06   2.1057129e+01
   7.0455540e+06   2.8686523e+01
   7.0456140e+06   2.0019531e+01
   7.0456690e+06   2.2460937e+01
   7.0463820e+06   2.0874023e+01
   7.0465830e+06   2.0507813e+01
   7.0466220e+06   2.1057129e+01
   7.0469240e+06   2.0202637e+01
   7.0470420e+06   2.1240234e+01
   7.0661950e+06   2.0263672e+01
   7.0680570e+06   2.0263672e+01
   7.0685280e+06   2.1423340e+01
   7.0695910e+06   2.0385742e+01
   7.0758920e+06   2.8869629e+01
   7.0759290e+06   3.0151367e+01
   7.0759410e+06   2.0141602e+01
   7.0759570e+06   2.0812988e+01
   7.0759820e+06   3.2104492e+01
   7.0759930e+06   2.4658203e+01
   7.0760170e+06   2.4047852e+01
   7.0760620e+06   3.4301758e+01
   7.0761230e+06   2.1911621e+01
   7.0761640e+06   2.5756836e+01
   7.0761910e+06   2.3986816e+01
   7.0762200e+06   2.6855469e+01
   7.0762720e+06   1.9958496e+01
   7.0763310e+06   2.3254395e+01
   7.0763680e+06   2.0568848e+01
   7.0767090e+06   2.1423340e+01
   7.0767550e+06   1.9897461e+01
   7.0769020e+06   2.0751953e+01
   7.0769870e+06   2.0141602e+01
   7.0773220e+06   2.1911621e+01
   7.0773550e+06   2.1423340e+01
   7.0779410e+06   2.2399902e+01
   7.0781980e+06   2.1362305e+01
   7.0785870e+06   2.1667480e+01
   7.0989750e+06   2.0446777e+01
   7.1168070e+06   4.3457031e+01
   7.1168290e+06   3.7658691e+01
   7.1168410e+06   2.1972656e+01
   7.1168740e+06   3.1127930e+01
   7.1169120e+06   2.4230957e+01
   7.1169220e+06   2.1545410e+01
   7.1169490e+06   2.1606445e+01
   7.1169660e+06   2.0507813e+01
   7.1170970e+06   2.1240234e+01
   7.1171360e+06   2.1545410e+01
   7.1171660e+06   2.1484375e+01
   7.1172400e+06   2.1057129e+01
   7.1173930e+06   2.2460938e+01
   7.1174900e+06   2.1789551e+01
   7.1176030e+06   2.1728516e+01
   7.1176280e+06   2.5207520e+01
   7.1176630e+06   2.5390625e+01
   7.1177320e+06   2.6367188e+01
   7.1178620e+06   2.3620605e+01
   7.1185210e+06   2.4536133e+01
   7.1187810e+06   2.1484375e+01
   7.1189180e+06   2.0507813e+01
   7.1201000e+06   2.0385742e+01
   7.1206140e+06   2.0202637e+01
   7.1213260e+06   2.0080566e+01
   7.1251450e+06   2.0141602e+01
   7.1308970e+06   2.2583008e+01
   7.1309090e+06   2.7526855e+01
   7.1309310e+06   2.0019531e+01
   7.1309850e+06   2.7160645e+01
   7.1310060e+06   2.0812988e+01
   7.1310600e+06   2.9968262e+01
   7.1310900e+06   3.0212402e+01
   7.1311310e+06   2.2155762e+01
   7.1311800e+06   2.1423340e+01
   7.1312060e+06   3.0883789e+01
   7.1312450e+06   2.1850586e+01
   7.1312820e+06   2.0507813e+01
   7.1313420e+06   2.8747559e+01
   7.1313740e+06   2.1118164e+01
   7.1314490e+06   2.2155762e+01
   7.1316310e+06   2.2338867e+01
   7.1319350e+06   2.0874023e+01
   7.1320120e+06   2.0324707e+01
   7.1424470e+06   3.2104492e+01
   7.1424650e+06   2.5573730e+01
   7.1424970e+06   2.8137207e+01
   7.1425090e+06   2.6855469e+01
   7.1425480e+06   2.1850586e+01
   7.1425780e+06   2.0141602e+01
   7.1425910e+06   2.4108887e+01
   7.1426180e+06   2.0629883e+01
   7.1426630e+06   2.4719238e+01
   7.1428760e+06   2.0507813e+01
   7.1429000e+06   2.2583008e+01
   7.1429450e+06   2.4169922e+01
   7.1429870e+06   2.4780273e+01
   7.1430350e+06   2.4658203e+01
   7.1431110e+06   2.0996094e+01
   7.1433780e+06   2.3010254e+01
   7.1435390e+06   2.3437500e+01
   7.1436660e+06   2.1057129e+01
   7.1438120e+06   2.3071289e+01
   7.1448510e+06   2.1240234e+01
   7.1525940e+06   2.9663086e+01
   7.1526160e+06   2.5878906e+01
   7.1526410e+06   2.7648926e+01
   7.1526520e+06   3.7292480e+01
   7.1526760e+06   2.9235840e+01
   7.1527050e+06   2.9418945e+01
   7.1527970e+06   2.2583008e+01
   7.1528330e+06   2.8808594e+01
   7.1529240e+06   2.3498535e+01
   7.1529560e+06   2.3559570e+01
   7.1529990e+06   2.0019531e+01
   7.1530420e+06   2.8930664e+01
   7.1532310e+06   2.1911621e+01
   7.1537080e+06   2.3376465e+01
   7.1625450e+06   2.1911621e+01
   7.1625570e+06   2.1301270e+01
   7.1625810e+06   2.6184082e+01
   7.1626120e+06   3.8024902e+01
   7.1626480e+06   2.2216797e+01
   7.1626660e+06   2.1850586e+01
   7.1627000e+06   2.7465820e+01
   7.1627130e+06   2.0019531e+01
   7.1627640e+06   2.2644043e+01
   7.1627840e+06   2.0629883e+01
   7.1628230e+06   2.0568848e+01
   7.1628850e+06   2.3376465e+01
   7.1629020e+06   2.1606445e+01
   7.1629880e+06   2.6794434e+01
   7.1630440e+06   2.0385742e+01
   7.1631660e+06   2.3376465e+01
   7.1632530e+06   2.1972656e+01
   7.1634220e+06   1.9958496e+01
   7.1726130e+06   2.1057129e+01
   7.1726310e+06   2.7160645e+01
   7.1726560e+06   3.3752441e+01
   7.1726680e+06   3.1127930e+01
   7.1727020e+06   2.8869629e+01
   7.1727560e+06   3.0700684e+01
   7.1727950e+06   3.4545898e+01
   7.1730060e+06   2.6550293e+01
   7.1731570e+06   2.2644043e+01
   7.1737580e+06   2.0019531e+01
   7.1819540e+06   2.2155762e+01
   7.1820450e+06   2.9235840e+01
   7.1821280e+06   1.9897461e+01
   7.1821510e+06   2.7221680e+01
   7.1821820e+06   2.0629883e+01
   7.1822300e+06   2.2460938e+01
   7.1822430e+06   2.0080566e+01
   7.1823890e+06   2.3986816e+01
   7.1900750e+06   1.9958496e+01
   7.1901820e+06   2.4841309e+01
   7.1902080e+06   2.6184082e+01
   7.1902710e+06   3.1555176e+01
   7.1902890e+06   2.6672363e+01
   7.1903660e+06   1.9958496e+01
   7.1905850e+06   3.5034180e+01
   7.1907810e+06   2.2033691e+01
   7.1909710e+06   2.0690918e+01
   7.1909900e+06   2.1423340e+01
   7.1984870e+06   2.3010254e+01
   7.1985120e+06   2.3620605e+01
   7.1985770e+06   2.1911621e+01
   7.1986040e+06   3.0578613e+01
   7.1986220e+06   2.0080566e+01
   7.1988440e+06   2.4963379e+01
   7.1991200e+06   2.0690918e+01
   7.2070450e+06   2.0202637e+01
   7.2070580e+06   2.1606445e+01
   7.2071350e+06   2.3193359e+01
   7.2071620e+06   2.2338867e+01
   7.2071800e+06   3.1677246e+01
   7.2072160e+06   2.5146484e+01
   7.2155440e+06   2.1179199e+01
   7.2157170e+06   2.4475098e+01
   7.2157700e+06   2.5390625e+01
   7.2272630e+06   2.7404785e+01
   7.2273440e+06   2.2277832e+01
   7.2356190e+06   2.1057129e+01
   7.2497320e+06   2.1545410e+01
   7.2499510e+06   2.3742676e+01
   7.2587800e+06   2.1972656e+01
   7.2590900e+06   2.0324707e+01
   7.2592780e+06   2.0629883e+01
   7.2679670e+06   2.2827148e+01
   7.3846150e+06   2.0446777e+01
   7.4063150e+06   2.0568848e+01
   7.5326320e+06   2.0629883e+01
   7.5898720e+06   2.2888184e+01
   7.5899060e+06   2.4414063e+01
   7.5899270e+06   3.1677246e+01
   7.5899440e+06   2.7832031e+01
   7.5899620e+06   2.0202637e+01
   7.5899970e+06   3.5461426e+01
   7.5900080e+06   2.0263672e+01
   7.5900260e+06   2.1118164e+01
   7.5900420e+06   2.2766113e+01
   7.5900570e+06   2.1423340e+01
   7.5901030e+06   2.9052734e+01
   7.5901330e+06   2.2399902e+01
   7.5902360e+06   3.5522461e+01
   7.5903120e+06   2.1301270e+01
   7.5904390e+06   2.6794434e+01
   7.5905010e+06   2.2705078e+01
   7.5906430e+06   2.8686523e+01
   7.5907900e+06   2.0446777e+01
   7.5914080e+06   2.1789551e+01
   7.8580040e+06   2.0568848e+01
   7.8581210e+06   2.2888184e+01
   7.8581370e+06   4.2175293e+01
   7.8581750e+06   3.1677246e+01
   7.8581970e+06   2.4658203e+01
   7.8582180e+06   2.8930664e+01
   7.8582580e+06   3.0944824e+01
   7.8582780e+06   2.0507813e+01
   7.8582990e+06   2.0935059e+01
   7.8583200e+06   2.0935059e+01
   7.8583810e+06   3.3813477e+01
   7.8584530e+06   2.1240234e+01
   7.8584690e+06   2.2949219e+01
   7.8585190e+06   2.6489258e+01
   7.8585460e+06   2.1911621e+01
   7.8586310e+06   2.8015137e+01
   7.8586590e+06   2.0690918e+01
   7.8586830e+06   3.1188965e+01
   7.8587160e+06   2.6794434e+01
   7.8590300e+06   2.0019531e+01
   7.8590990e+06   1.9958496e+01
   7.8591490e+06   2.7221680e+01
   7.8591770e+06   2.0690918e+01
   7.9761560e+06   2.1240234e+01
   7.9762090e+06   2.2033691e+01
   7.9762570e+06   3.3935547e+01
   7.9762670e+06   2.5390625e+01
   7.9763000e+06   2.4108887e+01
   7.9763100e+06   2.5024414e+01
   7.9763400e+06   3.2592773e+01
   7.9763730e+06   2.8076172e+01
   7.9764080e+06   2.0996094e+01
   7.9764350e+06   3.5095215e+01
   7.9765230e+06   2.4291992e+01
   7.9765730e+06   2.1301270e+01
   7.9766450e+06   2.1789551e+01
   7.9766680e+06   3.0883789e+01
   7.9767160e+06   3.3752441e+01
   7.9768240e+06   2.3681641e+01
   7.9768630e+06   2.4963379e+01
   7.9769750e+06   2.1972656e+01
   7.9770020e+06   2.0507813e+01
   7.9770410e+06   2.0324707e+01
   7.9771160e+06   2.4597168e+01
   7.9772150e+06   2.1728516e+01
   7.9773400e+06   2.0629883e+01
   7.9774190e+06   2.7038574e+01
   7.9777330e+06   2.1972656e+01
   7.9778270e+06   2.3864746e+01
   7.9783120e+06   2.0385742e+01
   7.9815090e+06   2.0629883e+01
   8.0783990e+06   2.5756836e+01
   8.0784650e+06   2.1606445e+01
   8.0784880e+06   2.9479980e+01
   8.0785150e+06   4.4067383e+01
   8.0785470e+06   2.2949219e+01
   8.0785660e+06   2.0690918e+01
   8.0785780e+06   2.3193359e+01
   8.0786240e+06   2.0629883e+01
   8.0786710e+06   2.1301270e+01
   8.0787880e+06   2.0141602e+01
   8.0788380e+06   2.8503418e+01
   8.0789600e+06   2.6000977e+01
   8.0791380e+06   2.3803711e+01
   8.0792720e+06   2.0263672e+01
   8.0793410e+06   2.5756836e+01
   8.0793860e+06   2.0812988e+01
   8.0794810e+06   2.1606445e+01
   8.0795570e+06   2.7893066e+01
   8.0795960e+06   2.0324707e+01
   8.0797510e+06   2.1972656e+01
   8.1572410e+06   1.9897461e+01
   8.1572700e+06   2.4841309e+01
   8.1573130e+06   2.8991699e+01
   8.1573340e+06   3.1616211e+01
   8.1573620e+06   2.9235840e+01
   8.1573870e+06   2.1240234e+01
   8.1573980e+06   2.6000977e+01
   8.1574390e+06   2.6000977e+01
   8.1574520e+06   2.0446777e+01
   8.1575070e+06   2.0202637e+01
   8.1575270e+06   2.8198242e+01
   8.1575530e+06   2.0751953e+01
   8.1575840e+06   2.4475098e+01
   8.1576290e+06   2.6733398e+01
   8.1577240e+06   2.1240234e+01
   8.1577930e+06   2.1850586e+01
   8.1580320e+06   2.4475098e+01
   8.1583660e+06   2.0263672e+01
   8.1583990e+06   2.0080566e+01
   8.1586070e+06   2.4658203e+01
   8.1587780e+06   2.0385742e+01
   8.1601930e+06   2.0080566e+01
   8.1609960e+06   2.1179199e+01
   8.1784960e+06   2.0874023e+01
   8.2194680e+06   2.1789551e+01
   8.2194910e+06   2.2888184e+01
   8.2195100e+06   3.0639648e+01
   8.2195400e+06   2.1240234e+01
   8.2195600e+06   3.2287598e+01
   8.2195950e+06   2.8869629e+01
   8.2196250e+06   2.8930664e+01
   8.2196400e+06   2.4841309e+01
   8.2196680e+06   3.2531738e+01
   8.2196850e+06   2.2583008e+01
   8.2197130e+06   2.2888184e+01
   8.2197420e+06   2.1484375e+01
   8.2197840e+06   2.0385742e+01
   8.2198960e+06   2.1484375e+01
   8.2199120e+06   2.0385742e+01
   8.2199480e+06   1.9897461e+01
   8.2199580e+06   1.9897461e+01
   8.2201650e+06   2.0629883e+01
   8.2202180e+06   2.1789551e+01
   8.2202940e+06   2.0812988e+01
   8.2203650e+06   2.1545410e+01
   8.2204850e+06   2.0385742e+01
   8.2205090e+06   2.6000977e+01
   8.2217010e+06   2.0080566e+01
   8.2224920e+06   2.1240234e+01
   8.2680370e+06   2.3254395e+01
   8.2680910e+06   2.2888184e+01
   8.2681710e+06   1.9958496e+01
   8.2681950e+06   2.2460938e+01
   8.2682400e+06   2.0202637e+01
   8.2682690e+06   2.7099609e+01
   8.2682870e+06   3.0151367e+01
   8.2683080e+06   3.3813477e+01
   8.2683410e+06   2.0629883e+01
   8.2683530e+06   2.8076172e+01
   8.2683820e+06   4.3640137e+01
   8.2684030e+06   2.4841309e+01
   8.2684410e+06   3.7719727e+01
   8.2685040e+06   2.5024414e+01
   8.2685190e+06   2.0690918e+01
   8.2685400e+06   2.7343750e+01
   8.2685940e+06   1.9897461e+01
   8.2686570e+06   2.1545410e+01
   8.2686780e+06   2.0446777e+01
   8.2689030e+06   2.1240234e+01
   8.2689400e+06   2.1240234e+01
   8.2691040e+06   2.2399902e+01
   8.2693700e+06   2.5085449e+01
   8.2699400e+06   2.0812988e+01
   8.2701570e+06   2.2155762e+01
   8.3143940e+06   2.3254395e+01
   8.3144550e+06   2.1179199e+01
   8.3144960e+06   2.3132324e+01
   8.3145280e+06   2.3864746e+01
   8.3145450e+06   2.4902344e+01
   8.3145680e+06   2.9968262e+01
   8.3145940e+06   2.6062012e+01
   8.3146440e+06   3.1433105e+01
   8.3146650e+06   2.4536133e+01
   8.3146930e+06   2.3559570e+01
   8.3147320e+06   2.0202637e+01
   8.3147420e+06   2.6611328e+01
   8.3147570e+06   2.2888184e+01
   8.3147880e+06   2.2094727e+01
   8.3148440e+06   2.0080566e+01
   8.3148540e+06   2.0507813e+01
   8.3149250e+06   2.1118164e+01
   8.3154450e+06   2.1911621e+01
   8.3157680e+06   2.1362305e+01
   8.3440130e+06   2.0874023e+01
   8.3443640e+06   2.3437500e+01
   8.3444240e+06   2.5756836e+01
   8.3444450e+06   2.5695801e+01
   8.3445110e+06   2.0935059e+01
   8.3445870e+06   2.2521973e+01
   8.3446200e+06   2.4658203e+01
   8.3446440e+06   2.1362305e+01
   8.3447910e+06   2.0080566e+01
   8.3451040e+06   2.2888184e+01
   8.3709070e+06   2.1789551e+01
   8.3709700e+06   2.2644043e+01
   8.3711030e+06   2.2460938e+01
   8.3970390e+06   2.0202637e+01
   8.4440770e+06   2.3559570e+01
   8.4685760e+06   2.0629883e+01
   8.5195180e+06   2.0080566e+01
   8.6438640e+06   2.3559570e+01
   8.7175640e+06   2.1118164e+01
   8.7968710e+06   2.0385742e+01
   8.8129190e+06   2.0019531e+01
   8.8129960e+06   2.2033691e+01
   8.8130360e+06   2.2644043e+01
   8.8130460e+06   2.3315430e+01
   8.8130710e+06   2.5329590e+01
   8.8130980e+06   4.3579102e+01
   8.8131160e+06   3.1127930e+01
   8.8131280e+06   3.1372070e+01
   8.8131580e+06   2.4658203e+01
   8.8131950e+06   2.0690918e+01
   8.8132270e+06   2.1423340e+01
   8.8132530e+06   2.0874023e+01
   8.8132820e+06   2.1850586e+01
   8.8132960e+06   3.2531738e+01
   8.8133700e+06   2.0629883e+01
   8.8133900e+06   2.1850586e+01
   8.8134590e+06   2.2888184e+01
   8.8135420e+06   2.0935059e+01
   8.8137440e+06   2.4230957e+01
   8.8140030e+06   2.4780273e+01
   8.8155410e+06   1.9958496e+01
   8.9114700e+06   2.4353027e+01
   8.9115200e+06   2.2094727e+01
   8.9115520e+06   2.0263672e+01
   8.9115720e+06   3.3142090e+01
   8.9115910e+06   2.2338867e+01
   8.9116200e+06   3.0944824e+01
   8.9116540e+06   1.9897461e+01
   8.9116700e+06   2.1240234e+01
   8.9117020e+06   2.2583008e+01
   8.9117350e+06   4.3701172e+01
   8.9118330e+06   2.6367188e+01
   8.9118520e+06   2.1362305e+01
   8.9118920e+06   2.4658203e+01
   8.9119090e+06   3.0212402e+01
   8.9119210e+06   2.0812988e+01
   8.9119690e+06   2.3864746e+01
   8.9120340e+06   2.2155762e+01
   8.9120940e+06   2.0263672e+01
   8.9122010e+06   2.4658203e+01
   8.9122370e+06   2.4719238e+01
   8.9123140e+06   2.0507812e+01
   8.9123500e+06   2.1667480e+01
   8.9124600e+06   2.1179199e+01
   8.9125390e+06   2.0202637e+01
   8.9127120e+06   2.2644043e+01
   8.9129020e+06   2.0202637e+01
   8.9733020e+06   2.2583008e+01
   8.9733480e+06   1.9897461e+01
   8.9733800e+06   2.1423340e+01
   8.9734010e+06   2.5878906e+01
   8.9734330e+06   2.3010254e+01
   8.9734540e+06   2.4658203e+01
   8.9734690e+06   3.4057617e+01
   8.9734920e+06   2.3315430e+01
   8.9735200e+06   2.2338867e+01
   8.9735470e+06   2.7832031e+01
   8.9735910e+06   2.0446777e+01
   8.9736120e+06   3.3996582e+01
   8.9736370e+06   3.7170410e+01
   8.9736630e+06   2.5268555e+01
   8.9737170e+06   2.9296875e+01
   8.9737300e+06   2.0324707e+01
   8.9737700e+06   2.7465820e+01
   8.9738430e+06   2.1545410e+01
   8.9738730e+06   2.1850586e+01
   8.9739600e+06   2.7099609e+01
   8.9739960e+06   2.1362305e+01
   8.9742520e+06   2.8015137e+01
   8.9743440e+06   2.3254395e+01
   8.9744310e+06   2.0507813e+01
   8.9747050e+06   2.8259277e+01
   8.9747280e+06   2.0629883e+01
   8.9753390e+06   2.5329590e+01
   8.9755550e+06   2.0080566e+01
   8.9758380e+06   2.1850586e+01
   8.9762160e+06   2.0141602e+01
   9.1412280e+06   2.5451660e+01
   9.1412500e+06   2.0141602e+01
   9.1412890e+06   2.2155762e+01
   9.1413190e+06   2.5146484e+01
   9.1413340e+06   4.1442871e+01
   9.1413840e+06   2.9479980e+01
   9.1413980e+06   2.0202637e+01
   9.1414130e+06   2.2155762e+01
   9.1414430e+06   2.1240234e+01
   9.1414560e+06   2.3315430e+01
   9.1414910e+06   2.0935059e+01
   9.1415690e+06   3.1555176e+01
   9.1416210e+06   2.9235840e+01
   9.1416720e+06   2.0263672e+01
   9.1417140e+06   2.4047852e+01
   9.1417400e+06   2.9357910e+01
   9.1417750e+06   2.0202637e+01
   9.1418030e+06   2.1301270e+01
   9.1418550e+06   2.8259277e+01
   9.1419230e+06   2.0751953e+01
   9.1419890e+06   2.4353027e+01
   9.1420660e+06   2.2766113e+01
   9.1420880e+06   2.1179199e+01
   9.1421180e+06   2.9174805e+01
   9.1421710e+06   2.6000977e+01
   9.1422740e+06   2.0812988e+01
   9.1423070e+06   2.3925781e+01
   9.1424900e+06   2.1057129e+01
   9.2650660e+06   2.1667480e+01
   9.2651110e+06   3.7048340e+01
   9.2651260e+06   2.2766113e+01
   9.2651730e+06   3.3508301e+01
   9.2652030e+06   2.7770996e+01
   9.2652200e+06   2.1545410e+01
   9.2652490e+06   2.4108887e+01
   9.2652720e+06   2.4780273e+01
   9.2653080e+06   2.5878906e+01
   9.2653200e+06   3.7353516e+01
   9.2653430e+06   2.1606445e+01
   9.2653970e+06   2.5695801e+01
   9.2654370e+06   2.3986816e+01
   9.2655990e+06   2.0202637e+01
   9.2656540e+06   2.1789551e+01
   9.2656950e+06   2.1179199e+01
   9.2657410e+06   2.1301270e+01
   9.2657520e+06   2.6062012e+01
   9.2658860e+06   2.0568848e+01
   9.2659980e+06   2.0812988e+01
   9.2660870e+06   2.5756836e+01
   9.2661850e+06   2.2888184e+01
   9.2666010e+06   2.0935059e+01
   9.2671190e+06   2.1423340e+01
   9.3769380e+06   2.0202637e+01
   9.3769630e+06   2.4291992e+01
   9.3769960e+06   3.2897949e+01
   9.3770160e+06   2.0141602e+01
   9.3770380e+06   3.0334473e+01
   9.3770680e+06   3.2775879e+01
   9.3770900e+06   2.5390625e+01
   9.3771430e+06   2.1606445e+01
   9.3771540e+06   3.5949707e+01
   9.3772420e+06   2.5817871e+01
   9.3772580e+06   2.0263672e+01
   9.3773030e+06   2.3559570e+01
   9.3773670e+06   2.5817871e+01
   9.3774200e+06   2.0935059e+01
   9.3774440e+06   2.3315430e+01
   9.3775200e+06   2.0324707e+01
   9.3775430e+06   3.0822754e+01
   9.3776080e+06   2.7587891e+01
   9.3776250e+06   2.0812988e+01
   9.3776590e+06   2.0874023e+01
   9.3776760e+06   2.0507813e+01
   9.3777800e+06   2.3742676e+01
   9.3778130e+06   2.2583008e+01
   9.3779340e+06   2.6062012e+01
   9.3780350e+06   2.0996094e+01
   9.3781590e+06   2.1789551e+01
   9.3782080e+06   2.1728516e+01
   9.3782760e+06   2.1606445e+01
   9.3785880e+06   2.5390625e+01
   9.3790650e+06   2.6916504e+01
   9.6305130e+06   2.4353027e+01
   9.6305480e+06   2.0874023e+01
   9.6305820e+06   3.1738281e+01
   9.6306040e+06   2.7709961e+01
   9.6306260e+06   2.7343750e+01
   9.6306430e+06   2.4353027e+01
   9.6306670e+06   2.1484375e+01
   9.6306920e+06   2.1545410e+01
   9.6307150e+06   2.7282715e+01
   9.6307620e+06   3.1188965e+01
   9.6307950e+06   3.1860352e+01
   9.6308810e+06   2.6184082e+01
   9.6309220e+06   2.3681641e+01
   9.6309350e+06   2.1545410e+01
   9.6310260e+06   2.5573730e+01
   9.6310990e+06   2.7038574e+01
   9.6311640e+06   2.7221680e+01
   9.6311820e+06   3.1921387e+01
   9.6312330e+06   2.3986816e+01
   9.6313060e+06   2.3498535e+01
   9.6313760e+06   2.0080566e+01
   9.6314010e+06   2.3803711e+01
   9.6314660e+06   2.7526855e+01
   9.6314950e+06   2.1362305e+01
   9.6318180e+06   2.0324707e+01
   9.6853120e+06   2.4291992e+01
   9.7185930e+06   3.5156250e+01
   9.7186630e+06   2.3498535e+01
   9.7186770e+06   2.0568848e+01
   9.7187020e+06   3.1494141e+01
   9.7187120e+06   2.0751953e+01
   9.7187610e+06   2.5085449e+01
   9.7187850e+06   3.0517578e+01
   9.7188060e+06   2.1240234e+01
   9.7188210e+06   3.0944824e+01
   9.7188370e+06   2.9052734e+01
   9.7188590e+06   2.6428223e+01
   9.7189000e+06   3.4362793e+01
   9.7189220e+06   2.0629883e+01
   9.7189630e+06   2.2033691e+01
   9.7190140e+06   2.3803711e+01
   9.7191950e+06   2.1728516e+01
   9.7192300e+06   2.4169922e+01
   9.7193340e+06   2.7587891e+01
   9.7195070e+06   2.2338867e+01
   9.7197770e+06   2.0996094e+01
   9.7198570e+06   2.2583008e+01
   9.7200910e+06   2.0263672e+01
   9.7209190e+06   2.1911621e+01
   9.7925090e+06   2.2399902e+01
   9.7926100e+06   2.6000977e+01
   9.7926330e+06   2.5634766e+01
   9.7926640e+06   2.3010254e+01
   9.7926810e+06   3.3142090e+01
   9.7926940e+06   3.4484863e+01
   9.7927940e+06   2.3010254e+01
   9.7928270e+06   2.2216797e+01
   9.7928590e+06   2.0080566e+01
   9.7928830e+06   2.1728516e+01
   9.7929020e+06   2.7160645e+01
   9.7929280e+06   2.1423340e+01
   9.7929800e+06   2.0629883e+01
   9.7930120e+06   2.0629883e+01
   9.7931100e+06   2.5512695e+01
   9.7931780e+06   2.0568848e+01
   9.7932250e+06   2.0141602e+01
   9.7933900e+06   2.2094727e+01
   9.7934000e+06   2.2949219e+01
   9.7935400e+06   2.0324707e+01
   9.7935940e+06   2.0324707e+01
   9.8443710e+06   2.6489258e+01
   9.8444660e+06   2.1301270e+01
   9.8445060e+06   2.3254395e+01
   9.8445850e+06   3.2043457e+01
   9.8446100e+06   4.0222168e+01
   9.8446620e+06   2.0812988e+01
   9.8446980e+06   2.8076172e+01
   9.8447140e+06   2.9174805e+01
   9.8447340e+06   4.5471191e+01
   9.8447460e+06   2.6000977e+01
   9.8448360e+06   2.0141602e+01
   9.8448900e+06   2.7404785e+01
   9.8449200e+06   2.7404785e+01
   9.8449640e+06   2.5329590e+01
   9.8450500e+06   2.0324707e+01
   9.8451410e+06   2.3071289e+01
   9.8452980e+06   2.0507813e+01
   9.8454100e+06   2.0690918e+01
   9.8455020e+06   2.1911621e+01
   9.8461550e+06   2.2705078e+01
   9.8659960e+06   2.7099609e+01
   9.8660830e+06   2.2094727e+01
   9.8662110e+06   2.4658203e+01
   9.8663310e+06   2.2827148e+01
   9.8664060e+06   2.0080566e+01
   9.8664480e+06   2.1423340e+01
   9.8665280e+06   3.3325195e+01
   9.8665700e+06   2.4169922e+01
   9.8667090e+06   2.4536133e+01
   9.8667270e+06   2.2705078e+01
   9.9370870e+06   2.1179199e+01
   9.9516010e+06   2.0935059e+01
   9.9980640e+06   2.0996094e+01
   1.0057992e+07   2.1301270e+01
   1.0134676e+07   2.0446777e+01
   1.0308296e+07   2.1972656e+01
   1.0308427e+07   2.4658203e+01
   1.0308469e+07   2.6184082e+01
   1.0308480e+07   2.9602051e+01
   1.0308511e+07   2.3376465e+01
   1.0308522e+07   3.1005859e+01
   1.0308573e+07   2.8381348e+01
   1.0308602e+07   2.9113770e+01
   1.0308620e+07   2.1606445e+01
   1.0308672e+07   2.2766113e+01
   1.0308714e+07   3.2714844e+01
   1.0308724e+07   2.4719238e+01
   1.0308820e+07   2.0080566e+01
   1.0308847e+07   2.0568848e+01
   1.0308896e+07   2.6611328e+01
   1.0309002e+07   2.6672363e+01
   1.0309027e+07   2.2949219e+01
   1.0309267e+07   2.2094727e+01
   1.0309341e+07   2.1118164e+01
   1.0309549e+07   2.1057129e+01
   1.0410739e+07   2.0263672e+01
   1.0410771e+07   2.7160645e+01
   1.0410814e+07   2.5451660e+01
   1.0410840e+07   2.6245117e+01
   1.0410864e+07   4.7851563e+01
   1.0410888e+07   2.6489258e+01
   1.0410905e+07   2.8503418e+01
   1.0410939e+07   2.5146484e+01
   1.0410998e+07   2.5695801e+01
   1.0411026e+07   2.2583008e+01
   1.0411114e+07   2.1545410e+01
   1.0411141e+07   2.3132324e+01
   1.0411179e+07   2.1545410e+01
   1.0411206e+07   2.0568848e+01
   1.0411264e+07   2.1545410e+01
   1.0411340e+07   2.0751953e+01
   1.0411422e+07   2.1057129e+01
   1.0411498e+07   2.0751953e+01
   1.0411568e+07   2.1423340e+01
   1.0411660e+07   2.1972656e+01
   1.0411834e+07   2.1789551e+01
   1.0412196e+07   2.0446777e+01
   1.0412532e+07   2.1118164e+01
   1.0412826e+07   2.0202637e+01
   1.0480739e+07   2.0324707e+01
   1.0482117e+07   2.2766113e+01
   1.0482177e+07   2.0568848e+01
   1.0482234e+07   2.5268555e+01
   1.0482253e+07   2.0568848e+01
   1.0482273e+07   2.9296875e+01
   1.0482307e+07   2.4719238e+01
   1.0482328e+07   2.8930664e+01
   1.0482346e+07   2.3681641e+01
   1.0482381e+07   2.4475098e+01
   1.0482443e+07   3.1311035e+01
   1.0482472e+07   2.3925781e+01
   1.0482523e+07   2.0446777e+01
   1.0482550e+07   2.5756836e+01
   1.0482590e+07   2.1179199e+01
   1.0482623e+07   2.0507813e+01
   1.0482696e+07   3.3935547e+01
   1.0482891e+07   2.1789551e+01
   1.0483033e+07   2.8930664e+01
   1.0483242e+07   2.3986816e+01
   1.0483308e+07   2.0080566e+01
   1.0483594e+07   2.1667480e+01
   1.0566139e+07   2.2766113e+01
   1.0566215e+07   2.6611328e+01
   1.0566271e+07   2.2033691e+01
   1.0566301e+07   2.4169922e+01
   1.0566327e+07   2.4230957e+01
   1.0566344e+07   2.3437500e+01
   1.0566384e+07   2.0324707e+01
   1.0566421e+07   3.1250000e+01
   1.0566451e+07   2.1789551e+01
   1.0566488e+07   2.4780273e+01
   1.0566506e+07   2.2338867e+01
   1.0566559e+07   3.2714844e+01
   1.0566724e+07   2.2827148e+01
   1.0566743e+07   3.0090332e+01
   1.0566854e+07   3.0273438e+01
   1.0566929e+07   2.0874023e+01
   1.0566989e+07   2.0141602e+01
   1.0567295e+07   2.7038574e+01
   1.0567854e+07   2.9052734e+01
   1.0567999e+07   2.1057129e+01
   1.0647775e+07   2.6306152e+01
   1.0647828e+07   2.3193359e+01
   1.0647844e+07   2.7465820e+01
   1.0647877e+07   2.3071289e+01
   1.0647898e+07   2.8930664e+01
   1.0647944e+07   2.2399902e+01
   1.0647963e+07   2.8320313e+01
   1.0647991e+07   2.9724121e+01
   1.0648022e+07   3.0151367e+01
   1.0648038e+07   2.8198242e+01
   1.0648055e+07   2.3498535e+01
   1.0648075e+07   2.0141602e+01
   1.0648092e+07   2.1179199e+01
   1.0648121e+07   2.1545410e+01
   1.0648157e+07   2.0874023e+01
   1.0648409e+07   2.2583008e+01
   1.0648429e+07   2.1301270e+01
   1.0648488e+07   2.2460938e+01
   1.0648582e+07   2.1179199e+01
   1.0648718e+07   2.1911621e+01
   1.0648764e+07   2.0690918e+01
   1.0649222e+07   2.1362305e+01
   1.0762051e+07   2.4353027e+01
   1.0762066e+07   3.1799316e+01
   1.0762084e+07   2.7343750e+01
   1.0762117e+07   4.7058105e+01
   1.0762133e+07   2.1362305e+01
   1.0762161e+07   2.2827148e+01
   1.0762190e+07   2.7770996e+01
   1.0762230e+07   2.2460938e+01
   1.0762261e+07   2.0996094e+01
   1.0762280e+07   2.1179199e+01
   1.0762303e+07   2.2583008e+01
   1.0762387e+07   2.0812988e+01
   1.0762399e+07   3.3935547e+01
   1.0762429e+07   2.8137207e+01
   1.0762564e+07   2.3071289e+01
   1.0762653e+07   2.0935059e+01
   1.0762691e+07   2.3681641e+01
   1.0762743e+07   3.0761719e+01
   1.0762984e+07   2.3681641e+01
   1.0763040e+07   2.0751953e+01
   1.0763173e+07   2.0202637e+01
   1.0764083e+07   2.0263672e+01
   1.0842203e+07   2.5817871e+01
   1.0842278e+07   2.7954102e+01
   1.0842310e+07   2.6000977e+01
   1.0842320e+07   2.7160645e+01
   1.0842356e+07   2.6123047e+01
   1.0842393e+07   2.2583008e+01
   1.0842419e+07   2.5817871e+01
   1.0842434e+07   2.0996094e+01
   1.0842453e+07   2.9357910e+01
   1.0842472e+07   2.8259277e+01
   1.0842494e+07   2.7099609e+01
   1.0842568e+07   2.0446777e+01
   1.0842623e+07   2.0446777e+01
   1.0842643e+07   2.1911621e+01
   1.0842736e+07   2.0874023e+01
   1.0842842e+07   2.2094727e+01
   1.0842908e+07   2.2521973e+01
   1.0842930e+07   2.1179199e+01
   1.0842971e+07   2.0263672e+01
   1.0843041e+07   2.0263672e+01
   1.0843465e+07   2.1423340e+01
   1.0986426e+07   2.2827148e+01
   1.0986557e+07   2.3315430e+01
   1.0986587e+07   2.5390625e+01
   1.0986600e+07   2.3559570e+01
   1.0986619e+07   3.0273438e+01
   1.0986652e+07   3.3569336e+01
   1.0986672e+07   2.3193359e+01
   1.0986725e+07   3.4790039e+01
   1.0986748e+07   2.0080566e+01
   1.0986776e+07   2.4047852e+01
   1.0986812e+07   2.3803711e+01
   1.0986840e+07   2.3498535e+01
   1.0986874e+07   2.3010254e+01
   1.0986942e+07   2.1240234e+01
   1.0986980e+07   2.4963379e+01
   1.0987015e+07   2.0812988e+01
   1.0987065e+07   2.0935059e+01
   1.0987090e+07   2.5878906e+01
   1.0987158e+07   2.3376465e+01
   1.0987168e+07   2.2644043e+01
   1.0987402e+07   3.4057617e+01
   1.0987445e+07   2.0202637e+01
   1.1034841e+07   2.5512695e+01
   1.1034883e+07   2.2094727e+01
   1.1034904e+07   2.0385742e+01
   1.1034969e+07   2.7709961e+01
   1.1035026e+07   2.0690918e+01
   1.1035075e+07   2.0690918e+01
   1.1035180e+07   2.1362305e+01
   1.1035200e+07   2.0996094e+01
   1.1035479e+07   2.1301270e+01
   1.1035637e+07   2.0141602e+01
   1.1095670e+07   2.5573730e+01
   1.1095715e+07   2.0263672e+01
   1.1095788e+07   2.6245117e+01
   1.1095999e+07   2.3254395e+01
   1.1096511e+07   2.1301270e+01
   1.1273529e+07   2.4475098e+01
   1.1273611e+07   2.7587891e+01
   1.1273637e+07   2.6062012e+01
   1.1273651e+07   4.3395996e+01
   1.1273704e+07   3.2592773e+01
   1.1273730e+07   2.7770996e+01
   1.1273756e+07   2.3437500e+01
   1.1273771e+07   3.3752441e+01
   1.1273844e+07   2.3376465e+01
   1.1273906e+07   3.9794922e+01
   1.1273969e+07   2.3559570e+01
   1.1274009e+07   2.4658203e+01
   1.1274160e+07   2.5878906e+01
   1.1274231e+07   2.4963379e+01
   1.1274275e+07   2.3437500e+01
   1.1274299e+07   2.2521973e+01
   1.1274345e+07   2.0568848e+01
   1.1274371e+07   2.1423340e+01
   1.1274494e+07   2.5573730e+01
   1.1274571e+07   2.0141602e+01
   1.1274650e+07   2.0507813e+01
   1.1274954e+07   2.0202637e+01
   1.1275347e+07   2.0629883e+01
   1.1356602e+07   2.1667480e+01
   1.1356679e+07   2.1789551e+01
   1.1356748e+07   2.6977539e+01
   1.1356797e+07   2.4414063e+01
   1.1356821e+07   3.4729004e+01
   1.1356868e+07   2.8503418e+01
   1.1356892e+07   2.0202637e+01
   1.1356954e+07   2.3986816e+01
   1.1356965e+07   2.6062012e+01
   1.1357003e+07   2.0263672e+01
   1.1357087e+07   2.2644043e+01
   1.1357106e+07   2.5024414e+01
   1.1357138e+07   2.1667480e+01
   1.1357165e+07   2.3864746e+01
   1.1357180e+07   2.5451660e+01
   1.1357239e+07   2.0385742e+01
   1.1357317e+07   2.2888184e+01
   1.1357389e+07   2.8381348e+01
   1.1357430e+07   2.3254395e+01
   1.1357535e+07   2.2216797e+01
   1.1357550e+07   2.1240234e+01
   1.1357585e+07   2.1362305e+01
   1.1357650e+07   3.0273438e+01
   1.1357749e+07   2.0751953e+01
   1.1357820e+07   2.1484375e+01
   1.1357906e+07   2.0446777e+01
   1.1358086e+07   2.1667480e+01
   1.1358253e+07   2.3315430e+01
   1.1439100e+07   2.5756836e+01
   1.1439166e+07   2.1423340e+01
   1.1439212e+07   2.5817871e+01
   1.1439227e+07   2.1240234e+01
   1.1439244e+07   2.6367188e+01
   1.1439270e+07   2.7770996e+01
   1.1439299e+07   2.5024414e+01
   1.1439313e+07   3.4667969e+01
   1.1439334e+07   2.8076172e+01
   1.1439368e+07   2.4597168e+01
   1.1439390e+07   2.2827148e+01
   1.1439402e+07   2.2033691e+01
   1.1439427e+07   2.0385742e+01
   1.1439475e+07   3.0883789e+01
   1.1439560e+07   2.1606445e+01
   1.1439638e+07   3.1616211e+01
   1.1439769e+07   2.3986816e+01
   1.1439823e+07   2.5268555e+01
   1.1439915e+07   2.4780273e+01
   1.1440025e+07   2.2583008e+01
   1.1440085e+07   2.1118164e+01
   1.1440180e+07   2.3315430e+01
   1.1440310e+07   2.4841309e+01
   1.1440468e+07   2.3437500e+01
   1.1440951e+07   2.2766113e+01
   1.1547511e+07   2.0629883e+01
   1.1547570e+07   2.0874023e+01
   1.1547601e+07   2.7465820e+01
   1.1547632e+07   2.6855469e+01
   1.1547667e+07   2.6611328e+01
   1.1547678e+07   4.2480469e+01
   1.1547714e+07   3.1494141e+01
   1.1547741e+07   2.0324707e+01
   1.1547767e+07   2.3315430e+01
   1.1547849e+07   3.0212402e+01
   1.1547892e+07   2.2521973e+01
   1.1547915e+07   2.0629883e+01
   1.1547931e+07   2.9418945e+01
   1.1547976e+07   2.0751953e+01
   1.1548045e+07   2.6489258e+01
   1.1548070e+07   2.1423340e+01
   1.1548155e+07   2.2521973e+01
   1.1548189e+07   2.1484375e+01
   1.1548296e+07   2.7343750e+01
   1.1548351e+07   2.1911621e+01
   1.1548369e+07   2.0874023e+01
   1.1548732e+07   2.3071289e+01
   1.1548786e+07   2.3498535e+01
   1.1643760e+07   2.2094727e+01
   1.1643862e+07   2.3376465e+01
   1.1643914e+07   2.0874023e+01
   1.1643935e+07   2.9846191e+01
   1.1643956e+07   2.5878906e+01
   1.1643978e+07   2.5695801e+01
   1.1644003e+07   2.2033691e+01
   1.1644030e+07   2.2155762e+01
   1.1644045e+07   4.0344238e+01
   1.1644064e+07   3.0212402e+01
   1.1644100e+07   3.3081055e+01
   1.1644144e+07   2.2094727e+01
   1.1644174e+07   2.0141602e+01
   1.1644258e+07   2.2399902e+01
   1.1644450e+07   2.1179199e+01
   1.1644493e+07   2.7648926e+01
   1.1644607e+07   2.4902344e+01
   1.1644647e+07   2.0324707e+01
   1.1759296e+07   3.1127930e+01
   1.1759351e+07   2.2705078e+01
   1.1759443e+07   2.8259277e+01
   1.1759477e+07   2.1728516e+01
   1.1759543e+07   2.3681641e+01
   1.1759565e+07   2.5390625e+01
   1.1759609e+07   2.0996094e+01
   1.1759634e+07   2.2216797e+01
   1.1850559e+07   2.6000977e+01
   1.1850608e+07   2.7954102e+01
   1.1850647e+07   3.2897949e+01
   1.1850675e+07   3.5827637e+01
   1.1850696e+07   2.4597168e+01
   1.1850727e+07   4.0161133e+01
   1.1850739e+07   3.3203125e+01
   1.1850767e+07   2.3864746e+01
   1.1850784e+07   2.1606445e+01
   1.1850883e+07   2.6123047e+01
   1.1850991e+07   2.0629883e+01
   1.1851040e+07   2.7893066e+01
   1.1851102e+07   2.0141602e+01
   1.1851208e+07   2.2033691e+01
   1.1851320e+07   2.0751953e+01
