   1.1999000e+07   0.0000000e+00
   1.4149000e+04   2.0629883e+01
   1.4267000e+04   1.9409180e+01
   1.4354000e+04   2.4291992e+01
   1.4559000e+04   1.9653320e+01
   1.5234000e+04   1.9653320e+01
   6.9419000e+04   2.8076172e+01
   6.9525000e+04   2.0446777e+01
   6.9548000e+04   1.9470215e+01
   1.1610400e+05   2.0751953e+01
   1.1684200e+05   2.0751953e+01
   1.6838100e+05   2.1179199e+01
   1.6841400e+05   1.9775391e+01
   3.4140400e+05   2.1484375e+01
   3.4143200e+05   2.0080566e+01
   3.4146900e+05   1.9653320e+01
   3.4152300e+05   2.3071289e+01
   3.4167500e+05   2.0080566e+01
   3.4190700e+05   2.2338867e+01
   3.4225500e+05   2.2216797e+01
   4.0229400e+05   2.1301270e+01
   4.0239900e+05   2.2216797e+01
   4.0244100e+05   2.0385742e+01
   4.0287400e+05   1.9653320e+01
   4.0305200e+05   2.1728516e+01
   4.1849200e+05   2.2705078e+01
   4.1858700e+05   1.9714355e+01
   4.1862800e+05   2.0141602e+01
   4.8828800e+05   1.9409180e+01
   8.4214800e+05   2.1362305e+01
   8.4220000e+05   2.0568848e+01
   9.8560500e+05   2.3620605e+01
   9.8563400e+05   1.9958496e+01
   9.8578500e+05   1.9531250e+01
   9.8580200e+05   2.1179199e+01
   9.8637700e+05   2.0812988e+01
   1.1281860e+06   2.0080566e+01
   1.1282230e+06   2.2094727e+01
   1.1287290e+06   2.0568848e+01
   1.2342560e+06   2.2155762e+01
   1.2343050e+06   1.9897461e+01
   1.2343620e+06   2.6855469e+01
   1.2343810e+06   2.0080566e+01
   1.2344000e+06   1.9714355e+01
   1.2344520e+06   2.1179199e+01
   1.2345030e+06   2.3437500e+01
   1.2346310e+06   2.0629883e+01
   1.2348190e+06   2.0019531e+01
   1.2764370e+06   2.1728516e+01
   1.2765180e+06   2.0446777e+01
   1.2766480e+06   1.9470215e+01
   1.2768420e+06   2.0507813e+01
   1.2769950e+06   1.9775391e+01
   1.3215490e+06   1.9653320e+01
   1.3224900e+06   2.2644043e+01
   1.4566830e+06   1.9836426e+01
   1.4566950e+06   2.4719238e+01
   1.4567240e+06   2.1118164e+01
   1.4570170e+06   2.2827148e+01
   1.5412120e+06   1.9897461e+01
   1.5412330e+06   2.2338867e+01
   1.5413720e+06   1.9470215e+01
   1.5414020e+06   2.0019531e+01
   1.5414790e+06   1.9409180e+01
   1.5425230e+06   2.0202637e+01
   1.6780760e+06   2.0690918e+01
   1.6781210e+06   1.9531250e+01
   1.7483200e+06   1.9470215e+01
   1.7483760e+06   2.2155762e+01
   1.7483910e+06   2.3437500e+01
   1.7484220e+06   2.1911621e+01
   1.8362300e+06   2.1850586e+01
   1.8363790e+06   2.2827148e+01
   1.8364200e+06   2.0202637e+01
   1.8366280e+06   2.0874023e+01
   1.9157310e+06   2.0874023e+01
   1.9157850e+06   1.9897461e+01
   1.9157950e+06   2.2460938e+01
   1.9158610e+06   2.0019531e+01
   1.9159220e+06   2.0568848e+01
   1.9728720e+06   2.0141602e+01
   2.0464360e+06   2.0935059e+01
   2.0465640e+06   2.2949219e+01
   2.0467040e+06   1.9470215e+01
   2.1110820e+06   1.9836426e+01
   2.1112000e+06   2.2521973e+01
   2.2076620e+06   1.9714355e+01
   2.7307260e+06   2.0141602e+01
   2.8010990e+06   1.9958496e+01
   2.8781040e+06   2.2827148e+01
   2.8790130e+06   1.9470215e+01
   3.0060160e+06   1.9836426e+01
   3.4539420e+06   2.3864746e+01
   3.4539620e+06   2.2033691e+01
   3.4539800e+06   1.9531250e+01
   3.4540150e+06   2.3864746e+01
   3.4540410e+06   2.0446777e+01
   3.4541560e+06   1.9287109e+01
   3.4549320e+06   1.9042969e+01
   3.6158160e+06   2.3071289e+01
   3.6158500e+06   2.1789551e+01
   3.6928320e+06   2.2827148e+01
   3.6929140e+06   2.1057129e+01
   3.6929740e+06   1.9958496e+01
   3.6933640e+06   1.9287109e+01
   3.7614920e+06   2.0202637e+01
   3.7615530e+06   2.2094727e+01
   3.7615820e+06   2.2338867e+01
   3.7781740e+06   2.3315430e+01
   3.7781860e+06   2.5390625e+01
   3.7782190e+06   2.1728516e+01
   3.7782430e+06   2.0324707e+01
   3.7782910e+06   2.0202637e+01
   3.7783190e+06   2.1362305e+01
   3.7783800e+06   1.9897461e+01
   3.7797180e+06   2.0812988e+01
   3.8024650e+06   1.9165039e+01
   3.8123200e+06   2.0324707e+01
   3.8246010e+06   2.0202637e+01
   3.8657510e+06   1.9165039e+01
   4.3992540e+06   2.2460938e+01
   4.3998890e+06   2.0690918e+01
   4.5142030e+06   2.2460938e+01
   4.5142390e+06   1.9409180e+01
   4.5142500e+06   3.1250000e+01
   4.5142840e+06   2.0507813e+01
   4.5143460e+06   1.9348145e+01
   4.5144020e+06   2.0385742e+01
   4.5147510e+06   2.0019531e+01
   4.6079610e+06   2.0751953e+01
   4.6080330e+06   2.2033691e+01
   4.6080630e+06   2.0690918e+01
   4.6080880e+06   1.9226074e+01
   4.6080980e+06   1.9592285e+01
   4.6088750e+06   2.0874023e+01
   4.6945310e+06   2.0751953e+01
   4.6948550e+06   2.0874023e+01
   4.6949710e+06   2.3803711e+01
   4.7845830e+06   1.9042969e+01
   4.7846060e+06   2.2949219e+01
   4.7846850e+06   2.0568848e+01
   4.7848710e+06   1.9836426e+01
   4.7853940e+06   1.9958496e+01
   4.8598630e+06   2.0019531e+01
   4.8599000e+06   2.1667480e+01
   4.8599680e+06   1.9836426e+01
   4.8599940e+06   2.0202637e+01
   4.8600800e+06   1.9470215e+01
   4.8602920e+06   1.9470215e+01
   4.9333410e+06   2.0019531e+01
   4.9334030e+06   1.9287109e+01
   4.9335550e+06   2.1728516e+01
   4.9337670e+06   2.0141602e+01
   5.0040090e+06   2.0324707e+01
   5.0040630e+06   1.9104004e+01
   5.0040950e+06   1.9714355e+01
   5.0041100e+06   1.9836426e+01
   5.0041450e+06   1.9836426e+01
   5.0045660e+06   2.0568848e+01
   5.0689030e+06   2.3742676e+01
   5.0690510e+06   1.9775391e+01
   5.0691620e+06   1.9409180e+01
   5.1376070e+06   2.0385742e+01
   5.1376940e+06   1.9897461e+01
   5.1378040e+06   1.9409180e+01
   5.1381120e+06   2.0568848e+01
   5.1384730e+06   2.0019531e+01
   5.1386500e+06   2.0141602e+01
   5.2048610e+06   2.0080566e+01
   5.2050930e+06   1.9470215e+01
   5.4597170e+06   2.0324707e+01
   5.6444840e+06   2.2644043e+01
   5.6447530e+06   1.9104004e+01
   5.6449730e+06   1.9287109e+01
   5.6451910e+06   2.0202637e+01
   5.6452720e+06   2.0080566e+01
   5.7872900e+06   2.1484375e+01
   5.7873380e+06   2.1362305e+01
   5.7873650e+06   1.9165039e+01
   5.7875150e+06   2.0568848e+01
   5.7876120e+06   2.1118164e+01
   5.7884850e+06   1.9531250e+01
   5.8629960e+06   2.3498535e+01
   5.8630350e+06   2.7099609e+01
   5.8631270e+06   1.9592285e+01
   5.8634420e+06   1.9958496e+01
   5.8638600e+06   1.9470215e+01
   5.9392160e+06   2.0812988e+01
   5.9392550e+06   2.3315430e+01
   5.9392950e+06   2.0019531e+01
   5.9393200e+06   2.5207520e+01
   5.9393480e+06   2.4780273e+01
   5.9393980e+06   2.0996094e+01
   5.9969470e+06   2.2521973e+01
   5.9970280e+06   2.0996094e+01
   6.0592030e+06   2.0996094e+01
   6.0995280e+06   2.0080566e+01
   6.7391790e+06   2.1972656e+01
   6.7392030e+06   2.8076172e+01
   6.7392240e+06   2.0568848e+01
   6.9100610e+06   2.0263672e+01
   6.9100750e+06   2.2094727e+01
   6.9101160e+06   2.3254395e+01
   6.9101600e+06   2.1057129e+01
   7.0451400e+06   2.0080566e+01
   7.0452240e+06   2.0996094e+01
   7.0452530e+06   2.0141602e+01
   7.0759990e+06   2.7160645e+01
   7.0761230e+06   2.2705078e+01
   7.0766920e+06   1.9653320e+01
   7.1168520e+06   2.0385742e+01
   7.1170870e+06   2.1301270e+01
   7.1425300e+06   2.0874023e+01
   7.1821430e+06   2.1118164e+01
   7.2767250e+06   1.9470215e+01
   7.5900070e+06   2.4475098e+01
   7.5900250e+06   2.1423340e+01
   7.5900620e+06   2.2033691e+01
   7.8581360e+06   2.0385742e+01
   7.8591050e+06   2.0080566e+01
   7.9762890e+06   2.0874023e+01
   7.9773310e+06   1.9775391e+01
   8.0785050e+06   2.0080566e+01
   8.0785810e+06   2.1850586e+01
   8.0786460e+06   2.4902344e+01
   8.0787530e+06   2.0263672e+01
   8.0788770e+06   2.1057129e+01
   8.0790150e+06   2.1789551e+01
   8.0792090e+06   1.9348145e+01
   8.1573900e+06   2.0935059e+01
   8.1574230e+06   2.5756836e+01
   8.1574610e+06   1.9897461e+01
   8.1574990e+06   1.9348145e+01
   8.1575640e+06   1.9836426e+01
   8.1576590e+06   2.0385742e+01
   8.1579590e+06   1.9531250e+01
   8.2195010e+06   2.0629883e+01
   8.2195540e+06   2.3010254e+01
   8.2195940e+06   2.4536133e+01
   8.2197390e+06   2.0935059e+01
   8.2683190e+06   1.9531250e+01
   8.2683900e+06   2.1118164e+01
   8.2684100e+06   2.4780273e+01
   8.2684400e+06   2.1179199e+01
   8.2690310e+06   1.9592285e+01
   8.2702860e+06   2.0202637e+01
   8.3145620e+06   2.2033691e+01
   8.3146730e+06   2.0935059e+01
   8.3146910e+06   2.0202637e+01
   8.3148180e+06   2.0568848e+01
   8.3444810e+06   2.4353027e+01
   8.3446600e+06   2.0141602e+01
   8.3447030e+06   1.9470215e+01
   8.3533780e+06   1.9531250e+01
   8.4891100e+06   1.9470215e+01
   8.7022580e+06   1.9714355e+01
   8.8130280e+06   2.1057129e+01
   8.8132720e+06   2.0568848e+01
   8.8133530e+06   2.0935059e+01
   8.8136110e+06   1.9531250e+01
   8.9116020e+06   2.0874023e+01
   8.9116760e+06   2.2094727e+01
   8.9118750e+06   2.0629883e+01
   8.9734560e+06   1.9470215e+01
   8.9735020e+06   1.9409180e+01
   8.9735200e+06   2.4902344e+01
   8.9735780e+06   2.1972656e+01
   8.9736130e+06   2.1301270e+01
   8.9744260e+06   1.9714355e+01
   9.1412850e+06   2.1606445e+01
   9.1413720e+06   2.0019531e+01
   9.1414120e+06   1.9592285e+01
   9.1414620e+06   2.1240234e+01
   9.1417110e+06   2.0629883e+01
   9.1427720e+06   1.9775391e+01
   9.2651270e+06   2.0141602e+01
   9.2651380e+06   2.3010254e+01
   9.2651760e+06   2.1484375e+01
   9.2652050e+06   2.0141602e+01
   9.2652240e+06   2.1179199e+01
   9.3770610e+06   2.2033691e+01
   9.3771260e+06   2.3925781e+01
   9.3771600e+06   2.3559570e+01
   9.3775120e+06   2.0874023e+01
   9.6306040e+06   2.4291992e+01
   9.6306570e+06   1.9958496e+01
   9.6307580e+06   2.6367188e+01
   9.7187120e+06   2.0446777e+01
   9.7188350e+06   2.0019531e+01
   9.7188880e+06   2.1118164e+01
   9.7189540e+06   1.9897461e+01
   9.7197030e+06   2.2460938e+01
   9.7927080e+06   1.9592285e+01
   9.7927360e+06   2.4291992e+01
   9.7928020e+06   2.7160645e+01
   9.7928260e+06   1.9897461e+01
   9.8446120e+06   2.2216797e+01
   9.8447380e+06   2.3803711e+01
   9.8447740e+06   2.0385742e+01
   9.8449550e+06   1.9775391e+01
   1.0308454e+07   2.4658203e+01
   1.0308609e+07   2.1057129e+01
   1.0309317e+07   2.0202637e+01
   1.0410905e+07   1.9775391e+01
   1.0410980e+07   2.0019531e+01
   1.0482090e+07   2.4108887e+01
   1.0482455e+07   2.0324707e+01
   1.0482607e+07   1.9836426e+01
   1.0566134e+07   1.9653320e+01
   1.0566491e+07   2.0202637e+01
   1.0647838e+07   2.1057129e+01
   1.0647912e+07   2.3315430e+01
   1.0648311e+07   1.9653320e+01
   1.0762052e+07   2.5817871e+01
   1.0762388e+07   2.0996094e+01
   1.0842376e+07   2.3620605e+01
   1.0842635e+07   2.0080566e+01
   1.0986578e+07   2.0202637e+01
   1.0986650e+07   2.0385742e+01
   1.0986720e+07   2.2949219e+01
   1.1095818e+07   2.0385742e+01
   1.1096117e+07   2.1606445e+01
   1.1096390e+07   2.0935059e+01
   1.1273667e+07   2.2216797e+01
   1.1273687e+07   2.0080566e+01
   1.1356731e+07   2.1423340e+01
   1.1356799e+07   1.9653320e+01
   1.1356810e+07   1.9592285e+01
   1.1356839e+07   2.2399902e+01
   1.1356875e+07   2.5024414e+01
   1.1356891e+07   2.1545410e+01
   1.1356937e+07   2.0141602e+01
   1.1439317e+07   2.0385742e+01
   1.1547640e+07   2.0568848e+01
   1.1547719e+07   1.9775391e+01
   1.1547901e+07   2.0202637e+01
   1.1643985e+07   2.0446777e+01
   1.1644065e+07   2.4963379e+01
   1.1644211e+07   2.0080566e+01
   1.1759241e+07   1.9592285e+01
   1.1850519e+07   2.7343750e+01
   1.1850551e+07   2.0385742e+01
   1.1850697e+07   1.9836426e+01
   1.1850751e+07   2.0202637e+01
   1.1851043e+07   2.1606445e+01
   1.1851226e+07   2.1118164e+01
