   1.1999000e+07   0.0000000e+00
   1.3979000e+04   2.5024414e+01
   1.4050000e+04   2.3132324e+01
   1.4114000e+04   2.2338867e+01
   1.4172000e+04   2.2155762e+01
   1.4199000e+04   2.1911621e+01
   1.4223000e+04   3.1188965e+01
   1.4294000e+04   2.2399902e+01
   1.4316000e+04   2.3315430e+01
   3.7209000e+04   2.3681641e+01
   6.9339000e+04   2.0446777e+01
   6.9508000e+04   2.5878906e+01
   6.9560000e+04   2.1728516e+01
   6.9797000e+04   2.2766113e+01
   6.9961000e+04   2.1545410e+01
   7.1032000e+04   2.0446777e+01
   1.1612500e+05   2.0812988e+01
   1.1614100e+05   2.3681641e+01
   1.1636700e+05   2.0751953e+01
   1.1656900e+05   2.4597168e+01
   1.6868900e+05   2.0812988e+01
   1.8959800e+05   2.1362305e+01
   3.4134300e+05   2.0446777e+01
   3.4135900e+05   2.0812988e+01
   3.4139500e+05   2.2033691e+01
   3.4141900e+05   2.2216797e+01
   3.4145000e+05   2.8930664e+01
   3.4154900e+05   2.5207520e+01
   3.4160300e+05   2.3010254e+01
   3.4169200e+05   2.2155762e+01
   3.4179600e+05   2.1118164e+01
   3.4184300e+05   2.1362305e+01
   4.0219300e+05   2.6306152e+01
   4.0221800e+05   2.0874023e+01
   4.0224400e+05   2.7709961e+01
   4.0229300e+05   2.1362305e+01
   4.0237000e+05   2.6428223e+01
   4.0241000e+05   2.7709961e+01
   4.0243200e+05   2.0996094e+01
   4.0321700e+05   2.0935059e+01
   4.0400100e+05   2.2338867e+01
   4.1832000e+05   2.1667480e+01
   4.1839300e+05   2.3315430e+01
   4.1851800e+05   2.9296875e+01
   4.1854600e+05   2.2216797e+01
   4.1857900e+05   3.7536621e+01
   4.1867600e+05   2.0751953e+01
   4.1876600e+05   2.2338867e+01
   4.1889500e+05   2.1484375e+01
   4.1962300e+05   2.0874023e+01
   4.3242400e+05   2.3193359e+01
   4.3251500e+05   2.2827148e+01
   4.3259300e+05   2.0751953e+01
   4.3266600e+05   2.1423340e+01
   4.3268200e+05   2.1240234e+01
   4.3277400e+05   2.1545410e+01
   4.3290900e+05   2.1423340e+01
   4.3296600e+05   2.1057129e+01
   4.3299500e+05   2.0935059e+01
   4.3313000e+05   2.6123047e+01
   4.3353700e+05   2.1240234e+01
   4.3422700e+05   2.0568848e+01
   4.4484500e+05   2.1240234e+01
   4.4485900e+05   2.0629883e+01
   4.4502400e+05   2.1179199e+01
   4.4517100e+05   2.1728516e+01
   4.4537400e+05   2.1057129e+01
   4.4542700e+05   2.2155762e+01
   4.4552700e+05   2.1850586e+01
   4.4599600e+05   2.4719238e+01
   4.4668600e+05   2.1362305e+01
   4.5688400e+05   2.1484375e+01
   4.5699900e+05   2.1362305e+01
   4.5713500e+05   2.0935059e+01
   4.5720000e+05   2.4047852e+01
   4.6932200e+05   2.5085449e+01
   4.6940600e+05   2.0935059e+01
   4.6949700e+05   2.1301270e+01
   4.6965300e+05   2.4536133e+01
   4.7899300e+05   2.2277832e+01
   4.8891900e+05   2.0629883e+01
   6.8480500e+05   2.1423340e+01
   8.4186500e+05   2.5939941e+01
   8.4192100e+05   2.0568848e+01
   8.4195600e+05   2.2094727e+01
   8.4201700e+05   3.0761719e+01
   8.4210900e+05   2.3071289e+01
   8.4212200e+05   2.0935059e+01
   8.4239400e+05   2.2033691e+01
   8.4247300e+05   2.1484375e+01
   8.4252200e+05   2.1362305e+01
   8.4260000e+05   2.1423340e+01
   8.4312600e+05   2.3315430e+01
   8.4341600e+05   2.1484375e+01
   9.8557700e+05   2.4108887e+01
   9.8568500e+05   2.4169922e+01
   9.8607800e+05   2.0446777e+01
   9.8714100e+05   2.1179199e+01
   9.8759400e+05   2.1850586e+01
   1.0733000e+06   2.0446777e+01
   1.1280630e+06   2.0507813e+01
   1.1281050e+06   2.5268555e+01
   1.1281590e+06   2.2399902e+01
   1.1285660e+06   2.1972656e+01
   1.1285980e+06   2.0629883e+01
   1.1288400e+06   2.0629883e+01
   1.1291040e+06   2.0446777e+01
   1.1291590e+06   2.0935059e+01
   1.1295490e+06   2.1545410e+01
   1.1296300e+06   2.4475098e+01
   1.1300300e+06   2.1301270e+01
   1.1303200e+06   2.1606445e+01
   1.2341850e+06   2.1789551e+01
   1.2342210e+06   2.4169922e+01
   1.2343770e+06   2.0874023e+01
   1.2344190e+06   2.2094727e+01
   1.2345790e+06   2.0874023e+01
   1.2346350e+06   2.3620605e+01
   1.2350810e+06   2.1911621e+01
   1.2355620e+06   2.0629883e+01
   1.2365610e+06   2.3010254e+01
   1.2760800e+06   2.6916504e+01
   1.2761590e+06   2.0446777e+01
   1.2761910e+06   2.2399902e+01
   1.2762030e+06   2.2216797e+01
   1.2762200e+06   3.1433105e+01
   1.2763020e+06   2.2155762e+01
   1.2763410e+06   2.5207520e+01
   1.2763770e+06   2.3803711e+01
   1.2765260e+06   2.0507813e+01
   1.2767330e+06   2.2460938e+01
   1.2768280e+06   2.1179199e+01
   1.2773360e+06   2.1972656e+01
   1.2775920e+06   2.1179199e+01
   1.2777340e+06   2.0446777e+01
   1.2782420e+06   2.7954102e+01
   1.2783210e+06   2.2277832e+01
   1.3213860e+06   2.5573730e+01
   1.3214360e+06   2.0446777e+01
   1.3215020e+06   2.0874023e+01
   1.3215760e+06   2.4108887e+01
   1.3216050e+06   2.1057129e+01
   1.3218150e+06   2.2644043e+01
   1.3219520e+06   2.2949219e+01
   1.3249270e+06   2.2766113e+01
   1.4566390e+06   2.9541016e+01
   1.4566820e+06   2.1606445e+01
   1.4567680e+06   2.4169922e+01
   1.4568080e+06   2.1301270e+01
   1.4568300e+06   2.1728516e+01
   1.4568530e+06   2.0568848e+01
   1.4568660e+06   2.1118164e+01
   1.4581700e+06   2.0446777e+01
   1.4583900e+06   2.3681641e+01
   1.4585810e+06   2.0446777e+01
   1.4706920e+06   2.0568848e+01
   1.5411590e+06   2.1606445e+01
   1.5412820e+06   2.7221680e+01
   1.5413280e+06   2.6428223e+01
   1.5414950e+06   2.0690918e+01
   1.5426320e+06   2.2399902e+01
   1.5431270e+06   2.0812988e+01
   1.5441700e+06   2.0812988e+01
   1.6778880e+06   2.4230957e+01
   1.6779700e+06   3.1677246e+01
   1.6780630e+06   2.1484375e+01
   1.6781320e+06   2.2094727e+01
   1.6782000e+06   2.4841309e+01
   1.6783120e+06   2.3010254e+01
   1.6785180e+06   2.0751953e+01
   1.6786210e+06   2.2644043e+01
   1.6787330e+06   2.1728516e+01
   1.6787610e+06   2.3376465e+01
   1.6788610e+06   2.1179199e+01
   1.6790370e+06   2.1362305e+01
   1.6791700e+06   2.0751953e+01
   1.7482030e+06   2.1545410e+01
   1.7482520e+06   2.6489258e+01
   1.7485010e+06   2.3742676e+01
   1.7486820e+06   2.2277832e+01
   1.7487220e+06   2.1057129e+01
   1.7487840e+06   2.8991699e+01
   1.7488830e+06   2.2583008e+01
   1.7490830e+06   2.2094727e+01
   1.7496410e+06   2.2644043e+01
   1.7497280e+06   2.0874023e+01
   1.8361670e+06   2.8076172e+01
   1.8362050e+06   2.6184082e+01
   1.8362310e+06   2.1972656e+01
   1.8362930e+06   2.0629883e+01
   1.8363290e+06   2.0812988e+01
   1.8363730e+06   2.0446777e+01
   1.8365450e+06   2.4719238e+01
   1.8366960e+06   2.4963379e+01
   1.8369650e+06   2.1057129e+01
   1.8371060e+06   2.0874023e+01
   1.8372600e+06   2.5390625e+01
   1.8373120e+06   2.3620605e+01
   1.8380870e+06   2.0996094e+01
   1.8388200e+06   2.1789551e+01
   1.8563280e+06   2.1728516e+01
   1.9156750e+06   2.2460938e+01
   1.9157480e+06   3.1066895e+01
   1.9157960e+06   2.1972656e+01
   1.9158370e+06   2.2155762e+01
   1.9159050e+06   2.3254395e+01
   1.9159830e+06   2.2399902e+01
   1.9161780e+06   2.8442383e+01
   1.9162280e+06   2.0935059e+01
   1.9163930e+06   2.0568848e+01
   1.9164590e+06   2.1545410e+01
   1.9166890e+06   2.2399902e+01
   1.9167160e+06   2.2583008e+01
   1.9167810e+06   2.6916504e+01
   1.9728320e+06   3.6071777e+01
   1.9728950e+06   2.1484375e+01
   1.9731120e+06   2.9052734e+01
   1.9733640e+06   2.1667480e+01
   1.9733940e+06   2.3742676e+01
   1.9739040e+06   2.0629883e+01
   1.9739380e+06   2.0690918e+01
   2.0463690e+06   2.2766113e+01
   2.0464310e+06   3.1005859e+01
   2.0465990e+06   2.0751953e+01
   2.0467340e+06   2.2033691e+01
   2.0467850e+06   2.0446777e+01
   2.0468830e+06   2.5878906e+01
   2.0470700e+06   2.1850586e+01
   2.0471450e+06   2.1118164e+01
   2.1113670e+06   2.7526855e+01
   2.1114600e+06   3.1799316e+01
   2.1116380e+06   2.2460938e+01
   2.1118630e+06   2.2949219e+01
   2.1421990e+06   2.1545410e+01
   2.8780080e+06   2.1423340e+01
   2.8780640e+06   2.3803711e+01
   2.8780980e+06   2.2338867e+01
   2.8781180e+06   2.4658203e+01
   2.8781610e+06   2.2155762e+01
   2.8782300e+06   2.1301270e+01
   2.8782900e+06   2.3376465e+01
   2.8783420e+06   2.1972656e+01
   2.8784750e+06   2.2399902e+01
   2.8789260e+06   2.2155762e+01
   2.8791230e+06   2.2338867e+01
   2.8796700e+06   2.1301270e+01
   2.9092180e+06   2.0568848e+01
   3.4537910e+06   2.8503418e+01
   3.4539550e+06   2.2949219e+01
   3.4539740e+06   2.3620605e+01
   3.4540090e+06   2.2033691e+01
   3.6154880e+06   2.1362305e+01
   3.6156660e+06   2.4902344e+01
   3.6157780e+06   2.2583008e+01
   3.6157970e+06   3.4729004e+01
   3.6158360e+06   2.2338867e+01
   3.6158780e+06   2.1911621e+01
   3.6159230e+06   2.2094727e+01
   3.6162060e+06   2.1911621e+01
   3.6173730e+06   2.3437500e+01
   3.6926480e+06   2.7893066e+01
   3.6926830e+06   2.3498535e+01
   3.6927180e+06   2.6184082e+01
   3.6927760e+06   2.6855469e+01
   3.6928070e+06   2.1057129e+01
   3.6928270e+06   2.1911621e+01
   3.6976880e+06   2.1911621e+01
   3.7614490e+06   2.6428223e+01
   3.7615810e+06   2.4841309e+01
   3.7617950e+06   2.4353027e+01
   3.7636330e+06   2.1118164e+01
   3.7780410e+06   2.2705078e+01
   3.7781020e+06   2.3437500e+01
   3.7781450e+06   2.6733398e+01
   3.7781680e+06   2.2094727e+01
   3.7782030e+06   2.3498535e+01
   3.7890600e+06   2.2338867e+01
   3.7891560e+06   2.1911621e+01
   3.7892240e+06   2.2766113e+01
   3.7892640e+06   2.2155762e+01
   3.7893860e+06   2.2949219e+01
   3.7894360e+06   2.4047852e+01
   3.7895450e+06   2.0996094e+01
   3.7900080e+06   2.1179199e+01
   3.8020160e+06   2.2338867e+01
   3.8021110e+06   2.7221680e+01
   3.8021580e+06   2.2888184e+01
   3.8021970e+06   2.7160645e+01
   3.8022160e+06   2.3376465e+01
   3.8022670e+06   2.1911621e+01
   3.8027220e+06   2.4291992e+01
   3.8029360e+06   2.0996094e+01
   3.8036230e+06   2.2277832e+01
   3.8123670e+06   2.4902344e+01
   3.8124550e+06   2.3681641e+01
   3.8125330e+06   2.2033691e+01
   3.8128560e+06   2.3681641e+01
   3.8129050e+06   2.1606445e+01
   3.8131220e+06   2.3986816e+01
   3.8245750e+06   2.0996094e+01
   3.8245890e+06   2.2399902e+01
   3.8246290e+06   3.0944824e+01
   3.8246920e+06   2.5573730e+01
   3.8247240e+06   2.1179199e+01
   3.8250810e+06   2.3498535e+01
   3.8255670e+06   2.2766113e+01
   3.8353390e+06   2.1545410e+01
   3.8354300e+06   2.1118164e+01
   3.8355270e+06   2.2277832e+01
   3.8357340e+06   2.2583008e+01
   3.8358800e+06   2.3986816e+01
   3.8465620e+06   2.7893066e+01
   3.8465870e+06   2.2399902e+01
   3.8467450e+06   2.5939941e+01
   3.8472190e+06   2.1911621e+01
   3.8542540e+06   2.2644043e+01
   3.8560940e+06   2.3498535e+01
   3.8561640e+06   2.8808594e+01
   3.9772060e+06   2.1972656e+01
   4.1017990e+06   2.1911621e+01
   4.3991940e+06   2.3498535e+01
   4.3992110e+06   2.1301270e+01
   4.3992550e+06   2.1179199e+01
   4.3992670e+06   2.2033691e+01
   4.3993210e+06   2.1911621e+01
   4.3994220e+06   2.1118164e+01
   4.3995020e+06   2.3071289e+01
   4.3996020e+06   2.3376465e+01
   4.4010140e+06   2.1850586e+01
   4.5141670e+06   2.0935059e+01
   4.5142050e+06   2.1484375e+01
   4.5142490e+06   2.4841309e+01
   4.5142850e+06   2.5878906e+01
   4.5143650e+06   2.1362305e+01
   4.5144030e+06   2.2766113e+01
   4.6079270e+06   2.4169922e+01
   4.6079690e+06   2.7038574e+01
   4.6080000e+06   2.6062012e+01
   4.6080240e+06   2.7893066e+01
   4.6080610e+06   2.7404785e+01
   4.6085500e+06   2.1850586e+01
   4.6096510e+06   2.2827148e+01
   4.6943750e+06   2.1728516e+01
   4.6944170e+06   2.9113770e+01
   4.6944620e+06   2.3437500e+01
   4.6945010e+06   2.2216797e+01
   4.6946190e+06   2.2033691e+01
   4.6946650e+06   2.0935059e+01
   4.6948130e+06   2.1301270e+01
   4.6950680e+06   2.3010254e+01
   4.6961410e+06   2.2277832e+01
   4.6963220e+06   2.1789551e+01
   4.7844820e+06   2.1240234e+01
   4.7845190e+06   2.5146484e+01
   4.7845600e+06   2.2644043e+01
   4.7846220e+06   2.3071289e+01
   4.7846550e+06   2.2155762e+01
   4.8263030e+06   2.1972656e+01
   4.8597680e+06   2.9235840e+01
   4.8598220e+06   2.1728516e+01
   4.8598420e+06   2.1423340e+01
   4.8599780e+06   2.1850586e+01
   4.8665190e+06   2.1118164e+01
   4.9332890e+06   2.7709961e+01
   4.9333680e+06   2.2583008e+01
   4.9333840e+06   3.2653809e+01
   4.9334930e+06   2.6611328e+01
   4.9335600e+06   2.3071289e+01
   4.9336670e+06   2.3193359e+01
   4.9345750e+06   2.3742676e+01
   4.9348200e+06   2.0996094e+01
   5.0040590e+06   2.8259277e+01
   5.0042160e+06   2.1911621e+01
   5.0042630e+06   2.1728516e+01
   5.0043310e+06   2.1911621e+01
   5.0043910e+06   2.4169922e+01
   5.0045290e+06   2.9602051e+01
   5.0049680e+06   2.6306152e+01
   5.0688250e+06   2.2277832e+01
   5.0688960e+06   2.3620605e+01
   5.0689770e+06   2.7770996e+01
   5.0691330e+06   2.4230957e+01
   5.0691740e+06   2.1362305e+01
   5.0693600e+06   2.2827148e+01
   5.0695930e+06   2.2094727e+01
   5.0700650e+06   2.2399902e+01
   5.0820280e+06   2.7954102e+01
   5.1375960e+06   2.5390625e+01
   5.1376540e+06   2.1606445e+01
   5.1377020e+06   2.6733398e+01
   5.1377450e+06   2.2277832e+01
   5.1377680e+06   2.1972656e+01
   5.1379270e+06   2.1789551e+01
   5.1398490e+06   2.0996094e+01
   5.2048250e+06   2.3620605e+01
   5.2048870e+06   2.3864746e+01
   5.2051180e+06   2.1362305e+01
   5.2052060e+06   3.1738281e+01
   5.2056960e+06   2.4475098e+01
   5.2686120e+06   2.3254395e+01
   5.2688050e+06   2.3437500e+01
   5.3316680e+06   2.1850586e+01
   5.3317590e+06   2.4108887e+01
   5.5189360e+06   2.1118164e+01
   5.6442080e+06   2.9602051e+01
   5.6442580e+06   2.0935059e+01
   5.6443620e+06   2.4841309e+01
   5.6444110e+06   2.1179199e+01
   5.6452110e+06   2.1545410e+01
   5.7190360e+06   2.3315430e+01
   5.7192240e+06   2.4414063e+01
   5.7192930e+06   2.3620605e+01
   5.7531360e+06   2.3437500e+01
   5.7606380e+06   2.1423340e+01
   5.7872360e+06   2.2277832e+01
   5.7872950e+06   2.3376465e+01
   5.7873490e+06   3.8269043e+01
   5.7873680e+06   2.2827148e+01
   5.7873940e+06   2.3254395e+01
   5.7875390e+06   2.5390625e+01
   5.7877290e+06   2.1606445e+01
   5.7877980e+06   2.1362305e+01
   5.7879390e+06   2.5695801e+01
   5.7882270e+06   2.3010254e+01
   5.7884530e+06   2.3193359e+01
   5.7885860e+06   2.1240234e+01
   5.7887750e+06   2.1728516e+01
   5.8629570e+06   2.4169922e+01
   5.8630160e+06   3.0273438e+01
   5.8630850e+06   2.2583008e+01
   5.8631540e+06   2.8686523e+01
   5.9390790e+06   2.5634766e+01
   5.9391470e+06   2.1850586e+01
   5.9391700e+06   2.1301270e+01
   5.9392010e+06   3.1066895e+01
   5.9392310e+06   2.1240234e+01
   5.9393920e+06   2.2399902e+01
   5.9405800e+06   2.1240234e+01
   5.9969780e+06   2.3010254e+01
   5.9970520e+06   2.4047852e+01
   5.9971700e+06   2.2216797e+01
   5.9972120e+06   2.6855469e+01
   6.0591030e+06   2.2338867e+01
   6.0591750e+06   2.4291992e+01
   6.0592350e+06   2.0629883e+01
   6.0593630e+06   2.0751953e+01
   6.0594040e+06   2.9663086e+01
   6.0602950e+06   2.0629883e+01
   6.0994450e+06   2.0935059e+01
   6.7390430e+06   2.5878906e+01
   6.7391220e+06   2.2399902e+01
   6.7391510e+06   3.1188965e+01
   6.7391850e+06   2.2583008e+01
   6.7392300e+06   2.0690918e+01
   6.7398030e+06   2.0690918e+01
   6.9098830e+06   2.1972656e+01
   6.9099630e+06   2.1423340e+01
   6.9100770e+06   2.5085449e+01
   6.9115930e+06   2.2827148e+01
   6.9976360e+06   2.4169922e+01
   7.0450270e+06   2.2644043e+01
   7.0451270e+06   2.4230957e+01
   7.0452690e+06   2.4963379e+01
   7.0465370e+06   2.1789551e+01
   7.0759060e+06   3.3630371e+01
   7.0759750e+06   3.0212402e+01
   7.0760220e+06   2.8564453e+01
   7.0760710e+06   2.3681641e+01
   7.0761460e+06   2.2827148e+01
   7.0776320e+06   2.0507813e+01
   7.0777880e+06   2.3681641e+01
   7.0783850e+06   2.0568848e+01
   7.1168270e+06   2.0996094e+01
   7.1168660e+06   3.2836914e+01
   7.1169750e+06   2.3681641e+01
   7.1169930e+06   2.1667480e+01
   7.1171190e+06   2.0751953e+01
   7.1171430e+06   2.0507813e+01
   7.1171890e+06   2.4108887e+01
   7.1182570e+06   2.0568848e+01
   7.1192190e+06   2.2460938e+01
   7.1309730e+06   2.5390625e+01
   7.1311510e+06   2.5207520e+01
   7.1313240e+06   2.1423340e+01
   7.1314370e+06   2.0751953e+01
   7.1316970e+06   2.2644043e+01
   7.1320130e+06   2.0874023e+01
   7.1322340e+06   2.0629883e+01
   7.1335560e+06   2.2094727e+01
   7.1425150e+06   2.1911621e+01
   7.1425680e+06   2.7648926e+01
   7.1426810e+06   2.2583008e+01
   7.1427610e+06   2.5817871e+01
   7.1430410e+06   2.0568848e+01
   7.1431860e+06   2.1789551e+01
   7.1433290e+06   2.1301270e+01
   7.1526840e+06   2.2583008e+01
   7.1528910e+06   2.3071289e+01
   7.1529700e+06   2.1972656e+01
   7.1530540e+06   2.2155762e+01
   7.1532820e+06   2.0629883e+01
   7.1533110e+06   2.3193359e+01
   7.1625970e+06   2.0568848e+01
   7.1626360e+06   3.4057617e+01
   7.1627230e+06   3.0212402e+01
   7.1628860e+06   2.2094727e+01
   7.1631740e+06   2.2827148e+01
   7.1727110e+06   2.1240234e+01
   7.1727340e+06   2.4780273e+01
   7.1728360e+06   2.2644043e+01
   7.1728650e+06   2.2644043e+01
   7.1729300e+06   2.6367188e+01
   7.1734060e+06   2.2583008e+01
   7.1822120e+06   2.7099609e+01
   7.1823900e+06   2.3254395e+01
   7.1904260e+06   2.1057129e+01
   7.1906870e+06   2.0751953e+01
   7.2858760e+06   2.0996094e+01
   7.5898400e+06   2.2888184e+01
   7.5899010e+06   2.0507813e+01
   7.5899610e+06   2.3254395e+01
   7.5899840e+06   2.5390625e+01
   7.5900790e+06   2.3010254e+01
   7.5902320e+06   2.1606445e+01
   7.5909180e+06   2.1667480e+01
   7.5916600e+06   2.0874023e+01
   7.5929960e+06   2.0812988e+01
   7.8581040e+06   2.2827148e+01
   7.8581250e+06   2.5390625e+01
   7.8582310e+06   2.4169922e+01
   7.8584220e+06   2.1301270e+01
   7.8584560e+06   2.0996094e+01
   7.8585720e+06   2.2338867e+01
   7.8593760e+06   2.2094727e+01
   7.8594390e+06   2.1728516e+01
   7.8600800e+06   2.2644043e+01
   7.9762150e+06   3.1188965e+01
   7.9762870e+06   2.0507813e+01
   7.9763670e+06   2.2827148e+01
   7.9770320e+06   2.0812988e+01
   7.9779820e+06   2.0568848e+01
   7.9780520e+06   2.2827148e+01
   7.9788770e+06   2.0568848e+01
   8.0784210e+06   2.1545410e+01
   8.0784500e+06   2.5024414e+01
   8.0785220e+06   2.1240234e+01
   8.0785960e+06   2.1362305e+01
   8.0786810e+06   2.0812988e+01
   8.0789020e+06   2.1728516e+01
   8.0794200e+06   2.0629883e+01
   8.0810890e+06   2.1057129e+01
   8.0815450e+06   2.3132324e+01
   8.1572480e+06   3.1860352e+01
   8.1573190e+06   2.6489258e+01
   8.1573630e+06   2.2766113e+01
   8.1574170e+06   2.1362305e+01
   8.1574670e+06   2.0751953e+01
   8.1575550e+06   2.3071289e+01
   8.1586140e+06   2.3193359e+01
   8.2194830e+06   2.1850586e+01
   8.2195410e+06   2.3498535e+01
   8.2195700e+06   2.6245117e+01
   8.2197570e+06   2.1484375e+01
   8.2682040e+06   2.4291992e+01
   8.2682990e+06   2.4108887e+01
   8.2683170e+06   2.1057129e+01
   8.2683430e+06   2.1057129e+01
   8.2683930e+06   2.0996094e+01
   8.2694310e+06   2.2460938e+01
   8.3144520e+06   2.1606445e+01
   8.3145270e+06   2.3315430e+01
   8.3145610e+06   2.2033691e+01
   8.3146030e+06   2.7221680e+01
   8.3146340e+06   2.9418945e+01
   8.3147090e+06   2.0690918e+01
   8.3153030e+06   2.1545410e+01
   8.3155070e+06   2.1118164e+01
   8.3156690e+06   2.1057129e+01
   8.3157840e+06   2.3620605e+01
   8.3160950e+06   2.1179199e+01
   8.3444130e+06   2.3315430e+01
   8.3445190e+06   2.5390625e+01
   8.3446480e+06   2.8259277e+01
   8.3447150e+06   2.1118164e+01
   8.3448050e+06   2.4902344e+01
   8.3454380e+06   2.3986816e+01
   8.3457470e+06   2.1240234e+01
   8.8130020e+06   2.9663086e+01
   8.8131180e+06   2.3498535e+01
   8.8131470e+06   2.5756836e+01
   8.8132550e+06   2.0690918e+01
   8.8133680e+06   2.8503418e+01
   8.8134230e+06   2.3071289e+01
   8.8137880e+06   2.2277832e+01
   8.8144430e+06   2.1667480e+01
   8.9115260e+06   2.4841309e+01
   8.9115550e+06   2.3193359e+01
   8.9116300e+06   2.3193359e+01
   8.9116700e+06   2.4658203e+01
   8.9118810e+06   2.1911621e+01
   8.9120430e+06   2.0751953e+01
   8.9733470e+06   2.5695801e+01
   8.9734070e+06   2.1362305e+01
   8.9734440e+06   2.1728516e+01
   8.9734920e+06   2.5512695e+01
   8.9735640e+06   2.2033691e+01
   8.9736360e+06   2.4230957e+01
   8.9737070e+06   2.1057129e+01
   8.9738070e+06   2.1728516e+01
   8.9746330e+06   2.3681641e+01
   9.1412480e+06   2.5451660e+01
   9.1412730e+06   2.1057129e+01
   9.1412910e+06   2.6916504e+01
   9.1413240e+06   2.2277832e+01
   9.1413470e+06   2.2033691e+01
   9.1415160e+06   2.0935059e+01
   9.1418640e+06   2.1728516e+01
   9.2650870e+06   2.5207520e+01
   9.2651130e+06   2.6245117e+01
   9.2651590e+06   2.3681641e+01
   9.2652120e+06   2.1972656e+01
   9.2652230e+06   2.7038574e+01
   9.2652700e+06   2.2155762e+01
   9.2653010e+06   2.3071289e+01
   9.2657790e+06   2.3986816e+01
   9.2660750e+06   2.1057129e+01
   9.3769410e+06   2.2766113e+01
   9.3769830e+06   3.1982422e+01
   9.3770220e+06   2.1118164e+01
   9.3770500e+06   2.3193359e+01
   9.3771240e+06   2.6733398e+01
   9.3772280e+06   2.5695801e+01
   9.3778720e+06   2.1423340e+01
   9.3780760e+06   2.1362305e+01
   9.4374840e+06   2.4719238e+01
   9.6305140e+06   2.4841309e+01
   9.6305640e+06   2.8381348e+01
   9.6306010e+06   2.2583008e+01
   9.6306420e+06   2.1301270e+01
   9.6306650e+06   2.1728516e+01
   9.6308710e+06   2.2033691e+01
   9.6317370e+06   2.2277832e+01
   9.6321240e+06   2.2949219e+01
   9.6324170e+06   2.1789551e+01
   9.7185540e+06   2.2888184e+01
   9.7186330e+06   2.2583008e+01
   9.7186750e+06   2.2888184e+01
   9.7186900e+06   2.1179199e+01
   9.7187510e+06   2.2216797e+01
   9.7188320e+06   2.2277832e+01
   9.7206830e+06   2.4108887e+01
   9.7926370e+06   2.4169922e+01
   9.7926570e+06   2.4291992e+01
   9.7926840e+06   2.5817871e+01
   9.7927240e+06   2.6245117e+01
   9.7930430e+06   2.3376465e+01
   9.7938680e+06   2.1911621e+01
   9.8445540e+06   2.2094727e+01
   9.8445960e+06   2.3071289e+01
   9.8446330e+06   2.1118164e+01
   9.8447180e+06   2.1179199e+01
   9.8448450e+06   2.1545410e+01
   9.8449020e+06   2.2155762e+01
   9.8450130e+06   2.2216797e+01
   9.8457880e+06   2.2399902e+01
   9.8474550e+06   2.2033691e+01
   9.8662610e+06   2.2705078e+01
   9.8668500e+06   2.0996094e+01
   9.8810780e+06   2.3193359e+01
   1.0308370e+07   2.5756836e+01
   1.0308419e+07   2.1850586e+01
   1.0308486e+07   2.2399902e+01
   1.0308500e+07   2.1728516e+01
   1.0308580e+07   2.2399902e+01
   1.0308614e+07   2.0996094e+01
   1.0309677e+07   2.1667480e+01
   1.0309871e+07   2.4353027e+01
   1.0410768e+07   2.6855469e+01
   1.0410802e+07   2.5939941e+01
   1.0410827e+07   2.4414063e+01
   1.0410895e+07   2.2644043e+01
   1.0410933e+07   2.5695801e+01
   1.0411071e+07   2.3864746e+01
   1.0411221e+07   2.3010254e+01
   1.0411453e+07   2.0996094e+01
   1.0482275e+07   2.4047852e+01
   1.0482335e+07   2.4414063e+01
   1.0482469e+07   2.3437500e+01
   1.0482505e+07   2.5756836e+01
   1.0482560e+07   2.1911621e+01
   1.0483134e+07   2.3986816e+01
   1.0566153e+07   2.4475098e+01
   1.0566168e+07   2.4108887e+01
   1.0566212e+07   2.1789551e+01
   1.0566266e+07   2.0996094e+01
   1.0566286e+07   2.7282715e+01
   1.0566321e+07   2.4658203e+01
   1.0566426e+07   2.3864746e+01
   1.0566542e+07   2.1606445e+01
   1.0566697e+07   2.1301270e+01
   1.0647827e+07   2.4414063e+01
   1.0647855e+07   2.1606445e+01
   1.0647875e+07   2.5085449e+01
   1.0647923e+07   2.4902344e+01
   1.0648076e+07   2.6733398e+01
   1.0648131e+07   2.2521973e+01
   1.0649126e+07   2.3010254e+01
   1.0761967e+07   2.3925781e+01
   1.0762041e+07   2.2277832e+01
   1.0762074e+07   2.6306152e+01
   1.0762226e+07   2.1362305e+01
   1.0762284e+07   2.1057129e+01
   1.0762458e+07   2.2521973e+01
   1.0763078e+07   2.0996094e+01
   1.0763387e+07   2.1850586e+01
   1.0842215e+07   2.1972656e+01
   1.0842255e+07   2.4047852e+01
   1.0842403e+07   2.3742676e+01
   1.0842515e+07   2.2094727e+01
   1.0842876e+07   2.3681641e+01
   1.0843387e+07   2.1179199e+01
   1.0843508e+07   2.2644043e+01
   1.0843880e+07   2.4719238e+01
   1.0986510e+07   2.5817871e+01
   1.0986672e+07   2.8625488e+01
   1.0987802e+07   2.1118164e+01
   1.0987938e+07   2.1240234e+01
   1.0988375e+07   2.1728516e+01
   1.1035011e+07   2.7709961e+01
   1.1035348e+07   2.2766113e+01
   1.1035493e+07   2.1484375e+01
   1.1095748e+07   2.1789551e+01
   1.1095974e+07   2.1728516e+01
   1.1096056e+07   2.1179199e+01
   1.1096340e+07   2.0996094e+01
   1.1273554e+07   2.9602051e+01
   1.1273571e+07   2.1118164e+01
   1.1273606e+07   2.2033691e+01
   1.1273649e+07   2.2460938e+01
   1.1273757e+07   2.1240234e+01
   1.1273948e+07   2.1240234e+01
   1.1274110e+07   2.2583008e+01
   1.1274374e+07   2.0935059e+01
   1.1274757e+07   2.3376465e+01
   1.1276165e+07   2.1911621e+01
   1.1356681e+07   3.0273438e+01
   1.1356790e+07   2.8015137e+01
   1.1356855e+07   2.1362305e+01
   1.1356919e+07   2.5573730e+01
   1.1356976e+07   2.1057129e+01
   1.1357078e+07   2.1362305e+01
   1.1358090e+07   2.1667480e+01
   1.1358150e+07   2.5878906e+01
   1.1439260e+07   2.7832031e+01
   1.1439283e+07   2.2766113e+01
   1.1439389e+07   2.4169922e+01
   1.1439404e+07   2.1606445e+01
   1.1441236e+07   2.2399902e+01
   1.1547514e+07   2.5085449e+01
   1.1547551e+07   2.2766113e+01
   1.1547663e+07   2.8259277e+01
   1.1547720e+07   2.3010254e+01
   1.1547772e+07   2.1728516e+01
   1.1547975e+07   2.4353027e+01
   1.1643805e+07   2.8198242e+01
   1.1643884e+07   2.3925781e+01
   1.1643939e+07   2.6245117e+01
   1.1643998e+07   2.1179199e+01
   1.1644072e+07   2.1240234e+01
   1.1644088e+07   2.6855469e+01
   1.1644716e+07   2.2888184e+01
   1.1645302e+07   2.6672363e+01
   1.1646384e+07   2.0935059e+01
   1.1759415e+07   2.1301270e+01
   1.1759425e+07   2.6550293e+01
   1.1759478e+07   2.4902344e+01
   1.1759550e+07   2.3986816e+01
   1.1760137e+07   2.2583008e+01
   1.1760264e+07   2.4475098e+01
   1.1850542e+07   3.1799316e+01
   1.1850600e+07   2.1972656e+01
   1.1850651e+07   2.1911621e+01
   1.1850743e+07   2.5024414e+01
   1.1850799e+07   2.3559570e+01
   1.1850868e+07   2.0996094e+01
   1.1850926e+07   2.1240234e+01
   1.1850993e+07   2.3864746e+01
   1.1851154e+07   2.0935059e+01
   1.1851169e+07   2.1972656e+01
   1.1851403e+07   2.5146484e+01
   1.1851663e+07   2.1301270e+01
