   1.1999000e+07   0.0000000e+00
   1.4569980e+06   2.5695801e+01
   1.9223140e+06   2.1484375e+01
   2.2525410e+06   2.1484375e+01
   3.6158690e+06   2.3498535e+01
   3.7614180e+06   2.2155762e+01
   5.0042610e+06   2.2277832e+01
   5.7749570e+06   2.1301270e+01
   5.7871330e+06   2.1118164e+01
   5.9969530e+06   2.1911621e+01
   6.6646770e+06   2.1545410e+01
   6.6969860e+06   2.1850586e+01
   7.0451600e+06   2.1545410e+01
   7.0452490e+06   2.3254395e+01
   7.1311450e+06   2.2094727e+01
   7.9763470e+06   2.2521973e+01
   8.9119370e+06   2.2705078e+01
   8.9725930e+06   2.1545410e+01
   9.2652790e+06   2.2338867e+01
   1.0482437e+07   2.2399902e+01
   1.1439455e+07   2.3010254e+01
   1.1644257e+07   2.1728516e+01
