   1.1999000e+07   0.0000000e+00
   2.2951000e+04   2.4597168e+01
   2.3138000e+04   2.2766113e+01
   2.3159000e+04   2.7038574e+01
   2.3187000e+04   2.3315430e+01
   2.3210000e+04   2.2216797e+01
   8.4553000e+04   2.5390625e+01
   8.4591000e+04   3.2226563e+01
   8.4610000e+04   2.3193359e+01
   8.4637000e+04   2.1911621e+01
   8.4660000e+04   2.2583008e+01
   1.3343800e+05   3.2958984e+01
   1.3348600e+05   2.2583008e+01
   1.7629900e+05   2.9296875e+01
   2.1480100e+05   2.2766113e+01
   2.1489500e+05   3.7475586e+01
   2.6796900e+05   2.5146484e+01
   2.6803000e+05   2.1789551e+01
   3.0295200e+05   2.5817871e+01
   3.0297300e+05   2.7648926e+01
   3.0300500e+05   2.4536133e+01
   3.5193300e+05   2.4475098e+01
   3.5197200e+05   2.5390625e+01
   3.9507900e+05   2.3254395e+01
   3.9515100e+05   2.4047852e+01
   4.3865200e+05   2.6245117e+01
   4.3869200e+05   2.4291992e+01
   4.8835200e+05   2.3132324e+01
   4.8838100e+05   2.5756836e+01
   4.8850200e+05   2.2644043e+01
   5.3828400e+05   2.6000977e+01
   5.3835300e+05   2.3254395e+01
   5.8923800e+05   2.2766113e+01
   5.8926600e+05   2.5024414e+01
   5.8929500e+05   2.3498535e+01
   6.4636200e+05   2.8015137e+01
   1.1219570e+06   2.6733398e+01
   1.1220170e+06   2.2521973e+01
   1.1723420e+06   2.2277832e+01
   1.1798510e+06   2.7282715e+01
   1.1798660e+06   3.6376953e+01
   1.1799070e+06   2.3193359e+01
   1.1799530e+06   2.4230957e+01
   1.2495600e+06   2.3010254e+01
   1.3565760e+06   2.2094727e+01
   1.8426090e+06   2.8930664e+01
   1.8426570e+06   3.1738281e+01
   1.8427140e+06   2.6489258e+01
   1.8428310e+06   2.2399902e+01
   1.8654140e+06   2.2460938e+01
   1.8654610e+06   2.9174805e+01
   1.9354660e+06   2.8076172e+01
   1.9908170e+06   2.8076172e+01
   2.0392610e+06   2.4536133e+01
   2.0392970e+06   2.2644043e+01
   2.0863740e+06   3.0334473e+01
   2.0863910e+06   3.4179688e+01
   2.0864500e+06   2.4108887e+01
   2.1356120e+06   3.0395508e+01
   2.1356740e+06   2.3925781e+01
   2.1822080e+06   2.3559570e+01
   2.1822270e+06   3.0639648e+01
   2.2154950e+06   2.3437500e+01
   2.2155070e+06   2.7282715e+01
   2.2155440e+06   2.2094727e+01
   2.2630820e+06   3.0395508e+01
   2.2631130e+06   2.1972656e+01
   2.2808890e+06   3.0212402e+01
   2.2809460e+06   2.1850586e+01
   2.3060300e+06   2.7404785e+01
   2.3060590e+06   2.3010254e+01
   2.3061170e+06   2.1728516e+01
   2.3445500e+06   2.2033691e+01
   2.3685130e+06   2.1728516e+01
   2.3685370e+06   2.2399902e+01
   2.4110900e+06   2.3132324e+01
   2.4111270e+06   2.5756836e+01
   2.4111450e+06   2.5085449e+01
   2.4339430e+06   2.2521973e+01
   2.4473330e+06   2.1728516e+01
   2.4475650e+06   2.2644043e+01
   2.4873030e+06   2.3376465e+01
   2.4874320e+06   2.3620605e+01
   2.4875380e+06   2.3254395e+01
   2.5150950e+06   2.7099609e+01
   2.5151640e+06   2.2277832e+01
   2.5429920e+06   2.2155762e+01
   2.5688030e+06   2.2460938e+01
   2.5690560e+06   2.2521973e+01
   2.5947210e+06   2.2399902e+01
   2.5948260e+06   2.2277832e+01
   2.6165830e+06   2.2033691e+01
   3.0364660e+06   2.5451660e+01
   3.1588930e+06   2.3559570e+01
   3.1589230e+06   2.2033691e+01
   3.2396870e+06   2.5146484e+01
   3.3067310e+06   2.4963379e+01
   3.3556400e+06   2.7038574e+01
   3.3556690e+06   2.2521973e+01
   3.4161180e+06   2.8747559e+01
   3.4162040e+06   2.2155762e+01
   3.4235780e+06   2.2155762e+01
   3.4724670e+06   3.3996582e+01
   3.5357750e+06   2.2338867e+01
   3.5958000e+06   3.2470703e+01
   3.5958630e+06   2.7038574e+01
   3.6663760e+06   2.1850586e+01
   3.8552650e+06   2.1911621e+01
   3.8553120e+06   2.3132324e+01
   3.8553470e+06   2.5024414e+01
   3.8554800e+06   2.8747559e+01
   3.8556150e+06   2.4169922e+01
   4.1823920e+06   2.1911621e+01
   4.1824190e+06   2.6733398e+01
   4.2054400e+06   3.2104492e+01
   4.2054550e+06   2.2155762e+01
   4.2055520e+06   2.2827148e+01
   4.2475290e+06   2.6123047e+01
   4.2475430e+06   3.3081055e+01
   4.2476330e+06   2.2094727e+01
   4.2817850e+06   2.2705078e+01
   4.2818230e+06   2.3742676e+01
   4.3287730e+06   2.7465820e+01
   4.3287830e+06   2.6733398e+01
   4.3288060e+06   2.1972656e+01
   4.3288340e+06   2.5817871e+01
   4.3873980e+06   2.5451660e+01
   4.3874140e+06   2.4780273e+01
   4.4414110e+06   2.2277832e+01
   4.4811520e+06   2.4841309e+01
   4.5320750e+06   3.2409668e+01
   4.5321100e+06   2.2460938e+01
   4.5799360e+06   2.1911621e+01
   4.5942600e+06   2.4963379e+01
   4.5942870e+06   2.7465820e+01
   4.6273160e+06   2.3315430e+01
   5.0584500e+06   2.2094727e+01
   5.0585780e+06   2.3925781e+01
   5.2581660e+06   2.1972656e+01
   5.2581900e+06   2.2094727e+01
   5.2582150e+06   2.3254395e+01
   5.2585380e+06   2.2277832e+01
   5.4858620e+06   2.9724121e+01
   5.4859540e+06   2.4475098e+01
   5.5442900e+06   3.0517578e+01
   5.5443470e+06   2.5695801e+01
   5.5443700e+06   2.2216797e+01
   5.6377760e+06   2.2521973e+01
   5.8317110e+06   2.2460938e+01
   5.9244760e+06   3.5827637e+01
   6.0495630e+06   2.3559570e+01
   6.3241200e+06   2.4963379e+01
   6.3243090e+06   2.2644043e+01
   6.7134770e+06   2.2827148e+01
   6.7134940e+06   3.0517578e+01
   6.7135360e+06   2.2888184e+01
   6.8304970e+06   2.7343750e+01
   6.8305160e+06   2.6367188e+01
   6.8306070e+06   2.2644043e+01
   6.8863760e+06   2.2949219e+01
   6.8863910e+06   2.7526855e+01
   6.9111890e+06   2.6245117e+01
   6.9112550e+06   2.9907227e+01
   6.9112960e+06   2.4108887e+01
   6.9762050e+06   2.1911621e+01
   6.9767830e+06   2.2338867e+01
   7.1002230e+06   3.0395508e+01
   7.1002520e+06   2.6855469e+01
   7.1906460e+06   2.7343750e+01
   7.2064390e+06   2.1972656e+01
   7.2220210e+06   2.5390625e+01
   7.2220810e+06   2.3742676e+01
   7.2220950e+06   2.2827148e+01
   7.3515230e+06   2.4902344e+01
   7.3515880e+06   2.4047852e+01
   7.4439680e+06   2.8564453e+01
   7.4440540e+06   2.2949219e+01
   7.4799730e+06   2.3193359e+01
   7.5154790e+06   2.3376465e+01
   7.5155080e+06   2.6000977e+01
   7.5565650e+06   2.2705078e+01
   7.5566360e+06   2.1850586e+01
   8.2642380e+06   2.3620605e+01
   8.2642550e+06   2.3986816e+01
   8.2642960e+06   2.4230957e+01
   8.2931720e+06   2.2155762e+01
   8.2932260e+06   2.3620605e+01
   8.3673760e+06   2.4475098e+01
   8.3674400e+06   2.1850586e+01
   8.4449410e+06   2.6000977e+01
   8.4449950e+06   2.3498535e+01
   8.5083120e+06   2.3681641e+01
   8.5083320e+06   2.2460937e+01
   8.5083750e+06   2.2705078e+01
   8.7206740e+06   2.1911621e+01
   8.7434980e+06   2.7587891e+01
   8.7435180e+06   2.2399902e+01
   8.7435330e+06   2.2216797e+01
   8.7435580e+06   2.1972656e+01
   8.9673770e+06   2.2216797e+01
   8.9674530e+06   2.3315430e+01
   8.9675670e+06   2.2033691e+01
   9.2927370e+06   2.3864746e+01
   9.2927470e+06   2.2583008e+01
   9.2928990e+06   2.3376465e+01
   9.2933040e+06   2.2277832e+01
   9.6657740e+06   3.0944824e+01
   9.6658470e+06   2.7954102e+01
   9.6658710e+06   2.4597168e+01
   9.6663010e+06   2.3986816e+01
   9.6664860e+06   2.3864746e+01
   9.6881070e+06   2.2033691e+01
   9.7505140e+06   2.4230957e+01
   9.7505270e+06   2.2216797e+01
   9.7505400e+06   2.7893066e+01
   9.7505840e+06   2.2949219e+01
   9.7506080e+06   2.2399902e+01
   9.8478230e+06   2.2644043e+01
   9.8478850e+06   2.4902344e+01
   9.8479340e+06   2.4169922e+01
   9.8479450e+06   2.2460938e+01
   9.8651390e+06   2.3254395e+01
   1.0150002e+07   2.2827148e+01
   1.0150056e+07   3.7658691e+01
   1.0347401e+07   2.1789551e+01
   1.0807358e+07   2.2155762e+01
   1.1035731e+07   2.5512695e+01
   1.1035833e+07   2.1972656e+01
   1.1719583e+07   2.2888184e+01
   1.1786690e+07   2.2155762e+01
   1.1786700e+07   3.3630371e+01
   1.1786726e+07   2.2155762e+01
   1.1786752e+07   2.3132324e+01
   1.1786783e+07   2.2949219e+01
   1.1838720e+07   3.2104492e+01
   1.1890306e+07   2.4536133e+01
   1.1890334e+07   2.4780273e+01
   1.1890346e+07   2.2460938e+01
   1.1890384e+07   2.2583008e+01
   1.1934534e+07   3.1188965e+01
   1.1934548e+07   2.5268555e+01
   1.1979614e+07   2.7099609e+01
   1.1979637e+07   2.2888184e+01
