   1.1999000e+07   0.0000000e+00
   2.3300000e+04   2.1728516e+01
   2.3317000e+04   2.2216797e+01
   2.3338000e+04   2.5756836e+01
   2.3368000e+04   5.4321289e+01
   2.3384000e+04   7.2875977e+01
   2.3406000e+04   2.9907227e+01
   2.3418000e+04   4.8461914e+01
   2.3453000e+04   3.0090332e+01
   2.3480000e+04   2.4658203e+01
   2.3536000e+04   2.1423340e+01
   2.3556000e+04   2.1362305e+01
   2.3602000e+04   2.0446777e+01
   2.3940000e+04   2.0996094e+01
   2.3956000e+04   2.1484375e+01
   2.4779000e+04   2.5451660e+01
   8.1912000e+04   2.8503418e+01
   8.4210000e+04   2.0751953e+01
   8.4246000e+04   3.1555176e+01
   8.4302000e+04   7.3425293e+01
   8.4329000e+04   2.7038574e+01
   8.4347000e+04   3.7109375e+01
   8.4357000e+04   2.2216797e+01
   8.4379000e+04   2.5817871e+01
   8.4406000e+04   6.7443848e+01
   8.4419000e+04   2.9296875e+01
   8.4433000e+04   2.5512695e+01
   8.4482000e+04   2.8991699e+01
   8.4493000e+04   2.1301270e+01
   8.4530000e+04   2.2460938e+01
   8.4559000e+04   2.3498535e+01
   8.4593000e+04   2.0874023e+01
   8.4612000e+04   2.5695801e+01
   8.4631000e+04   2.1545410e+01
   8.5052000e+04   2.0324707e+01
   1.0986700e+05   4.4006348e+01
   1.1219400e+05   2.0690918e+01
   1.3279000e+05   2.7282715e+01
   1.3304800e+05   3.5400391e+01
   1.3312000e+05   4.0405273e+01
   1.3315000e+05   2.7770996e+01
   1.3316800e+05   3.1799316e+01
   1.3317800e+05   2.3620605e+01
   1.3320400e+05   2.8503418e+01
   1.3321400e+05   3.0334473e+01
   1.3323000e+05   2.8808594e+01
   1.3325200e+05   4.2541504e+01
   1.3327200e+05   2.8686523e+01
   1.3330300e+05   2.9541016e+01
   1.3333400e+05   3.0883789e+01
   1.3335000e+05   2.0874023e+01
   1.3339700e+05   2.1057129e+01
   1.3348000e+05   2.0935059e+01
   1.3372800e+05   2.1423340e+01
   1.7578600e+05   2.8503418e+01
   1.7588500e+05   2.4414063e+01
   1.7592900e+05   2.8686523e+01
   1.7595600e+05   6.8176270e+01
   1.7597100e+05   2.0751953e+01
   1.7602200e+05   3.4240723e+01
   1.7603300e+05   2.3925781e+01
   1.7605600e+05   4.2297363e+01
   1.7607100e+05   2.3132324e+01
   1.7608900e+05   7.1044922e+01
   1.7611400e+05   3.6621094e+01
   1.7613500e+05   3.1860352e+01
   1.7614500e+05   3.1555176e+01
   1.7617500e+05   2.0507813e+01
   1.7618700e+05   2.3193359e+01
   1.7621400e+05   2.1484375e+01
   1.7623200e+05   2.3193359e+01
   1.7625400e+05   2.1301270e+01
   1.7627200e+05   2.1423340e+01
   1.7637200e+05   2.3620605e+01
   1.7681500e+05   2.4291992e+01
   2.1450900e+05   2.5207520e+01
   2.1454600e+05   2.1606445e+01
   2.1456500e+05   2.7404785e+01
   2.1462400e+05   7.4035645e+01
   2.1466600e+05   2.8869629e+01
   2.1469100e+05   3.3569336e+01
   2.1470300e+05   2.2888184e+01
   2.1472500e+05   5.7678223e+01
   2.1474100e+05   3.8146973e+01
   2.1478800e+05   2.3742676e+01
   2.1480600e+05   3.9611816e+01
   2.1483500e+05   2.0324707e+01
   2.1486100e+05   2.0751953e+01
   2.1487300e+05   2.6306152e+01
   2.1490100e+05   2.2094727e+01
   2.1493000e+05   2.4291992e+01
   2.1516900e+05   2.2705078e+01
   2.1519300e+05   2.3132324e+01
   2.6745500e+05   2.8991699e+01
   2.6758200e+05   2.0446777e+01
   2.6759800e+05   2.9541016e+01
   2.6765100e+05   2.1545410e+01
   2.6770500e+05   8.0261230e+01
   2.6774500e+05   3.9306641e+01
   2.6775800e+05   2.3559570e+01
   2.6778600e+05   3.7719727e+01
   2.6779800e+05   2.4658203e+01
   2.6782800e+05   5.2185059e+01
   2.6784000e+05   2.6428223e+01
   2.6788100e+05   2.8076172e+01
   2.6789500e+05   4.7912598e+01
   2.6792300e+05   2.7099609e+01
   2.6795300e+05   2.7160645e+01
   2.6798300e+05   2.0446777e+01
   2.6801200e+05   2.1118164e+01
   2.6805000e+05   2.0812988e+01
   3.0250300e+05   2.8747559e+01
   3.0257500e+05   2.6489258e+01
   3.0261100e+05   3.9306641e+01
   3.0264000e+05   6.5490723e+01
   3.0265800e+05   3.7475586e+01
   3.0268300e+05   3.0151367e+01
   3.0271400e+05   4.3151855e+01
   3.0273400e+05   4.9072266e+01
   3.0275600e+05   2.6916504e+01
   3.0278000e+05   2.9785156e+01
   3.0280200e+05   2.2460938e+01
   3.0282600e+05   2.9907227e+01
   3.0284300e+05   3.2836914e+01
   3.0287600e+05   2.6306152e+01
   3.0295900e+05   2.1179199e+01
   3.0300200e+05   2.1789551e+01
   3.0322500e+05   2.2277832e+01
   3.0347100e+05   2.8747559e+01
   3.5145300e+05   3.3691406e+01
   3.5150700e+05   2.2766113e+01
   3.5154600e+05   2.2583008e+01
   3.5161400e+05   2.8137207e+01
   3.5164100e+05   8.8928223e+01
   3.5166200e+05   3.1921387e+01
   3.5168300e+05   4.1564941e+01
   3.5170200e+05   4.1992188e+01
   3.5171800e+05   2.8137207e+01
   3.5173400e+05   3.5461426e+01
   3.5175200e+05   2.8808594e+01
   3.5176800e+05   2.7282715e+01
   3.5178900e+05   2.5512695e+01
   3.5182000e+05   2.9296875e+01
   3.5190300e+05   2.2399902e+01
   3.5194600e+05   2.3437500e+01
   3.5211700e+05   2.3437500e+01
   3.9444200e+05   3.1921387e+01
   3.9461200e+05   2.1423340e+01
   3.9463700e+05   3.0456543e+01
   3.9468100e+05   7.4890137e+01
   3.9469500e+05   3.1616211e+01
   3.9471800e+05   2.3559570e+01
   3.9477200e+05   2.6428223e+01
   3.9479500e+05   2.3132324e+01
   3.9480600e+05   5.2856445e+01
   3.9483800e+05   4.7302246e+01
   3.9486700e+05   4.1992188e+01
   3.9488000e+05   2.0385742e+01
   3.9491100e+05   5.2368164e+01
   3.9492300e+05   3.6621094e+01
   3.9496400e+05   3.1616211e+01
   3.9497700e+05   2.6428223e+01
   3.9503800e+05   2.1301270e+01
   3.9515000e+05   2.4108887e+01
   3.9529100e+05   2.0935059e+01
   4.3810000e+05   3.1250000e+01
   4.3817800e+05   2.8381348e+01
   4.3822600e+05   2.0629883e+01
   4.3825700e+05   2.4597168e+01
   4.3827000e+05   3.1127930e+01
   4.3829900e+05   7.2326660e+01
   4.3831900e+05   2.8503418e+01
   4.3834200e+05   4.2602539e+01
   4.3837500e+05   4.7241211e+01
   4.3839200e+05   3.3081055e+01
   4.3840700e+05   4.7912598e+01
   4.3842700e+05   5.1757813e+01
   4.3845500e+05   2.4597168e+01
   4.3848000e+05   2.6672363e+01
   4.3849800e+05   3.9428711e+01
   4.3852800e+05   2.2949219e+01
   4.3855100e+05   2.1850586e+01
   4.3857400e+05   2.1179199e+01
   4.3859100e+05   2.9357910e+01
   4.3867100e+05   2.2338867e+01
   4.3877900e+05   2.1362305e+01
   4.8783400e+05   2.8076172e+01
   4.8789500e+05   2.7221680e+01
   4.8797400e+05   3.0151367e+01
   4.8803800e+05   7.4218750e+01
   4.8806000e+05   3.5339355e+01
   4.8807600e+05   2.2827148e+01
   4.8810100e+05   3.3569336e+01
   4.8814200e+05   6.2438965e+01
   4.8817400e+05   2.8503418e+01
   4.8818700e+05   3.6621094e+01
   4.8821600e+05   4.0100098e+01
   4.8823700e+05   2.4169922e+01
   4.8826300e+05   3.3752441e+01
   4.8827800e+05   2.4902344e+01
   4.8832700e+05   2.0874023e+01
   4.8835000e+05   2.2399902e+01
   4.8848900e+05   2.2827148e+01
   4.8866700e+05   2.5695801e+01
   5.2423700e+05   2.9235840e+01
   5.3770300e+05   2.9602051e+01
   5.3775300e+05   2.2583008e+01
   5.3786100e+05   2.6611328e+01
   5.3789400e+05   2.1667480e+01
   5.3792000e+05   7.0556641e+01
   5.3793100e+05   2.5390625e+01
   5.3795200e+05   2.5756836e+01
   5.3797300e+05   3.0578613e+01
   5.3799700e+05   2.4902344e+01
   5.3802100e+05   2.9418945e+01
   5.3803200e+05   1.1126709e+02
   5.3805300e+05   3.0700684e+01
   5.3807300e+05   3.1433105e+01
   5.3809900e+05   2.3498535e+01
   5.3812900e+05   2.4597168e+01
   5.3817000e+05   2.5451660e+01
   5.3818600e+05   2.7770996e+01
   5.3822600e+05   2.6306152e+01
   5.3824700e+05   2.1057129e+01
   5.3831100e+05   2.0324707e+01
   5.3834700e+05   2.5756836e+01
   5.8868000e+05   2.9174805e+01
   5.8878200e+05   2.0568848e+01
   5.8879500e+05   2.9785156e+01
   5.8887200e+05   2.4902344e+01
   5.8889300e+05   6.1706543e+01
   5.8891500e+05   3.2226563e+01
   5.8893000e+05   2.7465820e+01
   5.8894600e+05   2.1484375e+01
   5.8897600e+05   3.4301758e+01
   5.8899100e+05   3.2470703e+01
   5.8901200e+05   6.4575195e+01
   5.8904100e+05   3.8879395e+01
   5.8906100e+05   2.2460938e+01
   5.8908600e+05   2.5268555e+01
   5.8910300e+05   3.4240723e+01
   5.8912600e+05   3.0090332e+01
   5.8915200e+05   2.0751953e+01
   5.8916600e+05   2.9357910e+01
   5.8919700e+05   2.5756836e+01
   5.8921900e+05   2.0812988e+01
   5.8925300e+05   2.2460938e+01
   5.8926800e+05   2.1789551e+01
   5.8929500e+05   2.3132324e+01
   6.4578700e+05   2.6184082e+01
   6.4588700e+05   3.3813477e+01
   6.4595900e+05   2.7221680e+01
   6.4600700e+05   7.3425293e+01
   6.4602600e+05   5.2001953e+01
   6.4605600e+05   2.2338867e+01
   6.4607400e+05   3.5095215e+01
   6.4609300e+05   2.1545410e+01
   6.4611600e+05   3.1738281e+01
   6.4614300e+05   4.3579102e+01
   6.4615400e+05   4.1381836e+01
   6.4618200e+05   2.0874023e+01
   6.4620800e+05   3.6254883e+01
   6.4624200e+05   2.5451660e+01
   6.4631300e+05   2.4780273e+01
   6.4638700e+05   2.4536133e+01
   6.4643300e+05   2.8076172e+01
   6.4663000e+05   2.0874023e+01
   6.9405600e+05   3.1250000e+01
   6.9412600e+05   2.6611328e+01
   6.9424400e+05   2.7893066e+01
   6.9431500e+05   2.2583008e+01
   6.9432600e+05   7.4218750e+01
   6.9436300e+05   3.6621094e+01
   6.9438200e+05   2.8320313e+01
   6.9439600e+05   2.1423340e+01
   6.9446000e+05   6.1157227e+01
   6.9447500e+05   3.5339355e+01
   6.9451100e+05   2.1118164e+01
   6.9452500e+05   2.3254395e+01
   6.9455700e+05   3.0029297e+01
   6.9456800e+05   4.5715332e+01
   6.9459700e+05   2.6977539e+01
   6.9461000e+05   2.2399902e+01
   6.9463400e+05   2.4780273e+01
   6.9467700e+05   2.7526855e+01
   6.9470900e+05   2.2644043e+01
   6.9472600e+05   3.0029297e+01
   6.9474200e+05   2.0568848e+01
   6.9480200e+05   2.2827148e+01
   6.9490500e+05   2.1667480e+01
   6.9498800e+05   2.3254395e+01
   7.2661000e+05   2.2460938e+01
   7.6264800e+05   2.8076172e+01
   7.6294800e+05   2.0385742e+01
   7.6298400e+05   2.5207520e+01
   7.6320400e+05   2.3803711e+01
   7.6339900e+05   6.6894531e+01
   7.6367100e+05   5.7800293e+01
   7.6368100e+05   3.6865234e+01
   7.6371400e+05   2.1484375e+01
   7.6375600e+05   2.4658203e+01
   7.6376900e+05   2.2705078e+01
   7.6379300e+05   3.0517578e+01
   7.6386000e+05   6.4758301e+01
   7.6392400e+05   2.3254395e+01
   7.6395800e+05   2.6855469e+01
   7.6396900e+05   2.1850586e+01
   7.6398000e+05   2.9785156e+01
   7.6403300e+05   3.5522461e+01
   7.6427000e+05   4.3395996e+01
   7.6447200e+05   2.0812988e+01
   9.0276700e+05   3.6254883e+01
   9.0283200e+05   5.7678223e+01
   9.0300600e+05   2.3010254e+01
   9.0313100e+05   4.9560547e+01
   1.0776850e+06   3.4118652e+01
   1.1215610e+06   2.7404785e+01
   1.1216330e+06   2.5512695e+01
   1.1216730e+06   2.5939941e+01
   1.1217170e+06   2.4475098e+01
   1.1217650e+06   5.3039551e+01
   1.1217850e+06   2.5878906e+01
   1.1217980e+06   4.5898438e+01
   1.1218200e+06   1.0052490e+02
   1.1218460e+06   2.2644043e+01
   1.1218560e+06   2.9052734e+01
   1.1218700e+06   2.6916504e+01
   1.1218990e+06   4.9438477e+01
   1.1219210e+06   2.1606445e+01
   1.1219320e+06   2.4902344e+01
   1.1219760e+06   2.7465820e+01
   1.1220700e+06   2.1057129e+01
   1.1220900e+06   2.0751953e+01
   1.1222350e+06   2.3559570e+01
   1.1792200e+06   3.0700684e+01
   1.1792940e+06   2.3925781e+01
   1.1793560e+06   2.0507813e+01
   1.1794510e+06   2.4353027e+01
   1.1794980e+06   2.0629883e+01
   1.1795370e+06   2.3376465e+01
   1.1795660e+06   2.6916504e+01
   1.1795820e+06   3.7658691e+01
   1.1796060e+06   2.6245117e+01
   1.1796240e+06   7.2692871e+01
   1.1796530e+06   6.4819336e+01
   1.1796670e+06   2.3437500e+01
   1.1796910e+06   2.0629883e+01
   1.1797220e+06   6.2927246e+01
   1.1797550e+06   2.4780273e+01
   1.1797670e+06   3.0944824e+01
   1.1797930e+06   2.3437500e+01
   1.1798210e+06   2.4291992e+01
   1.1798590e+06   2.1423340e+01
   1.1799000e+06   2.0996094e+01
   1.1800550e+06   2.2766113e+01
   1.1802210e+06   2.0629883e+01
   1.2496180e+06   2.8869629e+01
   1.2496930e+06   2.0812988e+01
   1.2497330e+06   3.2531738e+01
   1.2497480e+06   3.0395508e+01
   1.2497810e+06   2.6550293e+01
   1.2498430e+06   2.0568848e+01
   1.2498790e+06   3.8269043e+01
   1.2498920e+06   7.5683594e+01
   1.2499130e+06   4.6936035e+01
   1.2499310e+06   4.6142578e+01
   1.2499620e+06   2.2033691e+01
   1.2499900e+06   3.8574219e+01
   1.2500100e+06   5.0415039e+01
   1.2500260e+06   2.9235840e+01
   1.2500640e+06   3.6010742e+01
   1.2500920e+06   2.0446777e+01
   1.2501280e+06   2.2521973e+01
   1.2502280e+06   2.0568848e+01
   1.2502740e+06   2.4414063e+01
   1.2504560e+06   2.2277832e+01
   1.3482240e+06   3.1860352e+01
   1.3482850e+06   2.9602051e+01
   1.3483860e+06   2.3620605e+01
   1.3484730e+06   3.0944824e+01
   1.3485350e+06   2.2705078e+01
   1.3485900e+06   2.5329590e+01
   1.3486680e+06   3.1127930e+01
   1.3487050e+06   2.9174805e+01
   1.3487220e+06   2.8686523e+01
   1.3487590e+06   6.3232422e+01
   1.3609890e+06   2.9968262e+01
   1.3611010e+06   3.0456543e+01
   1.3621860e+06   2.9052734e+01
   1.4571660e+06   3.5400391e+01
   1.4572090e+06   2.1484375e+01
   1.4572570e+06   2.5085449e+01
   1.4573310e+06   2.6000977e+01
   1.4574860e+06   3.1127930e+01
   1.4575320e+06   2.5878906e+01
   1.4575950e+06   2.8869629e+01
   1.4576590e+06   2.2338867e+01
   1.4576990e+06   2.8991699e+01
   1.6714650e+06   2.0324707e+01
   1.8421580e+06   2.3376465e+01
   1.8422070e+06   3.0090332e+01
   1.8423570e+06   2.5573730e+01
   1.8423750e+06   2.0751953e+01
   1.8424090e+06   2.7893066e+01
   1.8424230e+06   2.1301270e+01
   1.8424510e+06   4.8828125e+01
   1.8424680e+06   2.9357910e+01
   1.8425150e+06   5.7678223e+01
   1.8425350e+06   2.9357910e+01
   1.8425530e+06   3.3447266e+01
   1.8425960e+06   4.5410156e+01
   1.8426280e+06   3.9428711e+01
   1.8426620e+06   2.2827148e+01
   1.8426940e+06   2.4169922e+01
   1.8427350e+06   2.4414063e+01
   1.8431570e+06   2.1362305e+01
   1.8648210e+06   2.9602051e+01
   1.8649100e+06   2.3864746e+01
   1.8650010e+06   2.0690918e+01
   1.8650170e+06   2.1972656e+01
   1.8650280e+06   2.7038574e+01
   1.8650770e+06   2.0446777e+01
   1.8651000e+06   3.6010742e+01
   1.8651150e+06   3.7231445e+01
   1.8651440e+06   6.9152832e+01
   1.8651580e+06   3.8208008e+01
   1.8651850e+06   2.4902344e+01
   1.8652010e+06   4.0466309e+01
   1.8652160e+06   2.5390625e+01
   1.8652490e+06   6.9396973e+01
   1.8652860e+06   2.3559570e+01
   1.8653090e+06   2.6794434e+01
   1.8653220e+06   2.2155762e+01
   1.8654230e+06   2.1484375e+01
   1.8654380e+06   2.4658203e+01
   1.8654940e+06   2.0324707e+01
   1.9350880e+06   2.9113770e+01
   1.9351370e+06   2.9846191e+01
   1.9351800e+06   2.0385742e+01
   1.9351990e+06   2.1423340e+01
   1.9352380e+06   2.9235840e+01
   1.9352650e+06   5.0476074e+01
   1.9352870e+06   7.7148438e+01
   1.9352970e+06   3.1921387e+01
   1.9353260e+06   2.1606445e+01
   1.9353570e+06   6.7687988e+01
   1.9353760e+06   2.5756836e+01
   1.9353900e+06   3.1311035e+01
   1.9354150e+06   2.7404785e+01
   1.9354690e+06   2.1545410e+01
   1.9354950e+06   2.3132324e+01
   1.9355210e+06   2.2033691e+01
   1.9356220e+06   2.3254395e+01
   1.9903740e+06   2.7648926e+01
   1.9904420e+06   2.9785156e+01
   1.9905140e+06   2.8747559e+01
   1.9905770e+06   3.8452148e+01
   1.9905960e+06   3.6865234e+01
   1.9906060e+06   7.9650879e+01
   1.9906410e+06   2.6733398e+01
   1.9906720e+06   3.7414551e+01
   1.9906830e+06   5.8715820e+01
   1.9907260e+06   2.3437500e+01
   1.9907440e+06   2.9785156e+01
   1.9907690e+06   3.2348633e+01
   1.9907840e+06   2.1362305e+01
   1.9909660e+06   2.1728516e+01
   1.9911750e+06   2.5329590e+01
   2.0372750e+06   3.3142090e+01
   2.0388010e+06   3.7292480e+01
   2.0388560e+06   3.0761719e+01
   2.0389190e+06   3.0700684e+01
   2.0389670e+06   2.7282715e+01
   2.0389890e+06   2.1179199e+01
   2.0390020e+06   4.6630859e+01
   2.0390120e+06   4.0527344e+01
   2.0390300e+06   5.6213379e+01
   2.0390420e+06   2.1484375e+01
   2.0390540e+06   4.3762207e+01
   2.0390920e+06   3.8879395e+01
   2.0391170e+06   4.9743652e+01
   2.0391340e+06   3.2531738e+01
   2.0391580e+06   3.2226563e+01
   2.0391810e+06   3.2531738e+01
   2.0392250e+06   2.5756836e+01
   2.0393180e+06   2.8991699e+01
   2.0393760e+06   2.1423340e+01
   2.0394360e+06   2.4658203e+01
   2.0395060e+06   2.0507813e+01
   2.0396010e+06   2.4536133e+01
   2.0859320e+06   3.3996582e+01
   2.0860110e+06   2.9479980e+01
   2.0860810e+06   2.7465820e+01
   2.0861020e+06   2.0568848e+01
   2.0861300e+06   3.8635254e+01
   2.0861500e+06   4.9194336e+01
   2.0861720e+06   2.6611328e+01
   2.0861900e+06   2.6367188e+01
   2.0862240e+06   4.2663574e+01
   2.0862480e+06   3.3081055e+01
   2.0862720e+06   4.0527344e+01
   2.0862950e+06   3.4912109e+01
   2.0863170e+06   2.3864746e+01
   2.0864270e+06   2.7221680e+01
   2.0865260e+06   2.0812988e+01
   2.0865940e+06   2.3742676e+01
   2.0867200e+06   2.0324707e+01
   2.0867570e+06   2.5085449e+01
   2.0871660e+06   2.2216797e+01
   2.0881020e+06   2.2338867e+01
   2.1351540e+06   3.5644531e+01
   2.1352120e+06   2.3803711e+01
   2.1352900e+06   2.7770996e+01
   2.1353100e+06   2.5268555e+01
   2.1353280e+06   2.7587891e+01
   2.1353560e+06   5.8715820e+01
   2.1353870e+06   3.9428711e+01
   2.1353970e+06   3.3508301e+01
   2.1354240e+06   2.4597168e+01
   2.1354430e+06   5.4809570e+01
   2.1354600e+06   3.2409668e+01
   2.1354870e+06   2.1118164e+01
   2.1355160e+06   3.3874512e+01
   2.1355300e+06   2.0568848e+01
   2.1355540e+06   2.2705078e+01
   2.1355700e+06   2.5817871e+01
   2.1356280e+06   2.8747559e+01
   2.1356630e+06   2.0812988e+01
   2.1357060e+06   2.0446777e+01
   2.1358290e+06   2.2521973e+01
   2.1817210e+06   2.1789551e+01
   2.1817780e+06   3.1494141e+01
   2.1818710e+06   3.1677246e+01
   2.1819120e+06   2.3376465e+01
   2.1819520e+06   3.6804199e+01
   2.1819680e+06   4.2663574e+01
   2.1819810e+06   4.5288086e+01
   2.1820160e+06   3.8940430e+01
   2.1820380e+06   4.2114258e+01
   2.1820530e+06   4.4616699e+01
   2.1820800e+06   2.4291992e+01
   2.1820960e+06   3.0395508e+01
   2.1821200e+06   2.6855469e+01
   2.1821560e+06   2.0751953e+01
   2.1821660e+06   2.4597168e+01
   2.1822080e+06   2.4291992e+01
   2.1822350e+06   2.0935059e+01
   2.1822730e+06   2.1667480e+01
   2.1823060e+06   2.2827148e+01
   2.1823760e+06   2.5756836e+01
   2.1824250e+06   2.1240234e+01
   2.1824950e+06   2.3193359e+01
   2.1826970e+06   2.1789551e+01
   2.2150260e+06   3.5034180e+01
   2.2150990e+06   2.6916504e+01
   2.2151210e+06   9.4482422e+01
   2.2151460e+06   2.3498535e+01
   2.2151670e+06   2.3071289e+01
   2.2151870e+06   2.1362305e+01
   2.2152150e+06   2.5512695e+01
   2.2152420e+06   4.2480469e+01
   2.2152690e+06   5.6213379e+01
   2.2152860e+06   3.4912109e+01
   2.2153170e+06   3.1433105e+01
   2.2153450e+06   4.5593262e+01
   2.2153670e+06   4.1320801e+01
   2.2153940e+06   2.8564453e+01
   2.2154220e+06   3.0273438e+01
   2.2154380e+06   2.6916504e+01
   2.2154780e+06   2.3071289e+01
   2.2155140e+06   2.4169922e+01
   2.2156500e+06   2.4047852e+01
   2.2157470e+06   2.3681641e+01
   2.2159340e+06   2.4291992e+01
   2.2626000e+06   2.5329590e+01
   2.2626680e+06   3.4118652e+01
   2.2627350e+06   2.1423340e+01
   2.2627540e+06   2.1606445e+01
   2.2627720e+06   2.4169922e+01
   2.2627960e+06   3.8696289e+01
   2.2628190e+06   3.2287598e+01
   2.2628500e+06   2.8930664e+01
   2.2628760e+06   6.3415527e+01
   2.2628860e+06   3.2714844e+01
   2.2629070e+06   3.0212402e+01
   2.2629270e+06   2.5573730e+01
   2.2629480e+06   3.0822754e+01
   2.2629720e+06   3.1433105e+01
   2.2629850e+06   2.1057129e+01
   2.2630210e+06   2.0751953e+01
   2.2630670e+06   2.2277832e+01
   2.2631090e+06   2.0874023e+01
   2.2631980e+06   2.6733398e+01
   2.2633090e+06   2.1362305e+01
   2.2803040e+06   3.0456543e+01
   2.2803740e+06   2.7343750e+01
   2.2804440e+06   4.2175293e+01
   2.2804670e+06   6.6589355e+01
   2.2804930e+06   2.9296875e+01
   2.2805070e+06   2.2460938e+01
   2.2805440e+06   2.3376465e+01
   2.2805580e+06   2.4658203e+01
   2.2805800e+06   3.5827637e+01
   2.2805930e+06   3.5034180e+01
   2.2806110e+06   2.8625488e+01
   2.2806280e+06   2.3376465e+01
   2.2806450e+06   3.4729004e+01
   2.2806720e+06   2.0935059e+01
   2.2806940e+06   2.5390625e+01
   2.2807090e+06   2.7282715e+01
   2.2807580e+06   2.5085449e+01
   2.2807910e+06   2.2460938e+01
   2.2808290e+06   2.3254395e+01
   2.2808610e+06   2.1057129e+01
   2.2810620e+06   2.0690918e+01
   2.2811260e+06   2.6367188e+01
   2.3055670e+06   2.4353027e+01
   2.3056320e+06   3.1494141e+01
   2.3056600e+06   2.1606445e+01
   2.3056840e+06   2.1423340e+01
   2.3057000e+06   7.8674316e+01
   2.3057130e+06   2.1789551e+01
   2.3057600e+06   2.2216797e+01
   2.3057870e+06   4.3701172e+01
   2.3058070e+06   3.7414551e+01
   2.3058190e+06   2.8991699e+01
   2.3058570e+06   2.5695801e+01
   2.3058690e+06   2.6367188e+01
   2.3059040e+06   3.3752441e+01
   2.3059600e+06   2.7099609e+01
   2.3059920e+06   2.3254395e+01
   2.3060240e+06   2.1057129e+01
   2.3060610e+06   2.6184082e+01
   2.3061020e+06   2.0629883e+01
   2.3061530e+06   2.3803711e+01
   2.3063440e+06   2.2583008e+01
   2.3438910e+06   2.9479980e+01
   2.3440230e+06   2.8259277e+01
   2.3441280e+06   3.5705566e+01
   2.3442030e+06   7.8125000e+01
   2.3442210e+06   3.2958984e+01
   2.3442540e+06   2.6367188e+01
   2.3442650e+06   2.6367188e+01
   2.3442930e+06   3.7170410e+01
   2.3443140e+06   3.6132813e+01
   2.3443320e+06   5.9570313e+01
   2.3443460e+06   2.7648926e+01
   2.3443640e+06   2.0568848e+01
   2.3443760e+06   2.6733398e+01
   2.3443890e+06   2.6733398e+01
   2.3444230e+06   2.9724121e+01
   2.3444600e+06   2.0690918e+01
   2.3444880e+06   2.5756836e+01
   2.3445060e+06   2.1057129e+01
   2.3445480e+06   2.1850586e+01
   2.3446380e+06   2.1484375e+01
   2.3448150e+06   2.0874023e+01
   2.3448670e+06   2.0385742e+01
   2.3678180e+06   2.6062012e+01
   2.3679290e+06   3.0517578e+01
   2.3680100e+06   2.7954102e+01
   2.3680340e+06   6.1218262e+01
   2.3680820e+06   2.7282715e+01
   2.3680990e+06   2.2216797e+01
   2.3681760e+06   4.1198730e+01
   2.3681870e+06   5.7678223e+01
   2.3682180e+06   4.7729492e+01
   2.3682350e+06   3.2043457e+01
   2.3682580e+06   3.1799316e+01
   2.3682800e+06   2.1484375e+01
   2.3682910e+06   2.2766113e+01
   2.3683060e+06   3.1616211e+01
   2.3683360e+06   2.5756836e+01
   2.3683640e+06   2.9113770e+01
   2.3683850e+06   2.4108887e+01
   2.3684070e+06   2.1789551e+01
   2.3684500e+06   2.1911621e+01
   2.3684690e+06   2.4536133e+01
   2.3685680e+06   2.3254395e+01
   2.3686230e+06   2.2033691e+01
   2.3686820e+06   2.1423340e+01
   2.3687330e+06   2.3010254e+01
   2.3688010e+06   2.4291992e+01
   2.4103620e+06   3.2043457e+01
   2.4104250e+06   2.1789551e+01
   2.4104840e+06   3.0090332e+01
   2.4105860e+06   3.9489746e+01
   2.4106310e+06   6.2438965e+01
   2.4106720e+06   5.3771973e+01
   2.4107230e+06   4.4860840e+01
   2.4107670e+06   4.3212891e+01
   2.4107770e+06   5.9082031e+01
   2.4108060e+06   3.0029297e+01
   2.4108200e+06   2.3376465e+01
   2.4108420e+06   2.9296875e+01
   2.4108570e+06   2.9113770e+01
   2.4108930e+06   4.9682617e+01
   2.4109120e+06   3.2897949e+01
   2.4109680e+06   2.7648926e+01
   2.4110140e+06   2.0874023e+01
   2.4110590e+06   2.4902344e+01
   2.4111070e+06   2.0690918e+01
   2.4111300e+06   2.1179199e+01
   2.4112600e+06   3.2531738e+01
   2.4465960e+06   2.0507813e+01
   2.4466930e+06   3.5278320e+01
   2.4467550e+06   3.5827637e+01
   2.4467710e+06   5.9631348e+01
   2.4468110e+06   2.2216797e+01
   2.4468650e+06   3.1860352e+01
   2.4468870e+06   2.5146484e+01
   2.4469300e+06   5.2917480e+01
   2.4469580e+06   3.9733887e+01
   2.4469950e+06   3.3935547e+01
   2.4470190e+06   2.2155762e+01
   2.4470500e+06   2.4475098e+01
   2.4470700e+06   4.3823242e+01
   2.4471800e+06   2.6672363e+01
   2.4472110e+06   2.5756836e+01
   2.4473170e+06   3.4667969e+01
   2.4590440e+06   2.0385742e+01
   2.4866190e+06   3.4362793e+01
   2.4867000e+06   3.6193848e+01
   2.4867790e+06   6.8298340e+01
   2.4867960e+06   3.3264160e+01
   2.4868780e+06   2.2460938e+01
   2.4869200e+06   2.0690918e+01
   2.4869400e+06   5.4077148e+01
   2.4869720e+06   2.1484375e+01
   2.4869960e+06   2.7832031e+01
   2.4870470e+06   3.2836914e+01
   2.4871310e+06   3.6132813e+01
   2.4872120e+06   3.8024902e+01
   2.4873080e+06   3.2104492e+01
   2.4874120e+06   2.6062012e+01
   2.4875100e+06   2.3437500e+01
   2.4876330e+06   2.5329590e+01
   2.4880430e+06   2.1301270e+01
   2.5144830e+06   2.2460938e+01
   2.5145660e+06   2.7893066e+01
   2.5145880e+06   6.4758301e+01
   2.5146270e+06   2.1728516e+01
   2.5146590e+06   2.5085449e+01
   2.5147160e+06   2.8320313e+01
   2.5147530e+06   5.7556152e+01
   2.5149480e+06   4.5104980e+01
   2.5150870e+06   3.5705566e+01
   2.5151980e+06   3.8574219e+01
   2.5153190e+06   3.1372070e+01
   2.5153290e+06   2.6184082e+01
   2.5155580e+06   2.3071289e+01
   2.5420940e+06   2.8076172e+01
   2.5421920e+06   2.0874023e+01
   2.5422120e+06   2.4597168e+01
   2.5422390e+06   6.6284180e+01
   2.5423140e+06   2.9846191e+01
   2.5423410e+06   3.2287598e+01
   2.5424140e+06   2.8381348e+01
   2.5424260e+06   6.3171387e+01
   2.5425730e+06   2.4108887e+01
   2.5425850e+06   3.0700684e+01
   2.5426360e+06   4.4616699e+01
   2.5428430e+06   6.1340332e+01
   2.5430260e+06   3.6132813e+01
   2.5432370e+06   3.8635254e+01
   2.5680280e+06   3.2653809e+01
   2.5680960e+06   3.4851074e+01
   2.5681840e+06   6.3720703e+01
   2.5682850e+06   2.0324707e+01
   2.5683050e+06   2.2033691e+01
   2.5683670e+06   5.1208496e+01
   2.5683960e+06   2.2338867e+01
   2.5684720e+06   2.2827148e+01
   2.5685680e+06   4.9682617e+01
   2.5686950e+06   3.1250000e+01
   2.5687270e+06   3.0578613e+01
   2.5687670e+06   3.9123535e+01
   2.5689690e+06   3.8635254e+01
   2.5941750e+06   2.9541016e+01
   2.5943770e+06   5.4992676e+01
   2.5944020e+06   4.0954590e+01
   2.5946210e+06   5.1879883e+01
   2.5947370e+06   3.2409668e+01
   2.5948280e+06   5.3161621e+01
   2.5948650e+06   2.1484375e+01
   2.5951280e+06   4.4860840e+01
   2.6159380e+06   2.0690918e+01
   2.6160330e+06   2.6977539e+01
   2.6162300e+06   2.5268555e+01
   2.6164410e+06   5.0537109e+01
   2.6166730e+06   5.1208496e+01
   2.6170180e+06   4.7058105e+01
   2.6330350e+06   3.4423828e+01
   2.6332150e+06   2.1240234e+01
   2.6332900e+06   2.5573730e+01
   2.6333930e+06   3.5766602e+01
   2.6334140e+06   7.5988770e+01
   2.6334820e+06   2.5024414e+01
   2.6335470e+06   2.3986816e+01
   2.6342050e+06   4.4738770e+01
   2.7673310e+06   2.5451660e+01
   2.7673620e+06   2.0690918e+01
   2.7674820e+06   2.1972656e+01
   2.7675730e+06   3.8818359e+01
   2.7678190e+06   2.2277832e+01
   2.9874190e+06   2.0385742e+01
   3.0362600e+06   3.1188965e+01
   3.0363540e+06   2.3681641e+01
   3.0363990e+06   2.4169922e+01
   3.0364610e+06   3.1005859e+01
   3.0364750e+06   2.0324707e+01
   3.0364930e+06   3.2470703e+01
   3.0365200e+06   4.2236328e+01
   3.0365450e+06   8.3618164e+01
   3.0365570e+06   2.3193359e+01
   3.0365790e+06   2.6062012e+01
   3.0366190e+06   4.9072266e+01
   3.0366630e+06   3.3569336e+01
   3.0366940e+06   2.7282715e+01
   3.0367050e+06   2.0690918e+01
   3.0367740e+06   2.6306152e+01
   3.0368570e+06   2.8564453e+01
   3.0370080e+06   2.5268555e+01
   3.1584410e+06   2.8991699e+01
   3.1585640e+06   2.4963379e+01
   3.1586010e+06   2.0629883e+01
   3.1586430e+06   2.7587891e+01
   3.1586670e+06   2.2644043e+01
   3.1587080e+06   2.6916504e+01
   3.1587330e+06   2.3498535e+01
   3.1587480e+06   3.8879395e+01
   3.1587740e+06   3.3874512e+01
   3.1587980e+06   7.7026367e+01
   3.1588260e+06   2.2155762e+01
   3.1588620e+06   3.5705566e+01
   3.1588730e+06   5.3405762e+01
   3.1588950e+06   2.8625488e+01
   3.1589140e+06   2.6245117e+01
   3.1589380e+06   2.4841309e+01
   3.1589480e+06   3.0151367e+01
   3.1590120e+06   2.7709961e+01
   3.1591080e+06   2.0202637e+01
   3.2273240e+06   4.0466309e+01
   3.2318770e+06   3.5949707e+01
   3.2322050e+06   2.0812988e+01
   3.2341850e+06   2.1240234e+01
   3.2390670e+06   2.5939941e+01
   3.2391630e+06   2.3071289e+01
   3.2392440e+06   3.7719727e+01
   3.2393100e+06   3.4851074e+01
   3.2393730e+06   2.7404785e+01
   3.2394080e+06   2.3803711e+01
   3.2394280e+06   4.4067383e+01
   3.2394490e+06   2.2949219e+01
   3.2394820e+06   2.8991699e+01
   3.2395080e+06   7.0556641e+01
   3.2395210e+06   3.4118652e+01
   3.2395410e+06   2.4658203e+01
   3.2395660e+06   3.9611816e+01
   3.2395970e+06   7.2814941e+01
   3.2396220e+06   3.6621094e+01
   3.2396500e+06   2.9602051e+01
   3.2396740e+06   3.2470703e+01
   3.2397140e+06   2.0324707e+01
   3.2397370e+06   2.1484375e+01
   3.2398080e+06   2.6733398e+01
   3.2398470e+06   2.3437500e+01
   3.2399190e+06   2.0507813e+01
   3.3061870e+06   2.5207520e+01
   3.3062310e+06   2.4719238e+01
   3.3063020e+06   3.1250000e+01
   3.3063800e+06   2.0935059e+01
   3.3064270e+06   2.2949219e+01
   3.3064760e+06   3.1188965e+01
   3.3065060e+06   2.5695801e+01
   3.3065290e+06   3.3935547e+01
   3.3065390e+06   3.7963867e+01
   3.3065620e+06   6.3171387e+01
   3.3065950e+06   3.6621094e+01
   3.3066170e+06   2.7282715e+01
   3.3066340e+06   2.2460938e+01
   3.3066440e+06   5.1696777e+01
   3.3066790e+06   2.4047852e+01
   3.3067400e+06   2.5756836e+01
   3.3067660e+06   2.3620605e+01
   3.3068290e+06   2.8808594e+01
   3.3550230e+06   3.1555176e+01
   3.3551100e+06   2.6611328e+01
   3.3551950e+06   2.2277832e+01
   3.3552530e+06   2.9846191e+01
   3.3553020e+06   2.7587891e+01
   3.3553420e+06   3.0761719e+01
   3.3553620e+06   8.1848145e+01
   3.3553830e+06   3.3081055e+01
   3.3554140e+06   3.1005859e+01
   3.3554420e+06   3.6071777e+01
   3.3554660e+06   3.0517578e+01
   3.3554770e+06   6.9946289e+01
   3.3555210e+06   3.2775879e+01
   3.3555320e+06   4.1503906e+01
   3.3555640e+06   2.5146484e+01
   3.3555800e+06   2.6794434e+01
   3.3557410e+06   2.6733398e+01
   3.4155340e+06   2.2827148e+01
   3.4156250e+06   2.7282715e+01
   3.4157260e+06   3.4423828e+01
   3.4157860e+06   2.1301270e+01
   3.4158270e+06   3.6560059e+01
   3.4158370e+06   5.4443359e+01
   3.4158700e+06   7.8857422e+01
   3.4158990e+06   3.4667969e+01
   3.4159230e+06   2.1545410e+01
   3.4159530e+06   3.4362793e+01
   3.4159680e+06   5.2429199e+01
   3.4159980e+06   2.2094727e+01
   3.4160250e+06   2.0812988e+01
   3.4160480e+06   3.6254883e+01
   3.4160820e+06   2.0446777e+01
   3.4161130e+06   3.5583496e+01
   3.4161500e+06   2.4291992e+01
   3.4161840e+06   2.2949219e+01
   3.4162500e+06   2.4658203e+01
   3.4163780e+06   2.0568848e+01
   3.4166830e+06   2.7893066e+01
   3.4718830e+06   2.7404785e+01
   3.4719760e+06   2.6733398e+01
   3.4720510e+06   3.2897949e+01
   3.4721140e+06   2.2277832e+01
   3.4721440e+06   3.0517578e+01
   3.4721760e+06   4.2602539e+01
   3.4721870e+06   8.0261230e+01
   3.4722200e+06   2.4353027e+01
   3.4722360e+06   3.4057617e+01
   3.4722530e+06   3.0761719e+01
   3.4722630e+06   3.8940430e+01
   3.4722920e+06   5.4809570e+01
   3.4723150e+06   3.7963867e+01
   3.4723440e+06   2.4902344e+01
   3.4723680e+06   3.1921387e+01
   3.4724070e+06   2.5512695e+01
   3.4724320e+06   2.2827148e+01
   3.4724470e+06   2.0202637e+01
   3.4724870e+06   2.0874023e+01
   3.4725190e+06   2.1484375e+01
   3.4726600e+06   2.0568848e+01
   3.5351800e+06   3.0334473e+01
   3.5352780e+06   2.4230957e+01
   3.5353240e+06   2.3010254e+01
   3.5353980e+06   2.8808594e+01
   3.5354320e+06   9.2346191e+01
   3.5354550e+06   3.7475586e+01
   3.5354870e+06   3.4301758e+01
   3.5355170e+06   2.5146484e+01
   3.5355520e+06   4.8950195e+01
   3.5355630e+06   6.4758301e+01
   3.5355830e+06   3.6376953e+01
   3.5356140e+06   2.5329590e+01
   3.5356250e+06   2.5207520e+01
   3.5356540e+06   4.6691895e+01
   3.5356800e+06   2.0568848e+01
   3.5357010e+06   3.4118652e+01
   3.5357450e+06   2.3925781e+01
   3.5357720e+06   2.0446777e+01
   3.5360170e+06   2.6184082e+01
   3.5952040e+06   2.4841309e+01
   3.5952830e+06   2.5512695e+01
   3.5953480e+06   2.9113770e+01
   3.5954200e+06   2.7160645e+01
   3.5954560e+06   2.0263672e+01
   3.5954690e+06   8.1909180e+01
   3.5954940e+06   2.6123047e+01
   3.5955160e+06   2.0690918e+01
   3.5955560e+06   2.8259277e+01
   3.5955810e+06   9.2285156e+01
   3.5956130e+06   3.4606934e+01
   3.5956370e+06   2.4353027e+01
   3.5956720e+06   3.6865234e+01
   3.5956900e+06   2.1606445e+01
   3.5957230e+06   2.1179199e+01
   3.5957520e+06   2.8625488e+01
   3.5957930e+06   2.2216797e+01
   3.5958460e+06   2.0690918e+01
   3.5959230e+06   2.2338867e+01
   3.5960280e+06   2.1240234e+01
   3.6598580e+06   2.8686523e+01
   3.6599910e+06   2.9357910e+01
   3.6601490e+06   5.3894043e+01
   3.6601620e+06   2.3559570e+01
   3.6602430e+06   2.5207520e+01
   3.6602800e+06   2.0446777e+01
   3.6603080e+06   3.4851074e+01
   3.6603300e+06   4.6813965e+01
   3.6604850e+06   2.1789551e+01
   3.6605040e+06   2.6550293e+01
   3.6605630e+06   2.9479980e+01
   3.6606740e+06   4.7424316e+01
   3.6607000e+06   2.6916504e+01
   3.7089890e+06   2.7221680e+01
   3.7090750e+06   3.1677246e+01
   3.7091590e+06   2.1728516e+01
   3.7092470e+06   2.3071289e+01
   3.7093210e+06   3.1005859e+01
   3.7094200e+06   2.9846191e+01
   3.7094590e+06   6.1950684e+01
   3.7094970e+06   2.0324707e+01
   3.7288210e+06   2.5817871e+01
   3.7290690e+06   2.8320312e+01
   3.7687900e+06   3.0761719e+01
   3.7699310e+06   2.6428223e+01
   3.8545620e+06   2.0996094e+01
   3.8547510e+06   2.3071289e+01
   3.8550880e+06   2.0263672e+01
   4.1817560e+06   2.7465820e+01
   4.1818030e+06   2.6489258e+01
   4.1818660e+06   2.1118164e+01
   4.1819670e+06   3.0090332e+01
   4.1820320e+06   2.6550293e+01
   4.1820910e+06   3.1799316e+01
   4.1821160e+06   4.3457031e+01
   4.1821320e+06   2.9235840e+01
   4.1821530e+06   2.3193359e+01
   4.1822050e+06   2.1911621e+01
   4.1822580e+06   4.5898438e+01
   4.1822900e+06   7.8247070e+01
   4.1823150e+06   2.9907227e+01
   4.1823470e+06   2.1850586e+01
   4.1823780e+06   2.2827148e+01
   4.1823940e+06   2.2766113e+01
   4.1824380e+06   5.8288574e+01
   4.1825410e+06   2.5817871e+01
   4.2048320e+06   2.6611328e+01
   4.2049230e+06   2.4353027e+01
   4.2050220e+06   2.1545410e+01
   4.2050830e+06   2.5024414e+01
   4.2051410e+06   2.1606445e+01
   4.2051640e+06   2.8076172e+01
   4.2052130e+06   2.2338867e+01
   4.2052230e+06   2.7587891e+01
   4.2052410e+06   4.4555664e+01
   4.2052670e+06   7.3669434e+01
   4.2052830e+06   3.4179688e+01
   4.2053230e+06   3.9855957e+01
   4.2053470e+06   4.7973633e+01
   4.2053730e+06   2.4047852e+01
   4.2053970e+06   2.1484375e+01
   4.2054180e+06   3.2409668e+01
   4.2054440e+06   2.0202637e+01
   4.2056180e+06   2.1606445e+01
   4.2470730e+06   3.6560059e+01
   4.2471400e+06   2.8930664e+01
   4.2472000e+06   3.3508301e+01
   4.2472350e+06   2.3986816e+01
   4.2472560e+06   2.2094727e+01
   4.2473040e+06   3.2714844e+01
   4.2473190e+06   7.8552246e+01
   4.2473380e+06   3.7841797e+01
   4.2473890e+06   2.0935059e+01
   4.2474020e+06   8.6486816e+01
   4.2474420e+06   2.5085449e+01
   4.2474710e+06   2.2583008e+01
   4.2474970e+06   2.5695801e+01
   4.2475540e+06   2.0568848e+01
   4.2475700e+06   2.9907227e+01
   4.2476030e+06   2.0141602e+01
   4.2476330e+06   2.1728516e+01
   4.2476920e+06   2.0935059e+01
   4.2487820e+06   2.0690918e+01
   4.2812900e+06   2.7770996e+01
   4.2813670e+06   2.6123047e+01
   4.2814410e+06   2.5268555e+01
   4.2814750e+06   2.4353027e+01
   4.2815270e+06   3.6376953e+01
   4.2815500e+06   2.8076172e+01
   4.2815680e+06   8.4838867e+01
   4.2815940e+06   2.8564453e+01
   4.2816090e+06   3.9611816e+01
   4.2816330e+06   3.5095215e+01
   4.2816520e+06   5.4199219e+01
   4.2816730e+06   2.9968262e+01
   4.2816890e+06   2.6367188e+01
   4.2817290e+06   3.2043457e+01
   4.2817450e+06   2.6611328e+01
   4.2817760e+06   2.3559570e+01
   4.2817950e+06   2.0996094e+01
   4.2818240e+06   2.1240234e+01
   4.2818680e+06   2.2888184e+01
   4.2821160e+06   2.3010254e+01
   4.2824380e+06   2.6977539e+01
   4.2831810e+06   2.5146484e+01
   4.3283570e+06   2.8869629e+01
   4.3284160e+06   3.2104492e+01
   4.3284750e+06   2.7832031e+01
   4.3285140e+06   2.6123047e+01
   4.3285340e+06   3.6499023e+01
   4.3285710e+06   7.2448730e+01
   4.3285890e+06   3.6071777e+01
   4.3286030e+06   3.9245605e+01
   4.3286180e+06   2.0935059e+01
   4.3286520e+06   6.2622070e+01
   4.3286800e+06   2.6000977e+01
   4.3287090e+06   3.2653809e+01
   4.3287210e+06   2.7099609e+01
   4.3287660e+06   2.4108887e+01
   4.3287930e+06   2.1728516e+01
   4.3288130e+06   2.2644043e+01
   4.3288450e+06   2.1301270e+01
   4.3289830e+06   2.1667480e+01
   4.3290350e+06   2.0385742e+01
   4.3291330e+06   2.0202637e+01
   4.3870090e+06   4.5532227e+01
   4.3870940e+06   2.2338867e+01
   4.3871380e+06   2.7709961e+01
   4.3871750e+06   6.0180664e+01
   4.3871930e+06   6.5856934e+01
   4.3872050e+06   2.2094727e+01
   4.3872350e+06   2.5695801e+01
   4.3872590e+06   3.5644531e+01
   4.3872720e+06   5.4199219e+01
   4.3872960e+06   3.0151367e+01
   4.3873190e+06   2.3315430e+01
   4.3873560e+06   2.8869629e+01
   4.3873840e+06   2.4475098e+01
   4.3874180e+06   2.0996094e+01
   4.3876580e+06   2.3071289e+01
   4.4410140e+06   2.3010254e+01
   4.4410720e+06   2.5634766e+01
   4.4411250e+06   2.5329590e+01
   4.4411870e+06   2.1240234e+01
   4.4412100e+06   1.0943604e+02
   4.4412320e+06   3.6804199e+01
   4.4412540e+06   2.9357910e+01
   4.4412830e+06   2.5695801e+01
   4.4413130e+06   4.6997070e+01
   4.4413440e+06   3.5888672e+01
   4.4413710e+06   2.1057129e+01
   4.4415860e+06   2.2521973e+01
   4.4806630e+06   3.6743164e+01
   4.4807160e+06   2.6611328e+01
   4.4807760e+06   2.3620605e+01
   4.4807960e+06   2.4108887e+01
   4.4808250e+06   3.8391113e+01
   4.4808430e+06   3.0822754e+01
   4.4808630e+06   2.1179199e+01
   4.4808990e+06   3.8879395e+01
   4.4809280e+06   7.1044922e+01
   4.4809480e+06   2.3498535e+01
   4.4809960e+06   3.0395508e+01
   4.4810160e+06   3.6132813e+01
   4.4810350e+06   2.1423340e+01
   4.4810800e+06   2.2705078e+01
   4.4811110e+06   2.1240234e+01
   4.4811930e+06   2.2033691e+01
   4.4812490e+06   2.2399902e+01
   4.4822380e+06   2.2155762e+01
   4.5316450e+06   2.7221680e+01
   4.5317010e+06   2.8320312e+01
   4.5317530e+06   2.8381348e+01
   4.5317670e+06   2.6062012e+01
   4.5318060e+06   7.0434570e+01
   4.5318160e+06   4.2785645e+01
   4.5318380e+06   2.4108887e+01
   4.5318480e+06   2.0751953e+01
   4.5318800e+06   3.5949707e+01
   4.5318910e+06   5.5053711e+01
   4.5319190e+06   2.2338867e+01
   4.5319310e+06   2.2277832e+01
   4.5319680e+06   3.1066895e+01
   4.5319930e+06   2.5634766e+01
   4.5320260e+06   2.0263672e+01
   4.5320640e+06   3.0212402e+01
   4.5321160e+06   2.1057129e+01
   4.5321890e+06   2.1240234e+01
   4.5322420e+06   2.4353027e+01
   4.5325510e+06   2.4841309e+01
   4.5333160e+06   2.1423340e+01
   4.5938200e+06   2.4963379e+01
   4.5938740e+06   2.6062012e+01
   4.5939370e+06   2.6672363e+01
   4.5939850e+06   8.3374023e+01
   4.5940250e+06   4.6325684e+01
   4.5940370e+06   2.4902344e+01
   4.5940650e+06   3.2226563e+01
   4.5940820e+06   4.5410156e+01
   4.5941040e+06   2.3742676e+01
   4.5941350e+06   2.6245117e+01
   4.5941620e+06   3.1738281e+01
   4.5941980e+06   2.4780273e+01
   4.5942110e+06   3.0395508e+01
   4.5942350e+06   2.2399902e+01
   4.5942630e+06   2.4108887e+01
   4.5943270e+06   2.7893066e+01
   4.5943630e+06   2.3071289e+01
   4.5943990e+06   2.5634766e+01
   4.5949040e+06   2.6794434e+01
   4.6268560e+06   2.9602051e+01
   4.6268970e+06   2.0446777e+01
   4.6269170e+06   2.7221680e+01
   4.6269480e+06   2.3498535e+01
   4.6269620e+06   7.1350098e+01
   4.6269970e+06   3.1860352e+01
   4.6270100e+06   2.7954102e+01
   4.6270220e+06   2.9907227e+01
   4.6270470e+06   5.5419922e+01
   4.6270710e+06   4.5471191e+01
   4.6271020e+06   5.5419922e+01
   4.6271180e+06   2.6428223e+01
   4.6271430e+06   2.1423340e+01
   4.6271530e+06   4.6691895e+01
   4.6271910e+06   2.8503418e+01
   4.6272070e+06   2.0568848e+01
   4.6272450e+06   2.0446777e+01
   4.6273000e+06   2.0324707e+01
   4.6273200e+06   2.2216797e+01
   4.6273960e+06   2.6672363e+01
   4.6274550e+06   2.2155762e+01
   4.6274860e+06   2.0996094e+01
   4.6275720e+06   2.1179199e+01
   4.6276360e+06   2.1118164e+01
   4.6278780e+06   2.3437500e+01
   4.6981880e+06   3.1188965e+01
   4.6982760e+06   2.0690918e+01
   4.6982880e+06   7.2875977e+01
   4.6983440e+06   3.1311035e+01
   4.6983900e+06   2.4414063e+01
   4.6984100e+06   2.0141602e+01
   4.6984310e+06   5.4382324e+01
   4.6984510e+06   2.5512695e+01
   4.6984670e+06   6.6284180e+01
   4.6984910e+06   2.3376465e+01
   4.6985120e+06   2.7038574e+01
   4.6985410e+06   4.3457031e+01
   4.6985530e+06   2.2644043e+01
   4.6985840e+06   2.2094727e+01
   4.6986200e+06   3.7170410e+01
   4.6986670e+06   2.3132324e+01
   4.6987080e+06   2.6306152e+01
   4.6988430e+06   2.3376465e+01
   4.7206490e+06   2.9418945e+01
   4.7207770e+06   2.7221680e+01
   4.7208210e+06   2.4536133e+01
   4.7208680e+06   2.8808594e+01
   4.7209000e+06   6.2011719e+01
   4.7209200e+06   3.1127930e+01
   4.7209340e+06   2.0996094e+01
   4.7209640e+06   2.0324707e+01
   4.7209920e+06   2.4597168e+01
   4.7210070e+06   2.7343750e+01
   4.7210360e+06   5.1208496e+01
   4.7210580e+06   2.5573730e+01
   4.7210750e+06   3.1311035e+01
   4.7210990e+06   3.1066895e+01
   4.7211260e+06   2.3376465e+01
   4.7211520e+06   2.4475098e+01
   4.7211710e+06   2.7038574e+01
   4.7211830e+06   4.5227051e+01
   4.7212100e+06   2.2216797e+01
   4.7212260e+06   2.3193359e+01
   4.7212570e+06   2.4780273e+01
   4.7212830e+06   2.3803711e+01
   4.7213900e+06   2.4963379e+01
   4.7214720e+06   2.9296875e+01
   4.7565030e+06   2.9052734e+01
   4.7565210e+06   2.2277832e+01
   4.7565740e+06   2.3742676e+01
   4.7565960e+06   2.1972656e+01
   4.7566160e+06   5.9387207e+01
   4.7566740e+06   3.0395508e+01
   4.7567150e+06   2.9418945e+01
   4.7567670e+06   3.8330078e+01
   4.7567920e+06   5.9936523e+01
   4.7568180e+06   2.2338867e+01
   4.7569220e+06   6.5856934e+01
   4.7570680e+06   2.9724121e+01
   4.7570880e+06   2.3925781e+01
   4.7572600e+06   2.3559570e+01
   4.7573060e+06   2.6489258e+01
   4.7573700e+06   3.5278320e+01
   4.7573920e+06   2.5878906e+01
   4.7576760e+06   2.7832031e+01
   4.7579440e+06   2.0263672e+01
   4.7910300e+06   2.3498535e+01
   4.7911800e+06   3.0700684e+01
   4.7912370e+06   5.2551270e+01
   4.7913320e+06   2.6916504e+01
   4.7916800e+06   4.7180176e+01
   4.7918510e+06   2.0812988e+01
   4.7918890e+06   2.8625488e+01
   4.7920210e+06   4.3640137e+01
   4.7923270e+06   4.4738770e+01
   4.7928940e+06   3.7353516e+01
   4.8037720e+06   2.7221680e+01
   4.8039180e+06   2.5024414e+01
   5.0561150e+06   3.2775879e+01
   5.0561920e+06   2.3437500e+01
   5.0562790e+06   3.6193848e+01
   5.0563470e+06   2.4169922e+01
   5.0564380e+06   3.6437988e+01
   5.0680720e+06   2.3864746e+01
   5.2575800e+06   2.8991699e+01
   5.2576710e+06   2.2399902e+01
   5.2576910e+06   2.8503418e+01
   5.2577250e+06   2.2705078e+01
   5.2577560e+06   3.7902832e+01
   5.2578250e+06   3.2775879e+01
   5.2578420e+06   2.3925781e+01
   5.2578760e+06   2.5085449e+01
   5.2578930e+06   4.7607422e+01
   5.2579050e+06   2.2155762e+01
   5.2579310e+06   2.6123047e+01
   5.2579530e+06   2.3376465e+01
   5.2579750e+06   3.8024902e+01
   5.2580010e+06   2.4291992e+01
   5.2580440e+06   2.3620605e+01
   5.2580620e+06   6.2377930e+01
   5.2580920e+06   2.9785156e+01
   5.2581040e+06   3.2409668e+01
   5.2581280e+06   2.1789551e+01
   5.2581760e+06   2.8259277e+01
   5.2582200e+06   5.4077148e+01
   5.2582810e+06   3.2470703e+01
   5.2583980e+06   5.1269531e+01
   5.2584220e+06   2.1118164e+01
   5.3061870e+06   2.3559570e+01
   5.3679230e+06   3.2104492e+01
   5.3680530e+06   3.3386230e+01
   5.3681000e+06   2.1850586e+01
   5.3681260e+06   3.0639648e+01
   5.3681380e+06   3.0578613e+01
   5.3681770e+06   2.0751953e+01
   5.3682170e+06   2.2888184e+01
   5.3682400e+06   2.2521973e+01
   5.3682890e+06   4.9194336e+01
   5.3683290e+06   2.1179199e+01
   5.3683510e+06   2.1423340e+01
   5.3683730e+06   6.8603516e+01
   5.3683900e+06   3.8146973e+01
   5.3684040e+06   2.4841309e+01
   5.3684630e+06   2.0202637e+01
   5.3684760e+06   6.7810059e+01
   5.3685210e+06   2.2705078e+01
   5.3685590e+06   2.9418945e+01
   5.3686090e+06   3.6987305e+01
   5.3686980e+06   2.0568848e+01
   5.3687350e+06   3.4484863e+01
   5.4091620e+06   3.2104492e+01
   5.4122030e+06   3.0517578e+01
   5.4853880e+06   2.3376465e+01
   5.4854440e+06   2.3132324e+01
   5.4854730e+06   2.0141602e+01
   5.4855120e+06   2.7709961e+01
   5.4855850e+06   3.0578613e+01
   5.4855970e+06   2.3254395e+01
   5.4856220e+06   2.6245117e+01
   5.4856370e+06   2.0141602e+01
   5.4856640e+06   2.5451660e+01
   5.4856820e+06   3.1982422e+01
   5.4856960e+06   2.2827148e+01
   5.4857070e+06   2.8991699e+01
   5.4857260e+06   6.7626953e+01
   5.4857430e+06   3.9550781e+01
   5.4858050e+06   4.7668457e+01
   5.4858240e+06   2.6794434e+01
   5.4858430e+06   2.3132324e+01
   5.4858830e+06   2.3010254e+01
   5.4858930e+06   3.0761719e+01
   5.4859290e+06   2.6428223e+01
   5.4859550e+06   2.1362305e+01
   5.4860960e+06   2.8015137e+01
   5.4862210e+06   2.4780273e+01
   5.4863520e+06   2.0202637e+01
   5.4864860e+06   2.2399902e+01
   5.5438440e+06   2.8503418e+01
   5.5439190e+06   3.1982422e+01
   5.5439660e+06   2.6184082e+01
   5.5440180e+06   2.0629883e+01
   5.5440550e+06   2.4597168e+01
   5.5440710e+06   4.5166016e+01
   5.5440920e+06   2.1667480e+01
   5.5441090e+06   6.1157227e+01
   5.5441340e+06   3.7841797e+01
   5.5441620e+06   3.8452148e+01
   5.5441800e+06   4.8828125e+01
   5.5441940e+06   2.2949219e+01
   5.5442060e+06   2.5207520e+01
   5.5442250e+06   2.7221680e+01
   5.5442440e+06   2.1484375e+01
   5.5442920e+06   2.5573730e+01
   5.5443140e+06   3.3813477e+01
   5.5444460e+06   2.1240234e+01
   5.5444870e+06   2.0446777e+01
   5.5445800e+06   2.0935059e+01
   5.6365980e+06   2.7954102e+01
   5.6367380e+06   3.1433105e+01
   5.6368700e+06   3.9733887e+01
   5.6370250e+06   2.2888184e+01
   5.6371250e+06   3.1616211e+01
   5.6372600e+06   2.1179199e+01
   5.6372830e+06   2.6245117e+01
   5.6373460e+06   6.4453125e+01
   5.8310810e+06   2.8320312e+01
   5.8311230e+06   2.2155762e+01
   5.8311800e+06   2.6489258e+01
   5.8312410e+06   2.9968262e+01
   5.8312970e+06   2.8625488e+01
   5.8313280e+06   2.2949219e+01
   5.8313690e+06   3.1677246e+01
   5.8313900e+06   2.1728516e+01
   5.8314180e+06   2.0202637e+01
   5.8314630e+06   3.3447266e+01
   5.8314890e+06   7.2998047e+01
   5.8314990e+06   3.8513184e+01
   5.8315380e+06   2.4841309e+01
   5.8315670e+06   3.0273438e+01
   5.8315980e+06   2.4047852e+01
   5.8316140e+06   7.6843262e+01
   5.8316650e+06   2.8625488e+01
   5.8316880e+06   2.0446777e+01
   5.8317300e+06   2.4963379e+01
   5.8317440e+06   2.9174805e+01
   5.8317980e+06   4.3701172e+01
   5.8319440e+06   2.2216797e+01
   5.9239400e+06   3.1188965e+01
   5.9240130e+06   3.3142090e+01
   5.9240890e+06   2.8747559e+01
   5.9241570e+06   2.2277832e+01
   5.9242100e+06   3.4729004e+01
   5.9242300e+06   2.6306152e+01
   5.9242610e+06   2.0446777e+01
   5.9242790e+06   3.3874512e+01
   5.9243160e+06   5.7678223e+01
   5.9243340e+06   6.9885254e+01
   5.9243600e+06   3.1250000e+01
   5.9243720e+06   2.7893066e+01
   5.9244050e+06   3.2104492e+01
   5.9244210e+06   5.8837891e+01
   5.9244310e+06   3.3874512e+01
   5.9244430e+06   2.2399902e+01
   5.9244950e+06   2.8991699e+01
   5.9245410e+06   2.1362305e+01
   5.9245710e+06   2.4047852e+01
   5.9246030e+06   2.3132324e+01
   5.9246330e+06   2.1301270e+01
   5.9246800e+06   2.0874023e+01
   5.9247400e+06   2.8259277e+01
   5.9248780e+06   2.0446777e+01
   6.0176370e+06   3.3813477e+01
   6.0181050e+06   2.9785156e+01
   6.0906310e+06   2.6550293e+01
   6.3234130e+06   2.8381348e+01
   6.3234680e+06   2.3803711e+01
   6.3235290e+06   2.2338867e+01
   6.3236770e+06   2.5756836e+01
   6.3237290e+06   3.4729004e+01
   6.3237560e+06   3.6193848e+01
   6.3238090e+06   2.6428223e+01
   6.3238410e+06   2.0568848e+01
   6.3238530e+06   2.6855469e+01
   6.3238730e+06   3.3325195e+01
   6.3238980e+06   2.3559570e+01
   6.3239190e+06   2.6306152e+01
   6.7130130e+06   2.2766113e+01
   6.7130690e+06   2.8442383e+01
   6.7131530e+06   2.7465820e+01
   6.7132280e+06   2.9113770e+01
   6.7132530e+06   2.8869629e+01
   6.7132810e+06   3.2775879e+01
   6.7133000e+06   2.2216797e+01
   6.7133250e+06   2.9541016e+01
   6.7133450e+06   4.0893555e+01
   6.7133780e+06   7.0556641e+01
   6.7134050e+06   3.7902832e+01
   6.7134180e+06   3.5278320e+01
   6.7134330e+06   2.7832031e+01
   6.7134490e+06   2.4902344e+01
   6.7134780e+06   7.6354980e+01
   6.7135020e+06   2.1911621e+01
   6.7135130e+06   2.1362305e+01
   6.7135510e+06   2.9541016e+01
   6.7135850e+06   2.8503418e+01
   6.7136290e+06   2.1667480e+01
   6.7136960e+06   2.0629883e+01
   6.7137300e+06   3.1677246e+01
   6.7138200e+06   2.7160645e+01
   6.7138630e+06   2.0385742e+01
   6.7138750e+06   2.0996094e+01
   6.7139410e+06   2.2705078e+01
   6.7140520e+06   2.2338867e+01
   6.7142060e+06   2.0385742e+01
   6.7715170e+06   2.2460938e+01
   6.7716380e+06   2.5756836e+01
   6.7717150e+06   3.1494141e+01
   6.7717990e+06   2.7893066e+01
   6.7718410e+06   2.1972656e+01
   6.7718750e+06   2.9968262e+01
   6.7719050e+06   3.6987305e+01
   6.7719340e+06   6.3903809e+01
   6.7719500e+06   3.0700684e+01
   6.7719680e+06   2.1362305e+01
   6.7719860e+06   3.2226563e+01
   6.7720080e+06   5.1391602e+01
   6.7720480e+06   2.9235840e+01
   6.7720650e+06   3.1738281e+01
   6.7721020e+06   2.4047852e+01
   6.7721860e+06   2.0446777e+01
   6.7723000e+06   2.1179199e+01
   6.7942750e+06   4.3029785e+01
   6.8300400e+06   2.2338867e+01
   6.8301420e+06   3.5217285e+01
   6.8302200e+06   3.1677246e+01
   6.8302590e+06   2.3193359e+01
   6.8302890e+06   6.3293457e+01
   6.8303060e+06   3.5278320e+01
   6.8303470e+06   5.0231934e+01
   6.8303610e+06   2.1545410e+01
   6.8303910e+06   6.2438965e+01
   6.8304130e+06   2.6123047e+01
   6.8304280e+06   2.4841309e+01
   6.8304610e+06   2.7099609e+01
   6.8304770e+06   2.6000977e+01
   6.8305140e+06   2.2460938e+01
   6.8305360e+06   2.2277832e+01
   6.8306250e+06   2.1118164e+01
   6.8307900e+06   3.1555176e+01
   6.8308610e+06   2.9541016e+01
   6.8858820e+06   2.8076172e+01
   6.8860100e+06   3.0639648e+01
   6.8860800e+06   2.7526855e+01
   6.8861310e+06   2.5024414e+01
   6.8861480e+06   7.7941895e+01
   6.8861730e+06   3.3691406e+01
   6.8861890e+06   2.5756836e+01
   6.8862190e+06   2.4902344e+01
   6.8862440e+06   7.2937012e+01
   6.8862590e+06   2.5390625e+01
   6.8862900e+06   2.9418945e+01
   6.8863080e+06   3.6010742e+01
   6.8863180e+06   2.1301270e+01
   6.8863670e+06   2.2033691e+01
   6.8865910e+06   2.4475098e+01
   6.8866580e+06   2.3803711e+01
   6.8867670e+06   2.7587891e+01
   6.8869860e+06   2.3437500e+01
   6.9106420e+06   2.8320313e+01
   6.9107970e+06   2.4291992e+01
   6.9108710e+06   3.5583496e+01
   6.9108850e+06   2.8076172e+01
   6.9109100e+06   6.1340332e+01
   6.9109330e+06   3.4851074e+01
   6.9109670e+06   4.8095703e+01
   6.9109790e+06   4.4006348e+01
   6.9110010e+06   2.1850586e+01
   6.9110140e+06   6.4575195e+01
   6.9110430e+06   2.0446777e+01
   6.9110640e+06   2.8747559e+01
   6.9110900e+06   4.1992188e+01
   6.9111140e+06   2.1057129e+01
   6.9111280e+06   2.3254395e+01
   6.9111620e+06   2.4597168e+01
   6.9112560e+06   2.2155762e+01
   6.9113060e+06   2.3254395e+01
   6.9113560e+06   2.0996094e+01
   6.9114340e+06   2.2338867e+01
   6.9115580e+06   2.0935059e+01
   6.9761750e+06   3.0273438e+01
   6.9762380e+06   2.7832031e+01
   6.9762700e+06   2.2399902e+01
   6.9762940e+06   2.2216797e+01
   6.9763070e+06   6.2866211e+01
   6.9763350e+06   7.0495605e+01
   6.9763470e+06   2.4169922e+01
   6.9763770e+06   4.3151855e+01
   6.9763970e+06   3.3630371e+01
   6.9764150e+06   6.0485840e+01
   6.9764530e+06   2.3498535e+01
   6.9764860e+06   2.2155762e+01
   6.9765240e+06   2.6000977e+01
   6.9766150e+06   2.3193359e+01
   6.9766760e+06   2.5695801e+01
   6.9767260e+06   2.0690918e+01
   6.9767780e+06   2.2827148e+01
   6.9768040e+06   2.0874023e+01
   7.0423720e+06   2.5329590e+01
   7.0424630e+06   2.1423340e+01
   7.0424730e+06   2.8991699e+01
   7.0425440e+06   2.8015137e+01
   7.0425640e+06   2.2521973e+01
   7.0425780e+06   2.1911621e+01
   7.0425990e+06   2.9052734e+01
   7.0426200e+06   3.0395508e+01
   7.0426370e+06   2.7160645e+01
   7.0426550e+06   2.0812988e+01
   7.0426790e+06   2.8808594e+01
   7.0426890e+06   2.7099609e+01
   7.0427060e+06   2.7832031e+01
   7.0427390e+06   3.3325195e+01
   7.0427690e+06   2.5268555e+01
   7.0428040e+06   2.3925781e+01
   7.0428210e+06   2.3376465e+01
   7.0428510e+06   3.1066895e+01
   7.0429280e+06   2.1972656e+01
   7.0429850e+06   2.6550293e+01
   7.0433930e+06   2.1545410e+01
   7.0435860e+06   2.5573730e+01
   7.0848250e+06   2.0812988e+01
   7.0998110e+06   3.0944824e+01
   7.0998600e+06   3.1372070e+01
   7.0999070e+06   2.1972656e+01
   7.0999350e+06   8.5083008e+01
   7.0999590e+06   2.1484375e+01
   7.0999770e+06   5.2429199e+01
   7.1000100e+06   4.8217773e+01
   7.1000260e+06   2.3803711e+01
   7.1000510e+06   2.5024414e+01
   7.1000750e+06   2.2521973e+01
   7.1000990e+06   2.0507813e+01
   7.1001120e+06   3.4790039e+01
   7.1001310e+06   2.3803711e+01
   7.1001560e+06   2.1240234e+01
   7.1001730e+06   2.0385742e+01
   7.1001920e+06   2.0568848e+01
   7.1002570e+06   2.1484375e+01
   7.1005810e+06   2.3681641e+01
   7.1629730e+06   2.9541016e+01
   7.1630270e+06   2.4963379e+01
   7.1630980e+06   2.6367188e+01
   7.1631230e+06   4.2785645e+01
   7.1631500e+06   2.0812988e+01
   7.1631790e+06   2.4841309e+01
   7.1632040e+06   5.9448242e+01
   7.1632180e+06   2.6428223e+01
   7.1632470e+06   2.5512695e+01
   7.1632760e+06   2.3559570e+01
   7.1633040e+06   2.3742676e+01
   7.1633260e+06   2.0446777e+01
   7.1633360e+06   2.1301270e+01
   7.1634080e+06   2.2949219e+01
   7.1634360e+06   2.4841309e+01
   7.1635720e+06   2.0690918e+01
   7.1637730e+06   2.0507813e+01
   7.1639340e+06   2.5207520e+01
   7.1901770e+06   2.9663086e+01
   7.1902450e+06   3.9672852e+01
   7.1902940e+06   3.4301758e+01
   7.1903220e+06   2.0751953e+01
   7.1903340e+06   6.6711426e+01
   7.1903700e+06   3.5705566e+01
   7.1903960e+06   2.5085449e+01
   7.1904200e+06   3.5644531e+01
   7.1904460e+06   4.3151855e+01
   7.1904640e+06   2.8991699e+01
   7.1904820e+06   2.9052734e+01
   7.1905060e+06   3.4790039e+01
   7.1905420e+06   3.2714844e+01
   7.1905540e+06   3.1982422e+01
   7.1905900e+06   2.1362305e+01
   7.1907170e+06   2.0629883e+01
   7.1907400e+06   2.1484375e+01
   7.1909380e+06   2.3742676e+01
   7.2058880e+06   2.2583008e+01
   7.2059350e+06   2.6062012e+01
   7.2060090e+06   2.1911621e+01
   7.2060220e+06   7.3364258e+01
   7.2060450e+06   2.5329590e+01
   7.2060870e+06   2.7709961e+01
   7.2061050e+06   4.5532227e+01
   7.2061440e+06   2.9052734e+01
   7.2061610e+06   4.0649414e+01
   7.2061860e+06   2.7893066e+01
   7.2061970e+06   2.7282715e+01
   7.2062090e+06   2.6062012e+01
   7.2062220e+06   2.0812988e+01
   7.2062480e+06   2.4047852e+01
   7.2062650e+06   4.2236328e+01
   7.2063140e+06   2.5512695e+01
   7.2063330e+06   2.2644043e+01
   7.2063940e+06   2.5390625e+01
   7.2064220e+06   2.1423340e+01
   7.2065020e+06   2.2033691e+01
   7.2065270e+06   2.0874023e+01
   7.2065940e+06   2.0690918e+01
   7.2067280e+06   2.7282715e+01
   7.2214620e+06   2.3742676e+01
   7.2215560e+06   3.7597656e+01
   7.2216120e+06   5.6945801e+01
   7.2216300e+06   2.5207520e+01
   7.2216580e+06   3.6254883e+01
   7.2217020e+06   2.7282715e+01
   7.2217370e+06   2.1667480e+01
   7.2217580e+06   4.6386719e+01
   7.2217730e+06   2.1911621e+01
   7.2218110e+06   2.7587891e+01
   7.2218380e+06   2.2399902e+01
   7.2218620e+06   2.8442383e+01
   7.2219000e+06   2.0568848e+01
   7.2219420e+06   2.7709961e+01
   7.2219580e+06   2.5756836e+01
   7.2221290e+06   2.8808594e+01
   7.2223420e+06   2.5756836e+01
   7.2224380e+06   2.0935059e+01
   7.2638000e+06   3.3874512e+01
   7.2638660e+06   4.9560547e+01
   7.2638950e+06   2.1850586e+01
   7.2639220e+06   2.9907227e+01
   7.2639650e+06   3.6315918e+01
   7.2639980e+06   3.9794922e+01
   7.2640190e+06   5.0170898e+01
   7.2640540e+06   3.2348633e+01
   7.2640870e+06   2.6428223e+01
   7.2641070e+06   2.7648926e+01
   7.2641240e+06   4.6997070e+01
   7.2641570e+06   2.8747559e+01
   7.2641910e+06   2.3193359e+01
   7.2642060e+06   2.4536133e+01
   7.2642950e+06   2.1362305e+01
   7.2646770e+06   2.5939941e+01
   7.3054950e+06   3.0517578e+01
   7.3055730e+06   2.5207520e+01
   7.3055890e+06   6.0791016e+01
   7.3056310e+06   3.1188965e+01
   7.3056550e+06   3.2958984e+01
   7.3056990e+06   3.2287598e+01
   7.3057180e+06   4.1381836e+01
   7.3057470e+06   3.3264160e+01
   7.3057720e+06   2.5512695e+01
   7.3058070e+06   4.6081543e+01
   7.3058380e+06   4.0161133e+01
   7.3058860e+06   2.3010254e+01
   7.3059070e+06   2.4597168e+01
   7.3059180e+06   2.0385742e+01
   7.3059460e+06   2.6794434e+01
   7.3059700e+06   2.2338867e+01
   7.3059880e+06   2.5390625e+01
   7.3060060e+06   2.4963379e+01
   7.3060370e+06   2.0935059e+01
   7.3510000e+06   2.8808594e+01
   7.3510700e+06   2.1118164e+01
   7.3511240e+06   5.8227539e+01
   7.3511510e+06   4.2907715e+01
   7.3511620e+06   2.7099609e+01
   7.3511910e+06   5.3344727e+01
   7.3512050e+06   2.7587891e+01
   7.3512370e+06   5.2368164e+01
   7.3512550e+06   2.0690918e+01
   7.3512860e+06   3.0944824e+01
   7.3513260e+06   3.0212402e+01
   7.3513390e+06   2.7404785e+01
   7.3513490e+06   2.5878906e+01
   7.3513750e+06   2.1972656e+01
   7.3514120e+06   2.2949219e+01
   7.3514400e+06   2.0812988e+01
   7.3514540e+06   2.1118164e+01
   7.3514860e+06   2.5329590e+01
   7.3516860e+06   2.2033691e+01
   7.3517790e+06   2.0507813e+01
   7.3518760e+06   2.4414063e+01
   7.3999790e+06   3.0578613e+01
   7.4000380e+06   2.8747559e+01
   7.4001000e+06   2.6367188e+01
   7.4001170e+06   6.8359375e+01
   7.4001450e+06   4.0649414e+01
   7.4001780e+06   2.6062012e+01
   7.4002010e+06   3.4301758e+01
   7.4002290e+06   3.7902832e+01
   7.4002490e+06   2.8076172e+01
   7.4002700e+06   2.8259277e+01
   7.4003000e+06   3.6560059e+01
   7.4003110e+06   2.8381348e+01
   7.4003410e+06   2.3376465e+01
   7.4003780e+06   2.9479980e+01
   7.4004090e+06   2.5207520e+01
   7.4004340e+06   2.3864746e+01
   7.4004710e+06   2.0812988e+01
   7.4006230e+06   2.5756836e+01
   7.4006930e+06   2.0751953e+01
   7.4007040e+06   2.1972656e+01
   7.4007820e+06   3.1311035e+01
   7.4434340e+06   2.7832031e+01
   7.4434640e+06   2.0935059e+01
   7.4434900e+06   4.0710449e+01
   7.4435650e+06   7.9772949e+01
   7.4435920e+06   2.7893066e+01
   7.4436080e+06   4.1809082e+01
   7.4436240e+06   2.1179199e+01
   7.4436490e+06   2.8747559e+01
   7.4436660e+06   2.0507813e+01
   7.4436930e+06   5.7189941e+01
   7.4437150e+06   5.3771973e+01
   7.4437650e+06   2.3498535e+01
   7.4437860e+06   2.0385742e+01
   7.4438100e+06   2.8076172e+01
   7.4438370e+06   2.1118164e+01
   7.4438510e+06   2.5024414e+01
   7.4438850e+06   2.0446777e+01
   7.4439070e+06   2.0568848e+01
   7.4440520e+06   2.9785156e+01
   7.4440920e+06   2.0507813e+01
   7.4442000e+06   2.7282715e+01
   7.4443450e+06   2.2583008e+01
   7.4792790e+06   2.8991699e+01
   7.4793570e+06   2.6977539e+01
   7.4794080e+06   2.4230957e+01
   7.4794230e+06   6.5307617e+01
   7.4794670e+06   2.8076172e+01
   7.4794880e+06   2.3315430e+01
   7.4795250e+06   2.5329590e+01
   7.4795410e+06   3.2714844e+01
   7.4795570e+06   4.6936035e+01
   7.4795840e+06   4.7363281e+01
   7.4795990e+06   2.4780273e+01
   7.4796240e+06   2.3620605e+01
   7.4796390e+06   3.2104492e+01
   7.4796560e+06   3.8452148e+01
   7.4796880e+06   2.4353027e+01
   7.4797210e+06   2.1057129e+01
   7.4797670e+06   2.5878906e+01
   7.4797980e+06   2.6550293e+01
   7.4798800e+06   2.4230957e+01
   7.4799420e+06   2.0446777e+01
   7.4801030e+06   2.5695801e+01
   7.4803770e+06   2.1179199e+01
   7.4804810e+06   2.1301270e+01
   7.5148760e+06   2.7770996e+01
   7.5149200e+06   2.1545410e+01
   7.5149830e+06   2.6245117e+01
   7.5149940e+06   6.9885254e+01
   7.5150670e+06   2.1850586e+01
   7.5150810e+06   3.1250000e+01
   7.5151150e+06   2.5329590e+01
   7.5151280e+06   2.6611328e+01
   7.5151460e+06   6.6223145e+01
   7.5151660e+06   2.2766113e+01
   7.5152020e+06   2.2766113e+01
   7.5152180e+06   2.3254395e+01
   7.5152560e+06   2.5268555e+01
   7.5152670e+06   3.5400391e+01
   7.5152940e+06   2.6123047e+01
   7.5153310e+06   2.2094727e+01
   7.5153770e+06   2.6367188e+01
   7.5154060e+06   2.1240234e+01
   7.5154950e+06   2.2460938e+01
   7.5156560e+06   2.2338867e+01
   7.5157060e+06   2.5085449e+01
   7.5559990e+06   3.0151367e+01
   7.5560380e+06   2.1240234e+01
   7.5560760e+06   2.7221680e+01
   7.5560920e+06   6.5124512e+01
   7.5561340e+06   2.6977539e+01
   7.5561580e+06   3.3813477e+01
   7.5561830e+06   2.9907227e+01
   7.5562250e+06   5.5358887e+01
   7.5562500e+06   3.4729004e+01
   7.5562940e+06   2.7465820e+01
   7.5563240e+06   2.9846191e+01
   7.5563440e+06   2.6916504e+01
   7.5563610e+06   4.6325684e+01
   7.5563980e+06   2.3437500e+01
   7.5564290e+06   3.2043457e+01
   7.5564500e+06   2.0385742e+01
   7.5565910e+06   2.1728516e+01
   7.5566740e+06   2.3315430e+01
   7.5944750e+06   3.6437988e+01
   7.5947130e+06   2.3681641e+01
   7.5949060e+06   5.2978516e+01
   7.6337570e+06   3.1860352e+01
   7.6342240e+06   2.9052734e+01
   7.6343180e+06   5.6640625e+01
   7.6343740e+06   2.2827148e+01
   7.6345200e+06   3.2287598e+01
   7.6345370e+06   4.2968750e+01
   7.6346740e+06   2.1789551e+01
   7.6347510e+06   4.1381836e+01
   7.6347630e+06   2.4841309e+01
   7.6647750e+06   2.0996094e+01
   7.8200720e+06   2.0690918e+01
   7.8342940e+06   8.1848145e+01
   7.9002960e+06   2.7343750e+01
   7.9004030e+06   2.4169922e+01
   7.9005750e+06   2.8564453e+01
   8.2638330e+06   3.6437988e+01
   8.2639120e+06   3.1494141e+01
   8.2639340e+06   2.5024414e+01
   8.2639750e+06   2.8808594e+01
   8.2640010e+06   3.9245605e+01
   8.2640150e+06   2.3254395e+01
   8.2640380e+06   2.2216797e+01
   8.2640590e+06   2.6916504e+01
   8.2640740e+06   3.6254883e+01
   8.2640990e+06   5.0109863e+01
   8.2641200e+06   3.3813477e+01
   8.2641380e+06   7.5195313e+01
   8.2641740e+06   4.3762207e+01
   8.2641870e+06   2.3376465e+01
   8.2642210e+06   5.1757813e+01
   8.2642530e+06   2.1911621e+01
   8.2643260e+06   2.1057129e+01
   8.2643480e+06   3.6804199e+01
   8.2645700e+06   2.2705078e+01
   8.2646790e+06   2.5146484e+01
   8.2648110e+06   2.1850586e+01
   8.2649480e+06   2.4658203e+01
   8.2924610e+06   3.2775879e+01
   8.2925450e+06   2.8686523e+01
   8.2926870e+06   2.7893066e+01
   8.2927290e+06   2.1972656e+01
   8.2927610e+06   2.3376465e+01
   8.2928020e+06   3.3386230e+01
   8.2928690e+06   2.6489258e+01
   8.2929000e+06   2.6916504e+01
   8.2929310e+06   3.6987305e+01
   8.2929570e+06   3.4851074e+01
   8.2929670e+06   9.0698242e+01
   8.2930040e+06   4.0588379e+01
   8.2930270e+06   2.2033691e+01
   8.2930370e+06   5.2246094e+01
   8.2930760e+06   2.0629883e+01
   8.2930890e+06   2.8503418e+01
   8.2931200e+06   2.6611328e+01
   8.2931330e+06   2.5207520e+01
   8.2935310e+06   2.1545410e+01
   8.2947290e+06   2.3010254e+01
   8.3669200e+06   3.3264160e+01
   8.3670080e+06   2.7099609e+01
   8.3670810e+06   3.1311035e+01
   8.3671030e+06   2.6489258e+01
   8.3671540e+06   5.1879883e+01
   8.3671670e+06   2.9052734e+01
   8.3671970e+06   8.1298828e+01
   8.3672160e+06   2.0446777e+01
   8.3672260e+06   4.4738770e+01
   8.3672510e+06   2.5939941e+01
   8.3672670e+06   4.6691895e+01
   8.3672780e+06   2.9602051e+01
   8.3672940e+06   2.1484375e+01
   8.3673190e+06   3.1188965e+01
   8.3673320e+06   2.2460938e+01
   8.3673720e+06   2.4841309e+01
   8.3673980e+06   2.5268555e+01
   8.3674460e+06   2.2766113e+01
   8.3675590e+06   2.4169922e+01
   8.3675730e+06   2.0874023e+01
   8.3676350e+06   2.5573730e+01
   8.3677580e+06   2.2766113e+01
   8.3678850e+06   2.1606445e+01
   8.3904540e+06   3.9245605e+01
   8.4444920e+06   3.5095215e+01
   8.4445560e+06   2.9846191e+01
   8.4446290e+06   2.1606445e+01
   8.4446730e+06   3.2409668e+01
   8.4446830e+06   2.3315430e+01
   8.4447160e+06   4.4494629e+01
   8.4447380e+06   6.2438965e+01
   8.4447710e+06   2.7832031e+01
   8.4447930e+06   3.8452148e+01
   8.4448160e+06   3.8513184e+01
   8.4448400e+06   2.6062012e+01
   8.4448580e+06   2.0690918e+01
   8.4448870e+06   3.5400391e+01
   8.4449050e+06   2.3681641e+01
   8.4449740e+06   2.0629883e+01
   8.4450060e+06   2.8442383e+01
   8.4451450e+06   2.2216797e+01
   8.4452430e+06   2.1057129e+01
   8.4452890e+06   2.2521973e+01
   8.4454300e+06   2.0690918e+01
   8.4454400e+06   2.2338867e+01
   8.4462890e+06   2.7709961e+01
   8.5077140e+06   3.2348633e+01
   8.5077840e+06   2.3498535e+01
   8.5079140e+06   2.6000977e+01
   8.5079670e+06   2.4047852e+01
   8.5080260e+06   3.3081055e+01
   8.5080410e+06   5.5603027e+01
   8.5080770e+06   4.0344238e+01
   8.5081040e+06   4.6875000e+01
   8.5081320e+06   3.2653809e+01
   8.5081470e+06   5.3283691e+01
   8.5081910e+06   2.6489258e+01
   8.5082190e+06   2.3864746e+01
   8.5082580e+06   3.2226563e+01
   8.5082900e+06   2.5817871e+01
   8.5083480e+06   2.5512695e+01
   8.5083860e+06   2.0874023e+01
   8.5085530e+06   2.7465820e+01
   8.5086050e+06   2.1423340e+01
   8.5090140e+06   2.1484375e+01
   8.5804600e+06   3.5278320e+01
   8.5806150e+06   3.0639648e+01
   8.5806630e+06   2.0568848e+01
   8.5806760e+06   2.8747559e+01
   8.5807510e+06   2.5695801e+01
   8.5807670e+06   2.4291992e+01
   8.5808290e+06   2.6611328e+01
   8.5808740e+06   3.4729004e+01
   8.5809000e+06   5.2124023e+01
   8.5809210e+06   3.1372070e+01
   8.5809610e+06   2.4719238e+01
   8.5810030e+06   2.7832031e+01
   8.5810150e+06   2.5878906e+01
   8.5810340e+06   2.6062012e+01
   8.5810530e+06   4.0771484e+01
   8.5810830e+06   2.8198242e+01
   8.5812250e+06   2.0507813e+01
   8.5813860e+06   3.8757324e+01
   8.6692110e+06   2.2216797e+01
   8.6693410e+06   3.0456543e+01
   8.6695110e+06   2.8625488e+01
   8.6696880e+06   2.9968262e+01
   8.6723110e+06   3.1250000e+01
   8.7429080e+06   3.2348633e+01
   8.7430140e+06   2.1667480e+01
   8.7431350e+06   2.6062012e+01
   8.7431910e+06   2.4230957e+01
   8.7432110e+06   3.3569336e+01
   8.7432520e+06   3.0029297e+01
   8.7432810e+06   3.1677246e+01
   8.7432960e+06   2.4658203e+01
   8.7433320e+06   6.2866211e+01
   8.7433620e+06   3.3020020e+01
   8.7433890e+06   2.3742676e+01
   8.7434110e+06   3.0761719e+01
   8.7434240e+06   5.1513672e+01
   8.7434910e+06   2.6062012e+01
   8.7435150e+06   4.7180176e+01
   8.7435480e+06   2.4536133e+01
   8.7436790e+06   2.7832031e+01
   8.7438060e+06   2.5268555e+01
   8.9668610e+06   2.1667480e+01
   8.9669090e+06   2.5329590e+01
   8.9669990e+06   2.9663086e+01
   8.9671050e+06   2.8381348e+01
   8.9671270e+06   2.1057129e+01
   8.9671670e+06   2.0507813e+01
   8.9671990e+06   2.9479980e+01
   8.9672220e+06   2.3437500e+01
   8.9672490e+06   2.3315430e+01
   8.9672650e+06   2.5146484e+01
   8.9672890e+06   2.1789551e+01
   8.9673070e+06   3.7719727e+01
   8.9673510e+06   7.2509766e+01
   8.9673750e+06   2.9724121e+01
   8.9674100e+06   2.2399902e+01
   8.9674260e+06   2.5573730e+01
   8.9674730e+06   5.2001953e+01
   8.9675070e+06   3.5095215e+01
   8.9675990e+06   2.6184082e+01
   8.9677630e+06   2.0629883e+01
   9.2694260e+06   2.0202637e+01
   9.2923230e+06   3.6560059e+01
   9.2923670e+06   2.2949219e+01
   9.2923930e+06   2.9235840e+01
   9.2924400e+06   2.4353027e+01
   9.2925130e+06   3.0944824e+01
   9.2925380e+06   4.3518066e+01
   9.2925520e+06   3.0273438e+01
   9.2925780e+06   3.8391113e+01
   9.2926060e+06   2.3254395e+01
   9.2926210e+06   5.9936523e+01
   9.2926360e+06   2.5817871e+01
   9.2926570e+06   2.0812988e+01
   9.2926710e+06   2.3742676e+01
   9.2926950e+06   7.5744629e+01
   9.2927520e+06   2.1728516e+01
   9.2927910e+06   3.4118652e+01
   9.2928350e+06   2.5817871e+01
   9.2929030e+06   2.8198242e+01
   9.2929220e+06   2.1728516e+01
   9.2929790e+06   2.4291992e+01
   9.2930340e+06   2.0812988e+01
   9.2931090e+06   2.5268555e+01
   9.2931880e+06   2.1423340e+01
   9.2932090e+06   2.8930664e+01
   9.2933750e+06   2.3864746e+01
   9.2935280e+06   2.1362305e+01
   9.3134380e+06   2.0324707e+01
   9.3949590e+06   2.8076172e+01
   9.4100580e+06   2.6672363e+01
   9.4101430e+06   2.0324707e+01
   9.4103050e+06   2.8442383e+01
   9.4103950e+06   2.5085449e+01
   9.4104790e+06   3.6193848e+01
   9.4105970e+06   2.7404785e+01
   9.4142690e+06   2.9724121e+01
   9.4802780e+06   2.8747559e+01
   9.4805610e+06   2.8381348e+01
   9.6657910e+06   2.8015137e+01
   9.6658380e+06   2.3498535e+01
   9.6658640e+06   3.9123535e+01
   9.6658950e+06   5.3466797e+01
   9.6659240e+06   5.3222656e+01
   9.6659460e+06   6.1523438e+01
   9.6659710e+06   4.2968750e+01
   9.6660000e+06   3.2836914e+01
   9.6660110e+06   6.1340332e+01
   9.6660370e+06   2.8503418e+01
   9.6660840e+06   3.2592773e+01
   9.6661150e+06   2.3376465e+01
   9.6661610e+06   2.1789551e+01
   9.6662950e+06   2.8503418e+01
   9.6664300e+06   2.0507812e+01
   9.6664490e+06   3.3508301e+01
   9.6666130e+06   2.6855469e+01
   9.6666730e+06   2.4108887e+01
   9.6667420e+06   2.0568848e+01
   9.6668430e+06   2.0385742e+01
   9.6669870e+06   2.3010254e+01
   9.6873830e+06   3.1311035e+01
   9.6874780e+06   2.7160645e+01
   9.6876270e+06   2.7160645e+01
   9.6876780e+06   2.6855469e+01
   9.6877380e+06   2.8259277e+01
   9.6877630e+06   2.4902344e+01
   9.6877990e+06   6.6162109e+01
   9.6878110e+06   3.6987305e+01
   9.6878360e+06   3.5949707e+01
   9.6878590e+06   2.2766113e+01
   9.6878830e+06   2.3681641e+01
   9.6878950e+06   2.8686523e+01
   9.6879140e+06   5.5541992e+01
   9.6879280e+06   2.2705078e+01
   9.6879560e+06   2.2094727e+01
   9.6879830e+06   2.5512695e+01
   9.6879980e+06   2.3132324e+01
   9.6880280e+06   2.8137207e+01
   9.6880580e+06   2.0751953e+01
   9.6881230e+06   2.0263672e+01
   9.6882750e+06   2.2644043e+01
   9.6884110e+06   2.6306152e+01
   9.6888420e+06   2.2399902e+01
   9.6893420e+06   2.3437500e+01
   9.7501000e+06   3.2775879e+01
   9.7501720e+06   2.6062012e+01
   9.7502400e+06   3.6071777e+01
   9.7502530e+06   2.1179199e+01
   9.7502830e+06   2.4414063e+01
   9.7503040e+06   4.9133301e+01
   9.7503200e+06   2.1301270e+01
   9.7503340e+06   6.5246582e+01
   9.7503700e+06   4.2175293e+01
   9.7504010e+06   5.2246094e+01
   9.7504120e+06   4.8767090e+01
   9.7504500e+06   2.2338867e+01
   9.7504680e+06   3.6682129e+01
   9.7505420e+06   2.0324707e+01
   9.7506090e+06   2.2094727e+01
   9.7506980e+06   2.3193359e+01
   9.7507640e+06   2.4353027e+01
   9.7508550e+06   2.5329590e+01
   9.7510500e+06   3.3691406e+01
   9.7511840e+06   2.0263672e+01
   9.7841830e+06   2.0385742e+01
   9.8472790e+06   3.1372070e+01
   9.8473850e+06   3.1005859e+01
   9.8474770e+06   2.8991699e+01
   9.8475410e+06   2.2277832e+01
   9.8475710e+06   2.0874023e+01
   9.8475810e+06   2.4353027e+01
   9.8475980e+06   6.0058594e+01
   9.8476280e+06   3.1372070e+01
   9.8476410e+06   2.3437500e+01
   9.8476710e+06   2.8564453e+01
   9.8476990e+06   3.0700684e+01
   9.8477230e+06   2.5390625e+01
   9.8477390e+06   4.0466309e+01
   9.8477700e+06   3.3142090e+01
   9.8477940e+06   2.5146484e+01
   9.8478170e+06   2.1118164e+01
   9.8478550e+06   2.2094727e+01
   9.8479190e+06   2.0935059e+01
   9.8479640e+06   2.0324707e+01
   9.8480780e+06   3.0029297e+01
   9.8481130e+06   2.7465820e+01
   9.8481630e+06   2.2399902e+01
   9.8482110e+06   2.2338867e+01
   9.9510690e+06   2.1545410e+01
   1.0055487e+07   2.9724121e+01
   1.0055596e+07   3.0944824e+01
   1.0055657e+07   2.1301270e+01
   1.0055747e+07   2.7282715e+01
   1.0055993e+07   2.9846191e+01
   1.0149909e+07   2.0812988e+01
   1.0149999e+07   3.9428711e+01
   1.0150050e+07   2.0629883e+01
   1.0150099e+07   2.8198242e+01
   1.0150129e+07   5.4748535e+01
   1.0150163e+07   7.3608398e+01
   1.0150174e+07   2.7404785e+01
   1.0150196e+07   3.0578613e+01
   1.0150231e+07   5.7922363e+01
   1.0150265e+07   2.0629883e+01
   1.0150293e+07   3.3386230e+01
   1.0150303e+07   2.9235840e+01
   1.0150339e+07   2.1301270e+01
   1.0150410e+07   3.1250000e+01
   1.0150444e+07   2.1789551e+01
   1.0211767e+07   3.0456543e+01
   1.0341586e+07   2.9235840e+01
   1.0341685e+07   3.0334473e+01
   1.0341871e+07   3.5888672e+01
   1.0342066e+07   3.4179688e+01
   1.0460420e+07   2.2766113e+01
   1.0460434e+07   3.3874512e+01
   1.0460529e+07   2.4108887e+01
   1.0460563e+07   2.0324707e+01
   1.0460585e+07   2.1911621e+01
   1.0460623e+07   2.3803711e+01
   1.0460637e+07   3.2775879e+01
   1.0460671e+07   2.5878906e+01
   1.0460691e+07   5.2429199e+01
   1.0460710e+07   2.0568848e+01
   1.0460743e+07   2.5268555e+01
   1.0460758e+07   2.0751953e+01
   1.0460780e+07   4.9072266e+01
   1.0460816e+07   2.3681641e+01
   1.0460845e+07   2.0629883e+01
   1.0460857e+07   3.0029297e+01
   1.0460917e+07   2.4475098e+01
   1.0460954e+07   2.0568848e+01
   1.0461037e+07   2.2888184e+01
   1.0461166e+07   2.4291992e+01
   1.0461191e+07   2.3986816e+01
   1.0461296e+07   2.7587891e+01
   1.0461556e+07   2.2033691e+01
   1.0807068e+07   2.8808594e+01
   1.0807087e+07   2.0507813e+01
   1.0807155e+07   2.7770996e+01
   1.0807182e+07   2.2583008e+01
   1.0807200e+07   2.5390625e+01
   1.0807244e+07   2.0202637e+01
   1.0807271e+07   2.9296875e+01
   1.0807304e+07   3.0517578e+01
   1.0807329e+07   2.6123047e+01
   1.0807346e+07   3.0273438e+01
   1.0807362e+07   2.1240234e+01
   1.0807385e+07   3.6499023e+01
   1.0807396e+07   3.1494141e+01
   1.0807419e+07   2.8381348e+01
   1.0807451e+07   2.8991699e+01
   1.0807549e+07   2.1057129e+01
   1.0807591e+07   2.1057129e+01
   1.0807701e+07   2.9296875e+01
   1.0807789e+07   2.4475098e+01
   1.0807806e+07   2.5878906e+01
   1.0807860e+07   2.8442383e+01
   1.0807885e+07   2.0935059e+01
   1.0807918e+07   2.1179199e+01
   1.0808182e+07   2.5573730e+01
   1.0808338e+07   2.2216797e+01
   1.0875533e+07   2.3376465e+01
   1.0875805e+07   2.6489258e+01
   1.0900964e+07   3.9184570e+01
   1.0909626e+07   2.0446777e+01
   1.0957385e+07   3.0944824e+01
   1.1035281e+07   2.4780273e+01
   1.1035428e+07   2.2827148e+01
   1.1035438e+07   2.1240234e+01
   1.1035499e+07   3.4423828e+01
   1.1035509e+07   2.4597168e+01
   1.1035541e+07   4.7607422e+01
   1.1035555e+07   2.9357910e+01
   1.1035591e+07   6.6650391e+01
   1.1035623e+07   4.5593262e+01
   1.1035672e+07   3.4790039e+01
   1.1035694e+07   2.6733398e+01
   1.1035717e+07   2.1179199e+01
   1.1035739e+07   2.4475098e+01
   1.1035752e+07   2.6794434e+01
   1.1035877e+07   2.1362305e+01
   1.1035945e+07   2.0874023e+01
   1.1036028e+07   2.6794434e+01
   1.1036116e+07   2.8991699e+01
   1.1036281e+07   2.6245117e+01
   1.1036292e+07   2.7709961e+01
   1.1036335e+07   2.0385742e+01
   1.1118497e+07   3.0395508e+01
   1.1118579e+07   3.0883789e+01
   1.1118796e+07   2.1789551e+01
   1.1118922e+07   2.9113770e+01
   1.1119016e+07   2.1057129e+01
   1.1119246e+07   2.7465820e+01
   1.1119502e+07   2.7465820e+01
   1.1190823e+07   2.0324707e+01
   1.1292307e+07   2.5695801e+01
   1.1292380e+07   2.1484375e+01
   1.1292497e+07   2.0996094e+01
   1.1292626e+07   3.6621094e+01
   1.1292838e+07   2.8503418e+01
   1.1316095e+07   2.8259277e+01
   1.1699734e+07   3.9978027e+01
   1.1719537e+07   2.0751953e+01
   1.1719582e+07   2.8015137e+01
   1.1719630e+07   3.7353516e+01
   1.1719654e+07   2.2033691e+01
   1.1719677e+07   4.9987793e+01
   1.1719711e+07   3.7231445e+01
   1.1719721e+07   8.2702637e+01
   1.1719762e+07   2.8076172e+01
   1.1719785e+07   4.5654297e+01
   1.1719822e+07   2.7526855e+01
   1.1719844e+07   2.8503418e+01
   1.1719864e+07   2.9357910e+01
   1.1719892e+07   2.2583008e+01
   1.1719910e+07   2.1118164e+01
   1.1719939e+07   2.4475098e+01
   1.1719999e+07   2.1850586e+01
   1.1720028e+07   2.4597168e+01
   1.1720160e+07   2.1301270e+01
   1.1720401e+07   2.1179199e+01
   1.1720500e+07   2.4963379e+01
   1.1720642e+07   2.3742676e+01
   1.1720894e+07   2.2827148e+01
   1.1786320e+07   2.8869629e+01
   1.1786366e+07   3.3630371e+01
   1.1786428e+07   3.1738281e+01
   1.1786451e+07   2.6000977e+01
   1.1786482e+07   2.4475098e+01
   1.1786492e+07   5.1635742e+01
   1.1786508e+07   4.6142578e+01
   1.1786528e+07   7.5378418e+01
   1.1786544e+07   3.2287598e+01
   1.1786576e+07   3.2897949e+01
   1.1786598e+07   3.6621094e+01
   1.1786651e+07   2.9541016e+01
   1.1786702e+07   2.3620605e+01
   1.1786751e+07   2.2277832e+01
   1.1786810e+07   2.6184082e+01
   1.1786881e+07   2.5939941e+01
   1.1787132e+07   2.0690918e+01
   1.1787391e+07   2.1423340e+01
   1.1787730e+07   2.1606445e+01
   1.1838308e+07   3.1372070e+01
   1.1838375e+07   2.4230957e+01
   1.1838419e+07   2.3864746e+01
   1.1838456e+07   2.3681641e+01
   1.1838466e+07   2.3620605e+01
   1.1838497e+07   2.2705078e+01
   1.1838510e+07   6.8603516e+01
   1.1838532e+07   3.1616211e+01
   1.1838547e+07   4.4921875e+01
   1.1838575e+07   3.5461426e+01
   1.1838603e+07   3.3264160e+01
   1.1838613e+07   2.3864746e+01
   1.1838638e+07   2.4780273e+01
   1.1838863e+07   2.1911621e+01
   1.1839057e+07   2.4597168e+01
   1.1889897e+07   2.9235840e+01
   1.1889950e+07   2.1484375e+01
   1.1890012e+07   2.0385742e+01
   1.1890037e+07   3.4606934e+01
   1.1890070e+07   4.0649414e+01
   1.1890085e+07   5.7495117e+01
   1.1890128e+07   2.4597168e+01
   1.1890147e+07   3.1860352e+01
   1.1890165e+07   5.7678223e+01
   1.1890185e+07   3.9550781e+01
   1.1890196e+07   2.2766113e+01
   1.1890222e+07   2.2338867e+01
   1.1890237e+07   3.3081055e+01
   1.1890259e+07   2.1484375e+01
   1.1890318e+07   2.0385742e+01
   1.1890366e+07   2.5573730e+01
   1.1890393e+07   2.1789551e+01
   1.1890553e+07   2.0263672e+01
   1.1890721e+07   2.1972656e+01
   1.1934164e+07   3.1616211e+01
   1.1934216e+07   2.4841309e+01
   1.1934250e+07   2.1301270e+01
   1.1934279e+07   4.1076660e+01
   1.1934312e+07   3.6376953e+01
   1.1934346e+07   2.1606445e+01
   1.1934369e+07   5.8166504e+01
   1.1934401e+07   3.5095215e+01
   1.1934463e+07   2.6062012e+01
   1.1934526e+07   2.4230957e+01
   1.1934540e+07   2.2583008e+01
   1.1934589e+07   2.3498535e+01
   1.1934625e+07   2.2644043e+01
   1.1934665e+07   2.4597168e+01
   1.1934834e+07   2.6123047e+01
   1.1979211e+07   3.3386230e+01
   1.1979282e+07   3.1982422e+01
   1.1979332e+07   2.1789551e+01
   1.1979342e+07   9.0209961e+01
   1.1979361e+07   3.8452148e+01
   1.1979387e+07   4.1381836e+01
   1.1979414e+07   4.0283203e+01
   1.1979432e+07   6.3720703e+01
   1.1979447e+07   2.5939941e+01
   1.1979475e+07   2.5817871e+01
   1.1979498e+07   2.9968262e+01
   1.1979512e+07   2.7893066e+01
   1.1979580e+07   2.1179199e+01
   1.1979712e+07   2.2216797e+01
   1.1979734e+07   2.0935059e+01
   1.1979913e+07   2.2888184e+01
   1.1980141e+07   2.9418945e+01
