   1.1999000e+07   0.0000000e+00
   2.3589000e+04   2.7709961e+01
   2.3675000e+04   2.6000977e+01
   2.3689000e+04   3.1555176e+01
   2.3743000e+04   2.8930664e+01
   2.3798000e+04   3.6376953e+01
   2.3888000e+04   2.7282715e+01
   2.4035000e+04   2.6916504e+01
   2.4135000e+04   2.6062012e+01
   2.4440000e+04   3.2043457e+01
   6.8345000e+04   2.6855469e+01
   8.4611000e+04   2.8381348e+01
   8.4631000e+04   3.6437988e+01
   8.4735000e+04   3.3569336e+01
   8.4768000e+04   2.9541016e+01
   8.4846000e+04   3.3508301e+01
   8.4882000e+04   2.7770996e+01
   8.4898000e+04   2.5756836e+01
   8.4921000e+04   2.7526855e+01
   8.4934000e+04   2.7526855e+01
   8.5036000e+04   2.5695801e+01
   1.0159500e+05   2.5756836e+01
   1.1107200e+05   2.6306152e+01
   1.3231000e+05   3.1433105e+01
   1.3238100e+05   3.9062500e+01
   1.3240400e+05   3.2470703e+01
   1.3242000e+05   3.3630371e+01
   1.3243700e+05   3.5278320e+01
   1.3245500e+05   3.1188965e+01
   1.3248300e+05   5.6396484e+01
   1.3251100e+05   4.3945313e+01
   1.3264800e+05   2.6977539e+01
   1.3268700e+05   2.9968262e+01
   1.3282700e+05   2.7526855e+01
   1.3302200e+05   2.6000977e+01
   1.7628400e+05   2.8381348e+01
   1.7631700e+05   5.3161621e+01
   1.7638200e+05   2.6306152e+01
   1.7641800e+05   3.3508301e+01
   1.7649600e+05   2.6123047e+01
   1.7652800e+05   3.1311035e+01
   1.7664000e+05   3.2958984e+01
   1.7726900e+05   3.1127930e+01
   2.1490000e+05   3.3508301e+01
   2.1496200e+05   4.4311523e+01
   2.1500800e+05   2.6062012e+01
   2.1503500e+05   2.9296875e+01
   2.1505200e+05   3.2470703e+01
   2.1511000e+05   2.7160645e+01
   2.1515500e+05   2.6733398e+01
   2.1519900e+05   2.6916504e+01
   2.1553400e+05   2.8320313e+01
   2.1583200e+05   2.8991699e+01
   2.6657700e+05   4.8278809e+01
   2.6670700e+05   3.6437988e+01
   2.6673100e+05   3.1799316e+01
   2.6681000e+05   2.5939941e+01
   2.6690300e+05   2.7770996e+01
   2.6693700e+05   2.7404785e+01
   2.6722000e+05   2.6306152e+01
   2.6729000e+05   2.6611328e+01
   2.6743200e+05   2.6489258e+01
   3.0235500e+05   4.0954590e+01
   3.0239200e+05   2.5939941e+01
   3.0241600e+05   3.5217285e+01
   3.0250200e+05   2.7404785e+01
   3.0253000e+05   3.4790039e+01
   3.5130500e+05   5.2124023e+01
   3.5138200e+05   2.9357910e+01
   3.5140800e+05   4.0832520e+01
   3.5148600e+05   3.0029297e+01
   3.5165100e+05   2.6245117e+01
   3.7890300e+05   2.6794434e+01
   3.9476100e+05   2.5878906e+01
   3.9489200e+05   2.5939941e+01
   3.9512800e+05   4.1442871e+01
   3.9517400e+05   2.5878906e+01
   3.9519900e+05   2.7160645e+01
   3.9523200e+05   4.0039063e+01
   3.9527000e+05   2.6977539e+01
   3.9534200e+05   3.7597656e+01
   3.9537100e+05   2.9602051e+01
   3.9560500e+05   2.9479980e+01
   4.3793100e+05   4.1687012e+01
   4.3802200e+05   4.2175293e+01
   4.3804100e+05   3.5034180e+01
   4.3810100e+05   2.9724121e+01
   4.3816900e+05   2.6855469e+01
   4.3842700e+05   2.5939941e+01
   4.8764500e+05   4.2297363e+01
   4.8772100e+05   3.1494141e+01
   4.8774300e+05   2.8686523e+01
   4.8776400e+05   2.8381348e+01
   4.8777800e+05   2.7343750e+01
   4.8782700e+05   3.0334473e+01
   4.8785100e+05   2.9418945e+01
   4.8804400e+05   2.8686523e+01
   5.3085000e+05   2.6245117e+01
   5.3745900e+05   2.6428223e+01
   5.3751700e+05   4.4311523e+01
   5.3758400e+05   4.1870117e+01
   5.3765700e+05   3.1677246e+01
   5.3767900e+05   2.6977539e+01
   5.3772500e+05   3.2531738e+01
   5.8846200e+05   4.3579102e+01
   5.8851800e+05   3.2287598e+01
   5.8858400e+05   2.7404785e+01
   5.8860200e+05   3.3264160e+01
   5.8865500e+05   3.8208008e+01
   5.8868300e+05   3.9489746e+01
   5.8871400e+05   3.1555176e+01
   6.4546000e+05   4.6630859e+01
   6.4556200e+05   3.4423828e+01
   6.4558500e+05   2.7221680e+01
   6.4562600e+05   2.6550293e+01
   6.4572000e+05   2.6245117e+01
   6.4579300e+05   3.0822754e+01
   6.4586600e+05   2.8381348e+01
   6.9434600e+05   2.7099609e+01
   6.9450700e+05   2.5756836e+01
   6.9453000e+05   4.7729492e+01
   6.9466800e+05   3.8879395e+01
   6.9477700e+05   3.2592773e+01
   6.9480900e+05   3.2958984e+01
   6.9489000e+05   3.9123535e+01
   6.9490900e+05   2.8564453e+01
   6.9511700e+05   2.7709961e+01
   7.6313900e+05   4.7790527e+01
   7.6331800e+05   4.2297363e+01
   7.6337400e+05   2.7221680e+01
   7.6343400e+05   2.8930664e+01
   7.6351300e+05   2.6367188e+01
   7.6356300e+05   2.7343750e+01
   7.6358200e+05   3.2470703e+01
   7.6367000e+05   2.9479980e+01
   7.6374400e+05   2.5939941e+01
   9.0168200e+05   5.1757813e+01
   9.0193400e+05   3.2165527e+01
   9.0203700e+05   2.8930664e+01
   9.0221700e+05   2.8686523e+01
   9.0231300e+05   2.6367188e+01
   9.0252600e+05   2.6367188e+01
   9.5277000e+05   2.8259277e+01
   1.1214680e+06   2.6245117e+01
   1.1215000e+06   4.6752930e+01
   1.1215150e+06   3.2592773e+01
   1.1215480e+06   3.5827637e+01
   1.1215940e+06   3.8818359e+01
   1.1219230e+06   2.6062012e+01
   1.1451700e+06   2.7465820e+01
   1.1798850e+06   2.8686523e+01
   1.1799710e+06   4.2480469e+01
   1.1801210e+06   2.7587891e+01
   1.1801480e+06   2.7160645e+01
   1.1801750e+06   3.7170410e+01
   1.1802220e+06   3.1066895e+01
   1.1802630e+06   2.6916504e+01
   1.1803030e+06   2.5817871e+01
   1.1964790e+06   2.6062012e+01
   1.2250050e+06   2.7099609e+01
   1.2487930e+06   4.1198730e+01
   1.2492340e+06   4.4677734e+01
   1.2493250e+06   2.7038574e+01
   1.2494360e+06   2.7038574e+01
   1.2495800e+06   2.7282715e+01
   1.3047240e+06   2.5817871e+01
   1.3488570e+06   2.5695801e+01
   1.3489720e+06   4.8767090e+01
   1.3491240e+06   3.6010742e+01
   1.3492370e+06   3.1066895e+01
   1.3493660e+06   2.6733398e+01
   1.3494360e+06   2.7587891e+01
   1.3525070e+06   3.5949707e+01
   1.3526580e+06   3.3813477e+01
   1.3527660e+06   2.6611328e+01
   1.3815900e+06   2.8808594e+01
   1.4576810e+06   5.3100586e+01
   1.4577860e+06   2.9907227e+01
   1.4578700e+06   3.0517578e+01
   1.4579400e+06   2.6123047e+01
   1.5301740e+06   2.6672363e+01
   1.6137070e+06   2.6000977e+01
   1.6901260e+06   2.6367188e+01
   1.6973390e+06   2.5695801e+01
   1.8423240e+06   2.6245117e+01
   1.8423840e+06   3.0395508e+01
   1.8423950e+06   4.6630859e+01
   1.8424380e+06   2.6672363e+01
   1.8424990e+06   4.1931152e+01
   1.8425190e+06   2.6916504e+01
   1.8426270e+06   2.7038574e+01
   1.8427210e+06   3.2836914e+01
   1.8554590e+06   2.5756836e+01
   1.8642510e+06   2.9235840e+01
   1.8643290e+06   3.3142090e+01
   1.8643690e+06   3.0334473e+01
   1.8643940e+06   6.6345215e+01
   1.8644190e+06   3.6437988e+01
   1.8644350e+06   4.9316406e+01
   1.8644700e+06   4.4738770e+01
   1.8644850e+06   4.0344238e+01
   1.8645050e+06   3.6010742e+01
   1.8645300e+06   2.5939941e+01
   1.8645980e+06   2.9479980e+01
   1.8647370e+06   2.7160645e+01
   1.8647600e+06   2.7648926e+01
   1.8647880e+06   2.6794434e+01
   1.8648380e+06   3.4851074e+01
   1.8648490e+06   3.1738281e+01
   1.9348860e+06   5.0598145e+01
   1.9348970e+06   3.2958984e+01
   1.9349540e+06   2.5695801e+01
   1.9349740e+06   3.1738281e+01
   1.9350000e+06   2.5695801e+01
   1.9350170e+06   3.0761719e+01
   1.9350800e+06   3.4606934e+01
   1.9351240e+06   3.2226563e+01
   1.9351610e+06   3.1188965e+01
   1.9504510e+06   2.6367188e+01
   1.9902930e+06   2.9357910e+01
   1.9903110e+06   4.0954590e+01
   1.9903260e+06   3.2653809e+01
   1.9903650e+06   3.6987305e+01
   1.9904030e+06   3.8024902e+01
   1.9904600e+06   2.7404785e+01
   2.0307920e+06   2.7893066e+01
   2.0387110e+06   4.2541504e+01
   2.0387380e+06   2.6123047e+01
   2.0387880e+06   3.1860352e+01
   2.0388860e+06   2.7099609e+01
   2.0858110e+06   4.9194336e+01
   2.0858800e+06   2.6611328e+01
   2.0859150e+06   2.9785156e+01
   2.0859650e+06   2.6550293e+01
   2.0860450e+06   2.7709961e+01
   2.0860550e+06   2.7954102e+01
   2.0861120e+06   2.6855469e+01
   2.1349840e+06   2.6672363e+01
   2.1349950e+06   5.1574707e+01
   2.1350170e+06   2.8808594e+01
   2.1350660e+06   3.3142090e+01
   2.1350910e+06   3.0883789e+01
   2.1351040e+06   2.9174805e+01
   2.1351770e+06   3.4912109e+01
   2.1352540e+06   3.1188965e+01
   2.1815580e+06   2.6489258e+01
   2.1816050e+06   4.2419434e+01
   2.1816640e+06   4.4677734e+01
   2.1816960e+06   2.9479980e+01
   2.1818690e+06   2.6489258e+01
   2.2152720e+06   5.6274414e+01
   2.2153120e+06   2.9663086e+01
   2.2153720e+06   4.8522949e+01
   2.2154360e+06   2.5756836e+01
   2.2154740e+06   3.1555176e+01
   2.2154910e+06   3.2531738e+01
   2.2155110e+06   2.7221680e+01
   2.2155280e+06   2.6611328e+01
   2.2155450e+06   2.5939941e+01
   2.2156620e+06   2.8320313e+01
   2.2624050e+06   5.1086426e+01
   2.2624780e+06   3.4667969e+01
   2.2625210e+06   2.7221680e+01
   2.2625380e+06   2.6855469e+01
   2.2627010e+06   2.6000977e+01
   2.2800700e+06   3.8696289e+01
   2.2801490e+06   4.0222168e+01
   2.2801620e+06   2.8381348e+01
   2.2801820e+06   2.9113770e+01
   2.2802350e+06   3.6010742e+01
   2.2803700e+06   2.8442383e+01
   2.3057500e+06   4.1809082e+01
   2.3058350e+06   3.5400391e+01
   2.3059490e+06   2.6550293e+01
   2.3059780e+06   3.1982422e+01
   2.3059970e+06   2.8808594e+01
   2.3060330e+06   2.6367188e+01
   2.3060920e+06   2.7343750e+01
   2.3061380e+06   3.2531738e+01
   2.3061530e+06   2.8869629e+01
   2.3062350e+06   2.7709961e+01
   2.3062630e+06   2.5878906e+01
   2.3443150e+06   4.8339844e+01
   2.3443730e+06   3.0334473e+01
   2.3444950e+06   2.9907227e+01
   2.3445260e+06   2.9296875e+01
   2.3446040e+06   2.8381348e+01
   2.3446160e+06   2.6672363e+01
   2.3681270e+06   2.5939941e+01
   2.3682190e+06   4.4311523e+01
   2.3683180e+06   3.9367676e+01
   2.3683560e+06   2.7343750e+01
   2.3684020e+06   3.8085938e+01
   2.3685050e+06   2.8259277e+01
   2.3686080e+06   3.0883789e+01
   2.3686760e+06   2.9785156e+01
   2.4106950e+06   5.5114746e+01
   2.4107330e+06   3.3874512e+01
   2.4107570e+06   2.8869629e+01
   2.4107800e+06   2.6306152e+01
   2.4108240e+06   2.5756836e+01
   2.4108730e+06   3.4484863e+01
   2.4109980e+06   2.9602051e+01
   2.4113250e+06   2.8564453e+01
   2.4469500e+06   5.2307129e+01
   2.4469970e+06   2.6306152e+01
   2.4470240e+06   3.1250000e+01
   2.4470780e+06   3.0151367e+01
   2.4472110e+06   2.6489258e+01
   2.4472800e+06   4.2358398e+01
   2.4473030e+06   3.0273438e+01
   2.4473210e+06   2.6489258e+01
   2.4474490e+06   2.5817871e+01
   2.4475760e+06   2.8686523e+01
   2.4869480e+06   4.2541504e+01
   2.4869610e+06   2.9907227e+01
   2.4870490e+06   3.7597656e+01
   2.4871290e+06   4.2114258e+01
   2.4872260e+06   2.8747559e+01
   2.4872830e+06   3.0761719e+01
   2.4874060e+06   4.1015625e+01
   2.4875070e+06   2.6000977e+01
   2.5145850e+06   2.7099609e+01
   2.5147400e+06   4.5959473e+01
   2.5148530e+06   4.0222168e+01
   2.5148940e+06   2.8625488e+01
   2.5149370e+06   3.3935547e+01
   2.5149800e+06   2.9541016e+01
   2.5150070e+06   2.8869629e+01
   2.5151770e+06   3.3020020e+01
   2.5153680e+06   2.6977539e+01
   2.5423440e+06   4.3884277e+01
   2.5424300e+06   2.9968262e+01
   2.5424910e+06   3.1372070e+01
   2.5425470e+06   2.9663086e+01
   2.5427620e+06   3.2531738e+01
   2.5427990e+06   2.9785156e+01
   2.5429000e+06   2.7343750e+01
   2.5683020e+06   4.1076660e+01
   2.5683940e+06   2.9235840e+01
   2.5684390e+06   2.5756836e+01
   2.5684730e+06   3.9794922e+01
   2.5688030e+06   2.6245117e+01
   2.5690520e+06   2.8930664e+01
   2.5691280e+06   2.6428223e+01
   2.5699330e+06   2.8808594e+01
   2.5942780e+06   5.0231934e+01
   2.5943530e+06   2.6611328e+01
   2.5943980e+06   3.3691406e+01
   2.5944750e+06   2.9052734e+01
   2.5946630e+06   2.8320313e+01
   2.5950230e+06   2.8137207e+01
   2.5952740e+06   2.5695801e+01
   2.5961070e+06   3.1005859e+01
   2.6161140e+06   4.2541504e+01
   2.6161830e+06   3.0151367e+01
   2.6162170e+06   2.7343750e+01
   2.6162630e+06   3.0029297e+01
   2.6163120e+06   2.7954102e+01
   2.6163480e+06   2.8625488e+01
   2.6163810e+06   2.9174805e+01
   2.6164230e+06   2.6550293e+01
   2.6164680e+06   2.9907227e+01
   2.6334970e+06   3.5400391e+01
   2.6335660e+06   3.0212402e+01
   2.6335830e+06   2.8564453e+01
   2.6336710e+06   2.9968262e+01
   2.6337470e+06   2.8259277e+01
   2.6337580e+06   2.8991699e+01
   2.6339050e+06   2.6489258e+01
   2.6341090e+06   2.6855469e+01
   2.6341950e+06   2.9052734e+01
   2.6975750e+06   2.8442383e+01
   2.6975910e+06   4.2419434e+01
   2.6976290e+06   3.0395508e+01
   2.6976460e+06   3.8940430e+01
   2.6976630e+06   8.4777832e+01
   2.6976870e+06   2.9968262e+01
   2.6977020e+06   2.9113770e+01
   2.6977270e+06   3.5827637e+01
   2.6977560e+06   3.2775879e+01
   2.6977920e+06   2.8503418e+01
   2.6980680e+06   2.7038574e+01
   2.6987670e+06   2.6245117e+01
   2.6992350e+06   2.8808594e+01
   2.6995080e+06   3.1127930e+01
   2.7133310e+06   2.7099609e+01
   2.7226370e+06   2.6367188e+01
   2.7228010e+06   4.3273926e+01
   2.7229080e+06   3.7231445e+01
   2.7229210e+06   3.1982422e+01
   2.7229400e+06   2.8930664e+01
   2.7229750e+06   4.6325684e+01
   2.7229940e+06   2.7893066e+01
   2.7230270e+06   3.6193848e+01
   2.7230690e+06   2.8503418e+01
   2.7232040e+06   2.6000977e+01
   2.7232880e+06   2.5695801e+01
   2.7233940e+06   2.9846191e+01
   2.7234700e+06   2.8991699e+01
   2.7240660e+06   2.7893066e+01
   2.7243590e+06   2.7465820e+01
   2.7246900e+06   3.1982422e+01
   2.7250230e+06   2.7404785e+01
   2.7256240e+06   3.1372070e+01
   2.7259520e+06   2.8137207e+01
   2.7265920e+06   2.8137207e+01
   2.7409310e+06   3.7780762e+01
   2.7410230e+06   2.6245117e+01
   2.7410620e+06   4.0588379e+01
   2.7410940e+06   3.5766602e+01
   2.7411080e+06   3.7658691e+01
   2.7411370e+06   2.6855469e+01
   2.7411910e+06   3.0883789e+01
   2.7412210e+06   2.5756836e+01
   2.7412570e+06   3.0700684e+01
   2.7423390e+06   2.5756836e+01
   2.7424600e+06   2.8991699e+01
   2.7424930e+06   2.7160645e+01
   2.7427670e+06   2.6672363e+01
   2.7441440e+06   3.6865234e+01
   2.7441760e+06   4.2114258e+01
   2.7442560e+06   2.5817871e+01
   2.7442950e+06   3.3569336e+01
   2.7445240e+06   3.1250000e+01
   2.7448360e+06   2.7465820e+01
   2.7675560e+06   3.8391113e+01
   2.7675840e+06   3.1921387e+01
   2.7676130e+06   3.6865234e+01
   2.7676360e+06   3.8879395e+01
   2.7676690e+06   2.7893066e+01
   2.7677050e+06   2.8808594e+01
   2.7677210e+06   3.5461426e+01
   2.7677380e+06   2.8930664e+01
   2.7677850e+06   2.7282715e+01
   2.7680390e+06   2.7832031e+01
   2.7687940e+06   2.7282715e+01
   2.7689280e+06   2.6123047e+01
   2.7704230e+06   5.1330566e+01
   2.7707340e+06   2.9113770e+01
   2.7707590e+06   2.6062012e+01
   2.7709590e+06   3.7902832e+01
   2.8005990e+06   2.6489258e+01
   2.8396220e+06   3.1433105e+01
   2.8396370e+06   3.9794922e+01
   2.8396580e+06   3.6315918e+01
   2.8396820e+06   3.7719727e+01
   2.8396980e+06   6.3964844e+01
   2.8397240e+06   2.6062012e+01
   2.8397470e+06   3.0029297e+01
   2.8397640e+06   2.7221680e+01
   2.8398410e+06   2.5695801e+01
   2.8399510e+06   3.5217285e+01
   2.8400060e+06   2.6245117e+01
   2.8402120e+06   2.9357910e+01
   2.8402510e+06   2.6062012e+01
   2.8405830e+06   2.9541016e+01
   2.8406500e+06   2.6184082e+01
   2.8408180e+06   2.6245117e+01
   2.8417790e+06   2.8625488e+01
   2.9018610e+06   2.7038574e+01
   2.9019270e+06   2.6977539e+01
   2.9019420e+06   4.0100098e+01
   2.9019630e+06   4.2968750e+01
   2.9019780e+06   5.4687500e+01
   2.9020130e+06   3.1860352e+01
   2.9020410e+06   3.2226563e+01
   2.9020530e+06   2.7648926e+01
   2.9021080e+06   2.7893066e+01
   2.9023030e+06   3.4240723e+01
   2.9023820e+06   2.5695801e+01
   2.9024160e+06   2.9479980e+01
   2.9024800e+06   2.6000977e+01
   2.9025640e+06   2.8076172e+01
   2.9026600e+06   2.6367188e+01
   2.9029110e+06   2.6428223e+01
   2.9035690e+06   2.5878906e+01
   2.9038100e+06   2.6000977e+01
   2.9038320e+06   3.2531738e+01
   2.9042340e+06   2.5878906e+01
   2.9049390e+06   2.7282715e+01
   2.9050660e+06   3.0761719e+01
   2.9055630e+06   3.0761719e+01
   2.9056150e+06   2.7221680e+01
   2.9060930e+06   2.8503418e+01
   2.9061710e+06   2.9663086e+01
   2.9227660e+06   2.9663086e+01
   2.9682450e+06   3.0578613e+01
   2.9682820e+06   2.6855469e+01
   2.9683180e+06   3.7536621e+01
   2.9683490e+06   6.0668945e+01
   2.9683640e+06   3.5034180e+01
   2.9683950e+06   3.2836914e+01
   2.9684150e+06   3.7353516e+01
   2.9684320e+06   2.5695801e+01
   2.9684460e+06   3.5339355e+01
   2.9684890e+06   2.7099609e+01
   2.9685000e+06   2.7343750e+01
   2.9685670e+06   2.7770996e+01
   2.9686330e+06   3.3874512e+01
   2.9687380e+06   2.6428223e+01
   2.9687740e+06   2.9052734e+01
   2.9688550e+06   2.8747559e+01
   2.9689290e+06   2.9968262e+01
   2.9708250e+06   2.8686523e+01
   2.9708640e+06   2.5878906e+01
   3.0328940e+06   3.2470703e+01
   3.0329730e+06   2.7893066e+01
   3.0330050e+06   6.4514160e+01
   3.0330260e+06   3.6010742e+01
   3.0330660e+06   4.2968750e+01
   3.0330760e+06   2.7343750e+01
   3.0331480e+06   3.2165527e+01
   3.0332240e+06   3.2714844e+01
   3.0333200e+06   2.6611328e+01
   3.0349330e+06   2.7038574e+01
   3.0353390e+06   2.7954102e+01
   3.0354050e+06   2.6550293e+01
   3.0357130e+06   2.6672363e+01
   3.0358780e+06   3.3081055e+01
   3.0367200e+06   2.5817871e+01
   3.0367790e+06   2.9724121e+01
   3.0367980e+06   4.1015625e+01
   3.1004780e+06   2.8564453e+01
   3.1005550e+06   4.1015625e+01
   3.1005650e+06   3.4484863e+01
   3.1006020e+06   4.1748047e+01
   3.1006350e+06   4.6447754e+01
   3.1006540e+06   2.9418945e+01
   3.1008120e+06   2.6184082e+01
   3.1008790e+06   2.9785156e+01
   3.1009200e+06   3.4729004e+01
   3.1009450e+06   2.6000977e+01
   3.1012580e+06   2.7343750e+01
   3.1019420e+06   3.1677246e+01
   3.1021200e+06   2.9174805e+01
   3.1027070e+06   3.7841797e+01
   3.1027810e+06   3.9611816e+01
   3.1029860e+06   2.8503418e+01
   3.1032930e+06   2.7465820e+01
   3.1036000e+06   2.8991699e+01
   3.1036140e+06   2.9052734e+01
   3.1036450e+06   3.0151367e+01
   3.1038060e+06   2.7099609e+01
   3.1039640e+06   3.4790039e+01
   3.1043950e+06   2.6000977e+01
   3.1047150e+06   2.9724121e+01
   3.1540530e+06   3.0456543e+01
   3.1541260e+06   2.6855469e+01
   3.1541570e+06   2.9846191e+01
   3.1541750e+06   7.6538086e+01
   3.1541900e+06   4.0161133e+01
   3.1542270e+06   2.6611328e+01
   3.1542450e+06   3.0029297e+01
   3.1542660e+06   2.6672363e+01
   3.1542860e+06   3.9794922e+01
   3.1543260e+06   2.9602051e+01
   3.1543880e+06   3.3874512e+01
   3.1544650e+06   2.8869629e+01
   3.1545830e+06   2.8747559e+01
   3.1546840e+06   3.4118652e+01
   3.1548230e+06   2.6306152e+01
   3.1564200e+06   2.6977539e+01
   3.1566040e+06   2.5756836e+01
   3.1567220e+06   2.6062012e+01
   3.1572610e+06   3.1738281e+01
   3.1585370e+06   3.2165527e+01
   3.1589480e+06   2.8442383e+01
   3.1591440e+06   2.7282715e+01
   3.1591830e+06   2.8442383e+01
   3.1591940e+06   3.1982422e+01
   3.2301290e+06   3.3264160e+01
   3.2302230e+06   3.2409668e+01
   3.2302540e+06   6.2011719e+01
   3.2302900e+06   5.5541992e+01
   3.2303070e+06   3.9916992e+01
   3.2303250e+06   4.5166016e+01
   3.2303720e+06   3.9123535e+01
   3.2303860e+06   2.8625488e+01
   3.2305210e+06   3.1921387e+01
   3.2305740e+06   2.7832031e+01
   3.2308670e+06   2.8808594e+01
   3.2309150e+06   2.6855469e+01
   3.2314620e+06   2.9479980e+01
   3.2315170e+06   2.5817871e+01
   3.2315700e+06   2.6733398e+01
   3.2317660e+06   3.3813477e+01
   3.2320450e+06   2.7160645e+01
   3.2324950e+06   2.6184082e+01
   3.2396180e+06   3.1677246e+01
   3.2396490e+06   5.7739258e+01
   3.2396690e+06   5.7250977e+01
   3.2396830e+06   2.9785156e+01
   3.2396960e+06   2.5817871e+01
   3.2397350e+06   3.5644531e+01
   3.2397950e+06   2.7038574e+01
   3.2405460e+06   2.5756836e+01
   3.2405610e+06   3.0578613e+01
   3.2406080e+06   3.1860352e+01
   3.2410440e+06   2.6855469e+01
   3.2410560e+06   2.8686523e+01
   3.2413380e+06   2.7282715e+01
   3.2429730e+06   3.2104492e+01
   3.3066120e+06   2.7893066e+01
   3.3066460e+06   3.3569336e+01
   3.3066680e+06   4.9133301e+01
   3.3066800e+06   3.6315918e+01
   3.3067210e+06   3.3447266e+01
   3.3067670e+06   3.3752441e+01
   3.3067910e+06   2.7282715e+01
   3.3068060e+06   3.4057617e+01
   3.3069740e+06   2.6794434e+01
   3.3070000e+06   2.8137207e+01
   3.3072460e+06   2.7832031e+01
   3.3075380e+06   3.1311035e+01
   3.3075780e+06   3.4301758e+01
   3.3081590e+06   3.1555176e+01
   3.3084570e+06   2.7282715e+01
   3.3084740e+06   3.3813477e+01
   3.3086890e+06   2.6123047e+01
   3.3089680e+06   2.5817871e+01
   3.3092850e+06   2.7099609e+01
   3.3095630e+06   3.3081055e+01
   3.3095740e+06   2.6184082e+01
   3.3554450e+06   3.3325195e+01
   3.3554630e+06   2.9602051e+01
   3.3554840e+06   6.0974121e+01
   3.3555060e+06   2.8015137e+01
   3.3555260e+06   3.9367676e+01
   3.3555570e+06   5.2185059e+01
   3.3555710e+06   2.7893066e+01
   3.3556350e+06   3.3203125e+01
   3.3556740e+06   2.6123047e+01
   3.3557540e+06   2.5817871e+01
   3.3559070e+06   2.6550293e+01
   3.3560890e+06   2.6611328e+01
   3.3569470e+06   2.6855469e+01
   3.3569670e+06   2.5817871e+01
   3.3569850e+06   3.1066895e+01
   3.3570190e+06   3.2287598e+01
   3.3570400e+06   3.0029297e+01
   3.3575010e+06   2.6123047e+01
   3.3577680e+06   3.4057617e+01
   3.3577960e+06   3.7414551e+01
   3.3578370e+06   2.8503418e+01
   3.3584840e+06   4.1992188e+01
   3.3585010e+06   3.4606934e+01
   3.3586370e+06   3.3447266e+01
   3.3588140e+06   2.6367188e+01
   3.4159600e+06   3.0029297e+01
   3.4159830e+06   4.3090820e+01
   3.4159940e+06   6.0363770e+01
   3.4160280e+06   3.8330078e+01
   3.4160550e+06   3.2897949e+01
   3.4160670e+06   3.7170410e+01
   3.4161130e+06   2.7587891e+01
   3.4161420e+06   3.0578613e+01
   3.4162360e+06   2.7648926e+01
   3.4162750e+06   3.7719727e+01
   3.4163580e+06   2.9846191e+01
   3.4166440e+06   2.7343750e+01
   3.4166680e+06   4.5227051e+01
   3.4166810e+06   2.5695801e+01
   3.4170540e+06   2.7893066e+01
   3.4171410e+06   3.1982422e+01
   3.4175000e+06   2.6733398e+01
   3.4723270e+06   3.7048340e+01
   3.4723440e+06   3.1311035e+01
   3.4723620e+06   6.6711426e+01
   3.4723890e+06   4.1687012e+01
   3.4724150e+06   3.1433105e+01
   3.4724300e+06   3.0822754e+01
   3.4724880e+06   2.5756836e+01
   3.4725030e+06   3.1188965e+01
   3.4726210e+06   2.8869629e+01
   3.4726750e+06   2.6245117e+01
   3.4727390e+06   3.1188965e+01
   3.4727970e+06   2.6062012e+01
   3.4730550e+06   2.6000977e+01
   3.4733250e+06   2.6672363e+01
   3.4735980e+06   3.0395508e+01
   3.4736240e+06   2.6123047e+01
   3.4737200e+06   2.5756836e+01
   3.4740390e+06   2.7587891e+01
   3.4740630e+06   2.7160645e+01
   3.4740730e+06   3.1677246e+01
   3.4741070e+06   3.8940430e+01
   3.4748700e+06   3.0212402e+01
   3.4748940e+06   3.6254883e+01
   3.4749240e+06   3.2531738e+01
   3.4749900e+06   2.7832031e+01
   3.4752030e+06   2.8259277e+01
   3.5356020e+06   2.6428223e+01
   3.5356280e+06   3.5888672e+01
   3.5356390e+06   5.0537109e+01
   3.5356680e+06   3.4423828e+01
   3.5356930e+06   3.3264160e+01
   3.5357090e+06   4.1137695e+01
   3.5357490e+06   4.1992188e+01
   3.5357620e+06   3.6987305e+01
   3.5358960e+06   3.3203125e+01
   3.5359070e+06   3.7597656e+01
   3.5359690e+06   2.7160645e+01
   3.5359910e+06   2.6550293e+01
   3.5360170e+06   2.6794434e+01
   3.5361090e+06   2.5756836e+01
   3.5362410e+06   2.5878906e+01
   3.5366860e+06   2.9174805e+01
   3.5370550e+06   2.5878906e+01
   3.5370940e+06   3.3874512e+01
   3.5371200e+06   2.8869629e+01
   3.5371330e+06   2.5878906e+01
   3.5380230e+06   3.0212402e+01
   3.5380450e+06   3.5461426e+01
   3.5380610e+06   3.2714844e+01
   3.5381300e+06   2.8930664e+01
   3.5384000e+06   2.6184082e+01
   3.5388880e+06   3.4973145e+01
   3.5389210e+06   2.5878906e+01
   3.5389470e+06   2.6367187e+01
   3.5955670e+06   2.7465820e+01
   3.5955960e+06   5.4870605e+01
   3.5956120e+06   5.9936523e+01
   3.5956290e+06   7.5134277e+01
   3.5956570e+06   3.2470703e+01
   3.5956910e+06   3.9978027e+01
   3.5957060e+06   2.6794434e+01
   3.5957460e+06   2.8625488e+01
   3.5957760e+06   2.6000977e+01
   3.5958680e+06   2.7404785e+01
   3.5959150e+06   3.2714844e+01
   3.5960940e+06   2.6977539e+01
   3.5962090e+06   3.3996582e+01
   3.5963130e+06   2.6123047e+01
   3.5967150e+06   2.5695801e+01
   3.5969430e+06   2.7648926e+01
   3.5971600e+06   4.0527344e+01
   3.6590110e+06   2.8625488e+01
   3.6590890e+06   4.0405273e+01
   3.6591170e+06   5.2124023e+01
   3.6591370e+06   3.5522461e+01
   3.6591710e+06   2.8137207e+01
   3.6592010e+06   3.3813477e+01
   3.6592150e+06   2.7526855e+01
   3.6592990e+06   3.1738281e+01
   3.6593770e+06   2.9357910e+01
   3.6594550e+06   3.3447266e+01
   3.6594820e+06   3.4423828e+01
   3.6595220e+06   3.2104492e+01
   3.6595560e+06   2.5878906e+01
   3.6597710e+06   2.7770996e+01
   3.6598510e+06   2.6245117e+01
   3.6601870e+06   3.1433105e+01
   3.6602590e+06   4.6630859e+01
   3.6602990e+06   2.7282715e+01
   3.6606590e+06   3.5400391e+01
   3.6607620e+06   2.6733398e+01
   3.7095080e+06   2.7282715e+01
   3.7095270e+06   4.5043945e+01
   3.7095470e+06   5.5297852e+01
   3.7095600e+06   3.3203125e+01
   3.7095890e+06   2.6916504e+01
   3.7096040e+06   4.1564941e+01
   3.7096400e+06   3.4912109e+01
   3.7096790e+06   3.9855957e+01
   3.7101200e+06   2.5756836e+01
   3.7101880e+06   3.1005859e+01
   3.7104030e+06   2.6062012e+01
   3.7105210e+06   2.6794434e+01
   3.7105890e+06   2.9785156e+01
   3.7106060e+06   2.7832031e+01
   3.7110850e+06   2.8442383e+01
   3.7111180e+06   4.8278809e+01
   3.7111830e+06   3.3386230e+01
   3.7112400e+06   2.6245117e+01
   3.7114020e+06   2.7832031e+01
   3.7114280e+06   2.7954102e+01
   3.7117090e+06   2.8137207e+01
   3.7120440e+06   2.8137207e+01
   3.7123540e+06   2.6672363e+01
   3.7299420e+06   3.8818359e+01
   3.7299870e+06   3.2714844e+01
   3.7300140e+06   4.0222168e+01
   3.7300270e+06   5.3833008e+01
   3.7300390e+06   4.0649414e+01
   3.7300630e+06   4.0771484e+01
   3.7300840e+06   3.7780762e+01
   3.7300940e+06   4.1076660e+01
   3.7301340e+06   3.0456543e+01
   3.7301470e+06   2.5756836e+01
   3.7303110e+06   2.8259277e+01
   3.7308680e+06   2.5817871e+01
   3.7309330e+06   2.6550293e+01
   3.7313120e+06   2.7526855e+01
   3.7690470e+06   3.0700684e+01
   3.7690630e+06   3.4667969e+01
   3.7690880e+06   7.1472168e+01
   3.7691130e+06   3.1555176e+01
   3.7691400e+06   4.6203613e+01
   3.7691570e+06   3.0090332e+01
   3.7692040e+06   2.7770996e+01
   3.7694000e+06   3.7841797e+01
   3.7695190e+06   2.7221680e+01
   3.7698600e+06   2.8015137e+01
   3.7698710e+06   2.9785156e+01
   3.7702920e+06   3.3325195e+01
   3.7708320e+06   3.0029297e+01
   3.7711340e+06   2.6428223e+01
   3.7715550e+06   3.1616211e+01
   3.7719070e+06   3.4484863e+01
   3.8539880e+06   2.6000977e+01
   3.8540510e+06   3.8085938e+01
   3.8540720e+06   5.3222656e+01
   3.8540870e+06   4.3457031e+01
   3.8541080e+06   2.6306152e+01
   3.8541370e+06   3.9733887e+01
   3.8541640e+06   4.1809082e+01
   3.8542040e+06   3.0212402e+01
   3.8542390e+06   2.6367188e+01
   3.8549470e+06   2.7465820e+01
   3.9061940e+06   2.5817871e+01
   3.9070400e+06   3.8635254e+01
   3.9070550e+06   3.2958984e+01
   3.9070710e+06   3.2836914e+01
   3.9070920e+06   5.9448242e+01
   3.9071070e+06   3.4118652e+01
   3.9071300e+06   3.2958984e+01
   3.9071410e+06   3.3386230e+01
   3.9071550e+06   4.1076660e+01
   3.9072240e+06   4.8583984e+01
   3.9072440e+06   3.1433105e+01
   3.9075020e+06   2.6245117e+01
   3.9394940e+06   2.6062012e+01
   3.9764230e+06   4.8950195e+01
   3.9764470e+06   4.4799805e+01
   3.9764740e+06   3.8940430e+01
   3.9765080e+06   4.0283203e+01
   3.9765390e+06   4.2602539e+01
   3.9765510e+06   4.6264648e+01
   3.9766280e+06   2.6489258e+01
   3.9790630e+06   2.7343750e+01
   4.0585750e+06   2.6306152e+01
   4.0631210e+06   2.7587891e+01
   4.0632260e+06   3.3752441e+01
   4.0632640e+06   7.9711914e+01
   4.0633010e+06   2.7954102e+01
   4.0633180e+06   5.7678223e+01
   4.0633310e+06   3.5827637e+01
   4.0633530e+06   3.9611816e+01
   4.0634070e+06   3.4423828e+01
   4.0634820e+06   2.6062012e+01
   4.0635080e+06   3.0029297e+01
   4.1824710e+06   4.0466309e+01
   4.1826140e+06   3.1005859e+01
   4.1827370e+06   2.9235840e+01
   4.1829030e+06   3.2104492e+01
   4.1830380e+06   2.6794434e+01
   4.1831820e+06   2.5817871e+01
   4.1833260e+06   2.5939941e+01
   4.1834820e+06   2.5878906e+01
   4.1844650e+06   3.5156250e+01
   4.1845070e+06   2.7770996e+01
   4.1845230e+06   3.4118652e+01
   4.1845410e+06   3.0822754e+01
   4.1849910e+06   2.6489258e+01
   4.2044870e+06   2.9663086e+01
   4.2047150e+06   4.6386719e+01
   4.2048060e+06   3.8452148e+01
   4.2048340e+06   3.3996582e+01
   4.2470050e+06   4.0405273e+01
   4.2470190e+06   3.1127930e+01
   4.2470460e+06   2.6184082e+01
   4.2470930e+06   5.0170898e+01
   4.2471360e+06   2.8930664e+01
   4.2471870e+06   2.7160645e+01
   4.2473430e+06   2.8015137e+01
   4.2812240e+06   3.3874512e+01
   4.2812340e+06   3.9794922e+01
   4.2812690e+06   3.9672852e+01
   4.2813000e+06   3.8574219e+01
   4.2813320e+06   3.8696289e+01
   4.2957330e+06   2.7770996e+01
   4.3281680e+06   2.8808594e+01
   4.3282740e+06   3.0212402e+01
   4.3282870e+06   4.9865723e+01
   4.3283350e+06   3.4362793e+01
   4.3283820e+06   2.6794434e+01
   4.3284060e+06   2.7099609e+01
   4.3284480e+06   3.0212402e+01
   4.3868140e+06   2.6916504e+01
   4.3868750e+06   4.6142578e+01
   4.3868890e+06   2.8015137e+01
   4.3869180e+06   2.7221680e+01
   4.3869580e+06   3.4545898e+01
   4.3869760e+06   4.2297363e+01
   4.3869880e+06   3.0944824e+01
   4.3870110e+06   2.6367188e+01
   4.3870420e+06   2.8503418e+01
   4.3871060e+06   2.7648926e+01
   4.3871930e+06   2.5756836e+01
   4.4408280e+06   3.1494141e+01
   4.4409080e+06   5.7739258e+01
   4.4409290e+06   3.0822754e+01
   4.4409730e+06   3.3996582e+01
   4.4409980e+06   3.9978027e+01
   4.4410390e+06   2.6428223e+01
   4.4410590e+06   3.6926270e+01
   4.4411290e+06   2.8259277e+01
   4.4802890e+06   5.6335449e+01
   4.4803580e+06   2.7770996e+01
   4.4803910e+06   3.0029297e+01
   4.4804110e+06   2.5878906e+01
   4.4805150e+06   2.8076172e+01
   4.4806350e+06   3.0517578e+01
   4.4806810e+06   3.1005859e+01
   4.5314780e+06   3.8940430e+01
   4.5315240e+06   3.1250000e+01
   4.5315550e+06   4.3518066e+01
   4.5315680e+06   3.1188965e+01
   4.5316690e+06   3.1188965e+01
   4.5934000e+06   2.6062012e+01
   4.5934970e+06   4.2541504e+01
   4.5935860e+06   2.7587891e+01
   4.5936250e+06   3.9123535e+01
   4.5937260e+06   2.8686523e+01
   4.5937400e+06   3.2043457e+01
   4.5937960e+06   3.0334473e+01
   4.5938770e+06   3.7475586e+01
   4.5938970e+06   2.7404785e+01
   4.6262550e+06   3.0761719e+01
   4.6262740e+06   2.8198242e+01
   4.6263030e+06   3.5156250e+01
   4.6263290e+06   3.3142090e+01
   4.6263390e+06   3.1066895e+01
   4.6263860e+06   2.9479980e+01
   4.6263970e+06   3.0029297e+01
   4.6264330e+06   2.7893066e+01
   4.6264520e+06   4.4067383e+01
   4.6265240e+06   3.2043457e+01
   4.6266270e+06   2.8503418e+01
   4.6266840e+06   3.0456543e+01
   4.6267680e+06   2.9357910e+01
   4.6267920e+06   2.6123047e+01
   4.6378260e+06   3.4484863e+01
   4.6985410e+06   4.5288086e+01
   4.6986230e+06   4.2785645e+01
   4.6986520e+06   2.6245117e+01
   4.6986800e+06   3.8146973e+01
   4.6987620e+06   3.1738281e+01
   4.6987720e+06   2.8930664e+01
   4.6988120e+06   3.0578613e+01
   4.6988270e+06   2.6733398e+01
   4.6989340e+06   2.7160645e+01
   4.7211830e+06   4.7119141e+01
   4.7213040e+06   3.4667969e+01
   4.7214020e+06   3.1188965e+01
   4.7214550e+06   4.3518066e+01
   4.7216200e+06   2.6245117e+01
   4.7216450e+06   2.6855469e+01
   4.7217580e+06   2.7221680e+01
   4.7220260e+06   2.7343750e+01
   4.7568710e+06   4.3334961e+01
   4.7570390e+06   4.2053223e+01
   4.7571340e+06   2.8503418e+01
   4.7571500e+06   2.9418945e+01
   4.7572490e+06   2.6611328e+01
   4.7573060e+06   3.0517578e+01
   4.7573330e+06   2.6855469e+01
   4.7574470e+06   3.9611816e+01
   4.7576110e+06   2.8503418e+01
   4.7576210e+06   3.0761719e+01
   4.7914630e+06   5.5664063e+01
   4.7914980e+06   2.7099609e+01
   4.7916030e+06   4.8034668e+01
   4.7917490e+06   3.9428711e+01
   4.7918520e+06   2.6550293e+01
   4.7918730e+06   2.7526855e+01
   4.7919670e+06   2.8198242e+01
   4.7919950e+06   2.6428223e+01
   4.7920430e+06   2.7221680e+01
   4.9882280e+06   3.1372070e+01
   4.9882550e+06   3.7170410e+01
   4.9882770e+06   3.6560059e+01
   4.9883050e+06   4.6508789e+01
   4.9883280e+06   3.0029297e+01
   4.9883660e+06   4.4250488e+01
   4.9883960e+06   2.5756836e+01
   4.9884320e+06   3.0761719e+01
   4.9884750e+06   2.7526855e+01
   4.9884950e+06   2.8564453e+01
   4.9891610e+06   3.2226563e+01
   5.0566740e+06   2.6000977e+01
   5.0568410e+06   4.4616699e+01
   5.0570070e+06   3.6071777e+01
   5.0571830e+06   2.6000977e+01
   5.0572000e+06   3.0639648e+01
   5.0573730e+06   3.9672852e+01
   5.0851420e+06   3.0334473e+01
   5.0851730e+06   3.9550781e+01
   5.0851880e+06   4.1564941e+01
   5.0852020e+06   3.3508301e+01
   5.0852140e+06   2.9541016e+01
   5.0852260e+06   9.5886230e+01
   5.0852440e+06   3.6560059e+01
   5.0852670e+06   2.8381348e+01
   5.0852850e+06   3.3508301e+01
   5.0853770e+06   2.7587891e+01
   5.0857480e+06   2.8991699e+01
   5.0858540e+06   2.8503418e+01
   5.0859370e+06   2.7282715e+01
   5.1415290e+06   2.6977539e+01
   5.2572630e+06   4.4860840e+01
   5.2574530e+06   2.8198242e+01
   5.2576140e+06   2.6245117e+01
   5.2576640e+06   4.2358398e+01
   5.2578600e+06   3.3813477e+01
   5.2579840e+06   3.2592773e+01
   5.2580110e+06   3.6682129e+01
   5.2580650e+06   3.8330078e+01
   5.2583090e+06   2.6733398e+01
   5.3207820e+06   2.5878906e+01
   5.3683600e+06   2.6916504e+01
   5.3684100e+06   3.9123535e+01
   5.3685720e+06   4.5043945e+01
   5.3687510e+06   2.7587891e+01
   5.3864580e+06   2.7038574e+01
   5.4087220e+06   2.5817871e+01
   5.4091180e+06   4.0100098e+01
   5.4095630e+06   4.3579102e+01
   5.4098330e+06   4.6081543e+01
   5.4099830e+06   2.8625488e+01
   5.4101450e+06   3.5827637e+01
   5.4102400e+06   2.6794434e+01
   5.4104220e+06   2.5817871e+01
   5.4120190e+06   2.7282715e+01
   5.4120520e+06   2.8686523e+01
   5.4121050e+06   3.2958984e+01
   5.4121580e+06   4.0893555e+01
   5.4122660e+06   2.8991699e+01
   5.4456870e+06   2.6367188e+01
   5.4852960e+06   2.5939941e+01
   5.4853480e+06   3.5461426e+01
   5.4853680e+06   4.4372559e+01
   5.4854140e+06   2.7587891e+01
   5.4854340e+06   2.7343750e+01
   5.4857520e+06   2.6062012e+01
   5.5062210e+06   2.7832031e+01
   5.5436930e+06   2.9113770e+01
   5.5437030e+06   4.0222168e+01
   5.5437250e+06   2.6428223e+01
   5.5437550e+06   2.5756836e+01
   5.5437770e+06   2.8320313e+01
   5.5437880e+06   3.3691406e+01
   5.5438090e+06   2.9357910e+01
   5.5438290e+06   3.4606934e+01
   5.5438510e+06   3.6132813e+01
   5.5438870e+06   2.8747559e+01
   5.5439100e+06   2.6794434e+01
   5.5439210e+06   3.2531738e+01
   5.5440670e+06   2.7709961e+01
   5.6362980e+06   2.6550293e+01
   5.6365280e+06   3.8208008e+01
   5.6366640e+06   4.2785645e+01
   5.6366840e+06   3.5095215e+01
   5.6367770e+06   4.1198730e+01
   5.6367950e+06   2.7038574e+01
   5.7136010e+06   4.5471191e+01
   5.7141490e+06   5.0231934e+01
   5.7142190e+06   2.7587891e+01
   5.7146340e+06   4.2358398e+01
   5.7148320e+06   3.1127930e+01
   5.7448790e+06   2.6611328e+01
   5.8315970e+06   3.9672852e+01
   5.8317210e+06   3.6987305e+01
   5.8318360e+06   4.8217773e+01
   5.8318930e+06   2.8564453e+01
   5.8319560e+06   3.1982422e+01
   5.8320590e+06   2.6062012e+01
   5.8343590e+06   4.5837402e+01
   5.9226150e+06   3.7414551e+01
   5.9234740e+06   3.2104492e+01
   5.9236360e+06   3.3691406e+01
   5.9237190e+06   2.6916504e+01
   5.9237530e+06   2.8015137e+01
   5.9238660e+06   2.5756836e+01
   5.9239020e+06   3.1982422e+01
   5.9241190e+06   2.7709961e+01
   6.0182500e+06   4.1870117e+01
   6.0183920e+06   4.8278809e+01
   6.0184390e+06   3.0822754e+01
   6.0184950e+06   2.8320313e+01
   6.0186020e+06   2.9663086e+01
   6.0224460e+06   2.6000977e+01
   6.0224850e+06   4.2175293e+01
   6.0225640e+06   2.6000977e+01
   6.0226620e+06   3.2836914e+01
   6.0228120e+06   2.6855469e+01
   6.0229250e+06   2.8503418e+01
   6.0231130e+06   2.7770996e+01
   6.0234200e+06   2.7770996e+01
   6.1271630e+06   2.8442383e+01
   6.1272590e+06   2.8015137e+01
   6.1273170e+06   4.6264648e+01
   6.1273510e+06   2.7832031e+01
   6.1273800e+06   6.5307617e+01
   6.1274050e+06   6.6345215e+01
   6.1274160e+06   2.7282715e+01
   6.1274760e+06   2.8991699e+01
   6.1275210e+06   3.1616211e+01
   6.1275960e+06   3.0273438e+01
   6.1280720e+06   2.8381348e+01
   6.1538670e+06   2.7648926e+01
   6.1543660e+06   2.6977539e+01
   6.1543860e+06   5.3588867e+01
   6.1544010e+06   2.8686523e+01
   6.1544230e+06   5.2795410e+01
   6.1544360e+06   4.1198730e+01
   6.1544600e+06   3.6621094e+01
   6.1544870e+06   2.9479980e+01
   6.1544980e+06   5.4504395e+01
   6.1545870e+06   2.7893066e+01
   6.1549100e+06   2.7343750e+01
   6.2018730e+06   3.0273438e+01
   6.2018890e+06   3.5034180e+01
   6.2019160e+06   3.2531738e+01
   6.2019310e+06   2.8686523e+01
   6.2019690e+06   3.1433105e+01
   6.2019880e+06   3.7658691e+01
   6.2020720e+06   3.3203125e+01
   6.2021630e+06   3.1250000e+01
   6.2022900e+06   2.7038574e+01
   6.2023300e+06   3.7841797e+01
   6.2023640e+06   3.0395508e+01
   6.2024550e+06   2.8564453e+01
   6.2024790e+06   2.6000977e+01
   6.2025370e+06   2.6916504e+01
   6.2178150e+06   2.6794434e+01
   6.2399230e+06   3.2165527e+01
   6.2399380e+06   3.2165527e+01
   6.2399660e+06   5.9143066e+01
   6.2399870e+06   3.6010742e+01
   6.2400040e+06   2.8686523e+01
   6.2400140e+06   2.8564453e+01
   6.2400880e+06   3.2897949e+01
   6.2401070e+06   3.7414551e+01
   6.2402060e+06   3.9245605e+01
   6.2405210e+06   3.1311035e+01
   6.2408100e+06   2.9418945e+01
   6.2412020e+06   3.9123535e+01
   6.2412170e+06   2.6184082e+01
   6.2415810e+06   2.7343750e+01
   6.2416030e+06   2.8991699e+01
   6.2416510e+06   2.6000977e+01
   6.2419790e+06   2.7221680e+01
   6.2420830e+06   2.6123047e+01
   6.2421040e+06   2.7587891e+01
   6.2422030e+06   2.8747559e+01
   6.2426720e+06   3.1372070e+01
   6.2432040e+06   2.9602051e+01
   6.2435420e+06   4.3334961e+01
   6.3021090e+06   2.7038574e+01
   6.3021210e+06   3.2409668e+01
   6.3021440e+06   4.2175293e+01
   6.3021760e+06   7.7087402e+01
   6.3022000e+06   3.8696289e+01
   6.3022140e+06   2.8930664e+01
   6.3022350e+06   4.6936035e+01
   6.3022750e+06   3.0090332e+01
   6.3023160e+06   3.7719727e+01
   6.3023760e+06   3.1738281e+01
   6.3024120e+06   2.5878906e+01
   6.3024340e+06   3.2348633e+01
   6.3024740e+06   2.6184082e+01
   6.3038390e+06   3.2653809e+01
   6.3040250e+06   2.6794434e+01
   6.3042840e+06   3.2409668e+01
   6.3044720e+06   2.6062012e+01
   6.3047390e+06   3.3447266e+01
   6.3061110e+06   2.7221680e+01
   6.3238630e+06   2.9907227e+01
   6.3238870e+06   4.8706055e+01
   6.3239130e+06   3.1738281e+01
   6.3239310e+06   3.3874512e+01
   6.3239420e+06   4.2785645e+01
   6.3239880e+06   2.8198242e+01
   6.3240190e+06   4.2480469e+01
   6.3240790e+06   2.8686523e+01
   6.3243010e+06   2.8808594e+01
   6.3247350e+06   2.7709961e+01
   6.3247640e+06   2.6733398e+01
   6.3248650e+06   2.7709961e+01
   6.3252500e+06   2.6306152e+01
   6.3252700e+06   2.9357910e+01
   6.3257690e+06   2.7099609e+01
   6.3259180e+06   2.9907227e+01
   6.3737590e+06   2.9357910e+01
   6.3738080e+06   3.6376953e+01
   6.3738210e+06   4.1076660e+01
   6.3738370e+06   3.8696289e+01
   6.3738560e+06   6.2927246e+01
   6.3738930e+06   3.7536621e+01
   6.3739250e+06   4.6813965e+01
   6.3739580e+06   2.6733398e+01
   6.3740150e+06   3.5034180e+01
   6.3740990e+06   2.8137207e+01
   6.3742020e+06   4.0222168e+01
   6.3747320e+06   2.6245117e+01
   6.3750910e+06   2.6062012e+01
   6.3756120e+06   2.9968262e+01
   6.3762840e+06   3.2348633e+01
   6.3763230e+06   3.0761719e+01
   6.3766730e+06   2.8503418e+01
   6.3914300e+06   3.2653809e+01
   6.3914750e+06   2.8930664e+01
   6.3914870e+06   4.4311523e+01
   6.3915020e+06   6.2500000e+01
   6.3915340e+06   4.8950195e+01
   6.3915730e+06   4.2297363e+01
   6.3916400e+06   2.5817871e+01
   6.3916590e+06   2.8381348e+01
   6.3917890e+06   2.8015137e+01
   6.3920020e+06   2.6611328e+01
   6.3925740e+06   2.5939941e+01
   6.3933530e+06   3.2165527e+01
   6.3936970e+06   2.9968262e+01
   6.3939570e+06   2.8381348e+01
   6.3940960e+06   3.1005859e+01
   6.3941190e+06   3.0456543e+01
   6.3941690e+06   2.6550293e+01
   6.3944150e+06   3.1494141e+01
   6.4416860e+06   3.3752441e+01
   6.4417660e+06   5.0903320e+01
   6.4418000e+06   3.0212402e+01
   6.4418120e+06   3.9062500e+01
   6.4418320e+06   3.6987305e+01
   6.4418540e+06   2.9479980e+01
   6.4419180e+06   2.6611328e+01
   6.4419400e+06   2.9296875e+01
   6.4419900e+06   2.8137207e+01
   6.4420100e+06   3.4301758e+01
   6.4420360e+06   2.9113770e+01
   6.4421130e+06   2.7282715e+01
   6.4421410e+06   2.5817871e+01
   6.4423040e+06   2.6733398e+01
   6.4426470e+06   2.6184082e+01
   6.4429620e+06   2.6245117e+01
   6.4431030e+06   3.0212402e+01
   6.4433370e+06   2.8808594e+01
   6.4433500e+06   2.8442383e+01
   6.4434910e+06   3.0029297e+01
   6.4437670e+06   2.8747559e+01
   6.4442000e+06   3.6865234e+01
   6.4444650e+06   2.8076172e+01
   6.4891080e+06   3.0517578e+01
   6.4891820e+06   2.6855469e+01
   6.4891930e+06   4.7912598e+01
   6.4892110e+06   5.5053711e+01
   6.4892450e+06   3.3020020e+01
   6.4892660e+06   3.0639648e+01
   6.4892870e+06   4.8461914e+01
   6.4893640e+06   3.2592773e+01
   6.4894160e+06   2.7343750e+01
   6.4894570e+06   2.7404785e+01
   6.4895600e+06   3.1188965e+01
   6.4896830e+06   2.7526855e+01
   6.4908580e+06   2.6306152e+01
   6.4908940e+06   3.7597656e+01
   6.4918920e+06   2.8747559e+01
   6.4919840e+06   2.5878906e+01
   6.4923970e+06   2.8381348e+01
   6.5427220e+06   2.9907227e+01
   6.5427870e+06   2.6855469e+01
   6.5428120e+06   6.1950684e+01
   6.5428360e+06   4.0039063e+01
   6.5428750e+06   4.3395996e+01
   6.5428940e+06   3.1799316e+01
   6.5429620e+06   3.1799316e+01
   6.5429770e+06   3.3081055e+01
   6.5431920e+06   2.6733398e+01
   6.5438280e+06   2.6245117e+01
   6.5442190e+06   3.2836914e+01
   6.5450360e+06   2.7526855e+01
   6.5450670e+06   2.8442383e+01
   6.5450800e+06   3.9306641e+01
   6.5451080e+06   2.8991699e+01
   6.5452980e+06   3.3020020e+01
   6.5455920e+06   3.1860352e+01
   6.5457590e+06   3.6071777e+01
   6.5460080e+06   2.9785156e+01
   6.6002710e+06   2.6550293e+01
   6.6003340e+06   2.9663086e+01
   6.6003720e+06   2.8320313e+01
   6.6004020e+06   4.1687012e+01
   6.6004280e+06   3.0700684e+01
   6.6004550e+06   2.9357910e+01
   6.6004940e+06   4.0588379e+01
   6.6005110e+06   2.8991699e+01
   6.6005410e+06   4.4921875e+01
   6.6006530e+06   2.6916504e+01
   6.6007370e+06   3.4912109e+01
   6.6009150e+06   2.8564453e+01
   6.6009710e+06   2.6184082e+01
   6.6012480e+06   2.8503418e+01
   6.6480300e+06   2.7282715e+01
   6.6551380e+06   2.6550293e+01
   6.6552450e+06   3.3569336e+01
   6.6552630e+06   3.3142090e+01
   6.6553040e+06   2.9541016e+01
   6.6553210e+06   3.3569336e+01
   6.6553390e+06   5.0781250e+01
   6.6553760e+06   2.8503418e+01
   6.6554170e+06   4.4311523e+01
   6.6554990e+06   2.7160645e+01
   6.6555130e+06   3.0883789e+01
   6.6555630e+06   2.9296875e+01
   6.6555780e+06   2.7954102e+01
   6.6556320e+06   2.6550293e+01
   6.6563230e+06   3.1127930e+01
   6.6565950e+06   2.6794434e+01
   6.6570830e+06   4.8889160e+01
   6.6577580e+06   2.7038574e+01
   6.6578030e+06   3.3813477e+01
   6.6582100e+06   2.7465820e+01
   6.7131910e+06   3.2043457e+01
   6.7132320e+06   2.5817871e+01
   6.7132610e+06   3.3325195e+01
   6.7132790e+06   2.8503418e+01
   6.7132930e+06   3.1616211e+01
   6.7133060e+06   7.2265625e+01
   6.7133460e+06   2.5817871e+01
   6.7133610e+06   3.4973145e+01
   6.7133810e+06   5.7312012e+01
   6.7133930e+06   2.6977539e+01
   6.7134280e+06   3.4240723e+01
   6.7134590e+06   2.7587891e+01
   6.7134740e+06   2.7648926e+01
   6.7136750e+06   2.8503418e+01
   6.7136960e+06   2.8564453e+01
   6.7139470e+06   2.6977539e+01
   6.7140990e+06   3.1188965e+01
   6.7147070e+06   3.3020020e+01
   6.7147720e+06   4.0100098e+01
   6.7147870e+06   2.6916504e+01
   6.7149890e+06   2.8076172e+01
   6.7152290e+06   2.7099609e+01
   6.7152540e+06   3.4606934e+01
   6.7153150e+06   4.6875000e+01
   6.7155750e+06   2.9235840e+01
   6.7682060e+06   2.5817871e+01
   6.7700190e+06   2.8747559e+01
   6.7700960e+06   4.5715332e+01
   6.7701260e+06   4.3884277e+01
   6.7701390e+06   5.5786133e+01
   6.7701560e+06   2.7099609e+01
   6.7701700e+06   2.8320313e+01
   6.7702000e+06   2.6062012e+01
   6.7702210e+06   4.2053223e+01
   6.7702480e+06   3.2592773e+01
   6.7702980e+06   3.3020020e+01
   6.7703150e+06   2.7160645e+01
   6.7703360e+06   2.8808594e+01
   6.7705170e+06   3.7170410e+01
   6.7705460e+06   3.0639648e+01
   6.7705940e+06   3.5949707e+01
   6.7707770e+06   2.8686523e+01
   6.7711730e+06   2.8625488e+01
   6.7711880e+06   3.0761719e+01
   6.7712650e+06   2.5939941e+01
   6.7714660e+06   2.6184082e+01
   6.7717990e+06   3.4729004e+01
   6.7721730e+06   3.0883789e+01
   6.7722270e+06   2.9113770e+01
   6.7727490e+06   2.9235840e+01
   6.8278290e+06   2.6550293e+01
   6.8287720e+06   2.6916504e+01
   6.8288560e+06   2.8625488e+01
   6.8288760e+06   2.9357910e+01
   6.8288980e+06   6.0485840e+01
   6.8289260e+06   4.0527344e+01
   6.8289360e+06   2.7526855e+01
   6.8289690e+06   4.8217773e+01
   6.8289890e+06   3.0761719e+01
   6.8290260e+06   3.0029297e+01
   6.8290450e+06   3.2775879e+01
   6.8290860e+06   2.7038574e+01
   6.8292550e+06   3.2653809e+01
   6.8293790e+06   2.6794434e+01
   6.8296710e+06   3.2836914e+01
   6.8301180e+06   2.6184082e+01
   6.8301500e+06   2.6672363e+01
   6.8303920e+06   2.7770996e+01
   6.8304600e+06   3.7536621e+01
   6.8311410e+06   3.2043457e+01
   6.8311600e+06   2.6855469e+01
   6.8594120e+06   2.6184082e+01
   6.8851090e+06   2.7893066e+01
   6.8851910e+06   2.8686523e+01
   6.8852090e+06   3.0883789e+01
   6.8852370e+06   7.0800781e+01
   6.8852770e+06   3.7536621e+01
   6.8853190e+06   4.4616699e+01
   6.8853490e+06   2.7465820e+01
   6.8853940e+06   2.7221680e+01
   6.8854120e+06   4.8339844e+01
   6.8854560e+06   2.7282715e+01
   6.8854970e+06   3.1005859e+01
   6.8855420e+06   3.3691406e+01
   6.8855640e+06   2.9724121e+01
   6.8856510e+06   2.6428223e+01
   6.8857050e+06   2.6611328e+01
   6.8859590e+06   2.6428223e+01
   6.8860510e+06   2.7099609e+01
   6.8864040e+06   3.1555176e+01
   6.8864340e+06   4.4372559e+01
   6.8869240e+06   2.6123047e+01
   6.9109660e+06   4.9316406e+01
   6.9109850e+06   3.2409668e+01
   6.9110150e+06   5.1208496e+01
   6.9110380e+06   7.0434570e+01
   6.9110560e+06   3.1372070e+01
   6.9110690e+06   3.6071777e+01
   6.9110930e+06   2.7160645e+01
   6.9111120e+06   2.8137207e+01
   6.9111370e+06   3.4973145e+01
   6.9111830e+06   2.9479980e+01
   6.9112860e+06   3.1433105e+01
   6.9114320e+06   2.9541016e+01
   6.9115800e+06   2.5817871e+01
   6.9116490e+06   2.7465820e+01
   6.9118610e+06   2.6733398e+01
   6.9124110e+06   2.6550293e+01
   6.9124560e+06   2.8015137e+01
   6.9127380e+06   2.6916504e+01
   6.9127860e+06   2.9418945e+01
   6.9130580e+06   2.7099609e+01
   6.9764090e+06   3.3264160e+01
   6.9764230e+06   3.0517578e+01
   6.9764510e+06   3.3020020e+01
   6.9764700e+06   4.9255371e+01
   6.9764900e+06   3.1860352e+01
   6.9765140e+06   4.0222168e+01
   6.9765340e+06   3.0273437e+01
   6.9765440e+06   2.7587891e+01
   6.9765910e+06   3.2653809e+01
   6.9766590e+06   2.9418945e+01
   6.9766740e+06   2.9479980e+01
   6.9766840e+06   3.4057617e+01
   6.9767550e+06   2.6367188e+01
   6.9768890e+06   2.6000977e+01
   6.9769390e+06   2.8076172e+01
   6.9770030e+06   2.5878906e+01
   6.9773610e+06   3.2287598e+01
   6.9777900e+06   2.5878906e+01
   6.9778260e+06   4.7973633e+01
   6.9779680e+06   2.6794434e+01
   6.9785310e+06   3.1616211e+01
   6.9785580e+06   3.3569336e+01
   6.9785900e+06   4.3823242e+01
   6.9786350e+06   2.8564453e+01
   6.9786490e+06   2.6794434e+01
   6.9788480e+06   2.7343750e+01
   6.9792820e+06   3.0883789e+01
   6.9798340e+06   3.4912109e+01
   6.9798590e+06   2.5817871e+01
   6.9798900e+06   3.8940430e+01
   6.9799860e+06   2.8869629e+01
   6.9801340e+06   3.1921387e+01
   6.9946060e+06   2.6245117e+01
   7.0416740e+06   2.9968262e+01
   7.0417640e+06   2.7770996e+01
   7.0417880e+06   6.6650391e+01
   7.0418030e+06   3.4484863e+01
   7.0418170e+06   2.9296875e+01
   7.0418340e+06   2.7587891e+01
   7.0418540e+06   5.0781250e+01
   7.0418990e+06   2.7343750e+01
   7.0419430e+06   4.0893555e+01
   7.0419630e+06   2.8381348e+01
   7.0419950e+06   2.7648926e+01
   7.0420070e+06   2.9357910e+01
   7.0420360e+06   3.9184570e+01
   7.0421300e+06   3.5949707e+01
   7.0422210e+06   2.7160645e+01
   7.0426010e+06   2.6977539e+01
   7.0426670e+06   3.0700684e+01
   7.0428000e+06   2.6245117e+01
   7.0431180e+06   2.7404785e+01
   7.0435600e+06   3.1616211e+01
   7.0435840e+06   2.7954102e+01
   7.0436070e+06   2.6611328e+01
   7.0436570e+06   2.8076172e+01
   7.0436850e+06   2.7770996e+01
   7.0440900e+06   2.6367188e+01
   7.0441140e+06   2.6123047e+01
   7.0441330e+06   2.6794434e+01
   7.0445920e+06   2.6550293e+01
   7.0446250e+06   2.7832031e+01
   7.0446910e+06   2.9846191e+01
   7.0453610e+06   2.6916504e+01
   7.0454180e+06   3.1494141e+01
   7.0457420e+06   3.7170410e+01
   7.0997310e+06   3.2043457e+01
   7.0997550e+06   5.5908203e+01
   7.0997770e+06   5.8837891e+01
   7.0997880e+06   5.3039551e+01
   7.0998180e+06   4.0649414e+01
   7.0998340e+06   3.1311035e+01
   7.0998520e+06   3.4973145e+01
   7.0998810e+06   4.6936035e+01
   7.0999060e+06   2.7770996e+01
   7.1632450e+06   4.4067383e+01
   7.1632730e+06   4.2236328e+01
   7.1632910e+06   3.5461426e+01
   7.1633150e+06   5.8959961e+01
   7.1633450e+06   4.5654297e+01
   7.1633640e+06   2.8686523e+01
   7.1633890e+06   2.7282715e+01
   7.1634880e+06   2.8564453e+01
   7.1635060e+06   2.7954102e+01
   7.1635630e+06   2.6367188e+01
   7.1900920e+06   4.6142578e+01
   7.1901130e+06   2.7221680e+01
   7.1901480e+06   2.6306152e+01
   7.1901770e+06   3.1799316e+01
   7.1902250e+06   3.7170410e+01
   7.1902530e+06   3.0273438e+01
   7.1910640e+06   2.8137207e+01
   7.2057190e+06   2.5817871e+01
   7.2057540e+06   3.8574219e+01
   7.2058470e+06   3.9672852e+01
   7.2058670e+06   3.4484863e+01
   7.2059010e+06   2.5939941e+01
   7.2059630e+06   2.8198242e+01
   7.2213410e+06   4.8339844e+01
   7.2213870e+06   2.7954102e+01
   7.2214070e+06   2.6000977e+01
   7.2214800e+06   3.0456543e+01
   7.2215080e+06   3.6193848e+01
   7.2215190e+06   3.0395508e+01
   7.2641240e+06   5.0476074e+01
   7.2642410e+06   3.9062500e+01
   7.2642710e+06   2.6977539e+01
   7.2643320e+06   3.0395508e+01
   7.2643590e+06   2.8747559e+01
   7.2644330e+06   2.8564453e+01
   7.2644520e+06   2.6000977e+01
   7.3058370e+06   5.2856445e+01
   7.3059670e+06   4.6020508e+01
   7.3060590e+06   3.1433105e+01
   7.3061050e+06   2.7954102e+01
   7.3063030e+06   2.6000977e+01
   7.3507910e+06   2.7587891e+01
   7.3508730e+06   4.5471191e+01
   7.3509050e+06   2.9235840e+01
   7.3509200e+06   2.6794434e+01
   7.3509570e+06   3.4362793e+01
   7.3510050e+06   3.0517578e+01
   7.3510380e+06   3.1250000e+01
   7.3998190e+06   3.8269043e+01
   7.3998390e+06   2.7893066e+01
   7.3998970e+06   4.1198730e+01
   7.3999070e+06   2.9724121e+01
   7.3999300e+06   3.0822754e+01
   7.3999610e+06   2.6916504e+01
   7.4000080e+06   3.1127930e+01
   7.4002730e+06   2.6672363e+01
   7.4432720e+06   4.3151855e+01
   7.4432960e+06   2.7221680e+01
   7.4433510e+06   4.6691895e+01
   7.4433950e+06   3.1127930e+01
   7.4789970e+06   2.5817871e+01
   7.4791180e+06   4.3334961e+01
   7.4791290e+06   2.6916504e+01
   7.4791710e+06   2.8869629e+01
   7.4792160e+06   2.6794434e+01
   7.4792470e+06   5.0292969e+01
   7.4793340e+06   4.0405273e+01
   7.4793690e+06   3.0517578e+01
   7.5147080e+06   4.8950195e+01
   7.5147710e+06   3.2226563e+01
   7.5148020e+06   3.3935547e+01
   7.5148350e+06   3.3508301e+01
   7.5149500e+06   3.2104492e+01
   7.5149760e+06   2.9113770e+01
   7.5557380e+06   4.5715332e+01
   7.5558530e+06   4.0649414e+01
   7.5558760e+06   2.8686523e+01
   7.5559330e+06   2.7465820e+01
   7.5559520e+06   2.7648926e+01
   7.5559720e+06   2.8625488e+01
   7.5560430e+06   3.4484863e+01
   7.5561400e+06   2.6489258e+01
   7.6332800e+06   5.1879883e+01
   7.6333460e+06   2.8198242e+01
   7.6334030e+06   3.8452148e+01
   7.6335180e+06   4.2114258e+01
   7.6339390e+06   2.8442383e+01
   7.6854730e+06   2.6062012e+01
   8.0491320e+06   2.7465820e+01
   8.0491470e+06   3.8513184e+01
   8.0491780e+06   2.9724121e+01
   8.0492050e+06   4.8461914e+01
   8.0492410e+06   3.2226563e+01
   8.0492630e+06   2.8686523e+01
   8.0493130e+06   2.9174805e+01
   8.0494630e+06   2.8564453e+01
   8.0495580e+06   3.3691406e+01
   8.0496600e+06   2.7404785e+01
   8.0501560e+06   2.8625488e+01
   8.2636290e+06   2.5817871e+01
   8.2637740e+06   3.8635254e+01
   8.2638030e+06   3.2287598e+01
   8.2638340e+06   4.1320801e+01
   8.2638530e+06   3.7231445e+01
   8.2638760e+06   3.2592773e+01
   8.2639640e+06   2.8320313e+01
   8.2922250e+06   2.6977539e+01
   8.2923220e+06   4.7180176e+01
   8.2923970e+06   2.6733398e+01
   8.2924200e+06   5.9875488e+01
   8.2924440e+06   3.7048340e+01
   8.2924600e+06   2.7038574e+01
   8.2924840e+06   2.8198242e+01
   8.2925140e+06   3.2226563e+01
   8.2925540e+06   2.5817871e+01
   8.3546490e+06   2.6611328e+01
   8.3667850e+06   3.2104492e+01
   8.3668660e+06   7.0129395e+01
   8.3668840e+06   2.7770996e+01
   8.3669140e+06   3.1188965e+01
   8.3669500e+06   4.0588379e+01
   8.3669870e+06   2.7954102e+01
   8.4442590e+06   4.4677734e+01
   8.4443500e+06   2.7343750e+01
   8.4443660e+06   3.2653809e+01
   8.4444530e+06   3.8696289e+01
   8.4444750e+06   3.4301758e+01
   8.4445250e+06   2.8686523e+01
   8.4445550e+06   2.8259277e+01
   8.4445920e+06   3.3447266e+01
   8.5079540e+06   2.6733398e+01
   8.5082930e+06   4.5104980e+01
   8.5083910e+06   2.6062012e+01
   8.5084330e+06   4.2480469e+01
   8.5084490e+06   2.8015137e+01
   8.5084900e+06   2.8503418e+01
   8.5085160e+06   3.1860352e+01
   8.5085440e+06   2.9602051e+01
   8.5085620e+06   4.0710449e+01
   8.5085790e+06   2.9785156e+01
   8.5086030e+06   2.9479980e+01
   8.5087080e+06   2.5817871e+01
   8.5683560e+06   2.9296875e+01
   8.5805750e+06   3.8879395e+01
   8.5807980e+06   4.3395996e+01
   8.5808300e+06   2.6794434e+01
   8.5809050e+06   2.6000977e+01
   8.5810800e+06   2.9235840e+01
   8.5811470e+06   2.6123047e+01
   8.5811650e+06   2.6245117e+01
   8.5811930e+06   2.5939941e+01
   8.6192430e+06   2.7282715e+01
   8.6702180e+06   3.9428711e+01
   8.6703460e+06   3.3142090e+01
   8.6703630e+06   3.0212402e+01
   8.6704620e+06   3.1921387e+01
   8.6706040e+06   2.9174805e+01
   8.6707180e+06   2.7832031e+01
   8.6720920e+06   3.1555176e+01
   8.6722790e+06   2.9174805e+01
   8.7427510e+06   5.8654785e+01
   8.7428430e+06   3.7597656e+01
   8.7428620e+06   3.0639648e+01
   8.7428840e+06   3.2226563e+01
   8.7429040e+06   2.8747559e+01
   8.7429200e+06   2.6672363e+01
   8.8547370e+06   3.0700684e+01
   8.9638890e+06   4.3334961e+01
   8.9639130e+06   6.2377930e+01
   8.9639250e+06   5.8105469e+01
   8.9639350e+06   4.1687012e+01
   8.9639610e+06   2.7954102e+01
   8.9639980e+06   2.6062012e+01
   8.9640220e+06   2.7770996e+01
   8.9640400e+06   2.8686523e+01
   8.9640660e+06   2.9968262e+01
   8.9642060e+06   3.6560059e+01
   8.9643250e+06   2.6611328e+01
   8.9643550e+06   2.6000977e+01
   8.9644610e+06   3.0517578e+01
   8.9646600e+06   3.5522461e+01
   8.9668980e+06   2.6184082e+01
   8.9670280e+06   3.9428711e+01
   8.9672460e+06   3.6743164e+01
   8.9674650e+06   3.8208008e+01
   8.9677280e+06   3.5766602e+01
   8.9771340e+06   2.5878906e+01
   8.9822610e+06   2.7282715e+01
   8.9963600e+06   2.6367188e+01
   9.1230070e+06   3.4851074e+01
   9.1230220e+06   2.8808594e+01
   9.1230420e+06   3.0029297e+01
   9.1230730e+06   7.2631836e+01
   9.1231030e+06   4.1259766e+01
   9.1231220e+06   5.4077148e+01
   9.1231390e+06   3.1433105e+01
   9.1232350e+06   2.8808594e+01
   9.1233400e+06   2.8381348e+01
   9.1234150e+06   3.5156250e+01
   9.1235280e+06   2.6550293e+01
   9.2668900e+06   2.6794434e+01
   9.2921870e+06   4.4555664e+01
   9.2922110e+06   2.8503418e+01
   9.2922300e+06   3.8513184e+01
   9.2922580e+06   3.9855957e+01
   9.2922810e+06   3.0151367e+01
   9.2922990e+06   3.0334473e+01
   9.2923480e+06   2.9479980e+01
   9.2923630e+06   2.8930664e+01
   9.2923820e+06   4.6508789e+01
   9.2924690e+06   2.9174805e+01
   9.2924940e+06   2.6855469e+01
   9.3927560e+06   4.8767090e+01
   9.3940120e+06   4.0893555e+01
   9.4103570e+06   2.6672363e+01
   9.4108980e+06   4.2419434e+01
   9.4109720e+06   3.1311035e+01
   9.4111230e+06   3.3081055e+01
   9.4112490e+06   2.9113770e+01
   9.4112960e+06   2.5756836e+01
   9.4113560e+06   2.6611328e+01
   9.4140690e+06   3.7048340e+01
   9.4141710e+06   2.7221680e+01
   9.4141910e+06   3.4118652e+01
   9.4142140e+06   2.9968262e+01
   9.4142960e+06   2.6855469e+01
   9.4143710e+06   2.9602051e+01
   9.4295800e+06   2.8930664e+01
   9.4451690e+06   2.6306152e+01
   9.4830370e+06   4.3151855e+01
   9.4835530e+06   4.2846680e+01
   9.4835720e+06   3.7109375e+01
   9.4836030e+06   4.0710449e+01
   9.4836270e+06   5.7800293e+01
   9.4836370e+06   5.0048828e+01
   9.4836670e+06   2.6123047e+01
   9.4836920e+06   2.7221680e+01
   9.4837410e+06   2.7709961e+01
   9.4937550e+06   2.5756836e+01
   9.5715320e+06   2.6062012e+01
   9.6660630e+06   2.9357910e+01
   9.6661070e+06   2.7587891e+01
   9.6661660e+06   4.8217773e+01
   9.6662450e+06   3.7719727e+01
   9.6662670e+06   3.2897949e+01
   9.6663070e+06   2.7343750e+01
   9.6872400e+06   4.0832520e+01
   9.6873240e+06   2.6123047e+01
   9.6873420e+06   4.2785645e+01
   9.6874120e+06   2.5756836e+01
   9.6874340e+06   3.5095215e+01
   9.6875150e+06   2.5634766e+01
   9.7500080e+06   3.9184570e+01
   9.7500230e+06   2.8930664e+01
   9.7500570e+06   3.6865234e+01
   9.7501260e+06   3.3142090e+01
   9.7501580e+06   3.3630371e+01
   9.7626290e+06   2.6062012e+01
   9.8039750e+06   2.8808594e+01
   9.8466880e+06   4.3334961e+01
   9.8467180e+06   2.7832031e+01
   9.8467330e+06   5.2429199e+01
   9.8467540e+06   2.7526855e+01
   9.8467940e+06   3.4301758e+01
   9.8468170e+06   2.8930664e+01
   9.8468810e+06   2.9113770e+01
   9.8577840e+06   2.6062012e+01
   9.8661400e+06   2.5878906e+01
   9.9508050e+06   4.4677734e+01
   9.9510680e+06   5.5480957e+01
   9.9512680e+06   3.6621094e+01
   9.9513660e+06   3.1066895e+01
   9.9515310e+06   2.9846191e+01
   9.9517430e+06   2.9724121e+01
   9.9518870e+06   2.5878906e+01
   1.0011791e+07   4.4921875e+01
   1.0011864e+07   5.1269531e+01
   1.0011880e+07   4.7424316e+01
   1.0011892e+07   3.5888672e+01
   1.0011913e+07   2.5695801e+01
   1.0011935e+07   4.1748047e+01
   1.0011948e+07   3.9306641e+01
   1.0012001e+07   3.1494141e+01
   1.0012040e+07   2.8381348e+01
   1.0012139e+07   2.5878906e+01
   1.0012448e+07   2.7343750e+01
   1.0012485e+07   2.5756836e+01
   1.0028658e+07   2.9541016e+01
   1.0028676e+07   3.4790039e+01
   1.0028700e+07   4.5959473e+01
   1.0028718e+07   3.6560059e+01
   1.0028739e+07   6.3964844e+01
   1.0028767e+07   4.3518066e+01
   1.0028802e+07   3.9306641e+01
   1.0028874e+07   3.0578613e+01
   1.0028889e+07   3.4545898e+01
   1.0028937e+07   3.0517578e+01
   1.0028998e+07   2.7221680e+01
   1.0051960e+07   2.5695801e+01
   1.0055993e+07   5.7312012e+01
   1.0056018e+07   3.1982422e+01
   1.0056028e+07   3.0944824e+01
   1.0056049e+07   4.0954590e+01
   1.0056069e+07   4.1076660e+01
   1.0056080e+07   4.0649414e+01
   1.0056120e+07   3.4912109e+01
   1.0056130e+07   3.7658691e+01
   1.0056156e+07   4.9072266e+01
   1.0056216e+07   2.7221680e+01
   1.0056238e+07   2.9052734e+01
   1.0056258e+07   2.8625488e+01
   1.0056289e+07   2.9418945e+01
   1.0056487e+07   3.0700684e+01
   1.0056542e+07   2.9663086e+01
   1.0056867e+07   2.8503418e+01
   1.0056882e+07   3.2775879e+01
   1.0056946e+07   3.0334473e+01
   1.0057644e+07   2.7587891e+01
   1.0057870e+07   2.9968262e+01
   1.0106211e+07   3.0151367e+01
   1.0106252e+07   5.2124023e+01
   1.0106278e+07   5.2551270e+01
   1.0106289e+07   5.1513672e+01
   1.0106306e+07   3.4301758e+01
   1.0106349e+07   3.0212402e+01
   1.0106377e+07   3.3935547e+01
   1.0106392e+07   2.9846191e+01
   1.0106426e+07   3.0334473e+01
   1.0106453e+07   3.0639648e+01
   1.0106581e+07   2.8137207e+01
   1.0106724e+07   2.7648926e+01
   1.0107578e+07   3.0578613e+01
   1.0107907e+07   3.3264160e+01
   1.0107919e+07   3.3630371e+01
   1.0149787e+07   2.8137207e+01
   1.0149802e+07   2.7465820e+01
   1.0149830e+07   3.0273438e+01
   1.0149844e+07   3.3142090e+01
   1.0149858e+07   5.5053711e+01
   1.0149892e+07   3.6743164e+01
   1.0149908e+07   3.4484863e+01
   1.0149929e+07   2.8503418e+01
   1.0149969e+07   3.3508301e+01
   1.0149994e+07   3.7597656e+01
   1.0150019e+07   2.6306152e+01
   1.0150075e+07   2.5634766e+01
   1.0150222e+07   3.0151367e+01
   1.0150290e+07   2.7893066e+01
   1.0150376e+07   2.6977539e+01
   1.0150853e+07   2.8259277e+01
   1.0151250e+07   2.6245117e+01
   1.0151317e+07   2.6306152e+01
   1.0151720e+07   3.1738281e+01
   1.0151963e+07   2.5817871e+01
   1.0152306e+07   3.2897949e+01
   1.0152671e+07   2.8991699e+01
   1.0194655e+07   2.8991699e+01
   1.0194680e+07   2.8503418e+01
   1.0194706e+07   3.3996582e+01
   1.0194740e+07   3.2226563e+01
   1.0194751e+07   6.6528320e+01
   1.0194775e+07   3.2836914e+01
   1.0194792e+07   3.2348633e+01
   1.0194829e+07   4.3090820e+01
   1.0194907e+07   3.6315918e+01
   1.0194977e+07   2.7343750e+01
   1.0194990e+07   3.1860352e+01
   1.0195195e+07   2.6184082e+01
   1.0195261e+07   2.9968262e+01
   1.0195335e+07   3.2714844e+01
   1.0195462e+07   2.7893066e+01
   1.0195557e+07   2.9663086e+01
   1.0196167e+07   3.0639648e+01
   1.0196195e+07   3.0151367e+01
   1.0197779e+07   2.8381348e+01
   1.0198130e+07   2.6672363e+01
   1.0198159e+07   2.6611328e+01
   1.0209676e+07   3.9062500e+01
   1.0209730e+07   2.5756836e+01
   1.0209750e+07   2.7709961e+01
   1.0209780e+07   3.6560059e+01
   1.0209794e+07   2.9418945e+01
   1.0209810e+07   3.2775879e+01
   1.0209821e+07   3.2348633e+01
   1.0209852e+07   3.2592773e+01
   1.0209865e+07   2.9418945e+01
   1.0209905e+07   2.9418945e+01
   1.0209928e+07   3.2409668e+01
   1.0210126e+07   2.6062012e+01
   1.0210747e+07   2.7465820e+01
   1.0211789e+07   3.0578613e+01
   1.0212420e+07   4.2541504e+01
   1.0212682e+07   2.6977539e+01
   1.0212717e+07   2.9296875e+01
   1.0260617e+07   2.6733398e+01
   1.0260696e+07   3.7963867e+01
   1.0260722e+07   3.3142090e+01
   1.0260740e+07   5.3710938e+01
   1.0260763e+07   2.8808594e+01
   1.0260802e+07   4.2175293e+01
   1.0260814e+07   2.9785156e+01
   1.0260876e+07   3.2836914e+01
   1.0261125e+07   3.4606934e+01
   1.0261163e+07   2.5634766e+01
   1.0261961e+07   2.9052734e+01
   1.0262326e+07   2.7343750e+01
   1.0262347e+07   2.8686523e+01
   1.0262418e+07   2.5756836e+01
   1.0262462e+07   2.8320313e+01
   1.0262863e+07   3.1555176e+01
   1.0263116e+07   2.6794434e+01
   1.0263249e+07   4.0771484e+01
   1.0263551e+07   3.0578613e+01
   1.0263592e+07   2.6306152e+01
   1.0299451e+07   2.8991699e+01
   1.0299488e+07   3.0029297e+01
   1.0299512e+07   3.7109375e+01
   1.0299531e+07   4.3151855e+01
   1.0299551e+07   4.5715332e+01
   1.0299584e+07   3.7658691e+01
   1.0299627e+07   3.0700684e+01
   1.0299643e+07   2.7404785e+01
   1.0299690e+07   3.2226563e+01
   1.0299716e+07   3.1188965e+01
   1.0299758e+07   2.8320313e+01
   1.0299860e+07   2.8259277e+01
   1.0300193e+07   2.9724121e+01
   1.0300426e+07   2.5756836e+01
   1.0300528e+07   2.5634766e+01
   1.0300962e+07   2.7221680e+01
   1.0301002e+07   2.8320313e+01
   1.0301052e+07   2.5817871e+01
   1.0301077e+07   2.7587891e+01
   1.0301260e+07   2.6000977e+01
   1.0341927e+07   3.1127930e+01
   1.0341955e+07   2.7404785e+01
   1.0341968e+07   3.4057617e+01
   1.0341990e+07   3.5095215e+01
   1.0342009e+07   4.9316406e+01
   1.0342019e+07   2.6306152e+01
   1.0342031e+07   2.9785156e+01
   1.0342072e+07   2.7893066e+01
   1.0342088e+07   3.2775879e+01
   1.0342146e+07   2.5878906e+01
   1.0342161e+07   2.8320313e+01
   1.0342247e+07   3.2470703e+01
   1.0342375e+07   2.6000977e+01
   1.0342517e+07   3.3325195e+01
   1.0342685e+07   2.8564453e+01
   1.0343035e+07   3.3691406e+01
   1.0343065e+07   2.6428223e+01
   1.0343953e+07   2.5939941e+01
   1.0362790e+07   2.5817871e+01
   1.0364497e+07   3.1738281e+01
   1.0382694e+07   3.2592773e+01
   1.0382778e+07   3.5278320e+01
   1.0382800e+07   4.3151855e+01
   1.0382818e+07   3.7841797e+01
   1.0382836e+07   6.2500000e+01
   1.0382868e+07   3.1616211e+01
   1.0382912e+07   4.4433594e+01
   1.0382947e+07   2.8015137e+01
   1.0382994e+07   3.1799316e+01
   1.0383004e+07   2.7709961e+01
   1.0383077e+07   3.7048340e+01
   1.0383097e+07   2.7954102e+01
   1.0383108e+07   2.7221680e+01
   1.0383254e+07   3.2165527e+01
   1.0383290e+07   2.8076172e+01
   1.0383401e+07   2.5756836e+01
   1.0383652e+07   2.7404785e+01
   1.0383707e+07   3.1616211e+01
   1.0385159e+07   2.9541016e+01
   1.0385194e+07   3.0761719e+01
   1.0385225e+07   4.7241211e+01
   1.0406743e+07   2.6245117e+01
   1.0425199e+07   2.9113770e+01
   1.0425281e+07   2.6306152e+01
   1.0425309e+07   3.5278320e+01
   1.0425330e+07   4.3151855e+01
   1.0425347e+07   7.1044922e+01
   1.0425375e+07   3.3081055e+01
   1.0425388e+07   3.3447266e+01
   1.0425411e+07   4.2175293e+01
   1.0425487e+07   2.8442383e+01
   1.0425587e+07   2.7770996e+01
   1.0425730e+07   2.5817871e+01
   1.0425771e+07   2.6550293e+01
   1.0425831e+07   2.6916504e+01
   1.0426478e+07   2.8320313e+01
   1.0426878e+07   2.8198242e+01
   1.0426954e+07   2.7038574e+01
   1.0427521e+07   2.7099609e+01
   1.0459564e+07   3.5095215e+01
   1.0459586e+07   2.6062012e+01
   1.0459613e+07   4.9499512e+01
   1.0459630e+07   2.9296875e+01
   1.0459649e+07   3.1982422e+01
   1.0459674e+07   2.8015137e+01
   1.0459696e+07   3.4057617e+01
   1.0459725e+07   3.4667969e+01
   1.0459741e+07   3.8269043e+01
   1.0459811e+07   2.8991699e+01
   1.0459892e+07   3.0883789e+01
   1.0459965e+07   2.7282715e+01
   1.0460145e+07   2.9785156e+01
   1.0460194e+07   2.7832031e+01
   1.0460240e+07   2.7099609e+01
   1.0460450e+07   2.7160645e+01
   1.0460863e+07   2.8076172e+01
   1.0460931e+07   2.7465820e+01
   1.0461564e+07   3.2165527e+01
   1.0461582e+07   2.5695801e+01
   1.0461619e+07   3.0273438e+01
   1.0461647e+07   3.1921387e+01
   1.0461657e+07   2.6977539e+01
   1.0461900e+07   2.6245117e+01
   1.0519736e+07   3.4118652e+01
   1.0519811e+07   4.0466309e+01
   1.0519830e+07   3.0700684e+01
   1.0519858e+07   7.7941895e+01
   1.0519881e+07   2.5939941e+01
   1.0519920e+07   2.6489258e+01
   1.0519933e+07   4.3945313e+01
   1.0519962e+07   2.6733398e+01
   1.0519986e+07   3.4973145e+01
   1.0520012e+07   3.3813477e+01
   1.0520052e+07   2.8686523e+01
   1.0520097e+07   2.9357910e+01
   1.0520197e+07   3.4973145e+01
   1.0520292e+07   2.8381348e+01
   1.0520309e+07   2.7770996e+01
   1.0520445e+07   2.5756836e+01
   1.0521213e+07   2.7160645e+01
   1.0521718e+07   3.9794922e+01
   1.0521746e+07   2.5695801e+01
   1.0568978e+07   2.7465820e+01
   1.0569068e+07   2.5939941e+01
   1.0569099e+07   2.7160645e+01
   1.0569128e+07   4.2846680e+01
   1.0569140e+07   4.2358398e+01
   1.0569159e+07   2.7648926e+01
   1.0569174e+07   2.7038574e+01
   1.0569197e+07   3.3508301e+01
   1.0569220e+07   2.7893066e+01
   1.0569238e+07   2.8930664e+01
   1.0569280e+07   3.2226563e+01
   1.0569304e+07   3.6193848e+01
   1.0569481e+07   3.7353516e+01
   1.0569498e+07   2.6245117e+01
   1.0569647e+07   2.6916504e+01
   1.0570337e+07   3.4179688e+01
   1.0570348e+07   2.5878906e+01
   1.0570427e+07   2.7343750e+01
   1.0570455e+07   2.5878906e+01
   1.0570724e+07   2.5695801e+01
   1.0570828e+07   2.6977539e+01
   1.0570933e+07   2.5634766e+01
   1.0570987e+07   2.6794434e+01
   1.0571269e+07   3.1250000e+01
   1.0571323e+07   2.5817871e+01
   1.0571416e+07   3.4545898e+01
   1.0620686e+07   2.7954102e+01
   1.0620757e+07   2.8686523e+01
   1.0620767e+07   2.8015137e+01
   1.0620807e+07   3.5644531e+01
   1.0620837e+07   4.4616699e+01
   1.0620850e+07   3.0700684e+01
   1.0620868e+07   6.6284180e+01
   1.0620989e+07   3.6254883e+01
   1.0621020e+07   2.7893066e+01
   1.0621055e+07   3.3325195e+01
   1.0621148e+07   2.9479980e+01
   1.0621163e+07   2.5695801e+01
   1.0621330e+07   2.6062012e+01
   1.0621632e+07   2.6000977e+01
   1.0621717e+07   2.5695801e+01
   1.0621784e+07   2.7038574e+01
   1.0622410e+07   2.6306152e+01
   1.0622629e+07   2.7770996e+01
   1.0623001e+07   3.7841797e+01
   1.0623242e+07   2.7343750e+01
   1.0623260e+07   3.2775879e+01
   1.0623320e+07   3.3325195e+01
   1.0676332e+07   2.8137207e+01
   1.0676441e+07   2.8076172e+01
   1.0676455e+07   3.4484863e+01
   1.0676469e+07   2.7832031e+01
   1.0676484e+07   6.6528320e+01
   1.0676519e+07   3.1250000e+01
   1.0676545e+07   3.1738281e+01
   1.0676569e+07   3.9489746e+01
   1.0676661e+07   2.7282715e+01
   1.0676744e+07   3.3203125e+01
   1.0676802e+07   3.1250000e+01
   1.0676876e+07   2.6916504e+01
   1.0676908e+07   3.1738281e+01
   1.0677010e+07   2.7648926e+01
   1.0677407e+07   2.9602051e+01
   1.0677434e+07   3.5827637e+01
   1.0677627e+07   2.5695801e+01
   1.0677790e+07   2.7893066e+01
   1.0677800e+07   3.0883789e+01
   1.0678197e+07   2.8686523e+01
   1.0678231e+07   3.1127930e+01
   1.0678253e+07   3.5339355e+01
   1.0678287e+07   2.6733398e+01
   1.0679089e+07   3.0151367e+01
   1.0679126e+07   2.6794434e+01
   1.0679148e+07   3.3569336e+01
   1.0679176e+07   2.6184082e+01
   1.0679450e+07   3.2104492e+01
   1.0711641e+07   2.8015137e+01
   1.0711724e+07   3.6743164e+01
   1.0711751e+07   3.8391113e+01
   1.0711765e+07   3.9550781e+01
   1.0711784e+07   2.6123047e+01
   1.0711811e+07   4.4433594e+01
   1.0711840e+07   3.9916992e+01
   1.0711864e+07   4.4921875e+01
   1.0711890e+07   2.8808594e+01
   1.0711907e+07   2.8137207e+01
   1.0711917e+07   2.6428223e+01
   1.0711988e+07   3.5705566e+01
   1.0712105e+07   2.8442383e+01
   1.0712125e+07   2.7038574e+01
   1.0713240e+07   2.5756836e+01
   1.0713302e+07   2.7343750e+01
   1.0713529e+07   2.9602051e+01
   1.0713633e+07   3.1372070e+01
   1.0713957e+07   2.9968262e+01
   1.0751594e+07   2.6000977e+01
   1.0764250e+07   2.7038574e+01
   1.0764360e+07   4.3823242e+01
   1.0764390e+07   4.5227051e+01
   1.0764400e+07   6.7993164e+01
   1.0764421e+07   2.7343750e+01
   1.0764449e+07   3.7048340e+01
   1.0764460e+07   2.6428223e+01
   1.0764472e+07   3.2836914e+01
   1.0764495e+07   3.2775879e+01
   1.0764558e+07   2.7221680e+01
   1.0764666e+07   2.8137207e+01
   1.0764737e+07   3.1188965e+01
   1.0765267e+07   2.9479980e+01
   1.0765344e+07   2.8015137e+01
   1.0765413e+07   2.6550293e+01
   1.0765590e+07   2.6062012e+01
   1.0765682e+07   2.6306152e+01
   1.0766035e+07   3.5156250e+01
   1.0766067e+07   2.5878906e+01
   1.0766101e+07   3.3142090e+01
   1.0775582e+07   2.5817871e+01
   1.0804201e+07   2.9479980e+01
   1.0804242e+07   3.3325195e+01
   1.0804276e+07   4.8706055e+01
   1.0804315e+07   3.5461426e+01
   1.0804342e+07   4.2297363e+01
   1.0804390e+07   2.8259277e+01
   1.0804435e+07   3.7170410e+01
   1.0804465e+07   2.9235840e+01
   1.0804523e+07   2.8015137e+01
   1.0804597e+07   2.7770996e+01
   1.0804759e+07   3.4729004e+01
   1.0804791e+07   2.7404785e+01
   1.0804819e+07   2.5939941e+01
   1.0804964e+07   3.4179688e+01
   1.0805082e+07   2.6672363e+01
   1.0805274e+07   2.6245117e+01
   1.0805486e+07   3.4973145e+01
   1.0805761e+07   2.6062012e+01
   1.0806466e+07   3.2348633e+01
   1.0806522e+07   2.8564453e+01
   1.0806552e+07   4.5715332e+01
   1.0806576e+07   2.9785156e+01
   1.0807557e+07   3.4362793e+01
   1.0807579e+07   3.3752441e+01
   1.0807621e+07   3.3874512e+01
   1.0807637e+07   3.5034180e+01
   1.0808222e+07   2.5939941e+01
   1.0808279e+07   2.6184082e+01
   1.0873993e+07   2.7709961e+01
   1.0874112e+07   2.6062012e+01
   1.0874143e+07   4.5104980e+01
   1.0874168e+07   3.4729004e+01
   1.0874194e+07   5.1940918e+01
   1.0874204e+07   6.3537598e+01
   1.0874233e+07   4.0039063e+01
   1.0874266e+07   4.0466309e+01
   1.0874285e+07   3.7475586e+01
   1.0874299e+07   2.6550293e+01
   1.0874344e+07   2.8930664e+01
   1.0874370e+07   2.6184082e+01
   1.0874429e+07   2.5817871e+01
   1.0874628e+07   2.8564453e+01
   1.0874708e+07   2.6977539e+01
   1.0874729e+07   2.8442383e+01
   1.0875451e+07   2.8076172e+01
   1.0875485e+07   3.7963867e+01
   1.0875532e+07   2.6916504e+01
   1.0875563e+07   3.4729004e+01
   1.0876520e+07   3.4362793e+01
   1.0876564e+07   3.1860352e+01
   1.0937121e+07   2.8015137e+01
   1.0937257e+07   3.1127930e+01
   1.0937290e+07   3.9489746e+01
   1.0937313e+07   4.1564941e+01
   1.0937330e+07   2.9846191e+01
   1.0937347e+07   3.3508301e+01
   1.0937360e+07   3.1799316e+01
   1.0937442e+07   2.8076172e+01
   1.0937457e+07   3.2104492e+01
   1.0937479e+07   2.6123047e+01
   1.0937547e+07   2.9357910e+01
   1.0937567e+07   2.8259277e+01
   1.0937598e+07   2.6428223e+01
   1.0937666e+07   2.7282715e+01
   1.0937827e+07   2.6611328e+01
   1.0937931e+07   2.8137207e+01
   1.0938043e+07   2.9724121e+01
   1.0938328e+07   2.6184082e+01
   1.0938369e+07   2.7526855e+01
   1.0938804e+07   2.9785156e+01
   1.0938820e+07   3.0212402e+01
   1.0938889e+07   3.0273438e+01
   1.0939363e+07   3.8452148e+01
   1.0939904e+07   2.5817871e+01
   1.0939932e+07   4.8889160e+01
   1.0939973e+07   2.5634766e+01
   1.0940100e+07   4.3640137e+01
   1.0940859e+07   2.8747559e+01
   1.0940886e+07   2.8015137e+01
   1.0940898e+07   2.9541016e+01
   1.0940971e+07   3.4179688e+01
   1.0941230e+07   2.6367188e+01
   1.0969857e+07   2.5939941e+01
   1.0969952e+07   3.2104492e+01
   1.0969973e+07   2.6977539e+01
   1.0969985e+07   3.9978027e+01
   1.0970012e+07   6.2255859e+01
   1.0970031e+07   3.1005859e+01
   1.0970057e+07   3.3691406e+01
   1.0970114e+07   4.0405273e+01
   1.0970130e+07   3.0700684e+01
   1.0970212e+07   2.9113770e+01
   1.0970242e+07   2.7770996e+01
   1.0970290e+07   2.5634766e+01
   1.0970333e+07   2.9357910e+01
   1.0970390e+07   2.5756836e+01
   1.0970473e+07   2.5695801e+01
   1.0970527e+07   3.0029297e+01
   1.0970731e+07   3.0578613e+01
   1.0970921e+07   2.6062012e+01
   1.0971314e+07   2.6367188e+01
   1.0971338e+07   2.9724121e+01
   1.0971534e+07   2.5817871e+01
   1.0971646e+07   2.7404785e+01
   1.0971786e+07   3.0090332e+01
   1.0972123e+07   2.7221680e+01
   1.0972187e+07   3.1005859e+01
   1.0972237e+07   2.7832031e+01
   1.0972794e+07   3.4912109e+01
   1.1032146e+07   2.9541016e+01
   1.1032251e+07   2.9357910e+01
   1.1032264e+07   2.7282715e+01
   1.1032293e+07   3.4423828e+01
   1.1032315e+07   3.7841797e+01
   1.1032335e+07   3.6315918e+01
   1.1032358e+07   3.4057617e+01
   1.1032401e+07   3.2531738e+01
   1.1032442e+07   2.6977539e+01
   1.1032458e+07   3.4606934e+01
   1.1032516e+07   2.6428223e+01
   1.1032528e+07   3.8085938e+01
   1.1032601e+07   2.7893066e+01
   1.1032669e+07   2.6794434e+01
   1.1032691e+07   2.8503418e+01
   1.1032774e+07   3.1799316e+01
   1.1032818e+07   2.6611328e+01
   1.1033123e+07   3.5766602e+01
   1.1033204e+07   2.9235840e+01
   1.1033467e+07   2.6855469e+01
   1.1033520e+07   3.0334473e+01
   1.1033545e+07   2.8137207e+01
   1.1033560e+07   3.3386230e+01
   1.1034179e+07   3.5095215e+01
   1.1034210e+07   2.9907227e+01
   1.1034237e+07   3.6804199e+01
   1.1034825e+07   3.4240723e+01
   1.1034875e+07   3.2226563e+01
   1.1034899e+07   2.5634766e+01
   1.1034969e+07   2.9296875e+01
   1.1035218e+07   2.8198242e+01
   1.1035319e+07   2.6794434e+01
   1.1035329e+07   2.8686523e+01
   1.1035418e+07   2.6489258e+01
   1.1068070e+07   2.5817871e+01
   1.1117451e+07   2.6855469e+01
   1.1117520e+07   2.6184082e+01
   1.1117576e+07   2.7160645e+01
   1.1117630e+07   3.5766602e+01
   1.1117645e+07   2.6000977e+01
   1.1117670e+07   4.9438477e+01
   1.1117684e+07   3.5888672e+01
   1.1117708e+07   3.3935547e+01
   1.1117740e+07   3.7902832e+01
   1.1117751e+07   3.9245605e+01
   1.1117774e+07   2.9418945e+01
   1.1117790e+07   2.6245117e+01
   1.1117837e+07   3.9794922e+01
   1.1117921e+07   2.7221680e+01
   1.1118209e+07   2.5634766e+01
   1.1118340e+07   2.6611328e+01
   1.1202956e+07   2.7954102e+01
   1.1202990e+07   2.9113770e+01
   1.1203023e+07   3.1372070e+01
   1.1203040e+07   4.3518066e+01
   1.1203071e+07   3.6132813e+01
   1.1203092e+07   3.1860352e+01
   1.1203122e+07   3.1311035e+01
   1.1203150e+07   2.9296875e+01
   1.1203195e+07   3.9672852e+01
   1.1203211e+07   2.7648926e+01
   1.1203244e+07   2.7832031e+01
   1.1203258e+07   2.6550293e+01
   1.1203747e+07   2.6000977e+01
   1.1256624e+07   2.6123047e+01
   1.1271992e+07   3.4973145e+01
   1.1272116e+07   4.5959473e+01
   1.1272134e+07   2.5878906e+01
   1.1272161e+07   3.7292480e+01
   1.1272191e+07   5.4809570e+01
   1.1272216e+07   3.9672852e+01
   1.1272235e+07   3.4118652e+01
   1.1272254e+07   3.1860352e+01
   1.1272282e+07   4.0771484e+01
   1.1272301e+07   3.6865234e+01
   1.1283508e+07   2.7709961e+01
   1.1293273e+07   3.7780762e+01
   1.1293586e+07   3.5644531e+01
   1.1293787e+07   4.0649414e+01
   1.1309267e+07   2.6428223e+01
   1.1399049e+07   2.7404785e+01
   1.1719713e+07   2.6855469e+01
   1.1719833e+07   5.4260254e+01
   1.1719850e+07   3.0334473e+01
   1.1719869e+07   3.7536621e+01
   1.1719893e+07   3.7048340e+01
   1.1719921e+07   2.8320313e+01
   1.1720003e+07   2.5817871e+01
   1.1720087e+07   3.0700684e+01
   1.1720190e+07   2.6611328e+01
   1.1720392e+07   2.5817871e+01
   1.1786227e+07   3.2531738e+01
   1.1786249e+07   5.9997559e+01
   1.1786278e+07   3.2897949e+01
   1.1786362e+07   2.5634766e+01
   1.1786401e+07   3.1860352e+01
   1.1786437e+07   2.6611328e+01
   1.1786465e+07   2.8442383e+01
   1.1838212e+07   3.4790039e+01
   1.1838234e+07   3.6865234e+01
   1.1838275e+07   3.2897949e+01
   1.1838297e+07   3.4118652e+01
   1.1838325e+07   4.1687012e+01
   1.1838362e+07   2.8930664e+01
   1.1838402e+07   2.6367188e+01
   1.1889798e+07   3.0639648e+01
   1.1889811e+07   4.0588379e+01
   1.1889824e+07   3.2775879e+01
   1.1889868e+07   3.6865234e+01
   1.1889902e+07   4.2419434e+01
   1.1889919e+07   2.7587891e+01
   1.1889977e+07   4.0649414e+01
   1.1933725e+07   3.5461426e+01
   1.1933810e+07   3.4790039e+01
   1.1933937e+07   2.7099609e+01
   1.1933953e+07   2.5878906e+01
   1.1934069e+07   3.1677246e+01
   1.1934116e+07   2.6611328e+01
   1.1934180e+07   2.8381348e+01
   1.1978987e+07   2.6611328e+01
   1.1979062e+07   4.0405273e+01
   1.1979112e+07   3.2775879e+01
   1.1979124e+07   3.2836914e+01
   1.1979153e+07   4.3823242e+01
   1.1979169e+07   3.3508301e+01
   1.1979213e+07   2.9846191e+01
   1.1979292e+07   3.2714844e+01
