   1.1999000e+07   0.0000000e+00
   1.2300900e+05   1.3916016e+01
   1.3588500e+05   1.3671875e+01
   1.4781500e+05   1.5930176e+01
   1.4785100e+05   1.5502930e+01
   3.6950200e+05   1.3427734e+01
   8.7893900e+05   1.3549805e+01
   9.5922800e+05   1.3488770e+01
   1.1272340e+06   1.8676758e+01
   1.6417420e+06   1.3427734e+01
   1.6425770e+06   1.3549805e+01
   1.6470650e+06   1.6906738e+01
   1.6505530e+06   1.4160156e+01
   1.8837660e+06   1.3488770e+01
   2.2499400e+06   1.3793945e+01
   2.6355940e+06   1.3427734e+01
   2.8065700e+06   1.3916016e+01
   2.8216070e+06   1.4282227e+01
   3.0978210e+06   1.3977051e+01
   3.4698110e+06   1.3366699e+01
   3.4794920e+06   1.3366699e+01
   3.5374620e+06   1.3244629e+01
   4.1590440e+06   1.3427734e+01
   4.4528600e+06   1.3977051e+01
   4.6517980e+06   1.3793945e+01
   4.6531630e+06   1.4831543e+01
   4.6533110e+06   1.3244629e+01
   4.6534990e+06   1.3244629e+01
   4.6543290e+06   1.4465332e+01
   4.7052360e+06   1.3305664e+01
   4.7844140e+06   1.3366699e+01
   5.1609620e+06   1.4465332e+01
   5.2114520e+06   1.3244629e+01
   6.1979400e+06   1.3061523e+01
   6.4045530e+06   1.3549805e+01
   6.4291870e+06   1.3244629e+01
   6.5759300e+06   1.3366699e+01
   6.6951260e+06   1.3000488e+01
   6.7400730e+06   1.3061523e+01
   7.1499090e+06   1.3122559e+01
   7.2688250e+06   1.2939453e+01
   7.3203840e+06   1.3305664e+01
   7.4606990e+06   1.4221191e+01
   7.9778950e+06   1.3793945e+01
   8.3844760e+06   1.3732910e+01
   8.9423370e+06   1.3000488e+01
   9.1413380e+06   1.3977051e+01
   9.1420260e+06   1.3244629e+01
   9.7893880e+06   1.3488770e+01
   9.9013800e+06   1.3183594e+01
   1.0614135e+07   1.3122559e+01
   1.1561217e+07   1.3488770e+01
