   1.1999000e+07   0.0000000e+00
   4.0540000e+03   2.8930664e+01
   2.3621000e+04   4.0954590e+01
   2.3739000e+04   3.2104492e+01
   2.3792000e+04   3.2165527e+01
   2.3977000e+04   2.8320313e+01
   2.4127000e+04   3.0761719e+01
   2.4253000e+04   3.6071777e+01
   2.4323000e+04   3.0822754e+01
   2.4373000e+04   2.8076172e+01
   2.4404000e+04   3.4118652e+01
   2.4449000e+04   5.6091309e+01
   2.4514000e+04   2.8381348e+01
   2.4547000e+04   2.7526855e+01
   2.4566000e+04   3.8513184e+01
   2.4649000e+04   2.8015137e+01
   2.4788000e+04   2.8991699e+01
   8.4555000e+04   4.0161133e+01
   8.4647000e+04   2.7832031e+01
   8.4691000e+04   2.9968262e+01
   8.4740000e+04   3.2165527e+01
   8.4805000e+04   7.3303223e+01
   8.4821000e+04   3.4790039e+01
   8.4877000e+04   6.7077637e+01
   8.4908000e+04   3.8452148e+01
   8.4931000e+04   3.2104492e+01
   8.4947000e+04   5.4016113e+01
   8.4972000e+04   5.4321289e+01
   8.4999000e+04   3.2348633e+01
   8.5039000e+04   2.7160645e+01
   1.3244500e+05   3.1005859e+01
   1.3254100e+05   2.8137207e+01
   1.3262300e+05   3.0700684e+01
   1.3273100e+05   2.8259277e+01
   1.3283000e+05   2.9602051e+01
   1.3284900e+05   3.2836914e+01
   1.3297400e+05   3.1127930e+01
   1.3305000e+05   2.8320313e+01
   1.3319400e+05   3.7536621e+01
   1.3321400e+05   3.4790039e+01
   1.3324000e+05   3.5766602e+01
   1.3328900e+05   3.8940430e+01
   1.3331200e+05   3.0029297e+01
   1.3438700e+05   2.8198242e+01
   1.7346800e+05   2.8442383e+01
   1.7611700e+05   3.1066895e+01
   1.7624400e+05   2.7099609e+01
   1.7626300e+05   3.7597656e+01
   1.7637800e+05   4.2724609e+01
   1.7648900e+05   3.4851074e+01
   1.7674500e+05   3.2836914e+01
   1.7682800e+05   2.7404785e+01
   1.7685500e+05   2.8381348e+01
   1.7693300e+05   3.3386230e+01
   1.7700600e+05   2.7282715e+01
   2.1481200e+05   2.9113770e+01
   2.1489700e+05   3.3447266e+01
   2.1494000e+05   3.0456543e+01
   2.1503700e+05   3.7780762e+01
   2.1516400e+05   3.0456543e+01
   2.1518700e+05   2.7160645e+01
   2.1525700e+05   2.7282715e+01
   2.1532300e+05   3.5461426e+01
   2.1541300e+05   2.7282715e+01
   2.1544900e+05   3.2043457e+01
   2.1552300e+05   3.0883789e+01
   2.1561200e+05   3.8085938e+01
   2.1562500e+05   3.0944824e+01
   2.1568100e+05   3.1555176e+01
   2.1589300e+05   2.8198242e+01
   2.6645600e+05   3.7658691e+01
   2.6662900e+05   3.9428711e+01
   2.6684300e+05   3.6743164e+01
   2.6688000e+05   3.7231445e+01
   2.6700600e+05   3.3874512e+01
   2.6712200e+05   2.9479980e+01
   2.6721300e+05   2.9052734e+01
   2.6723300e+05   3.7475586e+01
   2.6726000e+05   2.7893066e+01
   2.6734900e+05   2.8076172e+01
   2.6737800e+05   5.0109863e+01
   2.6740300e+05   3.1250000e+01
   2.6745300e+05   3.3447266e+01
   3.0231900e+05   3.1860352e+01
   3.0235000e+05   3.3508301e+01
   3.0237000e+05   7.8674316e+01
   3.0238400e+05   3.6193848e+01
   3.0241000e+05   6.1706543e+01
   3.0242600e+05   4.5349121e+01
   3.0246400e+05   4.1625977e+01
   3.0249100e+05   3.1799316e+01
   3.0250600e+05   3.9978027e+01
   3.0256500e+05   2.8747559e+01
   3.0258400e+05   2.8015137e+01
   3.0305300e+05   2.7465820e+01
   3.0308700e+05   2.7526855e+01
   3.5124600e+05   2.9418945e+01
   3.5130100e+05   2.8076172e+01
   3.5131600e+05   4.7973633e+01
   3.5133500e+05   4.2053223e+01
   3.5136200e+05   3.2409668e+01
   3.5137600e+05   7.9223633e+01
   3.5139900e+05   3.8391113e+01
   3.5142200e+05   2.7099609e+01
   3.5143200e+05   3.1066895e+01
   3.5146300e+05   3.1250000e+01
   3.5150100e+05   2.9663086e+01
   3.5151100e+05   3.4118652e+01
   3.5158900e+05   2.7954102e+01
   3.9501100e+05   2.9663086e+01
   3.9503300e+05   2.8381348e+01
   3.9509200e+05   2.7526855e+01
   3.9512400e+05   5.6335449e+01
   3.9516300e+05   7.0068359e+01
   3.9518100e+05   4.1931152e+01
   3.9520100e+05   3.1921387e+01
   3.9521700e+05   5.5236816e+01
   3.9522800e+05   3.1250000e+01
   3.9525800e+05   4.4128418e+01
   3.9528300e+05   3.4973145e+01
   3.9530400e+05   3.8269043e+01
   3.9532300e+05   4.2907715e+01
   3.9534800e+05   3.5400391e+01
   3.9536000e+05   3.4240723e+01
   3.9537600e+05   2.7282715e+01
   3.9539700e+05   2.8137207e+01
   3.9550700e+05   3.2043457e+01
   3.9560100e+05   3.0883789e+01
   4.3793100e+05   2.8564453e+01
   4.3797900e+05   3.6804199e+01
   4.3799400e+05   9.3322754e+01
   4.3801700e+05   3.4484863e+01
   4.3803300e+05   6.3537598e+01
   4.3805500e+05   3.3447266e+01
   4.3808000e+05   3.7536621e+01
   4.3809700e+05   2.9663086e+01
   4.3811300e+05   2.9296875e+01
   4.3815600e+05   2.9174805e+01
   4.3819000e+05   3.0944824e+01
   4.3820700e+05   2.7343750e+01
   4.3828500e+05   3.2226563e+01
   4.3843000e+05   2.7404785e+01
   4.3875800e+05   2.8015137e+01
   4.5514500e+05   2.7832031e+01
   4.8542700e+05   2.7404785e+01
   4.8764200e+05   3.0029297e+01
   4.8770000e+05   3.3325195e+01
   4.8772500e+05   6.2011719e+01
   4.8774100e+05   3.0700684e+01
   4.8776400e+05   4.7546387e+01
   4.8778500e+05   4.9499512e+01
   4.8783500e+05   3.2409668e+01
   4.8786200e+05   2.8808594e+01
   4.8792500e+05   2.8686523e+01
   4.8795000e+05   2.7770996e+01
   4.8819300e+05   2.8442383e+01
   5.3745500e+05   3.1433105e+01
   5.3749700e+05   2.8076172e+01
   5.3757300e+05   3.6010742e+01
   5.3759100e+05   8.2702637e+01
   5.3762700e+05   5.4992676e+01
   5.3764700e+05   3.6987305e+01
   5.3767800e+05   2.8320313e+01
   5.3769900e+05   3.5156250e+01
   5.3771000e+05   4.5227051e+01
   5.3773800e+05   3.7292480e+01
   5.3775900e+05   2.8503418e+01
   5.3778000e+05   3.0883789e+01
   5.3791400e+05   3.0029297e+01
   5.3809200e+05   3.3874512e+01
   5.8841700e+05   2.8991699e+01
   5.8846300e+05   3.0517578e+01
   5.8850700e+05   2.9357910e+01
   5.8854400e+05   3.2348633e+01
   5.8855400e+05   3.2897949e+01
   5.8856900e+05   5.2917480e+01
   5.8859900e+05   4.5715332e+01
   5.8861800e+05   3.3691406e+01
   5.8863500e+05   3.0395508e+01
   5.8865600e+05   2.7160645e+01
   5.8867700e+05   4.8522949e+01
   5.8868700e+05   3.9306641e+01
   5.8879200e+05   3.1982422e+01
   5.8898500e+05   2.8442383e+01
   5.8904400e+05   2.9113770e+01
   6.4545000e+05   2.8625488e+01
   6.4553600e+05   3.5034180e+01
   6.4564900e+05   4.1015625e+01
   6.4568100e+05   3.5095215e+01
   6.4569100e+05   6.5795898e+01
   6.4572100e+05   4.4677734e+01
   6.4573200e+05   4.1503906e+01
   6.4575500e+05   2.9663086e+01
   6.4579100e+05   2.7893066e+01
   6.4581200e+05   3.4240723e+01
   6.4584700e+05   3.0334473e+01
   6.4586400e+05   2.9602051e+01
   6.4596200e+05   3.1066895e+01
   6.4604400e+05   3.0578613e+01
   6.9452200e+05   3.3752441e+01
   6.9464100e+05   3.6865234e+01
   6.9467400e+05   3.7902832e+01
   6.9471400e+05   2.9174805e+01
   6.9472900e+05   2.9785156e+01
   6.9476200e+05   4.7058105e+01
   6.9477400e+05   8.1420898e+01
   6.9482400e+05   2.7954102e+01
   6.9487800e+05   3.7841797e+01
   6.9490700e+05   2.8930664e+01
   6.9493200e+05   3.4179688e+01
   6.9494500e+05   3.4179688e+01
   6.9516500e+05   3.3020020e+01
   6.9604000e+05   2.7221680e+01
   7.6341700e+05   3.3569336e+01
   7.6347400e+05   2.7343750e+01
   7.6355900e+05   3.9001465e+01
   7.6358000e+05   5.4382324e+01
   7.6361200e+05   2.7648926e+01
   7.6364500e+05   6.4514160e+01
   7.6367500e+05   4.1687012e+01
   7.6369000e+05   3.1860352e+01
   7.6374200e+05   2.8442383e+01
   7.6375700e+05   3.2287598e+01
   7.6377300e+05   4.0039063e+01
   7.6380900e+05   2.7526855e+01
   7.6382300e+05   2.7343750e+01
   7.6388200e+05   3.0151367e+01
   9.0185200e+05   3.5888672e+01
   9.0189000e+05   2.7954102e+01
   9.0205700e+05   2.9846191e+01
   9.0221600e+05   3.2104492e+01
   9.0227100e+05   4.8278809e+01
   9.0234200e+05   2.7465820e+01
   9.0242100e+05   3.4179688e+01
   9.0248800e+05   2.9907227e+01
   9.0262500e+05   2.8686523e+01
   9.0278200e+05   2.8625488e+01
   9.0287000e+05   2.7709961e+01
   1.1112250e+06   2.7343750e+01
   1.1161900e+06   3.6254883e+01
   1.1213220e+06   3.4057617e+01
   1.1213990e+06   2.7770996e+01
   1.1214900e+06   7.4340820e+01
   1.1215030e+06   4.2846680e+01
   1.1215290e+06   4.7790527e+01
   1.1215670e+06   3.6315918e+01
   1.1215920e+06   3.8757324e+01
   1.1216160e+06   3.2836914e+01
   1.1216670e+06   2.8259277e+01
   1.1216920e+06   2.9357910e+01
   1.1228980e+06   2.9235840e+01
   1.1798530e+06   2.9357910e+01
   1.1799520e+06   2.8137207e+01
   1.1799860e+06   3.2714844e+01
   1.1800340e+06   2.9541016e+01
   1.1800440e+06   8.6364746e+01
   1.1800680e+06   3.6010742e+01
   1.1800950e+06   4.9255371e+01
   1.1801430e+06   4.7912598e+01
   1.1801700e+06   2.9785156e+01
   1.1801930e+06   3.1066895e+01
   1.1802100e+06   4.5898438e+01
   1.1802220e+06   2.8259277e+01
   1.1802450e+06   3.0700684e+01
   1.1802680e+06   2.9357910e+01
   1.1803270e+06   2.8442383e+01
   1.1803810e+06   2.7648926e+01
   1.1804130e+06   2.8381348e+01
   1.1806870e+06   2.7893066e+01
   1.1811960e+06   2.7221680e+01
   1.2491600e+06   3.7353516e+01
   1.2494020e+06   4.4372559e+01
   1.2495690e+06   3.3691406e+01
   1.2496360e+06   2.7770996e+01
   1.2496490e+06   3.9001465e+01
   1.2499200e+06   2.9846191e+01
   1.2499500e+06   3.3813477e+01
   1.2500840e+06   2.7954102e+01
   1.2502400e+06   3.3264160e+01
   1.2503350e+06   2.7160645e+01
   1.3498780e+06   2.8686523e+01
   1.3499640e+06   2.7648926e+01
   1.3526610e+06   2.8503418e+01
   1.3526750e+06   4.0954590e+01
   1.3529700e+06   3.0578613e+01
   1.3751380e+06   3.6560059e+01
   1.3868670e+06   2.7832031e+01
   1.4579200e+06   3.0029297e+01
   1.4580570e+06   3.6987305e+01
   1.4581920e+06   2.7160645e+01
   1.4583820e+06   2.7282715e+01
   1.8424240e+06   3.4118652e+01
   1.8424610e+06   4.4799805e+01
   1.8424730e+06   4.7424316e+01
   1.8425000e+06   5.5603027e+01
   1.8425260e+06   3.3752441e+01
   1.8425420e+06   4.1320801e+01
   1.8425710e+06   3.3386230e+01
   1.8426170e+06   3.1250000e+01
   1.8426300e+06   4.3579102e+01
   1.8426540e+06   3.7719727e+01
   1.8426850e+06   3.2348633e+01
   1.8430370e+06   2.7648926e+01
   1.8436140e+06   2.7221680e+01
   1.8644540e+06   4.1870117e+01
   1.8645190e+06   2.7343750e+01
   1.8646170e+06   3.1127930e+01
   1.8646650e+06   3.0700684e+01
   1.8646760e+06   2.8808594e+01
   1.8646990e+06   3.0334473e+01
   1.8647200e+06   5.2124023e+01
   1.8647600e+06   3.9367676e+01
   1.8647790e+06   7.0678711e+01
   1.8648090e+06   3.7475586e+01
   1.8648390e+06   2.9113770e+01
   1.8648620e+06   3.1433105e+01
   1.8648860e+06   4.1137695e+01
   1.8649280e+06   3.0456543e+01
   1.8649600e+06   3.3020020e+01
   1.8651070e+06   2.8259277e+01
   1.9347780e+06   2.9052734e+01
   1.9349400e+06   3.3325195e+01
   1.9349590e+06   6.4331055e+01
   1.9349760e+06   3.3447266e+01
   1.9350030e+06   5.9997559e+01
   1.9350180e+06   3.1127930e+01
   1.9350380e+06   4.4250488e+01
   1.9350500e+06   3.4606934e+01
   1.9350810e+06   4.0283203e+01
   1.9350980e+06   3.6804199e+01
   1.9351200e+06   3.1066895e+01
   1.9351550e+06   3.8330078e+01
   1.9351890e+06   2.7587891e+01
   1.9352280e+06   2.8076172e+01
   1.9354040e+06   3.5583496e+01
   1.9902370e+06   2.9968262e+01
   1.9902700e+06   7.2814941e+01
   1.9902830e+06   5.2307129e+01
   1.9903050e+06   5.1208496e+01
   1.9903280e+06   4.6325684e+01
   1.9903610e+06   3.2714844e+01
   1.9903740e+06   3.8208008e+01
   1.9904000e+06   3.2470703e+01
   1.9904520e+06   2.9602051e+01
   1.9906820e+06   2.8015137e+01
   1.9907190e+06   3.3630371e+01
   2.0387000e+06   6.2072754e+01
   2.0387150e+06   2.7648926e+01
   2.0387370e+06   5.3100586e+01
   2.0387590e+06   4.3029785e+01
   2.0387810e+06   4.6875000e+01
   2.0388130e+06   3.3874512e+01
   2.0388810e+06   3.1372070e+01
   2.0392520e+06   2.7648926e+01
   2.0858120e+06   5.6518555e+01
   2.0858270e+06   7.1716309e+01
   2.0858640e+06   5.8837891e+01
   2.0858850e+06   3.5705566e+01
   2.0859170e+06   2.7343750e+01
   2.0859520e+06   2.7160645e+01
   2.0859730e+06   2.7526855e+01
   2.0860440e+06   2.9174805e+01
   2.0860630e+06   2.9235840e+01
   2.0862020e+06   2.9663086e+01
   2.1349740e+06   4.4555664e+01
   2.1349950e+06   2.9541016e+01
   2.1350310e+06   7.0495605e+01
   2.1350430e+06   4.0588379e+01
   2.1350760e+06   6.2744141e+01
   2.1351000e+06   4.3701172e+01
   2.1351140e+06   3.1250000e+01
   2.1351400e+06   5.6762695e+01
   2.1351570e+06   3.1188965e+01
   2.1351830e+06   2.8015137e+01
   2.1352060e+06   2.8076172e+01
   2.1352220e+06   3.5461426e+01
   2.1352700e+06   3.1860352e+01
   2.1353270e+06   3.0761719e+01
   2.1353710e+06   2.8991699e+01
   2.1355100e+06   2.7160645e+01
   2.1358140e+06   2.9541016e+01
   2.1358530e+06   3.3020020e+01
   2.1815960e+06   2.7832031e+01
   2.1816600e+06   6.4941406e+01
   2.1816750e+06   2.7526855e+01
   2.1816960e+06   7.1472168e+01
   2.1817130e+06   4.1381836e+01
   2.1817420e+06   2.8991699e+01
   2.1817720e+06   3.8269043e+01
   2.1818390e+06   2.9968262e+01
   2.1819280e+06   2.7465820e+01
   2.1819880e+06   3.0944824e+01
   2.1820120e+06   3.0639648e+01
   2.1837220e+06   2.8259277e+01
   2.2152420e+06   2.7160645e+01
   2.2153360e+06   2.7893066e+01
   2.2153680e+06   2.7404785e+01
   2.2154360e+06   2.8808594e+01
   2.2154640e+06   4.1137695e+01
   2.2154930e+06   6.8725586e+01
   2.2155060e+06   3.1921387e+01
   2.2155310e+06   2.7160645e+01
   2.2155420e+06   5.4748535e+01
   2.2155660e+06   3.3569336e+01
   2.2155860e+06   5.2612305e+01
   2.2156110e+06   3.3874512e+01
   2.2156240e+06   3.0212402e+01
   2.2156500e+06   2.9541016e+01
   2.2156820e+06   2.8991699e+01
   2.2157420e+06   2.7648926e+01
   2.2157770e+06   2.8442383e+01
   2.2158400e+06   3.1494141e+01
   2.2159030e+06   3.0639648e+01
   2.2159540e+06   2.7832031e+01
   2.2159850e+06   2.7648926e+01
   2.2162090e+06   2.7221680e+01
   2.2623810e+06   3.9855957e+01
   2.2624090e+06   2.8686523e+01
   2.2624550e+06   2.7099609e+01
   2.2624770e+06   6.7871094e+01
   2.2624960e+06   4.2785645e+01
   2.2625150e+06   4.2297363e+01
   2.2625450e+06   3.2226563e+01
   2.2625580e+06   3.0883789e+01
   2.2626030e+06   3.8940430e+01
   2.2626300e+06   3.3813477e+01
   2.2626400e+06   2.8076172e+01
   2.2626750e+06   2.7526855e+01
   2.2628400e+06   3.5766602e+01
   2.2629350e+06   3.3569336e+01
   2.2629910e+06   2.9174805e+01
   2.2630060e+06   3.0517578e+01
   2.2800360e+06   3.6865234e+01
   2.2800710e+06   2.8381348e+01
   2.2801020e+06   3.8085938e+01
   2.2801430e+06   3.6865234e+01
   2.2801670e+06   3.4729004e+01
   2.2801880e+06   2.9052734e+01
   2.2802000e+06   3.5827637e+01
   2.2802350e+06   3.9123535e+01
   2.2802690e+06   2.8991699e+01
   2.2802990e+06   2.7526855e+01
   2.2803290e+06   2.9724121e+01
   2.2803510e+06   3.0395508e+01
   2.2805630e+06   3.0395508e+01
   2.2806760e+06   2.9541016e+01
   2.3057470e+06   3.5156250e+01
   2.3058150e+06   3.1311035e+01
   2.3058870e+06   3.4851074e+01
   2.3059410e+06   3.3142090e+01
   2.3059880e+06   3.1250000e+01
   2.3059980e+06   2.8198242e+01
   2.3060260e+06   6.2255859e+01
   2.3060520e+06   4.0954590e+01
   2.3060760e+06   5.8654785e+01
   2.3060940e+06   3.5339355e+01
   2.3061250e+06   3.0273438e+01
   2.3061360e+06   2.9907227e+01
   2.3061590e+06   3.2531738e+01
   2.3062310e+06   3.2287598e+01
   2.3062640e+06   3.2592773e+01
   2.3443720e+06   3.1188965e+01
   2.3444350e+06   2.9663086e+01
   2.3445060e+06   2.8869629e+01
   2.3445370e+06   4.7058105e+01
   2.3445590e+06   4.9682617e+01
   2.3445730e+06   3.2104492e+01
   2.3446100e+06   3.3691406e+01
   2.3446340e+06   4.0222168e+01
   2.3446550e+06   4.1381836e+01
   2.3446720e+06   5.4016113e+01
   2.3447070e+06   2.8747559e+01
   2.3447300e+06   4.0527344e+01
   2.3447650e+06   3.0334473e+01
   2.3681960e+06   2.8869629e+01
   2.3682600e+06   3.3813477e+01
   2.3683940e+06   3.3386230e+01
   2.3684530e+06   2.8198242e+01
   2.3685070e+06   5.7861328e+01
   2.3685370e+06   3.1677246e+01
   2.3685560e+06   2.7709961e+01
   2.3685890e+06   3.1677246e+01
   2.3686030e+06   2.7954102e+01
   2.3686140e+06   2.9235840e+01
   2.3686530e+06   3.3935547e+01
   2.3686900e+06   2.9846191e+01
   2.3687850e+06   2.8869629e+01
   2.4106810e+06   3.0456543e+01
   2.4108880e+06   2.7832031e+01
   2.4109070e+06   3.2043457e+01
   2.4109350e+06   2.9663086e+01
   2.4109620e+06   3.1494141e+01
   2.4109870e+06   6.5307617e+01
   2.4110010e+06   3.0212402e+01
   2.4110320e+06   5.9997559e+01
   2.4110560e+06   3.3203125e+01
   2.4111090e+06   3.9855957e+01
   2.4111290e+06   3.0029297e+01
   2.4111550e+06   2.9846191e+01
   2.4111790e+06   3.5217285e+01
   2.4112050e+06   2.8564453e+01
   2.4112750e+06   2.7648926e+01
   2.4112930e+06   4.0222168e+01
   2.4114740e+06   2.7099609e+01
   2.4471620e+06   2.8991699e+01
   2.4471920e+06   2.7770996e+01
   2.4472610e+06   3.7658691e+01
   2.4472790e+06   7.0129395e+01
   2.4473120e+06   3.1616211e+01
   2.4473360e+06   7.5073242e+01
   2.4473540e+06   3.0517578e+01
   2.4473710e+06   2.7282715e+01
   2.4473910e+06   4.7790527e+01
   2.4474310e+06   2.8442383e+01
   2.4474880e+06   3.7658691e+01
   2.4475290e+06   2.7160645e+01
   2.4475530e+06   2.8198242e+01
   2.4869430e+06   3.2592773e+01
   2.4870060e+06   2.9113770e+01
   2.4872050e+06   2.7465820e+01
   2.4872920e+06   3.9855957e+01
   2.4873330e+06   3.9001465e+01
   2.4873550e+06   6.0485840e+01
   2.4873820e+06   3.1921387e+01
   2.4874080e+06   3.1738281e+01
   2.4874240e+06   2.9174805e+01
   2.4874510e+06   4.1687012e+01
   2.4874660e+06   3.4790039e+01
   2.4874810e+06   3.3691406e+01
   2.4875060e+06   2.8991699e+01
   2.4875370e+06   2.7465820e+01
   2.4876500e+06   3.0151367e+01
   2.4876790e+06   3.0273438e+01
   2.5147280e+06   3.4240723e+01
   2.5147970e+06   2.8991699e+01
   2.5149420e+06   2.7832031e+01
   2.5149870e+06   3.1799316e+01
   2.5150760e+06   2.8137207e+01
   2.5150960e+06   3.1005859e+01
   2.5151170e+06   3.0883789e+01
   2.5151430e+06   6.2194824e+01
   2.5151820e+06   3.5827637e+01
   2.5152060e+06   4.3457031e+01
   2.5152220e+06   2.8808594e+01
   2.5152680e+06   3.3691406e+01
   2.5153060e+06   3.0639648e+01
   2.5153210e+06   2.7648926e+01
   2.5153390e+06   3.2043457e+01
   2.5153560e+06   3.0029297e+01
   2.5154060e+06   2.9357910e+01
   2.5154660e+06   2.7587891e+01
   2.5154890e+06   3.2104492e+01
   2.5156170e+06   3.0212402e+01
   2.5423390e+06   2.8869629e+01
   2.5425030e+06   3.0456543e+01
   2.5425310e+06   2.8991699e+01
   2.5426040e+06   3.9367676e+01
   2.5426360e+06   2.9785156e+01
   2.5426840e+06   2.7648926e+01
   2.5427150e+06   3.3630371e+01
   2.5428050e+06   4.6386719e+01
   2.5428530e+06   5.5419922e+01
   2.5429070e+06   2.9235840e+01
   2.5429200e+06   2.8869629e+01
   2.5429630e+06   2.9174805e+01
   2.5434020e+06   3.0395508e+01
   2.5682760e+06   2.8808594e+01
   2.5684090e+06   3.0517578e+01
   2.5684380e+06   3.9916992e+01
   2.5685580e+06   3.6071777e+01
   2.5685830e+06   2.8808594e+01
   2.5687350e+06   2.8503418e+01
   2.5691320e+06   2.7893066e+01
   2.5944090e+06   3.1982422e+01
   2.5945170e+06   3.1066895e+01
   2.5945750e+06   3.3081055e+01
   2.5946190e+06   2.7282715e+01
   2.5946750e+06   3.1799316e+01
   2.5948520e+06   2.7343750e+01
   2.5949410e+06   3.0212402e+01
   2.5959500e+06   2.8747559e+01
   2.5963370e+06   2.9296875e+01
   2.6162490e+06   2.8625488e+01
   2.6162590e+06   3.0578613e+01
   2.6163640e+06   2.9541016e+01
   2.6164170e+06   2.7099609e+01
   2.6164770e+06   3.1738281e+01
   2.6165980e+06   3.3020020e+01
   2.6167210e+06   3.3508301e+01
   2.6334780e+06   3.1372070e+01
   2.6338000e+06   3.4973145e+01
   2.6343810e+06   2.7770996e+01
   2.6977270e+06   2.8259277e+01
   2.6978020e+06   2.7587891e+01
   2.6978130e+06   3.2165527e+01
   2.6979090e+06   2.7709961e+01
   2.6981780e+06   3.1372070e+01
   2.6983200e+06   2.7954102e+01
   2.6994980e+06   3.1372070e+01
   2.7228960e+06   2.7893066e+01
   2.7230250e+06   3.3142090e+01
   2.7230590e+06   3.0090332e+01
   2.7230940e+06   3.3386230e+01
   2.7231200e+06   3.1250000e+01
   2.7238020e+06   2.8564453e+01
   2.7411200e+06   2.7587891e+01
   2.7411550e+06   2.9541016e+01
   2.7411900e+06   2.7282715e+01
   2.7412540e+06   3.1921387e+01
   2.7413630e+06   3.1433105e+01
   2.7417540e+06   2.8442383e+01
   2.7420540e+06   2.7587891e+01
   2.7674960e+06   2.8259277e+01
   2.7676880e+06   3.0212402e+01
   2.7678190e+06   3.4484863e+01
   2.7681410e+06   3.0395508e+01
   2.7707610e+06   2.8198242e+01
   2.8396840e+06   3.6987305e+01
   2.8397470e+06   2.9907227e+01
   2.8401370e+06   4.2846680e+01
   2.8404430e+06   2.9663086e+01
   2.8406250e+06   2.8991699e+01
   2.9019540e+06   3.1188965e+01
   2.9020820e+06   2.8625488e+01
   2.9021850e+06   2.9113770e+01
   2.9021960e+06   2.7648926e+01
   2.9022370e+06   2.8381348e+01
   2.9023960e+06   3.0395508e+01
   2.9026710e+06   2.7709961e+01
   2.9029260e+06   2.7893066e+01
   2.9030370e+06   2.8076172e+01
   2.9056030e+06   2.7099609e+01
   2.9683290e+06   2.9174805e+01
   2.9683680e+06   2.8991699e+01
   2.9684240e+06   2.7954102e+01
   2.9686640e+06   4.0161133e+01
   2.9688380e+06   2.7221680e+01
   2.9690100e+06   3.1005859e+01
   2.9691740e+06   2.7282715e+01
   3.0329830e+06   2.8564453e+01
   3.0331590e+06   4.0222168e+01
   3.0333100e+06   2.8076172e+01
   3.0333800e+06   2.8442383e+01
   3.0334920e+06   3.1799316e+01
   3.0340620e+06   3.0090332e+01
   3.1005660e+06   3.0090332e+01
   3.1006080e+06   3.3508301e+01
   3.1008250e+06   3.4118652e+01
   3.1009700e+06   2.9602051e+01
   3.1010740e+06   3.4362793e+01
   3.1012970e+06   2.7954102e+01
   3.1020530e+06   2.7832031e+01
   3.1541670e+06   2.8442383e+01
   3.1542840e+06   2.7893066e+01
   3.1544330e+06   3.1799316e+01
   3.1547090e+06   2.8625488e+01
   3.1549750e+06   2.9174805e+01
   3.1581110e+06   2.8259277e+01
   3.1597990e+06   2.9846191e+01
   3.2302290e+06   3.3447266e+01
   3.2303260e+06   2.9968262e+01
   3.2303740e+06   3.7048340e+01
   3.2306120e+06   3.3630371e+01
   3.2309730e+06   3.1066895e+01
   3.2339590e+06   2.9235840e+01
   3.2396620e+06   3.4118652e+01
   3.2397250e+06   3.0700684e+01
   3.2401270e+06   3.6865234e+01
   3.2404310e+06   2.7282715e+01
   3.2406190e+06   2.9174805e+01
   3.2410900e+06   2.9418945e+01
   3.2429620e+06   3.5766602e+01
   3.3066490e+06   3.2104492e+01
   3.3066960e+06   3.0944824e+01
   3.3070370e+06   3.0212402e+01
   3.3075430e+06   2.9357910e+01
   3.3075670e+06   3.0578613e+01
   3.3082160e+06   2.7221680e+01
   3.3089500e+06   2.7587891e+01
   3.3554820e+06   2.8869629e+01
   3.3556400e+06   3.1250000e+01
   3.3556630e+06   3.2470703e+01
   3.3569650e+06   2.7526855e+01
   3.3571600e+06   3.2043457e+01
   3.3584930e+06   2.8808594e+01
   3.3588290e+06   2.8747559e+01
   3.4159880e+06   3.3386230e+01
   3.4160880e+06   3.0517578e+01
   3.4161430e+06   3.7536621e+01
   3.4163660e+06   3.3996582e+01
   3.4165740e+06   2.8259277e+01
   3.4187850e+06   2.9602051e+01
   3.4261660e+06   2.8625488e+01
   3.4724680e+06   3.0944824e+01
   3.4726100e+06   2.7587891e+01
   3.4727350e+06   2.8381348e+01
   3.4728820e+06   3.1127930e+01
   3.4730780e+06   3.0212402e+01
   3.4740360e+06   2.8808594e+01
   3.5357030e+06   2.7526855e+01
   3.5357450e+06   3.6254883e+01
   3.5358160e+06   2.8320313e+01
   3.5359200e+06   3.6315918e+01
   3.5361070e+06   3.2836914e+01
   3.5389490e+06   2.8625488e+01
   3.5955950e+06   3.0212402e+01
   3.5956460e+06   3.0883789e+01
   3.5957550e+06   3.0151367e+01
   3.5958920e+06   3.3081055e+01
   3.5962560e+06   2.7648926e+01
   3.5965490e+06   2.7587891e+01
   3.5966780e+06   3.3386230e+01
   3.5970880e+06   2.7404785e+01
   3.6591160e+06   3.7658691e+01
   3.6592970e+06   2.9724121e+01
   3.6594500e+06   3.0883789e+01
   3.6596750e+06   2.9479980e+01
   3.6602760e+06   3.1799316e+01
   3.7095350e+06   4.0527344e+01
   3.7095640e+06   3.2226563e+01
   3.7095780e+06   2.7587891e+01
   3.7096900e+06   3.2287598e+01
   3.7098890e+06   3.0883789e+01
   3.7111050e+06   2.7587891e+01
   3.7123870e+06   2.8320313e+01
   3.7299150e+06   3.1005859e+01
   3.7299900e+06   3.1738281e+01
   3.7304100e+06   3.4851074e+01
   3.7307030e+06   2.8320313e+01
   3.7690790e+06   3.0822754e+01
   3.7692740e+06   3.3020020e+01
   3.7700100e+06   2.7465820e+01
   3.7722680e+06   3.2592773e+01
   3.8540570e+06   3.1738281e+01
   3.8541450e+06   3.0151367e+01
   3.8541620e+06   2.7343750e+01
   3.8542370e+06   2.9479980e+01
   3.8543000e+06   2.8869629e+01
   3.8543150e+06   3.0944824e+01
   3.8544600e+06   2.8320312e+01
   3.8546860e+06   3.0212402e+01
   3.8551160e+06   3.9611816e+01
   3.9070840e+06   3.1372070e+01
   3.9071350e+06   3.5278320e+01
   3.9074020e+06   2.8259277e+01
   3.9078770e+06   2.8381348e+01
   3.9081540e+06   3.1372070e+01
   3.9764740e+06   2.7282715e+01
   3.9765180e+06   2.7282715e+01
   3.9765500e+06   3.0334473e+01
   3.9766740e+06   3.4301758e+01
   3.9771700e+06   2.9479980e+01
   4.0632200e+06   3.9123535e+01
   4.0632790e+06   2.7709961e+01
   4.0633660e+06   3.0578613e+01
   4.0634360e+06   3.0273438e+01
   4.0635290e+06   2.9418945e+01
   4.0638460e+06   2.8076172e+01
   4.0920120e+06   2.7832031e+01
   4.1823650e+06   3.5827637e+01
   4.1842530e+06   3.5949707e+01
   4.1844050e+06   2.8686523e+01
   4.1844170e+06   4.9194336e+01
   4.1844410e+06   3.0578613e+01
   4.1844520e+06   6.5856934e+01
   4.1844800e+06   3.5156250e+01
   4.1844950e+06   3.2409668e+01
   4.1845200e+06   3.6071777e+01
   4.1845380e+06   3.6437988e+01
   4.1845730e+06   4.1381836e+01
   4.1845990e+06   4.0954590e+01
   4.1846420e+06   3.7780762e+01
   4.1847460e+06   4.2358398e+01
   4.1847820e+06   2.9235840e+01
   4.1853850e+06   3.0456543e+01
   4.2045810e+06   2.8381348e+01
   4.2047000e+06   2.7770996e+01
   4.2047270e+06   6.6223145e+01
   4.2047510e+06   3.2104492e+01
   4.2047750e+06   5.0781250e+01
   4.2047940e+06   4.7485352e+01
   4.2048070e+06   3.0151367e+01
   4.2048410e+06   5.4443359e+01
   4.2048560e+06   3.7353516e+01
   4.2056540e+06   2.7465820e+01
   4.2056940e+06   3.1372070e+01
   4.2469380e+06   3.5339355e+01
   4.2469650e+06   7.4829102e+01
   4.2469780e+06   3.1860352e+01
   4.2470040e+06   6.2133789e+01
   4.2470350e+06   4.8034668e+01
   4.2470450e+06   3.6865234e+01
   4.2470710e+06   6.0058594e+01
   4.2470890e+06   4.3151855e+01
   4.2471190e+06   3.4606934e+01
   4.2471460e+06   2.8137207e+01
   4.2473370e+06   3.3935547e+01
   4.2475120e+06   2.9785156e+01
   4.2477560e+06   2.7709961e+01
   4.2482430e+06   2.8015137e+01
   4.2811290e+06   2.8686523e+01
   4.2811860e+06   3.1066895e+01
   4.2812110e+06   5.0842285e+01
   4.2812300e+06   9.6008301e+01
   4.2812440e+06   4.7912598e+01
   4.2812550e+06   2.8747559e+01
   4.2812840e+06   3.4912109e+01
   4.2813130e+06   3.9978027e+01
   4.2813340e+06   3.5766602e+01
   4.2813540e+06   3.1616211e+01
   4.2815910e+06   2.8259277e+01
   4.2817190e+06   3.4301758e+01
   4.2826540e+06   2.8015137e+01
   4.3282430e+06   7.4890137e+01
   4.3282600e+06   5.2124023e+01
   4.3282810e+06   6.3232422e+01
   4.3283070e+06   3.6987305e+01
   4.3283180e+06   4.0161133e+01
   4.3283540e+06   4.1809082e+01
   4.3283710e+06   3.8391113e+01
   4.3283990e+06   3.7109375e+01
   4.3284920e+06   2.9602051e+01
   4.3287140e+06   3.2348633e+01
   4.3289990e+06   2.7648926e+01
   4.3292760e+06   2.9113770e+01
   4.3296200e+06   2.7648926e+01
   4.3298130e+06   2.8015137e+01
   4.3868800e+06   7.3974609e+01
   4.3869110e+06   3.9123535e+01
   4.3869220e+06   5.8959961e+01
   4.3869540e+06   3.8208008e+01
   4.3869870e+06   4.4311523e+01
   4.3870440e+06   3.4240723e+01
   4.3871350e+06   3.2409668e+01
   4.3885060e+06   2.8137207e+01
   4.4408970e+06   4.7973633e+01
   4.4409140e+06   7.9650879e+01
   4.4409300e+06   4.1625977e+01
   4.4409510e+06   6.5612793e+01
   4.4409640e+06   4.5532227e+01
   4.4410010e+06   5.1147461e+01
   4.4410170e+06   3.5644531e+01
   4.4410440e+06   3.5522461e+01
   4.4410620e+06   2.7343750e+01
   4.4411080e+06   2.7526855e+01
   4.4411250e+06   2.8015137e+01
   4.4412020e+06   2.8686523e+01
   4.4419490e+06   3.3264160e+01
   4.4422880e+06   3.3874512e+01
   4.4801690e+06   3.2409668e+01
   4.4803090e+06   3.3996582e+01
   4.4804000e+06   2.8198242e+01
   4.4804560e+06   3.1494141e+01
   4.4805190e+06   3.2897949e+01
   4.4805540e+06   5.3100586e+01
   4.4805990e+06   5.5603027e+01
   4.4806260e+06   2.8442383e+01
   4.4806510e+06   2.9418945e+01
   4.4806730e+06   3.4484863e+01
   4.4806990e+06   3.6621094e+01
   4.4807790e+06   2.7893066e+01
   4.4808020e+06   2.7526855e+01
   4.4808810e+06   3.0273438e+01
   4.4810460e+06   2.8808594e+01
   4.5314660e+06   3.1738281e+01
   4.5315050e+06   3.0212402e+01
   4.5315190e+06   3.9245605e+01
   4.5315350e+06   7.1777344e+01
   4.5315630e+06   3.6865234e+01
   4.5315740e+06   4.7546387e+01
   4.5315900e+06   3.4362793e+01
   4.5316040e+06   2.8320313e+01
   4.5316240e+06   3.3874512e+01
   4.5316400e+06   3.5095215e+01
   4.5316910e+06   2.7221680e+01
   4.5322660e+06   2.7832031e+01
   4.5758130e+06   2.9174805e+01
   4.5934020e+06   3.4423828e+01
   4.5936910e+06   4.5043945e+01
   4.5937130e+06   3.7353516e+01
   4.5937280e+06   7.9589844e+01
   4.5937560e+06   3.0273438e+01
   4.5937680e+06   4.2663574e+01
   4.5937850e+06   3.2836914e+01
   4.5937990e+06   4.9926758e+01
   4.5938420e+06   3.5888672e+01
   4.5938630e+06   3.6254883e+01
   4.5938840e+06   3.1677246e+01
   4.5939250e+06   3.2470703e+01
   4.5939510e+06   3.9367676e+01
   4.5939630e+06   3.3569336e+01
   4.5939890e+06   2.9113770e+01
   4.5940960e+06   2.7893066e+01
   4.5941320e+06   2.8442383e+01
   4.5948280e+06   2.8686523e+01
   4.5953460e+06   2.7587891e+01
   4.6263630e+06   4.4982910e+01
   4.6265190e+06   2.8320313e+01
   4.6265940e+06   2.7587891e+01
   4.6266570e+06   3.8879395e+01
   4.6266820e+06   3.4423828e+01
   4.6266930e+06   2.7648926e+01
   4.6267090e+06   6.2438965e+01
   4.6267280e+06   3.1738281e+01
   4.6267430e+06   3.5339355e+01
   4.6267580e+06   4.9377441e+01
   4.6267880e+06   4.1503906e+01
   4.6268040e+06   4.3701172e+01
   4.6268150e+06   3.1677246e+01
   4.6268700e+06   3.9062500e+01
   4.6269080e+06   3.6315918e+01
   4.6269180e+06   3.1494141e+01
   4.6269680e+06   3.3325195e+01
   4.6984110e+06   2.8076172e+01
   4.6984940e+06   2.7648926e+01
   4.6985420e+06   2.7404785e+01
   4.6985700e+06   2.8625488e+01
   4.6986140e+06   2.7465820e+01
   4.6986340e+06   3.1860352e+01
   4.6986460e+06   5.2124023e+01
   4.6986950e+06   3.4912109e+01
   4.6987230e+06   4.1442871e+01
   4.6987520e+06   4.9743652e+01
   4.6987790e+06   3.3508301e+01
   4.6987990e+06   3.4057617e+01
   4.6988220e+06   3.1188965e+01
   4.6988390e+06   3.8940430e+01
   4.6988730e+06   3.1433105e+01
   4.6989030e+06   2.9602051e+01
   4.6997440e+06   3.0029297e+01
   4.6999530e+06   2.7526855e+01
   4.7170140e+06   6.7932129e+01
   4.7185990e+06   2.7221680e+01
   4.7211750e+06   3.5827637e+01
   4.7212930e+06   3.7353516e+01
   4.7213700e+06   3.9489746e+01
   4.7214080e+06   3.9672852e+01
   4.7214420e+06   3.2897949e+01
   4.7214530e+06   3.6560059e+01
   4.7214920e+06   3.5827637e+01
   4.7215500e+06   3.4240723e+01
   4.7215790e+06   3.4912109e+01
   4.7215920e+06   2.9357910e+01
   4.7216160e+06   2.7648926e+01
   4.7216350e+06   4.5227051e+01
   4.7216760e+06   3.9611816e+01
   4.7217150e+06   3.3020020e+01
   4.7217270e+06   3.7719727e+01
   4.7217690e+06   3.4667969e+01
   4.7218040e+06   3.0517578e+01
   4.7218970e+06   2.7526855e+01
   4.7220580e+06   2.9113770e+01
   4.7221700e+06   2.8259277e+01
   4.7221880e+06   3.5949707e+01
   4.7570260e+06   2.7404785e+01
   4.7571280e+06   2.7587891e+01
   4.7571450e+06   3.5888672e+01
   4.7571900e+06   3.1005859e+01
   4.7572550e+06   3.9733887e+01
   4.7572690e+06   4.3090820e+01
   4.7572910e+06   6.9702148e+01
   4.7573180e+06   4.4128418e+01
   4.7573410e+06   5.4870605e+01
   4.7573640e+06   3.2409668e+01
   4.7574010e+06   2.9907227e+01
   4.7574240e+06   2.9541016e+01
   4.7574490e+06   3.2897949e+01
   4.7574700e+06   3.2958984e+01
   4.7574980e+06   2.8442383e+01
   4.7575660e+06   3.4484863e+01
   4.7576140e+06   2.7465820e+01
   4.7576540e+06   3.2348633e+01
   4.7916070e+06   3.0334473e+01
   4.7918590e+06   3.1799316e+01
   4.7919490e+06   3.1738281e+01
   4.7919660e+06   2.8808594e+01
   4.7919920e+06   5.9143066e+01
   4.7920060e+06   4.1625977e+01
   4.7920410e+06   3.5827637e+01
   4.7920610e+06   3.0456543e+01
   4.7920750e+06   2.8076172e+01
   4.7921010e+06   3.4301758e+01
   4.7921340e+06   3.1921387e+01
   4.7921540e+06   3.1005859e+01
   4.7921870e+06   3.2531738e+01
   4.7922300e+06   3.0029297e+01
   4.7922470e+06   3.1494141e+01
   4.7923530e+06   2.7465820e+01
   4.9882290e+06   3.0273438e+01
   4.9883040e+06   3.2897949e+01
   4.9884460e+06   3.2165527e+01
   4.9884610e+06   3.0273438e+01
   4.9884790e+06   3.0456543e+01
   4.9885710e+06   3.3020020e+01
   4.9886070e+06   3.6682129e+01
   4.9886540e+06   3.2470703e+01
   4.9887810e+06   4.8645020e+01
   4.9890530e+06   2.8381348e+01
   5.0567330e+06   3.1433105e+01
   5.0578520e+06   2.8076172e+01
   5.0578690e+06   3.8085938e+01
   5.0852700e+06   2.8930664e+01
   5.0853310e+06   2.7709961e+01
   5.0856530e+06   2.7343750e+01
   5.0859280e+06   2.8320313e+01
   5.2409670e+06   3.7475586e+01
   5.2579590e+06   2.7404785e+01
   5.2579790e+06   3.8940430e+01
   5.2579940e+06   7.4768066e+01
   5.2580240e+06   3.2592773e+01
   5.2580500e+06   3.0090332e+01
   5.2580620e+06   3.0456543e+01
   5.2580790e+06   2.7954102e+01
   5.2581060e+06   5.4077148e+01
   5.2581380e+06   3.6437988e+01
   5.2581560e+06   4.1381836e+01
   5.2582250e+06   3.6010742e+01
   5.2780820e+06   2.7526855e+01
   5.3684560e+06   2.9235840e+01
   5.3685670e+06   4.1931152e+01
   5.3686040e+06   5.8898926e+01
   5.3686350e+06   3.5400391e+01
   5.3686740e+06   7.2937012e+01
   5.3686850e+06   3.1127930e+01
   5.3687070e+06   3.5766602e+01
   5.3687200e+06   3.1494141e+01
   5.3687480e+06   3.1005859e+01
   5.3687920e+06   3.8208008e+01
   5.3689670e+06   3.2043457e+01
   5.3690630e+06   3.0822754e+01
   5.3699350e+06   2.8930664e+01
   5.3701370e+06   2.7832031e+01
   5.4095140e+06   2.7893066e+01
   5.4100070e+06   4.1442871e+01
   5.4107920e+06   3.5888672e+01
   5.4109280e+06   2.9724121e+01
   5.4111310e+06   2.7465820e+01
   5.4115100e+06   4.0039063e+01
   5.4120450e+06   2.7343750e+01
   5.4120680e+06   4.5288086e+01
   5.4120870e+06   4.1503906e+01
   5.4121040e+06   5.3588867e+01
   5.4121300e+06   3.7231445e+01
   5.4121460e+06   6.1035156e+01
   5.4121570e+06   2.8381348e+01
   5.4121920e+06   3.4118652e+01
   5.4122230e+06   3.2592773e+01
   5.4122450e+06   3.1005859e+01
   5.4122750e+06   3.6376953e+01
   5.4123530e+06   2.8198242e+01
   5.4852780e+06   9.0393066e+01
   5.4852900e+06   4.6264648e+01
   5.4853160e+06   4.8400879e+01
   5.4853330e+06   3.4362793e+01
   5.4853490e+06   4.1259766e+01
   5.4853700e+06   4.2724609e+01
   5.4853850e+06   3.7353516e+01
   5.4854080e+06   3.2470703e+01
   5.4854260e+06   4.6813965e+01
   5.4854420e+06   2.8015137e+01
   5.4865940e+06   2.9174805e+01
   5.5437010e+06   4.3579102e+01
   5.5437130e+06   3.8635254e+01
   5.5437360e+06   3.6132813e+01
   5.5437610e+06   2.8869629e+01
   5.5437830e+06   7.1105957e+01
   5.5437930e+06   3.8269043e+01
   5.5438300e+06   3.5949707e+01
   5.5438420e+06   5.1086426e+01
   5.5438680e+06   2.9846191e+01
   5.5439210e+06   3.6865234e+01
   5.5439310e+06   3.2836914e+01
   5.5439900e+06   2.8076172e+01
   5.5441400e+06   2.7587891e+01
   5.5447700e+06   2.8137207e+01
   5.6113910e+06   2.7221680e+01
   5.6365580e+06   3.7719727e+01
   5.6367690e+06   3.3142090e+01
   5.6369030e+06   2.8076172e+01
   5.6369750e+06   3.6804199e+01
   5.6370510e+06   3.2653809e+01
   5.6371670e+06   2.7648926e+01
   5.6372780e+06   2.7832031e+01
   5.6377860e+06   3.5461426e+01
   5.7132750e+06   3.2287598e+01
   5.7141410e+06   3.4729004e+01
   5.7146110e+06   3.5461426e+01
   5.7148680e+06   2.7587891e+01
   5.7150440e+06   2.7770996e+01
   5.8314920e+06   3.6621094e+01
   5.8315250e+06   2.9724121e+01
   5.8318840e+06   3.0883789e+01
   5.8321160e+06   3.7963867e+01
   5.8321990e+06   3.0944824e+01
   5.8324740e+06   2.9724121e+01
   5.8325230e+06   3.0761719e+01
   5.8712580e+06   3.7841797e+01
   5.9228520e+06   2.8137207e+01
   5.9233650e+06   3.0517578e+01
   5.9237130e+06   3.1921387e+01
   5.9238250e+06   6.0180664e+01
   5.9238410e+06   4.4067383e+01
   5.9238700e+06   6.4941406e+01
   5.9239020e+06   3.6682129e+01
   5.9239160e+06   3.6132813e+01
   5.9239560e+06   2.8869629e+01
   5.9239930e+06   4.2480469e+01
   5.9240170e+06   3.5461426e+01
   5.9240500e+06   2.9541016e+01
   5.9240700e+06   2.7648926e+01
   5.9241060e+06   2.7709961e+01
   5.9241290e+06   3.5095215e+01
   5.9242270e+06   3.0456543e+01
   6.0183110e+06   3.6987305e+01
   6.0184160e+06   4.4433594e+01
   6.0190540e+06   2.7954102e+01
   6.0193940e+06   4.3029785e+01
   6.0194800e+06   3.0761719e+01
   6.0225880e+06   2.8015137e+01
   6.0227000e+06   3.1616211e+01
   6.0228930e+06   3.0944824e+01
   6.0233650e+06   2.7526855e+01
   6.0501120e+06   3.0029297e+01
   6.1271500e+06   4.6264648e+01
   6.1274060e+06   2.7343750e+01
   6.1275430e+06   3.0517578e+01
   6.1277850e+06   2.9907227e+01
   6.1280340e+06   2.8625488e+01
   6.1539350e+06   3.6560059e+01
   6.1544110e+06   3.5339355e+01
   6.1544920e+06   3.0639648e+01
   6.1549240e+06   3.1677246e+01
   6.1553760e+06   3.3142090e+01
   6.2019240e+06   3.1372070e+01
   6.2020720e+06   2.9846191e+01
   6.2020960e+06   2.8076172e+01
   6.2023830e+06   2.7526855e+01
   6.2024880e+06   4.0100098e+01
   6.2399270e+06   3.0395508e+01
   6.2399860e+06   2.8625488e+01
   6.2401000e+06   2.7709961e+01
   6.2404960e+06   3.7597656e+01
   6.2416360e+06   3.1921387e+01
   6.2429240e+06   2.8808594e+01
   6.2432370e+06   3.0822754e+01
   6.2435470e+06   3.0334473e+01
   6.2705530e+06   2.8198242e+01
   6.3021650e+06   2.7343750e+01
   6.3022080e+06   2.8442383e+01
   6.3022470e+06   2.8503418e+01
   6.3022740e+06   2.9846191e+01
   6.3023380e+06   3.1799316e+01
   6.3024590e+06   3.1311035e+01
   6.3029720e+06   2.8747559e+01
   6.3032970e+06   3.2897949e+01
   6.3042110e+06   3.0883789e+01
   6.3238640e+06   3.3386230e+01
   6.3239200e+06   3.1250000e+01
   6.3239600e+06   3.7780762e+01
   6.3241980e+06   3.3996582e+01
   6.3244100e+06   2.8198242e+01
   6.3738250e+06   3.0761719e+01
   6.3738680e+06   2.8564453e+01
   6.3742300e+06   3.0822754e+01
   6.3744850e+06   2.9602051e+01
   6.3914840e+06   2.8808594e+01
   6.3915370e+06   2.8869629e+01
   6.3916520e+06   2.8320312e+01
   6.3917960e+06   2.7954102e+01
   6.3921020e+06   2.7648926e+01
   6.4418060e+06   3.2226563e+01
   6.4419490e+06   2.7282715e+01
   6.4424020e+06   2.7893066e+01
   6.4433870e+06   2.9113770e+01
   6.4653870e+06   2.8259277e+01
   6.4891770e+06   2.7832031e+01
   6.4893600e+06   2.7954102e+01
   6.4893870e+06   3.0029297e+01
   6.4895410e+06   3.0334473e+01
   6.4899590e+06   2.8503418e+01
   6.4901790e+06   2.7282715e+01
   6.4906090e+06   3.8818359e+01
   6.4908140e+06   2.8198242e+01
   6.4919930e+06   2.7954102e+01
   6.5433460e+06   2.9602051e+01
   6.5434090e+06   2.7465820e+01
   6.5435950e+06   2.7832031e+01
   6.5440960e+06   2.9785156e+01
   6.5456520e+06   2.8076172e+01
   6.6003490e+06   2.7954102e+01
   6.6003980e+06   3.1005859e+01
   6.6005380e+06   2.8930664e+01
   6.6016430e+06   2.9907227e+01
   6.6021920e+06   3.5644531e+01
   6.6552360e+06   3.9611816e+01
   6.6552850e+06   3.0273437e+01
   6.6554330e+06   3.2714844e+01
   6.6559230e+06   2.7770996e+01
   6.6563330e+06   2.8259277e+01
   6.7133370e+06   3.1738281e+01
   6.7135510e+06   2.8381348e+01
   6.7136220e+06   3.0212402e+01
   6.7136940e+06   2.7343750e+01
   6.7137410e+06   3.1555176e+01
   6.7147260e+06   2.9113770e+01
   6.7701190e+06   3.6437988e+01
   6.7703010e+06   3.7109375e+01
   6.7703310e+06   2.7343750e+01
   6.7703600e+06   2.9113770e+01
   6.7705630e+06   3.2226563e+01
   6.7708300e+06   3.4240723e+01
   6.7718720e+06   2.9663086e+01
   6.7926480e+06   2.8320313e+01
   6.8288640e+06   3.2043457e+01
   6.8289690e+06   3.0395508e+01
   6.8290800e+06   3.0090332e+01
   6.8293680e+06   3.0517578e+01
   6.8301990e+06   2.9907227e+01
   6.8776220e+06   2.8564453e+01
   6.8852080e+06   3.1738281e+01
   6.8853340e+06   2.8320313e+01
   6.8854510e+06   2.9052734e+01
   6.8865140e+06   3.2592773e+01
   6.9110250e+06   2.7587891e+01
   6.9112230e+06   3.3020020e+01
   6.9113120e+06   3.2775879e+01
   6.9115740e+06   2.7526855e+01
   6.9118150e+06   2.7465820e+01
   6.9124450e+06   3.1738281e+01
   6.9576480e+06   2.8320313e+01
   6.9764360e+06   2.8625488e+01
   6.9765210e+06   2.8686523e+01
   6.9765820e+06   2.8564453e+01
   6.9766290e+06   3.9001465e+01
   6.9767520e+06   3.3508301e+01
   6.9768550e+06   2.8076172e+01
   6.9785210e+06   2.8747559e+01
   6.9791360e+06   2.8930664e+01
   7.0419700e+06   4.1687012e+01
   7.0421990e+06   3.1188965e+01
   7.0424010e+06   2.9846191e+01
   7.0427100e+06   2.8991699e+01
   7.0429650e+06   3.1738281e+01
   7.0432770e+06   2.8930664e+01
   7.0448510e+06   2.8259277e+01
   7.0997090e+06   5.1818848e+01
   7.0997210e+06   4.3334961e+01
   7.0997420e+06   6.3781738e+01
   7.0997880e+06   4.3579102e+01
   7.0998160e+06   4.3395996e+01
   7.0998320e+06   3.1982422e+01
   7.0998600e+06   3.5888672e+01
   7.0998800e+06   3.5705566e+01
   7.0998910e+06   3.8513184e+01
   7.1000040e+06   3.0578613e+01
   7.1000830e+06   3.7414551e+01
   7.1001060e+06   3.8574219e+01
   7.1002890e+06   2.7587891e+01
   7.1007480e+06   2.9235840e+01
   7.1008940e+06   2.9602051e+01
   7.1011810e+06   2.7770996e+01
   7.1632550e+06   4.1442871e+01
   7.1633110e+06   2.9174805e+01
   7.1633880e+06   2.9113770e+01
   7.1634120e+06   3.6193848e+01
   7.1634500e+06   5.4321289e+01
   7.1634710e+06   3.8330078e+01
   7.1634970e+06   6.4086914e+01
   7.1635270e+06   2.8137207e+01
   7.1635400e+06   4.4555664e+01
   7.1635540e+06   4.2114258e+01
   7.1635680e+06   4.3640137e+01
   7.1636750e+06   2.7465820e+01
   7.1644070e+06   2.8991699e+01
   7.1652400e+06   2.7282715e+01
   7.1721940e+06   2.7343750e+01
   7.1900520e+06   3.4423828e+01
   7.1900900e+06   6.7138672e+01
   7.1901120e+06   6.1462402e+01
   7.1901410e+06   5.6823730e+01
   7.1901630e+06   3.6865234e+01
   7.1902090e+06   3.2897949e+01
   7.1902780e+06   2.8625488e+01
   7.1903050e+06   2.9174805e+01
   7.1905520e+06   2.9663086e+01
   7.1910230e+06   2.8991699e+01
   7.1917910e+06   2.9785156e+01
   7.2057240e+06   3.1311035e+01
   7.2057350e+06   2.7404785e+01
   7.2057680e+06   5.3283691e+01
   7.2057950e+06   4.3395996e+01
   7.2058100e+06   4.4128418e+01
   7.2058390e+06   5.1879883e+01
   7.2058630e+06   3.8696289e+01
   7.2058730e+06   2.7893066e+01
   7.2058960e+06   3.4301758e+01
   7.2059440e+06   2.9357910e+01
   7.2060010e+06   2.7343750e+01
   7.2062200e+06   2.8259277e+01
   7.2064270e+06   2.9846191e+01
   7.2068690e+06   2.9541016e+01
   7.2070140e+06   2.7343750e+01
   7.2213060e+06   3.3569336e+01
   7.2213290e+06   3.0517578e+01
   7.2213440e+06   5.2429199e+01
   7.2213740e+06   4.3762207e+01
   7.2213970e+06   5.3771973e+01
   7.2214290e+06   4.1931152e+01
   7.2214520e+06   3.3142090e+01
   7.2214650e+06   3.3447266e+01
   7.2214970e+06   3.6254883e+01
   7.2215460e+06   3.1066895e+01
   7.2217670e+06   3.5766602e+01
   7.2218630e+06   2.7832031e+01
   7.2221410e+06   3.5217285e+01
   7.2221890e+06   2.9174805e+01
   7.2641170e+06   3.0090332e+01
   7.2641930e+06   2.9479980e+01
   7.2642280e+06   3.6865234e+01
   7.2642610e+06   3.2836914e+01
   7.2642950e+06   7.1472168e+01
   7.2643360e+06   4.4494629e+01
   7.2643500e+06   3.5949707e+01
   7.2643750e+06   4.7729492e+01
   7.2644060e+06   3.3569336e+01
   7.2644330e+06   2.9174805e+01
   7.2644730e+06   3.5461426e+01
   7.2645140e+06   2.9479980e+01
   7.2649310e+06   2.9724121e+01
   7.3058200e+06   3.5888672e+01
   7.3058990e+06   3.3447266e+01
   7.3059280e+06   2.9296875e+01
   7.3059470e+06   2.8137207e+01
   7.3059780e+06   4.4982910e+01
   7.3059960e+06   6.8359375e+01
   7.3060290e+06   3.1127930e+01
   7.3060420e+06   3.3142090e+01
   7.3060560e+06   2.9174805e+01
   7.3060840e+06   4.9072266e+01
   7.3061180e+06   4.1687012e+01
   7.3061310e+06   3.5156250e+01
   7.3061890e+06   3.1555176e+01
   7.3065980e+06   3.3996582e+01
   7.3508630e+06   3.6132813e+01
   7.3508850e+06   6.8359375e+01
   7.3509010e+06   4.8461914e+01
   7.3509150e+06   5.1879883e+01
   7.3509490e+06   4.5288086e+01
   7.3509720e+06   3.0212402e+01
   7.3510020e+06   3.3813477e+01
   7.3510290e+06   3.3508301e+01
   7.3510570e+06   3.3752441e+01
   7.3510710e+06   2.7709961e+01
   7.3515730e+06   2.7832031e+01
   7.3523010e+06   2.8930664e+01
   7.3998050e+06   3.4667969e+01
   7.3998300e+06   2.9235840e+01
   7.3998470e+06   2.9479980e+01
   7.3998720e+06   4.7485352e+01
   7.3999030e+06   5.9082031e+01
   7.3999320e+06   4.6813965e+01
   7.3999500e+06   3.2043457e+01
   7.3999750e+06   2.9785156e+01
   7.3999990e+06   3.9916992e+01
   7.4000160e+06   2.7282715e+01
   7.4000420e+06   2.7526855e+01
   7.4000620e+06   2.8137207e+01
   7.4001870e+06   3.3996582e+01
   7.4009460e+06   2.9296875e+01
   7.4009740e+06   2.9724121e+01
   7.4013870e+06   2.9907227e+01
   7.4180720e+06   2.8686523e+01
   7.4432250e+06   3.0029297e+01
   7.4432910e+06   4.5837402e+01
   7.4433180e+06   7.3974609e+01
   7.4433290e+06   4.1748047e+01
   7.4433540e+06   3.9428711e+01
   7.4433680e+06   4.5776367e+01
   7.4433860e+06   4.0649414e+01
   7.4434120e+06   3.2470703e+01
   7.4434800e+06   3.3325195e+01
   7.4435140e+06   3.0639648e+01
   7.4657860e+06   2.7648926e+01
   7.4791080e+06   3.5766602e+01
   7.4791370e+06   2.7587891e+01
   7.4791690e+06   6.5307617e+01
   7.4791860e+06   4.2968750e+01
   7.4792170e+06   4.5349121e+01
   7.4792430e+06   3.2836914e+01
   7.4792540e+06   4.0344238e+01
   7.4793120e+06   2.7709961e+01
   7.5147230e+06   3.7048340e+01
   7.5147410e+06   3.1799316e+01
   7.5147670e+06   7.7209473e+01
   7.5147770e+06   3.4057617e+01
   7.5148080e+06   6.6284180e+01
   7.5148230e+06   4.4189453e+01
   7.5148440e+06   5.1513672e+01
   7.5148710e+06   3.3630371e+01
   7.5148920e+06   3.0639648e+01
   7.5149020e+06   3.8208008e+01
   7.5149560e+06   2.7404785e+01
   7.5556910e+06   3.5156250e+01
   7.5557620e+06   4.0405273e+01
   7.5557860e+06   3.1677246e+01
   7.5558500e+06   2.8869629e+01
   7.5558720e+06   3.8391113e+01
   7.5558970e+06   3.9123535e+01
   7.5559250e+06   3.9733887e+01
   7.5559390e+06   2.9724121e+01
   7.5559610e+06   3.6132813e+01
   7.5560000e+06   3.5705566e+01
   7.5563660e+06   3.1738281e+01
   7.5565340e+06   3.2165527e+01
   7.5566450e+06   2.7587891e+01
   7.5568760e+06   2.7832031e+01
   7.5571770e+06   2.8442383e+01
   7.6006640e+06   2.7648926e+01
   7.6332420e+06   4.3151855e+01
   7.6334290e+06   3.6804199e+01
   7.6334840e+06   3.0212402e+01
   7.6335210e+06   2.7954102e+01
   7.6335770e+06   4.2663574e+01
   7.6336120e+06   2.9968262e+01
   7.6336340e+06   3.4057617e+01
   7.6336490e+06   2.8991699e+01
   7.6336940e+06   2.9541016e+01
   7.6337370e+06   6.5734863e+01
   7.6337490e+06   3.5400391e+01
   7.6337910e+06   2.8137207e+01
   7.6338160e+06   2.8625488e+01
   7.6338320e+06   3.1433105e+01
   7.6338640e+06   3.9306641e+01
   7.6339830e+06   2.8076172e+01
   8.0133200e+06   6.2988281e+01
   8.0491130e+06   3.6743164e+01
   8.0491950e+06   3.9428711e+01
   8.0496820e+06   3.7231445e+01
   8.0499130e+06   2.7954102e+01
   8.0500800e+06   2.7526855e+01
   8.2080300e+06   3.0639648e+01
   8.2637370e+06   7.0068359e+01
   8.2637640e+06   3.8391113e+01
   8.2637760e+06   3.4851074e+01
   8.2637940e+06   3.2714844e+01
   8.2638080e+06   2.7404785e+01
   8.2638410e+06   3.5949707e+01
   8.2638610e+06   4.3518066e+01
   8.2638850e+06   4.4555664e+01
   8.2638950e+06   3.5705566e+01
   8.2639490e+06   4.8767090e+01
   8.2639680e+06   3.0029297e+01
   8.2640440e+06   2.8381348e+01
   8.2640630e+06   2.7893066e+01
   8.2644790e+06   3.1982422e+01
   8.2647250e+06   3.0822754e+01
   8.2648690e+06   3.0700684e+01
   8.2923310e+06   4.4250488e+01
   8.2923430e+06   6.4514160e+01
   8.2923650e+06   4.3640137e+01
   8.2923860e+06   5.8471680e+01
   8.2924110e+06   3.0456543e+01
   8.2924380e+06   3.0883789e+01
   8.2924880e+06   2.9296875e+01
   8.2925050e+06   2.9052734e+01
   8.2925930e+06   2.7954102e+01
   8.2927350e+06   2.8625488e+01
   8.3668190e+06   8.6608887e+01
   8.3668520e+06   7.5683594e+01
   8.3668720e+06   5.6762695e+01
   8.3669000e+06   3.4545898e+01
   8.3669290e+06   3.5095215e+01
   8.3669590e+06   4.1870117e+01
   8.3670290e+06   2.7954102e+01
   8.3670410e+06   2.8503418e+01
   8.3670600e+06   3.2104492e+01
   8.3672960e+06   2.7893066e+01
   8.3675670e+06   2.9052734e+01
   8.3678780e+06   2.7648926e+01
   8.3686640e+06   2.7282715e+01
   8.4442700e+06   3.2165527e+01
   8.4443440e+06   2.8686523e+01
   8.4443840e+06   5.9814453e+01
   8.4444170e+06   5.0231934e+01
   8.4444380e+06   3.0639648e+01
   8.4444640e+06   3.5827637e+01
   8.4444890e+06   3.3264160e+01
   8.4445020e+06   3.3752441e+01
   8.4446040e+06   2.9235840e+01
   8.4446280e+06   3.3813477e+01
   8.4448160e+06   3.3020020e+01
   8.4449130e+06   2.7832031e+01
   8.4450560e+06   2.9479980e+01
   8.4459250e+06   2.9724121e+01
   8.5082820e+06   4.0344238e+01
   8.5083320e+06   2.9602051e+01
   8.5083540e+06   2.8503418e+01
   8.5083770e+06   2.7526855e+01
   8.5083890e+06   3.3508301e+01
   8.5084120e+06   3.2226563e+01
   8.5084340e+06   4.5715332e+01
   8.5084630e+06   2.9479980e+01
   8.5084850e+06   4.3212891e+01
   8.5085000e+06   3.0761719e+01
   8.5085250e+06   4.2175293e+01
   8.5085500e+06   3.5095215e+01
   8.5086080e+06   3.9733887e+01
   8.5092330e+06   3.3508301e+01
   8.5806070e+06   2.7954102e+01
   8.5808380e+06   3.2165527e+01
   8.5809450e+06   2.8381348e+01
   8.5809950e+06   3.0639648e+01
   8.5810060e+06   3.4606934e+01
   8.5810550e+06   2.7709961e+01
   8.5811300e+06   4.7180176e+01
   8.5812190e+06   3.5705566e+01
   8.5812430e+06   2.9724121e+01
   8.5812550e+06   3.3325195e+01
   8.5812850e+06   3.0883789e+01
   8.5812990e+06   3.1066895e+01
   8.5813790e+06   3.1188965e+01
   8.5814910e+06   3.1860352e+01
   8.5816060e+06   2.7770996e+01
   8.6702270e+06   3.7292480e+01
   8.6707590e+06   3.5034180e+01
   8.6708920e+06   2.9235840e+01
   8.6709270e+06   2.9663086e+01
   8.6711360e+06   3.7719727e+01
   8.6713410e+06   3.3386230e+01
   8.6713770e+06   2.9296875e+01
   8.6719940e+06   2.8503418e+01
   8.6720670e+06   3.3996582e+01
   8.6720870e+06   2.9846191e+01
   8.6721290e+06   3.5705566e+01
   8.6721470e+06   6.0058594e+01
   8.6721750e+06   2.9785156e+01
   8.6721900e+06   3.5827637e+01
   8.6722210e+06   3.4973145e+01
   8.6722570e+06   3.0578613e+01
   8.6723230e+06   2.9052734e+01
   8.6727400e+06   2.8442383e+01
   8.6835600e+06   2.8869629e+01
   8.7427380e+06   2.7709961e+01
   8.7427630e+06   3.1250000e+01
   8.7428130e+06   2.8015137e+01
   8.7428250e+06   9.1796875e+01
   8.7428510e+06   4.8034668e+01
   8.7428620e+06   4.6142578e+01
   8.7429030e+06   2.7404785e+01
   8.7429300e+06   3.2226563e+01
   8.7429560e+06   3.3508301e+01
   8.7429760e+06   3.5583496e+01
   8.7430860e+06   2.7587891e+01
   8.7432540e+06   2.7954102e+01
   8.7435000e+06   2.7526855e+01
   8.7839480e+06   2.7404785e+01
   8.7917480e+06   2.9479980e+01
   8.9587530e+06   2.7282715e+01
   8.9639100e+06   3.7963867e+01
   8.9640640e+06   3.4362793e+01
   8.9642670e+06   3.4729004e+01
   8.9644420e+06   2.7526855e+01
   8.9646520e+06   2.8381348e+01
   9.0877460e+06   2.8259277e+01
   9.1230260e+06   4.1870117e+01
   9.1230990e+06   3.0151367e+01
   9.1234380e+06   2.9052734e+01
   9.1240210e+06   2.8381348e+01
   9.2922090e+06   3.0273438e+01
   9.2922310e+06   6.1584473e+01
   9.2922490e+06   3.4729004e+01
   9.2922730e+06   5.6701660e+01
   9.2922940e+06   3.7292480e+01
   9.2923170e+06   3.1127930e+01
   9.2923420e+06   2.7954102e+01
   9.2923600e+06   3.5705566e+01
   9.2923820e+06   3.1127930e+01
   9.2923940e+06   2.8015137e+01
   9.2924260e+06   4.4006348e+01
   9.2924660e+06   3.2226563e+01
   9.2924810e+06   3.4790039e+01
   9.2925540e+06   3.4057617e+01
   9.2925730e+06   2.9174805e+01
   9.2927100e+06   2.8808594e+01
   9.2927560e+06   2.7587891e+01
   9.3926900e+06   3.1066895e+01
   9.3927730e+06   3.7292480e+01
   9.3938870e+06   3.9245605e+01
   9.3940040e+06   2.8991699e+01
   9.3949810e+06   2.8503418e+01
   9.4108660e+06   3.3874512e+01
   9.4109560e+06   3.1799316e+01
   9.4116770e+06   2.9235840e+01
   9.4119850e+06   3.1250000e+01
   9.4139090e+06   2.9418945e+01
   9.4140920e+06   3.0273438e+01
   9.4141070e+06   4.3579102e+01
   9.4141280e+06   7.5134277e+01
   9.4141430e+06   2.9907227e+01
   9.4141690e+06   5.4260254e+01
   9.4141850e+06   3.9550781e+01
   9.4142120e+06   6.6894531e+01
   9.4142400e+06   2.9602051e+01
   9.4142580e+06   4.0893555e+01
   9.4142770e+06   3.7109375e+01
   9.4143000e+06   3.8024902e+01
   9.4143260e+06   2.7954102e+01
   9.4144200e+06   2.7709961e+01
   9.4145300e+06   3.4484863e+01
   9.4154650e+06   2.7526855e+01
   9.4824390e+06   3.3813477e+01
   9.4830230e+06   2.9357910e+01
   9.4835480e+06   3.1799316e+01
   9.4836120e+06   3.3691406e+01
   9.4837140e+06   3.0822754e+01
   9.4839590e+06   3.1860352e+01
   9.6660200e+06   2.7648926e+01
   9.6660960e+06   5.5358887e+01
   9.6661060e+06   8.1176758e+01
   9.6661460e+06   7.1411133e+01
   9.6661570e+06   3.2775879e+01
   9.6661870e+06   4.1137695e+01
   9.6662010e+06   3.1860352e+01
   9.6662210e+06   3.4484863e+01
   9.6662630e+06   5.3833008e+01
   9.6662750e+06   3.2165527e+01
   9.6663170e+06   3.4667969e+01
   9.6663480e+06   2.7526855e+01
   9.6663820e+06   3.2287598e+01
   9.6665130e+06   3.1494141e+01
   9.6665700e+06   3.1921387e+01
   9.6667550e+06   3.0761719e+01
   9.6872030e+06   3.2592773e+01
   9.6872380e+06   4.4372559e+01
   9.6872520e+06   4.8522949e+01
   9.6872620e+06   3.0944824e+01
   9.6872860e+06   4.1503906e+01
   9.6873010e+06   4.4555664e+01
   9.6873380e+06   3.7048340e+01
   9.6873530e+06   3.7475586e+01
   9.6873760e+06   2.8747559e+01
   9.6874220e+06   2.8442383e+01
   9.6875820e+06   2.8076172e+01
   9.6879790e+06   2.7893066e+01
   9.6880080e+06   3.3996582e+01
   9.6880830e+06   3.3386230e+01
   9.7499840e+06   6.0791016e+01
   9.7500030e+06   3.1616211e+01
   9.7500210e+06   7.0556641e+01
   9.7500520e+06   4.1320801e+01
   9.7500650e+06   4.1992188e+01
   9.7500950e+06   3.8940430e+01
   9.7501260e+06   3.4362793e+01
   9.7501370e+06   2.7526855e+01
   9.7501860e+06   3.3691406e+01
   9.7506380e+06   2.9541016e+01
   9.7507330e+06   3.9794922e+01
   9.7509540e+06   2.8381348e+01
   9.7511520e+06   2.8747559e+01
   9.7518960e+06   2.9357910e+01
   9.8466760e+06   3.4301758e+01
   9.8467320e+06   2.9235840e+01
   9.8467950e+06   2.8381348e+01
   9.8468570e+06   3.5827637e+01
   9.8469740e+06   2.7526855e+01
   9.8469840e+06   2.8259277e+01
   9.8470340e+06   4.4250488e+01
   9.8470700e+06   5.0109863e+01
   9.8471410e+06   5.0903320e+01
   9.8471560e+06   3.0517578e+01
   9.8472280e+06   6.5429688e+01
   9.8472550e+06   4.9377441e+01
   9.8472700e+06   2.7893066e+01
   9.8473070e+06   2.9968262e+01
   9.8474000e+06   2.7648926e+01
   9.8474520e+06   2.8137207e+01
   9.8476590e+06   2.8320313e+01
   9.8479450e+06   2.8015137e+01
   9.8486080e+06   2.8259277e+01
   9.9510680e+06   2.8076172e+01
   9.9513670e+06   3.5888672e+01
   9.9520750e+06   3.0212402e+01
   9.9521140e+06   2.8137207e+01
   1.0011786e+07   3.0944824e+01
   1.0011863e+07   3.1433105e+01
   1.0012069e+07   2.7893066e+01
   1.0012274e+07   3.2348633e+01
   1.0012444e+07   3.7780762e+01
   1.0012671e+07   3.1921387e+01
   1.0012823e+07   3.0212402e+01
   1.0028716e+07   2.7954102e+01
   1.0028840e+07   2.7893066e+01
   1.0029084e+07   3.4667969e+01
   1.0029512e+07   2.8930664e+01
   1.0055994e+07   3.2043457e+01
   1.0056082e+07   3.1433105e+01
   1.0056110e+07   3.0639648e+01
   1.0056227e+07   3.8818359e+01
   1.0056262e+07   2.8320313e+01
   1.0056725e+07   3.2592773e+01
   1.0056926e+07   2.7587891e+01
   1.0057901e+07   3.0883789e+01
   1.0074537e+07   2.9052734e+01
   1.0106265e+07   3.7231445e+01
   1.0106320e+07   2.8503418e+01
   1.0106474e+07   2.7954102e+01
   1.0106924e+07   2.7648926e+01
   1.0107624e+07   2.9968262e+01
   1.0149843e+07   3.7597656e+01
   1.0149905e+07   2.9235840e+01
   1.0150023e+07   3.1738281e+01
   1.0150198e+07   2.9846191e+01
   1.0150211e+07   2.9724121e+01
   1.0150465e+07   2.7587891e+01
   1.0150594e+07   2.9846191e+01
   1.0151687e+07   2.8198242e+01
   1.0152168e+07   3.3752441e+01
   1.0194719e+07   3.5949707e+01
   1.0194902e+07   2.8930664e+01
   1.0195569e+07   3.1188965e+01
   1.0196017e+07   3.1188965e+01
   1.0196204e+07   2.8503418e+01
   1.0197831e+07   2.9846191e+01
   1.0209603e+07   3.4667969e+01
   1.0209829e+07   2.8991699e+01
   1.0210070e+07   3.1127930e+01
   1.0210532e+07   3.1677246e+01
   1.0211748e+07   3.0334473e+01
   1.0212266e+07   2.7893066e+01
   1.0213306e+07   2.9602051e+01
   1.0260694e+07   3.6010742e+01
   1.0260907e+07   3.6682129e+01
   1.0261110e+07   2.8442383e+01
   1.0261670e+07   3.1555176e+01
   1.0262406e+07   2.8503418e+01
   1.0263312e+07   2.7954102e+01
   1.0299522e+07   3.1799316e+01
   1.0299662e+07   3.0151367e+01
   1.0299731e+07   3.2897949e+01
   1.0299902e+07   3.3020020e+01
   1.0299960e+07   3.1372070e+01
   1.0300234e+07   2.9602051e+01
   1.0300592e+07   2.8869629e+01
   1.0301563e+07   2.9541016e+01
   1.0341984e+07   2.8747559e+01
   1.0342036e+07   2.8198242e+01
   1.0342386e+07   3.0456543e+01
   1.0342537e+07   2.8686523e+01
   1.0342739e+07   2.9113770e+01
   1.0343178e+07   3.0395508e+01
   1.0367377e+07   2.8137207e+01
   1.0383208e+07   3.4362793e+01
   1.0383374e+07   3.0395508e+01
   1.0383718e+07   2.9174805e+01
   1.0385154e+07   2.9113770e+01
   1.0425310e+07   2.8198242e+01
   1.0425557e+07   2.8869629e+01
   1.0425639e+07   2.7832031e+01
   1.0425762e+07   2.9052734e+01
   1.0426953e+07   2.8137207e+01
   1.0427450e+07   3.6804199e+01
   1.0459637e+07   4.2236328e+01
   1.0459704e+07   2.8198242e+01
   1.0459756e+07   2.7954102e+01
   1.0459794e+07   3.1188965e+01
   1.0459993e+07   3.8330078e+01
   1.0495741e+07   2.8076172e+01
   1.0519926e+07   3.2531738e+01
   1.0520287e+07   3.4057617e+01
   1.0521268e+07   3.0029297e+01
   1.0521747e+07   3.1555176e+01
   1.0569281e+07   2.9479980e+01
   1.0569390e+07   2.7709961e+01
   1.0569584e+07   3.2897949e+01
   1.0569885e+07   2.8930664e+01
   1.0620805e+07   3.0700684e+01
   1.0621077e+07   3.5827637e+01
   1.0621163e+07   4.4067383e+01
   1.0621556e+07   3.5278320e+01
   1.0621942e+07   2.7832031e+01
   1.0622937e+07   3.0456543e+01
   1.0676463e+07   3.5339355e+01
   1.0676530e+07   3.2958984e+01
   1.0676807e+07   2.7954102e+01
   1.0676981e+07   2.8198242e+01
   1.0677591e+07   3.4484863e+01
   1.0711663e+07   3.6987305e+01
   1.0711915e+07   3.1921387e+01
   1.0712062e+07   3.2836914e+01
   1.0712119e+07   2.8320312e+01
   1.0712354e+07   2.9235840e+01
   1.0764353e+07   3.2897949e+01
   1.0764417e+07   3.2897949e+01
   1.0764591e+07   2.7648926e+01
   1.0764698e+07   2.9174805e+01
   1.0764726e+07   3.3508301e+01
   1.0765067e+07   2.8686523e+01
   1.0765286e+07   3.3386230e+01
   1.0766006e+07   2.8503418e+01
   1.0804258e+07   3.1250000e+01
   1.0804762e+07   2.7587891e+01
   1.0805043e+07   3.0212402e+01
   1.0805797e+07   3.0029297e+01
   1.0807617e+07   2.8625488e+01
   1.0874169e+07   3.3691406e+01
   1.0874458e+07   3.0273438e+01
   1.0874559e+07   3.2897949e+01
   1.0874755e+07   2.8198242e+01
   1.0875079e+07   3.4362793e+01
   1.0937278e+07   3.8330078e+01
   1.0937363e+07   3.1188965e+01
   1.0937800e+07   3.2287598e+01
   1.0937971e+07   3.0334473e+01
   1.0938313e+07   2.8137207e+01
   1.0938783e+07   2.8808594e+01
   1.0940773e+07   2.9052734e+01
   1.0940906e+07   3.2104492e+01
   1.0969999e+07   2.8930664e+01
   1.0970051e+07   2.8137207e+01
   1.0970099e+07   2.7709961e+01
   1.0970399e+07   3.0700684e+01
   1.0970860e+07   2.9785156e+01
   1.0971106e+07   3.3996582e+01
   1.1032260e+07   2.8076172e+01
   1.1032331e+07   2.9357910e+01
   1.1032564e+07   2.7587891e+01
   1.1032786e+07   2.8808594e+01
   1.1033133e+07   4.1564941e+01
   1.1033475e+07   2.8198242e+01
   1.1033640e+07   2.8137207e+01
   1.1034853e+07   3.0334473e+01
   1.1035178e+07   3.9916992e+01
   1.1035206e+07   4.0100098e+01
   1.1035226e+07   5.6152344e+01
   1.1035254e+07   3.5400391e+01
   1.1035265e+07   4.2053223e+01
   1.1035294e+07   3.1311035e+01
   1.1035308e+07   3.6499023e+01
   1.1035466e+07   2.9663086e+01
   1.1035647e+07   2.9785156e+01
   1.1117640e+07   3.1066895e+01
   1.1117692e+07   2.8686523e+01
   1.1117718e+07   3.0761719e+01
   1.1117748e+07   2.8686523e+01
   1.1117841e+07   2.9785156e+01
   1.1118005e+07   2.9296875e+01
   1.1118187e+07   2.9113770e+01
   1.1118216e+07   2.9907227e+01
   1.1118273e+07   5.4565430e+01
   1.1118306e+07   2.7648926e+01
   1.1118343e+07   3.4545898e+01
   1.1118355e+07   7.5927734e+01
   1.1118400e+07   3.1982422e+01
   1.1118435e+07   2.9785156e+01
   1.1118491e+07   2.7893066e+01
   1.1118556e+07   2.7954102e+01
   1.1118608e+07   2.8625488e+01
   1.1118639e+07   3.0090332e+01
   1.1203025e+07   3.0700684e+01
   1.1203083e+07   2.9052734e+01
   1.1203147e+07   3.3935547e+01
   1.1203224e+07   2.7954102e+01
   1.1203261e+07   2.8381348e+01
   1.1203614e+07   3.9428711e+01
   1.1203746e+07   3.0334473e+01
   1.1203844e+07   3.1799316e+01
   1.1204575e+07   2.8259277e+01
   1.1271995e+07   3.3386230e+01
   1.1272122e+07   3.3447266e+01
   1.1272198e+07   4.2785645e+01
   1.1272297e+07   4.3762207e+01
   1.1272623e+07   2.8808594e+01
   1.1272681e+07   2.9296875e+01
   1.1273142e+07   3.6010742e+01
   1.1293270e+07   3.6987305e+01
   1.1293588e+07   3.5644531e+01
   1.1325758e+07   2.7893066e+01
   1.1719839e+07   6.2438965e+01
   1.1719855e+07   3.8330078e+01
   1.1719876e+07   3.6865234e+01
   1.1719911e+07   3.5400391e+01
   1.1719942e+07   4.6691895e+01
   1.1719963e+07   3.9367676e+01
   1.1720012e+07   3.3813477e+01
   1.1720024e+07   3.5217285e+01
   1.1720058e+07   3.6437988e+01
   1.1720080e+07   2.9968262e+01
   1.1720318e+07   3.4667969e+01
   1.1720338e+07   3.2348633e+01
   1.1720498e+07   2.9663086e+01
   1.1720566e+07   2.8137207e+01
   1.1720596e+07   3.1616211e+01
   1.1720726e+07   3.0273438e+01
   1.1720750e+07   3.0334473e+01
   1.1720813e+07   3.2104492e+01
   1.1720903e+07   2.8503418e+01
   1.1721296e+07   3.3996582e+01
   1.1721446e+07   3.1372070e+01
   1.1721593e+07   2.9602051e+01
   1.1786169e+07   3.0761719e+01
   1.1786201e+07   5.7739258e+01
   1.1786235e+07   5.6884766e+01
   1.1786258e+07   3.4912109e+01
   1.1786277e+07   3.4179688e+01
   1.1786313e+07   3.9245605e+01
   1.1786338e+07   3.1433105e+01
   1.1786350e+07   2.8686523e+01
   1.1786422e+07   3.2287598e+01
   1.1786547e+07   3.0639648e+01
   1.1786594e+07   2.9479980e+01
   1.1786888e+07   2.9602051e+01
   1.1838184e+07   3.4240723e+01
   1.1838199e+07   6.1584473e+01
   1.1838228e+07   4.6447754e+01
   1.1838248e+07   2.9541016e+01
   1.1838274e+07   3.5339355e+01
   1.1838292e+07   3.3386230e+01
   1.1838321e+07   2.9235840e+01
   1.1838387e+07   3.0883789e+01
   1.1838526e+07   2.8137207e+01
   1.1838563e+07   3.8635254e+01
   1.1839756e+07   3.1555176e+01
   1.1840847e+07   2.8381348e+01
   1.1889719e+07   3.9489746e+01
   1.1889773e+07   3.9001465e+01
   1.1889792e+07   8.4838867e+01
   1.1889825e+07   8.3435059e+01
   1.1889844e+07   4.9621582e+01
   1.1889872e+07   4.4494629e+01
   1.1889902e+07   3.4057617e+01
   1.1889949e+07   3.7780762e+01
   1.1890106e+07   2.8381348e+01
   1.1890480e+07   3.1982422e+01
   1.1890725e+07   2.8869629e+01
   1.1891033e+07   2.8259277e+01
   1.1891526e+07   3.0151367e+01
   1.1892143e+07   3.1372070e+01
   1.1933799e+07   3.9306641e+01
   1.1933933e+07   4.7180176e+01
   1.1933953e+07   3.0639648e+01
   1.1934002e+07   2.8991699e+01
   1.1934020e+07   6.6650391e+01
   1.1934037e+07   3.1188965e+01
   1.1934064e+07   6.0607910e+01
   1.1934079e+07   2.8503418e+01
   1.1934094e+07   3.0944824e+01
   1.1934125e+07   2.7893066e+01
   1.1934135e+07   4.4128418e+01
   1.1934184e+07   2.7770996e+01
   1.1934203e+07   2.9541016e+01
   1.1934233e+07   2.9846191e+01
   1.1934404e+07   3.8208008e+01
   1.1934541e+07   2.8503418e+01
   1.1979002e+07   3.4118652e+01
   1.1979071e+07   3.2165527e+01
   1.1979085e+07   7.6538086e+01
   1.1979123e+07   7.0495605e+01
   1.1979148e+07   4.3762207e+01
   1.1979183e+07   3.1921387e+01
   1.1979213e+07   3.0151367e+01
   1.1979260e+07   3.0456543e+01
   1.1979349e+07   3.2043457e+01
   1.1979495e+07   3.0395508e+01
