   1.1999000e+07   0.0000000e+00
   8.3820000e+03   1.4526367e+01
   1.3224000e+04   1.5075684e+01
   2.4038000e+04   1.3854980e+01
   4.1398000e+04   2.1606445e+01
   4.1441000e+04   1.5075684e+01
   4.1468000e+04   1.7822266e+01
   4.1590000e+04   1.4038086e+01
   7.4294000e+04   1.4465332e+01
   1.0330600e+05   1.3916016e+01
   1.1037700e+05   1.3732910e+01
   1.1535600e+05   1.4648438e+01
   1.2214200e+05   1.4221191e+01
   1.3277500e+05   1.5014648e+01
   1.6669300e+05   1.4343262e+01
   1.6784700e+05   1.4160156e+01
   1.6912900e+05   1.5136719e+01
   1.8196000e+05   1.4221191e+01
   3.2482200e+05   1.3732910e+01
   3.4656300e+05   1.4953613e+01
   3.4659600e+05   1.5380859e+01
   3.4661600e+05   1.5563965e+01
   4.2528800e+05   1.3732910e+01
   5.0074700e+05   1.4099121e+01
   5.0079000e+05   2.4658203e+01
   5.0109100e+05   1.4038086e+01
   6.7253100e+05   1.7822266e+01
   7.9503600e+05   1.4160156e+01
   9.4729300e+05   1.4709473e+01
   9.4738800e+05   1.4953613e+01
   9.4759300e+05   1.5625000e+01
   9.9419000e+05   1.4953613e+01
   1.1205830e+06   3.2287598e+01
   1.1206540e+06   1.4465332e+01
   1.1207600e+06   1.3916016e+01
   1.1208990e+06   1.4343262e+01
   1.1225500e+06   1.3977051e+01
   1.1745080e+06   1.4587402e+01
   1.2446070e+06   1.4526367e+01
   1.2446290e+06   1.6662598e+01
   1.2446510e+06   1.7700195e+01
   1.2446630e+06   1.6723633e+01
   1.2449700e+06   1.4221191e+01
   1.2449930e+06   1.4038086e+01
   1.2465850e+06   1.4221191e+01
   1.5922950e+06   1.6418457e+01
   1.5923050e+06   1.7883301e+01
   1.5923290e+06   2.3437500e+01
   1.5923570e+06   1.4587402e+01
   1.5927500e+06   1.3916016e+01
   1.5939640e+06   1.4831543e+01
   1.6919050e+06   1.9165039e+01
   1.6919660e+06   2.2277832e+01
   1.6919790e+06   1.8432617e+01
   1.6920090e+06   1.5747070e+01
   1.6920400e+06   1.4282227e+01
   1.6923600e+06   1.3854980e+01
   1.8667700e+06   1.7883301e+01
   1.8667980e+06   2.0324707e+01
   1.8668920e+06   1.6723633e+01
   1.9280230e+06   1.4221191e+01
   1.9281150e+06   1.7700195e+01
   1.9281320e+06   1.3793945e+01
   1.9281830e+06   1.8676758e+01
   1.9282070e+06   1.4343262e+01
   1.9282190e+06   1.5625000e+01
   1.9282730e+06   1.5686035e+01
   1.9283360e+06   1.4038086e+01
   1.9522840e+06   1.3854980e+01
   1.9523960e+06   1.4953613e+01
   1.9524140e+06   1.4099121e+01
   1.9524470e+06   1.5991211e+01
   1.9525090e+06   1.6052246e+01
   1.9525410e+06   1.4404297e+01
   1.9525520e+06   1.8127441e+01
   1.9526370e+06   1.5380859e+01
   1.9526850e+06   1.3854980e+01
   1.9527200e+06   1.4221191e+01
   1.9530290e+06   1.4953613e+01
   1.9776100e+06   1.7700195e+01
   1.9776490e+06   1.5563965e+01
   1.9777160e+06   1.7822266e+01
   2.0039510e+06   1.3916016e+01
   2.0079240e+06   1.7456055e+01
   2.0079790e+06   1.7089844e+01
   2.0080230e+06   1.5930176e+01
   2.0081540e+06   1.8432617e+01
   2.0387320e+06   1.5014648e+01
   2.0388060e+06   1.5563965e+01
   2.0388690e+06   1.7517090e+01
   2.0388790e+06   1.4282227e+01
   2.0389090e+06   1.8066406e+01
   2.0389300e+06   1.6601563e+01
   2.1388330e+06   1.3732910e+01
   2.1389040e+06   1.4953613e+01
   2.1389750e+06   1.3854980e+01
   2.1393620e+06   1.4038086e+01
   2.1393810e+06   2.0202637e+01
   2.1394130e+06   1.9897461e+01
   2.1394350e+06   1.3732910e+01
   2.6069830e+06   1.4526367e+01
   2.6757910e+06   1.5197754e+01
   2.7863790e+06   1.4465332e+01
   2.8642640e+06   2.0996094e+01
   2.8642910e+06   1.5747070e+01
   2.8644060e+06   1.4343262e+01
   2.8645620e+06   1.3916016e+01
   2.9566520e+06   1.4221191e+01
   3.0199090e+06   1.6662598e+01
   3.0199380e+06   2.8869629e+01
   3.0215740e+06   1.4892578e+01
   3.2542680e+06   1.6479492e+01
   3.2543030e+06   1.5014648e+01
   3.2563900e+06   1.8005371e+01
   3.5197840e+06   1.6906738e+01
   3.5197990e+06   1.6845703e+01
   3.5198230e+06   1.6845703e+01
   3.5201110e+06   1.4343262e+01
   3.7065670e+06   1.7944336e+01
   3.7066030e+06   1.5502930e+01
   3.7066670e+06   1.6113281e+01
   3.7068050e+06   1.4526367e+01
   3.8388510e+06   1.4099121e+01
   3.8388690e+06   1.5075684e+01
   3.8389050e+06   3.1494141e+01
   3.8389340e+06   1.4648438e+01
   3.8620910e+06   1.6296387e+01
   3.8621460e+06   1.3916016e+01
   3.8621710e+06   1.5869141e+01
   3.8622190e+06   1.5319824e+01
   3.8622360e+06   1.4709473e+01
   3.8623000e+06   1.4404297e+01
   4.0763160e+06   1.5563965e+01
   4.1836200e+06   1.4770508e+01
   4.1836330e+06   1.8676758e+01
   4.1836640e+06   3.0517578e+01
   4.1838950e+06   1.5991211e+01
   4.1839510e+06   1.4221191e+01
   4.1840050e+06   1.4526367e+01
   4.1840630e+06   1.5991211e+01
   4.3990630e+06   1.6601563e+01
   4.4012510e+06   1.4038086e+01
   4.5932320e+06   1.3977051e+01
   4.6141820e+06   1.4099121e+01
   4.6363820e+06   1.6784668e+01
   4.6364080e+06   1.8432617e+01
   5.0029650e+06   1.4221191e+01
   5.0029930e+06   2.7343750e+01
   5.0030190e+06   1.6418457e+01
   5.0032510e+06   1.7333984e+01
   5.0048500e+06   1.5869141e+01
   5.0833460e+06   1.4587402e+01
   5.3022770e+06   1.6967773e+01
   5.3022970e+06   1.4648438e+01
   5.6248390e+06   1.7211914e+01
   5.6248510e+06   1.6845703e+01
   5.6248860e+06   3.5400391e+01
   5.6250000e+06   1.6845703e+01
   5.9062360e+06   1.5380859e+01
   5.9062630e+06   2.8015137e+01
   5.9064810e+06   1.4831543e+01
   6.1193640e+06   1.8066406e+01
   6.1193920e+06   2.1606445e+01
   6.1196460e+06   1.6357422e+01
   6.1196800e+06   1.4404297e+01
   6.1215450e+06   1.5991211e+01
   6.2141360e+06   1.6052246e+01
   6.2143290e+06   1.7944336e+01
   6.2143900e+06   1.7517090e+01
   6.2144350e+06   1.6723633e+01
   6.2145060e+06   1.5930176e+01
   6.2145280e+06   1.5625000e+01
   6.2540400e+06   1.7150879e+01
   6.2540730e+06   1.4343262e+01
   6.2540830e+06   1.8371582e+01
   6.2541160e+06   1.5930176e+01
   6.2541840e+06   1.4953613e+01
   6.2773970e+06   1.7700195e+01
   6.2774310e+06   2.3498535e+01
   6.2774510e+06   1.7272949e+01
   6.2774920e+06   1.8188477e+01
   6.3387130e+06   1.4831543e+01
   6.3388030e+06   1.4709473e+01
   6.3388390e+06   2.3620605e+01
   6.3388520e+06   1.7089844e+01
   6.3388890e+06   1.9836426e+01
   6.3389320e+06   1.6601563e+01
   6.3389450e+06   1.9958496e+01
   6.3390110e+06   1.4465332e+01
   6.3394230e+06   1.4221191e+01
   6.3586310e+06   1.4343262e+01
   6.3586560e+06   1.6906738e+01
   6.3586760e+06   1.5991211e+01
   6.3587280e+06   1.4953613e+01
   6.3587570e+06   1.6113281e+01
   6.3588200e+06   1.4038086e+01
   6.3588890e+06   1.4404297e+01
   6.3596800e+06   1.4343262e+01
   6.3913090e+06   1.4038086e+01
   6.3913690e+06   1.9348145e+01
   6.3914050e+06   2.0263672e+01
   6.3914490e+06   1.4770508e+01
   6.3915010e+06   1.7944336e+01
   6.4330350e+06   1.7578125e+01
   6.4330840e+06   2.2033691e+01
   6.4331300e+06   1.7517090e+01
   6.8935130e+06   1.5869141e+01
   6.9155920e+06   1.5197754e+01
   7.1299220e+06   1.4892578e+01
   7.1299460e+06   2.0019531e+01
   7.1301530e+06   1.6601562e+01
   7.1317740e+06   1.5014648e+01
   7.3023340e+06   2.4658203e+01
   7.3023510e+06   2.0141602e+01
   7.3026980e+06   1.4892578e+01
   7.3872160e+06   1.4099121e+01
   7.4433480e+06   1.4465332e+01
   7.4433700e+06   2.2399902e+01
   7.4434060e+06   2.7282715e+01
   7.4434660e+06   1.5319824e+01
   7.4435750e+06   1.3977051e+01
   7.5749380e+06   1.4160156e+01
   7.5752210e+06   1.3977051e+01
   7.5752360e+06   1.4282227e+01
   7.5753340e+06   1.5014648e+01
   7.8170670e+06   1.4465332e+01
   7.8171380e+06   1.6784668e+01
   7.8171770e+06   2.2460938e+01
   7.8172030e+06   1.8493652e+01
   7.8175510e+06   1.4892578e+01
   8.1366870e+06   1.4099121e+01
   8.4093200e+06   2.4597168e+01
   8.4093490e+06   2.3742676e+01
   8.4096450e+06   1.5136719e+01
   8.8743220e+06   2.2094727e+01
   8.8743580e+06   2.5085449e+01
   8.8745570e+06   1.6052246e+01
   9.2278870e+06   1.4953613e+01
   9.2278990e+06   1.9226074e+01
   9.2279290e+06   2.1850586e+01
   9.2283110e+06   1.4221191e+01
   9.4541150e+06   1.7944336e+01
   9.4543790e+06   1.6174316e+01
   9.4556410e+06   1.3977051e+01
   9.4762440e+06   1.5014648e+01
   9.4786770e+06   1.4709473e+01
   9.6749290e+06   1.5197754e+01
   9.9407290e+06   1.4282227e+01
   9.9966090e+06   1.4282227e+01
   1.0179546e+07   1.4038086e+01
   1.0179573e+07   1.5808105e+01
   1.0179891e+07   1.4953613e+01
   1.0374310e+07   1.5319824e+01
   1.0427349e+07   1.8310547e+01
   1.0427378e+07   2.3193359e+01
   1.0427536e+07   1.4343262e+01
   1.0596636e+07   1.7333984e+01
   1.0596664e+07   1.7578125e+01
   1.0596986e+07   1.5258789e+01
   1.0598852e+07   1.4404297e+01
   1.1115468e+07   1.7639160e+01
   1.1115492e+07   2.3864746e+01
   1.1226778e+07   1.5258789e+01
   1.1226826e+07   2.1545410e+01
   1.1226854e+07   1.4648437e+01
   1.1616346e+07   1.6357422e+01
   1.1618440e+07   1.8249512e+01
