   1.1999000e+07   0.0000000e+00
   5.0074700e+05   1.9592285e+01
   9.4722800e+05   1.8371582e+01
   1.2446570e+06   2.1057129e+01
   1.3626870e+06   1.9104004e+01
   1.5943300e+06   1.8676758e+01
   1.6919110e+06   1.8493652e+01
   1.8667170e+06   1.8737793e+01
   1.8667550e+06   2.1484375e+01
   1.9526750e+06   2.3132324e+01
   2.0079380e+06   1.8676758e+01
   2.0387430e+06   2.0141602e+01
   2.0387900e+06   2.4841309e+01
   2.8643560e+06   1.9104004e+01
   3.2543310e+06   1.8798828e+01
   3.5198190e+06   1.9165039e+01
   3.5198390e+06   1.9592285e+01
   3.8388290e+06   2.2460938e+01
   3.9485120e+06   1.8981934e+01
   4.1836000e+06   1.9104004e+01
   4.6363210e+06   1.9653320e+01
   4.6363400e+06   1.9226074e+01
   4.9974450e+06   1.9531250e+01
   5.0029610e+06   1.8432617e+01
   5.0340290e+06   1.9409180e+01
   5.3022300e+06   2.1728516e+01
   5.3022660e+06   1.8920898e+01
   5.6248070e+06   1.8798828e+01
   5.9061940e+06   2.4353027e+01
   6.1193270e+06   2.1972656e+01
   6.1193490e+06   1.9409180e+01
   6.2540940e+06   2.2033691e+01
   6.2774260e+06   1.8981934e+01
   6.3389110e+06   1.8493652e+01
   6.3390020e+06   1.9348145e+01
   6.3405840e+06   1.9165039e+01
   6.3582710e+06   2.0202637e+01
   6.3913070e+06   2.1423340e+01
   6.4330490e+06   1.9531250e+01
   7.1299000e+06   1.9897461e+01
   7.1299300e+06   1.8676758e+01
   7.3022910e+06   1.9714355e+01
   7.5753830e+06   1.9775391e+01
   7.8171740e+06   1.9714355e+01
   8.4092960e+06   1.8920898e+01
   9.2278660e+06   1.8981934e+01
   9.2279390e+06   1.8798828e+01
   9.4540890e+06   1.9653320e+01
   9.6749040e+06   2.0385742e+01
   1.0179554e+07   2.2094727e+01
   1.0179595e+07   1.8859863e+01
   1.0427293e+07   2.0141602e+01
   1.0427340e+07   1.9165039e+01
   1.1226844e+07   2.2521973e+01
   1.1226862e+07   2.0935059e+01
