   1.1999000e+07   0.0000000e+00
   4.1380000e+04   1.8798828e+01
   4.1398000e+04   2.4597168e+01
   4.1412000e+04   1.9226074e+01
   4.1448000e+04   2.2888184e+01
   3.4657900e+05   1.8066406e+01
   3.4660800e+05   2.3437500e+01
   5.0072400e+05   2.6367188e+01
   5.0076400e+05   1.9470215e+01
   5.0078600e+05   1.9836426e+01
   9.4729000e+05   1.8310547e+01
   9.4731700e+05   1.9470215e+01
   9.4734900e+05   2.7893066e+01
   1.1205040e+06   1.8066406e+01
   1.1205430e+06   1.8066406e+01
   1.1205690e+06   1.8249512e+01
   1.2444970e+06   2.6245117e+01
   1.2445260e+06   3.1677246e+01
   1.2445560e+06   2.0385742e+01
   1.5921840e+06   2.3620605e+01
   1.5922110e+06   2.1362305e+01
   1.5922340e+06   1.9348145e+01
   1.6919310e+06   1.8127441e+01
   1.6919560e+06   1.8371582e+01
   1.6919950e+06   1.9897461e+01
   1.6920080e+06   1.8066406e+01
   1.8667800e+06   2.1850586e+01
   1.8668100e+06   2.2155762e+01
   1.9283080e+06   2.3620605e+01
   1.9283520e+06   1.9531250e+01
   1.9283890e+06   2.4353027e+01
   1.9528050e+06   1.8920898e+01
   1.9528450e+06   1.8188477e+01
   1.9528550e+06   2.4230957e+01
   1.9529340e+06   1.9897461e+01
   1.9529540e+06   1.8981934e+01
   1.9777420e+06   1.8981934e+01
   1.9777820e+06   2.0690918e+01
   1.9778090e+06   1.8615723e+01
   1.9778310e+06   1.9775391e+01
   2.0080780e+06   1.9470215e+01
   2.0081800e+06   2.2399902e+01
   2.0390030e+06   2.2277832e+01
   2.0390700e+06   1.9042969e+01
   2.0390910e+06   1.9775391e+01
   2.0391150e+06   2.1362305e+01
   2.0391850e+06   1.9958496e+01
   2.1395440e+06   2.1240234e+01
   2.1395630e+06   1.9592285e+01
   2.8641690e+06   2.8686523e+01
   2.8642050e+06   2.5329590e+01
   2.8642710e+06   1.8737793e+01
   3.0198720e+06   2.1179199e+01
   3.0198920e+06   2.2277832e+01
   3.0199200e+06   1.8066406e+01
   3.2541460e+06   2.3803711e+01
   3.2541630e+06   2.9357910e+01
   3.2541730e+06   1.7700195e+01
   3.2542110e+06   2.0446777e+01
   3.2542220e+06   1.9714355e+01
   3.5196770e+06   2.0996094e+01
   3.5197060e+06   2.7404785e+01
   3.5197460e+06   2.4658203e+01
   3.5197590e+06   2.0446777e+01
   3.7064570e+06   3.1066895e+01
   3.7065720e+06   2.0324707e+01
   3.8388000e+06   2.1484375e+01
   3.8388170e+06   2.8564453e+01
   3.8388900e+06   2.5695801e+01
   3.8389020e+06   1.8554687e+01
   3.8389410e+06   1.7517090e+01
   3.8620530e+06   1.8432617e+01
   3.8620690e+06   1.7456055e+01
   3.8811760e+06   1.7883301e+01
   4.1836480e+06   1.8737793e+01
   4.1836710e+06   2.2888184e+01
   4.1837070e+06   1.9348145e+01
   4.6363620e+06   1.8920898e+01
   4.6363820e+06   1.7578125e+01
   4.6363960e+06   2.4841309e+01
   4.6364330e+06   1.9470215e+01
   4.6364430e+06   2.1606445e+01
   5.0029360e+06   2.0874023e+01
   5.0029590e+06   2.1484375e+01
   5.0030050e+06   1.8249512e+01
   5.0030460e+06   2.2949219e+01
   5.3022970e+06   2.1728516e+01
   5.3023370e+06   2.0690918e+01
   5.6248150e+06   2.1911621e+01
   5.6248380e+06   1.8188477e+01
   5.6248740e+06   2.6184082e+01
   5.6248920e+06   2.2094727e+01
   5.9062430e+06   1.8737793e+01
   5.9062790e+06   2.3071289e+01
   6.0593490e+06   1.8493652e+01
   6.1193200e+06   1.8737793e+01
   6.1193650e+06   1.9897461e+01
   6.1193930e+06   2.2460938e+01
   6.2145960e+06   2.0080566e+01
   6.2146250e+06   2.0751953e+01
   6.2146520e+06   2.7038574e+01
   6.2146720e+06   2.7221680e+01
   6.2536250e+06   1.7944336e+01
   6.2538620e+06   2.5939941e+01
   6.2538920e+06   1.9775391e+01
   6.2539360e+06   1.7761230e+01
   6.2775860e+06   1.8676758e+01
   6.2776440e+06   1.8371582e+01
   6.2777480e+06   1.8981934e+01
   6.3386640e+06   2.0385742e+01
   6.3386810e+06   1.8310547e+01
   6.3387270e+06   2.5268555e+01
   6.3387710e+06   2.3742676e+01
   6.3387820e+06   2.1362305e+01
   6.3588020e+06   1.9165039e+01
   6.3588300e+06   2.0446777e+01
   6.3588580e+06   1.8737793e+01
   6.3914320e+06   1.8676758e+01
   6.3914830e+06   1.7639160e+01
   6.3916080e+06   2.0202637e+01
   6.3916530e+06   1.8188477e+01
   6.4332730e+06   2.0690918e+01
   6.4333330e+06   1.9226074e+01
   6.4333810e+06   1.8432617e+01
   6.4334190e+06   1.7700195e+01
   6.4334450e+06   1.8249512e+01
   7.1298820e+06   1.7578125e+01
   7.1299240e+06   1.8676758e+01
   7.1299400e+06   2.0385742e+01
   7.1299870e+06   2.1972656e+01
   7.1299980e+06   2.0385742e+01
   7.3023160e+06   1.8676758e+01
   7.3023430e+06   1.9042969e+01
   7.3023710e+06   1.9165039e+01
   7.4433410e+06   1.7761230e+01
   7.4433600e+06   1.7395020e+01
   7.4433920e+06   2.0141602e+01
   7.4434070e+06   2.2644043e+01
   7.5751850e+06   2.0751953e+01
   7.5752410e+06   1.7883301e+01
   7.7549930e+06   1.8066406e+01
   7.8170800e+06   2.0568848e+01
   7.8171120e+06   1.8920898e+01
   7.9583870e+06   1.8371582e+01
   8.4093050e+06   1.8798828e+01
   8.4093570e+06   1.9226074e+01
   8.4093860e+06   1.8249512e+01
   8.8742840e+06   2.2460937e+01
   8.8743040e+06   1.9409180e+01
   8.8743270e+06   2.3254395e+01
   9.0443220e+06   1.7639160e+01
   9.2278830e+06   2.2888184e+01
   9.2279420e+06   2.5024414e+01
   9.2279680e+06   1.9531250e+01
   9.4540580e+06   2.6000977e+01
   9.4540990e+06   2.2094727e+01
   9.4541110e+06   2.0019531e+01
   9.6748660e+06   3.0883789e+01
   9.6748910e+06   2.3254395e+01
   9.6749110e+06   1.8066406e+01
   9.6749580e+06   1.7761230e+01
   1.0179435e+07   1.8920898e+01
   1.0179447e+07   2.8625488e+01
   1.0179486e+07   2.0812988e+01
   1.0179633e+07   1.7639160e+01
   1.0427290e+07   1.8981934e+01
   1.0427382e+07   2.2155762e+01
   1.0596469e+07   1.7700195e+01
   1.0596537e+07   2.2033691e+01
   1.1115410e+07   2.0935059e+01
   1.1115431e+07   1.8066406e+01
   1.1115449e+07   1.9653320e+01
   1.1115474e+07   2.0080566e+01
   1.1226687e+07   1.9470215e+01
   1.1616167e+07   2.0874023e+01
   1.1616191e+07   1.8493652e+01
   1.1616243e+07   2.7770996e+01
