   1.1999000e+07   0.0000000e+00
   4.1374000e+04   1.9653320e+01
   5.0073300e+05   2.0385742e+01
   5.0075500e+05   2.4291992e+01
   5.0249400e+05   1.9531250e+01
   9.4725900e+05   2.0202637e+01
   1.1206310e+06   2.2094727e+01
   1.2447190e+06   2.4047852e+01
   1.5924240e+06   2.5939941e+01
   1.5926410e+06   1.9470215e+01
   1.9282520e+06   1.9470215e+01
   1.9283560e+06   2.1057129e+01
   2.0390310e+06   1.8981934e+01
   2.9852430e+06   2.0812988e+01
   3.0198860e+06   2.3498535e+01
   3.2543480e+06   1.9531250e+01
   3.8388550e+06   2.0141602e+01
   4.6367880e+06   2.2033691e+01
   5.0029570e+06   2.1606445e+01
   6.1193510e+06   2.1057129e+01
   6.2145900e+06   2.0629883e+01
   6.4325130e+06   2.0019531e+01
   6.4569680e+06   2.1606445e+01
   7.1068160e+06   2.0202637e+01
   7.4433440e+06   2.3925781e+01
   7.8171940e+06   2.0812988e+01
   9.4541180e+06   2.0446777e+01
   9.6749120e+06   2.1240234e+01
   1.0179544e+07   2.1423340e+01
   1.0179979e+07   1.9714355e+01
   1.0181244e+07   1.9531250e+01
   1.0427429e+07   2.2766113e+01
   1.0596717e+07   1.9775391e+01
   1.0986001e+07   1.9104004e+01
   1.1115462e+07   2.0324707e+01
