   1.1999000e+07   0.0000000e+00
   2.9262000e+04   1.8920898e+01
   2.9375000e+04   3.0212402e+01
   7.3463000e+04   1.9653320e+01
   7.3637000e+04   2.5573730e+01
   7.3953000e+04   2.2033691e+01
   1.0338000e+05   2.1423340e+01
   1.0359200e+05   2.6794434e+01
   1.3604600e+05   1.8981934e+01
   1.3621600e+05   1.8615723e+01
   1.3629300e+05   2.2521973e+01
   1.7155600e+05   2.5207520e+01
   1.7165100e+05   2.3864746e+01
   2.0149800e+05   2.5268555e+01
   2.2336600e+05   2.1911621e+01
   2.2342300e+05   1.9958496e+01
   2.2395700e+05   1.9287109e+01
   2.2415300e+05   1.9226074e+01
   2.2434000e+05   2.5146484e+01
   2.2436400e+05   2.2033691e+01
   2.2442500e+05   2.0751953e+01
   2.2461000e+05   1.9897461e+01
   2.2467300e+05   2.1911621e+01
   2.8100900e+05   1.9958496e+01
   2.8173100e+05   2.3559570e+01
   2.9815100e+05   1.9042969e+01
   2.9835000e+05   2.2155762e+01
   2.9844000e+05   2.1911621e+01
   3.3114000e+05   1.8859863e+01
   3.7282400e+05   2.3803711e+01
   4.0094500e+05   1.8737793e+01
   4.0154200e+05   2.7770996e+01
   4.0163600e+05   1.8615723e+01
   4.0192500e+05   2.5390625e+01
   4.0196100e+05   2.4658203e+01
   4.0199100e+05   1.9958496e+01
   4.0221100e+05   1.8615723e+01
   4.5610200e+05   2.0568848e+01
   4.5615300e+05   1.9592285e+01
   4.5715000e+05   2.1301270e+01
   4.5748900e+05   2.1057129e+01
   4.5754500e+05   2.5512695e+01
   4.5758100e+05   2.7160645e+01
   4.5760500e+05   2.0385742e+01
   4.5784100e+05   1.9348145e+01
   4.5794400e+05   2.1667480e+01
   4.5808100e+05   2.5817871e+01
   5.0353900e+05   1.9897461e+01
   5.2782300e+05   2.2583008e+01
   5.2856100e+05   2.3986816e+01
   5.2905200e+05   2.8625488e+01
   5.2907100e+05   2.1362305e+01
   5.2908800e+05   2.9113770e+01
   5.2911700e+05   1.9104004e+01
   5.2931700e+05   1.9409180e+01
   6.1217700e+05   1.9714355e+01
   6.4539400e+05   2.1667480e+01
   6.7973300e+05   1.9531250e+01
   6.8016400e+05   2.2033691e+01
   6.8029600e+05   1.8615723e+01
   6.8051600e+05   1.9714355e+01
   6.8056700e+05   2.6489258e+01
   6.8059100e+05   2.0507813e+01
   6.8062100e+05   2.0629883e+01
   6.8065600e+05   2.0568848e+01
   7.5784900e+05   2.3437500e+01
   7.5851200e+05   2.3742676e+01
   7.5861200e+05   1.8859863e+01
   7.5891700e+05   1.8737793e+01
   7.5901000e+05   3.1494141e+01
   7.5905600e+05   2.7160645e+01
   8.3181600e+05   2.0874023e+01
   8.3193700e+05   1.8615723e+01
   8.3216900e+05   2.1789551e+01
   8.3263600e+05   2.9602051e+01
   8.3267200e+05   2.5695801e+01
   8.3295400e+05   2.2216797e+01
   9.0624400e+05   2.2521973e+01
   9.0641600e+05   1.9836426e+01
   9.0647800e+05   2.9357910e+01
   9.0650200e+05   2.0019531e+01
   9.0656100e+05   2.4414063e+01
   9.0657100e+05   2.1423340e+01
   9.0663900e+05   1.8676758e+01
   9.0671100e+05   2.1057129e+01
   9.7300200e+05   2.0935059e+01
   9.7311200e+05   2.0141602e+01
   9.7322800e+05   1.8615723e+01
   9.7369600e+05   2.9602051e+01
   9.7373500e+05   1.8859863e+01
   9.7375400e+05   2.5512695e+01
   9.7378100e+05   2.1301270e+01
   9.7381600e+05   1.9226074e+01
   9.7384500e+05   2.3010254e+01
   9.7393400e+05   2.2949219e+01
   1.0422880e+06   2.0874023e+01
   1.0424370e+06   2.5207520e+01
   1.0936400e+06   2.1667480e+01
   1.0937640e+06   2.0874023e+01
   1.0939310e+06   2.2888184e+01
   1.0945720e+06   2.0385742e+01
   1.1348230e+06   1.8798828e+01
   1.1350120e+06   2.4597168e+01
   1.1351690e+06   2.0202637e+01
   1.1355920e+06   1.8737793e+01
   1.1358810e+06   1.9409180e+01
   1.1722230e+06   1.9470215e+01
   1.1723590e+06   2.0690918e+01
   1.1729730e+06   2.2094727e+01
   1.1733850e+06   2.4780273e+01
   1.1778610e+06   1.8737793e+01
   1.2231610e+06   2.4841309e+01
   1.2235500e+06   1.8920898e+01
   1.2266260e+06   1.9348145e+01
   1.2279800e+06   1.9348145e+01
   1.2557390e+06   3.3813477e+01
   1.2557670e+06   2.8198242e+01
   1.2557940e+06   2.0507813e+01
   1.2558040e+06   2.2277832e+01
   1.2558270e+06   1.9470215e+01
   1.2559240e+06   1.9348145e+01
   1.2559470e+06   1.9287109e+01
   1.2562670e+06   2.5756836e+01
   1.3205950e+06   2.1789551e+01
   1.3209620e+06   1.9836426e+01
   1.3210930e+06   2.0751953e+01
   1.3690380e+06   2.6367187e+01
   1.3690890e+06   1.8676758e+01
   1.3691330e+06   1.9775391e+01
   1.3695130e+06   1.8798828e+01
   1.3699700e+06   2.5146484e+01
   1.3725180e+06   1.9348145e+01
   1.3983350e+06   2.1972656e+01
   1.3984110e+06   2.4475098e+01
   1.4167090e+06   2.4047852e+01
   1.4167950e+06   2.1667480e+01
   1.4187130e+06   1.9165039e+01
   1.4366030e+06   2.1423340e+01
   1.4367650e+06   2.0996094e+01
   1.4517510e+06   2.4169922e+01
   1.4518290e+06   2.0385742e+01
   1.4520130e+06   1.8920898e+01
   1.4523290e+06   1.8676758e+01
   1.4582650e+06   1.8615723e+01
   1.4706140e+06   2.5512695e+01
   1.4707150e+06   2.1545410e+01
   1.4709330e+06   1.8798828e+01
   1.4870140e+06   2.1911621e+01
   1.4872030e+06   1.9226074e+01
   1.5051480e+06   1.8737793e+01
   1.5055030e+06   1.9775391e+01
   1.5198470e+06   2.0568848e+01
   1.5199560e+06   1.9042969e+01
   1.5201340e+06   2.0568848e+01
   1.5251740e+06   1.9653320e+01
   1.5363440e+06   2.3010254e+01
   1.5366270e+06   1.8798828e+01
   1.5403580e+06   1.9714355e+01
   1.5534890e+06   2.0751953e+01
   1.5538330e+06   2.2583008e+01
   1.5555790e+06   1.8859863e+01
   1.5716520e+06   2.0507812e+01
   1.5717040e+06   1.9958496e+01
   1.5718460e+06   1.9470215e+01
   1.5721110e+06   2.2277832e+01
   1.5858060e+06   2.0629883e+01
   1.5859890e+06   1.9470215e+01
   1.6115130e+06   2.1606445e+01
   1.6115870e+06   2.0019531e+01
   1.6117270e+06   1.9226074e+01
   1.6120160e+06   1.9348145e+01
   1.6351580e+06   1.9042969e+01
   1.6352940e+06   2.0263672e+01
   1.6356650e+06   2.1240234e+01
   1.6544810e+06   2.7343750e+01
   1.6546050e+06   1.8737793e+01
   1.6549850e+06   2.0263672e+01
   1.6694270e+06   2.0080566e+01
   1.6695370e+06   2.2766113e+01
   1.6696340e+06   1.9592285e+01
   1.6698840e+06   2.1972656e+01
   1.6860920e+06   2.8991699e+01
   1.6861890e+06   1.9348145e+01
   1.6864620e+06   1.9226074e+01
   1.6866740e+06   2.3010254e+01
   1.7093490e+06   2.4841309e+01
   1.7094430e+06   2.0690918e+01
   1.7098390e+06   2.0751953e+01
   1.7348280e+06   1.9775391e+01
   1.7351720e+06   1.9348145e+01
   1.7353540e+06   2.2155762e+01
   1.7632730e+06   2.6733398e+01
   1.7633570e+06   2.1301270e+01
   1.7635240e+06   1.8859863e+01
   1.8007360e+06   2.3254395e+01
   1.8010670e+06   2.1118164e+01
   1.8017890e+06   2.1545410e+01
   1.8141900e+06   2.4963379e+01
   1.8356530e+06   1.8615723e+01
   1.8358810e+06   1.9348145e+01
   1.8649480e+06   2.4291992e+01
   1.8653210e+06   2.4230957e+01
   1.8656120e+06   2.2583008e+01
   1.8705460e+06   1.9592285e+01
   1.9049920e+06   2.4963379e+01
   1.9051920e+06   1.8737793e+01
   1.9052340e+06   2.1789551e+01
   1.9053950e+06   2.0690918e+01
   1.9057090e+06   1.9042969e+01
   1.9060610e+06   1.9409180e+01
   1.9060850e+06   2.5024414e+01
   1.9381510e+06   2.4414062e+01
   1.9389030e+06   2.1545410e+01
   1.9699920e+06   2.5390625e+01
   1.9702470e+06   2.5085449e+01
   1.9704800e+06   2.6977539e+01
   2.0075610e+06   1.9470215e+01
   2.0080180e+06   2.2766113e+01
   2.0112450e+06   2.0629883e+01
   2.0600940e+06   2.2888184e+01
   2.0601100e+06   3.3508301e+01
   2.0601510e+06   2.7709961e+01
   2.2215880e+06   1.9531250e+01
   2.2216220e+06   2.4414063e+01
   2.2216460e+06   2.3742676e+01
   2.2216870e+06   1.8615723e+01
   2.2221190e+06   2.5024414e+01
   2.4600890e+06   1.9897461e+01
   2.4601220e+06   2.7832031e+01
   2.4601650e+06   2.8503418e+01
   2.4601930e+06   2.2277832e+01
   2.4603040e+06   1.9287109e+01
   2.4606930e+06   2.4658203e+01
   2.8993630e+06   2.0019531e+01
   2.8994240e+06   2.5939941e+01
   2.8994620e+06   2.3376465e+01
   3.1786120e+06   2.2216797e+01
   3.1788090e+06   2.0019531e+01
   3.1790410e+06   2.6977539e+01
   3.1790810e+06   2.0568848e+01
   3.1791130e+06   2.3620605e+01
   3.1793210e+06   2.1972656e+01
   3.3158550e+06   1.8371582e+01
   3.3159110e+06   2.8015137e+01
   3.3159390e+06   2.3864746e+01
   3.3159760e+06   2.2399902e+01
   3.3160170e+06   1.9348145e+01
   3.3160580e+06   1.9104004e+01
   3.4218600e+06   2.4108887e+01
   3.4220380e+06   2.6977539e+01
   3.4221240e+06   1.9836426e+01
   3.4221610e+06   2.1423340e+01
   3.5043320e+06   2.2155762e+01
   3.5044580e+06   2.0019531e+01
   3.5045660e+06   1.8432617e+01
   3.5048360e+06   2.7526855e+01
   3.5048850e+06   1.8615723e+01
   3.5049120e+06   2.1362305e+01
   3.5049830e+06   2.3864746e+01
   3.5050330e+06   2.0080566e+01
   3.5053580e+06   1.8798828e+01
   3.5820190e+06   2.2399902e+01
   3.5821380e+06   1.8920898e+01
   3.5826210e+06   3.2958984e+01
   3.5827050e+06   2.2644043e+01
   3.6228310e+06   1.8493652e+01
   3.6699910e+06   2.1362305e+01
   3.6700990e+06   1.9653320e+01
   3.7409250e+06   2.3681641e+01
   3.7415340e+06   2.0141602e+01
   3.8376790e+06   2.1179199e+01
   3.8377090e+06   1.8737793e+01
   3.8377300e+06   2.6306152e+01
   3.8377530e+06   1.9897461e+01
   3.8378090e+06   1.8310547e+01
   3.8384920e+06   1.8371582e+01
   3.9581390e+06   2.2827148e+01
   3.9583380e+06   1.8615723e+01
   3.9585210e+06   2.0996094e+01
   3.9585950e+06   2.1545410e+01
   3.9586510e+06   2.1606445e+01
   3.9586990e+06   1.9714355e+01
   3.9587650e+06   1.9104004e+01
   4.0611740e+06   2.5756836e+01
   4.0616120e+06   2.5878906e+01
   4.0621540e+06   2.7099609e+01
   4.0622240e+06   1.8920898e+01
   4.0622380e+06   2.4780273e+01
   4.0623900e+06   2.3315430e+01
   4.1525720e+06   2.3986816e+01
   4.1528900e+06   2.0263672e+01
   4.2118500e+06   2.2827148e+01
   4.2119630e+06   1.9348145e+01
   4.2121900e+06   2.0141602e+01
   4.2600310e+06   2.5512695e+01
   4.3539060e+06   2.2216797e+01
   4.3788230e+06   2.1667480e+01
   4.4816260e+06   1.9287109e+01
   4.5681570e+06   1.9287109e+01
   4.6079020e+06   2.4291992e+01
   4.6081760e+06   2.3437500e+01
   4.6298900e+06   1.9104004e+01
   4.6302180e+06   1.9897461e+01
   4.6598100e+06   2.1179199e+01
   4.6616820e+06   2.1911621e+01
   4.6617320e+06   3.0456543e+01
   4.6617870e+06   2.0141602e+01
   4.6619870e+06   1.9348145e+01
   4.6621840e+06   1.8859863e+01
   4.6624150e+06   2.1911621e+01
   4.7335980e+06   2.1179199e+01
   4.7340770e+06   2.0141602e+01
   4.7351910e+06   1.8737793e+01
   4.7353520e+06   2.5878906e+01
   4.7353810e+06   1.9165039e+01
   4.7354320e+06   2.2033691e+01
   4.7354480e+06   1.8676758e+01
   4.7354920e+06   2.4719238e+01
   4.7356580e+06   1.9042969e+01
   4.8428530e+06   1.8981934e+01
   4.8432520e+06   1.9836426e+01
   4.8438300e+06   2.1301270e+01
   4.8439710e+06   2.1545410e+01
   4.9081070e+06   1.9897461e+01
   4.9534380e+06   2.0446777e+01
   4.9541330e+06   2.2338867e+01
   4.9813270e+06   1.9348145e+01
   5.0426560e+06   1.9470215e+01
   5.0668040e+06   2.2155762e+01
   5.0672260e+06   2.0935059e+01
   5.1492910e+06   2.4291992e+01
   5.1951040e+06   2.6123047e+01
   5.1955070e+06   2.0935059e+01
   5.2635640e+06   2.1057129e+01
   5.2637010e+06   1.9653320e+01
   5.3102910e+06   1.8493652e+01
   5.3482480e+06   2.2949219e+01
   5.3484460e+06   1.9165039e+01
   5.3791880e+06   2.1423340e+01
   5.3794030e+06   2.5207520e+01
   5.4027340e+06   2.0080566e+01
   5.4972680e+06   1.8432617e+01
   5.5294020e+06   2.2888184e+01
   5.5299850e+06   2.4108887e+01
   5.6365930e+06   2.8808594e+01
   5.6898610e+06   2.6611328e+01
   5.6901310e+06   2.0141602e+01
   5.7716570e+06   2.9541016e+01
   5.8321160e+06   2.1972656e+01
   5.9422960e+06   1.9775391e+01
   5.9423460e+06   3.5095215e+01
   5.9423920e+06   1.9348145e+01
   5.9425830e+06   1.8920898e+01
   6.0257070e+06   1.9714355e+01
   6.0258490e+06   1.9592285e+01
   6.0270270e+06   3.3386230e+01
   6.0270870e+06   2.4780273e+01
   6.0271340e+06   2.1179199e+01
   6.0271490e+06   2.3681641e+01
   6.0271870e+06   1.9042969e+01
   6.1350490e+06   2.5390625e+01
   6.6183750e+06   1.8859863e+01
   6.8402710e+06   2.3437500e+01
   6.8921290e+06   2.7648926e+01
   6.9170270e+06   2.4597168e+01
   7.0409170e+06   2.2277832e+01
   7.1640660e+06   2.1728516e+01
   7.1641150e+06   2.6000977e+01
   7.1641880e+06   1.8981934e+01
   7.1642110e+06   1.9104004e+01
   7.2890340e+06   1.9836426e+01
   7.2901930e+06   2.2521973e+01
   7.2903280e+06   2.6550293e+01
   7.2904230e+06   2.3742676e+01
   7.2910050e+06   1.9287109e+01
   7.5874990e+06   2.3254395e+01
   7.5885350e+06   1.8859863e+01
   7.9453090e+06   2.8198242e+01
   7.9453480e+06   2.4230957e+01
   7.9454290e+06   1.9348145e+01
   7.9458300e+06   1.8615723e+01
   7.9461320e+06   1.8981934e+01
   7.9728840e+06   1.8554688e+01
   8.3394530e+06   1.8676758e+01
   8.4997580e+06   1.9165039e+01
   8.5924260e+06   2.5695801e+01
   8.5924590e+06   2.9724121e+01
   8.5925670e+06   1.9165039e+01
   8.5928490e+06   2.0141602e+01
   8.5935990e+06   1.9287109e+01
   1.0216233e+07   1.8371582e+01
   1.0600190e+07   2.3071289e+01
   1.0600237e+07   2.4536133e+01
   1.0600290e+07   1.9226074e+01
   1.0600546e+07   1.8676758e+01
   1.1157109e+07   1.9470215e+01
