   1.1999000e+07   0.0000000e+00
   9.9309000e+04   3.9794922e+01
   9.9407000e+04   2.8198242e+01
   9.9486000e+04   2.7648926e+01
   9.9576000e+04   2.6733398e+01
   9.9688000e+04   2.2460938e+01
   9.9858000e+04   3.2897949e+01
   1.0345900e+05   1.7761230e+01
   1.5180600e+05   1.7517090e+01
   2.2412100e+05   1.8127441e+01
   2.2419700e+05   1.8005371e+01
   2.2428700e+05   1.8981934e+01
   2.2431200e+05   2.5695801e+01
   2.2432600e+05   4.1931152e+01
   2.2435700e+05   6.4819336e+01
   2.2437600e+05   2.6611328e+01
   2.2440900e+05   4.7180176e+01
   2.2441900e+05   2.7893066e+01
   2.2446400e+05   2.4047852e+01
   2.2450400e+05   3.4790039e+01
   2.2453200e+05   2.0446777e+01
   2.2456500e+05   4.4372559e+01
   2.2463600e+05   2.0507812e+01
   2.2464700e+05   1.7456055e+01
   2.2466300e+05   2.2888184e+01
   2.2470400e+05   3.4118652e+01
   2.2474300e+05   2.3376465e+01
   2.2475600e+05   2.2033691e+01
   2.2481900e+05   2.4963379e+01
   2.2485800e+05   2.1850586e+01
   2.2488100e+05   2.9357910e+01
   2.2497400e+05   1.8066406e+01
   2.2501400e+05   2.3254395e+01
   2.2505400e+05   2.1057129e+01
   2.2525100e+05   2.3498535e+01
   4.0176000e+05   1.7761230e+01
   4.0188900e+05   1.7578125e+01
   4.0191200e+05   4.9011230e+01
   4.0194500e+05   7.0617676e+01
   4.0195700e+05   3.5217285e+01
   4.0197700e+05   4.2358398e+01
   4.0200300e+05   2.9541016e+01
   4.0203500e+05   2.1362305e+01
   4.0205300e+05   1.8554688e+01
   4.0208400e+05   2.7526855e+01
   4.0210600e+05   3.7353516e+01
   4.0212200e+05   3.3569336e+01
   4.0214600e+05   2.0080566e+01
   4.0218200e+05   3.1127930e+01
   4.0221000e+05   2.0874023e+01
   4.0225800e+05   3.3935547e+01
   4.0229700e+05   1.8188477e+01
   4.0234800e+05   3.7536621e+01
   4.0238700e+05   2.1362305e+01
   4.0241000e+05   1.8310547e+01
   4.0244200e+05   2.0446777e+01
   4.0246000e+05   2.4108887e+01
   4.0273900e+05   2.2338867e+01
   4.5718500e+05   1.8066406e+01
   4.5738200e+05   1.7578125e+01
   4.5748200e+05   2.5695801e+01
   4.5749300e+05   2.5939941e+01
   4.5751500e+05   3.9306641e+01
   4.5753700e+05   4.8828125e+01
   4.5756000e+05   4.6936035e+01
   4.5760000e+05   3.2714844e+01
   4.5761600e+05   3.8024902e+01
   4.5764800e+05   3.0578613e+01
   4.5767800e+05   2.8137207e+01
   4.5771300e+05   6.0791016e+01
   4.5774600e+05   2.0690918e+01
   4.5775800e+05   1.7639160e+01
   4.5781200e+05   3.3020020e+01
   4.5783000e+05   3.2714844e+01
   4.5788200e+05   2.1240234e+01
   4.5794200e+05   1.8432617e+01
   4.5796800e+05   2.3742676e+01
   4.5799800e+05   1.9897461e+01
   4.5801500e+05   2.7832031e+01
   4.5804700e+05   3.0578613e+01
   4.5809500e+05   1.8920898e+01
   4.5810700e+05   2.6733398e+01
   4.5814300e+05   2.5390625e+01
   4.5822800e+05   2.2521973e+01
   4.5859000e+05   2.9235840e+01
   5.2781000e+05   2.0080566e+01
   5.2855600e+05   1.8310547e+01
   5.2881900e+05   2.1850586e+01
   5.2888800e+05   1.9165039e+01
   5.2897600e+05   1.8249512e+01
   5.2900600e+05   2.5390625e+01
   5.2903300e+05   5.6823730e+01
   5.2906100e+05   3.1677246e+01
   5.2907100e+05   2.4780273e+01
   5.2911800e+05   2.9174805e+01
   5.2912800e+05   3.2470703e+01
   5.2915200e+05   2.0568848e+01
   5.2917100e+05   2.8869629e+01
   5.2918300e+05   2.8625488e+01
   5.2921300e+05   5.3100586e+01
   5.2925600e+05   2.3620605e+01
   5.2931700e+05   3.3752441e+01
   5.2934200e+05   2.2766113e+01
   5.2937400e+05   2.5024414e+01
   5.2940200e+05   2.5573730e+01
   5.2944000e+05   2.0629883e+01
   5.2947000e+05   2.0568848e+01
   5.2949200e+05   1.7761230e+01
   5.2951800e+05   2.8747559e+01
   5.2956500e+05   2.7526855e+01
   5.2963200e+05   2.7832031e+01
   5.2986300e+05   2.8381348e+01
   6.7988000e+05   1.7700195e+01
   6.8025500e+05   2.2583008e+01
   6.8031800e+05   2.1667480e+01
   6.8043000e+05   1.9409180e+01
   6.8046100e+05   1.8371582e+01
   6.8047300e+05   1.8310547e+01
   6.8052500e+05   2.7160645e+01
   6.8054800e+05   3.0822754e+01
   6.8056700e+05   4.5471191e+01
   6.8057800e+05   4.2663574e+01
   6.8058800e+05   2.3376465e+01
   6.8060500e+05   2.7587891e+01
   6.8063900e+05   4.4494629e+01
   6.8067800e+05   1.8859863e+01
   6.8070400e+05   3.4484863e+01
   6.8074600e+05   1.9409180e+01
   6.8075700e+05   1.7822266e+01
   6.8078400e+05   3.6682129e+01
   6.8081200e+05   1.8127441e+01
   6.8082800e+05   2.7038574e+01
   6.8084600e+05   2.3498535e+01
   6.8086100e+05   2.1423340e+01
   6.8091900e+05   2.0874023e+01
   6.8096700e+05   2.3864746e+01
   6.8102400e+05   1.8493652e+01
   6.8105200e+05   1.8920898e+01
   6.8108700e+05   2.0019531e+01
   6.8119700e+05   2.3376465e+01
   6.8135100e+05   2.4414062e+01
   6.8161700e+05   2.4597168e+01
   7.5774400e+05   1.9409180e+01
   7.5872100e+05   1.9165039e+01
   7.5876700e+05   1.7578125e+01
   7.5895300e+05   2.2583008e+01
   7.5898000e+05   3.1433105e+01
   7.5899700e+05   2.3620605e+01
   7.5903200e+05   5.5297852e+01
   7.5905000e+05   2.2521973e+01
   7.5908200e+05   2.5939941e+01
   7.5909800e+05   4.0710449e+01
   7.5916700e+05   2.6855469e+01
   7.5918300e+05   3.6437988e+01
   7.5919700e+05   1.9042969e+01
   7.5922800e+05   1.9714355e+01
   7.5923800e+05   2.0019531e+01
   7.5927700e+05   2.1179199e+01
   7.5931500e+05   3.6560059e+01
   7.5933000e+05   2.0446777e+01
   7.5943500e+05   2.5024414e+01
   7.5948400e+05   2.3010254e+01
   7.5958000e+05   2.5146484e+01
   7.5962000e+05   1.7700195e+01
   7.5974200e+05   2.8137207e+01
   8.3227500e+05   1.7822266e+01
   8.3228500e+05   2.0629883e+01
   8.3234000e+05   1.8066406e+01
   8.3239500e+05   1.8615723e+01
   8.3243400e+05   1.8310547e+01
   8.3255500e+05   2.1606445e+01
   8.3259800e+05   5.3161621e+01
   8.3260800e+05   2.2766113e+01
   8.3262600e+05   4.6752930e+01
   8.3263900e+05   3.0761719e+01
   8.3265500e+05   3.7109375e+01
   8.3268300e+05   2.6733398e+01
   8.3271500e+05   3.4118652e+01
   8.3272800e+05   2.0812988e+01
   8.3273900e+05   4.2053223e+01
   8.3277500e+05   3.2592773e+01
   8.3279900e+05   4.5959473e+01
   8.3282700e+05   2.1118164e+01
   8.3290500e+05   3.2043457e+01
   8.3299100e+05   2.1118164e+01
   8.3302900e+05   3.5522461e+01
   8.3311800e+05   2.1728516e+01
   8.3314600e+05   2.0996094e+01
   8.3325100e+05   1.7517090e+01
   9.0620300e+05   1.7761230e+01
   9.0633100e+05   1.8981934e+01
   9.0638500e+05   1.7883301e+01
   9.0639500e+05   2.4291992e+01
   9.0643100e+05   3.8940430e+01
   9.0645400e+05   4.1381836e+01
   9.0646500e+05   4.2968750e+01
   9.0649000e+05   5.9204102e+01
   9.0652000e+05   3.9978027e+01
   9.0655000e+05   4.3579102e+01
   9.0656400e+05   2.4291992e+01
   9.0659500e+05   2.1301270e+01
   9.0663400e+05   5.1574707e+01
   9.0670300e+05   2.4291992e+01
   9.0672500e+05   3.1616211e+01
   9.0677300e+05   2.2094727e+01
   9.0681000e+05   2.2460938e+01
   9.0684900e+05   4.0344238e+01
   9.0689800e+05   2.4780273e+01
   9.0692500e+05   2.0324707e+01
   9.0699100e+05   1.8798828e+01
   9.0700700e+05   2.1606445e+01
   9.0702000e+05   3.7231445e+01
   9.0711400e+05   2.4291992e+01
   9.0727800e+05   2.8991699e+01
   9.7313300e+05   1.8615723e+01
   9.7324800e+05   1.8493652e+01
   9.7332800e+05   1.9409180e+01
   9.7337300e+05   2.1179199e+01
   9.7342800e+05   1.8859863e+01
   9.7346200e+05   1.9104004e+01
   9.7349700e+05   1.8737793e+01
   9.7358300e+05   2.3803711e+01
   9.7361400e+05   2.2216797e+01
   9.7363500e+05   1.8127441e+01
   9.7366200e+05   5.8593750e+01
   9.7367900e+05   2.5634766e+01
   9.7369800e+05   3.3935547e+01
   9.7371500e+05   3.5705566e+01
   9.7372500e+05   3.0822754e+01
   9.7375200e+05   1.9470215e+01
   9.7380100e+05   2.6000977e+01
   9.7381700e+05   2.1667480e+01
   9.7383900e+05   1.9409180e+01
   9.7386300e+05   5.2246094e+01
   9.7391800e+05   2.0446777e+01
   9.7395600e+05   2.7465820e+01
   9.7405900e+05   3.2836914e+01
   9.7411200e+05   1.9409180e+01
   9.7413800e+05   1.8859863e+01
   9.7415800e+05   1.8249512e+01
   9.7428600e+05   3.0212402e+01
   9.7445400e+05   2.4475098e+01
   1.0427050e+06   1.7761230e+01
   1.0427330e+06   2.1423340e+01
   1.0427970e+06   1.8920898e+01
   1.0428070e+06   1.7517090e+01
   1.0428380e+06   2.2888184e+01
   1.0429140e+06   1.9653320e+01
   1.0430300e+06   2.6733398e+01
   1.0430480e+06   1.8920898e+01
   1.0431050e+06   1.8432617e+01
   1.0431490e+06   2.8137207e+01
   1.0432020e+06   1.8859863e+01
   1.0432210e+06   1.7700195e+01
   1.0432720e+06   3.8391113e+01
   1.0432840e+06   6.0424805e+01
   1.0433280e+06   2.1667480e+01
   1.0433530e+06   5.9631348e+01
   1.0433700e+06   3.9062500e+01
   1.0434700e+06   2.1423340e+01
   1.0434980e+06   4.4433594e+01
   1.0436990e+06   3.3203125e+01
   1.0939800e+06   1.8249512e+01
   1.0940790e+06   1.8310547e+01
   1.0941170e+06   1.7822266e+01
   1.0942300e+06   1.8066406e+01
   1.0942760e+06   2.1179199e+01
   1.0943670e+06   1.7578125e+01
   1.1350740e+06   1.9958496e+01
   1.1351460e+06   1.9287109e+01
   1.1351910e+06   1.7517090e+01
   1.2232980e+06   1.7456055e+01
   1.2236850e+06   1.8554688e+01
   1.2238510e+06   1.8432617e+01
   1.2239040e+06   1.7456055e+01
   1.2556010e+06   5.1696777e+01
   1.2556190e+06   2.3864746e+01
   1.2556510e+06   3.8330078e+01
   1.2556860e+06   4.1259766e+01
   1.2557110e+06   4.1870117e+01
   1.2557290e+06   2.5573730e+01
   1.2557430e+06   2.4353027e+01
   1.2557700e+06   3.7841797e+01
   1.2558000e+06   1.8249512e+01
   1.2558360e+06   2.2155762e+01
   1.2558750e+06   4.2358398e+01
   1.2558950e+06   2.0019531e+01
   1.2559100e+06   2.4230957e+01
   1.2559520e+06   2.5207520e+01
   1.2560110e+06   3.0822754e+01
   1.2560270e+06   2.9602051e+01
   1.2560740e+06   1.8859863e+01
   1.2560860e+06   2.9663086e+01
   1.2561660e+06   2.9785156e+01
   1.2561850e+06   1.8371582e+01
   1.2562160e+06   1.9165039e+01
   1.2562710e+06   2.4047852e+01
   1.2563200e+06   1.7822266e+01
   1.2564340e+06   2.4536133e+01
   1.2566870e+06   2.3559570e+01
   1.3206240e+06   1.7517090e+01
   1.3206380e+06   2.1484375e+01
   1.3206720e+06   1.7822266e+01
   1.3207490e+06   1.7761230e+01
   1.3208090e+06   1.8981934e+01
   1.3208860e+06   1.8676758e+01
   1.3212860e+06   1.8005371e+01
   1.3690690e+06   1.8188477e+01
   1.3691300e+06   1.9653320e+01
   1.3694730e+06   2.1545410e+01
   1.3696300e+06   1.7761230e+01
   1.3719310e+06   1.9104004e+01
   1.3757070e+06   1.7517090e+01
   1.3826410e+06   1.7639160e+01
   1.3835880e+06   1.7883301e+01
   1.3983440e+06   2.1728516e+01
   1.3986070e+06   1.7761230e+01
   1.4019150e+06   2.0080566e+01
   1.4044460e+06   1.7761230e+01
   1.4068230e+06   1.7822266e+01
   1.4167660e+06   1.8676758e+01
   1.4168030e+06   1.7578125e+01
   1.4168250e+06   1.7578125e+01
   1.4168880e+06   2.0385742e+01
   1.4194160e+06   1.7883301e+01
   1.4218030e+06   1.8127441e+01
   1.4366210e+06   2.0141602e+01
   1.4367250e+06   1.8859863e+01
   1.4517560e+06   1.9287109e+01
   1.4519050e+06   2.1423340e+01
   1.4519940e+06   2.1301270e+01
   1.4522480e+06   1.8676758e+01
   1.4602050e+06   1.7578125e+01
   1.4603010e+06   1.7761230e+01
   1.4705770e+06   1.9653320e+01
   1.4706530e+06   1.7883301e+01
   1.4708190e+06   1.7578125e+01
   1.4710920e+06   1.7822266e+01
   1.4715800e+06   1.8432617e+01
   1.4776610e+06   2.2094727e+01
   1.4869260e+06   2.4230957e+01
   1.4869770e+06   1.9104004e+01
   1.4870290e+06   1.8066406e+01
   1.4872390e+06   2.0263672e+01
   1.4873750e+06   1.7639160e+01
   1.4880350e+06   1.8859863e+01
   1.4882500e+06   1.7700195e+01
   1.4886190e+06   1.8981934e+01
   1.4938390e+06   1.9409180e+01
   1.4945770e+06   1.9775391e+01
   1.5054600e+06   1.8066406e+01
   1.5198840e+06   1.9165039e+01
   1.5200020e+06   1.8249512e+01
   1.5201050e+06   1.9775391e+01
   1.5201920e+06   2.2644043e+01
   1.5203280e+06   1.8859863e+01
   1.5204440e+06   1.8249512e+01
   1.5218180e+06   1.7822266e+01
   1.5363590e+06   1.9653320e+01
   1.5365640e+06   2.3803711e+01
   1.5368480e+06   1.7883301e+01
   1.5369470e+06   1.7578125e+01
   1.5370320e+06   1.8371582e+01
   1.5532650e+06   1.7883301e+01
   1.5537010e+06   2.1545410e+01
   1.5538260e+06   1.7578125e+01
   1.5539440e+06   2.0935059e+01
   1.5717760e+06   1.9470215e+01
   1.5718280e+06   1.8432617e+01
   1.5721130e+06   1.9897461e+01
   1.5859390e+06   2.0080566e+01
   1.5860250e+06   1.8066406e+01
   1.5860510e+06   2.3071289e+01
   1.5861460e+06   2.1545410e+01
   1.5868930e+06   1.8554688e+01
   1.5907880e+06   1.7517090e+01
   1.6115370e+06   2.5024414e+01
   1.6116300e+06   2.1850586e+01
   1.6117520e+06   2.4230957e+01
   1.6119950e+06   1.8066406e+01
   1.6123890e+06   1.8005371e+01
   1.6168660e+06   1.7456055e+01
   1.6354610e+06   1.7883301e+01
   1.6544990e+06   1.8188477e+01
   1.6546990e+06   1.9653320e+01
   1.6547430e+06   1.9592285e+01
   1.6695570e+06   2.0751953e+01
   1.6696450e+06   1.7944336e+01
   1.6861280e+06   1.7517090e+01
   1.6861820e+06   1.8066406e+01
   1.6862000e+06   1.8066406e+01
   1.7093230e+06   1.8981934e+01
   1.7096620e+06   2.0385742e+01
   1.7097630e+06   2.0202637e+01
   1.7098900e+06   1.8859863e+01
   1.7349070e+06   1.8005371e+01
   1.7349860e+06   1.8066406e+01
   1.7350350e+06   1.7456055e+01
   1.7350530e+06   2.0019531e+01
   1.7352320e+06   1.7883301e+01
   1.7634100e+06   1.8310547e+01
   1.7635260e+06   2.0019531e+01
   1.7637820e+06   1.7883301e+01
   1.8007750e+06   2.0019531e+01
   1.8008550e+06   2.0263672e+01
   1.8009370e+06   1.7456055e+01
   1.8010060e+06   1.8798828e+01
   1.8355960e+06   2.7648926e+01
   1.8636760e+06   2.0385742e+01
   1.8649680e+06   1.8676758e+01
   1.8650900e+06   1.9775391e+01
   1.8651840e+06   1.9470215e+01
   1.8652900e+06   2.0751953e+01
   1.9052250e+06   1.8066406e+01
   1.9052360e+06   1.8554688e+01
   1.9290740e+06   1.7761230e+01
   1.9319990e+06   1.9775391e+01
   1.9381740e+06   1.7883301e+01
   1.9384550e+06   1.7700195e+01
   1.9700650e+06   2.0019531e+01
   1.9701440e+06   1.8432617e+01
   1.9703590e+06   1.8249512e+01
   2.0077580e+06   1.8188477e+01
   2.0132890e+06   1.8859863e+01
   2.0600180e+06   1.8188477e+01
   2.0600650e+06   1.9165039e+01
   2.0600890e+06   2.1972656e+01
   2.0601060e+06   2.9663086e+01
   2.0601160e+06   5.2673340e+01
   2.0601350e+06   3.2287598e+01
   2.0601580e+06   4.1442871e+01
   2.0601940e+06   3.4912109e+01
   2.0602220e+06   3.6437988e+01
   2.0602440e+06   2.1362305e+01
   2.0602550e+06   4.0771484e+01
   2.0602740e+06   1.9592285e+01
   2.0602940e+06   2.0507813e+01
   2.0603360e+06   4.2480469e+01
   2.0603730e+06   2.2827148e+01
   2.0604170e+06   2.4291992e+01
   2.0605200e+06   2.3254395e+01
   2.0605440e+06   4.2602539e+01
   2.0606240e+06   3.4851074e+01
   2.0607240e+06   3.2165527e+01
   2.0607360e+06   3.3386230e+01
   2.0608490e+06   2.2155762e+01
   2.0610320e+06   2.6184082e+01
   2.0616570e+06   2.1789551e+01
   2.2215630e+06   2.5695801e+01
   2.2215910e+06   3.6499023e+01
   2.2216160e+06   3.7841797e+01
   2.2216330e+06   3.0822754e+01
   2.2216660e+06   2.9052734e+01
   2.2216780e+06   2.3193359e+01
   2.2217060e+06   3.1555176e+01
   2.2217290e+06   5.0415039e+01
   2.2217510e+06   2.1606445e+01
   2.2218000e+06   2.3254395e+01
   2.2218240e+06   2.9052734e+01
   2.2218500e+06   1.9165039e+01
   2.2218980e+06   1.8920898e+01
   2.2219120e+06   1.9836426e+01
   2.2219790e+06   2.0874023e+01
   2.2220260e+06   1.7700195e+01
   2.2220680e+06   1.9958496e+01
   2.2220930e+06   1.9042969e+01
   2.2221210e+06   1.8432617e+01
   2.2221560e+06   3.0090332e+01
   2.2221780e+06   1.9409180e+01
   2.2222080e+06   2.1484375e+01
   2.2222270e+06   2.3559570e+01
   2.2222640e+06   2.3010254e+01
   2.2222760e+06   2.3193359e+01
   2.2223130e+06   2.4475098e+01
   2.2224000e+06   1.9470215e+01
   2.2225820e+06   2.6245117e+01
   2.3966340e+06   1.7517090e+01
   2.4598960e+06   1.9409180e+01
   2.4600920e+06   2.6367188e+01
   2.4601070e+06   4.7302246e+01
   2.4601410e+06   4.1748047e+01
   2.4601620e+06   3.4240723e+01
   2.4601840e+06   2.8320313e+01
   2.4602060e+06   3.2287598e+01
   2.4602360e+06   2.0446777e+01
   2.4602500e+06   5.0903320e+01
   2.4602610e+06   1.9470215e+01
   2.4602900e+06   2.1606445e+01
   2.4603270e+06   3.5705566e+01
   2.4603750e+06   1.8493652e+01
   2.4604030e+06   2.8564453e+01
   2.4604590e+06   2.3437500e+01
   2.4605290e+06   2.5390625e+01
   2.4605660e+06   2.1362305e+01
   2.4606170e+06   3.2592773e+01
   2.4606760e+06   1.9348145e+01
   2.4607210e+06   3.2287598e+01
   2.4608590e+06   1.8676758e+01
   2.4610800e+06   1.9775391e+01
   2.4611120e+06   2.0263672e+01
   2.7441460e+06   1.8005371e+01
   2.8991680e+06   1.8798828e+01
   2.8993750e+06   1.8127441e+01
   2.8994070e+06   4.4982910e+01
   2.8994350e+06   2.2583008e+01
   2.8994480e+06   4.4372559e+01
   2.8994870e+06   1.8432617e+01
   2.8995080e+06   3.8879395e+01
   2.8995210e+06   1.8981934e+01
   2.8995450e+06   2.8259277e+01
   2.8995600e+06   2.5573730e+01
   2.8995790e+06   4.5471191e+01
   2.8996280e+06   1.8859863e+01
   2.8996730e+06   3.8208008e+01
   2.8997060e+06   1.8615723e+01
   2.8997590e+06   1.8554687e+01
   2.8997840e+06   2.9541016e+01
   2.8998050e+06   2.0996094e+01
   2.8998580e+06   2.5817871e+01
   2.8998790e+06   2.0385742e+01
   2.8999240e+06   1.8127441e+01
   2.8999740e+06   3.6132813e+01
   2.8999890e+06   1.8310547e+01
   2.9000210e+06   2.1118164e+01
   2.9001220e+06   1.7456055e+01
   2.9001810e+06   4.3640137e+01
   2.9002230e+06   2.1484375e+01
   2.9005670e+06   2.0568848e+01
   2.9006980e+06   2.3193359e+01
   2.9034400e+06   1.8737793e+01
   2.9066450e+06   1.7883301e+01
   3.1496280e+06   1.8615723e+01
   3.1786010e+06   1.7822266e+01
   3.1788440e+06   1.8615723e+01
   3.1788580e+06   1.7883301e+01
   3.1788770e+06   1.8188477e+01
   3.1789320e+06   1.9104004e+01
   3.1789530e+06   1.9653320e+01
   3.1789770e+06   1.8981934e+01
   3.1790090e+06   6.0913086e+01
   3.1790220e+06   3.3264160e+01
   3.1790460e+06   2.7221680e+01
   3.1790840e+06   2.5634766e+01
   3.1791100e+06   2.9479980e+01
   3.1791310e+06   2.2644043e+01
   3.1791560e+06   2.8137207e+01
   3.1791740e+06   2.3559570e+01
   3.1792510e+06   3.0395508e+01
   3.1793290e+06   1.9714355e+01
   3.1793920e+06   2.1362305e+01
   3.1794040e+06   2.0446777e+01
   3.1794840e+06   3.1311035e+01
   3.1795080e+06   2.0629883e+01
   3.1795600e+06   3.1005859e+01
   3.1795930e+06   1.7761230e+01
   3.1796640e+06   3.6071777e+01
   3.1796970e+06   1.9897461e+01
   3.1797370e+06   1.7944336e+01
   3.1798010e+06   2.0446777e+01
   3.1798350e+06   4.1564941e+01
   3.1799000e+06   1.9836426e+01
   3.1800490e+06   1.7456055e+01
   3.1804910e+06   1.8371582e+01
   3.1810670e+06   1.8737793e+01
   3.1812260e+06   1.7883301e+01
   3.1814900e+06   1.7761230e+01
   3.1820530e+06   1.8920898e+01
   3.2463440e+06   1.8310547e+01
   3.3014920e+06   1.7883301e+01
   3.3158120e+06   1.9409180e+01
   3.3158500e+06   2.5268555e+01
   3.3158740e+06   2.6672363e+01
   3.3158860e+06   5.2490234e+01
   3.3159130e+06   3.5278320e+01
   3.3159270e+06   2.9846191e+01
   3.3159490e+06   2.0507813e+01
   3.3159710e+06   2.5756836e+01
   3.3159910e+06   2.8564453e+01
   3.3160280e+06   2.7160645e+01
   3.3160500e+06   4.1015625e+01
   3.3161240e+06   1.7944336e+01
   3.3161380e+06   3.3630371e+01
   3.3161640e+06   2.0446777e+01
   3.3161970e+06   2.1362305e+01
   3.3162200e+06   3.0517578e+01
   3.3162560e+06   2.4963379e+01
   3.3162950e+06   2.0507813e+01
   3.3163150e+06   2.3193359e+01
   3.3163880e+06   3.5827637e+01
   3.3164740e+06   1.7700195e+01
   3.3164870e+06   3.4484863e+01
   3.3165650e+06   2.8137207e+01
   3.3166200e+06   3.0273438e+01
   3.3169050e+06   2.1179199e+01
   3.3170410e+06   1.9287109e+01
   3.3171580e+06   1.9531250e+01
   3.4219500e+06   2.0019531e+01
   3.4219850e+06   2.0996094e+01
   3.4220150e+06   3.5583496e+01
   3.4220380e+06   3.2592773e+01
   3.4220620e+06   3.5583496e+01
   3.4220760e+06   2.6306152e+01
   3.4220920e+06   2.7648926e+01
   3.4221210e+06   3.5156250e+01
   3.4221360e+06   3.1555176e+01
   3.4221800e+06   1.8493652e+01
   3.4222300e+06   2.7770996e+01
   3.4222420e+06   3.2897949e+01
   3.4223110e+06   2.6428223e+01
   3.4223670e+06   1.8005371e+01
   3.4223950e+06   2.3193359e+01
   3.4224230e+06   1.7456055e+01
   3.4224860e+06   2.6672363e+01
   3.4225040e+06   1.9104004e+01
   3.4225690e+06   2.3803711e+01
   3.4226160e+06   1.8737793e+01
   3.4227150e+06   3.4973145e+01
   3.4228130e+06   1.9226074e+01
   3.4228350e+06   1.8493652e+01
   3.4228660e+06   2.5329590e+01
   3.4229080e+06   1.8066406e+01
   3.4230560e+06   1.9531250e+01
   3.4230690e+06   1.8066406e+01
   3.4233620e+06   1.7517090e+01
   3.4399040e+06   2.0141602e+01
   3.5043200e+06   1.7639160e+01
   3.5044290e+06   1.7700195e+01
   3.5045940e+06   1.9348145e+01
   3.5046140e+06   1.7578125e+01
   3.5046570e+06   1.9287109e+01
   3.5046920e+06   2.4414063e+01
   3.5047400e+06   1.7944336e+01
   3.5047790e+06   2.5268555e+01
   3.5047910e+06   7.0312500e+01
   3.5048170e+06   6.3720703e+01
   3.5048350e+06   5.6640625e+01
   3.5048550e+06   2.9663086e+01
   3.5048920e+06   2.4597168e+01
   3.5049220e+06   3.6437988e+01
   3.5049360e+06   3.3447266e+01
   3.5049510e+06   2.1911621e+01
   3.5049720e+06   2.5634766e+01
   3.5049970e+06   2.7770996e+01
   3.5050310e+06   2.5146484e+01
   3.5050520e+06   2.4414063e+01
   3.5051090e+06   1.8432617e+01
   3.5051290e+06   2.9907227e+01
   3.5052110e+06   1.7517090e+01
   3.5052670e+06   3.4973145e+01
   3.5052990e+06   1.7456055e+01
   3.5053600e+06   3.0578613e+01
   3.5054010e+06   1.9226074e+01
   3.5054620e+06   3.4179688e+01
   3.5055310e+06   2.1972656e+01
   3.5056470e+06   2.1301270e+01
   3.5057680e+06   1.9592285e+01
   3.5061300e+06   1.7517090e+01
   3.5062600e+06   1.8127441e+01
   3.5819960e+06   1.7761230e+01
   3.5821890e+06   2.0507813e+01
   3.5824310e+06   2.1179199e+01
   3.5824480e+06   1.8554688e+01
   3.5825350e+06   2.1911621e+01
   3.5825640e+06   2.3071289e+01
   3.5825910e+06   3.0761719e+01
   3.5826250e+06   4.3273926e+01
   3.5826380e+06   1.7883301e+01
   3.5826780e+06   5.6884766e+01
   3.5827030e+06   3.3813477e+01
   3.5827220e+06   2.9174805e+01
   3.5827400e+06   3.1066895e+01
   3.5827610e+06   3.4790039e+01
   3.5827970e+06   4.4982910e+01
   3.5828310e+06   3.1494141e+01
   3.5828440e+06   2.2644043e+01
   3.5828810e+06   1.9165039e+01
   3.5829250e+06   2.4902344e+01
   3.5829390e+06   3.3142090e+01
   3.5829570e+06   2.8686523e+01
   3.5830100e+06   1.8920898e+01
   3.5831300e+06   1.8920898e+01
   3.5832920e+06   1.9042969e+01
   3.5834570e+06   1.8737793e+01
   3.5835050e+06   1.8066406e+01
   3.5837680e+06   1.8737793e+01
   3.6693520e+06   1.8737793e+01
   3.6700460e+06   1.7639160e+01
   3.6703810e+06   1.9409180e+01
   3.6704080e+06   2.3742676e+01
   3.6705320e+06   1.7517090e+01
   3.6706280e+06   2.3071289e+01
   3.6708250e+06   3.3386230e+01
   3.7419140e+06   1.8371582e+01
   3.7420340e+06   1.7578125e+01
   3.7421050e+06   2.0812988e+01
   3.7423870e+06   1.8554688e+01
   3.8213390e+06   1.8432617e+01
   3.8376200e+06   3.9062500e+01
   3.8376520e+06   1.7517090e+01
   3.8376710e+06   4.0466309e+01
   3.8376860e+06   5.2978516e+01
   3.8377180e+06   3.0578613e+01
   3.8377330e+06   1.8554688e+01
   3.8377490e+06   2.1850586e+01
   3.8377640e+06   2.4536133e+01
   3.8377910e+06   2.2644043e+01
   3.8378210e+06   1.9104004e+01
   3.8378430e+06   2.4658203e+01
   3.8378590e+06   2.5329590e+01
   3.8378780e+06   1.9042969e+01
   3.8379170e+06   2.4536133e+01
   3.8379320e+06   3.0761719e+01
   3.8379900e+06   2.1240234e+01
   3.8380050e+06   2.2094727e+01
   3.8380730e+06   1.7578125e+01
   3.8381080e+06   1.9226074e+01
   3.8381250e+06   2.7709961e+01
   3.8381700e+06   1.9531250e+01
   3.8381830e+06   2.1057129e+01
   3.8382160e+06   3.0578613e+01
   3.8382270e+06   2.2583008e+01
   3.8382940e+06   1.8188477e+01
   3.8383190e+06   2.8686523e+01
   3.8383490e+06   2.2949219e+01
   3.8384330e+06   2.1301270e+01
   3.8386540e+06   1.8737793e+01
   3.8387770e+06   1.9958496e+01
   3.9582450e+06   1.7822266e+01
   3.9583330e+06   1.8310547e+01
   3.9583560e+06   2.2277832e+01
   3.9584040e+06   2.4169922e+01
   3.9584210e+06   1.7517090e+01
   3.9584750e+06   2.9113770e+01
   3.9584950e+06   4.1015625e+01
   3.9585230e+06   2.9296875e+01
   3.9585510e+06   5.2062988e+01
   3.9585700e+06   2.5268555e+01
   3.9586120e+06   3.4667969e+01
   3.9586300e+06   4.4006348e+01
   3.9586510e+06   4.3701172e+01
   3.9587420e+06   3.3691406e+01
   3.9587880e+06   1.8127441e+01
   3.9588190e+06   2.0568848e+01
   3.9588810e+06   1.9042969e+01
   3.9589090e+06   1.9653320e+01
   3.9589620e+06   2.1606445e+01
   3.9589840e+06   2.1240234e+01
   3.9590510e+06   2.6855469e+01
   3.9591210e+06   2.3925781e+01
   3.9591620e+06   3.2592773e+01
   3.9592300e+06   1.8920898e+01
   3.9595940e+06   2.0019531e+01
   3.9610280e+06   1.8005371e+01
   3.9612220e+06   1.9104004e+01
   4.0043650e+06   1.7456055e+01
   4.0617670e+06   1.8249512e+01
   4.0619800e+06   1.9348145e+01
   4.0620240e+06   1.8371582e+01
   4.0620700e+06   1.9348145e+01
   4.0621220e+06   4.9011230e+01
   4.0621350e+06   2.7221680e+01
   4.0621750e+06   4.5532227e+01
   4.0621880e+06   4.4433594e+01
   4.0622250e+06   1.9165039e+01
   4.0622550e+06   2.3254395e+01
   4.0622680e+06   2.6977539e+01
   4.0622870e+06   1.9409180e+01
   4.0623170e+06   2.3315430e+01
   4.0623460e+06   2.0629883e+01
   4.0623790e+06   2.8015137e+01
   4.0624860e+06   3.2287598e+01
   4.0625500e+06   2.3864746e+01
   4.0625740e+06   2.1484375e+01
   4.0626100e+06   2.2644043e+01
   4.0626490e+06   4.0161133e+01
   4.0628470e+06   2.5085449e+01
   4.0631060e+06   1.8615723e+01
   4.0633800e+06   1.8981934e+01
   4.0639600e+06   1.9531250e+01
   4.0715410e+06   1.8676758e+01
   4.1530260e+06   1.8127441e+01
   4.1534390e+06   1.7456055e+01
   4.3385250e+06   1.7944336e+01
   4.6616130e+06   1.7822266e+01
   4.6616480e+06   2.0446777e+01
   4.6616900e+06   1.8737793e+01
   4.6617160e+06   4.3640137e+01
   4.6617260e+06   3.0090332e+01
   4.6617440e+06   5.9875488e+01
   4.6617840e+06   2.0935059e+01
   4.6618120e+06   2.4169922e+01
   4.6618370e+06   4.1809082e+01
   4.6618820e+06   5.1330566e+01
   4.6619260e+06   1.8371582e+01
   4.6619710e+06   2.8503418e+01
   4.6620360e+06   2.2949219e+01
   4.6621110e+06   2.4719238e+01
   4.6621440e+06   2.2766113e+01
   4.6622050e+06   1.9104004e+01
   4.6623120e+06   3.2592773e+01
   4.6623290e+06   2.8808594e+01
   4.6624240e+06   2.7832031e+01
   4.6624380e+06   3.7475586e+01
   4.6625250e+06   1.9348145e+01
   4.6626240e+06   2.0141602e+01
   4.6627190e+06   4.4067383e+01
   4.6627330e+06   2.5634766e+01
   4.6629120e+06   4.1870117e+01
   4.7059340e+06   1.7517090e+01
   4.7349760e+06   2.0935059e+01
   4.7350850e+06   1.8920898e+01
   4.7352450e+06   1.8249512e+01
   4.7352770e+06   1.7578125e+01
   4.7353060e+06   5.1269531e+01
   4.7353290e+06   3.1127930e+01
   4.7353500e+06   6.8481445e+01
   4.7353870e+06   2.4475098e+01
   4.7354110e+06   1.9653320e+01
   4.7354410e+06   4.1137695e+01
   4.7354590e+06   4.2175293e+01
   4.7354910e+06   2.6367188e+01
   4.7355030e+06   2.4597168e+01
   4.7355310e+06   1.9775391e+01
   4.7355660e+06   3.0700684e+01
   4.7355920e+06   2.7221680e+01
   4.7356290e+06   1.8554688e+01
   4.7357000e+06   1.9165039e+01
   4.7358860e+06   1.9653320e+01
   4.7359160e+06   1.8920898e+01
   4.7359260e+06   1.9836426e+01
   4.7359660e+06   3.2043457e+01
   4.7360630e+06   2.3925781e+01
   4.7361360e+06   1.9775391e+01
   4.7362560e+06   1.8615723e+01
   4.7363670e+06   1.8005371e+01
   4.7364130e+06   2.1118164e+01
   4.7365700e+06   3.7780762e+01
   4.7366460e+06   2.4902344e+01
   4.7367580e+06   1.7761230e+01
   4.7484730e+06   4.6630859e+01
   4.8440640e+06   1.8981934e+01
   4.8445010e+06   2.2155762e+01
   4.8445710e+06   1.8310547e+01
   5.9230470e+06   1.7944336e+01
   5.9421980e+06   1.7517090e+01
   5.9422530e+06   1.8554688e+01
   5.9422830e+06   2.2766113e+01
   5.9423140e+06   2.8503418e+01
   5.9423260e+06   2.4597168e+01
   5.9423360e+06   3.4118652e+01
   5.9423610e+06   3.3264160e+01
   5.9423710e+06   2.0080566e+01
   5.9423880e+06   2.9418945e+01
   5.9424320e+06   3.1982422e+01
   5.9424520e+06   2.0263672e+01
   5.9424620e+06   3.4545898e+01
   5.9425350e+06   1.7761230e+01
   5.9425500e+06   2.2338867e+01
   5.9425770e+06   1.8554688e+01
   5.9426510e+06   1.8920898e+01
   5.9426940e+06   2.1179199e+01
   5.9427150e+06   2.2949219e+01
   5.9427870e+06   4.1564941e+01
   5.9428910e+06   2.2094727e+01
   5.9429550e+06   3.4545898e+01
   5.9429790e+06   1.8066406e+01
   5.9430030e+06   1.8676758e+01
   5.9430380e+06   2.0996094e+01
   5.9430720e+06   1.8127441e+01
   5.9431800e+06   4.1809082e+01
   5.9433390e+06   2.2766113e+01
   5.9433670e+06   2.9113770e+01
   5.9434740e+06   2.3376465e+01
   5.9435410e+06   1.8676758e+01
   5.9438290e+06   1.9836426e+01
   5.9439580e+06   4.6264648e+01
   5.9440810e+06   1.7456055e+01
   5.9443560e+06   1.7700195e+01
   5.9467950e+06   1.9775391e+01
   5.9481740e+06   1.8432617e+01
   5.9677160e+06   1.8676758e+01
   6.0266930e+06   1.8981934e+01
   6.0268880e+06   3.8452148e+01
   6.0269270e+06   2.3071289e+01
   6.0269470e+06   6.2438965e+01
   6.0269730e+06   3.4362793e+01
   6.0269930e+06   5.1879883e+01
   6.0270230e+06   2.5207520e+01
   6.0270390e+06   6.5612793e+01
   6.0270770e+06   1.8005371e+01
   6.0271220e+06   4.1198730e+01
   6.0271490e+06   2.7160645e+01
   6.0271770e+06   2.0629883e+01
   6.0272220e+06   1.9531250e+01
   6.0272730e+06   1.8554688e+01
   6.0273180e+06   1.9531250e+01
   6.0273670e+06   1.8798828e+01
   6.0274010e+06   1.8005371e+01
   6.0274480e+06   1.7944336e+01
   6.0274840e+06   2.0019531e+01
   6.0276070e+06   1.9104004e+01
   6.0276610e+06   1.7517090e+01
   6.0277490e+06   3.6315918e+01
   6.0277930e+06   2.2338867e+01
   6.0278530e+06   3.4118652e+01
   6.0278900e+06   3.0334473e+01
   6.0279760e+06   1.7395020e+01
   6.0280060e+06   3.2104492e+01
   6.0280360e+06   2.9846191e+01
   6.0280850e+06   2.0446777e+01
   6.0281360e+06   1.8615723e+01
   6.0281640e+06   3.1677246e+01
   6.0284500e+06   2.0629883e+01
   6.0284830e+06   3.8818359e+01
   6.1360030e+06   2.2766113e+01
   6.1361210e+06   1.7944336e+01
   6.1362200e+06   2.1362305e+01
   6.1362560e+06   1.9226074e+01
   6.1362660e+06   3.9428711e+01
   6.1364090e+06   3.5644531e+01
   6.1364380e+06   3.5888672e+01
   6.3858230e+06   4.9560547e+01
   6.9868630e+06   4.7973633e+01
   7.0989090e+06   4.7729492e+01
   7.1595920e+06   1.8188477e+01
   7.1638420e+06   1.7639160e+01
   7.1639590e+06   5.1391602e+01
   7.1639710e+06   1.7578125e+01
   7.1639910e+06   2.0568848e+01
   7.1640080e+06   2.2155762e+01
   7.1640340e+06   3.5034180e+01
   7.1640640e+06   1.9348145e+01
   7.1640820e+06   2.5451660e+01
   7.1641100e+06   2.8686523e+01
   7.1641220e+06   1.8127441e+01
   7.1641580e+06   4.6142578e+01
   7.1641850e+06   2.1484375e+01
   7.1642320e+06   2.5634766e+01
   7.1642750e+06   2.2827148e+01
   7.1642910e+06   2.3376465e+01
   7.1643210e+06   1.7883301e+01
   7.1643530e+06   2.0141602e+01
   7.1644070e+06   1.9836426e+01
   7.1644250e+06   1.9348145e+01
   7.1644600e+06   2.1484375e+01
   7.1645360e+06   2.3071289e+01
   7.1645920e+06   1.9653320e+01
   7.1646050e+06   3.7780762e+01
   7.1646630e+06   1.8493652e+01
   7.1647010e+06   3.2409668e+01
   7.1647640e+06   2.6306152e+01
   7.1647900e+06   2.8198242e+01
   7.1648580e+06   1.7761230e+01
   7.1648950e+06   3.3447266e+01
   7.1649570e+06   1.8798828e+01
   7.1650400e+06   3.7414551e+01
   7.1654270e+06   3.5583496e+01
   7.2409350e+06   1.7578125e+01
   7.2892740e+06   1.8005371e+01
   7.2901460e+06   2.3010254e+01
   7.2902160e+06   1.7395020e+01
   7.2902840e+06   2.9541016e+01
   7.2903120e+06   6.2255859e+01
   7.2903240e+06   6.1401367e+01
   7.2903660e+06   3.8879395e+01
   7.2903940e+06   3.1372070e+01
   7.2904120e+06   3.1127930e+01
   7.2904240e+06   2.0874023e+01
   7.2904550e+06   2.2949219e+01
   7.2904810e+06   4.0039063e+01
   7.2905300e+06   2.4597168e+01
   7.2905490e+06   1.7761230e+01
   7.2906170e+06   2.4414063e+01
   7.2906620e+06   1.9348145e+01
   7.2907240e+06   2.1118164e+01
   7.2907650e+06   1.9042969e+01
   7.2908550e+06   1.7761230e+01
   7.2909700e+06   2.0080566e+01
   7.2910020e+06   3.2470703e+01
   7.2910420e+06   2.2460938e+01
   7.2910810e+06   3.1127930e+01
   7.2911420e+06   2.8442383e+01
   7.2912390e+06   2.1301270e+01
   7.2912730e+06   2.9846191e+01
   7.2913010e+06   1.9470215e+01
   7.2914500e+06   2.9296875e+01
   7.2915550e+06   2.3376465e+01
   7.2918110e+06   2.2521973e+01
   7.2919410e+06   2.0202637e+01
   7.2920890e+06   1.8676758e+01
   7.2923210e+06   3.8452148e+01
   7.2929140e+06   1.8676758e+01
   7.3243460e+06   1.8371582e+01
   7.4145720e+06   1.7333984e+01
   7.9451900e+06   3.0090332e+01
   7.9452110e+06   1.7395020e+01
   7.9452300e+06   2.1423340e+01
   7.9452520e+06   2.3742676e+01
   7.9452690e+06   3.4729004e+01
   7.9452990e+06   2.4230957e+01
   7.9453200e+06   2.2033691e+01
   7.9453410e+06   2.0629883e+01
   7.9453830e+06   4.2419434e+01
   7.9454110e+06   1.8310547e+01
   7.9454300e+06   2.0080566e+01
   7.9454560e+06   3.5827637e+01
   7.9454830e+06   1.7822266e+01
   7.9455250e+06   2.6916504e+01
   7.9455650e+06   1.7333984e+01
   7.9455910e+06   2.1606445e+01
   7.9456130e+06   1.7517090e+01
   7.9456370e+06   1.9775391e+01
   7.9456570e+06   2.7770996e+01
   7.9457210e+06   1.8493652e+01
   7.9457560e+06   1.9592285e+01
   7.9457740e+06   2.5451660e+01
   7.9458320e+06   2.0202637e+01
   7.9458610e+06   2.7343750e+01
   7.9459460e+06   3.1433105e+01
   7.9460260e+06   2.0935059e+01
   7.9460510e+06   2.5390625e+01
   7.9461310e+06   3.1555176e+01
   7.9463860e+06   4.0466309e+01
   7.9466320e+06   4.3884277e+01
   7.9471030e+06   4.2602539e+01
   7.9496560e+06   1.7822266e+01
   8.3736900e+06   1.8737793e+01
   8.4119280e+06   5.0598145e+01
   8.5923780e+06   1.9165039e+01
   8.5924170e+06   4.5104980e+01
   8.5924340e+06   3.3935547e+01
   8.5924570e+06   1.8554688e+01
   8.5924810e+06   2.8564453e+01
   8.5924960e+06   2.8137207e+01
   8.5925270e+06   2.9785156e+01
   8.5925450e+06   3.0883789e+01
   8.5925950e+06   1.9470215e+01
   8.5926200e+06   2.7404785e+01
   8.5926310e+06   2.4780273e+01
   8.5926650e+06   2.3132324e+01
   8.5926930e+06   3.1372070e+01
   8.5927360e+06   2.2888184e+01
   8.5927680e+06   2.6367188e+01
   8.5927940e+06   1.9592285e+01
   8.5928100e+06   2.0874023e+01
   8.5928820e+06   3.7414551e+01
   8.5929110e+06   1.9592285e+01
   8.5929660e+06   2.2460938e+01
   8.5930080e+06   3.2836914e+01
   8.5930370e+06   1.9287109e+01
   8.5930530e+06   2.1850586e+01
   8.5930890e+06   2.4108887e+01
   8.5931030e+06   3.3447266e+01
   8.5931530e+06   2.1118164e+01
   8.5931890e+06   3.8146973e+01
   8.5932040e+06   4.6325684e+01
   8.5933420e+06   3.6376953e+01
   8.5934590e+06   1.7700195e+01
   8.5935350e+06   1.9042969e+01
   8.5935810e+06   3.8391113e+01
   8.5936260e+06   2.8381348e+01
   8.5936620e+06   2.1301270e+01
   8.5937430e+06   1.8127441e+01
   8.5939310e+06   3.9367676e+01
   8.5940550e+06   2.3681641e+01
   8.5941270e+06   3.7536621e+01
   8.5941390e+06   3.3203125e+01
   8.5942950e+06   1.7456055e+01
   8.5947060e+06   3.8269043e+01
   8.6327910e+06   1.7395020e+01
   9.4241370e+06   1.9592285e+01
   9.8596150e+06   1.7395020e+01
   1.0229883e+07   1.8676758e+01
   1.0599956e+07   2.6245117e+01
   1.0600015e+07   1.7333984e+01
   1.0600119e+07   2.3315430e+01
   1.0600138e+07   1.7456055e+01
   1.0600158e+07   1.9409180e+01
   1.0600172e+07   1.7395020e+01
   1.0600207e+07   2.5146484e+01
   1.0600233e+07   3.1494141e+01
   1.0600245e+07   2.9235840e+01
   1.0600265e+07   2.5207520e+01
   1.0600276e+07   1.8249512e+01
   1.0600296e+07   2.9785156e+01
   1.0600308e+07   2.9846191e+01
   1.0600329e+07   2.3681641e+01
   1.0600353e+07   1.9348145e+01
   1.0600368e+07   3.2348633e+01
   1.0600388e+07   2.3376465e+01
   1.0600447e+07   2.2094727e+01
   1.0600478e+07   3.5583496e+01
   1.0600556e+07   2.9724121e+01
   1.0600604e+07   2.7038574e+01
   1.0600628e+07   2.1179199e+01
   1.0600648e+07   2.5268555e+01
   1.0600685e+07   3.8452148e+01
   1.0600742e+07   2.2644043e+01
   1.0600752e+07   1.9042969e+01
   1.0600801e+07   2.9052734e+01
   1.0600894e+07   3.8452148e+01
   1.0600948e+07   2.3437500e+01
   1.0601069e+07   3.4912109e+01
   1.0601152e+07   2.9113770e+01
   1.0601250e+07   3.6132813e+01
   1.0601338e+07   2.1362305e+01
   1.0601355e+07   2.9724121e+01
   1.0601508e+07   3.8879395e+01
   1.0601650e+07   4.3395996e+01
   1.0601767e+07   1.7578125e+01
   1.0601789e+07   2.8076172e+01
   1.0601872e+07   1.8371582e+01
   1.0602002e+07   4.0039063e+01
   1.0602163e+07   3.8696289e+01
   1.0602181e+07   1.8920898e+01
   1.0602402e+07   2.7221680e+01
   1.0602556e+07   1.8493652e+01
   1.0602891e+07   4.2724609e+01
   1.0603195e+07   4.4128418e+01
   1.0603227e+07   1.8676758e+01
   1.0604003e+07   4.2480469e+01
   1.0604308e+07   1.8188477e+01
   1.0604507e+07   3.7841797e+01
   1.0604708e+07   1.8371582e+01
   1.0604962e+07   1.9653320e+01
   1.0795479e+07   1.7395020e+01
   1.1576026e+07   1.7333984e+01
