   1.1999000e+07   0.0000000e+00
   2.9316000e+04   1.8615723e+01
   3.0043000e+04   1.8554688e+01
   3.0120000e+04   1.7150879e+01
   7.3606000e+04   1.6967773e+01
   1.0358400e+05   1.7028809e+01
   1.3621300e+05   2.3986816e+01
   1.3630600e+05   1.8066406e+01
   1.7164800e+05   1.6418457e+01
   2.0142100e+05   1.9348145e+01
   2.0145200e+05   1.8432617e+01
   2.0157100e+05   1.6601563e+01
   2.2324300e+05   1.6601563e+01
   2.2336200e+05   1.7761230e+01
   2.2428500e+05   2.1179199e+01
   2.2431200e+05   5.1147461e+01
   2.2433000e+05   3.6926270e+01
   2.2436100e+05   4.9072266e+01
   2.2438600e+05   2.8808594e+01
   2.2440900e+05   2.4291992e+01
   2.2442500e+05   1.6601563e+01
   2.2445000e+05   2.2155762e+01
   2.2447500e+05   3.1250000e+01
   2.2451500e+05   2.4353027e+01
   2.2455400e+05   2.1179199e+01
   2.2458700e+05   1.8371582e+01
   2.2463300e+05   2.0996094e+01
   2.2466900e+05   1.9531250e+01
   2.2470900e+05   1.6784668e+01
   2.2475800e+05   2.5329590e+01
   2.2492900e+05   1.7517090e+01
   2.8092300e+05   1.6418457e+01
   2.8102000e+05   1.7211914e+01
   2.8104500e+05   1.6479492e+01
   2.8162600e+05   1.7700195e+01
   2.9847000e+05   1.8554688e+01
   3.7287700e+05   1.8737793e+01
   4.0084400e+05   1.6662598e+01
   4.0185300e+05   2.3315430e+01
   4.0189600e+05   5.4382324e+01
   4.0192000e+05   2.5512695e+01
   4.0194400e+05   5.8166504e+01
   4.0196700e+05   2.2521973e+01
   4.0198500e+05   2.1606445e+01
   4.0199700e+05   2.7832031e+01
   4.0203700e+05   1.9836426e+01
   4.0205900e+05   2.8076172e+01
   4.0208200e+05   1.8798828e+01
   4.0210600e+05   2.0507813e+01
   4.0217500e+05   2.2705078e+01
   4.0222700e+05   2.0019531e+01
   4.0226100e+05   1.8249512e+01
   4.0233000e+05   2.0080566e+01
   4.0254900e+05   2.2216797e+01
   4.0257300e+05   1.9592285e+01
   4.5606100e+05   1.6662598e+01
   4.5622600e+05   2.0629883e+01
   4.5746900e+05   3.1555176e+01
   4.5749300e+05   6.0791016e+01
   4.5751700e+05   2.7954102e+01
   4.5753900e+05   4.7607422e+01
   4.5757000e+05   2.2399902e+01
   4.5758200e+05   1.8005371e+01
   4.5760700e+05   1.7944336e+01
   4.5762000e+05   2.7770996e+01
   4.5767300e+05   2.3681641e+01
   4.5772700e+05   1.9897461e+01
   4.5776900e+05   1.7456055e+01
   4.5787800e+05   1.6479492e+01
   4.5799100e+05   2.0141602e+01
   4.5809300e+05   2.2766113e+01
   4.5828800e+05   2.4169922e+01
   4.5854700e+05   1.9653320e+01
   4.7988600e+05   1.6479492e+01
   5.2777900e+05   1.6845703e+01
   5.2780700e+05   1.6723633e+01
   5.2894000e+05   2.8381348e+01
   5.2897300e+05   2.3742676e+01
   5.2898300e+05   4.3457031e+01
   5.2902000e+05   3.5095215e+01
   5.2903800e+05   4.1198730e+01
   5.2904900e+05   3.0639648e+01
   5.2908100e+05   2.3986816e+01
   5.2912500e+05   2.1911621e+01
   5.2914800e+05   2.0263672e+01
   5.2921000e+05   1.8005371e+01
   5.2925800e+05   3.7353516e+01
   5.2931600e+05   1.6662598e+01
   5.2934400e+05   1.7272949e+01
   5.2942600e+05   2.2827148e+01
   5.2955400e+05   1.8554688e+01
   5.2957700e+05   1.6845703e+01
   5.2967600e+05   2.6000977e+01
   6.4534600e+05   2.3193359e+01
   6.7969800e+05   1.8310547e+01
   6.8028400e+05   1.7517090e+01
   6.8050000e+05   3.1555176e+01
   6.8052500e+05   1.8371582e+01
   6.8054000e+05   3.2714844e+01
   6.8057100e+05   3.6621094e+01
   6.8060200e+05   4.1320801e+01
   6.8063700e+05   1.8066406e+01
   6.8065900e+05   2.2094727e+01
   6.8069900e+05   1.8371582e+01
   6.8071500e+05   1.7272949e+01
   6.8075400e+05   2.8320313e+01
   6.8079400e+05   2.2094727e+01
   6.8083900e+05   1.6723633e+01
   6.8092400e+05   1.7883301e+01
   6.8095200e+05   2.3986816e+01
   6.8101700e+05   1.8371582e+01
   6.8111200e+05   1.7150879e+01
   7.5796200e+05   1.8920898e+01
   7.5861500e+05   1.6418457e+01
   7.5887800e+05   1.6662598e+01
   7.5892500e+05   2.5329590e+01
   7.5893600e+05   6.3964844e+01
   7.5897900e+05   2.6123047e+01
   7.5899900e+05   4.5471191e+01
   7.5902500e+05   2.6123047e+01
   7.5904000e+05   3.8940430e+01
   7.5907200e+05   1.7150879e+01
   7.5908900e+05   1.6662598e+01
   7.5912000e+05   2.2827148e+01
   7.5914000e+05   1.6845703e+01
   7.5915400e+05   1.8188477e+01
   7.5918500e+05   2.8503418e+01
   7.5922000e+05   1.7517090e+01
   7.5924300e+05   2.4597168e+01
   7.5925400e+05   2.0568848e+01
   7.5947300e+05   2.7770996e+01
   7.5953400e+05   1.8676758e+01
   7.5957800e+05   1.8127441e+01
   7.5964900e+05   3.1127930e+01
   8.3256300e+05   2.7343750e+01
   8.3257900e+05   1.7211914e+01
   8.3261200e+05   2.3986816e+01
   8.3262700e+05   4.9255371e+01
   8.3264700e+05   2.1423340e+01
   8.3267100e+05   2.6855469e+01
   8.3269800e+05   2.1545410e+01
   8.3272700e+05   1.9653320e+01
   8.3275100e+05   2.2460937e+01
   8.3281500e+05   1.7822266e+01
   8.3290900e+05   2.1972656e+01
   8.3299000e+05   1.7822266e+01
   8.3306300e+05   1.7517090e+01
   8.3311400e+05   2.0996094e+01
   8.3319700e+05   2.0996094e+01
   8.3323200e+05   1.8676758e+01
   9.0634800e+05   3.4057617e+01
   9.0639200e+05   3.1311035e+01
   9.0641900e+05   1.8615723e+01
   9.0644000e+05   2.1606445e+01
   9.0646000e+05   3.8635254e+01
   9.0648500e+05   2.7160645e+01
   9.0651300e+05   2.4780273e+01
   9.0654200e+05   2.0446777e+01
   9.0655400e+05   1.9042969e+01
   9.0657300e+05   2.4902344e+01
   9.0659400e+05   2.0080566e+01
   9.0662400e+05   1.7700195e+01
   9.0663700e+05   2.5207520e+01
   9.0674200e+05   1.8554688e+01
   9.0677900e+05   2.0935059e+01
   9.0687500e+05   2.7587891e+01
   9.0692000e+05   2.2888184e+01
   9.7268000e+05   1.7272949e+01
   9.7345400e+05   2.0324707e+01
   9.7363400e+05   2.2338867e+01
   9.7365700e+05   5.6457520e+01
   9.7366700e+05   1.9897461e+01
   9.7371300e+05   4.4616699e+01
   9.7372800e+05   1.9775391e+01
   9.7374500e+05   2.0263672e+01
   9.7375900e+05   1.6906738e+01
   9.7378500e+05   1.9348145e+01
   9.7381500e+05   3.0944824e+01
   9.7382500e+05   2.3071289e+01
   9.7385000e+05   1.8188477e+01
   9.7391200e+05   2.1606445e+01
   9.7394600e+05   1.7211914e+01
   9.7397100e+05   2.1545410e+01
   9.7398400e+05   2.0874023e+01
   9.7407800e+05   1.9531250e+01
   1.0421140e+06   1.6906738e+01
   1.0426730e+06   1.8188477e+01
   1.0428920e+06   1.6662598e+01
   1.0430700e+06   2.5695801e+01
   1.0431200e+06   1.6723633e+01
   1.0431510e+06   2.1911621e+01
   1.0432080e+06   1.8310547e+01
   1.0433390e+06   1.8127441e+01
   1.0433490e+06   3.8085938e+01
   1.0934910e+06   1.6967773e+01
   1.0940880e+06   1.6845703e+01
   1.0943110e+06   1.7211914e+01
   1.1721040e+06   1.6723633e+01
   1.1722540e+06   1.9409180e+01
   1.1726950e+06   1.6540527e+01
   1.1772190e+06   1.9714355e+01
   1.2231680e+06   2.0263672e+01
   1.2233560e+06   1.6723633e+01
   1.2273630e+06   1.7333984e+01
   1.2324200e+06   1.7211914e+01
   1.2329520e+06   1.6784668e+01
   1.2334340e+06   1.7456055e+01
   1.2556720e+06   2.6977539e+01
   1.2557050e+06   4.3823242e+01
   1.2557440e+06   4.6508789e+01
   1.2557640e+06   2.9418945e+01
   1.2557870e+06   1.7089844e+01
   1.2558060e+06   1.6906738e+01
   1.2558230e+06   2.4475098e+01
   1.2558390e+06   2.5695801e+01
   1.2558500e+06   1.7211914e+01
   1.2558900e+06   1.9226074e+01
   1.2559000e+06   2.2155762e+01
   1.2559350e+06   1.9836426e+01
   1.2559700e+06   2.6489258e+01
   1.2560190e+06   1.7211914e+01
   1.2561140e+06   3.9184570e+01
   1.2561920e+06   1.7333984e+01
   1.2564690e+06   1.7395020e+01
   1.3206430e+06   1.8676758e+01
   1.3207110e+06   1.9287109e+01
   1.3207450e+06   1.6845703e+01
   1.3689620e+06   1.8859863e+01
   1.3690100e+06   1.7822266e+01
   1.3690640e+06   1.7211914e+01
   1.3693310e+06   1.7883301e+01
   1.3696010e+06   1.6418457e+01
   1.3711390e+06   1.7517090e+01
   1.3711560e+06   1.8310547e+01
   1.3794530e+06   1.7211914e+01
   1.3799890e+06   1.6662598e+01
   1.3801590e+06   1.8493652e+01
   1.3983120e+06   1.8127441e+01
   1.3983230e+06   1.6845703e+01
   1.4012690e+06   1.6479492e+01
   1.4043810e+06   1.7761230e+01
   1.4167130e+06   1.9165039e+01
   1.4171190e+06   1.6540527e+01
   1.4206470e+06   1.6723633e+01
   1.4214330e+06   1.7700195e+01
   1.4516670e+06   2.1606445e+01
   1.4705730e+06   1.7333984e+01
   1.4706300e+06   1.9287109e+01
   1.4867920e+06   1.6662598e+01
   1.4869430e+06   1.7028809e+01
   1.5198430e+06   1.7272949e+01
   1.5362070e+06   1.7700195e+01
   1.5362720e+06   1.6784668e+01
   1.5531150e+06   1.6540527e+01
   1.5532030e+06   1.9042969e+01
   1.5532760e+06   1.7517090e+01
   1.5714670e+06   1.7578125e+01
   1.5715570e+06   1.6418457e+01
   1.5857010e+06   1.8371582e+01
   1.6114730e+06   1.7578125e+01
   1.6542030e+06   1.6906738e+01
   1.6545000e+06   2.0324707e+01
   1.6693900e+06   1.9897461e+01
   1.6859480e+06   1.8310547e+01
   1.6860070e+06   1.6906738e+01
   1.7093390e+06   1.7822266e+01
   1.7347210e+06   1.6967773e+01
   1.7350390e+06   1.7395020e+01
   1.7631590e+06   1.8920898e+01
   1.7632210e+06   1.8310547e+01
   1.8034590e+06   1.7517090e+01
   1.8354560e+06   1.6601563e+01
   1.8355220e+06   1.6601563e+01
   1.8355510e+06   1.7883301e+01
   1.8406300e+06   1.7822266e+01
   1.8646320e+06   1.6784668e+01
   1.8648350e+06   1.8249512e+01
   1.8648630e+06   1.7944336e+01
   1.8693840e+06   1.7944336e+01
   1.9049700e+06   1.9714355e+01
   1.9050960e+06   1.7028809e+01
   1.9380500e+06   1.8676758e+01
   1.9698200e+06   1.7333984e+01
   1.9700910e+06   1.7089844e+01
   2.0074640e+06   1.6540527e+01
   2.0074830e+06   1.7028809e+01
   2.0559000e+06   1.7028809e+01
   2.0600150e+06   1.7395020e+01
   2.0600440e+06   2.8869629e+01
   2.0600670e+06   1.9409180e+01
   2.0600800e+06   2.8198242e+01
   2.0601150e+06   5.1757813e+01
   2.0601390e+06   3.2897949e+01
   2.0601590e+06   2.1728516e+01
   2.0601760e+06   1.8005371e+01
   2.0601950e+06   1.6418457e+01
   2.0602090e+06   2.6428223e+01
   2.0602380e+06   1.9409180e+01
   2.0602740e+06   2.7526855e+01
   2.0602900e+06   2.0507813e+01
   2.0603290e+06   1.7089844e+01
   2.0603870e+06   1.6662598e+01
   2.0604400e+06   1.8249512e+01
   2.0604670e+06   2.6550293e+01
   2.0605660e+06   1.8005371e+01
   2.0606050e+06   2.3925781e+01
   2.0607280e+06   1.8737793e+01
   2.0608100e+06   3.0761719e+01
   2.0610240e+06   2.5024414e+01
   2.2215060e+06   1.6479492e+01
   2.2215410e+06   2.2644043e+01
   2.2215640e+06   1.8981934e+01
   2.2215840e+06   1.8432617e+01
   2.2216090e+06   3.0517578e+01
   2.2216290e+06   2.6489258e+01
   2.2216530e+06   2.0507813e+01
   2.2216830e+06   2.6916504e+01
   2.2217230e+06   2.4353027e+01
   2.2217590e+06   3.5461426e+01
   2.2217810e+06   1.6601563e+01
   2.2218410e+06   1.6845703e+01
   2.2218700e+06   1.7761230e+01
   2.2219550e+06   1.8310547e+01
   2.2220130e+06   2.6245117e+01
   2.2220330e+06   2.9602051e+01
   2.2221150e+06   2.1240234e+01
   2.2221350e+06   3.1921387e+01
   2.2222300e+06   3.0273437e+01
   2.2224370e+06   1.9165039e+01
   2.2225530e+06   2.2399902e+01
   2.2226760e+06   1.7150879e+01
   2.2228140e+06   1.8981934e+01
   2.2690740e+06   1.6479492e+01
   2.3066130e+06   5.4260254e+01
   2.4309750e+06   1.7150879e+01
   2.4600550e+06   1.8676758e+01
   2.4600740e+06   3.1494141e+01
   2.4601020e+06   1.7578125e+01
   2.4601190e+06   3.7597656e+01
   2.4601380e+06   2.2521973e+01
   2.4601630e+06   2.4658203e+01
   2.4601940e+06   2.8747559e+01
   2.4602110e+06   2.4658203e+01
   2.4602410e+06   1.8737793e+01
   2.4602620e+06   2.4841309e+01
   2.4602760e+06   2.0874023e+01
   2.4603040e+06   2.0751953e+01
   2.4603190e+06   1.8493652e+01
   2.4603300e+06   2.8015137e+01
   2.4603850e+06   2.2705078e+01
   2.4604430e+06   1.9958496e+01
   2.4604850e+06   2.9602051e+01
   2.4605050e+06   2.3132324e+01
   2.4606010e+06   2.1179199e+01
   2.4607150e+06   1.8188477e+01
   2.4608040e+06   2.0141602e+01
   2.4609870e+06   1.7211914e+01
   2.4610050e+06   1.7395020e+01
   2.4611310e+06   2.3193359e+01
   2.4611990e+06   2.7770996e+01
   2.4612560e+06   2.0507813e+01
   2.8993540e+06   2.7038574e+01
   2.8993730e+06   4.4433594e+01
   2.8993970e+06   1.9226074e+01
   2.8994180e+06   2.1789551e+01
   2.8994500e+06   2.5329590e+01
   2.8994610e+06   2.0385742e+01
   2.8994850e+06   2.3620605e+01
   2.8995020e+06   1.8737793e+01
   2.8995430e+06   2.2216797e+01
   2.8996340e+06   2.3864746e+01
   2.8996760e+06   1.6967773e+01
   2.8997010e+06   1.8798828e+01
   2.8998110e+06   3.2470703e+01
   2.8999070e+06   2.0690918e+01
   2.8999710e+06   1.9287109e+01
   2.9000070e+06   1.7089844e+01
   2.9000330e+06   2.3803711e+01
   2.9001200e+06   1.7883301e+01
   2.9002210e+06   3.2104492e+01
   2.9003390e+06   3.1066895e+01
   2.9005030e+06   1.7578125e+01
   2.9005630e+06   3.2714844e+01
   2.9007320e+06   1.8249512e+01
   3.1789120e+06   2.2460938e+01
   3.1789570e+06   2.4353027e+01
   3.1789820e+06   1.8127441e+01
   3.1790100e+06   2.2155762e+01
   3.1790310e+06   3.9123535e+01
   3.1790470e+06   1.8554688e+01
   3.1790750e+06   2.4353027e+01
   3.1791050e+06   2.3437500e+01
   3.1791600e+06   2.5024414e+01
   3.1791920e+06   2.1850586e+01
   3.1792190e+06   2.7160645e+01
   3.1792930e+06   2.2399902e+01
   3.1793200e+06   1.9226074e+01
   3.1793730e+06   1.9775391e+01
   3.1795250e+06   1.9958496e+01
   3.1796410e+06   1.9836426e+01
   3.1797170e+06   1.9775391e+01
   3.1799040e+06   2.1362305e+01
   3.1799380e+06   1.8981934e+01
   3.1800940e+06   2.3132324e+01
   3.1802200e+06   3.5766602e+01
   3.1802640e+06   1.9287109e+01
   3.1803570e+06   3.1494141e+01
   3.3158230e+06   2.4414063e+01
   3.3158410e+06   1.7272949e+01
   3.3158660e+06   2.2705078e+01
   3.3158860e+06   4.3273926e+01
   3.3159010e+06   1.9409180e+01
   3.3159280e+06   2.3620605e+01
   3.3159410e+06   1.9653320e+01
   3.3159590e+06   2.1728516e+01
   3.3159920e+06   2.3071289e+01
   3.3160210e+06   2.0935059e+01
   3.3160520e+06   1.9592285e+01
   3.3160890e+06   1.7150879e+01
   3.3161050e+06   2.0080566e+01
   3.3161660e+06   1.7333984e+01
   3.3162280e+06   2.1911621e+01
   3.3162800e+06   2.0935059e+01
   3.3163050e+06   2.4047852e+01
   3.3163450e+06   1.6479492e+01
   3.3164360e+06   2.2949219e+01
   3.3165050e+06   1.6906738e+01
   3.3165610e+06   2.5939941e+01
   3.3166270e+06   1.9714355e+01
   3.3166600e+06   3.3996582e+01
   3.3172090e+06   1.8005371e+01
   3.4219170e+06   1.6540527e+01
   3.4219310e+06   1.9165039e+01
   3.4219580e+06   2.4963379e+01
   3.4219910e+06   1.8127441e+01
   3.4220230e+06   4.5837402e+01
   3.4220420e+06   2.2949219e+01
   3.4220640e+06   2.2644043e+01
   3.4220770e+06   1.6967773e+01
   3.4221160e+06   1.7395020e+01
   3.4221650e+06   1.6662598e+01
   3.4222040e+06   3.0456543e+01
   3.4222660e+06   2.2766113e+01
   3.4225250e+06   2.0446777e+01
   3.4225510e+06   1.6601563e+01
   3.4225870e+06   1.7639160e+01
   3.4226360e+06   2.3071289e+01
   3.4227610e+06   1.9226074e+01
   3.4229510e+06   2.2216797e+01
   3.4232980e+06   2.2094727e+01
   3.5044920e+06   1.8371582e+01
   3.5047020e+06   2.0019531e+01
   3.5047310e+06   2.5451660e+01
   3.5047500e+06   4.7302246e+01
   3.5047860e+06   3.0395508e+01
   3.5048110e+06   2.1545410e+01
   3.5048280e+06   5.7006836e+01
   3.5048380e+06   4.6630859e+01
   3.5048600e+06   2.1057129e+01
   3.5048850e+06   3.6254883e+01
   3.5048990e+06   1.7211914e+01
   3.5049270e+06   2.7526855e+01
   3.5049700e+06   2.4230957e+01
   3.5049860e+06   2.1911621e+01
   3.5050040e+06   2.0019531e+01
   3.5050280e+06   1.7395020e+01
   3.5050420e+06   2.6672363e+01
   3.5051600e+06   1.8371582e+01
   3.5052310e+06   1.6967773e+01
   3.5052810e+06   1.7822266e+01
   3.5053170e+06   1.9897461e+01
   3.5053580e+06   2.0385742e+01
   3.5054680e+06   2.4658203e+01
   3.5054970e+06   2.1240234e+01
   3.5055820e+06   2.4047852e+01
   3.5056150e+06   2.0751953e+01
   3.5057230e+06   2.8259277e+01
   3.5057800e+06   2.0080566e+01
   3.5059240e+06   3.4423828e+01
   3.5059720e+06   2.2155762e+01
   3.5824070e+06   1.7639160e+01
   3.5825090e+06   2.1057129e+01
   3.5825230e+06   4.4860840e+01
   3.5825370e+06   2.4597168e+01
   3.5825980e+06   2.4780273e+01
   3.5826140e+06   4.0771484e+01
   3.5826520e+06   1.7944336e+01
   3.5826800e+06   4.6691895e+01
   3.5826940e+06   1.9836426e+01
   3.5827390e+06   4.1015625e+01
   3.5827700e+06   3.6010742e+01
   3.5827820e+06   2.3742676e+01
   3.5828330e+06   1.8920898e+01
   3.5828580e+06   2.2155762e+01
   3.5828790e+06   2.0324707e+01
   3.5829310e+06   3.0212402e+01
   3.6694420e+06   1.8981934e+01
   3.6699460e+06   1.6723633e+01
   3.6704410e+06   1.8371582e+01
   3.6704960e+06   2.1362305e+01
   3.6705780e+06   2.4047852e+01
   3.6706120e+06   2.2460938e+01
   3.7407860e+06   1.7639160e+01
   3.7753640e+06   1.6479492e+01
   3.8268760e+06   1.8249512e+01
   3.8377040e+06   1.7089844e+01
   3.8377170e+06   6.5063477e+01
   3.8377570e+06   2.7893066e+01
   3.8377870e+06   1.8554688e+01
   3.8378260e+06   1.9104004e+01
   3.8378610e+06   1.8371582e+01
   3.8378860e+06   1.8859863e+01
   3.8379110e+06   1.7089844e+01
   3.8381400e+06   2.3742676e+01
   3.8382170e+06   1.9042969e+01
   3.8382480e+06   2.2949219e+01
   3.8382750e+06   2.3864746e+01
   3.8383220e+06   2.3864746e+01
   3.8383700e+06   2.2216797e+01
   3.8384140e+06   2.5390625e+01
   3.8384470e+06   1.9958496e+01
   3.8384580e+06   2.3376465e+01
   3.8385810e+06   3.6560059e+01
   3.8385910e+06   2.8015137e+01
   3.9570300e+06   1.7333984e+01
   3.9583900e+06   2.4536133e+01
   3.9584650e+06   2.3132324e+01
   3.9584800e+06   3.7536621e+01
   3.9585210e+06   2.1911621e+01
   3.9585520e+06   4.2480469e+01
   3.9585640e+06   1.8493652e+01
   3.9586570e+06   1.6601563e+01
   3.9586960e+06   2.5329590e+01
   3.9587060e+06   2.7770996e+01
   3.9588260e+06   2.3071289e+01
   3.9588530e+06   1.9348145e+01
   3.9589530e+06   2.0568848e+01
   3.9589820e+06   1.9287109e+01
   3.9590470e+06   1.7333984e+01
   3.9591260e+06   2.2460938e+01
   3.9592510e+06   2.5756836e+01
   3.9593530e+06   2.1240234e+01
   3.9594100e+06   2.0263672e+01
   3.9595780e+06   2.4658203e+01
   3.9596180e+06   3.1677246e+01
   3.9598530e+06   1.8981934e+01
   3.9648550e+06   2.1057129e+01
   4.0616180e+06   1.8127441e+01
   4.0619950e+06   2.1545410e+01
   4.0620270e+06   2.3742676e+01
   4.0620560e+06   1.6662598e+01
   4.0620680e+06   2.6611328e+01
   4.0621040e+06   4.7546387e+01
   4.0621200e+06   3.1372070e+01
   4.0621390e+06   2.0507813e+01
   4.0621820e+06   4.7302246e+01
   4.0622170e+06   3.8879395e+01
   4.0622410e+06   2.7160645e+01
   4.0622750e+06   2.3864746e+01
   4.0622860e+06   2.8564453e+01
   4.0623150e+06   2.9541016e+01
   4.0623410e+06   2.8198242e+01
   4.0623850e+06   1.6845703e+01
   4.0623970e+06   2.0690918e+01
   4.0624370e+06   1.7333984e+01
   4.0624730e+06   2.3376465e+01
   4.0624950e+06   1.7639160e+01
   4.0625800e+06   1.8981934e+01
   4.0626850e+06   1.7028809e+01
   4.0627170e+06   3.7963867e+01
   4.0630900e+06   1.9653320e+01
   4.1522520e+06   1.7395020e+01
   4.1528420e+06   1.7150879e+01
   4.2101620e+06   1.7700195e+01
   4.2112320e+06   1.7639160e+01
   4.2118530e+06   1.7822266e+01
   4.2121200e+06   1.6845703e+01
   4.2599980e+06   1.9409180e+01
   4.2600800e+06   1.7272949e+01
   4.3528500e+06   1.7089844e+01
   4.4638630e+06   1.6906738e+01
   4.4816010e+06   1.7578125e+01
   4.5671010e+06   1.7089844e+01
   4.6078400e+06   1.8310547e+01
   4.6299030e+06   1.7211914e+01
   4.6616440e+06   2.6245117e+01
   4.6616930e+06   2.0690918e+01
   4.6617040e+06   3.5888672e+01
   4.6617260e+06   2.0629883e+01
   4.6617430e+06   3.1311035e+01
   4.6617840e+06   3.8757324e+01
   4.6618390e+06   1.8005371e+01
   4.6618940e+06   2.1057129e+01
   4.6619130e+06   1.7883301e+01
   4.6619270e+06   1.9836426e+01
   4.6619620e+06   2.1728516e+01
   4.6620260e+06   1.7883301e+01
   4.6620590e+06   1.7639160e+01
   4.6621590e+06   2.1423340e+01
   4.6621980e+06   1.7150879e+01
   4.6622710e+06   1.6662598e+01
   4.6623110e+06   2.7282715e+01
   4.6625060e+06   1.9348145e+01
   4.6625470e+06   1.8005371e+01
   4.6625940e+06   1.8676758e+01
   4.6627340e+06   1.7578125e+01
   4.6628410e+06   1.9897461e+01
   4.6628610e+06   2.6184082e+01
   4.6630060e+06   2.6184082e+01
   4.6630680e+06   1.9836426e+01
   4.6631420e+06   2.0568848e+01
   4.6631600e+06   3.0395508e+01
   4.6632050e+06   1.6967773e+01
   4.6633130e+06   1.7700195e+01
   4.6634370e+06   3.3813477e+01
   4.6635630e+06   1.6540527e+01
   4.6636330e+06   3.0029297e+01
   4.6641680e+06   3.5949707e+01
   4.7334730e+06   1.9226074e+01
   4.7335960e+06   1.6784668e+01
   4.7352840e+06   2.6245117e+01
   4.7353000e+06   3.7475586e+01
   4.7353410e+06   3.1311035e+01
   4.7353640e+06   4.2907715e+01
   4.7353810e+06   1.9775391e+01
   4.7353980e+06   2.2094727e+01
   4.7354170e+06   2.4291992e+01
   4.7354300e+06   1.7150879e+01
   4.7354660e+06   1.9409180e+01
   4.7354990e+06   3.4179688e+01
   4.7355690e+06   1.8310547e+01
   4.7355920e+06   1.6540527e+01
   4.7356320e+06   1.9409180e+01
   4.7357110e+06   1.6906738e+01
   4.7357610e+06   1.7944336e+01
   4.7357770e+06   2.1728516e+01
   4.7358120e+06   1.7333984e+01
   4.7358630e+06   3.3081055e+01
   4.7359350e+06   2.7343750e+01
   4.7360230e+06   1.6723633e+01
   4.7360440e+06   1.7883301e+01
   4.7361200e+06   1.8188477e+01
   4.7361570e+06   1.7211914e+01
   4.7362450e+06   2.6855469e+01
   4.7363160e+06   2.0568848e+01
   4.7364080e+06   2.2583008e+01
   4.7364420e+06   1.8066406e+01
   4.7365110e+06   2.6733398e+01
   4.7365600e+06   1.8371582e+01
   4.7366410e+06   1.8615723e+01
   4.7366730e+06   1.7456055e+01
   4.7367970e+06   1.6723633e+01
   4.7370380e+06   2.3437500e+01
   4.7372480e+06   1.8859863e+01
   4.8426120e+06   1.7333984e+01
   4.8443720e+06   2.6306152e+01
   4.8445620e+06   2.0324707e+01
   4.9079940e+06   1.8432617e+01
   4.9082020e+06   1.6967773e+01
   4.9534270e+06   1.9714355e+01
   4.9540710e+06   1.7456055e+01
   5.0077340e+06   1.6540527e+01
   5.0666530e+06   1.8737793e+01
   5.1023320e+06   1.6662598e+01
   5.1212600e+06   1.6479492e+01
   5.1214160e+06   1.8127441e+01
   5.1490500e+06   1.7639160e+01
   5.1949010e+06   1.6723633e+01
   5.1953060e+06   1.6845703e+01
   5.2290170e+06   1.9409180e+01
   5.2300920e+06   1.9348145e+01
   5.3102810e+06   1.7761230e+01
   5.3313740e+06   1.6479492e+01
   5.3482010e+06   2.1057129e+01
   5.3791230e+06   1.9165039e+01
   5.4159370e+06   1.6479492e+01
   5.4972030e+06   1.8371582e+01
   5.5875210e+06   2.2888184e+01
   5.5926700e+06   2.6428223e+01
   5.6363980e+06   1.6662598e+01
   5.6365040e+06   1.9775391e+01
   5.6478480e+06   1.6540527e+01
   5.6630680e+06   1.6967773e+01
   5.7383640e+06   1.7150879e+01
   5.7715400e+06   1.7761230e+01
   5.8025190e+06   1.7761230e+01
   5.8312900e+06   1.6479492e+01
   5.8675150e+06   1.6845703e+01
   5.9027250e+06   1.9226074e+01
   5.9413040e+06   1.7883301e+01
   5.9422890e+06   2.6306152e+01
   5.9423180e+06   5.0903320e+01
   5.9423370e+06   2.1240234e+01
   5.9423660e+06   3.6132813e+01
   5.9423910e+06   3.0578613e+01
   5.9424300e+06   1.8737793e+01
   5.9424410e+06   2.1789551e+01
   5.9424610e+06   2.1850586e+01
   5.9424900e+06   2.1484375e+01
   5.9425070e+06   1.6967773e+01
   5.9425490e+06   1.6784668e+01
   5.9425930e+06   1.9287109e+01
   5.9426580e+06   2.3132324e+01
   5.9427120e+06   1.9104004e+01
   5.9427360e+06   2.5146484e+01
   5.9428210e+06   1.6906738e+01
   5.9429090e+06   1.7211914e+01
   5.9429470e+06   1.8798828e+01
   5.9429890e+06   1.8310547e+01
   5.9430340e+06   1.8127441e+01
   5.9431870e+06   1.8249512e+01
   5.9432970e+06   1.9592285e+01
   5.9433550e+06   2.3864746e+01
   5.9434080e+06   1.9958496e+01
   5.9434730e+06   1.8737793e+01
   5.9435530e+06   1.8371582e+01
   5.9436510e+06   1.8127441e+01
   5.9437210e+06   1.8249512e+01
   5.9440140e+06   1.7089844e+01
   5.9441430e+06   1.6479492e+01
   5.9441780e+06   2.0874023e+01
   5.9442650e+06   1.6906738e+01
   5.9443610e+06   1.9409180e+01
   5.9444880e+06   2.8320313e+01
   5.9445690e+06   1.9958496e+01
   5.9450610e+06   2.8076172e+01
   5.9450890e+06   1.7578125e+01
   5.9452450e+06   2.4902344e+01
   5.9453090e+06   1.7822266e+01
   5.9454610e+06   2.1362305e+01
   5.9456960e+06   3.3264160e+01
   5.9461710e+06   3.6010742e+01
   5.9464760e+06   3.3386230e+01
   6.0254930e+06   1.8310547e+01
   6.0268160e+06   1.9348145e+01
   6.0268650e+06   1.7822266e+01
   6.0269130e+06   4.5471191e+01
   6.0269250e+06   2.8991699e+01
   6.0269620e+06   2.6977539e+01
   6.0269930e+06   1.6784668e+01
   6.0270250e+06   2.8137207e+01
   6.0270350e+06   3.5400391e+01
   6.0270610e+06   1.9409180e+01
   6.0270890e+06   1.9531250e+01
   6.0271210e+06   1.6540527e+01
   6.0271640e+06   3.0212402e+01
   6.0272140e+06   2.1911621e+01
   6.0272790e+06   1.9897461e+01
   6.0272990e+06   1.9104004e+01
   6.0273260e+06   1.9470215e+01
   6.0274340e+06   1.8737793e+01
   6.0274550e+06   1.7150879e+01
   6.0275240e+06   1.7517090e+01
   6.0276500e+06   1.9775391e+01
   6.0277410e+06   1.8005371e+01
   6.0279020e+06   2.5939941e+01
   6.0282490e+06   2.2827148e+01
   6.0282780e+06   1.7700195e+01
   6.0284040e+06   1.9287109e+01
   6.0284420e+06   1.6906738e+01
   6.0285360e+06   2.4230957e+01
   6.0288050e+06   1.7456055e+01
   6.0289210e+06   3.2287598e+01
   6.0290950e+06   2.4475098e+01
   6.0291650e+06   1.9226074e+01
   6.0292100e+06   2.9235840e+01
   6.0292760e+06   1.8676758e+01
   6.0293820e+06   2.7343750e+01
   6.0294080e+06   1.7272949e+01
   6.0294850e+06   2.7282715e+01
   6.0295720e+06   1.7089844e+01
   6.0296890e+06   1.6601563e+01
   6.0298460e+06   2.0568848e+01
   6.0300370e+06   1.8188477e+01
   6.0300700e+06   3.2653809e+01
   6.0300930e+06   1.9470215e+01
   6.0303500e+06   1.8127441e+01
   6.0303930e+06   3.8391113e+01
   6.0305470e+06   2.1606445e+01
   6.0306250e+06   3.2226563e+01
   6.1361160e+06   2.3437500e+01
   6.1361370e+06   1.9836426e+01
   6.1362960e+06   2.0324707e+01
   6.1363780e+06   1.6540527e+01
   6.2408420e+06   1.7211914e+01
   6.2929970e+06   1.6723633e+01
   6.3325950e+06   1.8066406e+01
   6.3330520e+06   1.7333984e+01
   6.3930670e+06   1.7395020e+01
   6.4348530e+06   1.8066406e+01
   6.5864720e+06   1.6967773e+01
   6.6904750e+06   1.7700195e+01
   6.7218180e+06   1.6784668e+01
   6.7383560e+06   1.8249512e+01
   6.8396720e+06   1.7700195e+01
   6.8482250e+06   5.3283691e+01
   6.8676490e+06   5.2307129e+01
   6.8689060e+06   5.2001953e+01
   6.8900840e+06   1.6845703e+01
   6.9171460e+06   1.7150879e+01
   7.0041990e+06   1.6601563e+01
   7.1640670e+06   3.4729004e+01
   7.1640890e+06   3.1677246e+01
   7.1641080e+06   3.2287598e+01
   7.1641390e+06   2.8930664e+01
   7.1641560e+06   2.4658203e+01
   7.1641830e+06   2.6672363e+01
   7.1642350e+06   2.7099609e+01
   7.1642510e+06   1.6601563e+01
   7.1642930e+06   2.1240234e+01
   7.1643220e+06   1.7761230e+01
   7.1643430e+06   2.4414063e+01
   7.1643850e+06   2.0690918e+01
   7.1644330e+06   2.0324707e+01
   7.1644890e+06   1.8554687e+01
   7.1645420e+06   2.3254395e+01
   7.1645870e+06   2.2888184e+01
   7.1646050e+06   1.9958496e+01
   7.1646560e+06   2.8381348e+01
   7.1648660e+06   1.9897461e+01
   7.1648940e+06   1.7578125e+01
   7.1649960e+06   2.8076172e+01
   7.1650950e+06   1.6723633e+01
   7.1651760e+06   2.1789551e+01
   7.1653150e+06   1.6723633e+01
   7.1653810e+06   1.8432617e+01
   7.1654680e+06   1.9531250e+01
   7.1655800e+06   1.9042969e+01
   7.1657810e+06   1.7578125e+01
   7.1658040e+06   1.8920898e+01
   7.1658390e+06   1.9409180e+01
   7.1658730e+06   1.7700195e+01
   7.1659430e+06   1.6723633e+01
   7.1659850e+06   1.8493652e+01
   7.1660610e+06   1.8066406e+01
   7.1661380e+06   2.6672363e+01
   7.1661830e+06   1.6662598e+01
   7.1663280e+06   2.6367187e+01
   7.1663590e+06   3.3630371e+01
   7.1664630e+06   2.5146484e+01
   7.1665560e+06   1.7883301e+01
   7.1666020e+06   2.1606445e+01
   7.1667580e+06   2.9235840e+01
   7.1669600e+06   2.4902344e+01
   7.1670730e+06   1.7395020e+01
   7.1671660e+06   2.6245117e+01
   7.1672560e+06   1.7028809e+01
   7.1675470e+06   3.1616211e+01
   7.1678690e+06   3.2714844e+01
   7.1678950e+06   1.8127441e+01
   7.1680750e+06   2.0141602e+01
   7.1681420e+06   3.0639648e+01
   7.1836880e+06   4.8156738e+01
   7.1902720e+06   4.7302246e+01
   7.1924050e+06   5.3344727e+01
   7.1937480e+06   1.6845703e+01
   7.1953870e+06   5.2490234e+01
   7.2902260e+06   1.7517090e+01
   7.2902540e+06   2.2888184e+01
   7.2902750e+06   5.2612305e+01
   7.2903150e+06   2.8137207e+01
   7.2903310e+06   3.7963867e+01
   7.2903610e+06   1.8981934e+01
   7.2903810e+06   1.9348145e+01
   7.2904110e+06   1.9714355e+01
   7.2904650e+06   2.8869629e+01
   7.2905300e+06   1.7822266e+01
   7.2905620e+06   2.0141602e+01
   7.2906990e+06   2.3925781e+01
   7.2907630e+06   2.2033691e+01
   7.2907730e+06   2.0568848e+01
   7.2909880e+06   1.9775391e+01
   7.2911600e+06   1.7150879e+01
   7.2912350e+06   1.7883301e+01
   7.2913000e+06   1.8737793e+01
   7.2918240e+06   1.9836426e+01
   7.2918980e+06   2.3010254e+01
   7.2919610e+06   2.7770996e+01
   7.2920270e+06   1.6723633e+01
   7.2920940e+06   2.5878906e+01
   7.2922080e+06   2.2827148e+01
   7.2922570e+06   2.7526855e+01
   7.2924000e+06   2.4658203e+01
   7.2924760e+06   1.9165039e+01
   7.2925800e+06   1.8127441e+01
   7.2926030e+06   2.9907227e+01
   7.2927080e+06   2.5390625e+01
   7.2927320e+06   1.8920898e+01
   7.2927650e+06   1.8127441e+01
   7.2928720e+06   2.8076172e+01
   7.2928900e+06   1.8249512e+01
   7.2930120e+06   1.7578125e+01
   7.2930940e+06   3.0883789e+01
   7.2931400e+06   1.7333984e+01
   7.2932680e+06   1.8005371e+01
   7.2933580e+06   3.2226563e+01
   7.2934390e+06   1.7333984e+01
   7.2936320e+06   3.3508301e+01
   7.2936420e+06   2.6611328e+01
   7.2937710e+06   3.1799316e+01
   7.2938220e+06   2.0080566e+01
   7.2943750e+06   1.9958496e+01
   7.2947050e+06   1.8737793e+01
   7.5200570e+06   1.7639160e+01
   7.6829140e+06   5.1025391e+01
   7.7111940e+06   1.8859863e+01
   7.7140600e+06   5.0170898e+01
   7.8323400e+06   1.7700195e+01
   7.9452800e+06   2.4902344e+01
   7.9453030e+06   2.6245117e+01
   7.9453310e+06   3.9367676e+01
   7.9453700e+06   2.5085449e+01
   7.9454080e+06   2.5207520e+01
   7.9454190e+06   1.7395020e+01
   7.9454750e+06   2.4047852e+01
   7.9455030e+06   1.8066406e+01
   7.9455260e+06   2.0812988e+01
   7.9455550e+06   2.3132324e+01
   7.9455860e+06   2.1423340e+01
   7.9456210e+06   2.3010254e+01
   7.9456620e+06   2.8320312e+01
   7.9456910e+06   2.6550293e+01
   7.9457170e+06   1.7272949e+01
   7.9457550e+06   1.9470215e+01
   7.9458010e+06   2.3254395e+01
   7.9458340e+06   1.6967773e+01
   7.9458570e+06   1.8188477e+01
   7.9459420e+06   2.4475098e+01
   7.9461200e+06   1.6967773e+01
   7.9461740e+06   1.7761230e+01
   7.9464490e+06   1.6723633e+01
   7.9465460e+06   1.6784668e+01
   7.9466080e+06   1.9165039e+01
   7.9466890e+06   1.9104004e+01
   7.9467500e+06   1.8127441e+01
   7.9468340e+06   1.9226074e+01
   7.9470280e+06   1.7456055e+01
   7.9471290e+06   1.6601563e+01
   7.9474240e+06   1.7700195e+01
   7.9474350e+06   2.4719238e+01
   7.9475790e+06   2.0507813e+01
   7.9476770e+06   2.8198242e+01
   7.9477990e+06   2.0751953e+01
   7.9479470e+06   2.1789551e+01
   7.9483150e+06   2.0507813e+01
   7.9484450e+06   2.5512695e+01
   7.9484570e+06   1.7333984e+01
   7.9485190e+06   1.8676758e+01
   7.9486590e+06   1.7944336e+01
   7.9487550e+06   2.0324707e+01
   7.9489110e+06   1.9653320e+01
   7.9490550e+06   1.7150879e+01
   7.9491860e+06   1.9165039e+01
   7.9491990e+06   2.4902344e+01
   7.9494640e+06   4.1442871e+01
   7.9496840e+06   1.8737793e+01
   7.9497700e+06   3.3935547e+01
   8.1357270e+06   1.7761230e+01
   8.1833950e+06   1.9470215e+01
   8.3448500e+06   1.7517090e+01
   8.5923800e+06   2.8747559e+01
   8.5924050e+06   5.2490234e+01
   8.5924220e+06   2.1179199e+01
   8.5924510e+06   3.9855957e+01
   8.5924790e+06   3.3203125e+01
   8.5924980e+06   2.4963379e+01
   8.5925400e+06   1.6662598e+01
   8.5925820e+06   2.4902344e+01
   8.5926500e+06   1.8554688e+01
   8.5927310e+06   2.4658203e+01
   8.5927900e+06   2.0690918e+01
   8.5928330e+06   2.4353027e+01
   8.5929490e+06   1.6540527e+01
   8.5929770e+06   2.1484375e+01
   8.5930410e+06   2.1545410e+01
   8.5931030e+06   2.0019531e+01
   8.5931510e+06   1.6662598e+01
   8.5932420e+06   1.7700195e+01
   8.5932640e+06   1.7456055e+01
   8.5933170e+06   1.7517090e+01
   8.5934070e+06   1.8737793e+01
   8.5934750e+06   2.1301270e+01
   8.5935740e+06   1.7517090e+01
   8.5938300e+06   1.7089844e+01
   8.5940200e+06   2.2949219e+01
   8.5943980e+06   1.8005371e+01
   8.5946090e+06   2.1728516e+01
   8.5947690e+06   1.6967773e+01
   8.5947880e+06   1.7028809e+01
   8.5949130e+06   1.8798828e+01
   8.5950230e+06   2.0202637e+01
   8.5950790e+06   1.6723633e+01
   8.5951460e+06   1.6906738e+01
   8.5952670e+06   2.0263672e+01
   8.5953610e+06   2.2094727e+01
   8.5953970e+06   1.6906738e+01
   8.5956190e+06   2.3864746e+01
   8.5957010e+06   1.7089844e+01
   8.5957590e+06   2.3498535e+01
   8.5959390e+06   1.6845703e+01
   8.5960080e+06   2.7770996e+01
   8.5962010e+06   1.6845703e+01
   8.5962760e+06   2.8564453e+01
   8.5964810e+06   2.7343750e+01
   8.5964940e+06   2.0324707e+01
   8.5966080e+06   1.7272949e+01
   8.5966320e+06   2.9968262e+01
   8.5966690e+06   1.7028809e+01
   8.5967690e+06   2.6367187e+01
   8.5968980e+06   2.3681641e+01
   8.5969730e+06   1.8493652e+01
   8.5970420e+06   2.6000977e+01
   8.5971650e+06   2.7099609e+01
   8.5974120e+06   2.7099609e+01
   8.5976430e+06   3.0517578e+01
   8.5978200e+06   3.0639648e+01
   8.5979180e+06   1.8005371e+01
   8.6567620e+06   1.6662598e+01
   8.8165810e+06   2.4780273e+01
   8.8541620e+06   4.9804688e+01
   8.8556110e+06   5.3161621e+01
   9.1945470e+06   1.9287109e+01
   9.2195910e+06   2.0812988e+01
   9.5287860e+06   1.7272949e+01
   9.7271300e+06   1.6601563e+01
   9.7838970e+06   1.8798828e+01
   1.0323450e+07   5.5419922e+01
   1.0343718e+07   5.1025391e+01
   1.0349691e+07   5.1025391e+01
   1.0578201e+07   2.3071289e+01
   1.0600154e+07   2.3986816e+01
   1.0600196e+07   4.3701172e+01
   1.0600219e+07   2.3010254e+01
   1.0600238e+07   3.0761719e+01
   1.0600251e+07   3.0212402e+01
   1.0600267e+07   2.4780273e+01
   1.0600294e+07   1.8371582e+01
   1.0600310e+07   2.4719238e+01
   1.0600349e+07   1.7517090e+01
   1.0600375e+07   2.5451660e+01
   1.0600409e+07   1.7517090e+01
   1.0600423e+07   1.8005371e+01
   1.0600447e+07   1.8493652e+01
   1.0600473e+07   2.2399902e+01
   1.0600496e+07   1.6540527e+01
   1.0600521e+07   1.8920898e+01
   1.0600562e+07   1.8493652e+01
   1.0600608e+07   2.2033691e+01
   1.0600646e+07   2.1911621e+01
   1.0600709e+07   1.6662598e+01
   1.0600796e+07   2.4291992e+01
   1.0600950e+07   1.6601563e+01
   1.0600964e+07   1.8676758e+01
   1.0601168e+07   1.6540527e+01
   1.0601239e+07   2.0874023e+01
   1.0601278e+07   1.8005371e+01
   1.0601322e+07   2.1301270e+01
   1.0601355e+07   2.0751953e+01
   1.0601630e+07   1.8737793e+01
   1.0601854e+07   1.7272949e+01
   1.0601966e+07   1.8676758e+01
   1.0602161e+07   1.6540527e+01
   1.0602517e+07   1.9104004e+01
   1.0602686e+07   1.7761230e+01
   1.0602926e+07   1.8188477e+01
   1.0603014e+07   1.9042969e+01
   1.0603307e+07   1.8249512e+01
   1.0603657e+07   1.7028809e+01
   1.0603803e+07   1.7333984e+01
   1.0603917e+07   1.7150879e+01
   1.0604019e+07   1.8493652e+01
   1.0604099e+07   1.7700195e+01
   1.0604335e+07   1.8859863e+01
   1.0604430e+07   1.7700195e+01
   1.0604535e+07   1.9042969e+01
   1.0604630e+07   1.8310547e+01
   1.0604837e+07   2.0507813e+01
   1.0604869e+07   2.1972656e+01
   1.0605017e+07   2.7343750e+01
   1.0605142e+07   3.0578613e+01
   1.0605251e+07   1.8188477e+01
   1.0605382e+07   1.6906738e+01
   1.0605523e+07   2.4230957e+01
   1.0605645e+07   2.0568848e+01
   1.0605712e+07   1.7517090e+01
   1.0605870e+07   1.8859863e+01
   1.0605957e+07   2.2155762e+01
   1.0606024e+07   1.6723633e+01
   1.0606109e+07   1.7700195e+01
   1.0606133e+07   3.1250000e+01
   1.0606226e+07   2.0141602e+01
   1.0606402e+07   1.8005371e+01
   1.0606599e+07   1.7456055e+01
   1.0606660e+07   2.6611328e+01
   1.0606726e+07   2.0690918e+01
   1.0606797e+07   2.3010254e+01
   1.0606903e+07   1.9409180e+01
   1.0606958e+07   2.5390625e+01
   1.0607063e+07   2.3254395e+01
   1.0607182e+07   2.3315430e+01
   1.0607440e+07   2.7404785e+01
   1.0607543e+07   2.7526855e+01
   1.0607650e+07   2.5756836e+01
   1.0607670e+07   1.7028809e+01
   1.0607766e+07   2.7648926e+01
   1.0607921e+07   2.7282715e+01
   1.0608072e+07   2.9968262e+01
   1.0608223e+07   2.7893066e+01
   1.0608371e+07   2.8015137e+01
   1.0608495e+07   2.3925781e+01
   1.0608611e+07   2.9724121e+01
   1.0608770e+07   2.7709961e+01
   1.0608910e+07   2.8625488e+01
   1.0609045e+07   3.2897949e+01
   1.0609179e+07   2.6489258e+01
   1.0609303e+07   2.8991699e+01
   1.0609423e+07   3.0639648e+01
   1.0609541e+07   3.2287598e+01
   1.0609672e+07   2.8076172e+01
   1.0609808e+07   2.9785156e+01
   1.0609930e+07   2.9602051e+01
   1.0610052e+07   2.9968262e+01
   1.0610186e+07   2.7648926e+01
   1.0610328e+07   3.1616211e+01
   1.0610465e+07   2.8015137e+01
   1.0610592e+07   2.5268555e+01
   1.0610737e+07   2.9602051e+01
   1.0610884e+07   3.2226563e+01
   1.0611027e+07   2.8015137e+01
   1.0611174e+07   3.4790039e+01
   1.0611337e+07   3.0151367e+01
   1.0611487e+07   3.3264160e+01
   1.0611631e+07   3.0944824e+01
   1.0611790e+07   2.7648926e+01
   1.0611989e+07   2.9968262e+01
   1.0612165e+07   2.8320313e+01
   1.0612354e+07   3.4240723e+01
   1.0612522e+07   3.4423828e+01
   1.0612718e+07   3.1555176e+01
   1.0612946e+07   3.3081055e+01
   1.0613177e+07   3.2287598e+01
   1.0819314e+07   4.6936035e+01
   1.1904164e+07   1.6784668e+01
