   1.1999000e+07   0.0000000e+00
   6.3829000e+04   2.3681641e+01
   2.2361100e+05   2.3254395e+01
   2.2413700e+05   2.3254395e+01
   2.2420000e+05   2.8076172e+01
   2.2422000e+05   2.4963379e+01
   2.2423700e+05   2.6367188e+01
   2.2425900e+05   2.1606445e+01
   2.2429400e+05   2.2094727e+01
   2.2432100e+05   4.0466309e+01
   2.2433500e+05   5.7128906e+01
   2.2434500e+05   6.1157227e+01
   2.2436800e+05   3.4912109e+01
   2.2437800e+05   2.5756836e+01
   2.2439100e+05   4.9255371e+01
   2.2440700e+05   4.4006348e+01
   2.2442300e+05   3.0639648e+01
   2.2444500e+05   3.2409668e+01
   2.2447200e+05   2.3132324e+01
   2.2450500e+05   2.2033691e+01
   2.2451800e+05   3.1250000e+01
   2.2454100e+05   2.1728516e+01
   2.2455300e+05   2.2277832e+01
   2.2458100e+05   2.2827148e+01
   2.2460300e+05   2.2521973e+01
   2.2468900e+05   2.4108887e+01
   2.2470800e+05   2.3986816e+01
   2.2474500e+05   2.2460938e+01
   2.9823600e+05   2.1667480e+01
   3.0759300e+05   2.1423340e+01
   4.0152900e+05   2.5756836e+01
   4.0174800e+05   2.1728516e+01
   4.0179600e+05   2.5329590e+01
   4.0183600e+05   2.4902344e+01
   4.0185000e+05   2.4597168e+01
   4.0187300e+05   2.8015137e+01
   4.0188600e+05   3.7048340e+01
   4.0190700e+05   5.1635742e+01
   4.0193300e+05   8.7524414e+01
   4.0196400e+05   3.6682129e+01
   4.0199100e+05   7.0678711e+01
   4.0200800e+05   3.3813477e+01
   4.0205300e+05   4.2602539e+01
   4.0206600e+05   2.2460938e+01
   4.0208900e+05   2.2460938e+01
   4.0210800e+05   4.0649414e+01
   4.0212400e+05   2.2460938e+01
   4.0217700e+05   2.1423340e+01
   4.0220500e+05   2.5756836e+01
   4.0223900e+05   2.1850586e+01
   4.0229800e+05   2.5939941e+01
   4.5709200e+05   2.3620605e+01
   4.5731600e+05   2.3681641e+01
   4.5735800e+05   2.8198242e+01
   4.5737000e+05   2.4108887e+01
   4.5738600e+05   2.2521973e+01
   4.5742100e+05   2.3620605e+01
   4.5743200e+05   2.6306152e+01
   4.5745700e+05   2.2888184e+01
   4.5749000e+05   3.3264160e+01
   4.5750700e+05   2.6245117e+01
   4.5752900e+05   2.6428223e+01
   4.5755000e+05   2.9113770e+01
   4.5756500e+05   3.9978027e+01
   4.5757600e+05   3.3813477e+01
   4.5760300e+05   3.9916992e+01
   4.5761700e+05   2.7160645e+01
   4.5763700e+05   3.6499023e+01
   4.5764800e+05   2.4902344e+01
   4.5767000e+05   4.2480469e+01
   4.5768400e+05   2.9968262e+01
   4.5770900e+05   2.5573730e+01
   4.5774200e+05   2.6672363e+01
   4.5781000e+05   2.2277832e+01
   4.5783100e+05   3.2104492e+01
   4.5785200e+05   2.6123047e+01
   4.5788300e+05   2.4108887e+01
   4.5791500e+05   2.2277832e+01
   5.2851000e+05   2.1728516e+01
   5.2885200e+05   3.7048340e+01
   5.2888200e+05   2.1789551e+01
   5.2889500e+05   2.1728516e+01
   5.2892500e+05   2.3010254e+01
   5.2896400e+05   2.3132324e+01
   5.2897900e+05   2.6062012e+01
   5.2899000e+05   2.4169922e+01
   5.2902600e+05   4.0710449e+01
   5.2905300e+05   7.1105957e+01
   5.2906800e+05   3.5766602e+01
   5.2908500e+05   3.9978027e+01
   5.2910600e+05   2.7587891e+01
   5.2912500e+05   3.4240723e+01
   5.2915900e+05   4.0466309e+01
   5.2918100e+05   2.2338867e+01
   5.2920300e+05   2.7832031e+01
   5.2923300e+05   3.5949707e+01
   5.2928900e+05   2.2338867e+01
   5.2930800e+05   2.3864746e+01
   5.2936300e+05   2.3071289e+01
   5.2948700e+05   2.3010254e+01
   6.4537900e+05   2.1972656e+01
   6.8036300e+05   3.2287598e+01
   6.8041900e+05   2.8320313e+01
   6.8045700e+05   2.2460938e+01
   6.8050000e+05   2.6794434e+01
   6.8052800e+05   2.2216797e+01
   6.8054800e+05   6.5979004e+01
   6.8057600e+05   3.6865234e+01
   6.8059200e+05   2.3254395e+01
   6.8061000e+05   4.1137695e+01
   6.8063400e+05   2.7221680e+01
   6.8066100e+05   3.4423828e+01
   6.8067900e+05   3.1127930e+01
   6.8070800e+05   2.7832031e+01
   6.8072700e+05   3.9733887e+01
   6.8075300e+05   2.3132324e+01
   6.8078800e+05   2.7770996e+01
   6.8083900e+05   2.7221680e+01
   6.8086500e+05   2.1484375e+01
   6.8088100e+05   2.6184082e+01
   6.8090800e+05   2.3315430e+01
   7.5847700e+05   2.1728516e+01
   7.5854700e+05   2.2094727e+01
   7.5861500e+05   2.1423340e+01
   7.5879300e+05   2.2766113e+01
   7.5882400e+05   2.9785156e+01
   7.5883800e+05   2.4475098e+01
   7.5888200e+05   2.5512695e+01
   7.5893500e+05   2.5024414e+01
   7.5894700e+05   2.8137207e+01
   7.5897300e+05   2.1728516e+01
   7.5899400e+05   6.6528320e+01
   7.5900600e+05   4.3579102e+01
   7.5902900e+05   5.3527832e+01
   7.5905400e+05   3.9123535e+01
   7.5907500e+05   3.7597656e+01
   7.5910700e+05   2.8076172e+01
   7.5913500e+05   3.1982422e+01
   7.5914500e+05   4.6752930e+01
   7.5915800e+05   2.5024414e+01
   7.5919400e+05   6.1523438e+01
   7.5923100e+05   2.3254395e+01
   7.5926000e+05   3.0639648e+01
   7.5931300e+05   2.3315430e+01
   7.5933300e+05   2.5756836e+01
   7.5951700e+05   2.1423340e+01
   8.3217100e+05   2.1606445e+01
   8.3231700e+05   2.1728516e+01
   8.3234100e+05   2.4902344e+01
   8.3239900e+05   2.3559570e+01
   8.3241200e+05   2.9174805e+01
   8.3244700e+05   2.3315430e+01
   8.3245900e+05   2.8503418e+01
   8.3250600e+05   2.5024414e+01
   8.3254200e+05   2.4658203e+01
   8.3256000e+05   2.3010254e+01
   8.3259700e+05   3.4179688e+01
   8.3261800e+05   4.7058105e+01
   8.3265900e+05   2.2827148e+01
   8.3267800e+05   6.8176270e+01
   8.3271500e+05   3.1188965e+01
   8.3274700e+05   3.0212402e+01
   8.3275700e+05   3.5949707e+01
   8.3278300e+05   2.1911621e+01
   8.3280300e+05   3.4790039e+01
   8.3282500e+05   2.7648926e+01
   8.3284400e+05   2.6489258e+01
   8.3288400e+05   2.8625488e+01
   8.3290800e+05   2.4291992e+01
   8.3299500e+05   2.4658203e+01
   8.9914600e+05   2.1972656e+01
   9.0570600e+05   2.1789551e+01
   9.0624300e+05   2.2583008e+01
   9.0626900e+05   2.1789551e+01
   9.0630100e+05   3.7048340e+01
   9.0632000e+05   3.3752441e+01
   9.0635100e+05   3.0395508e+01
   9.0636100e+05   2.4230957e+01
   9.0638400e+05   2.9602051e+01
   9.0640400e+05   2.4658203e+01
   9.0644500e+05   5.8776855e+01
   9.0645500e+05   3.5949707e+01
   9.0648900e+05   4.0222168e+01
   9.0651600e+05   4.1564941e+01
   9.0654600e+05   3.5095215e+01
   9.0657200e+05   3.2958984e+01
   9.0660100e+05   3.0334473e+01
   9.0662200e+05   3.1066895e+01
   9.0663900e+05   3.0151367e+01
   9.0671300e+05   2.3376465e+01
   9.0672800e+05   2.1423340e+01
   9.0676900e+05   2.1789551e+01
   9.0686700e+05   2.1423340e+01
   9.7326800e+05   2.3193359e+01
   9.7335100e+05   2.9785156e+01
   9.7336200e+05   2.3132324e+01
   9.7338600e+05   2.4475098e+01
   9.7344300e+05   2.1484375e+01
   9.7345600e+05   2.3498535e+01
   9.7349300e+05   2.2827148e+01
   9.7353100e+05   2.2766113e+01
   9.7359500e+05   2.6245117e+01
   9.7362200e+05   2.3742676e+01
   9.7365000e+05   4.4189453e+01
   9.7366600e+05   3.9672852e+01
   9.7369200e+05   2.1972656e+01
   9.7372900e+05   4.9133301e+01
   9.7374100e+05   4.0039063e+01
   9.7376600e+05   2.4780273e+01
   9.7379600e+05   4.5898438e+01
   9.7382300e+05   4.7607422e+01
   9.7386100e+05   2.4963379e+01
   9.7387400e+05   2.8320313e+01
   9.7397100e+05   2.2033691e+01
   9.7399600e+05   2.4353027e+01
   9.7402800e+05   2.8991699e+01
   1.0425500e+06   2.3010254e+01
   1.0427100e+06   2.5512695e+01
   1.0428500e+06   3.0639648e+01
   1.0429110e+06   2.2521973e+01
   1.0430060e+06   3.0944824e+01
   1.0430720e+06   2.7465820e+01
   1.0430990e+06   2.1606445e+01
   1.0431150e+06   2.2338867e+01
   1.0431620e+06   2.3986816e+01
   1.0431810e+06   3.1127930e+01
   1.0431990e+06   2.1606445e+01
   1.0432340e+06   6.4331055e+01
   1.0432880e+06   2.2277832e+01
   1.0433150e+06   2.8686523e+01
   1.0433290e+06   2.2521973e+01
   1.0433710e+06   3.8696289e+01
   1.0433900e+06   2.4597168e+01
   1.0434010e+06   2.2277832e+01
   1.0434510e+06   2.4353027e+01
   1.0938070e+06   2.6672363e+01
   1.0940240e+06   2.5451660e+01
   1.0941200e+06   2.5695801e+01
   1.0941890e+06   2.5146484e+01
   1.0941990e+06   2.1789551e+01
   1.0942580e+06   2.2583008e+01
   1.0942690e+06   2.9724121e+01
   1.0942870e+06   2.1606445e+01
   1.0943360e+06   2.6611328e+01
   1.0943600e+06   3.0517578e+01
   1.0944000e+06   2.1667480e+01
   1.0944290e+06   2.2644043e+01
   1.1343090e+06   2.3132324e+01
   1.1354480e+06   2.7770996e+01
   1.1355860e+06   2.2216797e+01
   1.1724840e+06   2.1972656e+01
   1.1725140e+06   2.5024414e+01
   1.1725740e+06   2.5390625e+01
   1.1726280e+06   2.1484375e+01
   1.1727390e+06   2.2399902e+01
   1.1729420e+06   2.8320313e+01
   1.1730850e+06   2.1972656e+01
   1.1734150e+06   2.3376465e+01
   1.2231710e+06   2.3437500e+01
   1.2232980e+06   2.3132324e+01
   1.2234330e+06   2.2277832e+01
   1.2234950e+06   2.3376465e+01
   1.2235630e+06   2.3925781e+01
   1.2557040e+06   3.4484863e+01
   1.2557330e+06   7.0495605e+01
   1.2557580e+06   6.1340332e+01
   1.2557860e+06   3.7658691e+01
   1.2558090e+06   3.5461426e+01
   1.2558230e+06   3.1921387e+01
   1.2558440e+06   3.1188965e+01
   1.2558540e+06   2.9174805e+01
   1.2558690e+06   2.3193359e+01
   1.2558860e+06   2.2155762e+01
   1.2559010e+06   3.3630371e+01
   1.2559220e+06   2.3864746e+01
   1.2559410e+06   2.9602051e+01
   1.2559640e+06   2.6123047e+01
   1.2559870e+06   2.8747559e+01
   1.2561050e+06   3.1677246e+01
   1.2561690e+06   2.1850586e+01
   1.2562670e+06   2.1972656e+01
   1.3206870e+06   2.4414063e+01
   1.3207350e+06   2.1423340e+01
   1.3208220e+06   2.1972656e+01
   1.3209170e+06   2.7282715e+01
   1.3217470e+06   5.5297852e+01
   1.3691250e+06   5.1696777e+01
   1.3691900e+06   3.3447266e+01
   1.3692050e+06   3.7231445e+01
   1.3692560e+06   2.2338867e+01
   1.3693040e+06   2.1667480e+01
   1.3693740e+06   4.5104980e+01
   1.3694840e+06   2.2216797e+01
   1.3808080e+06   2.2155762e+01
   1.3816460e+06   2.2277832e+01
   1.3851930e+06   2.4719238e+01
   1.3984170e+06   5.3039551e+01
   1.3984450e+06   2.2399902e+01
   1.3984830e+06   3.6499023e+01
   1.3986800e+06   2.7282715e+01
   1.3988640e+06   4.5471191e+01
   1.3990470e+06   2.2155762e+01
   1.4167940e+06   3.9306641e+01
   1.4168320e+06   2.7832031e+01
   1.4168600e+06   3.5278320e+01
   1.4169550e+06   2.3193359e+01
   1.4170540e+06   3.5278320e+01
   1.4174410e+06   2.6306152e+01
   1.4245640e+06   2.2766113e+01
   1.4366360e+06   2.2644043e+01
   1.4366680e+06   2.1423340e+01
   1.4366960e+06   3.9672852e+01
   1.4367170e+06   3.2470703e+01
   1.4367680e+06   2.1667480e+01
   1.4367790e+06   3.1738281e+01
   1.4369380e+06   3.6315918e+01
   1.4517580e+06   2.2216797e+01
   1.4518620e+06   6.9702148e+01
   1.4519570e+06   3.4667969e+01
   1.4705950e+06   4.5837402e+01
   1.4706590e+06   2.5329590e+01
   1.4707220e+06   3.9306641e+01
   1.4708080e+06   2.3193359e+01
   1.4711090e+06   4.6936035e+01
   1.4787900e+06   2.1850586e+01
   1.4869840e+06   4.6142578e+01
   1.4870100e+06   2.6550293e+01
   1.4870240e+06   2.1789551e+01
   1.4870800e+06   2.4780273e+01
   1.4871140e+06   2.2705078e+01
   1.4871370e+06   4.3334961e+01
   1.4872020e+06   2.6184082e+01
   1.4938360e+06   2.2033691e+01
   1.5052710e+06   2.6916504e+01
   1.5052870e+06   5.5297852e+01
   1.5053840e+06   2.3315430e+01
   1.5054100e+06   3.4484863e+01
   1.5199140e+06   2.2644043e+01
   1.5199660e+06   3.7597656e+01
   1.5200720e+06   4.1198730e+01
   1.5201190e+06   2.3010254e+01
   1.5201870e+06   2.2460938e+01
   1.5363800e+06   2.1545410e+01
   1.5364390e+06   4.7180176e+01
   1.5365410e+06   3.7109375e+01
   1.5366550e+06   2.1789551e+01
   1.5369510e+06   2.1728516e+01
   1.5375870e+06   2.2155762e+01
   1.5403710e+06   2.3559570e+01
   1.5414430e+06   2.4230957e+01
   1.5533070e+06   4.1137695e+01
   1.5533390e+06   3.6010742e+01
   1.5533750e+06   2.3071289e+01
   1.5534000e+06   2.1911621e+01
   1.5534270e+06   4.3884277e+01
   1.5534470e+06   2.3559570e+01
   1.5534800e+06   2.9663086e+01
   1.5535680e+06   3.5522461e+01
   1.5590770e+06   2.2033691e+01
   1.5717250e+06   2.1667480e+01
   1.5717770e+06   4.0405273e+01
   1.5718060e+06   2.8930664e+01
   1.5718700e+06   3.7658691e+01
   1.5719640e+06   2.3742676e+01
   1.5722900e+06   3.8146973e+01
   1.5859500e+06   2.2460938e+01
   1.5859800e+06   4.4372559e+01
   1.5859980e+06   2.3986816e+01
   1.5860640e+06   2.3925781e+01
   1.5860950e+06   3.0944824e+01
   1.5861700e+06   2.1728516e+01
   1.5863630e+06   2.2521973e+01
   1.5864130e+06   4.0893555e+01
   1.5944320e+06   2.1972656e+01
   1.6116320e+06   2.1789551e+01
   1.6116530e+06   2.4047852e+01
   1.6117080e+06   3.1982422e+01
   1.6117490e+06   2.1972656e+01
   1.6117830e+06   2.4414063e+01
   1.6118090e+06   3.8635254e+01
   1.6121360e+06   3.6804199e+01
   1.6352870e+06   3.1005859e+01
   1.6353270e+06   2.1667480e+01
   1.6353560e+06   4.1198730e+01
   1.6354170e+06   2.2644043e+01
   1.6354580e+06   2.4475098e+01
   1.6357770e+06   3.7719727e+01
   1.6546260e+06   2.5756836e+01
   1.6546500e+06   4.8950195e+01
   1.6548370e+06   3.9611816e+01
   1.6550370e+06   3.6437988e+01
   1.6696050e+06   2.3803711e+01
   1.6696310e+06   2.3742676e+01
   1.6696480e+06   2.2888184e+01
   1.6696880e+06   4.5349121e+01
   1.6698410e+06   2.6611328e+01
   1.6698630e+06   2.3315430e+01
   1.6699820e+06   4.3701172e+01
   1.6701310e+06   2.2583008e+01
   1.6861560e+06   2.5817871e+01
   1.6862340e+06   2.3376465e+01
   1.6862620e+06   4.0588379e+01
   1.6863410e+06   2.2644043e+01
   1.6864560e+06   5.1574707e+01
   1.6868590e+06   2.7526855e+01
   1.7094850e+06   5.5969238e+01
   1.7095100e+06   2.2705078e+01
   1.7095860e+06   2.2521973e+01
   1.7096090e+06   2.1789551e+01
   1.7096370e+06   3.6437988e+01
   1.7097000e+06   2.6123047e+01
   1.7099770e+06   2.4291992e+01
   1.7102800e+06   3.8513184e+01
   1.7349860e+06   2.8320313e+01
   1.7349990e+06   2.3315430e+01
   1.7350190e+06   3.6987305e+01
   1.7351190e+06   3.2104492e+01
   1.7351770e+06   2.1545410e+01
   1.7634460e+06   2.6062012e+01
   1.7634850e+06   5.0659180e+01
   1.7635350e+06   2.3071289e+01
   1.7635490e+06   2.1606445e+01
   1.7636000e+06   3.9367676e+01
   1.7638020e+06   4.1870117e+01
   1.7641700e+06   3.9916992e+01
   1.8008950e+06   2.8808594e+01
   1.8009270e+06   5.4565430e+01
   1.8009430e+06   2.3071289e+01
   1.8010490e+06   4.2846680e+01
   1.8010770e+06   2.6550293e+01
   1.8013580e+06   3.7048340e+01
   1.8356210e+06   2.1667480e+01
   1.8356810e+06   2.4719238e+01
   1.8357240e+06   4.9072266e+01
   1.8357980e+06   2.2827148e+01
   1.8358610e+06   2.1911621e+01
   1.8359010e+06   3.7353516e+01
   1.8359700e+06   2.1484375e+01
   1.8361140e+06   4.2175293e+01
   1.8363990e+06   2.2583008e+01
   1.8435530e+06   2.1850586e+01
   1.8650740e+06   2.4719238e+01
   1.8651110e+06   4.1625977e+01
   1.8651690e+06   2.7709961e+01
   1.8652250e+06   2.5024414e+01
   1.8652370e+06   2.5817871e+01
   1.8654160e+06   3.2836914e+01
   1.8657440e+06   4.2053223e+01
   1.9051440e+06   2.1484375e+01
   1.9051850e+06   3.7963867e+01
   1.9053080e+06   3.1860352e+01
   1.9053670e+06   2.3864746e+01
   1.9055060e+06   4.1687012e+01
   1.9056900e+06   3.5522461e+01
   1.9184070e+06   2.1911621e+01
   1.9383110e+06   5.9875488e+01
   1.9383920e+06   4.0893555e+01
   1.9385670e+06   4.7546387e+01
   1.9387680e+06   3.5095215e+01
   1.9388560e+06   2.3193359e+01
   1.9491640e+06   2.2155762e+01
   1.9701440e+06   4.7058105e+01
   1.9702220e+06   2.2216797e+01
   1.9702540e+06   3.3935547e+01
   1.9702760e+06   2.2033691e+01
   1.9704290e+06   3.9978027e+01
   2.0076360e+06   2.3071289e+01
   2.0077080e+06   2.7343750e+01
   2.0077960e+06   2.3681641e+01
   2.0078570e+06   4.4189453e+01
   2.0078840e+06   2.3437500e+01
   2.0082370e+06   2.5329590e+01
   2.0083500e+06   4.2541504e+01
   2.0084060e+06   2.3071289e+01
   2.0599410e+06   2.5146484e+01
   2.0599820e+06   2.5451660e+01
   2.0600230e+06   2.4230957e+01
   2.0600720e+06   5.6274414e+01
   2.0600990e+06   5.4077148e+01
   2.0601260e+06   5.4199219e+01
   2.0601510e+06   3.8696289e+01
   2.0601640e+06   4.4372559e+01
   2.0601880e+06   3.6621094e+01
   2.0602380e+06   2.8747559e+01
   2.0602660e+06   2.4780273e+01
   2.0602990e+06   2.3071289e+01
   2.0603200e+06   2.8442383e+01
   2.0603550e+06   2.8686523e+01
   2.0604110e+06   2.7404785e+01
   2.0604980e+06   2.8686523e+01
   2.0609370e+06   2.2521973e+01
   2.2213790e+06   2.2827148e+01
   2.2214300e+06   3.3508301e+01
   2.2214920e+06   2.2583008e+01
   2.2215170e+06   2.6062012e+01
   2.2215440e+06   2.8503418e+01
   2.2215650e+06   2.2399902e+01
   2.2215790e+06   3.6804199e+01
   2.2215990e+06   2.7893066e+01
   2.2216320e+06   3.6437988e+01
   2.2216490e+06   3.4179688e+01
   2.2216660e+06   4.8950195e+01
   2.2217080e+06   2.7465820e+01
   2.2217210e+06   3.4790039e+01
   2.2217410e+06   3.3264160e+01
   2.2217780e+06   2.4902344e+01
   2.2218170e+06   2.3498535e+01
   2.2218710e+06   2.6489258e+01
   2.2219250e+06   2.4902344e+01
   2.2219880e+06   2.4719238e+01
   2.2220310e+06   3.0212402e+01
   2.2220810e+06   2.2644043e+01
   2.3189750e+06   2.3803711e+01
   2.4346190e+06   3.0822754e+01
   2.4348060e+06   3.0029297e+01
   2.4599600e+06   2.2521973e+01
   2.4600010e+06   2.2888184e+01
   2.4600600e+06   3.5339355e+01
   2.4600870e+06   4.6630859e+01
   2.4601090e+06   7.5988770e+01
   2.4601290e+06   3.3386230e+01
   2.4601450e+06   3.6804199e+01
   2.4601930e+06   5.4565430e+01
   2.4602210e+06   3.8452148e+01
   2.4602340e+06   4.3884277e+01
   2.4602640e+06   3.3752441e+01
   2.4602830e+06   2.4780273e+01
   2.4603320e+06   2.1911621e+01
   2.4603460e+06   2.4353027e+01
   2.4603760e+06   2.2827148e+01
   2.4604000e+06   2.4902344e+01
   2.4604620e+06   2.2949219e+01
   2.4606050e+06   2.6672363e+01
   2.6481150e+06   2.1667480e+01
   2.6885690e+06   2.2216797e+01
   2.8992600e+06   3.2531738e+01
   2.8992990e+06   2.3315430e+01
   2.8993350e+06   2.3925781e+01
   2.8993510e+06   2.3559570e+01
   2.8993800e+06   2.1972656e+01
   2.8993920e+06   3.0273438e+01
   2.8994150e+06   5.0170898e+01
   2.8994340e+06   3.7963867e+01
   2.8994560e+06   3.7597656e+01
   2.8994740e+06   3.1372070e+01
   2.8994860e+06   4.4128418e+01
   2.8995090e+06   2.2644043e+01
   2.8995240e+06   4.2419434e+01
   2.8995550e+06   2.8930664e+01
   2.8995940e+06   2.9602051e+01
   2.8996200e+06   2.1789551e+01
   2.8996360e+06   2.3010254e+01
   2.8996470e+06   4.2968750e+01
   2.8996960e+06   2.9541016e+01
   2.8997550e+06   3.2531738e+01
   2.8997990e+06   2.6184082e+01
   2.8998350e+06   2.5329590e+01
   2.8999260e+06   2.4230957e+01
   3.1362080e+06   2.5390625e+01
   3.1777880e+06   2.7954102e+01
   3.1786430e+06   2.8076172e+01
   3.1788320e+06   2.9113770e+01
   3.1788750e+06   2.2827148e+01
   3.1789060e+06   2.1606445e+01
   3.1789800e+06   2.5268555e+01
   3.1790080e+06   4.8583984e+01
   3.1790180e+06   2.5268555e+01
   3.1790530e+06   4.7607422e+01
   3.1790790e+06   3.6682129e+01
   3.1791100e+06   2.2521973e+01
   3.1791230e+06   4.4738770e+01
   3.1791550e+06   3.2592773e+01
   3.1791840e+06   2.6550293e+01
   3.1791950e+06   2.2766113e+01
   3.1792160e+06   3.5278320e+01
   3.1792890e+06   2.4658203e+01
   3.1793160e+06   2.4719238e+01
   3.1793710e+06   2.1911621e+01
   3.1795090e+06   2.3071289e+01
   3.3157720e+06   2.2766113e+01
   3.3157860e+06   2.3376465e+01
   3.3158480e+06   4.5593262e+01
   3.3158710e+06   3.8208008e+01
   3.3158820e+06   3.8146973e+01
   3.3159020e+06   3.0212402e+01
   3.3159260e+06   3.7536621e+01
   3.3159470e+06   4.2663574e+01
   3.3159780e+06   2.7465820e+01
   3.3159930e+06   2.3986816e+01
   3.3160120e+06   4.1931152e+01
   3.3160350e+06   2.9602051e+01
   3.3160600e+06   2.1789551e+01
   3.3160870e+06   2.9846191e+01
   3.3161000e+06   2.3681641e+01
   3.3161210e+06   2.6000977e+01
   3.3163930e+06   2.3986816e+01
   3.3164590e+06   2.2277832e+01
   3.4218530e+06   2.1362305e+01
   3.4218660e+06   2.3986816e+01
   3.4219130e+06   2.4902344e+01
   3.4219470e+06   2.1972656e+01
   3.4219680e+06   2.5085449e+01
   3.4219840e+06   5.8776855e+01
   3.4220030e+06   3.8452148e+01
   3.4220400e+06   3.6376953e+01
   3.4220600e+06   2.9357910e+01
   3.4220720e+06   4.1137695e+01
   3.4220960e+06   3.5156250e+01
   3.4221330e+06   2.6306152e+01
   3.4221690e+06   2.1545410e+01
   3.4221930e+06   2.5146484e+01
   3.4222170e+06   2.3498535e+01
   3.4222310e+06   2.1545410e+01
   3.4222780e+06   2.3315430e+01
   3.4223230e+06   2.3254395e+01
   3.4223410e+06   2.5329590e+01
   3.4224410e+06   2.2583008e+01
   3.4225270e+06   2.3315430e+01
   3.5041680e+06   2.1728516e+01
   3.5045280e+06   2.1606445e+01
   3.5045410e+06   2.1545410e+01
   3.5045980e+06   2.8686523e+01
   3.5046480e+06   2.6733398e+01
   3.5047060e+06   2.4902344e+01
   3.5047260e+06   3.2348633e+01
   3.5047730e+06   2.8991699e+01
   3.5047950e+06   2.6245117e+01
   3.5048190e+06   2.4475098e+01
   3.5048300e+06   2.2094727e+01
   3.5048550e+06   4.4494629e+01
   3.5048850e+06   3.8391113e+01
   3.5048950e+06   4.4189453e+01
   3.5049460e+06   4.7790527e+01
   3.5049610e+06   2.4536133e+01
   3.5050220e+06   2.4291992e+01
   3.5050500e+06   2.2705078e+01
   3.5050660e+06   2.6550293e+01
   3.5050870e+06   2.6611328e+01
   3.5051360e+06   2.4902344e+01
   3.5051640e+06   2.4658203e+01
   3.5052590e+06   2.3193359e+01
   3.5053940e+06   2.2033691e+01
   3.5819300e+06   2.4658203e+01
   3.5822070e+06   2.2033691e+01
   3.5823080e+06   3.3020020e+01
   3.5823790e+06   2.5878906e+01
   3.5824000e+06   3.9428711e+01
   3.5824230e+06   2.5268555e+01
   3.5824500e+06   2.2094727e+01
   3.5824760e+06   2.3681641e+01
   3.5824910e+06   2.6550293e+01
   3.5825200e+06   3.2470703e+01
   3.5825450e+06   3.5156250e+01
   3.5825650e+06   2.6306152e+01
   3.5826190e+06   2.2399902e+01
   3.5826560e+06   2.7099609e+01
   3.5826680e+06   4.2480469e+01
   3.5826960e+06   4.2358398e+01
   3.5827180e+06   2.7770996e+01
   3.5827720e+06   4.0710449e+01
   3.5828050e+06   2.3315430e+01
   3.5828280e+06   3.0944824e+01
   3.5828470e+06   2.7099609e+01
   3.6700860e+06   2.2155762e+01
   3.6701680e+06   2.1423340e+01
   3.6702690e+06   2.3986816e+01
   3.6703570e+06   2.6550293e+01
   3.6703710e+06   3.2165527e+01
   3.6703920e+06   2.1484375e+01
   3.6704080e+06   2.1362305e+01
   3.6704390e+06   4.2968750e+01
   3.6704600e+06   2.6733398e+01
   3.6704900e+06   2.3437500e+01
   3.6705330e+06   2.5329590e+01
   3.6705810e+06   3.3264160e+01
   3.6706020e+06   2.5817871e+01
   3.6706420e+06   2.3376465e+01
   3.6706890e+06   2.6000977e+01
   3.7415650e+06   2.3132324e+01
   3.7416930e+06   2.7832031e+01
   3.7417180e+06   2.3498535e+01
   3.7419180e+06   3.2043457e+01
   3.7419930e+06   2.6245117e+01
   3.7421020e+06   3.1005859e+01
   3.7421300e+06   2.4414063e+01
   3.8373790e+06   2.3376465e+01
   3.8376260e+06   2.4169922e+01
   3.8376500e+06   4.7485352e+01
   3.8376800e+06   4.8583984e+01
   3.8376980e+06   2.5024414e+01
   3.8377160e+06   3.4362793e+01
   3.8377330e+06   2.5695801e+01
   3.8377480e+06   3.5034180e+01
   3.8377610e+06   2.2705078e+01
   3.8377990e+06   3.0212402e+01
   3.8378210e+06   3.0029297e+01
   3.8378580e+06   2.6123047e+01
   3.8378730e+06   2.6733398e+01
   3.8378930e+06   2.4902344e+01
   3.8379080e+06   2.1911621e+01
   3.8379650e+06   2.2888184e+01
   3.8379840e+06   2.4047852e+01
   3.8380030e+06   2.6000977e+01
   3.8380380e+06   2.2766113e+01
   3.8380560e+06   2.9541016e+01
   3.8382290e+06   2.2216797e+01
   3.9581910e+06   2.1972656e+01
   3.9582560e+06   2.6489258e+01
   3.9582870e+06   2.7099609e+01
   3.9583800e+06   2.2460938e+01
   3.9584120e+06   2.3681641e+01
   3.9584430e+06   2.7160645e+01
   3.9584610e+06   5.2673340e+01
   3.9584920e+06   3.2409668e+01
   3.9585080e+06   2.8198242e+01
   3.9585320e+06   2.6000977e+01
   3.9585460e+06   3.8391113e+01
   3.9585620e+06   3.9489746e+01
   3.9585780e+06   4.3640137e+01
   3.9586100e+06   2.6733398e+01
   3.9586270e+06   2.6123047e+01
   3.9586560e+06   3.3752441e+01
   3.9586770e+06   2.5939941e+01
   3.9586950e+06   2.7587891e+01
   3.9587540e+06   3.5095215e+01
   3.9587720e+06   2.7587891e+01
   3.9588280e+06   2.3254395e+01
   3.9588800e+06   2.2338867e+01
   3.9589830e+06   2.1972656e+01
   4.0609370e+06   2.1789551e+01
   4.0616260e+06   2.1545410e+01
   4.0616690e+06   2.5451660e+01
   4.0616950e+06   2.2155762e+01
   4.0617150e+06   2.2338867e+01
   4.0617510e+06   2.3986816e+01
   4.0617620e+06   2.8320313e+01
   4.0617880e+06   3.3386230e+01
   4.0618860e+06   2.6855469e+01
   4.0618990e+06   2.4169922e+01
   4.0619650e+06   2.3376465e+01
   4.0619790e+06   4.9987793e+01
   4.0620050e+06   2.5817871e+01
   4.0620290e+06   2.2216797e+01
   4.0620570e+06   2.2644043e+01
   4.0621150e+06   2.9479980e+01
   4.0621280e+06   5.0354004e+01
   4.0621560e+06   2.3742676e+01
   4.0621840e+06   5.3466797e+01
   4.0621990e+06   2.8625488e+01
   4.0622280e+06   2.6062012e+01
   4.0622390e+06   3.1066895e+01
   4.0622610e+06   3.3508301e+01
   4.0623010e+06   2.4658203e+01
   4.0623140e+06   3.0639648e+01
   4.0623530e+06   2.2949219e+01
   4.0623840e+06   2.2888184e+01
   4.0628270e+06   2.2338867e+01
   4.0630610e+06   2.1606445e+01
   4.1524880e+06   2.1850586e+01
   4.1529490e+06   2.4353027e+01
   4.1530210e+06   2.1423340e+01
   4.1530870e+06   2.5512695e+01
   4.1531430e+06   2.4108887e+01
   4.1532740e+06   3.4606934e+01
   4.1533070e+06   2.4291992e+01
   4.1533510e+06   2.2705078e+01
   4.1533640e+06   2.6062012e+01
   4.1534230e+06   2.2705078e+01
   4.1534630e+06   2.2521973e+01
   4.2114130e+06   2.3498535e+01
   4.2119970e+06   2.8076172e+01
   4.2121840e+06   2.1911621e+01
   4.2124450e+06   2.2277832e+01
   4.3036690e+06   2.1667480e+01
   4.3603520e+06   2.1728516e+01
   4.6614440e+06   2.1606445e+01
   4.6615180e+06   2.7709961e+01
   4.6615830e+06   2.5024414e+01
   4.6616190e+06   3.4851074e+01
   4.6616700e+06   2.4230957e+01
   4.6616870e+06   7.6721191e+01
   4.6617090e+06   2.5024414e+01
   4.6617300e+06   3.5339355e+01
   4.6617450e+06   3.5949707e+01
   4.6617570e+06   2.9724121e+01
   4.6617860e+06   3.8513184e+01
   4.6618170e+06   3.2897949e+01
   4.6618500e+06   3.6804199e+01
   4.6618790e+06   2.2277832e+01
   4.6619140e+06   2.2460938e+01
   4.6619600e+06   3.6437988e+01
   4.6620020e+06   2.2888184e+01
   4.6620280e+06   2.4658203e+01
   4.6620640e+06   2.2827148e+01
   4.6621410e+06   3.1616211e+01
   4.6625650e+06   2.2827148e+01
   4.7345040e+06   2.2644043e+01
   4.7347830e+06   2.2460938e+01
   4.7349020e+06   2.6184082e+01
   4.7349840e+06   2.5207520e+01
   4.7350530e+06   2.6306152e+01
   4.7351090e+06   2.1362305e+01
   4.7351360e+06   5.0048828e+01
   4.7351770e+06   2.2460938e+01
   4.7351890e+06   2.2033691e+01
   4.7352100e+06   2.5146484e+01
   4.7352240e+06   2.5390625e+01
   4.7352540e+06   2.1972656e+01
   4.7352780e+06   3.7231445e+01
   4.7352930e+06   3.2653809e+01
   4.7353220e+06   3.6682129e+01
   4.7353490e+06   2.3803711e+01
   4.7353640e+06   7.5866699e+01
   4.7353960e+06   3.9245605e+01
   4.7354180e+06   2.7343750e+01
   4.7354590e+06   4.1992188e+01
   4.7354910e+06   2.4536133e+01
   4.7355120e+06   2.7099609e+01
   4.7355400e+06   2.4291992e+01
   4.7355850e+06   2.1423340e+01
   4.7356060e+06   2.4169922e+01
   4.7356230e+06   2.3498535e+01
   4.7356430e+06   2.1667480e+01
   4.7363910e+06   2.1606445e+01
   4.8298030e+06   2.1606445e+01
   4.8436370e+06   2.4414063e+01
   4.8437650e+06   2.2216797e+01
   4.8438190e+06   2.1789551e+01
   4.8439100e+06   2.3315430e+01
   4.8439940e+06   2.2033691e+01
   4.8440180e+06   2.2460938e+01
   4.8441540e+06   2.1667480e+01
   4.8442320e+06   2.6916504e+01
   4.8444080e+06   2.1606445e+01
   4.8444520e+06   2.8076172e+01
   4.8445650e+06   2.2216797e+01
   4.8446940e+06   4.5410156e+01
   4.8566020e+06   2.1850586e+01
   5.4231000e+06   2.1728516e+01
   5.6212950e+06   2.1545410e+01
   5.8205320e+06   2.1728516e+01
   5.8831990e+06   2.2399902e+01
   5.9257640e+06   2.5207520e+01
   5.9421470e+06   2.5024414e+01
   5.9421960e+06   2.8747559e+01
   5.9422670e+06   2.3376465e+01
   5.9422870e+06   3.6987305e+01
   5.9423150e+06   4.2907715e+01
   5.9423340e+06   4.1259766e+01
   5.9423570e+06   2.3193359e+01
   5.9423760e+06   4.4311523e+01
   5.9424110e+06   5.1940918e+01
   5.9424300e+06   3.4729004e+01
   5.9424520e+06   2.3437500e+01
   5.9424740e+06   2.3742676e+01
   5.9425550e+06   2.6794434e+01
   5.9425680e+06   2.7587891e+01
   5.9426220e+06   2.2277832e+01
   5.9427050e+06   2.1423340e+01
   5.9427410e+06   2.5207520e+01
   5.9428150e+06   2.5146484e+01
   5.9429170e+06   2.4047852e+01
   5.9429740e+06   2.7526855e+01
   5.9434690e+06   2.1362305e+01
   6.0264980e+06   2.2033691e+01
   6.0265990e+06   2.2521973e+01
   6.0266680e+06   2.3559570e+01
   6.0266790e+06   2.8991699e+01
   6.0267210e+06   3.0517578e+01
   6.0267800e+06   4.3395996e+01
   6.0268060e+06   2.6855469e+01
   6.0269030e+06   3.7841797e+01
   6.0269800e+06   4.3762207e+01
   6.0270120e+06   3.0395508e+01
   6.0270260e+06   3.5156250e+01
   6.0270530e+06   4.1320801e+01
   6.0270750e+06   2.4475098e+01
   6.0271090e+06   2.8381348e+01
   6.0271360e+06   2.5512695e+01
   6.0271650e+06   2.2155762e+01
   6.0271920e+06   3.1188965e+01
   6.0272040e+06   3.2958984e+01
   6.0272480e+06   2.9968262e+01
   6.0272620e+06   2.3315430e+01
   6.0273500e+06   2.4414063e+01
   6.1357920e+06   2.4169922e+01
   6.1358850e+06   2.8015137e+01
   6.1359740e+06   2.2521973e+01
   6.1360120e+06   2.6550293e+01
   6.1360530e+06   4.9743652e+01
   6.1360780e+06   2.2399902e+01
   6.1361250e+06   2.6977539e+01
   6.1361520e+06   2.9479980e+01
   6.1362040e+06   3.4851074e+01
   6.1362230e+06   2.3986816e+01
   6.1362720e+06   2.7709961e+01
   6.1363520e+06   3.2409668e+01
   6.1364640e+06   2.3803711e+01
   6.3492930e+06   2.2766113e+01
   7.0354480e+06   2.3437500e+01
   7.1640030e+06   2.4108887e+01
   7.1640280e+06   2.5512695e+01
   7.1640400e+06   4.9377441e+01
   7.1640560e+06   4.0344238e+01
   7.1640680e+06   4.9011230e+01
   7.1640950e+06   3.1555176e+01
   7.1641190e+06   3.5644531e+01
   7.1641340e+06   2.7893066e+01
   7.1641770e+06   2.6855469e+01
   7.1641970e+06   3.6621094e+01
   7.1642210e+06   3.1188965e+01
   7.1642470e+06   2.1850586e+01
   7.1642590e+06   2.6428223e+01
   7.1645810e+06   2.4902344e+01
   7.1647660e+06   2.4230957e+01
   7.1648730e+06   2.2644043e+01
   7.2887130e+06   2.7465820e+01
   7.2899670e+06   2.4291992e+01
   7.2901470e+06   2.6062012e+01
   7.2902500e+06   2.4353027e+01
   7.2902740e+06   4.2419434e+01
   7.2902850e+06   3.0517578e+01
   7.2903060e+06   2.6672363e+01
   7.2903450e+06   3.7963867e+01
   7.2903790e+06   3.0456543e+01
   7.2903910e+06   2.9479980e+01
   7.2904200e+06   2.2888184e+01
   7.2904480e+06   2.5390625e+01
   7.2904590e+06   2.3193359e+01
   7.2904720e+06   2.2949219e+01
   7.2905100e+06   2.5451660e+01
   7.2905240e+06   2.3742676e+01
   7.2905360e+06   2.5939941e+01
   7.2905950e+06   2.2094727e+01
   7.2906730e+06   2.4291992e+01
   7.2906980e+06   2.6672363e+01
   7.2908900e+06   2.2521973e+01
   7.2910160e+06   3.1311035e+01
   7.2910760e+06   2.1850586e+01
   7.4198280e+06   2.4780273e+01
   7.4540480e+06   2.1850586e+01
   7.5861420e+06   2.2216797e+01
   7.7238780e+06   2.9602051e+01
   7.8977800e+06   2.2399902e+01
   7.9452730e+06   2.8625488e+01
   7.9452940e+06   3.9428711e+01
   7.9453070e+06   4.2907715e+01
   7.9453200e+06   3.1738281e+01
   7.9453400e+06   3.3996582e+01
   7.9453690e+06   2.8381348e+01
   7.9453840e+06   2.3437500e+01
   7.9454060e+06   2.5024414e+01
   7.9454280e+06   3.5095215e+01
   7.9454550e+06   2.3193359e+01
   7.9454830e+06   2.3010254e+01
   7.9455220e+06   2.7954102e+01
   7.9455540e+06   2.4536133e+01
   7.9456100e+06   2.1850586e+01
   7.9456410e+06   3.2714844e+01
   7.9456650e+06   2.3742676e+01
   7.9457050e+06   2.2460938e+01
   7.9457850e+06   2.4108887e+01
   7.9458200e+06   2.3681641e+01
   7.9458590e+06   2.7648926e+01
   7.9459370e+06   2.4658203e+01
   7.9460680e+06   2.1850586e+01
   7.9462610e+06   2.3010254e+01
   8.3416790e+06   2.1972656e+01
   8.5922820e+06   2.3559570e+01
   8.5923410e+06   2.5573730e+01
   8.5923870e+06   3.3752441e+01
   8.5924180e+06   2.6977539e+01
   8.5924300e+06   4.8950195e+01
   8.5924600e+06   3.6682129e+01
   8.5924810e+06   2.6000977e+01
   8.5925090e+06   3.8513184e+01
   8.5925300e+06   2.4963379e+01
   8.5925550e+06   2.2338867e+01
   8.5925690e+06   2.2644043e+01
   8.5925960e+06   3.6315918e+01
   8.5926150e+06   2.6916504e+01
   8.5926420e+06   2.1850586e+01
   8.5926660e+06   2.4658203e+01
   8.5926760e+06   2.6489258e+01
   8.5927350e+06   2.6123047e+01
   8.5927760e+06   2.3132324e+01
   8.5928430e+06   2.3315430e+01
   8.5928950e+06   2.2949219e+01
   8.5930510e+06   2.4230957e+01
   8.5931690e+06   2.1911621e+01
   8.7404590e+06   2.2155762e+01
   8.8046370e+06   2.1850586e+01
   9.0625330e+06   2.2644043e+01
   9.7389480e+06   2.3132324e+01
   1.0599942e+07   2.3864746e+01
   1.0600080e+07   3.2836914e+01
   1.0600115e+07   2.7465820e+01
   1.0600141e+07   2.5451660e+01
   1.0600170e+07   2.2949219e+01
   1.0600182e+07   2.9113770e+01
   1.0600203e+07   4.6142578e+01
   1.0600229e+07   4.8583984e+01
   1.0600251e+07   4.6142578e+01
   1.0600271e+07   4.8583984e+01
   1.0600296e+07   2.8381348e+01
   1.0600329e+07   3.0700684e+01
   1.0600344e+07   3.7109375e+01
   1.0600381e+07   2.5634766e+01
   1.0600391e+07   2.2460938e+01
   1.0600429e+07   2.1789551e+01
   1.0600453e+07   2.2644043e+01
   1.0600470e+07   2.8686523e+01
   1.0600509e+07   2.2216797e+01
   1.0600564e+07   2.3254395e+01
   1.0600576e+07   2.4291992e+01
   1.0600603e+07   2.6977539e+01
   1.0600658e+07   2.1789551e+01
   1.0600741e+07   2.4780273e+01
   1.0600819e+07   2.4230957e+01
   1.0600904e+07   2.4047852e+01
   1.0600939e+07   2.2277832e+01
   1.0601037e+07   2.2094727e+01
   1.1758087e+07   2.1789551e+01
   1.1798752e+07   2.1789551e+01
   1.1937214e+07   2.1789551e+01
   1.1998533e+07   2.1911621e+01
