   1.1999000e+07   0.0000000e+00
   2.9329000e+04   1.9897461e+01
   3.0017000e+04   2.0324707e+01
   2.2431300e+05   1.9775391e+01
   2.2432700e+05   2.1240234e+01
   2.2435700e+05   2.0080566e+01
   2.2437100e+05   3.4484863e+01
   2.2441400e+05   2.6245117e+01
   2.2444000e+05   2.6977539e+01
   2.2445200e+05   2.4719238e+01
   2.2448700e+05   2.6062012e+01
   2.2450100e+05   2.8747559e+01
   2.2453500e+05   2.4658203e+01
   2.2455600e+05   2.2033691e+01
   2.2487500e+05   2.0690918e+01
   2.2491400e+05   2.0019531e+01
   4.0186400e+05   2.3010254e+01
   4.0194800e+05   3.1188965e+01
   4.0197500e+05   2.1301270e+01
   4.0198900e+05   2.1911621e+01
   4.0201300e+05   3.4729004e+01
   4.0203800e+05   2.6794434e+01
   4.0218100e+05   2.5085449e+01
   4.0236300e+05   2.1667480e+01
   4.5713100e+05   2.3803711e+01
   4.5747100e+05   2.1667480e+01
   4.5748700e+05   2.0324707e+01
   4.5753900e+05   2.0141602e+01
   4.5755300e+05   2.7648926e+01
   4.5758300e+05   3.7353516e+01
   4.5761000e+05   2.6123047e+01
   4.5762000e+05   2.6000977e+01
   4.5764600e+05   3.6193848e+01
   4.5766100e+05   2.4780273e+01
   4.5768400e+05   1.9775391e+01
   4.5771000e+05   2.1362305e+01
   4.5776600e+05   2.3620605e+01
   4.5781700e+05   2.0385742e+01
   4.5810800e+05   1.9836426e+01
   4.5834400e+05   2.1057129e+01
   5.2905200e+05   2.5817871e+01
   5.2911100e+05   2.5817871e+01
   5.2913800e+05   2.8015137e+01
   5.2915500e+05   2.8503418e+01
   5.2919700e+05   2.3620605e+01
   5.2921200e+05   2.5024414e+01
   5.2926000e+05   2.1667480e+01
   5.2927000e+05   2.4780273e+01
   5.2971600e+05   2.0629883e+01
   6.7973300e+05   2.1362305e+01
   6.8043500e+05   1.9775391e+01
   6.8047500e+05   2.5939941e+01
   6.8054000e+05   2.1240234e+01
   6.8055500e+05   2.0141602e+01
   6.8056700e+05   2.1850586e+01
   6.8059000e+05   2.6367188e+01
   6.8061900e+05   2.4414063e+01
   6.8065200e+05   2.9846191e+01
   6.8068100e+05   2.5573730e+01
   6.8071100e+05   2.4353027e+01
   6.8074500e+05   2.7893066e+01
   6.8077300e+05   1.9897461e+01
   6.8081900e+05   2.0568848e+01
   6.8084300e+05   1.9836426e+01
   6.8087900e+05   2.0263672e+01
   6.8106300e+05   2.2521973e+01
   7.5888500e+05   1.9958496e+01
   7.5896600e+05   2.5146484e+01
   7.5902200e+05   2.2399902e+01
   7.5906200e+05   2.1301270e+01
   7.5909400e+05   2.1301270e+01
   7.5912100e+05   2.2216797e+01
   7.5915600e+05   2.3681641e+01
   7.5917000e+05   2.1545410e+01
   7.5920100e+05   2.8381348e+01
   7.5921600e+05   2.2827148e+01
   7.5927600e+05   2.4353027e+01
   7.5940800e+05   2.1301270e+01
   8.3181600e+05   2.1850586e+01
   8.3254500e+05   2.4291992e+01
   8.3265100e+05   3.1188965e+01
   8.3266300e+05   2.5085449e+01
   8.3268000e+05   2.2827148e+01
   8.3269800e+05   2.4108887e+01
   8.3271800e+05   2.1789551e+01
   8.3273000e+05   2.5878906e+01
   8.3276500e+05   2.4902344e+01
   8.3279400e+05   2.6550293e+01
   8.3282400e+05   2.4780273e+01
   8.3284400e+05   2.1911621e+01
   8.3286700e+05   2.0874023e+01
   8.3290700e+05   2.2827148e+01
   8.3296300e+05   2.5512695e+01
   8.3311600e+05   1.9775391e+01
   8.3325700e+05   2.0385742e+01
   9.0643300e+05   2.2338867e+01
   9.0647100e+05   2.6855469e+01
   9.0650100e+05   2.0690918e+01
   9.0653300e+05   3.2104492e+01
   9.0654500e+05   2.2216797e+01
   9.0659000e+05   2.6550293e+01
   9.0666200e+05   2.1728516e+01
   9.7358800e+05   2.1240234e+01
   9.7370100e+05   2.2277832e+01
   9.7371700e+05   3.1188965e+01
   9.7374600e+05   3.1066895e+01
   9.7376500e+05   1.9775391e+01
   9.7378800e+05   2.3193359e+01
   9.7383600e+05   2.3864746e+01
   9.7390000e+05   2.2460938e+01
   9.7392500e+05   2.6733398e+01
   9.7395600e+05   2.2155762e+01
   9.7409400e+05   2.0263672e+01
   9.7415200e+05   2.3681641e+01
   1.0429140e+06   2.1301270e+01
   1.0429730e+06   2.1545410e+01
   1.0430670e+06   2.1728516e+01
   1.0434470e+06   2.0690918e+01
   1.0936110e+06   2.0629883e+01
   1.0938170e+06   2.0690918e+01
   1.2151900e+06   2.0690918e+01
   1.2231820e+06   2.0019531e+01
   1.2556770e+06   1.9958496e+01
   1.2557110e+06   2.8930664e+01
   1.2557320e+06   2.1911621e+01
   1.2557440e+06   2.8625488e+01
   1.2557630e+06   2.3742676e+01
   1.2557770e+06   2.6428223e+01
   1.2558010e+06   2.6611328e+01
   1.2558280e+06   4.1259766e+01
   1.2558400e+06   2.8930664e+01
   1.2558660e+06   2.3132324e+01
   1.2558950e+06   2.6123047e+01
   1.2560110e+06   2.1179199e+01
   1.2560260e+06   2.1179199e+01
   1.2562870e+06   1.9958496e+01
   1.3204740e+06   2.1057129e+01
   1.3209510e+06   2.3315430e+01
   1.3690580e+06   2.0141602e+01
   1.3690870e+06   2.1423340e+01
   1.3692150e+06   2.0568848e+01
   1.3804440e+06   2.1728516e+01
   1.4710410e+06   2.0751953e+01
   1.4867420e+06   2.1240234e+01
   1.4869600e+06   2.0141602e+01
   1.5196970e+06   2.0019531e+01
   1.5716700e+06   2.3254395e+01
   1.5856640e+06   2.0935059e+01
   1.6417780e+06   2.0263672e+01
   1.6542710e+06   1.9836426e+01
   1.7347840e+06   2.3376465e+01
   1.9052720e+06   2.0385742e+01
   1.9379760e+06   1.9836426e+01
   2.0600720e+06   2.2521973e+01
   2.0600860e+06   2.6062012e+01
   2.0601230e+06   3.1250000e+01
   2.0601370e+06   3.1555176e+01
   2.0601830e+06   3.0517578e+01
   2.0602150e+06   2.1911621e+01
   2.0602380e+06   2.6306152e+01
   2.0602640e+06   2.1484375e+01
   2.0603400e+06   2.0019531e+01
   2.0605200e+06   2.2521973e+01
   2.0605990e+06   1.9836426e+01
   2.0606420e+06   2.0446777e+01
   2.0607140e+06   2.3132324e+01
   2.2216050e+06   2.1301270e+01
   2.2216270e+06   3.2348633e+01
   2.2216590e+06   2.1484375e+01
   2.2216870e+06   2.1423340e+01
   2.2217150e+06   2.0751953e+01
   2.2217290e+06   2.8076172e+01
   2.2218050e+06   2.5024414e+01
   2.2218880e+06   2.0935059e+01
   2.2219390e+06   1.9836426e+01
   2.2220290e+06   2.0874023e+01
   2.2222790e+06   2.1484375e+01
   2.4600850e+06   2.2583008e+01
   2.4601350e+06   2.2094727e+01
   2.4601470e+06   2.3010254e+01
   2.4601790e+06   3.5339355e+01
   2.4602040e+06   2.6123047e+01
   2.4602470e+06   2.9113770e+01
   2.4602580e+06   2.2460938e+01
   2.4602930e+06   2.9174805e+01
   2.4603080e+06   1.9775391e+01
   2.4773090e+06   2.0507813e+01
   2.8994290e+06   2.4963379e+01
   2.8994660e+06   3.0883789e+01
   2.8994780e+06   2.6306152e+01
   2.8995150e+06   2.5146484e+01
   2.8995740e+06   2.2216797e+01
   2.8995900e+06   2.0263672e+01
   2.8996340e+06   2.4047852e+01
   2.8996750e+06   2.2705078e+01
   2.8996920e+06   2.3986816e+01
   2.8997220e+06   2.0385742e+01
   2.8998000e+06   2.0568848e+01
   2.8998270e+06   2.0141602e+01
   2.9288600e+06   1.9775391e+01
   3.1789690e+06   1.9470215e+01
   3.1790050e+06   2.9907227e+01
   3.1790490e+06   2.7099609e+01
   3.1790600e+06   2.5329590e+01
   3.1790920e+06   2.1423340e+01
   3.1791130e+06   1.9226074e+01
   3.1791390e+06   3.5095215e+01
   3.1791560e+06   2.6855469e+01
   3.1792200e+06   2.1179199e+01
   3.1792530e+06   2.0080566e+01
   3.1793630e+06   2.1728516e+01
   3.1796780e+06   2.3864746e+01
   3.1798290e+06   2.0629883e+01
   3.2495310e+06   2.0568848e+01
   3.3159180e+06   2.2155762e+01
   3.3159370e+06   3.1066895e+01
   3.3159550e+06   1.9775391e+01
   3.3159870e+06   3.4179688e+01
   3.3159970e+06   3.6376953e+01
   3.3160310e+06   4.5227051e+01
   3.3160870e+06   2.3986816e+01
   3.3161040e+06   2.6550293e+01
   3.3162780e+06   2.0874023e+01
   3.3163980e+06   1.9775391e+01
   3.3164550e+06   2.3559570e+01
   3.3167110e+06   1.9470215e+01
   3.3175440e+06   1.9836426e+01
   3.4219060e+06   2.0690918e+01
   3.4219920e+06   2.3376465e+01
   3.4220160e+06   2.5634766e+01
   3.4220330e+06   2.4841309e+01
   3.4220480e+06   2.8320313e+01
   3.4220790e+06   2.9113770e+01
   3.4221160e+06   2.0202637e+01
   3.4221420e+06   2.5573730e+01
   3.4221710e+06   2.4780273e+01
   3.4221970e+06   2.6367188e+01
   3.4223610e+06   2.0385742e+01
   3.4223960e+06   1.9348145e+01
   3.4224060e+06   2.2521973e+01
   3.4224810e+06   1.9653320e+01
   3.4226210e+06   2.0263672e+01
   3.4237830e+06   2.0446777e+01
   3.5045630e+06   2.2521973e+01
   3.5048150e+06   2.0507813e+01
   3.5048550e+06   2.1606445e+01
   3.5048760e+06   2.0385742e+01
   3.5049260e+06   2.2155762e+01
   3.5049520e+06   2.4536133e+01
   3.5049670e+06   2.4169922e+01
   3.5050020e+06   2.0690918e+01
   3.5050220e+06   3.1188965e+01
   3.5050370e+06   2.7709961e+01
   3.5064810e+06   2.1789551e+01
   3.5071310e+06   2.2521973e+01
   3.5824980e+06   2.5329590e+01
   3.5825950e+06   2.1118164e+01
   3.5826490e+06   1.9958496e+01
   3.5826800e+06   2.2766113e+01
   3.5826920e+06   2.3925781e+01
   3.5827280e+06   2.3742676e+01
   3.5827510e+06   2.0629883e+01
   3.5827610e+06   3.1250000e+01
   3.5828100e+06   2.4230957e+01
   3.5828340e+06   2.0629883e+01
   3.5828620e+06   2.3010254e+01
   3.5829050e+06   2.4169922e+01
   3.5829340e+06   2.2521973e+01
   3.6704700e+06   2.4475098e+01
   3.6705560e+06   2.0202637e+01
   3.7417630e+06   1.9531250e+01
   3.8377000e+06   2.3193359e+01
   3.8377220e+06   3.1311035e+01
   3.8377390e+06   2.6977539e+01
   3.8377610e+06   2.1484375e+01
   3.8377770e+06   2.0568848e+01
   3.8377980e+06   2.1606445e+01
   3.8378310e+06   2.5085449e+01
   3.8378520e+06   2.0874023e+01
   3.8378710e+06   2.7709961e+01
   3.8378950e+06   2.0874023e+01
   3.8379180e+06   1.9226074e+01
   3.8379380e+06   2.0629883e+01
   3.8379570e+06   2.1545410e+01
   3.8380090e+06   2.0385742e+01
   3.8381010e+06   2.5573730e+01
   3.8381640e+06   2.0141602e+01
   3.9582480e+06   2.1362305e+01
   3.9583920e+06   2.0202637e+01
   3.9584310e+06   1.9226074e+01
   3.9585310e+06   2.6062012e+01
   3.9586080e+06   1.9836426e+01
   3.9586410e+06   3.2165527e+01
   3.9586670e+06   1.9714355e+01
   3.9587260e+06   1.9531250e+01
   3.9587510e+06   2.1667480e+01
   3.9588600e+06   1.9470215e+01
   3.9589630e+06   2.2949219e+01
   3.9595390e+06   2.1667480e+01
   3.9605730e+06   2.1423340e+01
   4.0620650e+06   2.2705078e+01
   4.0621020e+06   2.0080566e+01
   4.0621770e+06   2.3803711e+01
   4.0621930e+06   2.2827148e+01
   4.0622440e+06   2.6245117e+01
   4.0622650e+06   2.3620605e+01
   4.0622870e+06   2.0874023e+01
   4.0623070e+06   1.9897461e+01
   4.0623410e+06   1.9226074e+01
   4.0624770e+06   2.0935059e+01
   4.0624910e+06   2.0996094e+01
   4.1534910e+06   1.9714355e+01
   4.4638960e+06   1.9958496e+01
   4.4819120e+06   2.0202637e+01
   4.5410760e+06   1.9470215e+01
   4.5625020e+06   2.0019531e+01
   4.6616960e+06   2.0996094e+01
   4.6617520e+06   3.4301758e+01
   4.6617640e+06   2.2094727e+01
   4.6617860e+06   1.9958496e+01
   4.6617990e+06   2.7526855e+01
   4.6618280e+06   1.9897461e+01
   4.6618550e+06   2.1179199e+01
   4.6618820e+06   3.4545898e+01
   4.6619170e+06   2.3071289e+01
   4.6619430e+06   2.4963379e+01
   4.6619590e+06   2.2521973e+01
   4.6620010e+06   2.1179199e+01
   4.6621300e+06   2.0812988e+01
   4.6621710e+06   1.9287109e+01
   4.6622680e+06   2.0629883e+01
   4.6622930e+06   2.5573730e+01
   4.6624090e+06   2.1606445e+01
   4.6646070e+06   1.9653320e+01
   4.7347280e+06   1.9470215e+01
   4.7352380e+06   1.9836426e+01
   4.7352770e+06   2.0568848e+01
   4.7353400e+06   2.4291992e+01
   4.7353790e+06   2.3071289e+01
   4.7353990e+06   2.4841309e+01
   4.7354130e+06   2.3193359e+01
   4.7354600e+06   1.9897461e+01
   4.7355030e+06   2.1850586e+01
   4.7355300e+06   2.9174805e+01
   4.7356200e+06   1.9287109e+01
   4.7357720e+06   2.1850586e+01
   4.7358430e+06   1.9470215e+01
   4.7359610e+06   1.9531250e+01
   4.7375230e+06   1.9775391e+01
   4.8442870e+06   2.1362305e+01
   4.8444300e+06   2.3193359e+01
   4.9630730e+06   1.9531250e+01
   5.5292730e+06   1.9958496e+01
   5.6195110e+06   1.9470215e+01
   5.6354150e+06   1.9348145e+01
   5.6687010e+06   1.9287109e+01
   5.9022570e+06   1.9836426e+01
   5.9423040e+06   2.0812988e+01
   5.9423390e+06   2.2277832e+01
   5.9423680e+06   2.2766113e+01
   5.9423890e+06   2.6306152e+01
   5.9424370e+06   2.2338867e+01
   5.9424780e+06   2.8625488e+01
   5.9424940e+06   2.2888184e+01
   5.9425230e+06   2.0629883e+01
   5.9425360e+06   2.6367188e+01
   5.9425740e+06   2.1484375e+01
   5.9425990e+06   2.0019531e+01
   5.9426320e+06   2.1850586e+01
   5.9426640e+06   2.0385742e+01
   5.9426910e+06   1.9531250e+01
   5.9428190e+06   2.0263672e+01
   5.9428500e+06   2.3498535e+01
   5.9443990e+06   2.2949219e+01
   5.9458550e+06   1.9653320e+01
   5.9875010e+06   1.9470215e+01
   6.0268930e+06   2.2033691e+01
   6.0269630e+06   2.3925781e+01
   6.0270240e+06   2.2949219e+01
   6.0270430e+06   2.3071289e+01
   6.0270670e+06   3.6987305e+01
   6.0271210e+06   2.1423340e+01
   6.0272790e+06   2.1301270e+01
   6.0273630e+06   1.9592285e+01
   6.0276180e+06   2.0690918e+01
   6.1364220e+06   1.9714355e+01
   6.2928570e+06   2.4841309e+01
   6.3989520e+06   1.9531250e+01
   6.8646820e+06   2.0629883e+01
   7.1640400e+06   2.1728516e+01
   7.1640570e+06   2.3376465e+01
   7.1640810e+06   1.9714355e+01
   7.1641070e+06   3.1127930e+01
   7.1641330e+06   2.0690918e+01
   7.1641560e+06   2.7832031e+01
   7.1642420e+06   2.2338867e+01
   7.1642980e+06   2.2094727e+01
   7.1643820e+06   2.2705078e+01
   7.1644380e+06   2.2155762e+01
   7.1645170e+06   2.4230957e+01
   7.2903290e+06   3.2287598e+01
   7.2903610e+06   1.9836426e+01
   7.2903820e+06   3.2897949e+01
   7.2903920e+06   1.9897461e+01
   7.2904260e+06   1.9592285e+01
   7.2904410e+06   2.7648926e+01
   7.2904950e+06   2.0629883e+01
   7.2905350e+06   2.1545410e+01
   7.2905570e+06   2.2521973e+01
   7.2905900e+06   2.2155762e+01
   7.2926140e+06   1.9775391e+01
   7.2929680e+06   2.2216797e+01
   7.3001400e+06   1.9531250e+01
   7.5872710e+06   1.9531250e+01
   7.9452970e+06   2.9113770e+01
   7.9453140e+06   2.7587891e+01
   7.9453310e+06   2.2521973e+01
   7.9453710e+06   2.8259277e+01
   7.9454330e+06   2.1545410e+01
   7.9454470e+06   1.9897461e+01
   7.9454760e+06   2.2583008e+01
   7.9455170e+06   2.5146484e+01
   7.9456530e+06   2.2644043e+01
   7.9471370e+06   2.0751953e+01
   8.5924410e+06   2.5634766e+01
   8.5924750e+06   2.2888184e+01
   8.5924980e+06   2.5878906e+01
   8.5925230e+06   2.2827148e+01
   8.5925470e+06   2.0996094e+01
   8.5925570e+06   2.0263672e+01
   8.5926090e+06   2.6550293e+01
   8.5926970e+06   2.0202637e+01
   8.5927200e+06   2.0324707e+01
   8.5927460e+06   2.3010254e+01
   8.5928930e+06   2.0141602e+01
   8.5930680e+06   2.0385742e+01
   8.5969200e+06   1.9531250e+01
   1.0600169e+07   2.0385742e+01
   1.0600198e+07   2.3010254e+01
   1.0600240e+07   2.4780273e+01
   1.0600260e+07   2.0751953e+01
   1.0600289e+07   2.0935059e+01
   1.0600317e+07   2.2216797e+01
   1.0600341e+07   3.3447266e+01
   1.0600377e+07   1.9836426e+01
   1.0600455e+07   2.2216797e+01
   1.0600496e+07   2.0874023e+01
   1.0600516e+07   1.9836426e+01
   1.0600549e+07   2.4230957e+01
   1.0600729e+07   1.9775391e+01
   1.0600801e+07   2.1240234e+01
   1.0609119e+07   2.0507813e+01
