   1.1999000e+07   0.0000000e+00
   2.2455000e+05   2.7038574e+01
   2.8191200e+05   2.5634766e+01
   3.7276300e+05   2.9357910e+01
   4.0194300e+05   2.8747559e+01
   4.0211900e+05   2.9052734e+01
   4.0219400e+05   2.5695801e+01
   5.2906100e+05   2.6611328e+01
   5.2913300e+05   2.5573730e+01
   5.2925700e+05   2.8259277e+01
   5.2945500e+05   2.6184082e+01
   6.8062000e+05   2.7648926e+01
   7.5911200e+05   2.6855469e+01
   8.3278000e+05   2.8869629e+01
   8.8862900e+05   2.6245117e+01
   9.0615600e+05   2.5634766e+01
   9.0653200e+05   2.6672363e+01
   9.0666400e+05   2.5878906e+01
   9.1276200e+05   2.5939941e+01
   9.7377000e+05   2.6184082e+01
   9.7390800e+05   2.9296875e+01
   1.2557820e+06   2.9479980e+01
   1.2558420e+06   2.7221680e+01
   1.2558980e+06   2.6550293e+01
   1.2559540e+06   2.8381348e+01
   1.3406860e+06   2.5878906e+01
   1.3802640e+06   2.6733398e+01
   2.0602240e+06   2.8503418e+01
   2.0602800e+06   2.5939941e+01
   2.2166210e+06   2.6062012e+01
   2.4601620e+06   2.6916504e+01
   2.8986400e+06   2.7709961e+01
   2.8995420e+06   2.5817871e+01
   2.9002100e+06   2.9357910e+01
   3.1790570e+06   3.2470703e+01
   3.3159590e+06   2.7648926e+01
   3.4219950e+06   2.9052734e+01
   3.5049310e+06   2.6062012e+01
   3.5469660e+06   2.7465820e+01
   4.6618820e+06   2.8259277e+01
   4.7355940e+06   2.6977539e+01
   4.7357790e+06   2.5878906e+01
   4.8028860e+06   2.5634766e+01
   4.8349770e+06   2.5695801e+01
   4.9631150e+06   2.5695801e+01
   5.3415070e+06   2.5756836e+01
   5.9424120e+06   2.7038574e+01
   5.9425130e+06   2.5695801e+01
   6.0271430e+06   2.6977539e+01
   6.0424050e+06   2.5695801e+01
   6.8793750e+06   2.6306152e+01
   7.1641480e+06   2.9418945e+01
   7.1642830e+06   2.7099609e+01
   7.9453680e+06   2.6000977e+01
   9.0339290e+06   2.6855469e+01
   9.3505130e+06   2.6855469e+01
   9.4455470e+06   2.5817871e+01
   9.9653770e+06   2.5939941e+01
   1.0163412e+07   2.5878906e+01
   1.0536379e+07   2.7587891e+01
   1.0600239e+07   3.1494141e+01
   1.0849136e+07   2.5878906e+01
   1.1253945e+07   2.6184082e+01
   1.1748956e+07   2.8137207e+01
