   1.1999000e+07   0.0000000e+00
   1.7197900e+05   2.7893066e+01
   1.7216500e+05   2.8320313e+01
   2.2375400e+05   2.6977539e+01
   2.2441400e+05   2.0874023e+01
   4.0129700e+05   2.2338867e+01
   4.0137000e+05   2.2583008e+01
   4.0201700e+05   2.0446777e+01
   4.0208300e+05   1.8676758e+01
   4.5691600e+05   2.4658203e+01
   4.5772500e+05   1.9348145e+01
   5.2823000e+05   2.5451660e+01
   6.8006900e+05   2.4230957e+01
   6.8013400e+05   1.9592285e+01
   6.8079200e+05   1.8676758e+01
   6.8166600e+05   2.0263672e+01
   7.5815800e+05   2.7099609e+01
   7.5823200e+05   2.2583008e+01
   8.3211800e+05   2.4597168e+01
   8.3218700e+05   2.6000977e+01
   8.3279500e+05   1.9165039e+01
   9.0600200e+05   2.3498535e+01
   9.0611000e+05   1.9714355e+01
   9.0627400e+05   1.8920898e+01
   9.0766300e+05   1.9104004e+01
   9.7317100e+05   3.0395508e+01
   9.7323600e+05   2.2033691e+01
   1.0424440e+06   2.5573730e+01
   1.0425180e+06   2.1789551e+01
   1.0938740e+06   3.1311035e+01
   1.0939310e+06   2.0446777e+01
   1.1349180e+06   2.7770996e+01
   1.1723720e+06   2.8076172e+01
   1.2233290e+06   2.7648926e+01
   1.2233810e+06   2.0812988e+01
   1.2557150e+06   1.8981934e+01
   1.2558340e+06   2.6245117e+01
   1.2558700e+06   2.8015137e+01
   1.2559480e+06   1.8981934e+01
   1.2562520e+06   1.9897461e+01
   1.3207710e+06   2.9907227e+01
   1.3208340e+06   2.4536133e+01
   1.3691940e+06   3.0456543e+01
   1.3692720e+06   2.6367188e+01
   1.3985260e+06   2.9541016e+01
   1.3986060e+06   2.2338867e+01
   1.4168880e+06   2.8320313e+01
   1.4170960e+06   2.6977539e+01
   1.4368630e+06   2.7648926e+01
   1.4388160e+06   2.9846191e+01
   1.4519600e+06   2.3803711e+01
   1.4521310e+06   2.4780273e+01
   1.4523670e+06   2.5329590e+01
   1.4529320e+06   2.1118164e+01
   1.4707870e+06   1.9470215e+01
   1.4710540e+06   2.0751953e+01
   1.4713150e+06   2.9541016e+01
   1.4716430e+06   2.8869629e+01
   1.4871680e+06   2.7099609e+01
   1.4876170e+06   2.6123047e+01
   1.4947210e+06   2.8198242e+01
   1.5054870e+06   3.0212402e+01
   1.5057020e+06   2.2094727e+01
   1.5065000e+06   2.3193359e+01
   1.5201840e+06   2.9968262e+01
   1.5210230e+06   2.3864746e+01
   1.5213950e+06   2.9541016e+01
   1.5366640e+06   2.7526855e+01
   1.5368200e+06   2.0935059e+01
   1.5373930e+06   1.8859863e+01
   1.5535730e+06   2.5024414e+01
   1.5536920e+06   1.9348145e+01
   1.5540100e+06   2.0568848e+01
   1.5544030e+06   2.2888184e+01
   1.5719920e+06   2.7343750e+01
   1.5721390e+06   2.3925781e+01
   1.5727250e+06   2.5634766e+01
   1.5729510e+06   1.9531250e+01
   1.5862040e+06   2.4536133e+01
   1.5863010e+06   2.4169922e+01
   1.5865740e+06   1.8798828e+01
   1.6118230e+06   2.9418945e+01
   1.6119530e+06   2.5573730e+01
   1.6121900e+06   2.1301270e+01
   1.6125400e+06   2.8137207e+01
   1.6355010e+06   2.5085449e+01
   1.6356880e+06   2.5695801e+01
   1.6360180e+06   2.6855469e+01
   1.6363610e+06   1.8981934e+01
   1.6548140e+06   3.1066895e+01
   1.6552630e+06   2.3498535e+01
   1.6698530e+06   2.6916504e+01
   1.6703400e+06   2.6062012e+01
   1.6864170e+06   3.1982422e+01
   1.6866180e+06   2.4719238e+01
   1.6873100e+06   2.6184082e+01
   1.7096660e+06   2.1423340e+01
   1.7098140e+06   2.4780273e+01
   1.7106230e+06   2.7648926e+01
   1.7353030e+06   3.0639648e+01
   1.7354600e+06   2.5207520e+01
   1.7357460e+06   2.0996094e+01
   1.7636700e+06   2.3925781e+01
   1.7639210e+06   3.0273438e+01
   1.7649120e+06   1.9409180e+01
   1.8010920e+06   2.9113770e+01
   1.8011950e+06   1.9836426e+01
   1.8014470e+06   2.5939941e+01
   1.8017010e+06   1.9653320e+01
   1.8358510e+06   3.0883789e+01
   1.8362520e+06   1.8493652e+01
   1.8365940e+06   2.4291992e+01
   1.8369610e+06   2.0263672e+01
   1.8653150e+06   2.8259277e+01
   1.8655350e+06   2.1972656e+01
   1.8657950e+06   2.4719238e+01
   1.8664720e+06   2.7038574e+01
   1.9053370e+06   2.9907227e+01
   1.9054840e+06   2.0935059e+01
   1.9056140e+06   1.9226074e+01
   1.9059770e+06   2.2338867e+01
   1.9065580e+06   2.4353027e+01
   1.9385100e+06   2.6428223e+01
   1.9387590e+06   2.7038574e+01
   1.9390350e+06   2.1484375e+01
   1.9393980e+06   2.1606445e+01
   1.9703680e+06   3.0151367e+01
   1.9706080e+06   2.3681641e+01
   1.9711790e+06   2.2766113e+01
   2.0080470e+06   2.7465820e+01
   2.0082050e+06   1.9592285e+01
   2.0085640e+06   2.3620605e+01
   2.0602070e+06   3.1494141e+01
   2.0602650e+06   2.7404785e+01
   2.0604320e+06   2.0263672e+01
   2.2217170e+06   3.6010742e+01
   2.2218280e+06   3.3752441e+01
   2.2219650e+06   2.5146484e+01
   2.2222870e+06   2.1667480e+01
   2.4602160e+06   2.6428223e+01
   2.4602400e+06   1.8737793e+01
   2.4602800e+06   2.7770996e+01
   2.4604210e+06   2.7160645e+01
   2.4605760e+06   2.5207520e+01
   2.4608710e+06   1.8981934e+01
   2.7180550e+06   1.8371582e+01
   2.8994690e+06   2.4230957e+01
   2.8995340e+06   2.4719238e+01
   2.8996740e+06   2.9052734e+01
   3.1784080e+06   2.8625488e+01
   3.1784870e+06   2.0019531e+01
   3.2618720e+06   1.9592285e+01
   3.3158740e+06   2.2277832e+01
   3.3159660e+06   2.6428223e+01
   3.3160330e+06   2.0202637e+01
   3.3161140e+06   1.8676758e+01
   3.3164180e+06   2.2827148e+01
   3.3165590e+06   1.9226074e+01
   3.3168330e+06   2.5390625e+01
   3.4218630e+06   3.1066895e+01
   3.4219630e+06   2.8076172e+01
   3.4220130e+06   2.2399902e+01
   3.4221470e+06   2.3010254e+01
   3.5044220e+06   2.8503418e+01
   3.5063160e+06   2.6306152e+01
   3.5371030e+06   1.8920898e+01
   3.5820980e+06   3.0029297e+01
   3.5821760e+06   2.3132324e+01
   3.5827740e+06   2.2399902e+01
   3.6700930e+06   3.1799316e+01
   3.7414530e+06   2.7038574e+01
   3.7415310e+06   1.9287109e+01
   3.8376170e+06   1.8981934e+01
   3.8377830e+06   3.1433105e+01
   3.8378520e+06   3.0639648e+01
   3.8379840e+06   2.3803711e+01
   3.8384080e+06   2.5817871e+01
   3.8386370e+06   1.9775391e+01
   3.9579730e+06   2.6733398e+01
   3.9603660e+06   1.9775391e+01
   4.0615450e+06   2.5390625e+01
   4.1528150e+06   2.9113770e+01
   4.2116260e+06   2.6123047e+01
   4.2116960e+06   2.0202637e+01
   4.2137500e+06   2.3803711e+01
   4.6616460e+06   3.4912109e+01
   4.6617670e+06   2.7221680e+01
   4.6618730e+06   2.0446777e+01
   4.6619570e+06   2.1240234e+01
   4.6628880e+06   2.2338867e+01
   4.7345370e+06   2.8808594e+01
   4.7368340e+06   1.9409180e+01
   4.8434690e+06   2.7343750e+01
   4.8435690e+06   2.4536133e+01
   5.9422500e+06   2.6367188e+01
   5.9423920e+06   2.3681641e+01
   5.9424570e+06   2.3864746e+01
   5.9439380e+06   2.0629883e+01
   6.0261880e+06   3.1677246e+01
   6.0263010e+06   2.9113770e+01
   6.0271520e+06   1.9226074e+01
   6.0286420e+06   2.0629883e+01
   6.1355440e+06   2.6672363e+01
   6.1356340e+06   2.2521973e+01
   6.3914860e+06   3.1799316e+01
   6.3916640e+06   2.2216797e+01
   6.4645590e+06   3.2226563e+01
   6.4647220e+06   2.2949219e+01
   6.5333030e+06   3.1616211e+01
   6.6317410e+06   3.0456543e+01
   6.6319500e+06   2.4719238e+01
   6.6880050e+06   3.5949707e+01
   6.6883580e+06   2.8564453e+01
   6.8063040e+06   3.2043457e+01
   7.0357100e+06   2.7770996e+01
   7.0358680e+06   2.5573730e+01
   7.1641760e+06   3.5217285e+01
   7.1643240e+06   3.0883789e+01
   7.1644530e+06   2.8076172e+01
   7.1646860e+06   1.9104004e+01
   7.1649940e+06   2.8198242e+01
   7.2896180e+06   2.9541016e+01
   7.2897420e+06   2.1240234e+01
   7.2927280e+06   2.0751953e+01
   7.4909760e+06   1.8615723e+01
   7.7371600e+06   2.5024414e+01
   7.9453920e+06   3.1677246e+01
   7.9454840e+06   3.1494141e+01
   7.9456090e+06   2.9968262e+01
   7.9457420e+06   2.6794434e+01
   7.9461920e+06   1.8859863e+01
   8.1685190e+06   2.7160645e+01
   8.1688030e+06   2.4475098e+01
   8.3414780e+06   2.7526855e+01
   8.5924300e+06   3.2104492e+01
   8.5925080e+06   2.3254395e+01
   8.5925710e+06   2.4658203e+01
   8.5926550e+06   2.0324707e+01
   8.5929050e+06   1.9287109e+01
   8.5938280e+06   1.9592285e+01
   8.7411680e+06   2.7893066e+01
   1.0334158e+07   1.8676758e+01
   1.0392014e+07   1.8676758e+01
   1.0600130e+07   2.8381348e+01
   1.0600213e+07   3.1250000e+01
   1.0600276e+07   1.9042969e+01
   1.0680493e+07   1.8676758e+01
