   1.1999000e+07   0.0000000e+00
   2.2433200e+05   2.0080566e+01
   2.2439600e+05   1.8371582e+01
   2.2445000e+05   1.9348145e+01
   2.2450700e+05   2.0202637e+01
   2.2461200e+05   2.2705078e+01
   2.9313800e+05   1.8188477e+01
   4.0191900e+05   2.0812988e+01
   4.0197700e+05   2.2216797e+01
   4.0209600e+05   2.4780273e+01
   4.0219100e+05   2.2888184e+01
   4.5759000e+05   2.2399902e+01
   4.5762000e+05   1.8432617e+01
   4.5769200e+05   1.8371582e+01
   4.5770800e+05   2.8503418e+01
   4.5777800e+05   2.1118164e+01
   4.5790600e+05   2.2888184e+01
   5.2903900e+05   2.0690918e+01
   5.2909100e+05   1.9531250e+01
   5.2915500e+05   2.7099609e+01
   5.2921100e+05   1.8493652e+01
   5.2928200e+05   2.4047852e+01
   5.2938400e+05   2.1301270e+01
   6.8061700e+05   2.2155762e+01
   6.8067900e+05   3.0578613e+01
   6.8074700e+05   2.5329590e+01
   7.5906000e+05   2.3254395e+01
   7.5910500e+05   1.8798828e+01
   7.5913800e+05   1.8859863e+01
   7.5918500e+05   2.4353027e+01
   7.5920400e+05   2.0019531e+01
   7.5925500e+05   2.0507813e+01
   7.5935800e+05   2.5085449e+01
   8.3269100e+05   2.6062012e+01
   8.3270700e+05   1.9592285e+01
   8.3276200e+05   2.1606445e+01
   8.3282500e+05   1.9531250e+01
   8.3289600e+05   2.4414063e+01
   9.0653400e+05   2.6916504e+01
   9.0655300e+05   1.8737793e+01
   9.0669600e+05   2.0568848e+01
   9.3734800e+05   1.8432617e+01
   9.7374700e+05   2.2827148e+01
   9.7382300e+05   2.1362305e+01
   9.7389200e+05   2.0568848e+01
   9.7400700e+05   2.2705078e+01
   1.0434980e+06   1.9287109e+01
   1.2557760e+06   2.4597168e+01
   1.2558240e+06   1.8676758e+01
   1.2558440e+06   1.9653320e+01
   1.2559190e+06   1.9348145e+01
   1.3719320e+06   1.8798828e+01
   2.0601600e+06   2.0935059e+01
   2.0601940e+06   1.9348145e+01
   2.0602270e+06   2.0996094e+01
   2.0602890e+06   2.3498535e+01
   2.0603970e+06   2.4291992e+01
   2.2216400e+06   1.9287109e+01
   2.2216570e+06   1.8676758e+01
   2.2217040e+06   2.4780273e+01
   2.2217790e+06   2.1911621e+01
   2.2218470e+06   2.3315430e+01
   2.4602360e+06   2.4291992e+01
   2.4602970e+06   2.1423340e+01
   2.4603680e+06   2.1789551e+01
   2.8994740e+06   2.6550293e+01
   2.8994990e+06   1.8188477e+01
   2.8995270e+06   1.8493652e+01
   2.8995440e+06   1.8920898e+01
   2.8997150e+06   2.6123047e+01
   3.1790850e+06   1.8981934e+01
   3.1791500e+06   2.0568848e+01
   3.1792200e+06   2.1484375e+01
   3.1795150e+06   2.1484375e+01
   3.3159000e+06   2.0629883e+01
   3.3159560e+06   2.2705078e+01
   3.3160240e+06   2.2216797e+01
   3.3160870e+06   1.8371582e+01
   3.3161690e+06   2.9907227e+01
   3.4220380e+06   1.8371582e+01
   3.4220970e+06   2.0263672e+01
   3.4221630e+06   2.0812988e+01
   3.4222370e+06   2.4658203e+01
   3.4223990e+06   2.3132324e+01
   3.4225670e+06   2.4108887e+01
   3.5047970e+06   1.9470215e+01
   3.5048910e+06   2.0141602e+01
   3.5049710e+06   2.2521973e+01
   3.5050520e+06   1.9897461e+01
   3.5051590e+06   2.5085449e+01
   3.5055300e+06   2.4108887e+01
   3.5826250e+06   2.3071289e+01
   3.5827390e+06   2.2460938e+01
   3.5828340e+06   2.6367188e+01
   3.5829400e+06   1.9958496e+01
   3.5831040e+06   2.3620605e+01
   3.7207180e+06   1.9042969e+01
   3.8377350e+06   2.6000977e+01
   3.8378130e+06   2.0874023e+01
   3.8378790e+06   2.5085449e+01
   3.8379800e+06   2.2644043e+01
   3.9585140e+06   2.1240234e+01
   3.9585750e+06   1.9714355e+01
   3.9586650e+06   2.4291992e+01
   3.9587260e+06   1.9531250e+01
   3.9587980e+06   1.8371582e+01
   3.9588900e+06   2.3193359e+01
   3.9590690e+06   2.2827148e+01
   4.0621820e+06   1.7944336e+01
   4.0622770e+06   2.4353027e+01
   4.0623690e+06   2.6184082e+01
   4.0624630e+06   1.9042969e+01
   4.0625800e+06   1.8859863e+01
   4.0627640e+06   2.3071289e+01
   4.6617450e+06   2.0324707e+01
   4.6617910e+06   1.9836426e+01
   4.6618640e+06   2.4353027e+01
   4.6619250e+06   2.1057129e+01
   4.6619970e+06   1.9897461e+01
   4.6620930e+06   2.1728516e+01
   4.6623310e+06   2.5390625e+01
   4.7353780e+06   2.0202637e+01
   4.7354620e+06   2.0996094e+01
   4.7355280e+06   1.9653320e+01
   4.7355970e+06   1.8981934e+01
   4.7358490e+06   2.0935059e+01
   4.7360230e+06   1.9836426e+01
   4.7361900e+06   1.8249512e+01
   4.7363650e+06   2.1545410e+01
   5.9423960e+06   2.1667480e+01
   5.9424160e+06   1.8737793e+01
   5.9424610e+06   2.3315430e+01
   5.9424900e+06   1.7883301e+01
   5.9425290e+06   2.2521973e+01
   5.9426290e+06   1.7944336e+01
   6.0270420e+06   1.8249512e+01
   6.0271250e+06   1.9897461e+01
   6.0271970e+06   2.1423340e+01
   6.0273540e+06   2.0629883e+01
   6.0274360e+06   2.0080566e+01
   6.0275520e+06   1.8554688e+01
   6.0277150e+06   1.9287109e+01
   6.2118620e+06   2.0324707e+01
   6.9067950e+06   1.8066406e+01
   6.9911630e+06   1.9714355e+01
   7.1640870e+06   2.5390625e+01
   7.1641510e+06   1.8188477e+01
   7.1642350e+06   2.0507813e+01
   7.1643020e+06   1.8981934e+01
   7.1646240e+06   2.7404785e+01
   7.1648510e+06   2.4230957e+01
   7.2903710e+06   1.9531250e+01
   7.2904420e+06   1.9287109e+01
   7.2905030e+06   1.8432617e+01
   7.2906490e+06   2.2583008e+01
   7.2907500e+06   2.2644043e+01
   7.2909090e+06   2.1423340e+01
   7.2910360e+06   1.9653320e+01
   7.2912470e+06   2.1728516e+01
   7.7590410e+06   1.8493652e+01
   7.9453240e+06   1.8920898e+01
   7.9453960e+06   2.6062012e+01
   7.9454600e+06   2.2033691e+01
   7.9455560e+06   2.3376465e+01
   7.9457080e+06   2.1789551e+01
   7.9458550e+06   2.6977539e+01
   7.9460220e+06   2.0507813e+01
   7.9463570e+06   2.1240234e+01
   8.5925020e+06   2.3437500e+01
   8.5925640e+06   2.1972656e+01
   8.5926200e+06   1.8920898e+01
   8.5927640e+06   1.8859863e+01
   8.5928780e+06   2.3193359e+01
   8.5930090e+06   2.1667480e+01
   8.5931750e+06   2.4841309e+01
   8.9974530e+06   1.8371582e+01
   9.4379880e+06   1.9165039e+01
   9.5762680e+06   1.7822266e+01
   1.0600265e+07   1.8798828e+01
   1.0600323e+07   1.9226074e+01
   1.0600382e+07   2.1179199e+01
   1.0600446e+07   1.8859863e+01
   1.0600539e+07   2.5634766e+01
   1.0600650e+07   2.5024414e+01
   1.0600761e+07   2.2216797e+01
   1.0600893e+07   2.0629883e+01
   1.0601034e+07   2.3498535e+01
   1.0601194e+07   2.0507813e+01
   1.0601517e+07   2.3071289e+01
