   1.1999000e+07   0.0000000e+00
   1.0337000e+05   1.7883301e+01
   2.2434100e+05   1.7761230e+01
   2.2447000e+05   1.8493652e+01
   2.2467600e+05   1.6662598e+01
   2.9840700e+05   1.6845703e+01
   3.3032200e+05   1.6357422e+01
   4.0209800e+05   1.7639160e+01
   5.2762900e+05   1.6357422e+01
   5.2775000e+05   1.8798828e+01
   5.2872400e+05   1.6418457e+01
   5.2889000e+05   1.9042969e+01
   5.2918300e+05   1.8554688e+01
   6.4524400e+05   2.0690918e+01
   6.8075500e+05   1.7456055e+01
   7.5760800e+05   1.7150879e+01
   7.5914800e+05   1.6418457e+01
   7.5922100e+05   1.7089844e+01
   8.3268200e+05   1.8798828e+01
   8.3277100e+05   1.7028809e+01
   8.3281600e+05   2.1728516e+01
   9.0544100e+05   1.7517090e+01
   9.0661000e+05   1.7761230e+01
   9.7334600e+05   1.7333984e+01
   9.7382400e+05   1.6418457e+01
   1.0434650e+06   1.7150879e+01
   1.0940120e+06   1.6540527e+01
   1.1345980e+06   1.6540527e+01
   1.3219490e+06   1.6845703e+01
   1.3453560e+06   1.7333984e+01
   1.3807810e+06   1.6479492e+01
   1.3983380e+06   1.6906738e+01
   1.4168660e+06   1.6662598e+01
   1.4252490e+06   1.6479492e+01
   1.4539760e+06   1.6418457e+01
   1.4706680e+06   1.8310547e+01
   1.4715950e+06   1.6479492e+01
   1.4895330e+06   1.6479492e+01
   1.5092800e+06   1.6601563e+01
   1.5532940e+06   1.6357422e+01
   1.5718390e+06   2.2460938e+01
   1.5862260e+06   1.8249512e+01
   1.6354970e+06   1.8493652e+01
   1.6546440e+06   1.6845703e+01
   1.7096730e+06   1.8127441e+01
   1.7348720e+06   1.7517090e+01
   1.8355900e+06   1.9897461e+01
   1.8649770e+06   1.7578125e+01
   1.9700340e+06   1.7883301e+01
   2.0078430e+06   1.7333984e+01
   2.0078690e+06   1.7211914e+01
   2.0082650e+06   1.7150879e+01
   2.0085970e+06   1.6479492e+01
   2.0602060e+06   1.6784668e+01
   2.0602240e+06   1.9409180e+01
   2.2217250e+06   1.6357422e+01
   2.2217550e+06   1.6784668e+01
   2.2217680e+06   1.6357422e+01
   2.2219020e+06   1.6845703e+01
   2.4602850e+06   1.7028809e+01
   2.4604160e+06   1.7639160e+01
   2.8996230e+06   1.6906738e+01
   3.1791620e+06   1.6296387e+01
   3.2807760e+06   1.6174316e+01
   3.3159630e+06   1.8737793e+01
   3.4219930e+06   1.6235352e+01
   3.4220490e+06   1.6235352e+01
   3.4222770e+06   1.8554688e+01
   3.4223890e+06   1.7089844e+01
   3.5044920e+06   1.7211914e+01
   3.5049710e+06   1.7639160e+01
   3.7416470e+06   1.6906738e+01
   3.8377880e+06   1.6967773e+01
   3.8378210e+06   1.6784668e+01
   4.1530140e+06   1.6235352e+01
   4.6618900e+06   1.6479492e+01
   4.6619200e+06   1.7883301e+01
   4.7353350e+06   1.7089844e+01
   4.9081850e+06   1.6662598e+01
   5.8506160e+06   1.6723633e+01
   5.9426250e+06   2.0935059e+01
   6.0262860e+06   1.6601563e+01
   6.2554420e+06   1.7150879e+01
   6.3812760e+06   1.6357422e+01
   7.1642310e+06   1.8249512e+01
   7.2903230e+06   1.6662598e+01
   7.2905140e+06   1.6723633e+01
   7.2906270e+06   2.0690918e+01
   7.4160570e+06   1.6418457e+01
   7.5200620e+06   1.6662598e+01
   7.9454500e+06   1.7333984e+01
   8.5924450e+06   1.7089844e+01
   8.5925410e+06   1.6540527e+01
   8.5926490e+06   1.9897461e+01
   9.0090920e+06   1.6784668e+01
   9.1402000e+06   2.0324707e+01
   9.8036290e+06   1.6052246e+01
   1.0600246e+07   1.6235352e+01
   1.0600340e+07   2.1240234e+01
   1.0600485e+07   1.7761230e+01
   1.0779621e+07   1.6723633e+01
   1.0878735e+07   1.6418457e+01
   1.1373949e+07   1.7150879e+01
   1.1658866e+07   1.6967773e+01
   1.1800685e+07   1.6113281e+01
