   1.1999000e+07   0.0000000e+00
   1.4361000e+06   1.0986328e+01
   1.7553800e+06   1.0986328e+01
   3.2084890e+06   1.0864258e+01
   4.0977680e+06   1.0864258e+01
   4.7432930e+06   1.1108398e+01
   5.5462230e+06   1.0864258e+01
   6.8195480e+06   1.1840820e+01
   7.3846490e+06   1.0742188e+01
   7.3864420e+06   1.0864258e+01
   7.4479450e+06   1.0803223e+01
   8.0368740e+06   1.0803223e+01
   8.4094930e+06   1.0803223e+01
   8.5705810e+06   1.0742188e+01
   9.6018390e+06   1.1230469e+01
   9.8016670e+06   1.1352539e+01
   9.9362610e+06   1.0803223e+01
   1.0324425e+07   1.1047363e+01
   1.0980234e+07   1.1169434e+01
   1.1327691e+07   1.1657715e+01
   1.1382565e+07   1.1047363e+01
   1.1924960e+07   1.1962891e+01
