   1.1999000e+07   0.0000000e+00
   1.1271000e+04   1.8005371e+01
   2.9333000e+04   1.7883301e+01
   2.9477000e+04   1.7333984e+01
   2.9892000e+04   2.1972656e+01
   2.9952000e+04   1.6235352e+01
   2.9983000e+04   2.1057129e+01
   3.0007000e+04   1.6357422e+01
   3.0048000e+04   1.6418457e+01
   3.0115000e+04   2.3864746e+01
   4.4370000e+04   1.8066406e+01
   5.6686000e+04   1.6540527e+01
   7.3536000e+04   1.8127441e+01
   7.3608000e+04   2.3559570e+01
   7.3806000e+04   1.8737793e+01
   7.4003000e+04   2.0324707e+01
   1.0331700e+05   2.2766113e+01
   1.0342000e+05   1.9287109e+01
   1.0355900e+05   1.8005371e+01
   1.0360200e+05   1.8676758e+01
   1.0361500e+05   2.1606445e+01
   1.0365000e+05   2.0324707e+01
   1.3086700e+05   1.9165039e+01
   1.3624100e+05   2.1850586e+01
   1.3626600e+05   1.9653320e+01
   1.3631800e+05   1.7944336e+01
   1.3656300e+05   1.9897461e+01
   1.6497000e+05   1.7395020e+01
   1.6707100e+05   1.6479492e+01
   1.7156000e+05   1.9714355e+01
   1.7163100e+05   2.3010254e+01
   1.7200700e+05   1.8127441e+01
   1.7205500e+05   1.6540527e+01
   1.7215400e+05   1.8676758e+01
   2.0103400e+05   1.7333984e+01
   2.0151400e+05   1.6540527e+01
   2.2317900e+05   2.4780273e+01
   2.2323000e+05   1.8249512e+01
   2.2331000e+05   1.9165039e+01
   2.2338800e+05   2.8381348e+01
   2.2352300e+05   1.6235352e+01
   2.2378500e+05   2.1789551e+01
   2.2395400e+05   3.1311035e+01
   2.2398100e+05   2.0751953e+01
   2.2404600e+05   3.5339355e+01
   2.2410400e+05   1.9958496e+01
   2.2412800e+05   1.8920898e+01
   2.2419600e+05   2.4291992e+01
   2.2429500e+05   1.6479492e+01
   2.2432500e+05   2.0202637e+01
   2.2433700e+05   1.6540527e+01
   2.2436800e+05   1.6601563e+01
   2.2438400e+05   2.6550293e+01
   2.2439400e+05   2.9724121e+01
   2.2442900e+05   3.1677246e+01
   2.2443900e+05   3.3142090e+01
   2.2445500e+05   1.8066406e+01
   2.2447600e+05   1.7639160e+01
   2.2449400e+05   3.2653809e+01
   2.2456000e+05   1.8188477e+01
   2.2458100e+05   1.9409180e+01
   2.2461600e+05   1.6601563e+01
   2.2464100e+05   2.0202637e+01
   2.2468600e+05   2.0446777e+01
   2.2477300e+05   1.9226074e+01
   2.5766400e+05   1.7761230e+01
   2.6919900e+05   1.8737793e+01
   2.8033700e+05   1.7150879e+01
   2.8092600e+05   2.0019531e+01
   2.8117800e+05   1.6967773e+01
   2.8123700e+05   1.7395020e+01
   2.8129300e+05   2.0812988e+01
   2.8141200e+05   2.2155762e+01
   2.8160600e+05   2.0568848e+01
   2.8163300e+05   2.2644043e+01
   2.8196800e+05   1.6784668e+01
   2.8763600e+05   1.7333984e+01
   2.9464100e+05   1.6479492e+01
   2.9831800e+05   1.7395020e+01
   2.9835100e+05   2.3925781e+01
   2.9845600e+05   1.7333984e+01
   2.9849200e+05   1.9897461e+01
   3.2212000e+05   1.6235352e+01
   3.3112500e+05   1.7028809e+01
   3.3161600e+05   1.7456055e+01
   3.6025300e+05   1.8371582e+01
   3.6027400e+05   2.5329590e+01
   3.7271700e+05   2.1911621e+01
   3.7274800e+05   1.8249512e+01
   3.7284000e+05   2.1362305e+01
   3.7289600e+05   1.7700195e+01
   4.0026100e+05   1.9897461e+01
   4.0072500e+05   1.6235352e+01
   4.0080600e+05   1.7333984e+01
   4.0109800e+05   2.3925781e+01
   4.0123000e+05   2.2338867e+01
   4.0129700e+05   1.8676758e+01
   4.0138800e+05   1.6418457e+01
   4.0152100e+05   4.2541504e+01
   4.0154300e+05   2.0874023e+01
   4.0161300e+05   2.8869629e+01
   4.0165400e+05   1.8127441e+01
   4.0167700e+05   1.7089844e+01
   4.0176300e+05   1.6723633e+01
   4.0184300e+05   1.6601563e+01
   4.0187800e+05   2.2766113e+01
   4.0195700e+05   2.7770996e+01
   4.0196900e+05   2.5634766e+01
   4.0198000e+05   2.0568848e+01
   4.0201700e+05   2.2094727e+01
   4.0203400e+05   2.2460938e+01
   4.0207900e+05   2.1850586e+01
   4.0208900e+05   1.7395020e+01
   4.0210500e+05   2.6489258e+01
   4.0214600e+05   1.7639160e+01
   4.0218900e+05   1.7089844e+01
   4.0238400e+05   2.5573730e+01
   4.0246900e+05   1.6967773e+01
   4.1168400e+05   1.6723633e+01
   4.2061500e+05   1.6662598e+01
   4.5605300e+05   1.8737793e+01
   4.5610000e+05   1.6723633e+01
   4.5613800e+05   1.7944336e+01
   4.5620100e+05   2.0996094e+01
   4.5651700e+05   2.1728516e+01
   4.5665300e+05   2.4230957e+01
   4.5676900e+05   1.9592285e+01
   4.5691400e+05   1.7639160e+01
   4.5697700e+05   1.6235352e+01
   4.5699300e+05   1.7272949e+01
   4.5708700e+05   3.9611816e+01
   4.5712100e+05   2.6428223e+01
   4.5719400e+05   2.2766113e+01
   4.5726000e+05   1.8371582e+01
   4.5727600e+05   1.6174316e+01
   4.5732200e+05   1.6967773e+01
   4.5734900e+05   2.6733398e+01
   4.5740000e+05   1.7089844e+01
   4.5744300e+05   2.1118164e+01
   4.5754100e+05   1.7150879e+01
   4.5756300e+05   2.4291992e+01
   4.5758700e+05   2.2338867e+01
   4.5761500e+05   2.8930664e+01
   4.5762600e+05   2.0568848e+01
   4.5765000e+05   2.0507813e+01
   4.5768300e+05   1.9104004e+01
   4.5770100e+05   1.9165039e+01
   4.5773700e+05   1.7944336e+01
   4.5775000e+05   1.9836426e+01
   4.5779900e+05   1.6723633e+01
   4.5785500e+05   1.9775391e+01
   4.5795300e+05   1.9775391e+01
   4.5799300e+05   1.6845703e+01
   4.5810500e+05   1.6235352e+01
   4.5816700e+05   1.8371582e+01
   4.5872800e+05   1.6479492e+01
   4.7309100e+05   1.8737793e+01
   4.8785700e+05   1.7333984e+01
   5.2778100e+05   1.8005371e+01
   5.2783700e+05   1.7272949e+01
   5.2788000e+05   1.7700195e+01
   5.2797800e+05   1.9409180e+01
   5.2803200e+05   2.0263672e+01
   5.2826800e+05   1.9653320e+01
   5.2834800e+05   1.6296387e+01
   5.2845200e+05   1.6418457e+01
   5.2848100e+05   1.6784668e+01
   5.2853600e+05   2.1545410e+01
   5.2856500e+05   2.9052734e+01
   5.2857500e+05   1.8310547e+01
   5.2864300e+05   1.9958496e+01
   5.2869100e+05   1.8005371e+01
   5.2871500e+05   1.6479492e+01
   5.2874600e+05   2.0019531e+01
   5.2876800e+05   1.7883301e+01
   5.2882800e+05   1.6479492e+01
   5.2887500e+05   1.6540527e+01
   5.2891500e+05   1.8249512e+01
   5.2894900e+05   1.8737793e+01
   5.2899100e+05   1.6906738e+01
   5.2902600e+05   1.7333984e+01
   5.2905400e+05   2.2827148e+01
   5.2906500e+05   2.0385742e+01
   5.2908000e+05   4.0466309e+01
   5.2910900e+05   2.6000977e+01
   5.2912100e+05   2.1362305e+01
   5.2915600e+05   1.7456055e+01
   5.2918000e+05   1.8981934e+01
   5.2920300e+05   2.7282715e+01
   5.2926400e+05   1.7211914e+01
   5.2930200e+05   2.7587891e+01
   5.2939100e+05   1.7150879e+01
   5.3635400e+05   1.9775391e+01
   5.5469600e+05   1.6601563e+01
   5.6491700e+05   1.6296387e+01
   5.7787300e+05   1.6601563e+01
   5.8027600e+05   2.0141602e+01
   6.0023700e+05   1.8493652e+01
   6.1212400e+05   1.6479492e+01
   6.1214900e+05   1.7578125e+01
   6.2756100e+05   1.7333984e+01
   6.3140400e+05   1.7639160e+01
   6.3679000e+05   2.0874023e+01
   6.4238800e+05   1.8249512e+01
   6.4534900e+05   2.3376465e+01
   6.4537400e+05   2.4047852e+01
   6.6781700e+05   1.6723633e+01
   6.7828900e+05   1.6845703e+01
   6.7968200e+05   2.0935059e+01
   6.7975500e+05   2.0324707e+01
   6.7998400e+05   1.7700195e+01
   6.8000900e+05   2.1789551e+01
   6.8010800e+05   1.8432617e+01
   6.8015900e+05   1.8859863e+01
   6.8017800e+05   3.8696289e+01
   6.8026700e+05   3.5583496e+01
   6.8028500e+05   1.9897461e+01
   6.8034000e+05   2.1301270e+01
   6.8040500e+05   1.7883301e+01
   6.8046200e+05   1.6479492e+01
   6.8053500e+05   1.8127441e+01
   6.8056400e+05   2.2888184e+01
   6.8060100e+05   3.2531738e+01
   6.8062900e+05   2.2460938e+01
   6.8064400e+05   2.6245117e+01
   6.8065600e+05   1.6296387e+01
   6.8071300e+05   1.8432617e+01
   6.8075600e+05   1.8371582e+01
   6.8077100e+05   1.7822266e+01
   6.8104700e+05   1.9653320e+01
   6.8113800e+05   2.0568848e+01
   6.8173100e+05   1.6479492e+01
   6.9009800e+05   1.7395020e+01
   6.9034200e+05   1.9958496e+01
   6.9800700e+05   1.9409180e+01
   7.0244200e+05   1.6906738e+01
   7.0892700e+05   1.9958496e+01
   7.1303000e+05   2.2888184e+01
   7.3115500e+05   2.0324707e+01
   7.4291300e+05   1.7089844e+01
   7.5776600e+05   2.1057129e+01
   7.5790900e+05   1.6845703e+01
   7.5815400e+05   1.7089844e+01
   7.5820300e+05   1.7639160e+01
   7.5834900e+05   2.3864746e+01
   7.5838600e+05   1.8676758e+01
   7.5841500e+05   3.8696289e+01
   7.5846600e+05   1.8188477e+01
   7.5849000e+05   1.6784668e+01
   7.5851700e+05   2.6855469e+01
   7.5854300e+05   1.6296387e+01
   7.5859500e+05   2.8808594e+01
   7.5862100e+05   2.1240234e+01
   7.5867800e+05   2.0507813e+01
   7.5875200e+05   1.8249512e+01
   7.5878400e+05   1.7944336e+01
   7.5882800e+05   1.6418457e+01
   7.5891400e+05   1.8493652e+01
   7.5893800e+05   1.7395020e+01
   7.5896900e+05   2.0507813e+01
   7.5902700e+05   2.3254395e+01
   7.5904000e+05   2.9418945e+01
   7.5905800e+05   2.2521973e+01
   7.5909100e+05   2.3071289e+01
   7.5910400e+05   1.8981934e+01
   7.5912000e+05   2.3620605e+01
   7.5914600e+05   1.8737793e+01
   7.5916900e+05   1.7883301e+01
   7.5921200e+05   2.1911621e+01
   7.5924200e+05   2.2399902e+01
   7.5927200e+05   1.7150879e+01
   7.5933700e+05   1.6418457e+01
   7.5938300e+05   1.7700195e+01
   7.5962600e+05   1.9653320e+01
   7.5972400e+05   1.8249512e+01
   7.9624600e+05   1.9775391e+01
   8.3155500e+05   1.7395020e+01
   8.3169100e+05   2.0751953e+01
   8.3175700e+05   1.7333984e+01
   8.3190800e+05   1.9226074e+01
   8.3204500e+05   1.9531250e+01
   8.3206300e+05   1.8554688e+01
   8.3212700e+05   1.8432617e+01
   8.3217800e+05   4.1442871e+01
   8.3220300e+05   1.6235352e+01
   8.3221500e+05   1.6357422e+01
   8.3231000e+05   2.8564453e+01
   8.3232000e+05   1.6296387e+01
   8.3236800e+05   1.9104004e+01
   8.3240500e+05   2.0812988e+01
   8.3243700e+05   1.7578125e+01
   8.3252500e+05   2.0996094e+01
   8.3254900e+05   1.9836426e+01
   8.3258300e+05   1.7578125e+01
   8.3260200e+05   1.7150879e+01
   8.3264000e+05   1.7822266e+01
   8.3267600e+05   2.0568848e+01
   8.3269900e+05   1.6540527e+01
   8.3271900e+05   2.0385742e+01
   8.3273500e+05   2.7770996e+01
   8.3276700e+05   2.4169922e+01
   8.3278100e+05   1.6296387e+01
   8.3285600e+05   1.9287109e+01
   8.3287700e+05   1.6174316e+01
   8.3312200e+05   1.6174316e+01
   8.3356300e+05   1.6357422e+01
   8.5905400e+05   1.6357422e+01
   8.7337300e+05   1.7456055e+01
   8.8839300e+05   1.7700195e+01
   9.0192300e+05   1.6906738e+01
   9.0552500e+05   1.9958496e+01
   9.0561700e+05   1.6723633e+01
   9.0598000e+05   2.3376465e+01
   9.0608100e+05   2.0324707e+01
   9.0624100e+05   1.7822266e+01
   9.0630000e+05   5.2185059e+01
   9.0639100e+05   3.4790039e+01
   9.0642000e+05   2.1545410e+01
   9.0649400e+05   4.7729492e+01
   9.0652000e+05   1.8249512e+01
   9.0655100e+05   2.7893066e+01
   9.0656800e+05   2.5146484e+01
   9.0660000e+05   1.8127441e+01
   9.0662900e+05   1.8432617e+01
   9.0666000e+05   1.7211914e+01
   9.0669000e+05   1.9714355e+01
   9.0679700e+05   1.7639160e+01
   9.0724400e+05   2.1789551e+01
   9.1656600e+05   1.8066406e+01
   9.3317600e+05   1.6235352e+01
   9.4817400e+05   1.6296387e+01
   9.6575100e+05   1.8493652e+01
   9.6788600e+05   1.9165039e+01
   9.7049300e+05   1.9470215e+01
   9.7265200e+05   1.8615723e+01
   9.7268800e+05   1.7333984e+01
   9.7280400e+05   1.6906738e+01
   9.7292200e+05   2.0629883e+01
   9.7304800e+05   2.1545410e+01
   9.7314600e+05   1.8554688e+01
   9.7321600e+05   2.1911621e+01
   9.7322800e+05   3.7536621e+01
   9.7329100e+05   2.1972656e+01
   9.7331500e+05   3.1066895e+01
   9.7335100e+05   1.9653320e+01
   9.7338900e+05   1.9042969e+01
   9.7341500e+05   2.7954102e+01
   9.7346300e+05   1.8615723e+01
   9.7351100e+05   1.6296387e+01
   9.7357500e+05   1.7578125e+01
   9.7362800e+05   2.3925781e+01
   9.7363900e+05   1.7333984e+01
   9.7366200e+05   3.0395508e+01
   9.7370700e+05   1.6723633e+01
   9.7374200e+05   2.2033691e+01
   9.7377000e+05   2.4841309e+01
   9.7378500e+05   1.9104004e+01
   9.7380500e+05   1.7517090e+01
   9.7381900e+05   2.5207520e+01
   9.7385700e+05   2.1057129e+01
   9.7388200e+05   1.7700195e+01
   9.7391600e+05   2.5817871e+01
   9.7397300e+05   1.9165039e+01
   9.7400100e+05   1.8066406e+01
   9.7404000e+05   1.6845703e+01
   9.7409700e+05   1.6723633e+01
   9.9675700e+05   1.7578125e+01
   1.0018440e+06   1.6784668e+01
   1.0125230e+06   1.7578125e+01
   1.0239370e+06   1.8493652e+01
   1.0308320e+06   1.9409180e+01
   1.0421040e+06   1.8310547e+01
   1.0421310e+06   1.9653320e+01
   1.0422670e+06   1.8066406e+01
   1.0422910e+06   2.2216797e+01
   1.0424290e+06   1.8859863e+01
   1.0424400e+06   1.8554688e+01
   1.0425370e+06   1.7395020e+01
   1.0425870e+06   2.0751953e+01
   1.0426330e+06   3.0822754e+01
   1.0426640e+06   1.7578125e+01
   1.0427230e+06   2.3803711e+01
   1.0427470e+06   1.6418457e+01
   1.0427660e+06   1.6357422e+01
   1.0428150e+06   2.1972656e+01
   1.0428310e+06   1.7700195e+01
   1.0429100e+06   2.1179199e+01
   1.0429200e+06   3.2775879e+01
   1.0430270e+06   1.9592285e+01
   1.0430670e+06   2.3010254e+01
   1.0431380e+06   1.6418457e+01
   1.0431620e+06   2.6550293e+01
   1.0431870e+06   1.6357422e+01
   1.0432760e+06   1.9287109e+01
   1.0433030e+06   2.7587891e+01
   1.0433650e+06   1.7150879e+01
   1.0433780e+06   1.8249512e+01
   1.0434180e+06   1.7944336e+01
   1.0434460e+06   2.0812988e+01
   1.0434690e+06   1.8066406e+01
   1.0435610e+06   1.7456055e+01
   1.0436210e+06   2.3010254e+01
   1.0439160e+06   1.7822266e+01
   1.0444420e+06   1.7089844e+01
   1.0540410e+06   1.8432617e+01
   1.0583890e+06   1.6296387e+01
   1.0641660e+06   1.8127441e+01
   1.0661940e+06   1.6723633e+01
   1.0784760e+06   1.6479492e+01
   1.0837020e+06   1.6601563e+01
   1.0934380e+06   2.0446777e+01
   1.0935030e+06   1.8310547e+01
   1.0936170e+06   1.6418457e+01
   1.0936540e+06   1.6540527e+01
   1.0937210e+06   2.1301270e+01
   1.0938250e+06   2.6611328e+01
   1.0938790e+06   1.6235352e+01
   1.0939160e+06   3.2836914e+01
   1.0939370e+06   1.9348145e+01
   1.0939860e+06   1.6784668e+01
   1.0940210e+06   2.8137207e+01
   1.0940470e+06   1.8798828e+01
   1.0940710e+06   1.9958496e+01
   1.0941270e+06   1.9165039e+01
   1.0941480e+06   1.7456055e+01
   1.0941750e+06   2.0507813e+01
   1.0942040e+06   1.8798828e+01
   1.0942510e+06   2.5207520e+01
   1.0943330e+06   1.6723633e+01
   1.0944080e+06   1.6906738e+01
   1.0944640e+06   3.0578613e+01
   1.0944960e+06   1.7578125e+01
   1.0945640e+06   1.7517090e+01
   1.0947690e+06   1.9958496e+01
   1.0951540e+06   1.7028809e+01
   1.0953470e+06   1.7089844e+01
   1.0955570e+06   1.7700195e+01
   1.1111500e+06   1.7089844e+01
   1.1135150e+06   1.7578125e+01
   1.1346970e+06   1.7150879e+01
   1.1347670e+06   1.9042969e+01
   1.1348040e+06   1.6418457e+01
   1.1348230e+06   1.6357422e+01
   1.1348480e+06   1.6723633e+01
   1.1349430e+06   2.1118164e+01
   1.1350090e+06   2.0690918e+01
   1.1350760e+06   3.6743164e+01
   1.1350940e+06   1.9531250e+01
   1.1351240e+06   1.8493652e+01
   1.1351880e+06   2.5695801e+01
   1.1352090e+06   1.6845703e+01
   1.1352670e+06   1.8859863e+01
   1.1352880e+06   2.2583008e+01
   1.1353260e+06   2.7709961e+01
   1.1353710e+06   1.7089844e+01
   1.1353890e+06   2.1728516e+01
   1.1355100e+06   2.3315430e+01
   1.1355240e+06   1.8676758e+01
   1.1356390e+06   2.0202637e+01
   1.1356550e+06   1.6235352e+01
   1.1357830e+06   2.1667480e+01
   1.1359440e+06   1.6296387e+01
   1.1359690e+06   1.7028809e+01
   1.1360200e+06   1.8066406e+01
   1.1360960e+06   2.7465820e+01
   1.1361200e+06   1.8249512e+01
   1.1361540e+06   1.6967773e+01
   1.1363440e+06   2.3864746e+01
   1.1364400e+06   1.6357422e+01
   1.1365490e+06   1.6235352e+01
   1.1369660e+06   1.8676758e+01
   1.1719610e+06   1.9653320e+01
   1.1720350e+06   2.0324707e+01
   1.1720750e+06   1.6357422e+01
   1.1720980e+06   2.3681641e+01
   1.1722020e+06   1.9287109e+01
   1.1722580e+06   2.2338867e+01
   1.1723790e+06   2.0080566e+01
   1.1724320e+06   3.7597656e+01
   1.1725440e+06   3.0029297e+01
   1.1725590e+06   2.9846191e+01
   1.1725880e+06   1.7028809e+01
   1.1726480e+06   3.3264160e+01
   1.1726750e+06   1.8493652e+01
   1.1727860e+06   2.9479980e+01
   1.1728100e+06   2.3925781e+01
   1.1729020e+06   1.7089844e+01
   1.1729480e+06   3.4240723e+01
   1.1731960e+06   1.6357422e+01
   1.1732190e+06   2.2583008e+01
   1.1733190e+06   2.4291992e+01
   1.1734650e+06   2.2583008e+01
   1.1739790e+06   1.9165039e+01
   1.1751960e+06   1.8981934e+01
   1.1762660e+06   1.6296387e+01
   1.1766120e+06   1.6662598e+01
   1.1767450e+06   1.8371582e+01
   1.1772390e+06   1.6784668e+01
   1.1780880e+06   1.6662598e+01
   1.1783980e+06   1.8310547e+01
   1.1784580e+06   1.7456055e+01
   1.1786450e+06   1.8371582e+01
   1.1789540e+06   1.9042969e+01
   1.1792460e+06   1.9897461e+01
   1.1794860e+06   1.9287109e+01
   1.1797560e+06   1.6296387e+01
   1.1801340e+06   1.6479492e+01
   1.1810640e+06   1.6662598e+01
   1.1816570e+06   1.7150879e+01
   1.1821200e+06   1.6418457e+01
   1.1897700e+06   1.8981934e+01
   1.2130010e+06   1.6662598e+01
   1.2231070e+06   2.2155762e+01
   1.2231600e+06   2.0629883e+01
   1.2232180e+06   2.6977539e+01
   1.2232530e+06   2.3437500e+01
   1.2233520e+06   2.0019531e+01
   1.2233760e+06   1.7150879e+01
   1.2234090e+06   1.6174316e+01
   1.2234250e+06   1.7761230e+01
   1.2234920e+06   2.2033691e+01
   1.2235060e+06   3.4973145e+01
   1.2235240e+06   1.7211914e+01
   1.2236240e+06   2.4780273e+01
   1.2237590e+06   1.8676758e+01
   1.2237720e+06   3.9916992e+01
   1.2240670e+06   1.8615723e+01
   1.2241290e+06   1.9287109e+01
   1.2241900e+06   2.3681641e+01
   1.2243700e+06   1.6601563e+01
   1.2244260e+06   1.7822266e+01
   1.2246270e+06   1.6174316e+01
   1.2247430e+06   1.6357422e+01
   1.2256870e+06   1.6540527e+01
   1.2261000e+06   1.9653320e+01
   1.2267510e+06   2.0446777e+01
   1.2275550e+06   1.6357422e+01
   1.2283600e+06   1.9226074e+01
   1.2285880e+06   1.6296387e+01
   1.2292500e+06   1.7395020e+01
   1.2299710e+06   1.6723633e+01
   1.2301070e+06   1.8676758e+01
   1.2307900e+06   1.6296387e+01
   1.2326770e+06   2.5146484e+01
   1.2331770e+06   1.6296387e+01
   1.2344720e+06   1.6296387e+01
   1.2350530e+06   1.8371582e+01
   1.2353330e+06   1.8188477e+01
   1.2365400e+06   1.9287109e+01
   1.2557190e+06   2.7648926e+01
   1.2557430e+06   1.6723633e+01
   1.2557620e+06   1.7333984e+01
   1.2557900e+06   3.7292480e+01
   1.2558080e+06   1.8737793e+01
   1.2558360e+06   1.9226074e+01
   1.2558740e+06   1.9104004e+01
   1.2559010e+06   3.2592773e+01
   1.2559530e+06   2.3620605e+01
   1.2559950e+06   2.1972656e+01
   1.2560150e+06   1.7028809e+01
   1.2560600e+06   1.8188477e+01
   1.2560830e+06   1.6418457e+01
   1.2561390e+06   1.7456055e+01
   1.2561690e+06   1.8066406e+01
   1.2562620e+06   2.9357910e+01
   1.2562830e+06   1.6784668e+01
   1.2563640e+06   1.7028809e+01
   1.2576450e+06   1.6357422e+01
   1.2591010e+06   1.8737793e+01
   1.2867670e+06   2.1179199e+01
   1.2959960e+06   1.8249512e+01
   1.2983090e+06   1.8127441e+01
   1.3009730e+06   1.7150879e+01
   1.3033200e+06   2.0751953e+01
   1.3096510e+06   1.7272949e+01
   1.3201130e+06   1.8859863e+01
   1.3204530e+06   1.8127441e+01
   1.3204760e+06   2.8747559e+01
   1.3206710e+06   1.6906738e+01
   1.3207070e+06   2.4291992e+01
   1.3207440e+06   1.8371582e+01
   1.3208320e+06   1.8554688e+01
   1.3208590e+06   1.8188477e+01
   1.3209750e+06   2.0507813e+01
   1.3210570e+06   1.6906738e+01
   1.3211380e+06   3.6560059e+01
   1.3211550e+06   1.6418457e+01
   1.3212110e+06   1.8676758e+01
   1.3212650e+06   1.8554688e+01
   1.3213570e+06   1.6479492e+01
   1.3214080e+06   1.6174316e+01
   1.3214970e+06   1.6235352e+01
   1.3215670e+06   1.6479492e+01
   1.3218230e+06   1.7089844e+01
   1.3219870e+06   1.8432617e+01
   1.3224090e+06   1.6662598e+01
   1.3224720e+06   1.6235352e+01
   1.3236310e+06   1.6662598e+01
   1.3238120e+06   1.7395020e+01
   1.3239060e+06   2.1972656e+01
   1.3245210e+06   2.4475098e+01
   1.3247850e+06   1.9165039e+01
   1.3250650e+06   1.6967773e+01
   1.3253700e+06   1.8066406e+01
   1.3257630e+06   1.6601563e+01
   1.3258640e+06   1.8798828e+01
   1.3268530e+06   1.6723633e+01
   1.3272660e+06   1.7089844e+01
   1.3275640e+06   1.7883301e+01
   1.3278480e+06   1.7028809e+01
   1.3285370e+06   1.6235352e+01
   1.3286050e+06   1.7150879e+01
   1.3289000e+06   1.9531250e+01
   1.3455800e+06   1.7089844e+01
   1.3524310e+06   1.6174316e+01
   1.3594180e+06   1.7211914e+01
   1.3689960e+06   2.5207520e+01
   1.3690740e+06   1.6174316e+01
   1.3691590e+06   1.8371582e+01
   1.3692400e+06   2.1850586e+01
   1.3692990e+06   1.6967773e+01
   1.3693270e+06   1.6174316e+01
   1.3693550e+06   1.8066406e+01
   1.3694230e+06   1.8554688e+01
   1.3694540e+06   1.8310547e+01
   1.3697200e+06   1.8310547e+01
   1.3700820e+06   1.6357422e+01
   1.3709530e+06   1.7150879e+01
   1.3711430e+06   1.6174316e+01
   1.3716700e+06   1.6845703e+01
   1.3742580e+06   1.8615723e+01
   1.3745310e+06   1.7639160e+01
   1.3747900e+06   1.8066406e+01
   1.3752490e+06   1.6174316e+01
   1.3760350e+06   1.8066406e+01
   1.3764280e+06   1.7272949e+01
   1.3773020e+06   2.0141602e+01
   1.3776810e+06   2.0080566e+01
   1.3788190e+06   1.9958496e+01
   1.3790360e+06   1.6174316e+01
   1.3799910e+06   1.7089844e+01
   1.3800130e+06   1.9653320e+01
   1.3804890e+06   2.0812988e+01
   1.3809740e+06   1.9897461e+01
   1.3814050e+06   2.0690918e+01
   1.3814180e+06   1.7150879e+01
   1.3814630e+06   1.9348145e+01
   1.3825610e+06   2.1545410e+01
   1.3834390e+06   1.7883301e+01
   1.3844500e+06   1.6296387e+01
   1.3849940e+06   1.8432617e+01
   1.3850240e+06   1.8310547e+01
   1.3982540e+06   1.7333984e+01
   1.3983760e+06   1.6479492e+01
   1.3984330e+06   1.9042969e+01
   1.3985490e+06   1.6967773e+01
   1.3986470e+06   1.6357422e+01
   1.3988130e+06   1.6540527e+01
   1.3991920e+06   1.9409180e+01
   1.3999600e+06   2.1606445e+01
   1.4005680e+06   1.6235352e+01
   1.4018420e+06   1.8066406e+01
   1.4029980e+06   1.6967773e+01
   1.4034700e+06   1.6723633e+01
   1.4035260e+06   1.7761230e+01
   1.4037390e+06   1.8798828e+01
   1.4038110e+06   2.0751953e+01
   1.4041000e+06   1.9104004e+01
   1.4042730e+06   1.6357422e+01
   1.4056570e+06   2.2033691e+01
   1.4064510e+06   1.9653320e+01
   1.4165660e+06   1.9409180e+01
   1.4165980e+06   2.9113770e+01
   1.4166660e+06   2.4841309e+01
   1.4167400e+06   1.9897461e+01
   1.4167990e+06   2.4658203e+01
   1.4169440e+06   1.7272949e+01
   1.4171560e+06   1.7150879e+01
   1.4174120e+06   2.0507813e+01
   1.4175870e+06   1.6174316e+01
   1.4189330e+06   1.6906738e+01
   1.4194010e+06   1.9348145e+01
   1.4219030e+06   1.6174316e+01
   1.4223150e+06   1.7883301e+01
   1.4226640e+06   1.6601563e+01
   1.4233340e+06   1.7028809e+01
   1.4233850e+06   1.6479492e+01
   1.4243830e+06   2.0690918e+01
   1.4251040e+06   1.7333984e+01
   1.4251700e+06   1.8615723e+01
   1.4259340e+06   1.6662598e+01
   1.4273430e+06   1.7272949e+01
   1.4364550e+06   1.6662598e+01
   1.4364870e+06   2.4780273e+01
   1.4365690e+06   1.7700195e+01
   1.4366280e+06   2.0202637e+01
   1.4366580e+06   1.6540527e+01
   1.4370070e+06   1.7517090e+01
   1.4372680e+06   1.9287109e+01
   1.4376450e+06   1.6357422e+01
   1.4380710e+06   1.6967773e+01
   1.4404910e+06   1.9104004e+01
   1.4408290e+06   1.8188477e+01
   1.4411090e+06   1.9226074e+01
   1.4416700e+06   1.6174316e+01
   1.4515930e+06   1.6906738e+01
   1.4516230e+06   1.6174316e+01
   1.4516730e+06   1.9042969e+01
   1.4517040e+06   2.4414063e+01
   1.4517570e+06   2.2277832e+01
   1.4517670e+06   1.7456055e+01
   1.4520230e+06   1.7089844e+01
   1.4524100e+06   1.6967773e+01
   1.4529400e+06   1.7761230e+01
   1.4533970e+06   2.3986816e+01
   1.4560700e+06   1.6296387e+01
   1.4564620e+06   1.9653320e+01
   1.4594980e+06   2.1118164e+01
   1.4604130e+06   1.7517090e+01
   1.4616660e+06   1.6662598e+01
   1.4619210e+06   1.6723633e+01
   1.4705570e+06   1.8981934e+01
   1.4706130e+06   1.9714355e+01
   1.4706250e+06   1.7395020e+01
   1.4707110e+06   2.0874023e+01
   1.4707940e+06   1.9165039e+01
   1.4708390e+06   2.0141602e+01
   1.4710460e+06   2.3376465e+01
   1.4712410e+06   1.8615723e+01
   1.4715100e+06   2.0751953e+01
   1.4715440e+06   2.1850586e+01
   1.4718170e+06   1.6967773e+01
   1.4741870e+06   1.7456055e+01
   1.4777240e+06   1.9592285e+01
   1.4783050e+06   2.2033691e+01
   1.4794780e+06   1.6723633e+01
   1.4867320e+06   1.7578125e+01
   1.4870600e+06   2.0202637e+01
   1.4870950e+06   1.7272949e+01
   1.4872200e+06   1.6418457e+01
   1.4876460e+06   2.1606445e+01
   1.4878350e+06   1.8432617e+01
   1.4913470e+06   1.8798828e+01
   1.4933770e+06   1.6418457e+01
   1.4937700e+06   1.8005371e+01
   1.4938460e+06   1.7333984e+01
   1.4939140e+06   1.7517090e+01
   1.4950010e+06   1.7456055e+01
   1.4966190e+06   1.7333984e+01
   1.5049300e+06   1.9775391e+01
   1.5049960e+06   2.5878906e+01
   1.5051130e+06   1.8249512e+01
   1.5095820e+06   1.9775391e+01
   1.5196690e+06   1.6479492e+01
   1.5197540e+06   2.5695801e+01
   1.5198380e+06   1.7150879e+01
   1.5199110e+06   1.6418457e+01
   1.5200300e+06   1.8615723e+01
   1.5200470e+06   2.0446777e+01
   1.5202400e+06   1.7150879e+01
   1.5206510e+06   1.6174316e+01
   1.5209510e+06   1.6723633e+01
   1.5214850e+06   1.8920898e+01
   1.5230160e+06   1.6357422e+01
   1.5237460e+06   1.6174316e+01
   1.5244750e+06   1.9226074e+01
   1.5251890e+06   1.7028809e+01
   1.5256610e+06   1.7700195e+01
   1.5261280e+06   1.8005371e+01
   1.5361860e+06   2.6428223e+01
   1.5363020e+06   2.2521973e+01
   1.5364750e+06   1.7272949e+01
   1.5366330e+06   1.9409180e+01
   1.5366690e+06   1.7761230e+01
   1.5368420e+06   2.2338867e+01
   1.5370190e+06   1.6723633e+01
   1.5377310e+06   1.6235352e+01
   1.5377640e+06   2.0080566e+01
   1.5385010e+06   1.6906738e+01
   1.5416080e+06   1.8127441e+01
   1.5420410e+06   1.6174316e+01
   1.5531020e+06   2.2888184e+01
   1.5531770e+06   2.1179199e+01
   1.5536550e+06   1.6906738e+01
   1.5538050e+06   1.7028809e+01
   1.5541080e+06   1.9592285e+01
   1.5543930e+06   1.6723633e+01
   1.5556520e+06   2.4414063e+01
   1.5601450e+06   1.7150879e+01
   1.5606280e+06   1.8676758e+01
   1.5717450e+06   1.8371582e+01
   1.5718790e+06   2.3193359e+01
   1.5720450e+06   2.2949219e+01
   1.5720920e+06   1.6418457e+01
   1.5723460e+06   1.7395020e+01
   1.5726340e+06   1.7578125e+01
   1.5746090e+06   1.7944336e+01
   1.5856230e+06   1.7333984e+01
   1.5856910e+06   1.9897461e+01
   1.5857800e+06   1.7944336e+01
   1.5863460e+06   1.6784668e+01
   1.5865150e+06   1.6418457e+01
   1.5866220e+06   1.9531250e+01
   1.5869030e+06   1.9104004e+01
   1.5920700e+06   1.6662598e+01
   1.5921120e+06   1.8859863e+01
   1.5942150e+06   1.9897461e+01
   1.5942680e+06   1.8493652e+01
   1.5947270e+06   1.6845703e+01
   1.5953070e+06   1.6357422e+01
   1.6113090e+06   2.2155762e+01
   1.6113840e+06   2.2888184e+01
   1.6114220e+06   2.2460938e+01
   1.6114950e+06   2.0812988e+01
   1.6115270e+06   2.0935059e+01
   1.6115900e+06   1.7456055e+01
   1.6117800e+06   1.9226074e+01
   1.6118580e+06   2.6367188e+01
   1.6120400e+06   1.6174316e+01
   1.6124700e+06   1.6357422e+01
   1.6131240e+06   1.6418457e+01
   1.6146900e+06   1.6235352e+01
   1.6188550e+06   2.6184082e+01
   1.6197800e+06   1.7395020e+01
   1.6214260e+06   1.6235352e+01
   1.6230420e+06   1.7211914e+01
   1.6349790e+06   1.8920898e+01
   1.6350360e+06   1.6418457e+01
   1.6350980e+06   2.3010254e+01
   1.6351590e+06   1.8127441e+01
   1.6352400e+06   1.7700195e+01
   1.6352910e+06   1.7883301e+01
   1.6355020e+06   2.1850586e+01
   1.6357390e+06   1.6418457e+01
   1.6412730e+06   1.7272949e+01
   1.6416360e+06   2.0507813e+01
   1.6416600e+06   1.7272949e+01
   1.6418250e+06   1.7700195e+01
   1.6543230e+06   1.8981934e+01
   1.6543850e+06   2.2583008e+01
   1.6543990e+06   2.1484375e+01
   1.6545700e+06   1.6479492e+01
   1.6548150e+06   1.9104004e+01
   1.6549340e+06   1.6967773e+01
   1.6552170e+06   1.6174316e+01
   1.6553260e+06   1.8249512e+01
   1.6693170e+06   1.7028809e+01
   1.6693450e+06   1.9470215e+01
   1.6695090e+06   1.6784668e+01
   1.6695460e+06   1.6906738e+01
   1.6696880e+06   1.6235352e+01
   1.6700780e+06   1.7089844e+01
   1.6703410e+06   1.7944336e+01
   1.6732510e+06   1.7822266e+01
   1.6859080e+06   1.8066406e+01
   1.6859770e+06   1.6174316e+01
   1.6859900e+06   1.6174316e+01
   1.6860440e+06   1.9287109e+01
   1.6860750e+06   2.1545410e+01
   1.6861190e+06   1.6845703e+01
   1.6862460e+06   2.0935059e+01
   1.6864250e+06   2.1301270e+01
   1.6915730e+06   1.7395020e+01
   1.7091570e+06   1.6845703e+01
   1.7092470e+06   1.6479492e+01
   1.7093280e+06   1.6479492e+01
   1.7094430e+06   2.1362305e+01
   1.7094610e+06   1.9470215e+01
   1.7095990e+06   1.8127441e+01
   1.7098080e+06   1.7822266e+01
   1.7100050e+06   1.6540527e+01
   1.7105160e+06   1.7211914e+01
   1.7293590e+06   1.9958496e+01
   1.7344840e+06   1.6418457e+01
   1.7346970e+06   1.7883301e+01
   1.7347370e+06   1.7639160e+01
   1.7348150e+06   2.0080566e+01
   1.7348800e+06   2.4475098e+01
   1.7350460e+06   1.8371582e+01
   1.7351920e+06   1.7028809e+01
   1.7356830e+06   1.6479492e+01
   1.7359170e+06   1.8676758e+01
   1.7397820e+06   2.1667480e+01
   1.7631050e+06   1.7700195e+01
   1.7631280e+06   2.6794434e+01
   1.7632650e+06   1.6479492e+01
   1.7633220e+06   1.6540527e+01
   1.7633730e+06   1.9958496e+01
   1.7635570e+06   1.6418457e+01
   1.7637650e+06   1.6235352e+01
   1.7638310e+06   1.7089844e+01
   1.7641220e+06   1.6357422e+01
   1.7700000e+06   1.6662598e+01
   1.7851970e+06   1.6357422e+01
   1.7915470e+06   1.6662598e+01
   1.7939090e+06   2.1545410e+01
   1.8005770e+06   1.8066406e+01
   1.8006450e+06   1.6357422e+01
   1.8006950e+06   1.8371582e+01
   1.8007740e+06   1.7517090e+01
   1.8008570e+06   2.1423340e+01
   1.8011070e+06   1.8920898e+01
   1.8012640e+06   1.6479492e+01
   1.8014080e+06   1.9775391e+01
   1.8354430e+06   2.2033691e+01
   1.8354560e+06   1.6418457e+01
   1.8356680e+06   1.6296387e+01
   1.8357040e+06   2.2338867e+01
   1.8359110e+06   1.9836426e+01
   1.8359890e+06   1.8615723e+01
   1.8366810e+06   1.8188477e+01
   1.8367180e+06   1.6479492e+01
   1.8629310e+06   1.6601563e+01
   1.8648140e+06   1.9104004e+01
   1.8649480e+06   1.9104004e+01
   1.8651220e+06   2.3376465e+01
   1.8653320e+06   1.7211914e+01
   1.8654470e+06   1.9897461e+01
   1.8655340e+06   2.1423340e+01
   1.8661150e+06   1.6601563e+01
   1.9031720e+06   1.7028809e+01
   1.9048490e+06   2.3254395e+01
   1.9049210e+06   1.6296387e+01
   1.9049780e+06   1.8371582e+01
   1.9050220e+06   1.8493652e+01
   1.9051570e+06   1.7639160e+01
   1.9052720e+06   1.8005371e+01
   1.9057900e+06   1.7822266e+01
   1.9061900e+06   1.9470215e+01
   1.9089160e+06   1.8981934e+01
   1.9129240e+06   1.8188477e+01
   1.9291470e+06   1.7639160e+01
   1.9331990e+06   1.8554688e+01
   1.9379690e+06   1.7517090e+01
   1.9380210e+06   1.9592285e+01
   1.9381100e+06   1.8249512e+01
   1.9382510e+06   2.1728516e+01
   1.9385490e+06   1.6540527e+01
   1.9386320e+06   2.0385742e+01
   1.9429240e+06   2.2766113e+01
   1.9502870e+06   1.6235352e+01
   1.9583550e+06   1.6601563e+01
   1.9670990e+06   1.8676758e+01
   1.9698900e+06   2.3071289e+01
   1.9700890e+06   2.0996094e+01
   1.9703600e+06   2.2827148e+01
   1.9707140e+06   1.6174316e+01
   2.0069720e+06   1.8188477e+01
   2.0073570e+06   1.6174316e+01
   2.0074920e+06   2.0019531e+01
   2.0077130e+06   1.8066406e+01
   2.0222380e+06   1.8615723e+01
   2.0423950e+06   2.2155762e+01
   2.0599220e+06   1.7089844e+01
   2.0600720e+06   1.9409180e+01
   2.0601210e+06   1.7883301e+01
   2.0601340e+06   2.4291992e+01
   2.0601560e+06   2.1423340e+01
   2.0601960e+06   2.7893066e+01
   2.0602090e+06   3.1188965e+01
   2.0602240e+06   3.1921387e+01
   2.0602480e+06   2.2827148e+01
   2.0602860e+06   2.7587891e+01
   2.0603780e+06   1.6662598e+01
   2.0604140e+06   2.4536133e+01
   2.0604320e+06   1.7639160e+01
   2.0604460e+06   2.4414063e+01
   2.0605220e+06   1.6418457e+01
   2.0605380e+06   2.2583008e+01
   2.0606010e+06   2.8076172e+01
   2.0606520e+06   1.8371582e+01
   2.0607400e+06   1.9958496e+01
   2.0627210e+06   1.6723633e+01
   2.0737030e+06   2.0446777e+01
   2.0782400e+06   2.0507813e+01
   2.1001970e+06   1.7395020e+01
   2.1128910e+06   1.6601563e+01
   2.1173650e+06   1.6784668e+01
   2.1182640e+06   1.8310547e+01
   2.1293980e+06   1.7028809e+01
   2.1332820e+06   1.7944336e+01
   2.1419320e+06   1.9836426e+01
   2.1543220e+06   1.8310547e+01
   2.1628130e+06   1.8981934e+01
   2.1712240e+06   2.0385742e+01
   2.1804660e+06   1.6906738e+01
   2.1950570e+06   2.1057129e+01
   2.2043470e+06   1.7028809e+01
   2.2194600e+06   1.6845703e+01
   2.2214020e+06   1.6906738e+01
   2.2215700e+06   1.9714355e+01
   2.2215990e+06   1.8554688e+01
   2.2216290e+06   2.7526855e+01
   2.2216600e+06   1.9165039e+01
   2.2216740e+06   2.2277832e+01
   2.2217010e+06   3.1921387e+01
   2.2217120e+06   2.0629883e+01
   2.2217220e+06   4.0954590e+01
   2.2217550e+06   1.8310547e+01
   2.2217750e+06   3.2714844e+01
   2.2218080e+06   1.8432617e+01
   2.2218530e+06   1.6418457e+01
   2.2218760e+06   2.2888184e+01
   2.2219010e+06   1.8249512e+01
   2.2219360e+06   1.7944336e+01
   2.2219680e+06   2.1118164e+01
   2.2219810e+06   1.6235352e+01
   2.2220020e+06   1.8615723e+01
   2.2220710e+06   1.8005371e+01
   2.2220840e+06   1.7333984e+01
   2.2221470e+06   1.6418457e+01
   2.2223220e+06   2.8686523e+01
   2.2223610e+06   2.1240234e+01
   2.2379500e+06   1.6967773e+01
   2.2405420e+06   1.6357422e+01
   2.2508730e+06   1.7028809e+01
   2.2523230e+06   1.7578125e+01
   2.2609040e+06   1.6296387e+01
   2.2640520e+06   1.6479492e+01
   2.2680730e+06   1.6784668e+01
   2.2732980e+06   2.0812988e+01
   2.3027320e+06   1.8676758e+01
   2.3078160e+06   1.6479492e+01
   2.3152590e+06   2.0446777e+01
   2.3200200e+06   1.6845703e+01
   2.3237890e+06   1.6845703e+01
   2.3368360e+06   1.6540527e+01
   2.3422370e+06   1.8615723e+01
   2.3591350e+06   1.8981934e+01
   2.3767060e+06   1.6723633e+01
   2.3796440e+06   2.1423340e+01
   2.3953220e+06   1.6479492e+01
   2.3970500e+06   2.0446777e+01
   2.4188130e+06   1.6967773e+01
   2.4219410e+06   1.9775391e+01
   2.4246840e+06   1.6967773e+01
   2.4416810e+06   1.8981934e+01
   2.4522210e+06   1.8432617e+01
   2.4594860e+06   1.7089844e+01
   2.4598230e+06   1.7150879e+01
   2.4600250e+06   1.7211914e+01
   2.4600410e+06   2.0385742e+01
   2.4601060e+06   2.1667480e+01
   2.4601450e+06   3.1372070e+01
   2.4601670e+06   1.7211914e+01
   2.4602150e+06   4.4860840e+01
   2.4602550e+06   2.8442383e+01
   2.4602670e+06   1.9165039e+01
   2.4602850e+06   2.9113770e+01
   2.4603480e+06   3.5156250e+01
   2.4603690e+06   2.5390625e+01
   2.4604480e+06   1.7517090e+01
   2.4605140e+06   1.6723633e+01
   2.4605370e+06   1.6174316e+01
   2.4606100e+06   1.8432617e+01
   2.4606610e+06   1.6174316e+01
   2.4608320e+06   1.6662598e+01
   2.4839500e+06   2.0080566e+01
   2.4855290e+06   1.8188477e+01
   2.5008070e+06   2.0385742e+01
   2.5095580e+06   1.8615723e+01
   2.5234550e+06   1.9226074e+01
   2.5262470e+06   1.8310547e+01
   2.5361290e+06   1.9531250e+01
   2.5408450e+06   1.7761230e+01
   2.5435930e+06   1.6235352e+01
   2.5532710e+06   1.6418457e+01
   2.5681100e+06   2.0080566e+01
   2.5800950e+06   1.7700195e+01
   2.6012400e+06   2.0446777e+01
   2.6074310e+06   1.6479492e+01
   2.6094710e+06   1.6174316e+01
   2.6182360e+06   1.8554688e+01
   2.6363190e+06   1.6174316e+01
   2.6429430e+06   1.8798828e+01
   2.6555150e+06   2.1728516e+01
   2.6732410e+06   1.7150879e+01
   2.6879280e+06   1.6845703e+01
   2.7149670e+06   1.7639160e+01
   2.7369560e+06   1.6906738e+01
   2.7707740e+06   2.0751953e+01
   2.7747670e+06   1.6662598e+01
   2.7767430e+06   1.7272949e+01
   2.7828140e+06   1.6723633e+01
   2.8094590e+06   1.8859863e+01
   2.8113550e+06   2.4719238e+01
   2.8429300e+06   1.7211914e+01
   2.8644610e+06   1.7028809e+01
   2.8691560e+06   1.8188477e+01
   2.8807520e+06   1.7700195e+01
   2.8894620e+06   1.6479492e+01
   2.8986330e+06   2.0263672e+01
   2.8986960e+06   1.7333984e+01
   2.8994160e+06   1.8615723e+01
   2.8994540e+06   3.0639648e+01
   2.8994670e+06   1.7639160e+01
   2.8994830e+06   2.2338867e+01
   2.8995050e+06   3.3386230e+01
   2.8995360e+06   1.9592285e+01
   2.8995720e+06   3.1799316e+01
   2.8996120e+06   2.3498535e+01
   2.8996440e+06   1.7639160e+01
   2.8996990e+06   1.6784668e+01
   2.8997600e+06   2.3498535e+01
   2.8998050e+06   1.8127441e+01
   2.9001750e+06   1.7150879e+01
   2.9005840e+06   1.7150879e+01
   2.9008110e+06   2.4414063e+01
   2.9010740e+06   1.7639160e+01
   2.9012440e+06   1.6662598e+01
   2.9241480e+06   1.7395020e+01
   2.9302990e+06   2.0629883e+01
   2.9356730e+06   1.7028809e+01
   2.9374370e+06   1.7395020e+01
   2.9414450e+06   1.6174316e+01
   2.9469640e+06   1.7639160e+01
   2.9736380e+06   1.8005371e+01
   2.9910440e+06   1.8798828e+01
   2.9954290e+06   1.6906738e+01
   3.0084840e+06   2.0080566e+01
   3.0264840e+06   1.9592285e+01
   3.0580750e+06   1.6418457e+01
   3.0674530e+06   1.9042969e+01
   3.0848920e+06   1.6235352e+01
   3.0972590e+06   1.6662598e+01
   3.1044430e+06   1.7333984e+01
   3.1075400e+06   2.3315430e+01
   3.1148040e+06   2.2766113e+01
   3.1356320e+06   1.8371582e+01
   3.1359990e+06   1.8737793e+01
   3.1558490e+06   1.9592285e+01
   3.1660190e+06   1.6723633e+01
   3.1733440e+06   2.1484375e+01
   3.1760760e+06   1.8066406e+01
   3.1766090e+06   2.0751953e+01
   3.1775880e+06   1.8554688e+01
   3.1783600e+06   1.8432617e+01
   3.1784550e+06   2.0019531e+01
   3.1785590e+06   1.7395020e+01
   3.1786290e+06   3.4790039e+01
   3.1786420e+06   2.1118164e+01
   3.1786930e+06   1.8310547e+01
   3.1787300e+06   3.2958984e+01
   3.1788130e+06   1.9042969e+01
   3.1788250e+06   1.9409180e+01
   3.1788550e+06   1.8493652e+01
   3.1789060e+06   2.2338867e+01
   3.1790050e+06   1.9287109e+01
   3.1790610e+06   2.7832031e+01
   3.1790820e+06   2.2949219e+01
   3.1791040e+06   2.1972656e+01
   3.1791210e+06   1.8737793e+01
   3.1791310e+06   1.9775391e+01
   3.1791650e+06   2.1545410e+01
   3.1791820e+06   1.6296387e+01
   3.1792910e+06   1.7883301e+01
   3.1793370e+06   2.0568848e+01
   3.1795150e+06   1.6479492e+01
   3.1796650e+06   1.6357422e+01
   3.1814830e+06   1.7333984e+01
   3.2074250e+06   1.8920898e+01
   3.2126890e+06   1.6174316e+01
   3.2142960e+06   1.6418457e+01
   3.2240990e+06   1.6296387e+01
   3.2369090e+06   1.6784668e+01
   3.2467020e+06   1.6235352e+01
   3.2511810e+06   1.9470215e+01
   3.2579550e+06   1.7028809e+01
   3.2768230e+06   2.1057129e+01
   3.2785130e+06   1.6296387e+01
   3.2970570e+06   1.7517090e+01
   3.3144620e+06   1.9104004e+01
   3.3146910e+06   1.7395020e+01
   3.3155960e+06   1.7211914e+01
   3.3158130e+06   2.1057129e+01
   3.3158680e+06   1.6601563e+01
   3.3159310e+06   2.0324707e+01
   3.3159410e+06   2.1240234e+01
   3.3159680e+06   3.1372070e+01
   3.3160030e+06   1.7272949e+01
   3.3160340e+06   2.1789551e+01
   3.3160580e+06   1.6540527e+01
   3.3160870e+06   1.8066406e+01
   3.3161160e+06   2.0935059e+01
   3.3162970e+06   1.6174316e+01
   3.3163440e+06   1.6296387e+01
   3.3166080e+06   1.7883301e+01
   3.3203040e+06   1.9897461e+01
   3.3399790e+06   2.1850586e+01
   3.3544480e+06   1.6906738e+01
   3.3689730e+06   1.6479492e+01
   3.3743990e+06   1.6479492e+01
   3.3795350e+06   1.7272949e+01
   3.3950760e+06   1.7211914e+01
   3.4000300e+06   2.0446777e+01
   3.4188880e+06   1.7028809e+01
   3.4210640e+06   1.8737793e+01
   3.4213930e+06   1.8066406e+01
   3.4214450e+06   2.2338867e+01
   3.4217640e+06   1.9897461e+01
   3.4218340e+06   1.9287109e+01
   3.4218900e+06   2.0874023e+01
   3.4219710e+06   1.6967773e+01
   3.4219860e+06   1.8310547e+01
   3.4220470e+06   4.4616699e+01
   3.4220660e+06   2.4597168e+01
   3.4220970e+06   2.4414063e+01
   3.4221320e+06   3.7658691e+01
   3.4221500e+06   2.9113770e+01
   3.4221650e+06   2.4108887e+01
   3.4222740e+06   2.0141602e+01
   3.4224090e+06   1.6967773e+01
   3.4225070e+06   1.7272949e+01
   3.4226770e+06   1.6357422e+01
   3.4234470e+06   1.6174316e+01
   3.4504910e+06   1.9531250e+01
   3.4546880e+06   1.7089844e+01
   3.4654960e+06   1.8432617e+01
   3.4670590e+06   1.6601563e+01
   3.4705900e+06   1.7456055e+01
   3.4785780e+06   1.7822266e+01
   3.4955330e+06   1.6174316e+01
   3.5001070e+06   2.3925781e+01
   3.5034900e+06   1.6418457e+01
   3.5035290e+06   1.6784668e+01
   3.5036850e+06   2.4230957e+01
   3.5037770e+06   1.7150879e+01
   3.5038400e+06   2.1301270e+01
   3.5039560e+06   1.9958496e+01
   3.5040530e+06   2.0996094e+01
   3.5040890e+06   1.6723633e+01
   3.5042240e+06   1.8188477e+01
   3.5043190e+06   1.6906738e+01
   3.5043640e+06   1.7089844e+01
   3.5044340e+06   2.2521973e+01
   3.5044900e+06   3.8024902e+01
   3.5045800e+06   2.7099609e+01
   3.5046270e+06   3.2409668e+01
   3.5047980e+06   2.6306152e+01
   3.5048100e+06   1.6784668e+01
   3.5048590e+06   2.6428223e+01
   3.5048730e+06   2.6062012e+01
   3.5048940e+06   1.7211914e+01
   3.5049190e+06   2.0874023e+01
   3.5049440e+06   1.8554688e+01
   3.5049880e+06   1.7211914e+01
   3.5050210e+06   1.9165039e+01
   3.5050560e+06   1.7028809e+01
   3.5050840e+06   2.0080566e+01
   3.5055020e+06   1.7517090e+01
   3.5169340e+06   1.7395020e+01
   3.5237620e+06   1.6662598e+01
   3.5393900e+06   1.6540527e+01
   3.5433850e+06   1.7272949e+01
   3.5491810e+06   1.8554688e+01
   3.5561130e+06   1.6662598e+01
   3.5606510e+06   1.8859863e+01
   3.5679960e+06   1.7639160e+01
   3.5691410e+06   1.8432617e+01
   3.5742290e+06   1.6174316e+01
   3.5781340e+06   1.6723633e+01
   3.5813910e+06   1.7944336e+01
   3.5815410e+06   2.2155762e+01
   3.5816920e+06   2.2216797e+01
   3.5817210e+06   1.9531250e+01
   3.5818750e+06   2.0507813e+01
   3.5819100e+06   1.9714355e+01
   3.5820170e+06   1.6601563e+01
   3.5820490e+06   2.3620605e+01
   3.5820630e+06   1.6235352e+01
   3.5821410e+06   1.9897461e+01
   3.5821740e+06   3.1555176e+01
   3.5822020e+06   1.9958496e+01
   3.5822680e+06   1.9531250e+01
   3.5823000e+06   2.8381348e+01
   3.5823240e+06   1.6723633e+01
   3.5823520e+06   1.6357422e+01
   3.5823670e+06   2.0568848e+01
   3.5824240e+06   2.7099609e+01
   3.5824740e+06   1.6784668e+01
   3.5825100e+06   1.7944336e+01
   3.5826140e+06   2.5451660e+01
   3.5826250e+06   3.5888672e+01
   3.5826850e+06   2.8076172e+01
   3.5827250e+06   1.6906738e+01
   3.5827400e+06   2.5939941e+01
   3.5827950e+06   1.8432617e+01
   3.5828660e+06   2.0507813e+01
   3.5828930e+06   1.7578125e+01
   3.5830290e+06   1.7578125e+01
   3.5832490e+06   2.0996094e+01
   3.6619650e+06   1.7395020e+01
   3.6693940e+06   2.0935059e+01
   3.6695530e+06   1.8981934e+01
   3.6696850e+06   2.6062012e+01
   3.6697020e+06   1.9226074e+01
   3.6698700e+06   1.7578125e+01
   3.6699410e+06   2.1972656e+01
   3.6699510e+06   1.8310547e+01
   3.6701000e+06   1.7883301e+01
   3.6701100e+06   3.5217285e+01
   3.6701820e+06   1.7089844e+01
   3.6702430e+06   2.8137207e+01
   3.6703370e+06   2.1972656e+01
   3.6703880e+06   1.8371582e+01
   3.6704330e+06   2.1911621e+01
   3.6705580e+06   2.1057129e+01
   3.6706480e+06   1.8188477e+01
   3.6707030e+06   1.9287109e+01
   3.6707790e+06   2.2521973e+01
   3.6708320e+06   1.8615723e+01
   3.6709900e+06   1.8249512e+01
   3.6712220e+06   1.9104004e+01
   3.6714550e+06   1.6662598e+01
   3.6878330e+06   1.6967773e+01
   3.7313950e+06   1.7211914e+01
   3.7397360e+06   1.9653320e+01
   3.7399760e+06   1.6296387e+01
   3.7407520e+06   1.8066406e+01
   3.7408060e+06   1.7028809e+01
   3.7409870e+06   2.1850586e+01
   3.7412180e+06   2.0751953e+01
   3.7412950e+06   2.4414063e+01
   3.7414020e+06   1.6296387e+01
   3.7415190e+06   1.7700195e+01
   3.7415950e+06   3.4729004e+01
   3.7416360e+06   1.7578125e+01
   3.7416980e+06   2.3254395e+01
   3.7417080e+06   1.8310547e+01
   3.7417560e+06   1.8005371e+01
   3.7418380e+06   1.9775391e+01
   3.7419340e+06   2.3437500e+01
   3.7419710e+06   2.6855469e+01
   3.7420310e+06   1.7395020e+01
   3.7420920e+06   1.6967773e+01
   3.7423260e+06   1.9226074e+01
   3.7423440e+06   1.6967773e+01
   3.7424330e+06   1.9409180e+01
   3.7425050e+06   1.7211914e+01
   3.7612960e+06   1.8432617e+01
   3.7791130e+06   1.7333984e+01
   3.7863610e+06   1.6296387e+01
   3.7983240e+06   2.1850586e+01
   3.8016670e+06   1.6967773e+01
   3.8074090e+06   1.7883301e+01
   3.8268090e+06   1.6784668e+01
   3.8377120e+06   1.7456055e+01
   3.8377360e+06   2.0568848e+01
   3.8377540e+06   2.3681641e+01
   3.8377690e+06   2.0690918e+01
   3.8377870e+06   2.7526855e+01
   3.8377980e+06   2.2460938e+01
   3.8378190e+06   5.1818848e+01
   3.8378440e+06   2.1484375e+01
   3.8378540e+06   2.0141602e+01
   3.8378820e+06   1.6296387e+01
   3.8378970e+06   3.2897949e+01
   3.8379160e+06   1.7333984e+01
   3.8379360e+06   2.0263672e+01
   3.8379740e+06   1.6418457e+01
   3.8380000e+06   2.5207520e+01
   3.8380230e+06   2.1179199e+01
   3.8380970e+06   2.5146484e+01
   3.8381090e+06   2.3254395e+01
   3.8381400e+06   2.0263672e+01
   3.8382290e+06   1.6418457e+01
   3.8383660e+06   2.0446777e+01
   3.8387230e+06   1.6418457e+01
   3.8389940e+06   1.6540527e+01
   3.8417590e+06   1.6418457e+01
   3.8656150e+06   1.7395020e+01
   3.8679310e+06   1.6601563e+01
   3.8761000e+06   2.2460938e+01
   3.8806560e+06   1.6296387e+01
   3.8951740e+06   1.6540527e+01
   3.9023600e+06   1.8432617e+01
   3.9142860e+06   1.8127441e+01
   3.9224580e+06   1.8371582e+01
   3.9234880e+06   1.9226074e+01
   3.9512200e+06   1.7883301e+01
   3.9570760e+06   1.8066406e+01
   3.9571120e+06   1.9042969e+01
   3.9575730e+06   1.8249512e+01
   3.9579520e+06   1.8310547e+01
   3.9580340e+06   1.6540527e+01
   3.9580500e+06   2.1728516e+01
   3.9581910e+06   3.0944824e+01
   3.9582160e+06   1.7211914e+01
   3.9582790e+06   2.1972656e+01
   3.9583260e+06   2.9541016e+01
   3.9583360e+06   1.8005371e+01
   3.9584630e+06   3.1555176e+01
   3.9584760e+06   2.6672363e+01
   3.9585180e+06   2.0202637e+01
   3.9585760e+06   2.4108887e+01
   3.9585880e+06   3.2409668e+01
   3.9586210e+06   2.2216797e+01
   3.9586320e+06   1.7272949e+01
   3.9586540e+06   1.6357422e+01
   3.9586870e+06   1.9714355e+01
   3.9587170e+06   1.9592285e+01
   3.9587720e+06   2.6489258e+01
   3.9588480e+06   2.0385742e+01
   3.9591090e+06   1.6662598e+01
   3.9614600e+06   1.7272949e+01
   3.9868090e+06   1.8554688e+01
   3.9972170e+06   2.0568848e+01
   4.0002340e+06   1.6357422e+01
   4.0053010e+06   1.8615723e+01
   4.0101330e+06   1.8920898e+01
   4.0272820e+06   2.0812988e+01
   4.0334230e+06   1.6418457e+01
   4.0464580e+06   1.6174316e+01
   4.0506070e+06   1.7089844e+01
   4.0548060e+06   1.7150879e+01
   4.0597530e+06   1.8371582e+01
   4.0604730e+06   2.0202637e+01
   4.0610240e+06   1.6845703e+01
   4.0610460e+06   2.0690918e+01
   4.0612810e+06   2.0507813e+01
   4.0615030e+06   1.6784668e+01
   4.0616260e+06   2.9296875e+01
   4.0616890e+06   1.6845703e+01
   4.0617080e+06   1.7272949e+01
   4.0617410e+06   2.7954102e+01
   4.0617700e+06   2.2949219e+01
   4.0618370e+06   1.8737793e+01
   4.0618850e+06   2.0568848e+01
   4.0619300e+06   2.0812988e+01
   4.0619620e+06   2.2766113e+01
   4.0619790e+06   1.6845703e+01
   4.0620160e+06   2.2399902e+01
   4.0621310e+06   1.6601563e+01
   4.0621860e+06   1.6479492e+01
   4.0622140e+06   2.3071289e+01
   4.0622890e+06   2.6733398e+01
   4.0623190e+06   3.0822754e+01
   4.0623940e+06   2.3315430e+01
   4.0933530e+06   1.8493652e+01
   4.1011830e+06   1.7883301e+01
   4.1278350e+06   1.6601563e+01
   4.1443990e+06   1.7822266e+01
   4.1487630e+06   1.7578125e+01
   4.1494070e+06   1.6235352e+01
   4.1514320e+06   2.1728516e+01
   4.1516680e+06   1.6601563e+01
   4.1521560e+06   1.7517090e+01
   4.1522940e+06   1.7456055e+01
   4.1523970e+06   2.0141602e+01
   4.1525190e+06   2.5207520e+01
   4.1526660e+06   2.2766113e+01
   4.1527740e+06   1.8554688e+01
   4.1528760e+06   1.6967773e+01
   4.1529330e+06   3.2592773e+01
   4.1530630e+06   3.4484863e+01
   4.1530840e+06   1.6235352e+01
   4.1532070e+06   2.5817871e+01
   4.1532690e+06   1.8249512e+01
   4.1533190e+06   2.9724121e+01
   4.1534130e+06   1.6540527e+01
   4.1534980e+06   1.8737793e+01
   4.1535590e+06   2.7526855e+01
   4.1536470e+06   2.1240234e+01
   4.1537910e+06   3.2348633e+01
   4.1538220e+06   2.1301270e+01
   4.1539550e+06   1.7517090e+01
   4.1542040e+06   1.6357422e+01
   4.1544300e+06   1.6540527e+01
   4.1781690e+06   1.7944336e+01
   4.1817560e+06   1.8859863e+01
   4.1962540e+06   1.6418457e+01
   4.2073100e+06   1.7639160e+01
   4.2103540e+06   1.7456055e+01
   4.2109460e+06   2.3864746e+01
   4.2110980e+06   1.7150879e+01
   4.2112700e+06   1.6967773e+01
   4.2114280e+06   1.9104004e+01
   4.2116130e+06   1.6906738e+01
   4.2118070e+06   2.9052734e+01
   4.2118320e+06   1.7761230e+01
   4.2118420e+06   1.6845703e+01
   4.2118710e+06   1.8249512e+01
   4.2119500e+06   2.6977539e+01
   4.2119750e+06   1.9592285e+01
   4.2120170e+06   1.6418457e+01
   4.2120570e+06   2.1179199e+01
   4.2121050e+06   2.6184082e+01
   4.2122330e+06   2.1667480e+01
   4.2123020e+06   2.0263672e+01
   4.2124120e+06   2.3559570e+01
   4.2124580e+06   1.8615723e+01
   4.2126030e+06   2.7587891e+01
   4.2127120e+06   1.7761230e+01
   4.2127510e+06   1.7272949e+01
   4.2130660e+06   1.9409180e+01
   4.2575190e+06   1.7700195e+01
   4.2587790e+06   1.7456055e+01
   4.2589170e+06   2.2827148e+01
   4.2593630e+06   1.9348145e+01
   4.2594460e+06   1.8676758e+01
   4.2599530e+06   1.7333984e+01
   4.2602930e+06   2.0446777e+01
   4.2767890e+06   1.6418457e+01
   4.2787960e+06   1.6174316e+01
   4.2933150e+06   2.2644043e+01
   4.3031160e+06   2.0202637e+01
   4.3031960e+06   1.6479492e+01
   4.3039480e+06   1.9470215e+01
   4.3040910e+06   1.8676758e+01
   4.3181150e+06   1.7028809e+01
   4.3230740e+06   1.6906738e+01
   4.3309590e+06   1.6296387e+01
   4.3381210e+06   1.7211914e+01
   4.3382050e+06   1.6662598e+01
   4.3483050e+06   1.8615723e+01
   4.3527660e+06   2.1301270e+01
   4.3528340e+06   2.0751953e+01
   4.3531300e+06   1.6296387e+01
   4.3539170e+06   2.2094727e+01
   4.3683820e+06   1.6723633e+01
   4.3774280e+06   1.7944336e+01
   4.3779190e+06   1.7944336e+01
   4.3787270e+06   1.7150879e+01
   4.3787550e+06   2.5939941e+01
   4.3788750e+06   1.7578125e+01
   4.3964770e+06   1.7578125e+01
   4.4004960e+06   1.6967773e+01
   4.4071670e+06   1.6723633e+01
   4.4117210e+06   1.7395020e+01
   4.4171130e+06   1.8249512e+01
   4.4206190e+06   1.6296387e+01
   4.4229240e+06   1.6235352e+01
   4.4234890e+06   1.6540527e+01
   4.4235060e+06   1.6357422e+01
   4.4243670e+06   1.6540527e+01
   4.4243980e+06   1.9104004e+01
   4.4366070e+06   1.7517090e+01
   4.4436780e+06   1.6601563e+01
   4.4475270e+06   1.7333984e+01
   4.4639070e+06   2.2338867e+01
   4.4639190e+06   2.3071289e+01
   4.4640000e+06   2.1789551e+01
   4.4649600e+06   2.1667480e+01
   4.4731150e+06   1.7456055e+01
   4.4815930e+06   2.9113770e+01
   4.4818580e+06   1.6357422e+01
   4.4818760e+06   1.8615723e+01
   4.4822030e+06   1.7028809e+01
   4.5031400e+06   1.6906738e+01
   4.5032670e+06   2.1606445e+01
   4.5145210e+06   1.6662598e+01
   4.5178200e+06   1.6723633e+01
   4.5411210e+06   1.7883301e+01
   4.5412960e+06   2.0507813e+01
   4.5502860e+06   1.6906738e+01
   4.5622480e+06   1.6174316e+01
   4.5632100e+06   1.6906738e+01
   4.5669890e+06   1.9531250e+01
   4.5670200e+06   2.0507813e+01
   4.5671880e+06   1.8005371e+01
   4.5680740e+06   1.9226074e+01
   4.5684150e+06   1.9287109e+01
   4.5879530e+06   1.8127441e+01
   4.5994780e+06   1.6723633e+01
   4.6039780e+06   1.9042969e+01
   4.6208920e+06   1.8615723e+01
   4.6296870e+06   1.6906738e+01
   4.6298990e+06   1.7211914e+01
   4.6302570e+06   1.6723633e+01
   4.6414850e+06   1.6479492e+01
   4.6481090e+06   1.8981934e+01
   4.6596110e+06   1.6174316e+01
   4.6599330e+06   1.8310547e+01
   4.6600740e+06   1.7822266e+01
   4.6612810e+06   1.7517090e+01
   4.6616550e+06   1.6723633e+01
   4.6617040e+06   1.9470215e+01
   4.6617140e+06   1.9348145e+01
   4.6617670e+06   1.9226074e+01
   4.6617930e+06   3.0273438e+01
   4.6618220e+06   3.5766602e+01
   4.6618430e+06   3.9978027e+01
   4.6618800e+06   1.8798828e+01
   4.6619130e+06   3.4912109e+01
   4.6619480e+06   2.4353027e+01
   4.6619770e+06   2.6062012e+01
   4.6621230e+06   1.6784668e+01
   4.6621400e+06   1.8798828e+01
   4.6621960e+06   1.6296387e+01
   4.6622520e+06   1.8066406e+01
   4.6622950e+06   1.6723633e+01
   4.6623220e+06   1.7944336e+01
   4.6632860e+06   1.8615723e+01
   4.6635050e+06   2.0202637e+01
   4.6659320e+06   1.7333984e+01
   4.6854930e+06   1.8798828e+01
   4.6990630e+06   1.6906738e+01
   4.7049260e+06   1.6174316e+01
   4.7093870e+06   1.8188477e+01
   4.7333510e+06   1.7333984e+01
   4.7334710e+06   1.7761230e+01
   4.7335850e+06   1.7883301e+01
   4.7336420e+06   1.7761230e+01
   4.7338010e+06   1.8798828e+01
   4.7342050e+06   1.7395020e+01
   4.7342540e+06   1.7028809e+01
   4.7344020e+06   1.6601563e+01
   4.7345930e+06   1.8676758e+01
   4.7346090e+06   1.8676758e+01
   4.7347310e+06   2.5756836e+01
   4.7348480e+06   3.7536621e+01
   4.7349280e+06   2.2705078e+01
   4.7350380e+06   4.0222168e+01
   4.7350670e+06   1.9470215e+01
   4.7352380e+06   1.9104004e+01
   4.7352690e+06   2.9113770e+01
   4.7353070e+06   1.7944336e+01
   4.7353590e+06   1.8310547e+01
   4.7353710e+06   2.4047852e+01
   4.7353930e+06   3.5034180e+01
   4.7354140e+06   2.2949219e+01
   4.7354340e+06   1.8859863e+01
   4.7354520e+06   2.8869629e+01
   4.7354700e+06   1.7211914e+01
   4.7354990e+06   2.1484375e+01
   4.7355250e+06   2.2216797e+01
   4.7355390e+06   2.1301270e+01
   4.7355940e+06   2.4169922e+01
   4.7357810e+06   1.6662598e+01
   4.7358810e+06   2.1484375e+01
   4.7372690e+06   1.7028809e+01
   4.7719030e+06   1.6845703e+01
   4.7766560e+06   1.8432617e+01
   4.7922920e+06   1.6296387e+01
   4.7973730e+06   1.7700195e+01
   4.8117010e+06   2.1118164e+01
   4.8170740e+06   1.6296387e+01
   4.8313340e+06   1.9348145e+01
   4.8422300e+06   1.8310547e+01
   4.8422930e+06   1.7211914e+01
   4.8424280e+06   1.7700195e+01
   4.8424900e+06   1.6723633e+01
   4.8425910e+06   1.6540527e+01
   4.8426790e+06   1.6235352e+01
   4.8427790e+06   1.8554688e+01
   4.8429180e+06   1.7700195e+01
   4.8429730e+06   1.8493652e+01
   4.8431940e+06   1.7822266e+01
   4.8432070e+06   1.7639160e+01
   4.8434270e+06   1.8005371e+01
   4.8434700e+06   1.6235352e+01
   4.8437820e+06   1.6296387e+01
   4.8438610e+06   2.5146484e+01
   4.8439960e+06   2.7038574e+01
   4.8441320e+06   2.0202637e+01
   4.8441490e+06   1.9836426e+01
   4.8442430e+06   1.9409180e+01
   4.8442530e+06   1.8310547e+01
   4.8443120e+06   1.9653320e+01
   4.8443580e+06   1.8310547e+01
   4.8443830e+06   1.9836426e+01
   4.8444850e+06   1.8249512e+01
   4.8446300e+06   1.7211914e+01
   4.8446850e+06   2.1728516e+01
   4.8447790e+06   1.6723633e+01
   4.8448140e+06   1.7883301e+01
   4.8449120e+06   1.6662598e+01
   4.8843590e+06   1.6723633e+01
   4.8933320e+06   1.6723633e+01
   4.9079270e+06   1.7333984e+01
   4.9080600e+06   1.7822266e+01
   4.9084240e+06   1.6296387e+01
   4.9084430e+06   2.1179199e+01
   4.9089490e+06   2.0935059e+01
   4.9097070e+06   2.1057129e+01
   4.9261440e+06   1.6235352e+01
   4.9371180e+06   1.8798828e+01
   4.9532760e+06   2.1728516e+01
   4.9533250e+06   1.6357422e+01
   4.9534250e+06   1.6479492e+01
   4.9537260e+06   1.8676758e+01
   4.9539830e+06   1.6967773e+01
   4.9663610e+06   2.5878906e+01
   4.9805460e+06   1.7272949e+01
   4.9807770e+06   2.0141602e+01
   4.9808020e+06   1.7822266e+01
   4.9810630e+06   1.8310547e+01
   4.9812430e+06   1.8676758e+01
   4.9813040e+06   1.7272949e+01
   4.9815980e+06   1.9348145e+01
   5.0004070e+06   1.6723633e+01
   5.0076220e+06   1.9409180e+01
   5.0077940e+06   1.6784668e+01
   5.0078110e+06   1.7883301e+01
   5.0080120e+06   1.6845703e+01
   5.0083720e+06   1.9714355e+01
   5.0084340e+06   1.7883301e+01
   5.0089330e+06   1.6662598e+01
   5.0258340e+06   1.8249512e+01
   5.0425650e+06   2.6489258e+01
   5.0426580e+06   1.7639160e+01
   5.0429140e+06   2.1850586e+01
   5.0429880e+06   1.9104004e+01
   5.0664880e+06   1.6357422e+01
   5.0666110e+06   2.2094727e+01
   5.0666530e+06   1.7883301e+01
   5.0669590e+06   1.9714355e+01
   5.0669950e+06   2.0263672e+01
   5.0671660e+06   2.0324707e+01
   5.0675210e+06   1.9042969e+01
   5.0835520e+06   1.6418457e+01
   5.0934540e+06   1.6296387e+01
   5.1023170e+06   2.0385742e+01
   5.1024620e+06   2.2033691e+01
   5.1130550e+06   1.6906738e+01
   5.1189500e+06   1.7150879e+01
   5.1213200e+06   2.1179199e+01
   5.1214340e+06   1.7761230e+01
   5.1216320e+06   1.7578125e+01
   5.1224140e+06   1.6479492e+01
   5.1336390e+06   1.8859863e+01
   5.1448160e+06   1.6601563e+01
   5.1491330e+06   1.9226074e+01
   5.1491840e+06   2.2766113e+01
   5.1493060e+06   1.8676758e+01
   5.1495260e+06   2.0019531e+01
   5.1497710e+06   1.7761230e+01
   5.1497960e+06   2.1606445e+01
   5.1502900e+06   1.7578125e+01
   5.1666920e+06   2.4108887e+01
   5.1745210e+06   1.7822266e+01
   5.1761660e+06   2.0874023e+01
   5.1761850e+06   1.8127441e+01
   5.1949990e+06   1.9531250e+01
   5.1950380e+06   1.9104004e+01
   5.1952990e+06   2.2216797e+01
   5.1953400e+06   1.7944336e+01
   5.1955120e+06   2.0385742e+01
   5.1958150e+06   1.9104004e+01
   5.2164370e+06   1.7089844e+01
   5.2288950e+06   1.7028809e+01
   5.2289390e+06   2.2705078e+01
   5.2295900e+06   1.8005371e+01
   5.2300550e+06   1.7883301e+01
   5.2633990e+06   1.6296387e+01
   5.2634350e+06   1.6357422e+01
   5.2634980e+06   1.7150879e+01
   5.2638690e+06   1.7333984e+01
   5.2640950e+06   1.7944336e+01
   5.2645090e+06   1.6174316e+01
   5.2742890e+06   1.8432617e+01
   5.2834760e+06   1.8188477e+01
   5.2934890e+06   1.6967773e+01
   5.3002680e+06   1.7700195e+01
   5.3010750e+06   1.7700195e+01
   5.3054790e+06   1.7944336e+01
   5.3099770e+06   2.3071289e+01
   5.3157360e+06   1.7333984e+01
   5.3247990e+06   1.9775391e+01
   5.3311040e+06   1.6479492e+01
   5.3313520e+06   1.9897461e+01
   5.3317500e+06   1.8676758e+01
   5.3321020e+06   1.7089844e+01
   5.3448280e+06   1.6662598e+01
   5.3480340e+06   1.6967773e+01
   5.3483980e+06   1.9653320e+01
   5.3484190e+06   1.8798828e+01
   5.3490680e+06   1.7333984e+01
   5.3648970e+06   1.9287109e+01
   5.3744290e+06   1.8432617e+01
   5.3778820e+06   1.7089844e+01
   5.3790130e+06   2.1667480e+01
   5.3790680e+06   2.0812988e+01
   5.3793680e+06   2.2338867e+01
   5.3794900e+06   1.8005371e+01
   5.4022830e+06   1.6296387e+01
   5.4159590e+06   1.7517090e+01
   5.4160900e+06   1.7883301e+01
   5.4165170e+06   1.7456055e+01
   5.4373630e+06   2.3132324e+01
   5.4376900e+06   1.6784668e+01
   5.4381860e+06   1.7639160e+01
   5.4385210e+06   2.0202637e+01
   5.4567830e+06   1.6784668e+01
   5.4568660e+06   1.7150879e+01
   5.4570730e+06   1.7089844e+01
   5.4573820e+06   2.2033691e+01
   5.4574530e+06   1.6967773e+01
   5.4578550e+06   1.6418457e+01
   5.4728370e+06   1.6479492e+01
   5.4782730e+06   1.6662598e+01
   5.4820740e+06   1.6357422e+01
   5.4823250e+06   1.7822266e+01
   5.4971630e+06   1.8493652e+01
   5.4974070e+06   1.9409180e+01
   5.4980020e+06   2.0141602e+01
   5.5073150e+06   1.6540527e+01
   5.5201250e+06   1.7822266e+01
   5.5292310e+06   1.8737793e+01
   5.5292860e+06   1.7883301e+01
   5.5298740e+06   1.7211914e+01
   5.5561980e+06   1.6174316e+01
   5.5563940e+06   1.8310547e+01
   5.5564910e+06   2.2094727e+01
   5.5800020e+06   1.6845703e+01
   5.5819050e+06   1.8249512e+01
   5.5825890e+06   1.8005371e+01
   5.6055570e+06   1.8188477e+01
   5.6055770e+06   1.8493652e+01
   5.6057920e+06   1.7333984e+01
   5.6061470e+06   1.6296387e+01
   5.6066700e+06   1.6601563e+01
   5.6267640e+06   1.6601563e+01
   5.6363070e+06   1.8920898e+01
   5.6366430e+06   1.7089844e+01
   5.6544850e+06   1.7333984e+01
   5.6577910e+06   1.8676758e+01
   5.6630400e+06   2.2399902e+01
   5.6631650e+06   2.3010254e+01
   5.6828590e+06   1.6662598e+01
   5.6897330e+06   1.6967773e+01
   5.6898300e+06   2.0446777e+01
   5.6899060e+06   1.8981934e+01
   5.7114750e+06   1.8798828e+01
   5.7116410e+06   1.7211914e+01
   5.7120810e+06   1.9409180e+01
   5.7124950e+06   1.7700195e+01
   5.7381800e+06   1.6479492e+01
   5.7384110e+06   1.9042969e+01
   5.7384590e+06   1.7456055e+01
   5.7387380e+06   2.3620605e+01
   5.7391860e+06   1.7639160e+01
   5.7484760e+06   1.6540527e+01
   5.7576350e+06   1.6906738e+01
   5.7667160e+06   1.8310547e+01
   5.7715190e+06   1.6174316e+01
   5.7718730e+06   2.2705078e+01
   5.7721440e+06   1.7883301e+01
   5.7724370e+06   1.8371582e+01
   5.8031810e+06   1.7150879e+01
   5.8133370e+06   1.6479492e+01
   5.8311330e+06   1.7517090e+01
   5.8312910e+06   1.8188477e+01
   5.8313730e+06   1.7578125e+01
   5.8322990e+06   1.8920898e+01
   5.8323800e+06   1.7333984e+01
   5.8453410e+06   1.6418457e+01
   5.8470730e+06   2.2460938e+01
   5.8473210e+06   1.7578125e+01
   5.8474970e+06   1.8859863e+01
   5.8477150e+06   1.7944336e+01
   5.8480850e+06   1.8493652e+01
   5.8670790e+06   1.6296387e+01
   5.8671070e+06   1.8676758e+01
   5.8673090e+06   1.7517090e+01
   5.8674980e+06   1.7150879e+01
   5.8835460e+06   1.8554688e+01
   5.8889560e+06   1.6906738e+01
   5.9012270e+06   1.7211914e+01
   5.9023990e+06   1.8920898e+01
   5.9026740e+06   1.6174316e+01
   5.9031490e+06   1.6906738e+01
   5.9032180e+06   2.0690918e+01
   5.9216240e+06   1.9287109e+01
   5.9412550e+06   1.9165039e+01
   5.9413510e+06   2.1362305e+01
   5.9415770e+06   2.0019531e+01
   5.9420830e+06   1.6784668e+01
   5.9423710e+06   1.7883301e+01
   5.9423980e+06   3.1311035e+01
   5.9424360e+06   4.8278809e+01
   5.9424630e+06   1.7150879e+01
   5.9425090e+06   3.1188965e+01
   5.9425670e+06   2.0690918e+01
   5.9426400e+06   1.7333984e+01
   5.9427220e+06   2.0507813e+01
   5.9428780e+06   1.9287109e+01
   5.9429100e+06   1.7089844e+01
   5.9430510e+06   1.7578125e+01
   5.9682900e+06   1.7761230e+01
   5.9707930e+06   1.6174316e+01
   5.9922780e+06   1.7395020e+01
   5.9947340e+06   1.9165039e+01
   6.0170340e+06   1.6662598e+01
   6.0201880e+06   1.7822266e+01
   6.0251420e+06   1.7822266e+01
   6.0253650e+06   1.7822266e+01
   6.0255490e+06   1.6357422e+01
   6.0256770e+06   1.8371582e+01
   6.0257230e+06   1.9592285e+01
   6.0257850e+06   2.6062012e+01
   6.0258920e+06   1.7211914e+01
   6.0260230e+06   1.7089844e+01
   6.0260380e+06   1.7883301e+01
   6.0261760e+06   1.8310547e+01
   6.0264130e+06   2.5390625e+01
   6.0265180e+06   3.6315918e+01
   6.0265360e+06   1.7150879e+01
   6.0267000e+06   3.3386230e+01
   6.0268100e+06   1.7150879e+01
   6.0268680e+06   2.5695801e+01
   6.0268780e+06   2.0874023e+01
   6.0269250e+06   1.8066406e+01
   6.0269820e+06   2.1240234e+01
   6.0270410e+06   3.2897949e+01
   6.0270890e+06   3.4545898e+01
   6.0271180e+06   1.7944336e+01
   6.0271600e+06   2.6977539e+01
   6.0271970e+06   1.7395020e+01
   6.0274620e+06   1.7456055e+01
   6.0275370e+06   1.8188477e+01
   6.0275820e+06   1.6357422e+01
   6.0285980e+06   1.6479492e+01
   6.0331880e+06   1.7761230e+01
   6.0711540e+06   1.6784668e+01
   6.0776100e+06   1.6662598e+01
   6.0791570e+06   1.7517090e+01
   6.0887050e+06   1.8127441e+01
   6.0983900e+06   1.6601563e+01
   6.1205580e+06   1.7517090e+01
   6.1234060e+06   1.7761230e+01
   6.1345690e+06   1.8859863e+01
   6.1348340e+06   1.6601563e+01
   6.1350040e+06   1.8432617e+01
   6.1350200e+06   1.7700195e+01
   6.1351200e+06   1.6662598e+01
   6.1352550e+06   2.0202637e+01
   6.1354240e+06   2.3681641e+01
   6.1354350e+06   1.8920898e+01
   6.1355360e+06   1.6601563e+01
   6.1355810e+06   1.6479492e+01
   6.1356470e+06   1.7517090e+01
   6.1356850e+06   1.8981934e+01
   6.1357580e+06   3.0883789e+01
   6.1358440e+06   1.7578125e+01
   6.1358830e+06   2.9113770e+01
   6.1359790e+06   1.7150879e+01
   6.1360580e+06   3.0517578e+01
   6.1360770e+06   1.7761230e+01
   6.1361860e+06   1.9226074e+01
   6.1362470e+06   1.7883301e+01
   6.1363040e+06   1.6296387e+01
   6.1363310e+06   2.3925781e+01
   6.1363780e+06   2.1850586e+01
   6.1364310e+06   1.9836426e+01
   6.1365460e+06   2.6672363e+01
   6.1366500e+06   2.8198242e+01
   6.1633760e+06   1.7333984e+01
   6.1800380e+06   1.9531250e+01
   6.1913790e+06   1.7822266e+01
   6.1962440e+06   1.6967773e+01
   6.2029270e+06   1.9897461e+01
   6.2122650e+06   1.8310547e+01
   6.2212950e+06   1.6723633e+01
   6.2215800e+06   1.7395020e+01
   6.2216110e+06   2.6733398e+01
   6.2219090e+06   1.7944336e+01
   6.2220100e+06   2.0629883e+01
   6.2221290e+06   1.7028809e+01
   6.2224100e+06   1.8005371e+01
   6.2348290e+06   1.7456055e+01
   6.2542110e+06   1.6662598e+01
   6.2544710e+06   1.9714355e+01
   6.2545570e+06   2.6611328e+01
   6.2549030e+06   1.9165039e+01
   6.2930040e+06   1.8066406e+01
   6.2934210e+06   1.9531250e+01
   6.3080240e+06   1.6784668e+01
   6.3212900e+06   1.6357422e+01
   6.3240960e+06   1.8432617e+01
   6.3313760e+06   1.6418457e+01
   6.3329660e+06   1.8798828e+01
   6.3330410e+06   2.0019531e+01
   6.3330660e+06   1.6418457e+01
   6.3507170e+06   2.8747559e+01
   6.3609440e+06   1.7883301e+01
   6.3731400e+06   1.8920898e+01
   6.3917660e+06   1.6296387e+01
   6.3926720e+06   2.6916504e+01
   6.3931080e+06   1.8615723e+01
   6.3931480e+06   1.8371582e+01
   6.4339810e+06   2.0935059e+01
   6.4348150e+06   1.8371582e+01
   6.4348460e+06   1.8066406e+01
   6.4352670e+06   1.7395020e+01
   6.4352820e+06   1.7761230e+01
   6.4519770e+06   1.6418457e+01
   6.4568700e+06   1.7700195e+01
   6.4658910e+06   1.7578125e+01
   6.4794140e+06   1.7578125e+01
   6.4867840e+06   1.9531250e+01
   6.4911440e+06   1.6845703e+01
   6.4968720e+06   1.8127441e+01
   6.5175150e+06   1.8249512e+01
   6.5213870e+06   2.1789551e+01
   6.5676830e+06   1.6845703e+01
   6.5677110e+06   1.9226074e+01
   6.5860050e+06   1.9714355e+01
   6.5865790e+06   1.7578125e+01
   6.5866470e+06   2.4963379e+01
   6.6034660e+06   1.6906738e+01
   6.6181880e+06   1.8615723e+01
   6.6182580e+06   2.0080566e+01
   6.6329840e+06   2.1545410e+01
   6.6330310e+06   2.4536133e+01
   6.6620920e+06   1.7822266e+01
   6.6624950e+06   1.7761230e+01
   6.6670650e+06   1.6906738e+01
   6.6906130e+06   1.7089844e+01
   6.6907340e+06   2.1240234e+01
   6.7125280e+06   1.7028809e+01
   6.7128540e+06   2.0812988e+01
   6.7381300e+06   1.6967773e+01
   6.7387940e+06   1.6662598e+01
   6.7517180e+06   1.7456055e+01
   6.7529520e+06   1.8737793e+01
   6.7610210e+06   1.8798828e+01
   6.7617760e+06   1.6601563e+01
   6.7632430e+06   1.6418457e+01
   6.7641100e+06   1.6723633e+01
   6.7662050e+06   2.1484375e+01
   6.7846350e+06   1.7639160e+01
   6.7967050e+06   1.8432617e+01
   6.8074790e+06   1.7211914e+01
   6.8222760e+06   2.0690918e+01
   6.8394270e+06   1.7761230e+01
   6.8495850e+06   1.7028809e+01
   6.8640800e+06   1.8676758e+01
   6.8644380e+06   2.1179199e+01
   6.8760610e+06   1.6601563e+01
   6.9030630e+06   1.6296387e+01
   6.9167800e+06   1.7944336e+01
   6.9171620e+06   1.7333984e+01
   6.9412450e+06   1.6479492e+01
   6.9464760e+06   2.0141602e+01
   6.9853760e+06   1.9897461e+01
   6.9859180e+06   1.9470215e+01
   7.0053650e+06   1.6479492e+01
   7.0162650e+06   1.9470215e+01
   7.0162980e+06   1.6784668e+01
   7.0406620e+06   2.0446777e+01
   7.0803480e+06   1.6784668e+01
   7.0854700e+06   1.6723633e+01
   7.1131590e+06   1.8737793e+01
   7.1232630e+06   1.8005371e+01
   7.1387510e+06   1.7822266e+01
   7.1399200e+06   2.0141602e+01
   7.1401430e+06   2.2399902e+01
   7.1404270e+06   1.7150879e+01
   7.1405400e+06   1.8005371e+01
   7.1640890e+06   1.8859863e+01
   7.1641130e+06   2.7343750e+01
   7.1641400e+06   2.1301270e+01
   7.1641610e+06   4.1015625e+01
   7.1641710e+06   2.0202637e+01
   7.1641890e+06   1.7761230e+01
   7.1642200e+06   1.6784668e+01
   7.1642310e+06   3.2958984e+01
   7.1643420e+06   2.5695801e+01
   7.1643650e+06   1.8859863e+01
   7.1643980e+06   2.3193359e+01
   7.1644440e+06   2.0385742e+01
   7.1644920e+06   1.6662598e+01
   7.1646110e+06   1.7211914e+01
   7.1647640e+06   1.7883301e+01
   7.1648420e+06   1.6418457e+01
   7.1655880e+06   1.6906738e+01
   7.1657940e+06   1.9042969e+01
   7.1666010e+06   2.0263672e+01
   7.1686790e+06   1.6540527e+01
   7.1690480e+06   1.8554688e+01
   7.1694650e+06   2.1423340e+01
   7.1962480e+06   1.8615723e+01
   7.2109750e+06   1.6296387e+01
   7.2115690e+06   1.6601563e+01
   7.2191400e+06   1.9409180e+01
   7.2323460e+06   1.6906738e+01
   7.2365130e+06   1.9104004e+01
   7.2446500e+06   2.0935059e+01
   7.2483200e+06   1.6845703e+01
   7.2809520e+06   1.7883301e+01
   7.2882040e+06   1.7639160e+01
   7.2884230e+06   1.7395020e+01
   7.2886080e+06   1.7700195e+01
   7.2886440e+06   1.6418457e+01
   7.2887020e+06   1.7150879e+01
   7.2889550e+06   1.9226074e+01
   7.2901890e+06   1.7272949e+01
   7.2902600e+06   2.3620605e+01
   7.2902940e+06   3.1066895e+01
   7.2903210e+06   1.8249512e+01
   7.2903330e+06   2.6916504e+01
   7.2903580e+06   2.2888184e+01
   7.2903750e+06   1.8676758e+01
   7.2903990e+06   2.7221680e+01
   7.2904100e+06   1.6479492e+01
   7.2904370e+06   2.8381348e+01
   7.2904730e+06   1.7639160e+01
   7.2904990e+06   1.8859863e+01
   7.2905460e+06   1.9470215e+01
   7.2906530e+06   1.8981934e+01
   7.2907410e+06   1.6479492e+01
   7.2908840e+06   1.6296387e+01
   7.2924090e+06   1.8371582e+01
   7.3364520e+06   1.8920898e+01
   7.3513680e+06   1.7944336e+01
   7.3548540e+06   1.7761230e+01
   7.3614580e+06   1.8615723e+01
   7.3724870e+06   1.7089844e+01
   7.3815680e+06   2.1484375e+01
   7.3825450e+06   1.6540527e+01
   7.3861380e+06   1.6601563e+01
   7.3936630e+06   1.6662598e+01
   7.4067300e+06   2.5756836e+01
   7.4068760e+06   1.6784668e+01
   7.4070880e+06   1.9470215e+01
   7.4071120e+06   1.7578125e+01
   7.4080190e+06   1.7272949e+01
   7.4305100e+06   1.7700195e+01
   7.4355670e+06   1.7028809e+01
   7.4416630e+06   1.7822266e+01
   7.4450260e+06   1.7272949e+01
   7.4544580e+06   2.0019531e+01
   7.4547900e+06   1.8310547e+01
   7.4694760e+06   1.6906738e+01
   7.4776250e+06   1.7211914e+01
   7.4859660e+06   1.6418457e+01
   7.4894990e+06   1.9104004e+01
   7.4895930e+06   1.8005371e+01
   7.4897970e+06   1.7944336e+01
   7.4899650e+06   1.7089844e+01
   7.4899780e+06   1.6418457e+01
   7.5013890e+06   1.6479492e+01
   7.5127630e+06   1.9470215e+01
   7.5197110e+06   1.6296387e+01
   7.5201440e+06   2.2521973e+01
   7.5252880e+06   1.8066406e+01
   7.5355040e+06   1.7272949e+01
   7.5358450e+06   1.8005371e+01
   7.5359640e+06   1.8188477e+01
   7.5360740e+06   1.6845703e+01
   7.5367020e+06   1.7883301e+01
   7.5468720e+06   1.8432617e+01
   7.5514560e+06   1.6662598e+01
   7.5542240e+06   1.6784668e+01
   7.5591120e+06   1.6601563e+01
   7.5608380e+06   1.6662598e+01
   7.5627470e+06   1.9653320e+01
   7.5630380e+06   1.8005371e+01
   7.5873790e+06   1.6662598e+01
   7.5874220e+06   2.0507813e+01
   7.5877420e+06   1.6967773e+01
   7.5882420e+06   1.9287109e+01
   7.5949240e+06   1.6723633e+01
   7.6057370e+06   1.6723633e+01
   7.6329140e+06   1.6784668e+01
   7.6504640e+06   1.7944336e+01
   7.6697710e+06   1.7333984e+01
   7.6702410e+06   1.6601563e+01
   7.6703300e+06   1.7639160e+01
   7.6705440e+06   1.8066406e+01
   7.6772350e+06   1.8005371e+01
   7.6847030e+06   1.7272949e+01
   7.6942720e+06   1.6296387e+01
   7.7087550e+06   1.8554688e+01
   7.7180900e+06   1.8432617e+01
   7.7181340e+06   1.7395020e+01
   7.7382110e+06   1.6601563e+01
   7.7382640e+06   1.8493652e+01
   7.7388210e+06   1.7639160e+01
   7.7588670e+06   1.7761230e+01
   7.7669890e+06   1.6662598e+01
   7.7674270e+06   2.0202637e+01
   7.7685160e+06   1.6540527e+01
   7.7794750e+06   1.6540527e+01
   7.7914750e+06   1.6540527e+01
   7.8079000e+06   1.9531250e+01
   7.8188910e+06   1.9287109e+01
   7.8234760e+06   2.1423340e+01
   7.8323010e+06   1.8066406e+01
   7.8329620e+06   1.6601563e+01
   7.8433000e+06   1.7639160e+01
   7.8731710e+06   1.8310547e+01
   7.8787180e+06   1.8554688e+01
   7.8950950e+06   1.8371582e+01
   7.8977020e+06   1.9470215e+01
   7.9042000e+06   1.7395020e+01
   7.9058970e+06   1.7211914e+01
   7.9066390e+06   1.8310547e+01
   7.9266880e+06   1.7944336e+01
   7.9343150e+06   1.9104004e+01
   7.9452870e+06   1.6601563e+01
   7.9453140e+06   2.3986816e+01
   7.9453240e+06   2.6000977e+01
   7.9453550e+06   2.5146484e+01
   7.9453860e+06   4.3395996e+01
   7.9453960e+06   2.0751953e+01
   7.9454310e+06   3.3691406e+01
   7.9454490e+06   2.7709961e+01
   7.9454650e+06   1.9714355e+01
   7.9455320e+06   1.7822266e+01
   7.9455840e+06   1.8493652e+01
   7.9456310e+06   2.0751953e+01
   7.9457210e+06   2.4047852e+01
   7.9457350e+06   1.8798828e+01
   7.9457710e+06   2.1850586e+01
   7.9458480e+06   2.3071289e+01
   7.9459240e+06   1.9470215e+01
   7.9460470e+06   1.6479492e+01
   7.9461320e+06   1.6296387e+01
   7.9466780e+06   1.7089844e+01
   7.9467920e+06   1.6662598e+01
   7.9468090e+06   1.7333984e+01
   7.9502240e+06   1.8371582e+01
   7.9614200e+06   1.6418457e+01
   7.9627230e+06   1.7150879e+01
   7.9654920e+06   1.8798828e+01
   7.9721320e+06   1.8371582e+01
   7.9729740e+06   1.6418457e+01
   7.9823120e+06   1.6845703e+01
   7.9862500e+06   1.6967773e+01
   7.9937810e+06   1.6845703e+01
   8.0030910e+06   1.6540527e+01
   8.0059420e+06   1.7089844e+01
   8.0102260e+06   1.7822266e+01
   8.0231450e+06   1.6845703e+01
   8.0304230e+06   1.6723633e+01
   8.0583050e+06   1.7089844e+01
   8.0721200e+06   1.7272949e+01
   8.0730140e+06   1.7456055e+01
   8.0835050e+06   1.7028809e+01
   8.0871060e+06   1.8005371e+01
   8.0888110e+06   1.7028809e+01
   8.0889820e+06   1.7761230e+01
   8.0894380e+06   1.6540527e+01
   8.0894920e+06   1.6845703e+01
   8.0899630e+06   1.8859863e+01
   8.1018960e+06   1.8066406e+01
   8.1276850e+06   2.0324707e+01
   8.1681350e+06   2.0324707e+01
   8.1735250e+06   1.6479492e+01
   8.1831770e+06   1.7150879e+01
   8.1833670e+06   1.7761230e+01
   8.1838270e+06   1.6845703e+01
   8.1940530e+06   1.6784668e+01
   8.2006230e+06   1.7089844e+01
   8.2014220e+06   1.6967773e+01
   8.2097230e+06   1.8005371e+01
   8.2335770e+06   1.6906738e+01
   8.2467340e+06   1.9592285e+01
   8.2536760e+06   1.7089844e+01
   8.2685550e+06   1.6601563e+01
   8.2716230e+06   1.6906738e+01
   8.2758490e+06   1.6418457e+01
   8.2764610e+06   1.6967773e+01
   8.2765160e+06   1.6906738e+01
   8.2962760e+06   1.7395020e+01
   8.2996360e+06   1.8920898e+01
   8.3065810e+06   1.7089844e+01
   8.3261570e+06   1.6540527e+01
   8.3361570e+06   1.6967773e+01
   8.3516970e+06   1.6296387e+01
   8.3668090e+06   1.8066406e+01
   8.3827740e+06   1.9714355e+01
   8.3918250e+06   1.6296387e+01
   8.4033770e+06   1.9653320e+01
   8.4039400e+06   1.7456055e+01
   8.4110710e+06   1.7211914e+01
   8.4128070e+06   1.6662598e+01
   8.4128930e+06   1.6601562e+01
   8.4271470e+06   1.7211914e+01
   8.4307030e+06   1.8676758e+01
   8.4348930e+06   1.6540527e+01
   8.4350020e+06   2.0935059e+01
   8.4352100e+06   1.8249512e+01
   8.4386390e+06   1.7578125e+01
   8.4498090e+06   1.7883301e+01
   8.4504240e+06   1.7395020e+01
   8.4549340e+06   1.8798828e+01
   8.4608160e+06   1.7028809e+01
   8.4650870e+06   1.7822266e+01
   8.4700080e+06   1.7944336e+01
   8.4709550e+06   1.7395020e+01
   8.4798850e+06   1.8432617e+01
   8.4832450e+06   1.9287109e+01
   8.4883430e+06   1.6906738e+01
   8.4917460e+06   1.6662598e+01
   8.4942760e+06   1.6601563e+01
   8.4951240e+06   1.8859863e+01
   8.4983120e+06   1.8554688e+01
   8.5066740e+06   1.6357422e+01
   8.5103290e+06   1.6601563e+01
   8.5144520e+06   1.6845703e+01
   8.5156730e+06   1.9897461e+01
   8.5239910e+06   1.6540527e+01
   8.5375080e+06   1.7089844e+01
   8.5475620e+06   2.0324707e+01
   8.5476080e+06   1.9409180e+01
   8.5477850e+06   2.0751953e+01
   8.5600660e+06   1.8066406e+01
   8.5652220e+06   1.9226074e+01
   8.5830280e+06   1.6601563e+01
   8.5859210e+06   1.6479492e+01
   8.5919670e+06   1.6601563e+01
   8.5922720e+06   1.6845703e+01
   8.5923560e+06   1.6601563e+01
   8.5924340e+06   1.6357422e+01
   8.5924610e+06   1.6479492e+01
   8.5924910e+06   2.7893066e+01
   8.5925070e+06   1.8798828e+01
   8.5925310e+06   2.7343750e+01
   8.5925410e+06   2.5878906e+01
   8.5925690e+06   1.8127441e+01
   8.5925930e+06   2.7587891e+01
   8.5926220e+06   2.1423340e+01
   8.5926480e+06   2.0324707e+01
   8.5927210e+06   1.7150879e+01
   8.5927790e+06   1.8188477e+01
   8.5934570e+06   1.6662598e+01
   8.6036400e+06   1.6601562e+01
   8.6041300e+06   1.8310547e+01
   8.6133580e+06   1.6296387e+01
   8.6162230e+06   1.6296387e+01
   8.6168170e+06   2.1728516e+01
   8.6219270e+06   1.6967773e+01
   8.6249230e+06   1.7822266e+01
   8.6270740e+06   1.6784668e+01
   8.6301080e+06   2.0935059e+01
   8.6306050e+06   1.9165039e+01
   8.6317900e+06   1.7578125e+01
   8.6330860e+06   1.7517090e+01
   8.6411670e+06   1.6906738e+01
   8.6436060e+06   1.6601563e+01
   8.6502660e+06   1.6601563e+01
   8.6532870e+06   1.7395020e+01
   8.6562360e+06   1.7822266e+01
   8.6669070e+06   1.6601563e+01
   8.6787540e+06   1.6662598e+01
   8.6895680e+06   1.6784668e+01
   8.6914640e+06   1.6357422e+01
   8.6967260e+06   1.8127441e+01
   8.7019930e+06   1.7150879e+01
   8.7084360e+06   1.8920898e+01
   8.7263270e+06   1.6357422e+01
   8.7279960e+06   1.6296387e+01
   8.7370860e+06   1.9104004e+01
   8.7393700e+06   1.6418457e+01
   8.7414220e+06   2.2766113e+01
   8.7417440e+06   1.6784668e+01
   8.7417720e+06   1.7883301e+01
   8.7419770e+06   1.8188477e+01
   8.7424380e+06   1.8371582e+01
   8.7497980e+06   1.6479492e+01
   8.7525780e+06   1.8615723e+01
   8.7550120e+06   1.6296387e+01
   8.7563730e+06   1.6967773e+01
   8.7592970e+06   1.6906738e+01
   8.7681060e+06   1.7700195e+01
   8.7712170e+06   1.6723633e+01
   8.7928550e+06   1.7578125e+01
   8.7988270e+06   2.1362305e+01
   8.8054400e+06   1.6479492e+01
   8.8072420e+06   1.6601562e+01
   8.8074770e+06   1.7272949e+01
   8.8129600e+06   1.6723633e+01
   8.8299430e+06   1.8188477e+01
   8.8371870e+06   1.7150879e+01
   8.8397760e+06   1.7944336e+01
   8.8567860e+06   1.8493652e+01
   8.8861260e+06   1.9042969e+01
   8.8893210e+06   1.6418457e+01
   8.8912360e+06   1.8005371e+01
   8.8977520e+06   1.7700195e+01
   8.9236630e+06   2.1850586e+01
   8.9322550e+06   1.6479492e+01
   8.9335310e+06   1.6784668e+01
   8.9369830e+06   2.0568848e+01
   8.9399600e+06   1.7150879e+01
   8.9496220e+06   1.7089844e+01
   8.9562490e+06   1.8249512e+01
   8.9601500e+06   1.9104004e+01
   8.9685790e+06   1.6784668e+01
   8.9740700e+06   1.6418457e+01
   8.9762580e+06   1.8005371e+01
   8.9839940e+06   1.6784668e+01
   8.9977950e+06   2.1179199e+01
   8.9983700e+06   1.7089844e+01
   9.0007300e+06   1.9775391e+01
   9.0268270e+06   1.8066406e+01
   9.0328600e+06   1.8615723e+01
   9.0388280e+06   1.6296387e+01
   9.0430420e+06   1.8798828e+01
   9.0576920e+06   1.7395020e+01
   9.0598350e+06   1.7700195e+01
   9.0607630e+06   1.8005371e+01
   9.0613570e+06   2.1118164e+01
   9.0742460e+06   1.6662598e+01
   9.1041470e+06   2.2888184e+01
   9.1045610e+06   1.8066406e+01
   9.1106780e+06   1.7822266e+01
   9.1199240e+06   2.0263672e+01
   9.1421450e+06   2.1240234e+01
   9.1455150e+06   1.6357422e+01
   9.1531690e+06   1.7822266e+01
   9.1702380e+06   1.8920898e+01
   9.1762970e+06   1.6845703e+01
   9.1823150e+06   1.7700195e+01
   9.1945440e+06   2.0324707e+01
   9.1945790e+06   1.6906738e+01
   9.2022920e+06   1.7211914e+01
   9.2129170e+06   1.6845703e+01
   9.2231670e+06   1.6845703e+01
   9.2377850e+06   1.6662598e+01
   9.2495120e+06   2.0812988e+01
   9.2594490e+06   1.9287109e+01
   9.2626670e+06   1.8493652e+01
   9.2644410e+06   1.7211914e+01
   9.2700180e+06   1.7700195e+01
   9.2809520e+06   1.7333984e+01
   9.2825290e+06   1.6723633e+01
   9.2857020e+06   1.6906738e+01
   9.2885390e+06   1.7578125e+01
   9.2893090e+06   1.9592285e+01
   9.2936280e+06   1.6479492e+01
   9.2957850e+06   1.6357422e+01
   9.3104390e+06   1.7883301e+01
   9.3167430e+06   1.7272949e+01
   9.3306730e+06   1.7211914e+01
   9.3358500e+06   1.7211914e+01
   9.3359010e+06   1.6784668e+01
   9.3533070e+06   1.7456055e+01
   9.3540560e+06   1.7517090e+01
   9.3595860e+06   1.7150879e+01
   9.3674520e+06   2.1118164e+01
   9.3690600e+06   1.6540527e+01
   9.3766680e+06   1.8310547e+01
   9.3834540e+06   1.6784668e+01
   9.3992380e+06   1.6235352e+01
   9.4116300e+06   1.6662598e+01
   9.4127130e+06   2.1606445e+01
   9.4343550e+06   1.9042969e+01
   9.4347940e+06   1.7395020e+01
   9.4363940e+06   1.6662598e+01
   9.4372780e+06   1.7028809e+01
   9.4380340e+06   1.6235352e+01
   9.4388130e+06   1.6540527e+01
   9.4605370e+06   1.7028809e+01
   9.4606310e+06   1.9775391e+01
   9.4816430e+06   1.6601563e+01
   9.4987040e+06   2.0263672e+01
   9.5037240e+06   1.7639160e+01
   9.5049230e+06   1.7761230e+01
   9.5287260e+06   1.7150879e+01
   9.5290320e+06   1.6357422e+01
   9.5348590e+06   1.8127441e+01
   9.5378760e+06   1.9836426e+01
   9.5438620e+06   1.6296387e+01
   9.5482130e+06   1.8127441e+01
   9.5598380e+06   1.6540527e+01
   9.5662370e+06   1.6662598e+01
   9.5673300e+06   1.6662598e+01
   9.5720820e+06   1.6479492e+01
   9.6030380e+06   1.6601563e+01
   9.6104050e+06   2.6123047e+01
   9.6316740e+06   1.6235352e+01
   9.6411940e+06   1.9958496e+01
   9.6732690e+06   1.9165039e+01
   9.6922640e+06   1.6296387e+01
   9.6946470e+06   1.7150879e+01
   9.6983760e+06   1.6845703e+01
   9.7077640e+06   1.8371582e+01
   9.7104040e+06   1.7089844e+01
   9.7113170e+06   1.6662598e+01
   9.7211250e+06   1.8615723e+01
   9.7265990e+06   1.6418457e+01
   9.7266550e+06   1.7150879e+01
   9.7272070e+06   1.8371582e+01
   9.7409920e+06   1.7211914e+01
   9.7427850e+06   1.6845703e+01
   9.7717170e+06   1.7272949e+01
   9.7837400e+06   1.7761230e+01
   9.7837610e+06   2.0324707e+01
   9.8084690e+06   1.7272949e+01
   9.8169320e+06   1.6662598e+01
   9.8290820e+06   1.6357422e+01
   9.8316620e+06   1.9165039e+01
   9.8538360e+06   1.8127441e+01
   9.8575330e+06   1.7578125e+01
   9.8728050e+06   1.6540527e+01
   9.8749070e+06   1.6235352e+01
   9.8963530e+06   1.6784668e+01
   9.9146120e+06   1.9042969e+01
   9.9156870e+06   1.7150879e+01
   9.9218450e+06   1.6784668e+01
   9.9218930e+06   2.0263672e+01
   9.9260790e+06   1.8493652e+01
   9.9308840e+06   1.7822266e+01
   9.9328590e+06   1.7395020e+01
   9.9399900e+06   1.9409180e+01
   9.9567870e+06   1.7578125e+01
   9.9675910e+06   1.6906738e+01
   9.9696960e+06   1.9348145e+01
   9.9956000e+06   1.8066406e+01
   9.9961710e+06   2.0385742e+01
   1.0008986e+07   1.9042969e+01
   1.0011712e+07   1.6662598e+01
   1.0047479e+07   1.6235352e+01
   1.0056658e+07   1.6418457e+01
   1.0058309e+07   1.7578125e+01
   1.0063903e+07   1.7700195e+01
   1.0082269e+07   1.8310547e+01
   1.0089456e+07   1.7578125e+01
   1.0106079e+07   1.9531250e+01
   1.0118389e+07   1.7150879e+01
   1.0126385e+07   1.8981934e+01
   1.0133328e+07   1.7517090e+01
   1.0140375e+07   2.0812988e+01
   1.0158309e+07   1.6845703e+01
   1.0163800e+07   1.8859863e+01
   1.0170881e+07   1.6601563e+01
   1.0178578e+07   1.7639160e+01
   1.0182457e+07   1.6845703e+01
   1.0185360e+07   1.9531250e+01
   1.0189808e+07   1.6418457e+01
   1.0195714e+07   1.6662598e+01
   1.0198375e+07   1.6479492e+01
   1.0205643e+07   1.6540527e+01
   1.0223745e+07   1.8188477e+01
   1.0235571e+07   1.6540527e+01
   1.0268738e+07   1.7028809e+01
   1.0270725e+07   1.7028809e+01
   1.0276499e+07   1.8371582e+01
   1.0279924e+07   2.0568848e+01
   1.0280246e+07   1.6418457e+01
   1.0283671e+07   1.6540527e+01
   1.0306331e+07   1.7700195e+01
   1.0311471e+07   1.6906738e+01
   1.0330571e+07   1.6357422e+01
   1.0339223e+07   1.7028809e+01
   1.0371495e+07   1.7028809e+01
   1.0384909e+07   1.7395020e+01
   1.0407855e+07   1.8859863e+01
   1.0434227e+07   1.6845703e+01
   1.0437570e+07   1.6357422e+01
   1.0444646e+07   1.8554688e+01
   1.0490787e+07   1.6723633e+01
   1.0498413e+07   1.6235352e+01
   1.0510661e+07   1.6296387e+01
   1.0522592e+07   1.6479492e+01
   1.0529975e+07   1.6418457e+01
   1.0541580e+07   1.7578125e+01
   1.0563176e+07   1.9226074e+01
   1.0577251e+07   1.8859863e+01
   1.0599392e+07   2.0690918e+01
   1.0599435e+07   1.7944336e+01
   1.0599576e+07   1.8920898e+01
   1.0600200e+07   1.6784668e+01
   1.0600229e+07   1.6906738e+01
   1.0600247e+07   2.0141602e+01
   1.0600262e+07   2.0385742e+01
   1.0600280e+07   3.4057617e+01
   1.0600302e+07   2.4169922e+01
   1.0600323e+07   3.3508301e+01
   1.0600357e+07   2.5390625e+01
   1.0600424e+07   1.6235352e+01
   1.0600455e+07   1.7272949e+01
   1.0600597e+07   1.9104004e+01
   1.0600748e+07   1.8554688e+01
   1.0601553e+07   1.6967773e+01
   1.0602611e+07   1.6906738e+01
   1.0609587e+07   1.6601563e+01
   1.0613169e+07   1.6479492e+01
   1.0619630e+07   2.1118164e+01
   1.0620761e+07   1.8798828e+01
   1.0631706e+07   1.6662598e+01
   1.0635672e+07   1.6784668e+01
   1.0648317e+07   1.7333984e+01
   1.0674477e+07   1.6540527e+01
   1.0691236e+07   1.6357422e+01
   1.0694069e+07   1.8737793e+01
   1.0704733e+07   1.7456055e+01
   1.0709106e+07   1.6418457e+01
   1.0727471e+07   1.8005371e+01
   1.0737853e+07   1.6540527e+01
   1.0761490e+07   1.8981934e+01
   1.0774855e+07   1.9165039e+01
   1.0787851e+07   1.7456055e+01
   1.0794677e+07   1.9348145e+01
   1.0799778e+07   1.7211914e+01
   1.0799823e+07   3.7902832e+01
   1.0822964e+07   1.6906738e+01
   1.0833583e+07   1.6906738e+01
   1.0846930e+07   1.7456055e+01
   1.0868542e+07   1.6601563e+01
   1.0877736e+07   1.6540527e+01
   1.0889224e+07   1.6296387e+01
   1.0916783e+07   1.6723633e+01
   1.0932033e+07   1.6479492e+01
   1.0936804e+07   1.8066406e+01
   1.0958093e+07   1.7883301e+01
   1.0962741e+07   1.6540527e+01
   1.0969576e+07   1.9470215e+01
   1.0973407e+07   1.7883301e+01
   1.0988702e+07   1.9226074e+01
   1.0991124e+07   1.6418457e+01
   1.1027612e+07   1.9042969e+01
   1.1033081e+07   1.7578125e+01
   1.1041790e+07   1.7089844e+01
   1.1046526e+07   1.8371582e+01
   1.1062143e+07   1.6601563e+01
   1.1080428e+07   1.6601563e+01
   1.1086655e+07   1.7456055e+01
   1.1096606e+07   1.7272949e+01
   1.1129735e+07   1.6906738e+01
   1.1132130e+07   1.6845703e+01
   1.1149719e+07   1.8066406e+01
   1.1160487e+07   1.6357422e+01
   1.1175881e+07   1.7517090e+01
   1.1176180e+07   1.6784668e+01
   1.1176601e+07   1.6479492e+01
   1.1176681e+07   2.1179199e+01
   1.1219711e+07   1.6235352e+01
   1.1228206e+07   1.8432617e+01
   1.1248677e+07   1.6845703e+01
   1.1285719e+07   1.6967773e+01
   1.1307086e+07   1.6967773e+01
   1.1319791e+07   1.8920898e+01
   1.1344864e+07   1.6235352e+01
   1.1365309e+07   1.6967773e+01
   1.1375169e+07   1.6906738e+01
   1.1477483e+07   1.8493652e+01
   1.1579930e+07   1.6418457e+01
   1.1673051e+07   1.6479492e+01
   1.1681917e+07   1.7089844e+01
   1.1691559e+07   1.8005371e+01
   1.1711000e+07   1.6662598e+01
   1.1740933e+07   1.8127441e+01
   1.1787729e+07   1.7761230e+01
   1.1804197e+07   2.0874023e+01
   1.1834717e+07   1.7822266e+01
   1.1891174e+07   1.6845703e+01
   1.1909403e+07   1.8615723e+01
   1.1925413e+07   2.1545410e+01
   1.1942215e+07   1.7211914e+01
   1.1954344e+07   1.8249512e+01
   1.1992216e+07   1.7333984e+01
