   1.1999000e+07   0.0000000e+00
   2.4672000e+04   3.1738281e+01
   9.1118000e+04   2.2583008e+01
   9.1199000e+04   2.5085449e+01
   1.2817100e+05   2.2216797e+01
   1.2820200e+05   2.3986816e+01
   1.2821200e+05   4.4006348e+01
   1.2831500e+05   2.2583008e+01
   1.6556800e+05   2.4108887e+01
   2.0233200e+05   3.1982422e+01
   2.4142200e+05   2.5817871e+01
   2.4150100e+05   2.3010254e+01
   3.9867400e+05   2.3315430e+01
   3.9873700e+05   4.2419434e+01
   4.3145700e+05   3.3447266e+01
   4.7541100e+05   3.9672852e+01
   4.9733100e+05   2.3498535e+01
   4.9734200e+05   2.3559570e+01
   4.9741100e+05   2.3620605e+01
   5.4438400e+05   2.3681641e+01
   7.8219000e+05   3.7536621e+01
   8.3426200e+05   2.9663086e+01
   8.3427700e+05   2.3681641e+01
   9.9750500e+05   3.6926270e+01
   1.0333940e+06   2.5329590e+01
   1.0334570e+06   2.4536133e+01
   1.0334940e+06   3.5888672e+01
   1.0458750e+06   3.2409668e+01
   1.0531910e+06   2.3376465e+01
   1.0533520e+06   3.1311035e+01
   1.0887360e+06   2.7832031e+01
   1.1246680e+06   2.3498535e+01
   1.1247400e+06   4.2236328e+01
   1.2090510e+06   2.9296875e+01
   4.9257390e+06   2.5024414e+01
   5.9044570e+06   2.3437500e+01
   6.2744580e+06   2.9785156e+01
   6.2916280e+06   2.3010254e+01
   6.3430640e+06   2.4658203e+01
   6.3656540e+06   2.6000977e+01
   6.3887020e+06   2.6123047e+01
   6.3888300e+06   2.4780273e+01
   6.3981320e+06   2.7160645e+01
   6.3981740e+06   2.2644043e+01
   6.3981910e+06   2.6245117e+01
   6.5006420e+06   2.4841309e+01
   6.5007050e+06   2.7709961e+01
   6.5222680e+06   3.3752441e+01
   6.5223730e+06   2.2460938e+01
   6.5443330e+06   2.3010254e+01
   6.5445120e+06   2.8381348e+01
   6.5635840e+06   2.7221680e+01
   6.5637490e+06   2.2338867e+01
   6.5847570e+06   3.1494141e+01
   6.5848770e+06   2.4536133e+01
   6.6070840e+06   3.0578613e+01
   6.6072470e+06   2.6733398e+01
   6.6277340e+06   2.3132324e+01
   6.6277990e+06   3.3630371e+01
   6.6476020e+06   3.0456543e+01
   6.6477360e+06   2.5268555e+01
   6.6665650e+06   2.3620605e+01
   6.6666450e+06   3.3874512e+01
   6.6666640e+06   2.3864746e+01
   6.6846800e+06   2.5207520e+01
   6.7015840e+06   2.9663086e+01
   6.7016790e+06   3.0334473e+01
   6.7193810e+06   2.8198242e+01
   6.7194830e+06   3.1127930e+01
   6.7406590e+06   3.0273438e+01
   6.7565570e+06   2.8564453e+01
   6.7566530e+06   2.4169922e+01
   6.7748470e+06   3.0029297e+01
   6.7749530e+06   2.9052734e+01
   6.7923200e+06   2.3498535e+01
   6.7923730e+06   2.6245117e+01
   6.8095830e+06   3.3691406e+01
   6.8268570e+06   2.5695801e+01
   6.8409780e+06   2.8686523e+01
   6.8415160e+06   2.2949219e+01
   6.8587700e+06   2.5573730e+01
   6.8760980e+06   2.7709961e+01
   6.8761280e+06   2.3803711e+01
   6.8761760e+06   2.6367188e+01
   6.8916350e+06   2.5207520e+01
   6.8918510e+06   2.5634766e+01
   6.9085960e+06   2.4780273e+01
   6.9086930e+06   2.9785156e+01
   6.9249910e+06   3.3386230e+01
   6.9250890e+06   2.6428223e+01
   6.9417490e+06   2.8747559e+01
   6.9417640e+06   2.4414063e+01
   6.9568040e+06   2.9052734e+01
   6.9737040e+06   3.1433105e+01
   6.9738110e+06   2.3437500e+01
   6.9875360e+06   2.9418945e+01
   7.0046530e+06   2.2338867e+01
   7.0047190e+06   3.1677246e+01
   7.0223110e+06   2.4353027e+01
   7.0224150e+06   3.0090332e+01
   7.0395280e+06   2.7526855e+01
   7.0396090e+06   3.2592773e+01
   7.0397070e+06   2.5634766e+01
   7.0529480e+06   2.3376465e+01
   7.0530520e+06   2.3376465e+01
   7.0538210e+06   2.5573730e+01
   7.0769910e+06   2.4841309e+01
   7.0770830e+06   2.5146484e+01
   7.0939660e+06   2.4902344e+01
   7.0940690e+06   2.7404785e+01
   7.1087670e+06   2.5451660e+01
   7.1088780e+06   2.7038574e+01
   7.1090470e+06   2.3437500e+01
   7.1227330e+06   3.2165527e+01
   7.1228250e+06   2.5329590e+01
   7.1376840e+06   2.5390625e+01
   7.1377870e+06   2.4291992e+01
   7.1379940e+06   2.4108887e+01
   7.1383360e+06   2.4475098e+01
   7.1585630e+06   3.3691406e+01
   7.1586590e+06   2.5573730e+01
   7.1595360e+06   2.3742676e+01
   7.1820370e+06   2.8381348e+01
   7.1821390e+06   2.5878906e+01
   7.1824790e+06   2.2460938e+01
   7.2017440e+06   2.5451660e+01
   7.2018390e+06   2.9174805e+01
   7.2020220e+06   2.5634766e+01
   7.2250740e+06   2.8198242e+01
   7.2251640e+06   2.3315430e+01
   7.2456550e+06   2.5573730e+01
   7.2638350e+06   2.8625488e+01
   7.2640670e+06   2.3254395e+01
   7.2658260e+06   2.6367188e+01
   7.2851490e+06   2.2827148e+01
   7.2852710e+06   2.4414063e+01
   7.2854750e+06   2.5207520e+01
   7.2857870e+06   2.3254395e+01
   7.2867610e+06   2.4414063e+01
   7.3054480e+06   2.3254395e+01
   7.3055690e+06   2.4658203e+01
   7.3265150e+06   2.4780273e+01
   7.3269610e+06   2.3498535e+01
   7.3272860e+06   2.2705078e+01
   7.3453400e+06   2.7099609e+01
   7.3458690e+06   2.5939941e+01
   7.3462540e+06   2.3925781e+01
   7.3630940e+06   2.7465820e+01
   7.3632210e+06   2.5085449e+01
   7.3634820e+06   2.9052734e+01
   7.3637430e+06   2.3986816e+01
   7.3856310e+06   2.3742676e+01
   7.3857300e+06   2.4902344e+01
   7.3858960e+06   2.2644043e+01
   7.3862800e+06   2.4414063e+01
   7.3868120e+06   2.3376465e+01
   7.3871600e+06   2.3010254e+01
   7.4232770e+06   2.6245117e+01
   7.4234060e+06   2.6916504e+01
   7.4249710e+06   2.2521973e+01
   7.4252070e+06   2.4719238e+01
   7.4499000e+06   2.3010254e+01
   7.4500260e+06   2.4475098e+01
   7.4501590e+06   2.3559570e+01
   7.4766990e+06   2.5329590e+01
   7.4767550e+06   2.2338867e+01
   7.4767900e+06   3.2165527e+01
   7.4770160e+06   2.3254395e+01
   7.4772250e+06   2.3071289e+01
   7.4887500e+06   3.2165527e+01
   7.4898240e+06   2.6794434e+01
   7.5209670e+06   3.0212402e+01
   7.5210660e+06   2.4963379e+01
   7.5212290e+06   2.9357910e+01
   7.5217520e+06   2.3254395e+01
   7.5592260e+06   2.6062012e+01
   7.5593270e+06   2.3315430e+01
   7.5594370e+06   2.4658203e+01
   7.5595890e+06   2.3193359e+01
   7.5602140e+06   2.5390625e+01
   7.5605190e+06   2.2705078e+01
   7.5609430e+06   2.3010254e+01
   7.5614110e+06   2.4902344e+01
   7.5911590e+06   3.3752441e+01
   7.5913010e+06   2.5756836e+01
   7.5914980e+06   2.2644043e+01
   7.5917600e+06   2.2460938e+01
   7.5928120e+06   2.3071289e+01
   7.6225510e+06   2.6672363e+01
   7.6225780e+06   2.3437500e+01
   7.6228000e+06   2.7343750e+01
   7.6233290e+06   2.6550293e+01
   7.6242800e+06   2.2521973e+01
   7.6594190e+06   2.2644043e+01
   7.6594500e+06   2.3437500e+01
   7.6595360e+06   2.6977539e+01
   7.6602380e+06   2.7404785e+01
   7.6605050e+06   2.2583008e+01
   7.6612030e+06   2.3620605e+01
   7.6976900e+06   3.5827637e+01
   7.6978090e+06   2.4353027e+01
   7.6989890e+06   2.9602051e+01
   7.7361580e+06   3.2165527e+01
   7.7362690e+06   2.2216797e+01
   7.7367980e+06   2.6245117e+01
   7.7370830e+06   2.5268555e+01
   7.7679440e+06   2.6977539e+01
   7.7680760e+06   2.5695801e+01
   7.7684430e+06   2.5085449e+01
   7.7688880e+06   2.4841309e+01
   7.7696770e+06   2.2705078e+01
   7.7700100e+06   2.3010254e+01
   7.8086650e+06   2.6123047e+01
   7.8088130e+06   2.2949219e+01
   7.8090560e+06   2.4169922e+01
   7.8096940e+06   2.4047852e+01
   7.8646050e+06   3.0578613e+01
   7.8647170e+06   2.3376465e+01
   7.8651800e+06   2.4963379e+01
   7.8654460e+06   2.3559570e+01
   7.8659460e+06   2.3498535e+01
   7.9032740e+06   2.4414063e+01
   7.9037480e+06   2.2399902e+01
   7.9046060e+06   2.2583008e+01
   7.9612370e+06   2.6245117e+01
   7.9613560e+06   2.7832031e+01
   7.9618260e+06   2.6855469e+01
   7.9641200e+06   2.3376465e+01
   8.0545740e+06   2.7221680e+01
   8.0545850e+06   3.6010742e+01
   8.0547130e+06   2.3864746e+01
   8.0552040e+06   2.5146484e+01
   8.0562520e+06   2.4719238e+01
   8.1092300e+06   2.8930664e+01
   8.1095730e+06   2.5085449e+01
   8.1102640e+06   2.2888184e+01
   8.1796960e+06   2.2888184e+01
   8.1798890e+06   3.2958984e+01
   8.1801620e+06   2.5817871e+01
   8.2034250e+06   3.0395508e+01
   8.2035760e+06   2.9174805e+01
   8.2054220e+06   3.4484863e+01
   8.2064950e+06   2.2827148e+01
   8.2865200e+06   2.2766113e+01
   8.2866820e+06   3.1921387e+01
   8.2874340e+06   2.6428223e+01
   8.2884290e+06   3.1677246e+01
   8.3322070e+06   2.9357910e+01
   8.3323580e+06   2.3010254e+01
   8.3355560e+06   2.9602051e+01
   8.3357030e+06   2.4291992e+01
   8.3752810e+06   2.4780273e+01
   8.3754050e+06   2.6245117e+01
   8.3755650e+06   2.2583008e+01
   8.4126790e+06   2.7526855e+01
   8.4128360e+06   2.4353027e+01
   8.4132750e+06   2.4536133e+01
   8.4404480e+06   3.2592773e+01
   8.4405540e+06   2.3681641e+01
   8.4412590e+06   2.3498535e+01
   8.4414570e+06   2.9418945e+01
   8.4905160e+06   2.5146484e+01
   8.4907090e+06   2.7282715e+01
   8.5249910e+06   2.7282715e+01
   8.5263840e+06   2.2399902e+01
   8.6312270e+06   3.3081055e+01
   8.6313540e+06   2.6733398e+01
   8.6329140e+06   2.6000977e+01
   8.7768650e+06   2.4353027e+01
   8.7770000e+06   2.4291992e+01
   8.7782470e+06   2.2949219e+01
   8.8799410e+06   2.8259277e+01
   8.8800620e+06   2.9235840e+01
   8.8812120e+06   2.4963379e+01
   8.9061270e+06   3.5522461e+01
   8.9062360e+06   2.4230957e+01
   8.9072610e+06   2.5939941e+01
   8.9516330e+06   2.3315430e+01
   8.9517740e+06   2.8137207e+01
   8.9518980e+06   2.3071289e+01
   8.9686360e+06   2.6611328e+01
   8.9687890e+06   2.5512695e+01
   9.0334930e+06   3.1555176e+01
   9.0336150e+06   2.5756836e+01
   9.0347750e+06   2.9785156e+01
   9.0349250e+06   2.3376465e+01
   9.0552270e+06   2.3681641e+01
   9.2244390e+06   2.2460938e+01
   9.2246310e+06   2.2888184e+01
   9.2259450e+06   2.2521973e+01
   9.3899990e+06   3.1188965e+01
   9.3901050e+06   2.3071289e+01
   9.3913000e+06   2.6977539e+01
   9.3914400e+06   2.2705078e+01
   9.5249830e+06   3.1372070e+01
   9.5250970e+06   2.2888184e+01
   9.5447390e+06   2.5024414e+01
   9.5448920e+06   3.3020020e+01
   9.5450050e+06   2.5634766e+01
   9.6540970e+06   3.6193848e+01
   9.7245450e+06   2.3986816e+01
   9.7323930e+06   2.3620605e+01
   9.8188620e+06   2.8686523e+01
   9.8191030e+06   2.3315430e+01
   9.8812450e+06   2.7160645e+01
   9.8812560e+06   2.3193359e+01
   9.8813380e+06   2.5085449e+01
   9.8814070e+06   2.4719238e+01
   9.8827310e+06   2.7038574e+01
   9.9057670e+06   2.3132324e+01
   9.9058610e+06   2.2277832e+01
   9.9275880e+06   2.8747559e+01
   9.9276770e+06   2.5146484e+01
   9.9778530e+06   2.6184082e+01
   9.9788370e+06   2.2216797e+01
   9.9790260e+06   2.3437500e+01
   1.0034329e+07   2.9602051e+01
   1.0034409e+07   2.8442383e+01
   1.0034612e+07   2.2888184e+01
   1.0034891e+07   2.4169922e+01
   1.0088258e+07   2.3437500e+01
   1.0088355e+07   2.2399902e+01
   1.0088482e+07   2.2216797e+01
   1.0089275e+07   2.4169922e+01
   1.0150860e+07   2.3742676e+01
   1.0150955e+07   2.3376465e+01
   1.0151389e+07   2.5390625e+01
   1.0151677e+07   2.3498535e+01
   1.0215459e+07   2.3071289e+01
   1.0215536e+07   3.0090332e+01
   1.0215649e+07   2.6367188e+01
   1.0215846e+07   2.8381348e+01
   1.0216627e+07   2.6245117e+01
   1.0290896e+07   2.5817871e+01
   1.0290991e+07   2.2521973e+01
   1.0291776e+07   2.3193359e+01
   1.0292179e+07   2.2949219e+01
   1.0387856e+07   2.9968262e+01
   1.0387959e+07   3.0212402e+01
   1.0388487e+07   2.3071289e+01
   1.0388781e+07   2.2460938e+01
   1.0479778e+07   2.2216797e+01
   1.0479864e+07   2.7343750e+01
   1.0481140e+07   2.2338867e+01
   1.0556759e+07   3.9123535e+01
   1.0556865e+07   2.2766113e+01
   1.0556987e+07   2.3559570e+01
   1.0668442e+07   2.5451660e+01
   1.0668980e+07   2.3315430e+01
   1.1052997e+07   2.6794434e+01
   1.1053104e+07   2.2216797e+01
   1.1054164e+07   2.6672363e+01
   1.1185398e+07   2.7709961e+01
   1.1294253e+07   3.1127930e+01
   1.1294340e+07   2.4475098e+01
   1.1395788e+07   2.4658203e+01
   1.1395991e+07   2.2644043e+01
   1.1667493e+07   2.8625488e+01
   1.1758561e+07   2.2399902e+01
   1.1758651e+07   2.3193359e+01
   1.1758860e+07   2.2277832e+01
   1.1779562e+07   2.8625488e+01
   1.1779718e+07   2.5024414e+01
   1.1857170e+07   2.7343750e+01
   1.1857272e+07   2.2949219e+01
   1.1914202e+07   2.2521973e+01
   1.1914295e+07   2.5146484e+01
   1.1914409e+07   2.2705078e+01
   1.1914580e+07   2.2949219e+01
   1.1962666e+07   2.3376465e+01
   1.1962746e+07   2.2705078e+01
   1.1964598e+07   2.3193359e+01
