   1.1999000e+07   0.0000000e+00
   4.9667040e+06   2.6733398e+01
   4.9677380e+06   2.6672363e+01
   4.9806820e+06   2.7465820e+01
   4.9951930e+06   2.8137207e+01
   5.0124880e+06   2.7648926e+01
   5.0302260e+06   2.6489258e+01
   5.0411780e+06   2.7282715e+01
   5.0540960e+06   2.8015137e+01
   5.0835080e+06   2.6489258e+01
   5.0971360e+06   2.6428223e+01
   5.0972050e+06   2.9968262e+01
   5.1005330e+06   2.6550293e+01
   5.1044030e+06   2.6428223e+01
   5.1056070e+06   2.6794434e+01
   5.1131390e+06   2.8808594e+01
   5.1153330e+06   2.7282715e+01
   5.1186100e+06   2.7770996e+01
   5.1225320e+06   2.8869629e+01
   5.1279460e+06   2.7587891e+01
   5.1364070e+06   2.6611328e+01
   5.1633590e+06   2.7526855e+01
   5.1681610e+06   2.9357910e+01
   5.1801170e+06   2.6672363e+01
   5.1901310e+06   2.6550293e+01
   5.1917560e+06   2.8320313e+01
   5.2013640e+06   2.7099609e+01
   5.2020220e+06   3.0944824e+01
   5.2142230e+06   2.6611328e+01
   5.2169440e+06   2.6733398e+01
   5.2175610e+06   2.7587891e+01
   5.2192290e+06   2.6855469e+01
   5.2304620e+06   2.7893066e+01
   5.2315200e+06   2.9235840e+01
   5.2374320e+06   2.6794434e+01
   5.2380680e+06   2.6550293e+01
   5.2405240e+06   2.6611328e+01
   5.2419080e+06   2.8991699e+01
   5.2463600e+06   2.6977539e+01
   5.2628230e+06   2.6611328e+01
   5.2675230e+06   2.6611328e+01
   5.2780340e+06   2.6794434e+01
   5.2846190e+06   2.6672363e+01
   5.2875210e+06   2.6855469e+01
   5.2942600e+06   2.7038574e+01
   5.2956280e+06   2.7893066e+01
   5.2972630e+06   2.7038574e+01
   5.3003280e+06   2.6611328e+01
   5.3054190e+06   2.7465820e+01
   5.3066660e+06   2.7038574e+01
   5.3116650e+06   2.6550293e+01
   5.3162670e+06   2.6794434e+01
   5.3245160e+06   2.6428223e+01
   5.3426140e+06   2.6550293e+01
   5.3650100e+06   2.6794434e+01
   5.3694060e+06   2.7282715e+01
   5.3804250e+06   2.7893066e+01
   5.3863580e+06   2.6428223e+01
   5.3916230e+06   2.7526855e+01
   5.3991510e+06   2.6489258e+01
   5.4018250e+06   2.7770996e+01
   5.4035220e+06   2.6855469e+01
   5.4071480e+06   2.7160645e+01
   5.4230650e+06   2.7465820e+01
   5.4242730e+06   2.6550293e+01
   5.4299490e+06   2.8015137e+01
   5.4333600e+06   2.6550293e+01
   5.4364320e+06   2.8015137e+01
   5.4378200e+06   3.2104492e+01
   5.4992760e+06   2.7099609e+01
   5.5105470e+06   2.7221680e+01
   5.5113740e+06   3.0334473e+01
   5.5116330e+06   2.6550293e+01
   5.5224790e+06   2.6977539e+01
   5.5322750e+06   2.8137207e+01
   5.5540500e+06   2.7038574e+01
   5.5584630e+06   2.8686523e+01
   5.5753900e+06   2.6550293e+01
   5.5820910e+06   2.6550293e+01
   5.5832690e+06   2.6550293e+01
   5.6025740e+06   2.7160645e+01
   5.6231710e+06   2.8686523e+01
   5.6336850e+06   2.6855469e+01
   5.6455840e+06   2.7099609e+01
   5.6461110e+06   2.7038574e+01
   5.6465780e+06   2.6489258e+01
   5.6471190e+06   2.6611328e+01
   5.6475690e+06   2.7038574e+01
   5.6536740e+06   2.7282715e+01
   5.6687930e+06   2.6855469e+01
   5.6880880e+06   2.7282715e+01
   5.6935180e+06   2.8076172e+01
   5.7107220e+06   2.6855469e+01
   5.7148000e+06   2.9235840e+01
   5.7187000e+06   2.7770996e+01
   5.7270030e+06   2.7709961e+01
   5.7272330e+06   2.6550293e+01
   5.7282990e+06   2.7343750e+01
   5.7444100e+06   2.6550293e+01
   5.7520340e+06   2.9174805e+01
   5.7644120e+06   3.2165527e+01
   5.7671020e+06   2.7526855e+01
   5.7814500e+06   2.8442383e+01
   5.7833140e+06   2.6916504e+01
   5.8211180e+06   2.6611328e+01
   5.8280270e+06   2.7526855e+01
   5.8293450e+06   2.7709961e+01
   5.8296740e+06   2.8320313e+01
   5.8303740e+06   2.7282715e+01
   5.8306440e+06   3.1372070e+01
   5.8322580e+06   2.7099609e+01
   5.8330320e+06   2.7221680e+01
   5.8331300e+06   2.7526855e+01
   5.8349680e+06   2.7038574e+01
   5.8417330e+06   2.6428223e+01
   5.8430390e+06   2.8869629e+01
   5.8459370e+06   2.6733398e+01
   5.8489460e+06   2.6916504e+01
   5.8591740e+06   2.8381348e+01
   5.8738470e+06   2.6733398e+01
   5.8743810e+06   2.6733398e+01
   5.8744550e+06   3.0761719e+01
   5.8865820e+06   2.6550293e+01
   5.9073690e+06   2.7893066e+01
   5.9147890e+06   2.6733398e+01
   5.9162820e+06   2.7893066e+01
   5.9251670e+06   2.7038574e+01
   5.9298700e+06   2.9296875e+01
   5.9320930e+06   2.6733398e+01
   5.9397580e+06   2.7343750e+01
   5.9403700e+06   2.6611328e+01
   5.9548700e+06   2.8137207e+01
   5.9606030e+06   2.7343750e+01
   5.9659780e+06   2.8564453e+01
   5.9663080e+06   2.6733398e+01
   5.9688660e+06   2.6611328e+01
   5.9744720e+06   2.7587891e+01
   5.9783120e+06   2.6977539e+01
   5.9834730e+06   2.7954102e+01
   5.9890770e+06   2.8137207e+01
