   1.1999000e+07   0.0000000e+00
   2.2101000e+04   2.4780273e+01
   2.3537000e+04   3.4973145e+01
   2.4634000e+04   4.1870117e+01
   2.4661000e+04   2.5573730e+01
   2.4682000e+04   2.8259277e+01
   2.4695000e+04   2.5634766e+01
   4.2471000e+04   2.4353027e+01
   9.1109000e+04   3.8146973e+01
   9.1172000e+04   3.3752441e+01
   9.1227000e+04   3.0822754e+01
   1.2099900e+05   2.4902344e+01
   1.2819600e+05   3.3874512e+01
   1.2821600e+05   2.5512695e+01
   1.2823800e+05   2.5756836e+01
   1.2830200e+05   2.5024414e+01
   1.6540300e+05   3.8330078e+01
   1.6550400e+05   2.5390625e+01
   2.0231300e+05   3.7902832e+01
   2.0236000e+05   3.0822754e+01
   2.0242000e+05   2.4475098e+01
   2.3073700e+05   2.4475098e+01
   2.4108700e+05   2.3437500e+01
   2.4135800e+05   2.5268555e+01
   2.4138700e+05   2.8015137e+01
   2.4142200e+05   3.1677246e+01
   2.4144800e+05   4.3090820e+01
   2.4146800e+05   4.5349121e+01
   2.4149800e+05   2.6062012e+01
   2.4154100e+05   2.8869629e+01
   2.4155900e+05   2.9663086e+01
   2.4159700e+05   2.3864746e+01
   2.4160700e+05   2.8564453e+01
   2.4165200e+05   3.2958984e+01
   2.4166600e+05   2.4353027e+01
   2.4170400e+05   2.6672363e+01
   2.4172200e+05   2.4658203e+01
   2.4176500e+05   2.6916504e+01
   2.4182700e+05   3.7536621e+01
   2.4207800e+05   2.6062012e+01
   2.6408600e+05   2.3620605e+01
   2.7121700e+05   2.5573730e+01
   2.7178600e+05   2.5085449e+01
   2.8709400e+05   2.4963379e+01
   2.8813400e+05   2.5878906e+01
   2.9218700e+05   2.3681641e+01
   3.0680500e+05   2.4353027e+01
   3.1713400e+05   2.3559570e+01
   3.2677400e+05   2.5329590e+01
   3.3201900e+05   2.3620605e+01
   3.3788300e+05   2.5939941e+01
   3.9868800e+05   3.4240723e+01
   3.9882400e+05   3.9367676e+01
   3.9889100e+05   3.4545898e+01
   4.3143300e+05   3.7658691e+01
   4.3148300e+05   3.9794922e+01
   4.6087100e+05   2.3803711e+01
   4.7538500e+05   4.0771484e+01
   4.7544700e+05   3.9001465e+01
   4.7545800e+05   2.7648926e+01
   4.7549000e+05   2.8015137e+01
   4.9678800e+05   3.1494141e+01
   4.9739900e+05   3.7963867e+01
   4.9742800e+05   2.9174805e+01
   4.9744400e+05   2.9724121e+01
   5.4421900e+05   2.7832031e+01
   5.4432100e+05   2.8869629e+01
   5.4435700e+05   4.7546387e+01
   5.4438300e+05   2.6550293e+01
   5.4441200e+05   3.9001465e+01
   5.4442900e+05   3.3691406e+01
   5.4446700e+05   2.8564453e+01
   5.4447900e+05   2.4658203e+01
   5.4451600e+05   3.3630371e+01
   5.4452600e+05   3.2287598e+01
   5.4455900e+05   4.5532227e+01
   5.4459100e+05   2.5939941e+01
   5.4462500e+05   2.9846191e+01
   5.4463700e+05   2.5329590e+01
   5.4467300e+05   3.1677246e+01
   5.4471000e+05   2.7893066e+01
   5.7660300e+05   2.5390625e+01
   6.2032500e+05   2.3864746e+01
   6.4134000e+05   2.4169922e+01
   6.5093700e+05   2.3986816e+01
   6.5671000e+05   2.5634766e+01
   6.6992100e+05   2.3437500e+01
   7.0642900e+05   2.4780273e+01
   7.6150600e+05   2.4353027e+01
   7.7767500e+05   2.3681641e+01
   7.8204200e+05   4.1748047e+01
   7.8219300e+05   4.1992188e+01
   8.3137600e+05   2.5329590e+01
   8.3422500e+05   2.6916504e+01
   8.3428700e+05   2.4719238e+01
   8.3434500e+05   2.5573730e+01
   9.9746300e+05   3.5461426e+01
   9.9755700e+05   3.6560059e+01
   1.0077150e+06   2.4047852e+01
   1.0334810e+06   3.9733887e+01
   1.0335520e+06   3.6437988e+01
   1.0458730e+06   3.3691406e+01
   1.0533450e+06   3.1677246e+01
   1.0887200e+06   3.5705566e+01
   1.1246780e+06   2.7832031e+01
   1.1247000e+06   3.8574219e+01
   1.1247350e+06   2.5207520e+01
   1.1247460e+06   2.8564453e+01
   1.1367700e+06   2.7404785e+01
   1.1885320e+06   4.0039062e+01
   1.1886760e+06   2.9724121e+01
   1.2090190e+06   4.7241211e+01
   1.2090360e+06   2.4108887e+01
   1.2090640e+06   3.4912109e+01
   1.2124840e+06   2.3620605e+01
   1.2142900e+06   2.3803711e+01
   1.2196950e+06   2.5451660e+01
   1.2713710e+06   2.3681641e+01
   1.3424980e+06   2.5512695e+01
   1.3462160e+06   2.9052734e+01
   1.4917350e+06   2.4597168e+01
   1.5808930e+06   2.5695801e+01
   1.6544950e+06   2.7160645e+01
   1.7064740e+06   2.4230957e+01
   1.7920780e+06   2.4963379e+01
   2.0478490e+06   2.3681641e+01
   2.0611150e+06   2.3742676e+01
   2.0881950e+06   2.4475098e+01
   2.1468510e+06   2.4047852e+01
   2.2107970e+06   2.5634766e+01
   2.3599090e+06   2.4108887e+01
   2.6755070e+06   2.4902344e+01
   2.7673470e+06   2.3498535e+01
   2.7745320e+06   2.4353027e+01
   2.8172510e+06   2.3681641e+01
   2.8281330e+06   2.5146484e+01
   2.8662040e+06   2.5756836e+01
   2.8960270e+06   2.4414063e+01
   3.0223170e+06   2.5024414e+01
   3.2671930e+06   2.4108887e+01
   3.3779220e+06   2.4108887e+01
   3.4056880e+06   2.3437500e+01
   3.4763570e+06   2.6794434e+01
   3.6964620e+06   2.3376465e+01
   3.9510100e+06   2.4230957e+01
   4.4451440e+06   2.5695801e+01
   4.4502040e+06   2.4169922e+01
   4.7013290e+06   2.3559570e+01
   5.0106710e+06   2.3864746e+01
   5.2010830e+06   2.4963379e+01
   5.2545900e+06   2.3803711e+01
   5.5728030e+06   2.3376465e+01
   5.6901090e+06   2.6916504e+01
   5.7364550e+06   2.3559570e+01
   5.8753610e+06   2.4780273e+01
   5.9350900e+06   2.3925781e+01
   6.2025870e+06   2.3803711e+01
   6.2163780e+06   2.5390625e+01
   6.2744060e+06   3.6437988e+01
   6.2915880e+06   3.4912109e+01
   6.2916380e+06   3.5095215e+01
   6.3430610e+06   3.0151367e+01
   6.3431000e+06   2.5512695e+01
   6.3431460e+06   2.9907227e+01
   6.3432400e+06   2.3986816e+01
   6.3656150e+06   3.1982422e+01
   6.3656700e+06   2.4230957e+01
   6.3656840e+06   3.0639648e+01
   6.3657240e+06   2.4902344e+01
   6.3887080e+06   3.8452148e+01
   6.3887410e+06   2.3803711e+01
   6.3887670e+06   2.6855469e+01
   6.3888330e+06   2.8625488e+01
   6.3889100e+06   4.1748047e+01
   6.3979530e+06   2.3864746e+01
   6.3980590e+06   2.7526855e+01
   6.3981180e+06   2.4108887e+01
   6.3981310e+06   3.8818359e+01
   6.3981430e+06   2.8137207e+01
   6.3981680e+06   3.7536621e+01
   6.3981930e+06   3.0273438e+01
   6.3982130e+06   2.5390625e+01
   6.3982420e+06   5.1940918e+01
   6.3982580e+06   4.0710449e+01
   6.3982700e+06   2.6428223e+01
   6.3982990e+06   3.5949707e+01
   6.3983190e+06   3.4423828e+01
   6.3983330e+06   3.6437988e+01
   6.3983970e+06   3.9306641e+01
   6.3984260e+06   3.1982422e+01
   6.3984450e+06   2.7709961e+01
   6.3984690e+06   3.1250000e+01
   6.3987420e+06   2.9418945e+01
   6.4373750e+06   2.3620605e+01
   6.5006450e+06   3.5583496e+01
   6.5007130e+06   2.6367188e+01
   6.5007860e+06   3.0090332e+01
   6.5008990e+06   3.4362793e+01
   6.5222080e+06   3.1372070e+01
   6.5222660e+06   3.1494141e+01
   6.5223330e+06   2.4169922e+01
   6.5224210e+06   2.7893066e+01
   6.5225340e+06   3.1005859e+01
   6.5442400e+06   3.1921387e+01
   6.5443000e+06   3.0517578e+01
   6.5443780e+06   3.2531738e+01
   6.5444410e+06   2.4047852e+01
   6.5444800e+06   3.2104492e+01
   6.5635440e+06   3.6193848e+01
   6.5635910e+06   2.4475098e+01
   6.5636380e+06   2.7709961e+01
   6.5636950e+06   3.0273438e+01
   6.5638110e+06   2.6611328e+01
   6.5846910e+06   3.8024902e+01
   6.5847400e+06   3.5156250e+01
   6.5848140e+06   3.0334473e+01
   6.5849680e+06   2.4536133e+01
   6.5850300e+06   2.4047852e+01
   6.6068190e+06   2.5756836e+01
   6.6069880e+06   2.6977539e+01
   6.6070500e+06   2.9235840e+01
   6.6071170e+06   3.8574219e+01
   6.6072020e+06   3.0395508e+01
   6.6072930e+06   2.4658203e+01
   6.6277380e+06   4.5837402e+01
   6.6277860e+06   2.7343750e+01
   6.6278140e+06   2.7282715e+01
   6.6278360e+06   3.7170410e+01
   6.6279900e+06   2.3559570e+01
   6.6280050e+06   2.5207520e+01
   6.6282100e+06   2.3864746e+01
   6.6475320e+06   2.9663086e+01
   6.6475620e+06   2.3498535e+01
   6.6475950e+06   2.5085449e+01
   6.6476450e+06   2.6977539e+01
   6.6477180e+06   2.3437500e+01
   6.6477480e+06   2.5390625e+01
   6.6478030e+06   3.1433105e+01
   6.6479060e+06   3.2226563e+01
   6.6665430e+06   3.5095215e+01
   6.6666070e+06   3.3874512e+01
   6.6666600e+06   3.6254883e+01
   6.6667240e+06   3.3203125e+01
   6.6667690e+06   2.7465820e+01
   6.6669760e+06   2.3986816e+01
   6.6846330e+06   3.4912109e+01
   6.6846850e+06   3.3020020e+01
   6.6847440e+06   3.4240723e+01
   6.6847830e+06   2.4047852e+01
   6.6848040e+06   3.4362793e+01
   6.6849030e+06   2.3925781e+01
   6.7015510e+06   3.7963867e+01
   6.7015990e+06   2.7648926e+01
   6.7016480e+06   2.9663086e+01
   6.7017330e+06   3.0883789e+01
   6.7019010e+06   3.1555176e+01
   6.7019410e+06   2.6916504e+01
   6.7193410e+06   4.1259766e+01
   6.7193940e+06   2.9724121e+01
   6.7194760e+06   2.7099609e+01
   6.7196420e+06   2.8137207e+01
   6.7199880e+06   2.8625488e+01
   6.7406130e+06   3.7414551e+01
   6.7406590e+06   2.7893066e+01
   6.7406710e+06   3.2470703e+01
   6.7407480e+06   2.8381348e+01
   6.7407990e+06   2.7404785e+01
   6.7408350e+06   3.3874512e+01
   6.7408880e+06   3.2165527e+01
   6.7564910e+06   3.9550781e+01
   6.7565430e+06   2.7465820e+01
   6.7565930e+06   2.3376465e+01
   6.7566510e+06   2.9663086e+01
   6.7566800e+06   2.9785156e+01
   6.7567730e+06   2.4780273e+01
   6.7747130e+06   2.7587891e+01
   6.7747890e+06   4.0954590e+01
   6.7748580e+06   3.6376953e+01
   6.7748730e+06   2.6550293e+01
   6.7749110e+06   3.7109375e+01
   6.7749410e+06   2.7099609e+01
   6.7749820e+06   2.6550293e+01
   6.7750840e+06   2.5939941e+01
   6.7752620e+06   2.4841309e+01
   6.7922810e+06   2.5695801e+01
   6.7922930e+06   3.6987305e+01
   6.7923420e+06   4.2236328e+01
   6.7923550e+06   2.4291992e+01
   6.7923960e+06   2.8137207e+01
   6.7924490e+06   2.4536133e+01
   6.7924860e+06   3.3813477e+01
   6.7925240e+06   2.3681641e+01
   6.7925870e+06   3.1555176e+01
   6.7929900e+06   2.7160645e+01
   6.8095090e+06   2.5512695e+01
   6.8095300e+06   4.2480469e+01
   6.8095590e+06   2.5695801e+01
   6.8095770e+06   3.3630371e+01
   6.8096240e+06   3.2104492e+01
   6.8096830e+06   2.8259277e+01
   6.8097360e+06   2.5268555e+01
   6.8097610e+06   2.9296875e+01
   6.8267800e+06   3.5461426e+01
   6.8268310e+06   3.0883789e+01
   6.8268770e+06   3.1921387e+01
   6.8269260e+06   3.3447266e+01
   6.8269950e+06   2.3193359e+01
   6.8270610e+06   2.5573730e+01
   6.8270870e+06   2.5451660e+01
   6.8271080e+06   2.5695801e+01
   6.8408950e+06   3.7963867e+01
   6.8409160e+06   2.4353027e+01
   6.8409540e+06   2.7526855e+01
   6.8409840e+06   2.5451660e+01
   6.8410100e+06   3.8146973e+01
   6.8410470e+06   2.4414063e+01
   6.8410870e+06   2.5085449e+01
   6.8411550e+06   2.7770996e+01
   6.8411780e+06   3.3569336e+01
   6.8411930e+06   2.4841309e+01
   6.8413270e+06   2.5329590e+01
   6.8586840e+06   2.4536133e+01
   6.8586980e+06   3.1127930e+01
   6.8587410e+06   3.2592773e+01
   6.8587640e+06   2.4353027e+01
   6.8587950e+06   2.6733398e+01
   6.8588230e+06   2.3986816e+01
   6.8588430e+06   3.4545898e+01
   6.8589090e+06   2.7160645e+01
   6.8589280e+06   2.5512695e+01
   6.8589460e+06   2.5085449e+01
   6.8591030e+06   2.5146484e+01
   6.8760050e+06   2.9296875e+01
   6.8760350e+06   2.6123047e+01
   6.8760620e+06   3.3874512e+01
   6.8761120e+06   3.3569336e+01
   6.8761390e+06   2.8564453e+01
   6.8761680e+06   2.3742676e+01
   6.8762450e+06   2.8564453e+01
   6.8763120e+06   3.1921387e+01
   6.8763560e+06   2.4169922e+01
   6.8916670e+06   2.3498535e+01
   6.8916770e+06   3.6987305e+01
   6.8918080e+06   3.2897949e+01
   6.8918660e+06   2.5939941e+01
   6.8919250e+06   2.9541016e+01
   6.8919760e+06   2.5390625e+01
   6.8920050e+06   3.0395508e+01
   6.8921260e+06   3.1127930e+01
   6.8975300e+06   4.2785645e+01
   6.9086110e+06   5.2307129e+01
   6.9086580e+06   3.2775879e+01
   6.9087110e+06   3.1982422e+01
   6.9087600e+06   2.4291992e+01
   6.9088340e+06   3.2348633e+01
   6.9089100e+06   2.5146484e+01
   6.9089370e+06   2.5634766e+01
   6.9249010e+06   2.3559570e+01
   6.9249350e+06   4.1381836e+01
   6.9249630e+06   2.9602051e+01
   6.9249800e+06   2.4475098e+01
   6.9250310e+06   2.4902344e+01
   6.9250410e+06   2.7038574e+01
   6.9250930e+06   2.9174805e+01
   6.9251560e+06   3.6499023e+01
   6.9252810e+06   2.7954102e+01
   6.9416730e+06   4.0466309e+01
   6.9417270e+06   3.4973145e+01
   6.9417740e+06   3.2531738e+01
   6.9418430e+06   3.0212402e+01
   6.9418940e+06   2.3193359e+01
   6.9419340e+06   2.3315430e+01
   6.9420200e+06   2.9846191e+01
   6.9420920e+06   2.6794434e+01
   6.9567460e+06   3.3630371e+01
   6.9568120e+06   3.5461426e+01
   6.9568410e+06   2.4963379e+01
   6.9568650e+06   3.5095215e+01
   6.9568920e+06   2.5817871e+01
   6.9569440e+06   2.8198242e+01
   6.9570370e+06   2.8747559e+01
   6.9570470e+06   2.8808594e+01
   6.9571980e+06   2.3925781e+01
   6.9573020e+06   2.3498535e+01
   6.9736530e+06   3.9978027e+01
   6.9737000e+06   3.9001465e+01
   6.9737500e+06   3.0151367e+01
   6.9738170e+06   3.1677246e+01
   6.9738430e+06   2.8564453e+01
   6.9738820e+06   2.6184082e+01
   6.9875060e+06   3.9916992e+01
   6.9875680e+06   3.1799316e+01
   6.9876140e+06   2.3681641e+01
   6.9877050e+06   3.3203125e+01
   6.9877640e+06   2.6367188e+01
   6.9882540e+06   2.5817871e+01
   7.0046030e+06   4.2907715e+01
   7.0046690e+06   3.0029297e+01
   7.0047340e+06   2.6611328e+01
   7.0047990e+06   4.2541504e+01
   7.0048350e+06   2.3376465e+01
   7.0048680e+06   3.3264160e+01
   7.0049390e+06   3.1311035e+01
   7.0049760e+06   2.5634766e+01
   7.0051110e+06   3.1677246e+01
   7.0221570e+06   4.2602539e+01
   7.0222260e+06   2.5817871e+01
   7.0223010e+06   3.3142090e+01
   7.0223520e+06   2.5329590e+01
   7.0224440e+06   2.5817871e+01
   7.0225380e+06   2.3376465e+01
   7.0225810e+06   2.3803711e+01
   7.0395330e+06   3.9062500e+01
   7.0395590e+06   2.9113770e+01
   7.0395840e+06   2.6428223e+01
   7.0396380e+06   4.7363281e+01
   7.0396830e+06   2.3193359e+01
   7.0397010e+06   2.3315430e+01
   7.0397300e+06   2.3742676e+01
   7.0397720e+06   2.7282715e+01
   7.0397930e+06   2.3803711e+01
   7.0399350e+06   2.6428223e+01
   7.0529300e+06   4.3884277e+01
   7.0529750e+06   3.1005859e+01
   7.0530420e+06   2.7954102e+01
   7.0530830e+06   3.2592773e+01
   7.0531620e+06   3.4912109e+01
   7.0532700e+06   2.4963379e+01
   7.0534500e+06   3.0334473e+01
   7.0538430e+06   3.1982422e+01
   7.0539840e+06   3.1921387e+01
   7.0542010e+06   2.4108887e+01
   7.0543630e+06   2.3498535e+01
   7.0545850e+06   2.8259277e+01
   7.0769320e+06   3.0944824e+01
   7.0769800e+06   3.1921387e+01
   7.0770310e+06   2.5512695e+01
   7.0770870e+06   3.5278320e+01
   7.0771110e+06   2.4353027e+01
   7.0771450e+06   2.5878906e+01
   7.0771820e+06   3.5461426e+01
   7.0771970e+06   2.3803711e+01
   7.0774250e+06   2.6062012e+01
   7.0938070e+06   3.6804199e+01
   7.0938720e+06   2.6062012e+01
   7.0939390e+06   3.6560059e+01
   7.0940270e+06   3.4057617e+01
   7.0940890e+06   2.3803711e+01
   7.0941790e+06   2.8564453e+01
   7.0942660e+06   2.3559570e+01
   7.0942980e+06   2.3193359e+01
   7.1085690e+06   3.5644531e+01
   7.1087230e+06   3.2958984e+01
   7.1087970e+06   2.4719238e+01
   7.1088510e+06   2.7465820e+01
   7.1088950e+06   2.8198242e+01
   7.1089270e+06   2.5878906e+01
   7.1089930e+06   3.1311035e+01
   7.1091110e+06   2.9846191e+01
   7.1092390e+06   2.8381348e+01
   7.1226230e+06   3.6621094e+01
   7.1226470e+06   2.4353027e+01
   7.1227070e+06   2.8869629e+01
   7.1227820e+06   3.8208008e+01
   7.1228770e+06   2.5939941e+01
   7.1229710e+06   3.8879395e+01
   7.1230190e+06   2.6245117e+01
   7.1230330e+06   2.4230957e+01
   7.1230720e+06   3.3020020e+01
   7.1375130e+06   3.1799316e+01
   7.1375500e+06   2.8076172e+01
   7.1375990e+06   3.6743164e+01
   7.1376780e+06   3.5400391e+01
   7.1377520e+06   3.1982422e+01
   7.1378330e+06   2.5451660e+01
   7.1378600e+06   3.6010742e+01
   7.1379470e+06   3.0456543e+01
   7.1379890e+06   2.5024414e+01
   7.1380280e+06   2.5451660e+01
   7.1382110e+06   2.8930664e+01
   7.1585080e+06   3.2470703e+01
   7.1585580e+06   2.5207520e+01
   7.1585700e+06   3.1799316e+01
   7.1585860e+06   2.6000977e+01
   7.1586270e+06   3.2165527e+01
   7.1586910e+06   2.4230957e+01
   7.1587430e+06   2.8320313e+01
   7.1587700e+06   2.4353027e+01
   7.1587950e+06   3.2653809e+01
   7.1588560e+06   2.6000977e+01
   7.1589440e+06   2.4719238e+01
   7.1590650e+06   2.4291992e+01
   7.1592680e+06   2.7099609e+01
   7.1595170e+06   2.7954102e+01
   7.1596490e+06   2.9846191e+01
   7.1597730e+06   2.6123047e+01
   7.1599190e+06   2.4414062e+01
   7.1600420e+06   2.5695801e+01
   7.1819380e+06   2.5695801e+01
   7.1819670e+06   3.5400391e+01
   7.1819920e+06   2.7160645e+01
   7.1820150e+06   3.1066895e+01
   7.1820400e+06   2.5085449e+01
   7.1820650e+06   3.2531738e+01
   7.1821200e+06   3.0273438e+01
   7.1821630e+06   3.7658691e+01
   7.1821940e+06   2.4658203e+01
   7.1822320e+06   2.4597168e+01
   7.1823160e+06   2.7160645e+01
   7.1824120e+06   2.3315430e+01
   7.2016370e+06   2.4353027e+01
   7.2016640e+06   3.4301758e+01
   7.2017270e+06   2.3498535e+01
   7.2017430e+06   2.7954102e+01
   7.2017990e+06   3.0883789e+01
   7.2018310e+06   2.6184082e+01
   7.2018750e+06   2.8991699e+01
   7.2019420e+06   2.3925781e+01
   7.2019580e+06   2.7221680e+01
   7.2020100e+06   2.5756836e+01
   7.2021580e+06   2.3376465e+01
   7.2022700e+06   2.6611328e+01
   7.2026270e+06   2.8320312e+01
   7.2027430e+06   2.8381348e+01
   7.2029180e+06   2.5512695e+01
   7.2031590e+06   2.8808594e+01
   7.2032730e+06   2.4047852e+01
   7.2037760e+06   2.4780273e+01
   7.2250330e+06   4.2358398e+01
   7.2250850e+06   3.6560059e+01
   7.2251240e+06   3.6254883e+01
   7.2251420e+06   2.4169922e+01
   7.2252170e+06   2.4536133e+01
   7.2253100e+06   2.8808594e+01
   7.2253290e+06   2.5695801e+01
   7.2253890e+06   2.3193359e+01
   7.2254140e+06   2.4536133e+01
   7.2254910e+06   2.3376465e+01
   7.2255750e+06   2.5756836e+01
   7.2455740e+06   2.9602051e+01
   7.2456040e+06   2.8503418e+01
   7.2456630e+06   2.9968262e+01
   7.2457180e+06   2.7282715e+01
   7.2457810e+06   4.0893555e+01
   7.2458590e+06   4.2236328e+01
   7.2459620e+06   2.5451660e+01
   7.2461820e+06   2.7954102e+01
   7.2637600e+06   4.0283203e+01
   7.2638340e+06   3.8208008e+01
   7.2638470e+06   2.9296875e+01
   7.2639070e+06   2.5756836e+01
   7.2639550e+06   2.5817871e+01
   7.2640590e+06   2.7160645e+01
   7.2640750e+06   2.7526855e+01
   7.2641440e+06   3.4545898e+01
   7.2642650e+06   2.7343750e+01
   7.2644190e+06   2.6123047e+01
   7.2645430e+06   2.7160645e+01
   7.2646380e+06   2.5817871e+01
   7.2655810e+06   3.5339355e+01
   7.2657060e+06   2.6855469e+01
   7.2658770e+06   2.8137207e+01
   7.2660010e+06   2.9968262e+01
   7.2850150e+06   3.2592773e+01
   7.2851120e+06   2.5939941e+01
   7.2851360e+06   2.3254395e+01
   7.2851730e+06   2.7343750e+01
   7.2851840e+06   4.6936035e+01
   7.2852770e+06   3.6865234e+01
   7.2853180e+06   2.6367188e+01
   7.2854990e+06   2.5451660e+01
   7.2865230e+06   3.2714844e+01
   7.2871460e+06   3.7780762e+01
   7.3019160e+06   3.5583496e+01
   7.3052940e+06   3.2409668e+01
   7.3054260e+06   3.2226563e+01
   7.3054960e+06   2.5207520e+01
   7.3055380e+06   2.4963379e+01
   7.3056040e+06   3.2897949e+01
   7.3056220e+06   2.5817871e+01
   7.3056810e+06   2.9846191e+01
   7.3057230e+06   2.9235840e+01
   7.3058100e+06   3.2409668e+01
   7.3058220e+06   2.8137207e+01
   7.3060080e+06   2.7587891e+01
   7.3062180e+06   2.4169922e+01
   7.3262900e+06   2.5573730e+01
   7.3264210e+06   3.7109375e+01
   7.3264970e+06   3.4179688e+01
   7.3265760e+06   3.9855957e+01
   7.3265860e+06   2.4780273e+01
   7.3266550e+06   2.9052734e+01
   7.3267540e+06   3.7231445e+01
   7.3267940e+06   2.4230957e+01
   7.3268410e+06   2.4291992e+01
   7.3272580e+06   3.2714844e+01
   7.3451650e+06   2.3742676e+01
   7.3452550e+06   3.0639648e+01
   7.3453440e+06   2.7832031e+01
   7.3454240e+06   3.8635254e+01
   7.3455030e+06   4.2663574e+01
   7.3457130e+06   2.9357910e+01
   7.3460540e+06   2.3315430e+01
   7.3463220e+06   2.8198242e+01
   7.3629810e+06   2.3742676e+01
   7.3630010e+06   3.0578613e+01
   7.3630510e+06   2.6184082e+01
   7.3631730e+06   2.8320313e+01
   7.3631920e+06   2.4414063e+01
   7.3632400e+06   2.5756836e+01
   7.3633470e+06   2.4169922e+01
   7.3634560e+06   2.7709961e+01
   7.3635850e+06   2.7343750e+01
   7.3637380e+06   2.3559570e+01
   7.3639570e+06   3.1188965e+01
   7.3854080e+06   3.8391113e+01
   7.3855270e+06   2.8076172e+01
   7.3856090e+06   3.3020020e+01
   7.3856240e+06   3.4301758e+01
   7.3856830e+06   2.4536133e+01
   7.3857050e+06   3.3264160e+01
   7.3857620e+06   2.6611328e+01
   7.3857800e+06   2.4963379e+01
   7.3858200e+06   2.4658203e+01
   7.3858590e+06   2.5268555e+01
   7.3858940e+06   3.2775879e+01
   7.3859040e+06   2.6245117e+01
   7.3860120e+06   3.5522461e+01
   7.3870030e+06   2.8198242e+01
   7.3871410e+06   3.0090332e+01
   7.3872840e+06   2.3315430e+01
   7.3874250e+06   2.3315430e+01
   7.3876400e+06   2.5939941e+01
   7.4231640e+06   2.4597168e+01
   7.4232270e+06   4.0344238e+01
   7.4233010e+06   2.6184082e+01
   7.4233560e+06   2.3193359e+01
   7.4233900e+06   2.3254395e+01
   7.4234360e+06   2.3803711e+01
   7.4234480e+06   3.2653809e+01
   7.4234760e+06   3.0090332e+01
   7.4235440e+06   2.8503418e+01
   7.4235940e+06   2.5573730e+01
   7.4236460e+06   2.3681641e+01
   7.4238010e+06   3.4912109e+01
   7.4240470e+06   3.5278320e+01
   7.4249010e+06   2.6428223e+01
   7.4249830e+06   3.5034180e+01
   7.4250910e+06   2.5756836e+01
   7.4498740e+06   3.6499023e+01
   7.4499330e+06   2.7282715e+01
   7.4499540e+06   2.4108887e+01
   7.4499960e+06   2.3254395e+01
   7.4500310e+06   3.2165527e+01
   7.4501300e+06   3.2775879e+01
   7.4501610e+06   2.5207520e+01
   7.4502620e+06   2.5756836e+01
   7.4503640e+06   2.4353027e+01
   7.4505920e+06   2.3376465e+01
   7.4507740e+06   2.3681641e+01
   7.4512070e+06   2.9357910e+01
   7.4766070e+06   2.5695801e+01
   7.4767250e+06   3.3691406e+01
   7.4767900e+06   2.5451660e+01
   7.4768520e+06   2.5573730e+01
   7.4769230e+06   3.3081055e+01
   7.4770060e+06   2.3803711e+01
   7.4770970e+06   2.8503418e+01
   7.4772640e+06   2.5024414e+01
   7.4775090e+06   2.3681641e+01
   7.4775900e+06   2.3315430e+01
   7.4778450e+06   2.5390625e+01
   7.4887650e+06   3.5034180e+01
   7.4888200e+06   3.3508301e+01
   7.4888860e+06   2.7160645e+01
   7.4889620e+06   2.8625488e+01
   7.4889760e+06   2.9174805e+01
   7.4890050e+06   2.6550293e+01
   7.4890570e+06   3.1494141e+01
   7.4892530e+06   2.7770996e+01
   7.4893570e+06   2.5573730e+01
   7.4895370e+06   2.3254395e+01
   7.4896990e+06   2.9235840e+01
   7.4898800e+06   2.5512695e+01
   7.5208180e+06   2.7954102e+01
   7.5208800e+06   2.5634766e+01
   7.5209690e+06   4.4738770e+01
   7.5209850e+06   3.0944824e+01
   7.5210440e+06   4.0161133e+01
   7.5210570e+06   3.7841797e+01
   7.5211330e+06   3.0822754e+01
   7.5211960e+06   2.6306152e+01
   7.5212400e+06   3.3081055e+01
   7.5212520e+06   3.2165527e+01
   7.5213480e+06   2.7893066e+01
   7.5216220e+06   2.5512695e+01
   7.5219750e+06   2.6306152e+01
   7.5221020e+06   3.4545898e+01
   7.5222350e+06   2.3681641e+01
   7.5225330e+06   2.5085449e+01
   7.5227650e+06   2.9235840e+01
   7.5593260e+06   3.4912109e+01
   7.5593550e+06   2.6733398e+01
   7.5593960e+06   2.5085449e+01
   7.5595010e+06   2.3925781e+01
   7.5596100e+06   3.0761719e+01
   7.5597250e+06   3.2287598e+01
   7.5598560e+06   2.3498535e+01
   7.5599860e+06   3.1433105e+01
   7.5605290e+06   3.4790039e+01
   7.5612900e+06   2.6062012e+01
   7.5614930e+06   2.6977539e+01
   7.5910830e+06   2.6916504e+01
   7.5911450e+06   3.2531738e+01
   7.5912350e+06   2.6000977e+01
   7.5912920e+06   3.2165527e+01
   7.5914180e+06   2.8686523e+01
   7.5917560e+06   3.1494141e+01
   7.5917770e+06   2.3620605e+01
   7.5919050e+06   2.5085449e+01
   7.5920180e+06   2.4780273e+01
   7.5920840e+06   2.5939941e+01
   7.5923850e+06   2.7893066e+01
   7.5926720e+06   2.4047852e+01
   7.5929590e+06   3.4790039e+01
   7.5932280e+06   2.7221680e+01
   7.6224830e+06   3.8696289e+01
   7.6225670e+06   3.5583496e+01
   7.6226390e+06   3.1921387e+01
   7.6227100e+06   3.4667969e+01
   7.6227940e+06   3.0090332e+01
   7.6229260e+06   2.7526855e+01
   7.6232060e+06   2.4597168e+01
   7.6232400e+06   2.4169922e+01
   7.6234010e+06   2.4353027e+01
   7.6235030e+06   2.3864746e+01
   7.6236230e+06   2.6184082e+01
   7.6240320e+06   2.7160645e+01
   7.6240810e+06   2.4719238e+01
   7.6244590e+06   2.7038574e+01
   7.6500790e+06   2.3498535e+01
   7.6591960e+06   2.4353027e+01
   7.6592390e+06   2.9785156e+01
   7.6593140e+06   3.8574219e+01
   7.6593500e+06   2.4597168e+01
   7.6594370e+06   3.1433105e+01
   7.6594550e+06   2.4230957e+01
   7.6595240e+06   3.5156250e+01
   7.6595410e+06   2.4353027e+01
   7.6596200e+06   2.9113770e+01
   7.6596970e+06   2.6428223e+01
   7.6597090e+06   3.7780762e+01
   7.6598390e+06   3.1311035e+01
   7.6599850e+06   2.3986816e+01
   7.6604120e+06   2.7648926e+01
   7.6605360e+06   2.7770996e+01
   7.6606910e+06   2.4841309e+01
   7.6608300e+06   3.0761719e+01
   7.6613320e+06   3.6621094e+01
   7.6975750e+06   3.7780762e+01
   7.6976380e+06   3.9428711e+01
   7.6977000e+06   3.2958984e+01
   7.6977650e+06   3.1555176e+01
   7.6978800e+06   2.7954102e+01
   7.6979850e+06   2.3254395e+01
   7.6980540e+06   2.5268555e+01
   7.6981920e+06   2.5878906e+01
   7.6989770e+06   2.4841309e+01
   7.6991010e+06   2.3620605e+01
   7.6992270e+06   3.1127930e+01
   7.6994040e+06   2.3193359e+01
   7.6996310e+06   2.5756836e+01
   7.7360010e+06   2.4841309e+01
   7.7361570e+06   3.3630371e+01
   7.7362310e+06   3.4301758e+01
   7.7363090e+06   2.6916504e+01
   7.7364100e+06   2.4047852e+01
   7.7364460e+06   2.9296875e+01
   7.7366490e+06   2.4475098e+01
   7.7367630e+06   3.2409668e+01
   7.7369070e+06   2.9418945e+01
   7.7374080e+06   2.8747559e+01
   7.7379730e+06   2.5085449e+01
   7.7382960e+06   2.7465820e+01
   7.7679240e+06   3.4362793e+01
   7.7679960e+06   2.9357910e+01
   7.7680550e+06   2.3376465e+01
   7.7681490e+06   3.3813477e+01
   7.7682900e+06   2.5390625e+01
   7.7683030e+06   2.7038574e+01
   7.7686440e+06   2.6245117e+01
   7.7693240e+06   2.9663086e+01
   7.7695850e+06   2.3620605e+01
   7.7697880e+06   2.8381348e+01
   7.8086140e+06   3.3386230e+01
   7.8086710e+06   2.4658203e+01
   7.8087020e+06   3.1799316e+01
   7.8087720e+06   2.4353027e+01
   7.8088870e+06   2.4169922e+01
   7.8089400e+06   2.6306152e+01
   7.8090750e+06   3.1188965e+01
   7.8092960e+06   3.5400391e+01
   7.8095050e+06   2.6611328e+01
   7.8098360e+06   2.4597168e+01
   7.8100520e+06   2.6611328e+01
   7.8106690e+06   2.8320312e+01
   7.8108650e+06   2.8381348e+01
   7.8111040e+06   2.7343750e+01
   7.8644260e+06   2.6123047e+01
   7.8645240e+06   3.6560059e+01
   7.8645930e+06   3.4851074e+01
   7.8647190e+06   3.5827637e+01
   7.8647320e+06   2.5085449e+01
   7.8648510e+06   2.4047852e+01
   7.8650420e+06   3.1188965e+01
   7.8650600e+06   3.0700684e+01
   7.8652880e+06   3.1005859e+01
   7.8656220e+06   2.7587891e+01
   7.9030460e+06   3.3691406e+01
   7.9031270e+06   3.0334473e+01
   7.9032760e+06   3.4667969e+01
   7.9033990e+06   2.5817871e+01
   7.9036830e+06   2.4414063e+01
   7.9037420e+06   2.4414063e+01
   7.9037740e+06   2.6428223e+01
   7.9040280e+06   2.9907227e+01
   7.9041010e+06   2.4291992e+01
   7.9045340e+06   3.2165527e+01
   7.9048860e+06   2.8076172e+01
   7.9050350e+06   2.6611328e+01
   7.9612420e+06   3.2531738e+01
   7.9613740e+06   2.5085449e+01
   7.9614330e+06   3.5949707e+01
   7.9615050e+06   2.4475098e+01
   7.9617840e+06   2.6245117e+01
   7.9618900e+06   3.3142090e+01
   7.9622310e+06   3.7780762e+01
   7.9639930e+06   3.5095215e+01
   7.9641700e+06   2.3681641e+01
   8.0546110e+06   3.4545898e+01
   8.0546820e+06   3.7658691e+01
   8.0548560e+06   2.5024414e+01
   8.0550580e+06   2.4597168e+01
   8.0552130e+06   3.8818359e+01
   8.0553520e+06   3.2775879e+01
   8.0554480e+06   2.4963379e+01
   8.0555710e+06   4.2785645e+01
   8.0560720e+06   2.9846191e+01
   8.1092180e+06   3.1066895e+01
   8.1092700e+06   2.6306152e+01
   8.1093110e+06   3.4240723e+01
   8.1093930e+06   2.7832031e+01
   8.1094360e+06   2.9357910e+01
   8.1095790e+06   2.3498535e+01
   8.1096580e+06   3.3447266e+01
   8.1101710e+06   2.6733398e+01
   8.1102660e+06   2.7465820e+01
   8.1111250e+06   3.2836914e+01
   8.1112620e+06   2.9785156e+01
   8.1114020e+06   2.9174805e+01
   8.1797500e+06   3.5156250e+01
   8.1798530e+06   3.5644531e+01
   8.1799510e+06   3.3325195e+01
   8.1802170e+06   3.0883789e+01
   8.2035180e+06   4.0710449e+01
   8.2036170e+06   3.3325195e+01
   8.2036980e+06   2.6184082e+01
   8.2038040e+06   2.3681641e+01
   8.2053660e+06   3.3813477e+01
   8.2054600e+06   2.3498535e+01
   8.2057610e+06   3.0761719e+01
   8.2059380e+06   2.6855469e+01
   8.2063340e+06   3.2287598e+01
   8.2864690e+06   2.4169922e+01
   8.2864810e+06   3.9367676e+01
   8.2865550e+06   3.7170410e+01
   8.2874490e+06   3.5156250e+01
   8.2876060e+06   3.4606934e+01
   8.2884000e+06   3.3386230e+01
   8.2885190e+06   4.2785645e+01
   8.3319020e+06   2.3498535e+01
   8.3322090e+06   3.7048340e+01
   8.3323800e+06   3.4729004e+01
   8.3354330e+06   3.6376953e+01
   8.3355570e+06   3.0273438e+01
   8.3356440e+06   2.6794434e+01
   8.3356770e+06   2.3620605e+01
   8.3357430e+06   2.3742676e+01
   8.3753910e+06   4.0588379e+01
   8.3754320e+06   2.4658203e+01
   8.3754780e+06   3.0944824e+01
   8.3756230e+06   2.3803711e+01
   8.4125390e+06   3.4240723e+01
   8.4126440e+06   3.5095215e+01
   8.4132240e+06   2.4536133e+01
   8.4132960e+06   3.2897949e+01
   8.4401130e+06   2.4414063e+01
   8.4401800e+06   2.3437500e+01
   8.4403970e+06   3.7109375e+01
   8.4404290e+06   2.5817871e+01
   8.4404710e+06   4.6936035e+01
   8.4405420e+06   2.7648926e+01
   8.4405650e+06   2.9174805e+01
   8.4405840e+06   2.3986816e+01
   8.4413960e+06   4.0588379e+01
   8.4414180e+06   2.4047852e+01
   8.4414610e+06   3.9123535e+01
   8.4901880e+06   2.4230957e+01
   8.4905010e+06   3.3325195e+01
   8.4906540e+06   3.0944824e+01
   8.4908360e+06   2.3803711e+01
   8.5248490e+06   3.4606934e+01
   8.5249350e+06   3.3142090e+01
   8.5249690e+06   2.7282715e+01
   8.5263150e+06   3.7475586e+01
   8.5263990e+06   2.5817871e+01
   8.5264790e+06   2.7587891e+01
   8.5266360e+06   2.9479980e+01
   8.6312300e+06   3.0334473e+01
   8.6313160e+06   2.6489258e+01
   8.6313280e+06   3.2897949e+01
   8.6313720e+06   2.3803711e+01
   8.6313930e+06   2.5634766e+01
   8.6315880e+06   2.3986816e+01
   8.6317770e+06   2.3803711e+01
   8.6325490e+06   2.5207520e+01
   8.6326690e+06   2.3498535e+01
   8.6328540e+06   2.3803711e+01
   8.6328740e+06   2.5024414e+01
   8.6328860e+06   2.6916504e+01
   8.6329120e+06   2.6123047e+01
   8.6329440e+06   3.3569336e+01
   8.6329600e+06   2.8686523e+01
   8.6329890e+06   3.4973145e+01
   8.6330060e+06   3.7048340e+01
   8.6330350e+06   3.0761719e+01
   8.6330540e+06   2.3803711e+01
   8.6330640e+06   2.5512695e+01
   8.6330880e+06   3.0639648e+01
   8.6331340e+06   2.3254395e+01
   8.6331500e+06   3.2592773e+01
   8.6331950e+06   2.4291992e+01
   8.6332130e+06   2.5024414e+01
   8.6332330e+06   2.4230957e+01
   8.6332640e+06   4.1076660e+01
   8.6333550e+06   2.6000977e+01
   8.6334380e+06   2.4841309e+01
   8.6658300e+06   2.3925781e+01
   8.7768730e+06   2.9541016e+01
   8.7769570e+06   3.2531738e+01
   8.7770510e+06   3.1433105e+01
   8.7771570e+06   3.3081055e+01
   8.7781900e+06   2.7709961e+01
   8.7782190e+06   2.4902344e+01
   8.7782880e+06   3.1921387e+01
   8.7784150e+06   2.3559570e+01
   8.8799360e+06   3.2836914e+01
   8.8800200e+06   2.8625488e+01
   8.8811330e+06   2.6855469e+01
   8.8811910e+06   3.4057617e+01
   8.9061240e+06   3.2226563e+01
   8.9062050e+06   3.4545898e+01
   8.9062910e+06   2.9602051e+01
   8.9064040e+06   2.7038574e+01
   8.9072020e+06   3.2043457e+01
   8.9072660e+06   2.6672363e+01
   8.9515370e+06   2.4047852e+01
   8.9517100e+06   2.7343750e+01
   8.9518230e+06   3.6315918e+01
   8.9518890e+06   2.4597168e+01
   8.9684380e+06   2.5756836e+01
   8.9684940e+06   2.7709961e+01
   8.9686060e+06   2.9602051e+01
   8.9687140e+06   3.3325195e+01
   8.9687650e+06   2.9052734e+01
   8.9687800e+06   3.2226563e+01
   8.9688070e+06   2.7221680e+01
   9.0332480e+06   2.7099609e+01
   9.0333640e+06   2.7221680e+01
   9.0334720e+06   3.1799316e+01
   9.0334840e+06   2.4841309e+01
   9.0335410e+06   3.1555176e+01
   9.0335790e+06   3.2592773e+01
   9.0336680e+06   2.3010254e+01
   9.0347360e+06   3.0029297e+01
   9.0347880e+06   3.0151367e+01
   9.0348150e+06   2.7893066e+01
   9.0348630e+06   2.5451660e+01
   9.0348920e+06   3.4729004e+01
   9.0350610e+06   3.7841797e+01
   9.0548890e+06   2.7099609e+01
   9.0549180e+06   2.3132324e+01
   9.0549980e+06   3.1860352e+01
   9.0551310e+06   3.1616211e+01
   9.0551780e+06   3.0395508e+01
   9.0552040e+06   3.2775879e+01
   9.0552220e+06   3.1372070e+01
   9.0552490e+06   4.4189453e+01
   9.0552680e+06   4.9316406e+01
   9.0552790e+06   3.5034180e+01
   9.0553120e+06   4.1198730e+01
   9.0553570e+06   3.4118652e+01
   9.0553900e+06   2.5634766e+01
   9.0554260e+06   3.5095215e+01
   9.0554430e+06   2.7832031e+01
   9.0554810e+06   3.4790039e+01
   9.0555180e+06   2.3620605e+01
   9.0555440e+06   2.2949219e+01
   9.0555920e+06   2.6550293e+01
   9.0556230e+06   2.3132324e+01
   9.0557150e+06   2.3376465e+01
   9.0558710e+06   2.9052734e+01
   9.2246830e+06   3.2409668e+01
   9.2247540e+06   3.4790039e+01
   9.2248160e+06   2.3681641e+01
   9.2249120e+06   2.5817871e+01
   9.2249580e+06   3.0517578e+01
   9.2250280e+06   2.3071289e+01
   9.2259140e+06   3.1616211e+01
   9.2259570e+06   2.3193359e+01
   9.2259690e+06   2.5146484e+01
   9.2259980e+06   2.2949219e+01
   9.2260240e+06   2.6123047e+01
   9.2260430e+06   3.5827637e+01
   9.2261080e+06   2.8930664e+01
   9.3900200e+06   3.3813477e+01
   9.3900790e+06   2.3315430e+01
   9.3901150e+06   3.1921387e+01
   9.3902020e+06   2.3071289e+01
   9.3902590e+06   2.6367188e+01
   9.3906750e+06   2.4475098e+01
   9.3908620e+06   2.4047852e+01
   9.3910040e+06   2.6428223e+01
   9.3911650e+06   2.3620605e+01
   9.3912390e+06   2.8381348e+01
   9.3912580e+06   3.3935547e+01
   9.3912980e+06   2.6733398e+01
   9.3913670e+06   2.8686523e+01
   9.3914320e+06   2.5512695e+01
   9.3914460e+06   3.6682129e+01
   9.3914820e+06   2.3376465e+01
   9.3914970e+06   2.7221680e+01
   9.3915190e+06   2.4230957e+01
   9.3915320e+06   2.3925781e+01
   9.3915440e+06   3.3813477e+01
   9.3915800e+06   2.9968262e+01
   9.3916000e+06   3.3630371e+01
   9.3916660e+06   2.9418945e+01
   9.3917170e+06   2.4597168e+01
   9.3917420e+06   2.6916504e+01
   9.3917940e+06   2.3803711e+01
   9.3918130e+06   5.0170898e+01
   9.3919450e+06   2.7465820e+01
   9.5250380e+06   2.4414063e+01
   9.5251280e+06   3.5766602e+01
   9.5251900e+06   3.2226563e+01
   9.5252670e+06   3.7292480e+01
   9.5253060e+06   2.5085449e+01
   9.5253380e+06   2.3864746e+01
   9.5253860e+06   2.5573730e+01
   9.5254270e+06   2.9113770e+01
   9.5254500e+06   2.4230957e+01
   9.5263420e+06   2.4414063e+01
   9.5447390e+06   3.2653809e+01
   9.5449180e+06   3.4301758e+01
   9.5449800e+06   2.8747559e+01
   9.5450140e+06   2.6916504e+01
   9.5450630e+06   3.1555176e+01
   9.5451830e+06   2.7282715e+01
   9.5455440e+06   2.2888184e+01
   9.6531870e+06   2.3498535e+01
   9.6533510e+06   2.2949219e+01
   9.6536010e+06   2.7648926e+01
   9.6538270e+06   2.4536133e+01
   9.6540580e+06   2.6062012e+01
   9.6540920e+06   2.3376465e+01
   9.6541220e+06   2.5024414e+01
   9.6541900e+06   3.4179688e+01
   9.6542000e+06   2.7221680e+01
   9.6542310e+06   2.8015137e+01
   9.6542690e+06   3.3996582e+01
   9.6542800e+06   3.8085938e+01
   9.6543140e+06   2.7526855e+01
   9.6543380e+06   2.4597168e+01
   9.6543700e+06   3.6804199e+01
   9.6544010e+06   2.4108887e+01
   9.6544150e+06   2.8503418e+01
   9.6544340e+06   3.3874512e+01
   9.6544750e+06   2.9968262e+01
   9.6545070e+06   2.6123047e+01
   9.6545310e+06   2.3254395e+01
   9.6545590e+06   3.5644531e+01
   9.6545710e+06   3.4423828e+01
   9.6546200e+06   2.7282715e+01
   9.6546450e+06   2.4047852e+01
   9.6547220e+06   2.6428223e+01
   9.6548050e+06   2.6550293e+01
   9.7314920e+06   4.1687012e+01
   9.7323520e+06   2.5024414e+01
   9.7323820e+06   4.0100098e+01
   9.7324340e+06   3.5156250e+01
   9.7324500e+06   2.5512695e+01
   9.7325260e+06   3.0456543e+01
   9.7325520e+06   2.6977539e+01
   9.7325620e+06   3.3447266e+01
   9.7325940e+06   2.2949219e+01
   9.7326060e+06   3.3447266e+01
   9.7326600e+06   3.1188965e+01
   9.7327670e+06   2.3986816e+01
   9.7328810e+06   3.7475586e+01
   9.7329220e+06   2.9785156e+01
   9.7329820e+06   3.0578613e+01
   9.7330930e+06   2.3376465e+01
   9.8187920e+06   3.2287598e+01
   9.8188590e+06   2.5939941e+01
   9.8189490e+06   4.0222168e+01
   9.8190050e+06   2.8076172e+01
   9.8190940e+06   2.6611328e+01
   9.8191190e+06   2.6306152e+01
   9.8191940e+06   2.5207520e+01
   9.8192060e+06   3.1250000e+01
   9.8811170e+06   2.7099609e+01
   9.8811410e+06   3.7475586e+01
   9.8811860e+06   2.3925781e+01
   9.8812000e+06   2.8320313e+01
   9.8812560e+06   2.8137207e+01
   9.8812680e+06   2.5085449e+01
   9.8813360e+06   2.4475098e+01
   9.8814240e+06   2.4536133e+01
   9.8814580e+06   2.7343750e+01
   9.8815990e+06   2.8442383e+01
   9.8826700e+06   3.4301758e+01
   9.8827270e+06   2.9785156e+01
   9.8827970e+06   4.1503906e+01
   9.8828810e+06   2.8137207e+01
   9.8829650e+06   2.8137207e+01
   9.8829820e+06   2.2888184e+01
   9.8830370e+06   2.5573730e+01
   9.9055780e+06   2.4719238e+01
   9.9055890e+06   2.3925781e+01
   9.9057120e+06   3.2836914e+01
   9.9057620e+06   2.6550293e+01
   9.9058680e+06   2.8076172e+01
   9.9058860e+06   2.4719238e+01
   9.9059200e+06   2.3132324e+01
   9.9059590e+06   2.4047852e+01
   9.9059960e+06   2.6855469e+01
   9.9060260e+06   3.2287598e+01
   9.9061640e+06   3.0395508e+01
   9.9273910e+06   3.8085938e+01
   9.9274930e+06   2.9846191e+01
   9.9275720e+06   3.6865234e+01
   9.9276270e+06   3.6987305e+01
   9.9277320e+06   2.5512695e+01
   9.9278200e+06   2.3803711e+01
   9.9278550e+06   2.9541016e+01
   9.9278670e+06   2.5268555e+01
   9.9279520e+06   2.3193359e+01
   9.9770530e+06   2.3864746e+01
   9.9777680e+06   3.3996582e+01
   9.9778320e+06   2.9968262e+01
   9.9779110e+06   2.4780273e+01
   9.9779310e+06   2.6245117e+01
   9.9779770e+06   2.3376465e+01
   9.9780490e+06   2.4536133e+01
   9.9780650e+06   2.4047852e+01
   9.9781890e+06   2.4536133e+01
   9.9782440e+06   2.3620605e+01
   9.9784250e+06   3.7902832e+01
   9.9788380e+06   2.9846191e+01
   9.9789250e+06   3.0090332e+01
   9.9790160e+06   3.2470703e+01
   1.0034266e+07   2.4047852e+01
   1.0034301e+07   3.3996582e+01
   1.0034367e+07   2.3071289e+01
   1.0034503e+07   2.4597168e+01
   1.0034560e+07   3.6254883e+01
   1.0034606e+07   2.4169922e+01
   1.0034666e+07   2.3925781e+01
   1.0034703e+07   2.9296875e+01
   1.0034813e+07   2.3864746e+01
   1.0035300e+07   3.3325195e+01
   1.0035356e+07   2.8381348e+01
   1.0035419e+07   4.0527344e+01
   1.0035538e+07   2.9602051e+01
   1.0088044e+07   2.3132324e+01
   1.0088188e+07   2.4230957e+01
   1.0088251e+07   3.5522461e+01
   1.0088314e+07   2.5573730e+01
   1.0088338e+07   3.1066895e+01
   1.0088437e+07   2.9541016e+01
   1.0088471e+07   2.4780273e+01
   1.0089249e+07   2.6794434e+01
   1.0089292e+07   2.6123047e+01
   1.0089305e+07   2.7526855e+01
   1.0089360e+07   2.4658203e+01
   1.0089400e+07   3.1738281e+01
   1.0089548e+07   2.7099609e+01
   1.0150776e+07   2.8808594e+01
   1.0150869e+07   2.5756836e+01
   1.0150946e+07   2.9174805e+01
   1.0150990e+07   2.6428223e+01
   1.0151060e+07   2.6611328e+01
   1.0151103e+07   2.4353027e+01
   1.0151231e+07   3.1372070e+01
   1.0151577e+07   2.8991699e+01
   1.0151743e+07   2.7832031e+01
   1.0151886e+07   2.3498535e+01
   1.0151979e+07   2.3071289e+01
   1.0215428e+07   2.7770996e+01
   1.0215515e+07   3.1738281e+01
   1.0215604e+07   4.2175293e+01
   1.0215676e+07   3.2043457e+01
   1.0215740e+07   2.3864746e+01
   1.0215822e+07   2.6123047e+01
   1.0215852e+07   2.6550293e+01
   1.0216391e+07   2.3010254e+01
   1.0216403e+07   3.1555176e+01
   1.0216556e+07   3.0090332e+01
   1.0216680e+07   2.4108887e+01
   1.0290749e+07   2.2888184e+01
   1.0290819e+07   2.8259277e+01
   1.0290847e+07   2.5329590e+01
   1.0290896e+07   2.4963379e+01
   1.0290993e+07   2.6428223e+01
   1.0291079e+07   2.6184082e+01
   1.0291126e+07   2.4963379e+01
   1.0291475e+07   3.6193848e+01
   1.0291728e+07   2.6062012e+01
   1.0291827e+07   2.5146484e+01
   1.0291859e+07   2.6184082e+01
   1.0291994e+07   3.2531738e+01
   1.0292098e+07   2.7648926e+01
   1.0387844e+07   3.8818359e+01
   1.0387897e+07   2.4719238e+01
   1.0387986e+07   3.0700684e+01
   1.0388013e+07   2.3132324e+01
   1.0388061e+07   2.3437500e+01
   1.0388084e+07   2.7709961e+01
   1.0388231e+07   2.8259277e+01
   1.0388333e+07   2.3559570e+01
   1.0388618e+07   2.6550293e+01
   1.0388720e+07   2.3071289e+01
   1.0389153e+07   2.6062012e+01
   1.0479716e+07   3.6682129e+01
   1.0479749e+07   2.4047852e+01
   1.0479776e+07   4.1259766e+01
   1.0479843e+07   2.9907227e+01
   1.0479924e+07   3.4851074e+01
   1.0479940e+07   2.4353027e+01
   1.0480082e+07   2.3315430e+01
   1.0480105e+07   3.6743164e+01
   1.0480549e+07   3.6193848e+01
   1.0480646e+07   2.6367188e+01
   1.0480703e+07   2.3315430e+01
   1.0481020e+07   2.3803711e+01
   1.0481283e+07   2.7648926e+01
   1.0488445e+07   2.3254395e+01
   1.0556714e+07   2.7221680e+01
   1.0556787e+07   3.3691406e+01
   1.0556833e+07   2.8991699e+01
   1.0556854e+07   2.6184082e+01
   1.0556938e+07   3.7963867e+01
   1.0557105e+07   3.1677246e+01
   1.0557396e+07   2.7954102e+01
   1.0557412e+07   2.8625488e+01
   1.0557457e+07   2.8686523e+01
   1.0557476e+07   2.7587891e+01
   1.0557551e+07   2.6489258e+01
   1.0557786e+07   3.2409668e+01
   1.0558046e+07   2.4780273e+01
   1.0668358e+07   3.3325195e+01
   1.0668429e+07   2.8625488e+01
   1.0668497e+07   3.8269043e+01
   1.0668572e+07   2.3498535e+01
   1.0668628e+07   2.3437500e+01
   1.0668688e+07   2.7160645e+01
   1.0668754e+07   2.4536133e+01
   1.0669011e+07   2.9235840e+01
   1.0669150e+07   2.5695801e+01
   1.0669258e+07   2.4963379e+01
   1.0669376e+07   3.0090332e+01
   1.0669833e+07   2.5207520e+01
   1.0670009e+07   2.5085449e+01
   1.1052968e+07   2.6794434e+01
   1.1053051e+07   2.6428223e+01
   1.1053068e+07   4.5532227e+01
   1.1053140e+07   2.8869629e+01
   1.1053153e+07   3.9550781e+01
   1.1053231e+07   2.3132324e+01
   1.1053354e+07   2.6123047e+01
   1.1053393e+07   2.4475098e+01
   1.1054145e+07   3.5705566e+01
   1.1054212e+07   3.5888672e+01
   1.1054303e+07   2.5573730e+01
   1.1054359e+07   2.4841309e+01
   1.1054390e+07   2.3498535e+01
   1.1185339e+07   3.1127930e+01
   1.1185399e+07   2.8625488e+01
   1.1185476e+07   2.3010254e+01
   1.1185508e+07   2.6367188e+01
   1.1185574e+07   2.4780273e+01
   1.1185618e+07   3.1799316e+01
   1.1185656e+07   2.8869629e+01
   1.1185718e+07   3.1494141e+01
   1.1185732e+07   2.3498535e+01
   1.1185874e+07   2.3376465e+01
   1.1186415e+07   2.2949219e+01
   1.1294040e+07   2.7221680e+01
   1.1294170e+07   2.8625488e+01
   1.1294237e+07   3.4362793e+01
   1.1294298e+07   3.2043457e+01
   1.1294363e+07   2.8442383e+01
   1.1294385e+07   2.5878906e+01
   1.1294452e+07   2.9357910e+01
   1.1294650e+07   2.7526855e+01
   1.1294782e+07   2.6672363e+01
   1.1394860e+07   2.5695801e+01
   1.1395003e+07   2.2888184e+01
   1.1395782e+07   3.6010742e+01
   1.1395828e+07   2.6855469e+01
   1.1395852e+07   3.7414551e+01
   1.1395888e+07   2.4169922e+01
   1.1395913e+07   3.5339355e+01
   1.1395939e+07   2.3193359e+01
   1.1395991e+07   3.2409668e+01
   1.1396009e+07   2.3681641e+01
   1.1396072e+07   2.4597168e+01
   1.1396212e+07   2.5451660e+01
   1.1396359e+07   2.5573730e+01
   1.1667343e+07   2.7282715e+01
   1.1667417e+07   2.8869629e+01
   1.1667477e+07   2.4414063e+01
   1.1667540e+07   2.5512695e+01
   1.1667597e+07   2.2949219e+01
   1.1667624e+07   2.3681641e+01
   1.1667726e+07   2.6550293e+01
   1.1667823e+07   2.3925781e+01
   1.1758481e+07   2.4169922e+01
   1.1758541e+07   2.6245117e+01
   1.1758603e+07   2.8747559e+01
   1.1758675e+07   2.8259277e+01
   1.1758741e+07   2.8930664e+01
   1.1758758e+07   2.3498535e+01
   1.1758826e+07   2.3742676e+01
   1.1758868e+07   2.5573730e+01
   1.1758895e+07   2.7221680e+01
   1.1758944e+07   2.4475098e+01
   1.1758966e+07   3.0578613e+01
   1.1759069e+07   3.2104492e+01
   1.1779580e+07   2.8747559e+01
   1.1779672e+07   2.8015137e+01
   1.1779740e+07   3.1127930e+01
   1.1779823e+07   3.1799316e+01
   1.1779841e+07   2.4230957e+01
   1.1779903e+07   2.5634766e+01
   1.1779951e+07   2.4719238e+01
   1.1779974e+07   2.5756836e+01
   1.1779992e+07   2.5817871e+01
   1.1780077e+07   2.5634766e+01
   1.1780089e+07   3.0029297e+01
   1.1780182e+07   2.9052734e+01
   1.1780192e+07   3.5949707e+01
   1.1780356e+07   2.5878906e+01
   1.1857057e+07   2.9418945e+01
   1.1857120e+07   2.3803711e+01
   1.1857131e+07   2.9174805e+01
   1.1857192e+07   3.2287598e+01
   1.1857270e+07   3.1799316e+01
   1.1857330e+07   2.5939941e+01
   1.1857401e+07   2.3193359e+01
   1.1857476e+07   2.6733398e+01
   1.1857544e+07   2.5329590e+01
   1.1857772e+07   2.4841309e+01
   1.1914148e+07   2.9113770e+01
   1.1914219e+07   2.6916504e+01
   1.1914284e+07   3.6071777e+01
   1.1914409e+07   2.7038574e+01
   1.1914479e+07   3.8635254e+01
   1.1914532e+07   2.5817871e+01
   1.1914569e+07   2.3742676e+01
   1.1914658e+07   2.3315430e+01
   1.1914795e+07   2.9663086e+01
   1.1962498e+07   2.3193359e+01
   1.1962532e+07   3.0456543e+01
   1.1962626e+07   2.8625488e+01
   1.1962686e+07   2.5634766e+01
   1.1962713e+07   2.4719238e+01
   1.1962745e+07   2.7099609e+01
   1.1962789e+07   2.3559570e+01
   1.1962817e+07   2.8686523e+01
   1.1962853e+07   2.4658203e+01
   1.1962919e+07   3.0029297e+01
   1.1962937e+07   2.4902344e+01
   1.1963091e+07   2.3681641e+01
   1.1963129e+07   2.6733398e+01
   1.1963529e+07   2.3986816e+01
   1.1963555e+07   2.7709961e+01
   1.1963623e+07   2.5146484e+01
   1.1963823e+07   2.8930664e+01
   1.1964097e+07   2.3010254e+01
   1.1964192e+07   2.5207520e+01
   1.1964419e+07   2.4902344e+01
   1.1964572e+07   2.4841309e+01
   1.1964748e+07   2.3010254e+01
