   1.1999000e+07   0.0000000e+00
   5.0482300e+05   1.0620117e+01
   8.3092200e+05   1.1474609e+01
   1.1474660e+06   1.0314941e+01
   1.1600480e+06   1.0864258e+01
   1.3969320e+06   1.0437012e+01
   2.0005890e+06   1.0253906e+01
   2.3869640e+06   1.0314941e+01
   2.6427660e+06   1.0253906e+01
   2.9969880e+06   1.0314941e+01
   3.1850010e+06   1.0498047e+01
   3.2103410e+06   1.0864258e+01
   3.3824790e+06   1.0681152e+01
   3.6734060e+06   1.1352539e+01
   4.9633810e+06   1.0498047e+01
   5.0801490e+06   1.0620117e+01
   5.1826850e+06   1.1352539e+01
   5.4977820e+06   1.0681152e+01
   6.1913150e+06   1.0559082e+01
   6.4497780e+06   1.0681152e+01
   7.0058740e+06   1.0864258e+01
   8.2504750e+06   1.1047363e+01
   8.5917920e+06   1.0620117e+01
   9.3609380e+06   1.0681152e+01
   9.7431700e+06   1.0498047e+01
   1.0933984e+07   1.0559082e+01
   1.0947218e+07   1.0681152e+01
   1.1494663e+07   1.0498047e+01
