   1.1999000e+07   0.0000000e+00
   2.9961000e+04   2.3498535e+01
   5.5000000e+04   2.1179199e+01
   5.5083000e+04   2.7526855e+01
   5.5127000e+04   2.3559570e+01
   5.5186000e+04   2.3254395e+01
   1.0925800e+05   2.0446777e+01
   1.8209900e+05   2.6672363e+01
   2.1082700e+05   2.2888184e+01
   2.3459300e+05   2.0629883e+01
   2.8247100e+05   2.3620605e+01
   2.8337100e+05   2.3559570e+01
   3.1225700e+05   2.4169922e+01
   3.1228700e+05   2.2399902e+01
   3.1231300e+05   2.2644043e+01
   3.1234000e+05   2.1911621e+01
   3.1244100e+05   2.5146484e+01
   3.6493500e+05   2.0751953e+01
   4.0166500e+05   2.1484375e+01
   5.1385300e+05   2.0263672e+01
   5.4163800e+05   2.8381348e+01
   6.1205400e+05   2.0568848e+01
   6.1277300e+05   2.1301270e+01
   6.4442600e+05   2.3498535e+01
   6.6912000e+05   2.0629883e+01
   7.1965200e+05   2.3620605e+01
   7.8200900e+05   2.2827148e+01
   7.8267900e+05   2.0507813e+01
   8.2419800e+05   2.0507813e+01
   8.2434900e+05   2.2155762e+01
   8.2531100e+05   2.0385742e+01
   8.7219500e+05   2.4902344e+01
   9.3484900e+05   2.1423340e+01
   9.6163700e+05   2.0629883e+01
   9.6202800e+05   2.4047852e+01
   9.6211700e+05   2.8381348e+01
   9.6215000e+05   2.0202637e+01
   9.6218100e+05   2.0507813e+01
   9.6222300e+05   2.0446777e+01
   9.9821100e+05   2.2766113e+01
   9.9833600e+05   2.0080566e+01
   9.9936800e+05   2.4108887e+01
   9.9973600e+05   2.4536133e+01
   1.0575160e+06   2.6000977e+01
   1.0582640e+06   2.2521973e+01
   1.0589340e+06   2.1728516e+01
   1.1083920e+06   2.4536133e+01
   1.1084170e+06   2.5390625e+01
   1.1084420e+06   2.1240234e+01
   1.1084660e+06   3.1372070e+01
   1.1084930e+06   2.2155762e+01
   1.3073630e+06   2.1240234e+01
   1.3078690e+06   2.0324707e+01
   1.3460250e+06   2.4719238e+01
   1.3818830e+06   2.0019531e+01
   1.3826410e+06   2.0629883e+01
   1.3832550e+06   2.0507813e+01
   1.5138880e+06   2.5451660e+01
   1.5791940e+06   2.2705078e+01
   1.5792790e+06   2.4047852e+01
   1.6247730e+06   2.5085449e+01
   1.6248030e+06   2.0507813e+01
   1.6248560e+06   2.0263672e+01
   1.6249440e+06   2.0202637e+01
   1.6386460e+06   2.5756836e+01
   1.6389240e+06   2.4169922e+01
   1.6391900e+06   2.3254395e+01
   1.6394160e+06   2.1179199e+01
   1.6904550e+06   2.0141602e+01
   1.7916130e+06   2.2094727e+01
   1.8435600e+06   2.0202637e+01
   1.8739820e+06   2.2949219e+01
   1.8740410e+06   2.4475098e+01
   1.9778390e+06   2.2949219e+01
   1.9784750e+06   2.0996094e+01
   2.1926640e+06   2.2033691e+01
   2.3966820e+06   2.6977539e+01
   2.4033180e+06   2.4902344e+01
   2.4033440e+06   2.0019531e+01
   2.4033680e+06   2.0874023e+01
   2.4033940e+06   2.4291992e+01
   2.4034210e+06   2.3925781e+01
   2.4034550e+06   2.1545410e+01
   2.5730920e+06   2.3376465e+01
   2.6277650e+06   2.4963379e+01
   2.6282030e+06   2.4047852e+01
   2.6282470e+06   2.7648926e+01
   2.6282790e+06   2.8869629e+01
   2.6283110e+06   2.3376465e+01
   2.6283480e+06   2.4597168e+01
   2.6284070e+06   3.0578613e+01
   2.6730060e+06   2.1789551e+01
   2.6730330e+06   2.3681641e+01
   2.6730570e+06   2.5939941e+01
   2.6731060e+06   2.2399902e+01
   2.6732320e+06   2.3071289e+01
   2.6732970e+06   2.1179199e+01
   2.6735100e+06   2.0629883e+01
   2.7365690e+06   2.3193359e+01
   2.7367050e+06   2.5024414e+01
   2.8375840e+06   2.3010254e+01
   2.8376250e+06   2.2155762e+01
   2.8376510e+06   2.7526855e+01
   2.8376800e+06   2.0080566e+01
   2.8377120e+06   2.6000977e+01
   2.8897710e+06   2.7648926e+01
   2.8898510e+06   2.5939941e+01
   2.8899430e+06   2.2583008e+01
   2.8899860e+06   2.7832031e+01
   2.9390450e+06   2.2888184e+01
   2.9392780e+06   2.1240234e+01
   2.9393190e+06   2.1545410e+01
   2.9393630e+06   2.7526855e+01
   3.0022090e+06   2.0202637e+01
   3.0022570e+06   2.1423340e+01
   3.0023130e+06   2.0629883e+01
   3.0023650e+06   2.0935059e+01
   3.0024220e+06   2.3010254e+01
   3.0829850e+06   2.7038574e+01
   3.0830760e+06   2.8991699e+01
   3.1323570e+06   2.3132324e+01
   3.1450630e+06   2.0690918e+01
   3.1946490e+06   2.4597168e+01
   3.2332730e+06   2.0507813e+01
   3.2333500e+06   2.3010254e+01
   3.3010250e+06   2.9663086e+01
   3.3010480e+06   2.1057129e+01
   3.3010740e+06   2.1972656e+01
   3.3012140e+06   2.6245117e+01
   3.3013050e+06   2.5329590e+01
   3.4159240e+06   2.5451660e+01
   3.5802540e+06   2.1057129e+01
   3.6177950e+06   2.1789551e+01
   3.6183230e+06   2.1179199e+01
   3.6865620e+06   2.3437500e+01
   3.7223940e+06   2.6733398e+01
   3.7322610e+06   2.1728516e+01
   3.7322900e+06   2.3132324e+01
   3.7323140e+06   2.5817871e+01
   3.7323400e+06   2.0019531e+01
   3.7323680e+06   2.0812988e+01
   3.7323980e+06   2.0935059e+01
   3.8359020e+06   2.0446777e+01
   3.8367930e+06   2.0507813e+01
   3.8917880e+06   2.0263672e+01
   3.8925060e+06   2.4536133e+01
   3.9910730e+06   2.3132324e+01
   4.1728430e+06   2.3742676e+01
   4.2783110e+06   2.0263672e+01
   4.3184670e+06   2.1484375e+01
   4.3184980e+06   2.3132324e+01
   4.3185230e+06   2.0568848e+01
   4.3185480e+06   2.6794434e+01
   4.3185790e+06   2.3376465e+01
   4.3186290e+06   2.7587891e+01
   4.3188940e+06   2.2766113e+01
   4.4485570e+06   2.1179199e+01
   4.4486030e+06   2.0019531e+01
   4.4486830e+06   2.2888184e+01
   4.4487320e+06   2.0141602e+01
   4.5061650e+06   2.1911621e+01
   4.5061990e+06   2.7404785e+01
   4.5062250e+06   2.3803711e+01
   4.5062530e+06   2.3681641e+01
   4.5062820e+06   2.3376465e+01
   4.5063110e+06   2.0568848e+01
   4.6064850e+06   3.0029297e+01
   4.6065500e+06   2.4291992e+01
   4.6066160e+06   2.4353027e+01
   4.6603400e+06   2.5329590e+01
   4.7298520e+06   2.5207520e+01
   4.7927740e+06   2.1057129e+01
   4.7928990e+06   2.5756836e+01
   4.7929840e+06   2.7404785e+01
   4.8597530e+06   2.4230957e+01
   4.9325200e+06   2.8808594e+01
   4.9766730e+06   2.4658203e+01
   5.0083990e+06   2.0202637e+01
   5.0417780e+06   2.3620605e+01
   5.0418270e+06   2.3803711e+01
   5.0418530e+06   2.6062012e+01
   5.0418850e+06   2.3254395e+01
   5.0419550e+06   2.5207520e+01
   5.1257920e+06   2.0935059e+01
   5.1491510e+06   2.4169922e+01
   5.1496380e+06   2.1179199e+01
   5.1795290e+06   2.3986816e+01
   5.1799360e+06   2.0202637e+01
   5.1921520e+06   2.1057129e+01
   5.2935890e+06   2.2216797e+01
   5.2936740e+06   2.1118164e+01
   5.2942930e+06   2.0507813e+01
   5.3717440e+06   2.1545410e+01
   5.4442300e+06   2.3498535e+01
   5.4853800e+06   2.0751953e+01
   5.4854130e+06   2.2094727e+01
   5.4854660e+06   2.2277832e+01
   5.4855460e+06   3.2653809e+01
   5.6646070e+06   2.1423340e+01
   5.6920290e+06   2.3071289e+01
   5.6925660e+06   2.1301270e+01
   5.7787470e+06   2.6184082e+01
   5.8352180e+06   2.3254395e+01
   5.8955040e+06   2.0751953e+01
   5.8962410e+06   2.0446777e+01
   5.8963760e+06   2.9235840e+01
   6.0431740e+06   2.2644043e+01
   6.0432350e+06   2.0996094e+01
   6.0432640e+06   2.2583008e+01
   6.0432960e+06   2.1362305e+01
   6.1477180e+06   2.3132324e+01
   6.2268460e+06   1.9714355e+01
   6.3178230e+06   2.6000977e+01
   6.5388700e+06   2.1911621e+01
   6.5389520e+06   2.3437500e+01
   6.5997800e+06   2.3010254e+01
   6.6403740e+06   2.5939941e+01
   6.6403920e+06   2.0080566e+01
   6.6404340e+06   2.6245117e+01
   6.6404660e+06   2.3376465e+01
   6.6404950e+06   2.3071289e+01
   6.6405240e+06   2.7099609e+01
   6.6405700e+06   2.3559570e+01
   6.8228990e+06   2.0141602e+01
   6.8230410e+06   2.0446777e+01
   6.8876070e+06   2.1606445e+01
   6.8877190e+06   2.1423340e+01
   6.9938720e+06   2.0324707e+01
   7.0885320e+06   2.4963379e+01
   7.1392380e+06   2.1484375e+01
   7.3058040e+06   2.1240234e+01
   7.3059150e+06   2.0385742e+01
   7.3993970e+06   2.1545410e+01
   7.3994860e+06   2.1057129e+01
   7.5233220e+06   1.9775391e+01
   7.6541520e+06   2.1484375e+01
   8.0742160e+06   1.9836426e+01
   8.1903650e+06   2.3010254e+01
   8.2578640e+06   2.4047852e+01
   8.3165070e+06   2.2521973e+01
   8.3165360e+06   2.1667480e+01
   8.3165580e+06   2.3437500e+01
   8.3166080e+06   2.6794434e+01
   8.3167710e+06   2.2644043e+01
   8.3892390e+06   2.0812988e+01
   8.4044910e+06   2.3315430e+01
   8.4045490e+06   2.4047852e+01
   8.4047210e+06   2.6733398e+01
   8.4394100e+06   2.4536133e+01
   8.4394550e+06   2.0690918e+01
   8.4394810e+06   2.0141602e+01
   8.4395070e+06   2.1057129e+01
   8.4395720e+06   2.0935059e+01
   8.4396080e+06   2.9846191e+01
   8.4398050e+06   2.2338867e+01
   8.4405660e+06   2.1179199e+01
   8.4465550e+06   2.2766113e+01
   8.4466300e+06   2.1179199e+01
   8.4467430e+06   2.2338867e+01
   8.4468530e+06   2.4047852e+01
   8.4469760e+06   2.3864746e+01
   8.4471630e+06   2.1545410e+01
   8.4473750e+06   2.4230957e+01
   8.4678000e+06   2.2216797e+01
   8.4678460e+06   2.2338867e+01
   8.4679090e+06   2.2521973e+01
   8.4680070e+06   2.4108887e+01
   8.4680900e+06   2.0874023e+01
   8.4683080e+06   2.3437500e+01
   8.4684090e+06   2.2399902e+01
   8.4685500e+06   2.1179199e+01
   8.4796100e+06   2.0935059e+01
   8.4796340e+06   1.9897461e+01
   8.4796870e+06   2.0751953e+01
   8.4797950e+06   2.0080566e+01
   8.4800480e+06   2.1362305e+01
   8.4801870e+06   2.1850586e+01
   8.4802690e+06   1.9775391e+01
   8.4803530e+06   2.3620605e+01
   8.4807440e+06   2.1728516e+01
   8.4810250e+06   2.0629883e+01
   8.4821070e+06   2.3132324e+01
   8.4920910e+06   1.9958496e+01
   8.4921890e+06   2.0324707e+01
   8.4922250e+06   1.9958496e+01
   8.4922610e+06   2.2705078e+01
   8.4923080e+06   2.0324707e+01
   8.4924810e+06   2.1545410e+01
   8.4926400e+06   1.9897461e+01
   8.5029830e+06   2.5207520e+01
   8.5031370e+06   2.5756836e+01
   8.5031800e+06   2.1789551e+01
   8.5033580e+06   2.2888184e+01
   8.5034510e+06   2.4291992e+01
   8.5035340e+06   2.0019531e+01
   8.5036030e+06   2.1240234e+01
   8.5143970e+06   2.3254395e+01
   8.5144510e+06   2.3925781e+01
   8.5144840e+06   2.0874023e+01
   8.5145600e+06   2.0324707e+01
   8.5147680e+06   2.1362305e+01
   8.5148300e+06   2.0507813e+01
   8.5149730e+06   2.1362305e+01
   8.5151060e+06   2.0385742e+01
   8.5278390e+06   1.9775391e+01
   8.5278970e+06   2.3132324e+01
   8.5279320e+06   2.3010254e+01
   8.5279650e+06   2.0751953e+01
   8.5280020e+06   2.3681641e+01
   8.5280390e+06   2.2216797e+01
   8.5281500e+06   2.0141602e+01
   8.5282640e+06   2.3681641e+01
   8.5284390e+06   2.0263672e+01
   8.5286230e+06   2.0629883e+01
   8.5290550e+06   2.2521973e+01
   8.5782000e+06   1.9714355e+01
   8.5782350e+06   2.3925781e+01
   8.5782650e+06   2.0996094e+01
   8.5782950e+06   2.8320313e+01
   8.5783250e+06   2.0141602e+01
   8.5783870e+06   2.5695801e+01
   8.5789180e+06   2.2521973e+01
   8.9538640e+06   2.1484375e+01
   9.5045810e+06   2.4230957e+01
   9.5047440e+06   2.5329590e+01
   9.5048540e+06   2.0202637e+01
   9.7193830e+06   2.0629883e+01
   9.7194830e+06   2.6977539e+01
   9.8025000e+06   2.1606445e+01
   9.8029690e+06   2.3681641e+01
   9.8030820e+06   2.0874023e+01
   1.0423432e+07   2.2216797e+01
   1.0423469e+07   2.3193359e+01
   1.0423523e+07   2.0507813e+01
   1.0423590e+07   2.1667480e+01
   1.0423675e+07   2.0751953e+01
   1.0544987e+07   2.0263672e+01
   1.0545116e+07   2.2216797e+01
   1.0545236e+07   2.3010254e+01
   1.0625281e+07   2.0019531e+01
   1.0670293e+07   2.6184082e+01
   1.0815288e+07   2.3437500e+01
   1.0815360e+07   2.4597168e+01
   1.0815389e+07   2.2644043e+01
   1.0815459e+07   2.0080566e+01
   1.1018634e+07   2.4841309e+01
   1.1018709e+07   2.0690918e+01
   1.1267657e+07   2.0568848e+01
   1.1267753e+07   2.5207520e+01
   1.1267824e+07   2.4780273e+01
   1.1267884e+07   2.1057129e+01
   1.1477883e+07   2.0935059e+01
   1.1477990e+07   2.3193359e+01
   1.1626180e+07   2.0812988e+01
