   1.1999000e+07   0.0000000e+00
   4.2640000e+03   3.3874512e+01
   2.9918000e+04   2.0446777e+01
   2.9982000e+04   5.2551270e+01
   4.1310000e+04   2.9357910e+01
   5.4979000e+04   1.9348145e+01
   5.4999000e+04   3.8635254e+01
   5.5021000e+04   2.3254395e+01
   5.5040000e+04   5.1879883e+01
   5.5055000e+04   3.7353516e+01
   5.5079000e+04   3.9245605e+01
   5.5120000e+04   2.3864746e+01
   5.5142000e+04   2.4780273e+01
   5.5157000e+04   2.3986816e+01
   5.5182000e+04   2.0996094e+01
   5.5258000e+04   2.0812988e+01
   5.5313000e+04   2.2521973e+01
   5.5344000e+04   2.6062012e+01
   1.0849100e+05   1.9775391e+01
   1.0856100e+05   5.5114746e+01
   1.3717000e+05   2.1362305e+01
   1.6434300e+05   2.5756836e+01
   1.6511400e+05   2.9968262e+01
   1.6619000e+05   3.0151367e+01
   1.8084500e+05   1.9714355e+01
   1.8199300e+05   3.5400391e+01
   1.8202900e+05   2.1240234e+01
   2.0216000e+05   2.4414063e+01
   2.1145400e+05   3.4057617e+01
   2.3459200e+05   2.0874023e+01
   2.4457700e+05   1.9836426e+01
   2.6730000e+05   1.9165039e+01
   2.8244300e+05   2.2705078e+01
   2.8248600e+05   1.9287109e+01
   2.8331500e+05   2.1972656e+01
   2.8407900e+05   2.0446777e+01
   2.8428600e+05   1.9836426e+01
   3.1223300e+05   2.6428223e+01
   3.1225900e+05   4.3640137e+01
   3.1227300e+05   3.5034180e+01
   3.1229500e+05   5.7312012e+01
   3.1231900e+05   2.0080566e+01
   3.1234800e+05   2.4230957e+01
   3.1236600e+05   2.1301270e+01
   3.1239400e+05   2.6550293e+01
   3.1241600e+05   2.2033691e+01
   3.1247300e+05   2.0812988e+01
   3.1249400e+05   2.4719238e+01
   3.1253300e+05   2.1484375e+01
   3.1254500e+05   2.1789551e+01
   3.6490800e+05   1.9226074e+01
   3.6502500e+05   1.9409180e+01
   3.6541100e+05   1.9409180e+01
   4.0051200e+05   1.9653320e+01
   4.0052200e+05   2.0629883e+01
   4.6437900e+05   2.0324707e+01
   4.6464000e+05   1.9836426e+01
   4.6465700e+05   3.8635254e+01
   4.9332000e+05   1.9592285e+01
   5.4159900e+05   2.2399902e+01
   5.4166800e+05   1.9409180e+01
   5.4252200e+05   2.0324707e+01
   6.1085200e+05   2.3620605e+01
   6.1113700e+05   2.2033691e+01
   6.1115900e+05   1.9592285e+01
   6.6760800e+05   2.0080566e+01
   6.6766500e+05   1.9226074e+01
   6.6845000e+05   1.9348145e+01
   6.9964300e+05   1.9470215e+01
   6.9966000e+05   1.9531250e+01
   7.0162600e+05   1.9592285e+01
   7.1961100e+05   1.9958496e+01
   7.8196000e+05   2.0507813e+01
   7.8201100e+05   2.3010254e+01
   7.8202400e+05   4.8278809e+01
   7.8209400e+05   2.0568848e+01
   8.2419600e+05   2.1667480e+01
   8.2528600e+05   4.0222168e+01
   8.6050900e+05   1.9348145e+01
   8.7213100e+05   2.0935059e+01
   8.7228500e+05   2.4658203e+01
   8.7369800e+05   2.8564453e+01
   9.2603600e+05   3.5339355e+01
   9.3453700e+05   2.1057129e+01
   9.3479600e+05   2.0690918e+01
   9.6206800e+05   2.9357910e+01
   9.6208700e+05   2.1850586e+01
   9.6210500e+05   5.4870605e+01
   9.6213300e+05   2.2277832e+01
   9.6214400e+05   4.0100098e+01
   9.6216200e+05   2.3376465e+01
   9.6217300e+05   4.2907715e+01
   9.6220300e+05   2.0385742e+01
   9.6223000e+05   2.6916504e+01
   9.6225600e+05   2.0019531e+01
   9.6226800e+05   1.9226074e+01
   9.6229600e+05   2.4902344e+01
   9.6231400e+05   2.2033691e+01
   9.6234700e+05   1.9409180e+01
   9.6239400e+05   2.0690918e+01
   9.9932300e+05   2.2644043e+01
   9.9936500e+05   1.9287109e+01
   9.9938700e+05   2.1667480e+01
   9.9943100e+05   2.0690918e+01
   9.9946900e+05   2.0263672e+01
   9.9969700e+05   2.1179199e+01
   9.9971200e+05   1.9409180e+01
   9.9979400e+05   2.0812988e+01
   9.9984900e+05   1.9897461e+01
   9.9988300e+05   1.9348145e+01
   1.0575420e+06   2.0812988e+01
   1.0582510e+06   1.9531250e+01
   1.0583370e+06   2.0568848e+01
   1.0909350e+06   1.9165039e+01
   1.0913060e+06   2.0568848e+01
   1.0913290e+06   1.9897461e+01
   1.1083620e+06   1.9531250e+01
   1.1083910e+06   3.7841797e+01
   1.1084140e+06   2.9174805e+01
   1.1084260e+06   3.8330078e+01
   1.1084460e+06   3.3752441e+01
   1.1084700e+06   2.7526855e+01
   1.1085240e+06   2.5207520e+01
   1.1085420e+06   2.4780273e+01
   1.1085670e+06   2.9968262e+01
   1.1086130e+06   1.9653320e+01
   1.1086430e+06   2.0874023e+01
   1.1086760e+06   2.1057129e+01
   1.1088400e+06   2.8625488e+01
   1.1970250e+06   1.9592285e+01
   1.1970610e+06   1.9653320e+01
   1.1971350e+06   2.0568848e+01
   1.1972500e+06   2.0935059e+01
   1.1972750e+06   2.0629883e+01
   1.1973630e+06   2.3010254e+01
   1.1975050e+06   1.9531250e+01
   1.1975790e+06   2.1789551e+01
   1.1977420e+06   2.0385742e+01
   1.1978750e+06   1.9592285e+01
   1.2452870e+06   2.1728516e+01
   1.2668810e+06   2.0996094e+01
   1.2673730e+06   2.0874023e+01
   1.2674460e+06   1.9470215e+01
   1.3073210e+06   2.2766113e+01
   1.3078670e+06   2.4414063e+01
   1.3442990e+06   2.2399902e+01
   1.3443840e+06   2.0080566e+01
   1.3445000e+06   2.1850586e+01
   1.3445190e+06   2.0874023e+01
   1.3445410e+06   6.5124512e+01
   1.3446030e+06   2.0446777e+01
   1.3460780e+06   2.2277832e+01
   1.3813610e+06   2.1118164e+01
   1.3832360e+06   2.1362305e+01
   1.3923510e+06   2.9663086e+01
   1.5129450e+06   2.3193359e+01
   1.5129750e+06   1.9470215e+01
   1.5135090e+06   1.9287109e+01
   1.5136390e+06   2.1545410e+01
   1.5789180e+06   2.4169922e+01
   1.5791270e+06   1.9836426e+01
   1.5791660e+06   2.1545410e+01
   1.5791850e+06   2.0080566e+01
   1.5796910e+06   1.9714355e+01
   1.5804590e+06   2.4414063e+01
   1.5809760e+06   2.0812988e+01
   1.6246960e+06   5.6396484e+01
   1.6247660e+06   4.8034668e+01
   1.6247960e+06   3.6010742e+01
   1.6248070e+06   3.0395508e+01
   1.6248460e+06   2.5573730e+01
   1.6248610e+06   3.6437988e+01
   1.6248960e+06   2.4230957e+01
   1.6249080e+06   3.0090332e+01
   1.6249290e+06   2.7893066e+01
   1.6249390e+06   2.0812988e+01
   1.6249510e+06   2.1850586e+01
   1.6249620e+06   2.3620605e+01
   1.6250150e+06   2.4353027e+01
   1.6251470e+06   2.2644043e+01
   1.6384040e+06   1.9531250e+01
   1.6387960e+06   4.3090820e+01
   1.6388560e+06   1.9470215e+01
   1.6389050e+06   2.6550293e+01
   1.6391620e+06   2.0690918e+01
   1.6391960e+06   1.9348145e+01
   1.6393290e+06   1.9226074e+01
   1.6898450e+06   2.1850586e+01
   1.6898860e+06   2.0690918e+01
   1.6900270e+06   1.9897461e+01
   1.6900630e+06   2.2888184e+01
   1.6901560e+06   2.4658203e+01
   1.6902810e+06   2.1057129e+01
   1.6903320e+06   2.1850586e+01
   1.6905010e+06   2.2033691e+01
   1.6908470e+06   1.9470215e+01
   1.7526100e+06   2.0507813e+01
   1.7527160e+06   1.9531250e+01
   1.7527980e+06   2.2399902e+01
   1.7531650e+06   2.4291992e+01
   1.7532000e+06   1.9897461e+01
   1.7536170e+06   1.9958496e+01
   1.7916610e+06   2.1484375e+01
   1.8428770e+06   2.0812988e+01
   1.8430090e+06   2.1667480e+01
   1.8431180e+06   1.9775391e+01
   1.8433640e+06   2.0202637e+01
   1.8435040e+06   2.3437500e+01
   1.8439600e+06   2.0324707e+01
   1.8738740e+06   2.1545410e+01
   1.8739080e+06   2.6428223e+01
   1.8739380e+06   3.0517578e+01
   1.8739520e+06   2.9724121e+01
   1.8739700e+06   2.5268555e+01
   1.8739880e+06   3.5095215e+01
   1.8740120e+06   3.5339355e+01
   1.8740430e+06   2.6489258e+01
   1.8740630e+06   3.2226563e+01
   1.8740770e+06   2.1728516e+01
   1.8741400e+06   2.2521973e+01
   1.8741750e+06   2.7221680e+01
   1.8741980e+06   1.9287109e+01
   1.8743210e+06   3.0456543e+01
   1.8744950e+06   2.9724121e+01
   1.9776320e+06   2.1545410e+01
   1.9785040e+06   2.2460938e+01
   2.0048010e+06   2.0568848e+01
   2.0051390e+06   2.0690918e+01
   2.0052590e+06   1.9409180e+01
   2.0371580e+06   2.9296875e+01
   2.0505020e+06   2.3681641e+01
   2.0505390e+06   5.0292969e+01
   2.1327100e+06   2.0141602e+01
   2.1338700e+06   3.2775879e+01
   2.1339080e+06   2.8259277e+01
   2.1544930e+06   1.9287109e+01
   2.1547850e+06   1.9531250e+01
   2.1548110e+06   2.0080566e+01
   2.1549290e+06   1.9409180e+01
   2.1554980e+06   2.0935059e+01
   2.1926090e+06   3.4973145e+01
   2.1926460e+06   2.1362305e+01
   2.1927060e+06   2.0996094e+01
   2.2305080e+06   3.6682129e+01
   2.2306940e+06   2.2949219e+01
   2.2707530e+06   3.5400391e+01
   2.2707900e+06   2.8686523e+01
   2.2711170e+06   2.5878906e+01
   2.2717780e+06   1.9958496e+01
   2.2717970e+06   1.9531250e+01
   2.3132900e+06   2.0141602e+01
   2.3134190e+06   2.0141602e+01
   2.3134960e+06   6.0791016e+01
   2.3771150e+06   2.0935059e+01
   2.3773700e+06   2.2399902e+01
   2.3774850e+06   1.9348145e+01
   2.3775070e+06   2.1301270e+01
   2.3775200e+06   5.6579590e+01
   2.3776240e+06   1.9897461e+01
   2.3963640e+06   2.1240234e+01
   2.3966270e+06   1.9226074e+01
   2.3966470e+06   2.0385742e+01
   2.4032940e+06   2.6062012e+01
   2.4033240e+06   5.8349609e+01
   2.4033540e+06   7.0007324e+01
   2.4033750e+06   3.0761719e+01
   2.4033860e+06   2.4658203e+01
   2.4034050e+06   3.6865234e+01
   2.4034210e+06   3.2958984e+01
   2.4034380e+06   2.0568848e+01
   2.4034560e+06   2.9541016e+01
   2.4034910e+06   3.0822754e+01
   2.4035220e+06   2.1545410e+01
   2.4035520e+06   2.4597168e+01
   2.4035880e+06   2.1423340e+01
   2.4036270e+06   2.1301270e+01
   2.4036750e+06   2.2521973e+01
   2.4037860e+06   2.0935059e+01
   2.4038720e+06   2.6672363e+01
   2.5133700e+06   1.9592285e+01
   2.5136320e+06   1.9714355e+01
   2.5138810e+06   2.1728516e+01
   2.5139760e+06   2.1301270e+01
   2.5140520e+06   1.9348145e+01
   2.5140920e+06   2.4841309e+01
   2.5141420e+06   1.9287109e+01
   2.5141850e+06   2.1362305e+01
   2.5145200e+06   1.9470215e+01
   2.5728760e+06   2.0324707e+01
   2.5730560e+06   1.9409180e+01
   2.5730870e+06   1.9531250e+01
   2.5731110e+06   2.2949219e+01
   2.5732100e+06   2.0263672e+01
   2.5732210e+06   2.0202637e+01
   2.6277180e+06   2.5756836e+01
   2.6277470e+06   3.4057617e+01
   2.6277690e+06   5.4992676e+01
   2.6282370e+06   3.7902832e+01
   2.6282510e+06   7.1777344e+01
   2.6282890e+06   4.9621582e+01
   2.6283070e+06   2.8564453e+01
   2.6283310e+06   2.6794434e+01
   2.6283490e+06   3.0395508e+01
   2.6283670e+06   2.4536133e+01
   2.6283840e+06   2.2766113e+01
   2.6284030e+06   2.4230957e+01
   2.6284130e+06   3.1677246e+01
   2.6284240e+06   2.2949219e+01
   2.6284640e+06   2.9785156e+01
   2.6284930e+06   2.4230957e+01
   2.6285830e+06   1.9714355e+01
   2.6286860e+06   2.5085449e+01
   2.6729780e+06   2.0874023e+01
   2.6729930e+06   2.2583008e+01
   2.6730060e+06   5.1940918e+01
   2.6730330e+06   4.0771484e+01
   2.6730670e+06   4.6081543e+01
   2.6730870e+06   2.7465820e+01
   2.6731220e+06   4.2480469e+01
   2.6731530e+06   2.1545410e+01
   2.6731640e+06   1.9714355e+01
   2.6732060e+06   1.9653320e+01
   2.6732200e+06   2.0141602e+01
   2.6732330e+06   2.1057129e+01
   2.6732560e+06   2.2766113e+01
   2.6732820e+06   2.1667480e+01
   2.6733160e+06   2.2705078e+01
   2.6733540e+06   2.2644043e+01
   2.6733990e+06   2.2644043e+01
   2.6734280e+06   1.9287109e+01
   2.6734480e+06   1.9409180e+01
   2.6739010e+06   2.0202637e+01
   2.6740750e+06   2.5085449e+01
   2.7361500e+06   2.2460938e+01
   2.7364990e+06   5.7006836e+01
   2.7365260e+06   2.4169922e+01
   2.7365420e+06   3.1005859e+01
   2.7365560e+06   4.2846680e+01
   2.7365820e+06   2.1179199e+01
   2.7365990e+06   2.4353027e+01
   2.7366240e+06   2.7404785e+01
   2.7366400e+06   2.5146484e+01
   2.7366760e+06   2.8076172e+01
   2.7366940e+06   2.8137207e+01
   2.7367270e+06   2.8015137e+01
   2.7367520e+06   2.1057129e+01
   2.7367700e+06   1.9409180e+01
   2.7368050e+06   2.5695801e+01
   2.7368450e+06   1.9775391e+01
   2.7370470e+06   2.2338867e+01
   2.8375460e+06   1.9409180e+01
   2.8375690e+06   3.5461426e+01
   2.8375870e+06   4.4372559e+01
   2.8376070e+06   2.7282715e+01
   2.8376220e+06   3.7414551e+01
   2.8376500e+06   3.3569336e+01
   2.8376690e+06   3.5095215e+01
   2.8376980e+06   4.3151855e+01
   2.8377090e+06   2.5085449e+01
   2.8377640e+06   2.5878906e+01
   2.8377860e+06   1.9531250e+01
   2.8378370e+06   2.4414063e+01
   2.8379780e+06   2.3742676e+01
   2.8380180e+06   1.9531250e+01
   2.8380340e+06   2.3498535e+01
   2.8380720e+06   1.9287109e+01
   2.8381200e+06   2.3315430e+01
   2.8896720e+06   3.6926270e+01
   2.8896930e+06   2.2094727e+01
   2.8897160e+06   2.8076172e+01
   2.8897340e+06   4.6875000e+01
   2.8897550e+06   2.0690918e+01
   2.8897810e+06   2.5329590e+01
   2.8898150e+06   4.5349121e+01
   2.8898520e+06   4.2297363e+01
   2.8898690e+06   2.3925781e+01
   2.8898820e+06   4.3762207e+01
   2.8899370e+06   4.0527344e+01
   2.8899640e+06   2.0141602e+01
   2.8899760e+06   2.8991699e+01
   2.8899930e+06   3.4545898e+01
   2.8900150e+06   2.3559570e+01
   2.8900320e+06   2.9235840e+01
   2.8900440e+06   2.3193359e+01
   2.8900660e+06   2.2338867e+01
   2.8900760e+06   1.9592285e+01
   2.8901080e+06   3.5827637e+01
   2.8901430e+06   1.9531250e+01
   2.8902930e+06   2.2644043e+01
   2.8903270e+06   2.2827148e+01
   2.9389560e+06   2.0812988e+01
   2.9390390e+06   5.1574707e+01
   2.9390610e+06   3.1616211e+01
   2.9391130e+06   3.3386230e+01
   2.9391440e+06   4.2419434e+01
   2.9391770e+06   2.0202637e+01
   2.9392290e+06   3.5766602e+01
   2.9392490e+06   1.9653320e+01
   2.9392770e+06   4.8583984e+01
   2.9392900e+06   3.3386230e+01
   2.9393230e+06   3.5034180e+01
   2.9393510e+06   2.5634766e+01
   2.9393770e+06   3.2653809e+01
   2.9394060e+06   2.0935059e+01
   2.9394350e+06   2.2888184e+01
   2.9394510e+06   2.4536133e+01
   2.9394680e+06   1.9592285e+01
   2.9395290e+06   2.0019531e+01
   2.9396650e+06   2.0629883e+01
   2.9397770e+06   1.9348145e+01
   2.9398830e+06   2.0874023e+01
   3.0021490e+06   2.0141602e+01
   3.0021680e+06   6.1218262e+01
   3.0021950e+06   3.3386230e+01
   3.0022300e+06   3.8513184e+01
   3.0022720e+06   4.1503906e+01
   3.0022970e+06   3.0700684e+01
   3.0023280e+06   2.1789551e+01
   3.0023400e+06   3.7109375e+01
   3.0023760e+06   2.3071289e+01
   3.0023990e+06   2.1484375e+01
   3.0024180e+06   2.5268555e+01
   3.0024450e+06   2.4475098e+01
   3.0025520e+06   2.0019531e+01
   3.0028800e+06   2.8259277e+01
   3.0829580e+06   2.0751953e+01
   3.0829920e+06   5.4565430e+01
   3.0830070e+06   1.9958496e+01
   3.0830250e+06   2.2827148e+01
   3.0830940e+06   2.0996094e+01
   3.0832130e+06   1.9531250e+01
   3.0832930e+06   2.1057129e+01
   3.0833710e+06   1.9287109e+01
   3.0834040e+06   2.0507813e+01
   3.0835620e+06   2.0202637e+01
   3.1081510e+06   3.4545898e+01
   3.1081840e+06   2.9296875e+01
   3.1324670e+06   2.2033691e+01
   3.1325310e+06   1.9714355e+01
   3.1450250e+06   2.6916504e+01
   3.1937200e+06   2.1911621e+01
   3.1940710e+06   1.9958496e+01
   3.1945770e+06   3.7841797e+01
   3.2325340e+06   3.7658691e+01
   3.2333240e+06   2.3315430e+01
   3.2702060e+06   1.9897461e+01
   3.2897740e+06   2.3803711e+01
   3.2898230e+06   2.1362305e+01
   3.2901910e+06   2.1118164e+01
   3.2904660e+06   2.0629883e+01
   3.2911760e+06   3.0517578e+01
   3.3009790e+06   2.1606445e+01
   3.3010020e+06   3.6926270e+01
   3.3010130e+06   6.8664551e+01
   3.3010390e+06   2.8137207e+01
   3.3010690e+06   2.4353027e+01
   3.3010920e+06   3.9916992e+01
   3.3011050e+06   2.4719238e+01
   3.3011170e+06   2.3437500e+01
   3.3011310e+06   2.4963379e+01
   3.3011500e+06   2.2277832e+01
   3.3012040e+06   2.7648926e+01
   3.3012410e+06   2.0019531e+01
   3.3012690e+06   2.5878906e+01
   3.3013020e+06   1.9592285e+01
   3.3013170e+06   2.6489258e+01
   3.3013310e+06   2.2888184e+01
   3.3015270e+06   2.0935059e+01
   3.4158910e+06   4.4250488e+01
   3.4159090e+06   2.1606445e+01
   3.4159420e+06   1.9409180e+01
   3.4220760e+06   3.1494141e+01
   3.4226640e+06   3.0517578e+01
   3.4229680e+06   3.3935547e+01
   3.4232590e+06   3.3874512e+01
   3.4235110e+06   3.2958984e+01
   3.4242370e+06   2.7587891e+01
   3.4242990e+06   2.2460938e+01
   3.4476840e+06   3.2043457e+01
   3.4755300e+06   1.9775391e+01
   3.4756590e+06   3.1921387e+01
   3.5365530e+06   2.0080566e+01
   3.5366540e+06   2.2949219e+01
   3.5371380e+06   2.8564453e+01
   3.6174310e+06   2.0202637e+01
   3.6176640e+06   2.2460938e+01
   3.6177360e+06   2.0874023e+01
   3.6178650e+06   2.0263672e+01
   3.6865520e+06   1.9409180e+01
   3.6866140e+06   4.6875000e+01
   3.7224350e+06   2.2033691e+01
   3.7231550e+06   2.8137207e+01
   3.7232550e+06   2.0751953e+01
   3.7322670e+06   4.5288086e+01
   3.7322830e+06   6.8298340e+01
   3.7323000e+06   2.6000977e+01
   3.7323120e+06   2.8991699e+01
   3.7323430e+06   2.7099609e+01
   3.7323720e+06   2.7954102e+01
   3.7323940e+06   2.8015137e+01
   3.7324250e+06   3.1066895e+01
   3.7324370e+06   2.0141602e+01
   3.7324510e+06   2.2766113e+01
   3.7325360e+06   2.4108887e+01
   3.7325550e+06   1.9226074e+01
   3.8359130e+06   4.6142578e+01
   3.8359290e+06   2.0690918e+01
   3.8359580e+06   2.6184082e+01
   3.8360580e+06   2.0690918e+01
   3.8594770e+06   1.9409180e+01
   3.8916150e+06   2.8625488e+01
   3.8916510e+06   2.5207520e+01
   3.8923550e+06   2.8808594e+01
   3.8923930e+06   3.0944824e+01
   3.9909770e+06   1.9226074e+01
   3.9910190e+06   3.6315918e+01
   3.9911030e+06   2.2216797e+01
   3.9924140e+06   1.9226074e+01
   4.0719670e+06   2.1179199e+01
   4.0720420e+06   2.1118164e+01
   4.0723620e+06   2.4658203e+01
   4.0723970e+06   2.1850586e+01
   4.1723370e+06   1.9348145e+01
   4.1724140e+06   2.2521973e+01
   4.1725090e+06   2.4108887e+01
   4.1726050e+06   2.2094727e+01
   4.1726470e+06   2.0690918e+01
   4.1732170e+06   2.0507813e+01
   4.1732380e+06   2.3620605e+01
   4.2401970e+06   1.9348145e+01
   4.2457470e+06   1.9592285e+01
   4.3184650e+06   2.2460938e+01
   4.3184840e+06   5.6274414e+01
   4.3185090e+06   3.5278320e+01
   4.3185450e+06   2.7404785e+01
   4.3185730e+06   3.9184570e+01
   4.3185910e+06   4.0893555e+01
   4.3186120e+06   2.6306152e+01
   4.3186270e+06   2.0812988e+01
   4.3186460e+06   2.4169922e+01
   4.3186600e+06   3.1250000e+01
   4.3187080e+06   2.1362305e+01
   4.3187310e+06   3.0517578e+01
   4.3187570e+06   1.9836426e+01
   4.3188470e+06   2.2399902e+01
   4.3191000e+06   2.0141602e+01
   4.4483840e+06   3.8879395e+01
   4.4484170e+06   5.6579590e+01
   4.4484360e+06   1.9287109e+01
   4.4484590e+06   3.6621094e+01
   4.4484930e+06   2.0202637e+01
   4.4485270e+06   2.6245117e+01
   4.4485560e+06   5.4931641e+01
   4.4485730e+06   2.0263672e+01
   4.4485910e+06   3.5156250e+01
   4.4486120e+06   6.5124512e+01
   4.4486280e+06   2.8198242e+01
   4.4486590e+06   2.1301270e+01
   4.4486810e+06   2.5146484e+01
   4.4487000e+06   3.1921387e+01
   4.4487180e+06   2.0874023e+01
   4.4487500e+06   2.5085449e+01
   4.4487620e+06   1.9653320e+01
   4.4487920e+06   2.2949219e+01
   4.4488340e+06   2.2521973e+01
   4.4488800e+06   2.1850586e+01
   4.4489090e+06   1.9470215e+01
   4.4489250e+06   2.0996094e+01
   4.4489920e+06   2.1240234e+01
   4.4491350e+06   1.9775391e+01
   4.5061770e+06   3.7475586e+01
   4.5061910e+06   5.6884766e+01
   4.5062110e+06   2.8747559e+01
   4.5062210e+06   2.9479980e+01
   4.5062490e+06   2.2033691e+01
   4.5062760e+06   3.1066895e+01
   4.5063000e+06   3.9062500e+01
   4.5063170e+06   2.1423340e+01
   4.5063480e+06   2.2949219e+01
   4.5063590e+06   2.2949219e+01
   4.5063790e+06   2.3376465e+01
   4.5064030e+06   2.0996094e+01
   4.5064890e+06   2.3193359e+01
   4.5065000e+06   2.2521973e+01
   4.5065740e+06   2.0629883e+01
   4.5066080e+06   2.1728516e+01
   4.5066450e+06   2.3498535e+01
   4.5068170e+06   1.9592285e+01
   4.5068730e+06   1.9897461e+01
   4.6060730e+06   2.3803711e+01
   4.6061520e+06   2.0874023e+01
   4.6061930e+06   2.3803711e+01
   4.6062690e+06   2.4108887e+01
   4.6063000e+06   2.2216797e+01
   4.6063180e+06   4.6203613e+01
   4.6063630e+06   2.1362305e+01
   4.6063850e+06   2.3498535e+01
   4.6064200e+06   5.6701660e+01
   4.6064570e+06   1.9409180e+01
   4.6064800e+06   1.9714355e+01
   4.6065390e+06   2.1789551e+01
   4.6066170e+06   2.1301270e+01
   4.6067930e+06   1.9287109e+01
   4.6600160e+06   1.9775391e+01
   4.6601850e+06   2.0690918e+01
   4.6602610e+06   2.1301270e+01
   4.6603230e+06   2.0019531e+01
   4.6603590e+06   2.4475098e+01
   4.6604190e+06   2.1850586e+01
   4.6604700e+06   5.9936523e+01
   4.6604860e+06   2.0141602e+01
   4.6605080e+06   1.9409180e+01
   4.6605460e+06   4.9865723e+01
   4.6605680e+06   2.0874023e+01
   4.6605910e+06   2.2399902e+01
   4.6606100e+06   2.0019531e+01
   4.6606250e+06   2.3742676e+01
   4.6608910e+06   1.9775391e+01
   4.7296370e+06   2.3925781e+01
   4.7296500e+06   5.1940918e+01
   4.7296740e+06   1.9958496e+01
   4.7297160e+06   5.1513672e+01
   4.7297480e+06   2.2460938e+01
   4.7297760e+06   4.1442871e+01
   4.7298120e+06   2.2216797e+01
   4.7298290e+06   4.2968750e+01
   4.7298810e+06   2.1118164e+01
   4.7299230e+06   1.9836426e+01
   4.7299370e+06   2.0874023e+01
   4.7300290e+06   2.6550293e+01
   4.7927580e+06   1.9653320e+01
   4.7927920e+06   2.5878906e+01
   4.7928210e+06   2.2521973e+01
   4.7928380e+06   2.3986816e+01
   4.7928550e+06   2.2277832e+01
   4.7928660e+06   4.9011230e+01
   4.7929120e+06   1.9775391e+01
   4.7929280e+06   3.6132813e+01
   4.7929530e+06   2.0935059e+01
   4.7929770e+06   3.8513184e+01
   4.7930040e+06   3.7902832e+01
   4.7931060e+06   1.9592285e+01
   4.7931990e+06   2.2705078e+01
   4.8593030e+06   2.0141602e+01
   4.8593280e+06   2.4780273e+01
   4.8593840e+06   2.0629883e+01
   4.8594050e+06   2.1240234e+01
   4.8595600e+06   1.9897461e+01
   4.8596300e+06   2.0202637e+01
   4.8597390e+06   1.9226074e+01
   4.8598810e+06   1.9531250e+01
   4.8599220e+06   2.0507813e+01
   4.8600080e+06   2.2338867e+01
   4.9066720e+06   2.0141602e+01
   4.9067540e+06   2.1728516e+01
   4.9067810e+06   2.1179199e+01
   4.9067940e+06   1.9592285e+01
   4.9069640e+06   2.4047852e+01
   4.9072930e+06   1.9775391e+01
   4.9073940e+06   2.1606445e+01
   4.9324120e+06   3.9428711e+01
   4.9332480e+06   3.1250000e+01
   4.9773720e+06   3.2043457e+01
   5.0044760e+06   3.1738281e+01
   5.0052210e+06   3.1799316e+01
   5.0052560e+06   2.0568848e+01
   5.0417360e+06   2.4291992e+01
   5.0417460e+06   4.1503906e+01
   5.0417730e+06   6.2377930e+01
   5.0418010e+06   4.7912598e+01
   5.0418180e+06   2.8076172e+01
   5.0418480e+06   3.0090332e+01
   5.0418600e+06   2.0019531e+01
   5.0418960e+06   3.3874512e+01
   5.0419130e+06   2.3559570e+01
   5.0419230e+06   2.2888184e+01
   5.0419610e+06   2.1362305e+01
   5.0419780e+06   2.0874023e+01
   5.0420430e+06   2.2827148e+01
   5.0422380e+06   2.1057129e+01
   5.0423250e+06   2.1362305e+01
   5.1257140e+06   3.1127930e+01
   5.1257370e+06   5.5603027e+01
   5.1257620e+06   1.9348145e+01
   5.1258370e+06   2.2399902e+01
   5.1258680e+06   2.1179199e+01
   5.1491610e+06   2.1118164e+01
   5.1491840e+06   5.2978516e+01
   5.1794610e+06   1.9958496e+01
   5.1794990e+06   2.5451660e+01
   5.1798110e+06   3.7719727e+01
   5.1920370e+06   1.9470215e+01
   5.1920660e+06   1.9897461e+01
   5.1920910e+06   2.0629883e+01
   5.2202310e+06   5.7800293e+01
   5.2202800e+06   3.7231445e+01
   5.2590420e+06   2.2033691e+01
   5.2596190e+06   2.0935059e+01
   5.2596580e+06   5.9265137e+01
   5.2936040e+06   1.9775391e+01
   5.2936340e+06   1.9592285e+01
   5.2942000e+06   3.7902832e+01
   5.2942960e+06   2.8747559e+01
   5.3159260e+06   1.9470215e+01
   5.3639910e+06   2.5390625e+01
   5.3642680e+06   2.1179199e+01
   5.3643530e+06   2.9113770e+01
   5.3649580e+06   4.0710449e+01
   5.3729980e+06   1.9531250e+01
   5.3735540e+06   3.2043457e+01
   5.3736590e+06   1.9714355e+01
   5.4436090e+06   2.0935059e+01
   5.4436530e+06   2.1789551e+01
   5.4441320e+06   3.2287598e+01
   5.4446480e+06   2.1545410e+01
   5.4852310e+06   2.1667480e+01
   5.4852800e+06   5.8715820e+01
   5.4853390e+06   3.5644531e+01
   5.4853690e+06   2.2399902e+01
   5.4853850e+06   3.1738281e+01
   5.4853950e+06   3.3020020e+01
   5.4854230e+06   2.8381348e+01
   5.4854360e+06   2.1057129e+01
   5.4854540e+06   3.2470703e+01
   5.4854740e+06   2.5268555e+01
   5.4855010e+06   2.0812988e+01
   5.4855250e+06   2.0568848e+01
   5.4855980e+06   2.0141602e+01
   5.4856340e+06   2.0019531e+01
   5.4857330e+06   1.9653320e+01
   5.4857450e+06   2.2949219e+01
   5.4858090e+06   2.1728516e+01
   5.4859470e+06   1.9653320e+01
   5.5907680e+06   1.9775391e+01
   5.5908300e+06   2.1911621e+01
   5.5908540e+06   3.3935547e+01
   5.5908770e+06   2.0080566e+01
   5.5909010e+06   1.9531250e+01
   5.5909230e+06   1.9653320e+01
   5.5910450e+06   2.0568848e+01
   5.6651900e+06   2.8259277e+01
   5.6916600e+06   1.9531250e+01
   5.6916980e+06   2.0935059e+01
   5.6920210e+06   2.2827148e+01
   5.6920760e+06   1.9287109e+01
   5.6930230e+06   1.9592285e+01
   5.7787710e+06   6.4270020e+01
   5.7789480e+06   1.9531250e+01
   5.7801230e+06   3.4240723e+01
   5.8342480e+06   2.0507813e+01
   5.8345780e+06   1.9531250e+01
   5.8954460e+06   2.0629883e+01
   5.8954640e+06   2.0263672e+01
   5.8962240e+06   2.1423340e+01
   5.8962570e+06   2.0446777e+01
   5.9216160e+06   2.0812988e+01
   5.9217100e+06   1.9714355e+01
   5.9219180e+06   2.4047852e+01
   6.0429480e+06   2.0446777e+01
   6.0431290e+06   2.0019531e+01
   6.0431430e+06   4.4982910e+01
   6.0431800e+06   4.1992188e+01
   6.0431970e+06   3.3081055e+01
   6.0432160e+06   3.4057617e+01
   6.0432300e+06   2.6611328e+01
   6.0432630e+06   3.9306641e+01
   6.0432860e+06   2.3315430e+01
   6.0433100e+06   2.3315430e+01
   6.0433290e+06   3.3020020e+01
   6.0433510e+06   2.1667480e+01
   6.0433670e+06   2.6550293e+01
   6.0433770e+06   2.8808594e+01
   6.0434030e+06   2.3925781e+01
   6.0434330e+06   2.1911621e+01
   6.0434440e+06   2.8869629e+01
   6.0434820e+06   1.9531250e+01
   6.0435160e+06   3.6132813e+01
   6.0435490e+06   1.9958496e+01
   6.0436560e+06   2.5085449e+01
   6.0439960e+06   2.0507813e+01
   6.1469250e+06   1.9409180e+01
   6.1470290e+06   1.9409180e+01
   6.1471250e+06   1.9714355e+01
   6.1474440e+06   2.0202637e+01
   6.1476030e+06   1.9531250e+01
   6.1477630e+06   2.0141602e+01
   6.1478360e+06   1.9836426e+01
   6.1478590e+06   1.9531250e+01
   6.1479860e+06   1.9836426e+01
   6.1482160e+06   2.0446777e+01
   6.2268440e+06   2.0812988e+01
   6.2268620e+06   2.1179199e+01
   6.2274910e+06   2.0690918e+01
   6.2275400e+06   1.9348145e+01
   6.2275750e+06   2.0690918e+01
   6.3165870e+06   3.1616211e+01
   6.3167570e+06   2.3498535e+01
   6.3169230e+06   3.1250000e+01
   6.3171470e+06   2.0080566e+01
   6.3174490e+06   2.0019531e+01
   6.3176350e+06   2.0324707e+01
   6.3176820e+06   2.4841309e+01
   6.3177680e+06   2.1667480e+01
   6.3769930e+06   3.9428711e+01
   6.3770330e+06   2.3193359e+01
   6.3774000e+06   2.8259277e+01
   6.3776750e+06   1.9592285e+01
   6.3776890e+06   2.8503418e+01
   6.3777330e+06   2.0568848e+01
   6.4397780e+06   2.2155762e+01
   6.4398340e+06   1.9348145e+01
   6.4398990e+06   3.0273438e+01
   6.4400820e+06   2.0202637e+01
   6.4402500e+06   2.5146484e+01
   6.4404160e+06   2.0568848e+01
   6.4406400e+06   2.0324707e+01
   6.5051450e+06   1.9287109e+01
   6.5384760e+06   2.5573730e+01
   6.5384930e+06   1.9348145e+01
   6.5387750e+06   2.2888184e+01
   6.5387950e+06   2.1362305e+01
   6.5388620e+06   2.4658203e+01
   6.5388930e+06   2.3315430e+01
   6.5390750e+06   1.9592285e+01
   6.5734230e+06   2.0019531e+01
   6.5997160e+06   1.9836426e+01
   6.5997540e+06   2.1789551e+01
   6.5998200e+06   5.7189941e+01
   6.6404160e+06   4.5776367e+01
   6.6404360e+06   2.6794434e+01
   6.6404480e+06   3.8818359e+01
   6.6404800e+06   3.1982422e+01
   6.6404920e+06   5.5053711e+01
   6.6405180e+06   2.6123047e+01
   6.6405360e+06   2.0629883e+01
   6.6405710e+06   2.0263672e+01
   6.6405920e+06   2.6489258e+01
   6.6406160e+06   2.4353027e+01
   6.6406690e+06   1.9348145e+01
   6.6406880e+06   1.9958496e+01
   6.6409460e+06   2.3376465e+01
   6.8226330e+06   2.3010254e+01
   6.8226960e+06   2.3254395e+01
   6.8227210e+06   2.0874023e+01
   6.8227650e+06   2.1972656e+01
   6.8228110e+06   2.2949219e+01
   6.8229130e+06   2.6672363e+01
   6.8229340e+06   5.9875488e+01
   6.8229720e+06   1.9714355e+01
   6.8230260e+06   2.2827148e+01
   6.8230460e+06   2.1118164e+01
   6.8232370e+06   2.0874023e+01
   7.0880040e+06   1.9775391e+01
   7.0880970e+06   3.1677246e+01
   7.0881520e+06   2.0568848e+01
   7.0881680e+06   1.9592285e+01
   7.0881940e+06   2.6245117e+01
   7.0882550e+06   2.4658203e+01
   7.0883440e+06   2.1301270e+01
   7.1382320e+06   2.0568848e+01
   7.1382950e+06   1.9409180e+01
   7.1383220e+06   2.1240234e+01
   7.1384170e+06   2.0263672e+01
   7.1384670e+06   2.3559570e+01
   7.1387170e+06   2.1057129e+01
   7.1387650e+06   2.1667480e+01
   7.1393060e+06   2.0935059e+01
   7.1395170e+06   1.9714355e+01
   7.1395770e+06   1.9287109e+01
   7.1397690e+06   1.9470215e+01
   7.2500080e+06   2.0812988e+01
   7.2500440e+06   2.2949219e+01
   7.2501080e+06   1.9653320e+01
   7.2501680e+06   1.9348145e+01
   7.2501960e+06   2.3742676e+01
   7.2503060e+06   2.2888184e+01
   7.2503760e+06   2.0385742e+01
   7.2504990e+06   2.1850586e+01
   7.2505140e+06   2.0141602e+01
   7.2505570e+06   2.2583008e+01
   7.2505970e+06   2.2033691e+01
   7.3058190e+06   2.2277832e+01
   7.3058340e+06   2.0874023e+01
   7.3580760e+06   2.2033691e+01
   7.3581010e+06   2.1789551e+01
   7.3582120e+06   2.4108887e+01
   7.3583640e+06   2.0385742e+01
   7.3584020e+06   1.9775391e+01
   7.3584350e+06   2.2338867e+01
   7.3584510e+06   2.2155762e+01
   7.3587410e+06   2.0629883e+01
   7.3993490e+06   2.0507813e+01
   7.3993850e+06   1.9531250e+01
   7.3994290e+06   5.8959961e+01
   7.3995180e+06   2.0141602e+01
   7.3995280e+06   2.1667480e+01
   7.5222930e+06   1.9897461e+01
   7.5223840e+06   2.2094727e+01
   7.5224390e+06   1.9287109e+01
   7.5226290e+06   1.9348145e+01
   7.5227240e+06   2.0080566e+01
   7.5228060e+06   2.0080566e+01
   7.7472210e+06   2.6245117e+01
   7.7472800e+06   2.2216797e+01
   7.7473330e+06   2.6550293e+01
   7.7474040e+06   2.0019531e+01
   7.7474520e+06   2.1606445e+01
   7.7476450e+06   2.0446777e+01
   7.7476700e+06   2.0019531e+01
   7.7477630e+06   1.9836426e+01
   7.7478030e+06   2.1362305e+01
   7.8634420e+06   1.9287109e+01
   7.8635010e+06   2.8259277e+01
   7.8635400e+06   2.0141602e+01
   7.8635510e+06   2.4597168e+01
   7.8635800e+06   2.7465820e+01
   7.8635980e+06   6.1035156e+01
   7.8636390e+06   2.0019531e+01
   7.8636970e+06   1.9470215e+01
   7.8638120e+06   1.9775391e+01
   7.8641300e+06   2.0324707e+01
   7.9592200e+06   2.0568848e+01
   7.9593520e+06   1.9592285e+01
   7.9593910e+06   2.3925781e+01
   7.9596460e+06   2.0996094e+01
   7.9597140e+06   2.6184082e+01
   7.9599040e+06   2.1606445e+01
   7.9601850e+06   2.0019531e+01
   7.9602210e+06   1.9653320e+01
   7.9604260e+06   2.0385742e+01
   8.0229440e+06   1.9348145e+01
   8.0728900e+06   2.0080566e+01
   8.0730370e+06   2.2766113e+01
   8.0731290e+06   2.0446777e+01
   8.0731550e+06   2.0324707e+01
   8.0731890e+06   2.1667480e+01
   8.0733130e+06   2.2094727e+01
   8.0733440e+06   2.1057129e+01
   8.0735190e+06   1.9653320e+01
   8.1897930e+06   2.1118164e+01
   8.1898750e+06   2.2766113e+01
   8.1899760e+06   1.9775391e+01
   8.1900400e+06   1.9653320e+01
   8.1902410e+06   2.0812988e+01
   8.1902750e+06   2.1728516e+01
   8.1905210e+06   1.9775391e+01
   8.1910130e+06   1.9287109e+01
   8.2571810e+06   3.7963867e+01
   8.2572690e+06   3.9550781e+01
   8.2578790e+06   5.2062988e+01
   8.2579180e+06   1.9836426e+01
   8.2579330e+06   2.1423340e+01
   8.3165030e+06   2.5573730e+01
   8.3165150e+06   6.6284180e+01
   8.3165420e+06   3.0395508e+01
   8.3165700e+06   2.4047852e+01
   8.3166010e+06   3.4240723e+01
   8.3166260e+06   2.3132324e+01
   8.3166410e+06   2.0690918e+01
   8.3166700e+06   2.7587891e+01
   8.3167000e+06   2.9296875e+01
   8.3167130e+06   2.1301270e+01
   8.3167260e+06   2.7709961e+01
   8.3167690e+06   1.9470215e+01
   8.3168150e+06   2.8625488e+01
   8.3168300e+06   2.0568848e+01
   8.3169860e+06   2.0385742e+01
   8.3170700e+06   2.0324707e+01
   8.3175460e+06   1.9836426e+01
   8.4045200e+06   4.8645020e+01
   8.4045330e+06   2.7465820e+01
   8.4045830e+06   4.2480469e+01
   8.4046020e+06   3.2714844e+01
   8.4046330e+06   2.2583008e+01
   8.4046440e+06   4.0283203e+01
   8.4046830e+06   3.1982422e+01
   8.4047010e+06   2.2827148e+01
   8.4047220e+06   3.1677246e+01
   8.4047440e+06   2.7832031e+01
   8.4047650e+06   2.1728516e+01
   8.4047930e+06   2.8503418e+01
   8.4048030e+06   2.0141602e+01
   8.4048360e+06   2.5939941e+01
   8.4048670e+06   3.1738281e+01
   8.4048870e+06   1.9531250e+01
   8.4049170e+06   2.3498535e+01
   8.4049350e+06   2.0324707e+01
   8.4049600e+06   2.2888184e+01
   8.4049930e+06   3.6315918e+01
   8.4050540e+06   1.9714355e+01
   8.4051540e+06   1.9348145e+01
   8.4061030e+06   2.6306152e+01
   8.4394280e+06   2.0568848e+01
   8.4394570e+06   7.2021484e+01
   8.4394850e+06   5.8166504e+01
   8.4395060e+06   2.6794434e+01
   8.4395220e+06   2.6733398e+01
   8.4395540e+06   2.7648926e+01
   8.4395800e+06   2.5573730e+01
   8.4396060e+06   2.1301270e+01
   8.4396180e+06   2.3437500e+01
   8.4396380e+06   2.8442383e+01
   8.4396500e+06   2.1850586e+01
   8.4397050e+06   2.0507812e+01
   8.4397200e+06   2.1606445e+01
   8.4397880e+06   1.9348145e+01
   8.4398240e+06   2.4963379e+01
   8.4398440e+06   2.2949219e+01
   8.4398630e+06   2.0019531e+01
   8.4399720e+06   1.9531250e+01
   8.4399950e+06   1.9592285e+01
   8.4400300e+06   2.5939941e+01
   8.4400870e+06   2.5878906e+01
   8.4401380e+06   2.0202637e+01
   8.4401620e+06   2.0202637e+01
   8.4402660e+06   2.4902344e+01
   8.4403390e+06   2.5512695e+01
   8.4404400e+06   2.7954102e+01
   8.4405210e+06   2.3071289e+01
   8.4408500e+06   3.2409668e+01
   8.4410140e+06   2.6916504e+01
   8.4411980e+06   2.0019531e+01
   8.4418420e+06   2.2766113e+01
   8.4431120e+06   3.2226563e+01
   8.4461160e+06   2.7709961e+01
   8.4464450e+06   3.2531738e+01
   8.4464850e+06   4.8278809e+01
   8.4465530e+06   2.1179199e+01
   8.4465890e+06   1.9348145e+01
   8.4466160e+06   4.1625977e+01
   8.4466350e+06   3.0517578e+01
   8.4466550e+06   2.1972656e+01
   8.4467050e+06   3.8635254e+01
   8.4467210e+06   1.9470215e+01
   8.4467370e+06   2.2338867e+01
   8.4467660e+06   3.9489746e+01
   8.4467930e+06   2.4658203e+01
   8.4468370e+06   2.3254395e+01
   8.4468560e+06   2.0690918e+01
   8.4468830e+06   2.5207520e+01
   8.4469130e+06   2.0568848e+01
   8.4469560e+06   2.4353027e+01
   8.4469710e+06   2.2949219e+01
   8.4470090e+06   2.2827148e+01
   8.4471790e+06   2.3071289e+01
   8.4472440e+06   2.1301270e+01
   8.4474380e+06   3.1066895e+01
   8.4476010e+06   2.7282715e+01
   8.4477140e+06   2.2521973e+01
   8.4479340e+06   2.5329590e+01
   8.4678310e+06   1.9592285e+01
   8.4678480e+06   5.6152344e+01
   8.4678660e+06   2.8747559e+01
   8.4678880e+06   2.4780273e+01
   8.4678990e+06   2.4963379e+01
   8.4679160e+06   3.0944824e+01
   8.4679580e+06   2.5207520e+01
   8.4679730e+06   1.9348145e+01
   8.4680010e+06   2.8564453e+01
   8.4680300e+06   2.6123047e+01
   8.4680530e+06   2.0324707e+01
   8.4680700e+06   2.3986816e+01
   8.4681040e+06   2.0446777e+01
   8.4681690e+06   2.3803711e+01
   8.4682490e+06   1.9470215e+01
   8.4683040e+06   2.0385742e+01
   8.4683650e+06   1.9592285e+01
   8.4684240e+06   1.9714355e+01
   8.4684710e+06   2.2888184e+01
   8.4685280e+06   1.9653320e+01
   8.4685950e+06   2.2644043e+01
   8.4686820e+06   2.4841309e+01
   8.4687840e+06   2.0812988e+01
   8.4688590e+06   2.1972656e+01
   8.4691190e+06   2.0568848e+01
   8.4691350e+06   2.2705078e+01
   8.4694780e+06   2.7587891e+01
   8.4699760e+06   2.6428223e+01
   8.4703170e+06   2.1057129e+01
   8.4706810e+06   1.9897461e+01
   8.4720800e+06   2.1423340e+01
   8.4795540e+06   1.9714355e+01
   8.4795770e+06   4.6142578e+01
   8.4795990e+06   3.3691406e+01
   8.4796090e+06   2.0080566e+01
   8.4796450e+06   3.8879395e+01
   8.4796620e+06   2.2949219e+01
   8.4796810e+06   2.2521973e+01
   8.4797000e+06   4.5593262e+01
   8.4797460e+06   3.0395508e+01
   8.4798050e+06   2.2277832e+01
   8.4798240e+06   2.3437500e+01
   8.4799230e+06   2.1667480e+01
   8.4799540e+06   2.5451660e+01
   8.4800130e+06   3.4179688e+01
   8.4800740e+06   2.0385742e+01
   8.4801540e+06   2.6306152e+01
   8.4801960e+06   2.5573730e+01
   8.4804670e+06   2.5390625e+01
   8.4806100e+06   1.9470215e+01
   8.4806680e+06   2.0385742e+01
   8.4919990e+06   4.7546387e+01
   8.4920770e+06   2.5512695e+01
   8.4920920e+06   2.1728516e+01
   8.4921160e+06   2.0996094e+01
   8.4921470e+06   3.4729004e+01
   8.4921600e+06   2.0996094e+01
   8.4921950e+06   3.5217285e+01
   8.4922070e+06   2.8625488e+01
   8.4922870e+06   2.3498535e+01
   8.4923390e+06   2.1423340e+01
   8.4924270e+06   1.9287109e+01
   8.4924370e+06   2.2827148e+01
   8.4924590e+06   2.0751953e+01
   8.4924950e+06   2.5634766e+01
   8.4925550e+06   2.5756836e+01
   8.4926190e+06   2.5878906e+01
   8.4926660e+06   2.0568848e+01
   8.4926830e+06   1.9775391e+01
   8.4927050e+06   2.1911621e+01
   8.4927480e+06   2.0629883e+01
   8.4928130e+06   2.0507813e+01
   8.4928940e+06   2.5268555e+01
   8.4931400e+06   2.7832031e+01
   8.5028510e+06   4.2663574e+01
   8.5028770e+06   1.9409180e+01
   8.5029240e+06   2.0568848e+01
   8.5029700e+06   3.5095215e+01
   8.5029860e+06   2.9296875e+01
   8.5030180e+06   2.0629883e+01
   8.5030330e+06   3.0029297e+01
   8.5030670e+06   2.1301270e+01
   8.5030860e+06   3.2836914e+01
   8.5031180e+06   2.0141602e+01
   8.5031740e+06   2.2399902e+01
   8.5032190e+06   1.9958496e+01
   8.5032990e+06   2.1179199e+01
   8.5033670e+06   2.0690918e+01
   8.5034220e+06   2.3620605e+01
   8.5036320e+06   2.2338867e+01
   8.5037300e+06   2.0874023e+01
   8.5048890e+06   2.3559570e+01
   8.5142760e+06   1.9897461e+01
   8.5143110e+06   3.9428711e+01
   8.5143860e+06   2.3376465e+01
   8.5144360e+06   4.2907715e+01
   8.5144790e+06   2.1301270e+01
   8.5144920e+06   3.9184570e+01
   8.5145250e+06   2.2277832e+01
   8.5145460e+06   2.0690918e+01
   8.5146330e+06   2.9113770e+01
   8.5146650e+06   1.9836426e+01
   8.5147030e+06   2.1972656e+01
   8.5147510e+06   2.1728516e+01
   8.5149590e+06   2.2155762e+01
   8.5152410e+06   2.0568848e+01
   8.5277790e+06   2.6916504e+01
   8.5278280e+06   2.8869629e+01
   8.5278560e+06   3.6621094e+01
   8.5278730e+06   3.6437988e+01
   8.5278960e+06   3.2470703e+01
   8.5279390e+06   3.2592773e+01
   8.5279860e+06   3.2226563e+01
   8.5279970e+06   2.1850586e+01
   8.5280430e+06   2.9602051e+01
   8.5281350e+06   2.5024414e+01
   8.5281840e+06   2.5878906e+01
   8.5283400e+06   2.0446777e+01
   8.5284160e+06   1.9287109e+01
   8.5285160e+06   2.1118164e+01
   8.5286090e+06   1.9836426e+01
   8.5287100e+06   2.4169922e+01
   8.5293660e+06   2.2216797e+01
   8.5782020e+06   2.3925781e+01
   8.5782150e+06   4.8828125e+01
   8.5782360e+06   2.6245117e+01
   8.5782500e+06   2.6306152e+01
   8.5782840e+06   3.2775879e+01
   8.5783010e+06   2.5817871e+01
   8.5783130e+06   2.0019531e+01
   8.5783550e+06   2.0263672e+01
   8.5783770e+06   2.5329590e+01
   8.5784140e+06   2.0263672e+01
   8.5784460e+06   2.3132324e+01
   8.5784590e+06   2.4414063e+01
   8.5785280e+06   2.5390625e+01
   8.5785490e+06   2.3193359e+01
   8.5786140e+06   2.0080566e+01
   8.5786940e+06   2.3010254e+01
   8.5788770e+06   2.8625488e+01
   8.5792100e+06   2.4353027e+01
   8.5793280e+06   3.2897949e+01
   8.5794530e+06   2.4108887e+01
   8.5797540e+06   3.3752441e+01
   8.5799420e+06   2.6916504e+01
   8.5802640e+06   3.4606934e+01
   8.9530060e+06   2.4780273e+01
   8.9531430e+06   2.0996094e+01
   8.9531630e+06   2.1972656e+01
   8.9531850e+06   1.9653320e+01
   8.9532300e+06   2.1057129e+01
   8.9533390e+06   2.0507813e+01
   8.9534390e+06   1.9409180e+01
   8.9535160e+06   2.0874023e+01
   8.9535270e+06   2.1545410e+01
   9.2973830e+06   1.9653320e+01
   9.5044320e+06   1.9470215e+01
   9.5044600e+06   2.0874023e+01
   9.5045260e+06   5.8166504e+01
   9.5045460e+06   2.5085449e+01
   9.5045700e+06   2.2216797e+01
   9.5046010e+06   4.2358398e+01
   9.5046190e+06   2.0263672e+01
   9.5046560e+06   2.3437500e+01
   9.5047060e+06   2.0019531e+01
   9.5047600e+06   2.0446777e+01
   9.5048120e+06   2.0324707e+01
   9.5048540e+06   2.1240234e+01
   9.5049440e+06   2.1972656e+01
   9.7189850e+06   1.9287109e+01
   9.7191110e+06   2.8625488e+01
   9.7191590e+06   1.9592285e+01
   9.7191860e+06   1.9409180e+01
   9.7192330e+06   2.1484375e+01
   9.7192530e+06   2.5085449e+01
   9.7193520e+06   1.9897461e+01
   9.7195630e+06   2.1972656e+01
   9.7196840e+06   1.9592285e+01
   9.7196960e+06   1.9287109e+01
   9.8017100e+06   3.0883789e+01
   9.8017700e+06   2.5329590e+01
   9.8020190e+06   4.7180176e+01
   9.8020480e+06   2.1911621e+01
   9.8020720e+06   2.1484375e+01
   9.8021910e+06   2.2094727e+01
   9.8022710e+06   2.1179199e+01
   9.8023440e+06   2.0080566e+01
   9.8024040e+06   1.9958496e+01
   9.8024810e+06   1.9348145e+01
   1.0423191e+07   1.9470215e+01
   1.0423265e+07   4.9926758e+01
   1.0423336e+07   4.6936035e+01
   1.0423364e+07   2.1179199e+01
   1.0423392e+07   2.3620605e+01
   1.0423404e+07   3.7353516e+01
   1.0423432e+07   2.1057129e+01
   1.0423459e+07   3.6010742e+01
   1.0423493e+07   3.9062500e+01
   1.0423514e+07   2.3559570e+01
   1.0423529e+07   2.0812988e+01
   1.0423576e+07   2.2766113e+01
   1.0423636e+07   1.9348145e+01
   1.0423664e+07   2.1118164e+01
   1.0423775e+07   2.0263672e+01
   1.0544785e+07   2.1667480e+01
   1.0544797e+07   2.1118164e+01
   1.0544854e+07   2.1728516e+01
   1.0544876e+07   2.0812988e+01
   1.0544913e+07   2.0019531e+01
   1.0544932e+07   2.1789551e+01
   1.0544971e+07   2.1301270e+01
   1.0544985e+07   5.4321289e+01
   1.0545041e+07   1.9714355e+01
   1.0545090e+07   4.7424316e+01
   1.0545196e+07   1.9897461e+01
   1.0545215e+07   2.0751953e+01
   1.0545229e+07   5.5480957e+01
   1.0545281e+07   2.5817871e+01
   1.0545336e+07   5.4992676e+01
   1.0545500e+07   2.0019531e+01
   1.0669573e+07   1.9836426e+01
   1.0669615e+07   5.2185059e+01
   1.0669639e+07   1.9592285e+01
   1.0669668e+07   1.9470215e+01
   1.0669700e+07   1.9470215e+01
   1.0669713e+07   2.1118164e+01
   1.0669757e+07   5.5725098e+01
   1.0669792e+07   1.9348145e+01
   1.0669903e+07   2.3193359e+01
   1.0669959e+07   2.2338867e+01
   1.0670023e+07   2.1911621e+01
   1.0670157e+07   2.1972656e+01
   1.0670196e+07   1.9897461e+01
   1.0670400e+07   2.2949219e+01
   1.0815270e+07   1.9592285e+01
   1.0815289e+07   6.6223145e+01
   1.0815309e+07   2.1118164e+01
   1.0815325e+07   3.1005859e+01
   1.0815346e+07   3.3081055e+01
   1.0815358e+07   4.2785645e+01
   1.0815383e+07   3.6865234e+01
   1.0815401e+07   4.8278809e+01
   1.0815434e+07   3.0822754e+01
   1.0815451e+07   2.6184082e+01
   1.0815468e+07   4.4677734e+01
   1.0815514e+07   2.4719238e+01
   1.0815553e+07   2.9296875e+01
   1.0815606e+07   2.0629883e+01
   1.0815635e+07   2.3925781e+01
   1.0815664e+07   1.9714355e+01
   1.0815738e+07   2.0812988e+01
   1.0815776e+07   2.2949219e+01
   1.0815817e+07   1.9531250e+01
   1.0815893e+07   2.2338867e+01
   1.0816054e+07   2.3315430e+01
   1.0816214e+07   2.4047852e+01
   1.1018447e+07   2.1179199e+01
   1.1018494e+07   1.9897461e+01
   1.1018522e+07   4.9743652e+01
   1.1018567e+07   1.9775391e+01
   1.1018578e+07   4.5837402e+01
   1.1018607e+07   2.0812988e+01
   1.1018626e+07   3.0273438e+01
   1.1018641e+07   2.3132324e+01
   1.1018664e+07   2.2705078e+01
   1.1018676e+07   2.3559570e+01
   1.1018705e+07   2.1728516e+01
   1.1018766e+07   2.2766113e+01
   1.1018778e+07   2.2399902e+01
   1.1018803e+07   2.3864746e+01
   1.1018921e+07   2.5939941e+01
   1.1018971e+07   2.1545410e+01
   1.1019077e+07   1.9714355e+01
   1.1019131e+07   2.1484375e+01
   1.1019296e+07   2.1606445e+01
   1.1019728e+07   2.4719238e+01
   1.1267413e+07   3.3447266e+01
   1.1267452e+07   2.6855469e+01
   1.1267582e+07   5.2917480e+01
   1.1267628e+07   3.5461426e+01
   1.1267645e+07   2.0568848e+01
   1.1267693e+07   2.0019531e+01
   1.1267708e+07   4.2724609e+01
   1.1267744e+07   2.3986816e+01
   1.1267775e+07   2.8991699e+01
   1.1267791e+07   5.4748535e+01
   1.1267837e+07   1.9653320e+01
   1.1267882e+07   2.0324707e+01
   1.1267935e+07   2.1179199e+01
   1.1267993e+07   2.4414063e+01
   1.1268103e+07   2.3376465e+01
   1.1268171e+07   2.1301270e+01
   1.1268295e+07   2.4963379e+01
   1.1477014e+07   3.0151367e+01
   1.1477161e+07   2.4108887e+01
   1.1477245e+07   2.0446777e+01
   1.1477329e+07   2.1789551e+01
   1.1477381e+07   2.1484375e+01
   1.1477419e+07   2.3681641e+01
   1.1477444e+07   2.0019531e+01
   1.1477463e+07   1.9836426e+01
   1.1477606e+07   2.5573730e+01
   1.1477688e+07   2.1972656e+01
   1.1477721e+07   2.0751953e+01
   1.1477905e+07   2.1911621e+01
   1.1477915e+07   2.1606445e+01
   1.1478058e+07   1.9775391e+01
   1.1478171e+07   1.9409180e+01
   1.1478568e+07   1.9531250e+01
   1.1578104e+07   2.2277832e+01
   1.1578115e+07   2.2583008e+01
   1.1578186e+07   6.1462402e+01
   1.1578247e+07   2.3254395e+01
   1.1578280e+07   5.6152344e+01
   1.1578354e+07   2.0507813e+01
   1.1578375e+07   1.9470215e+01
   1.1578455e+07   1.9958496e+01
   1.1578561e+07   2.0690918e+01
   1.1731343e+07   3.0700684e+01
   1.1803395e+07   3.0456543e+01
   1.1803412e+07   5.0231934e+01
   1.1803464e+07   2.2705078e+01
   1.1909658e+07   2.2827148e+01
   1.1909755e+07   2.6977539e+01
   1.1909963e+07   5.0964355e+01
   1.1910185e+07   1.9714355e+01
   1.1910224e+07   2.6306152e+01
   1.1910480e+07   2.0935059e+01
   1.1910512e+07   1.9592285e+01
   1.1910573e+07   2.3010254e+01
   1.1910620e+07   1.9287109e+01
   1.1910647e+07   2.0629883e+01
   1.1911016e+07   2.1301270e+01
