   1.1999000e+07   0.0000000e+00
   3.5660000e+03   3.1188965e+01
   1.6263000e+04   2.3559570e+01
   2.2196000e+04   2.5634766e+01
   2.9455000e+04   2.1728516e+01
   2.9520000e+04   2.2094727e+01
   2.9887000e+04   2.7099609e+01
   2.9915000e+04   3.6010742e+01
   2.9975000e+04   2.6794434e+01
   3.7736000e+04   2.6367188e+01
   4.0274000e+04   3.4179688e+01
   4.1309000e+04   2.2766113e+01
   4.1319000e+04   2.9602051e+01
   5.4987000e+04   2.4291992e+01
   5.4999000e+04   3.6804199e+01
   5.5016000e+04   7.6171875e+01
   5.5038000e+04   3.1127930e+01
   5.5056000e+04   3.3203125e+01
   5.5068000e+04   2.8259277e+01
   5.5090000e+04   2.7160645e+01
   5.5108000e+04   3.1127930e+01
   5.5124000e+04   2.2827148e+01
   5.5135000e+04   2.1362305e+01
   5.5176000e+04   2.3925781e+01
   5.5191000e+04   4.0100098e+01
   5.5214000e+04   2.3925781e+01
   5.5240000e+04   2.3864746e+01
   5.5278000e+04   2.9479980e+01
   5.5296000e+04   2.3254395e+01
   5.5332000e+04   2.6550293e+01
   5.5344000e+04   2.5451660e+01
   5.5447000e+04   2.2888184e+01
   5.5501000e+04   2.2094727e+01
   5.5557000e+04   2.3132324e+01
   5.5573000e+04   2.8564453e+01
   5.5678000e+04   2.3254395e+01
   5.5816000e+04   2.2460938e+01
   5.6039000e+04   2.1118164e+01
   8.2224000e+04   3.1921387e+01
   8.6263000e+04   2.5695801e+01
   9.4259000e+04   2.4780273e+01
   1.0515100e+05   2.6428223e+01
   1.0840300e+05   2.1423340e+01
   1.0848300e+05   4.0222168e+01
   1.0862800e+05   2.1728516e+01
   1.0864200e+05   2.3010254e+01
   1.0868600e+05   2.3071289e+01
   1.0920900e+05   2.1972656e+01
   1.1087000e+05   3.3752441e+01
   1.1300500e+05   2.7343750e+01
   1.2375800e+05   2.6245117e+01
   1.3636400e+05   2.9724121e+01
   1.3710700e+05   2.3193359e+01
   1.3713300e+05   2.2705078e+01
   1.3714300e+05   2.1179199e+01
   1.6397800e+05   2.6611328e+01
   1.6404900e+05   2.8503418e+01
   1.6513100e+05   2.4475098e+01
   1.6887700e+05   2.5878906e+01
   1.7801900e+05   2.8076172e+01
   1.8037900e+05   2.1850586e+01
   1.8084800e+05   2.1850586e+01
   1.8121200e+05   2.1606445e+01
   1.8181600e+05   4.2907715e+01
   1.8200300e+05   2.3925781e+01
   1.8201400e+05   3.8818359e+01
   2.0211800e+05   3.7841797e+01
   2.0213600e+05   2.0812988e+01
   2.0291400e+05   2.9724121e+01
   2.0624800e+05   2.9907227e+01
   2.0742000e+05   2.4719238e+01
   2.1074800e+05   2.3437500e+01
   2.1076100e+05   2.2521973e+01
   2.1080400e+05   2.8015137e+01
   2.1144400e+05   2.1301270e+01
   2.1229100e+05   2.9052734e+01
   2.2547600e+05   2.8259277e+01
   2.2727100e+05   3.2531738e+01
   2.3451700e+05   3.3325195e+01
   2.3453800e+05   2.8137207e+01
   2.3455100e+05   3.0517578e+01
   2.3458200e+05   2.7465820e+01
   2.3506400e+05   3.1372070e+01
   2.3515300e+05   2.4108887e+01
   2.3565000e+05   3.3813477e+01
   2.3573500e+05   2.0874023e+01
   2.3575500e+05   2.2766113e+01
   2.4439700e+05   2.0996094e+01
   2.4448800e+05   2.2338867e+01
   2.4503100e+05   3.8757324e+01
   2.6593800e+05   3.8513184e+01
   2.6666800e+05   2.3925781e+01
   2.6668500e+05   2.5878906e+01
   2.6718500e+05   4.2663574e+01
   2.6771000e+05   3.5034180e+01
   2.6798000e+05   2.6489258e+01
   2.7130100e+05   2.8869629e+01
   2.8192600e+05   2.6428223e+01
   2.8238000e+05   2.1911621e+01
   2.8242900e+05   3.0029297e+01
   2.8320300e+05   2.2155762e+01
   2.8325500e+05   3.2775879e+01
   2.8333800e+05   2.7832031e+01
   2.8354100e+05   3.4912109e+01
   2.8406400e+05   2.0996094e+01
   2.8408900e+05   2.8015137e+01
   2.8426600e+05   2.5390625e+01
   2.9858700e+05   2.6916504e+01
   3.0282800e+05   3.1738281e+01
   3.0886500e+05   2.5573730e+01
   3.1088200e+05   2.3437500e+01
   3.1225300e+05   5.3283691e+01
   3.1227000e+05   8.1481934e+01
   3.1230200e+05   3.6499023e+01
   3.1231200e+05   5.2368164e+01
   3.1234100e+05   2.4658203e+01
   3.1236700e+05   2.3132324e+01
   3.1237800e+05   3.2958984e+01
   3.1240100e+05   3.0578613e+01
   3.1245800e+05   2.4475098e+01
   3.1250600e+05   2.5085449e+01
   3.1253100e+05   2.1118164e+01
   3.1255700e+05   2.2094727e+01
   3.1262600e+05   2.4780273e+01
   3.1269800e+05   2.3315430e+01
   3.1281600e+05   2.3315430e+01
   3.1291400e+05   2.4414063e+01
   3.1315900e+05   2.6184082e+01
   3.2809700e+05   2.5390625e+01
   3.2959600e+05   2.3803711e+01
   3.3803000e+05   2.9174805e+01
   3.4099600e+05   2.9724121e+01
   3.6397400e+05   2.4536133e+01
   3.6420900e+05   2.5268555e+01
   3.6423500e+05   3.8513184e+01
   3.6455600e+05   3.1555176e+01
   3.6489800e+05   2.5573730e+01
   3.6492500e+05   2.3376465e+01
   3.6531700e+05   3.6621094e+01
   3.7886600e+05   2.5390625e+01
   4.0036000e+05   2.7954102e+01
   4.0037300e+05   2.3681641e+01
   4.0052700e+05   2.6977539e+01
   4.0140400e+05   2.4475098e+01
   4.0158300e+05   3.1677246e+01
   4.0161800e+05   2.1789551e+01
   4.1899400e+05   2.8869629e+01
   4.6087200e+05   2.4169922e+01
   4.6330900e+05   2.1667480e+01
   4.6341300e+05   3.0029297e+01
   4.7921400e+05   2.9174805e+01
   4.9255000e+05   4.1320801e+01
   5.1356500e+05   2.2277832e+01
   5.1380400e+05   2.4475098e+01
   5.1381900e+05   3.2409668e+01
   5.1476600e+05   2.8320313e+01
   5.4157400e+05   2.5024414e+01
   5.4158800e+05   3.2043457e+01
   5.4255500e+05   3.6926270e+01
   5.5966200e+05   2.5512695e+01
   5.6098800e+05   2.6977539e+01
   5.6642400e+05   3.1311035e+01
   5.6726100e+05   2.2155762e+01
   5.6749600e+05   3.6804199e+01
   5.6844100e+05   4.1320801e+01
   5.7024200e+05   2.6733398e+01
   5.7354500e+05   2.9296875e+01
   5.8307900e+05   2.5695801e+01
   5.8497200e+05   2.1057129e+01
   6.0716800e+05   2.9235840e+01
   6.0920000e+05   2.9418945e+01
   6.1100600e+05   2.7282715e+01
   6.1109900e+05   2.2705078e+01
   6.1112600e+05   2.4963379e+01
   6.1117400e+05   3.3203125e+01
   6.1196200e+05   3.0822754e+01
   6.1203500e+05   2.4108887e+01
   6.1267000e+05   2.5207520e+01
   6.1268100e+05   3.9184570e+01
   6.1689100e+05   2.8869629e+01
   6.2734400e+05   2.6245117e+01
   6.4436500e+05   2.7282715e+01
   6.4441000e+05   2.2155762e+01
   6.4540800e+05   2.4780273e+01
   6.4543400e+05   3.1372070e+01
   6.4546100e+05   2.1545410e+01
   6.4550800e+05   2.4475098e+01
   6.6309500e+05   2.4902344e+01
   6.6761800e+05   3.0395508e+01
   6.6763900e+05   2.3010254e+01
   6.6840800e+05   3.0761719e+01
   6.6841800e+05   2.0751953e+01
   6.6906800e+05   3.5278320e+01
   6.6909100e+05   2.6306152e+01
   6.6979600e+05   3.6499023e+01
   6.7790600e+05   2.6123047e+01
   6.9496400e+05   2.4353027e+01
   6.9966200e+05   3.2348633e+01
   7.0022500e+05   4.0466309e+01
   7.0070900e+05   2.6550293e+01
   7.0079000e+05   4.4494629e+01
   7.0130800e+05   2.6794434e+01
   7.0184300e+05   3.6987305e+01
   7.0185800e+05   2.5695801e+01
   7.1962500e+05   3.2775879e+01
   7.1964400e+05   2.1240234e+01
   7.1968300e+05   2.8503418e+01
   7.2019100e+05   2.9663086e+01
   7.2021100e+05   3.5644531e+01
   7.2039000e+05   2.5024414e+01
   7.2089900e+05   2.4169922e+01
   7.2093800e+05   2.8381348e+01
   7.2110600e+05   3.9672852e+01
   7.2764300e+05   2.1911621e+01
   7.8183800e+05   2.0751953e+01
   7.8192400e+05   2.1667480e+01
   7.8193800e+05   4.2480469e+01
   7.8198900e+05   3.2409668e+01
   7.8258200e+05   2.8442383e+01
   7.8259500e+05   2.7954102e+01
   7.8261600e+05   2.5268555e+01
   7.8324700e+05   3.1372070e+01
   7.8394700e+05   3.3264160e+01
   8.2408500e+05   2.0935059e+01
   8.2416700e+05   2.7343750e+01
   8.2454400e+05   3.7719727e+01
   8.2456300e+05   2.4902344e+01
   8.2462600e+05   2.8869629e+01
   8.2527400e+05   2.5695801e+01
   8.4565500e+05   2.8503418e+01
   8.6042500e+05   4.3151855e+01
   8.6046100e+05   2.1240234e+01
   8.6092300e+05   2.2705078e+01
   8.6098500e+05   2.8015137e+01
   8.7214700e+05   3.2348633e+01
   8.7269400e+05   2.4902344e+01
   8.7271800e+05   3.6743164e+01
   8.7274800e+05   2.1423340e+01
   8.7368400e+05   4.0710449e+01
   8.9763500e+05   3.0151367e+01
   9.2567800e+05   2.2460938e+01
   9.2791400e+05   3.0273438e+01
   9.3095000e+05   2.7404785e+01
   9.3434100e+05   2.1179199e+01
   9.3453000e+05   2.3925781e+01
   9.3479200e+05   2.0751953e+01
   9.3480300e+05   3.6987305e+01
   9.3488100e+05   2.2705078e+01
   9.3538800e+05   2.4475098e+01
   9.3541300e+05   3.1616211e+01
   9.3582000e+05   2.6611328e+01
   9.3863400e+05   2.5573730e+01
   9.4283700e+05   2.4658203e+01
   9.4653500e+05   2.6672363e+01
   9.5562100e+05   2.2338867e+01
   9.6147100e+05   2.4719238e+01
   9.6157900e+05   3.9123535e+01
   9.6162700e+05   2.2583008e+01
   9.6164500e+05   2.8198242e+01
   9.6205600e+05   4.0771484e+01
   9.6209800e+05   2.8503418e+01
   9.6211600e+05   4.3334961e+01
   9.6214100e+05   7.5134277e+01
   9.6215300e+05   3.3752441e+01
   9.6218500e+05   6.3964844e+01
   9.6221100e+05   3.9794922e+01
   9.6222800e+05   3.5705566e+01
   9.6224800e+05   2.5939941e+01
   9.6225900e+05   2.8991699e+01
   9.6227200e+05   2.4169922e+01
   9.6229300e+05   2.3925781e+01
   9.6232600e+05   2.2766113e+01
   9.6234700e+05   2.1484375e+01
   9.6237100e+05   2.7038574e+01
   9.6241600e+05   2.2155762e+01
   9.6253300e+05   3.1311035e+01
   9.6256600e+05   2.1484375e+01
   9.6268100e+05   3.6437988e+01
   9.6273700e+05   2.5817871e+01
   9.6280500e+05   2.1057129e+01
   9.6297600e+05   2.1667480e+01
   9.7434400e+05   2.8137207e+01
   9.9026000e+05   2.4414063e+01
   9.9810600e+05   2.4536133e+01
   9.9816800e+05   2.9724121e+01
   9.9821300e+05   2.4414063e+01
   9.9928700e+05   2.3010254e+01
   9.9934000e+05   4.3457031e+01
   9.9939200e+05   2.0812988e+01
   9.9969200e+05   3.2958984e+01
   9.9988100e+05   4.4555664e+01
   1.0000480e+06   2.2338867e+01
   1.0173620e+06   2.4291992e+01
   1.0331940e+06   2.4108887e+01
   1.0371020e+06   2.0874023e+01
   1.0574780e+06   2.7221680e+01
   1.0581830e+06   3.0700684e+01
   1.0588460e+06   2.5085449e+01
   1.0644800e+06   2.3193359e+01
   1.0800540e+06   3.2653809e+01
   1.0814880e+06   2.2827148e+01
   1.0870640e+06   2.6977539e+01
   1.0908400e+06   2.2521973e+01
   1.0913160e+06   2.2094727e+01
   1.0913280e+06   3.5888672e+01
   1.0920050e+06   2.1606445e+01
   1.0920630e+06   3.4973145e+01
   1.1083800e+06   3.1127930e+01
   1.1084010e+06   7.9772949e+01
   1.1084310e+06   3.5644531e+01
   1.1084420e+06   2.9541016e+01
   1.1084660e+06   3.5156250e+01
   1.1084890e+06   2.8076172e+01
   1.1085110e+06   2.5329590e+01
   1.1085420e+06   2.2583008e+01
   1.1085650e+06   3.0212402e+01
   1.1085930e+06   2.8686523e+01
   1.1086240e+06   3.0029297e+01
   1.1086960e+06   3.4057617e+01
   1.1087540e+06   2.4963379e+01
   1.1088710e+06   2.1850586e+01
   1.1090270e+06   2.1545410e+01
   1.1090890e+06   2.0874023e+01
   1.1094510e+06   2.9602051e+01
   1.1338050e+06   2.8259277e+01
   1.1378980e+06   2.6062012e+01
   1.1437690e+06   2.2827148e+01
   1.1689520e+06   3.0700684e+01
   1.1754140e+06   2.8198242e+01
   1.1912860e+06   2.5207520e+01
   1.1968690e+06   2.2521973e+01
   1.1970260e+06   2.7587891e+01
   1.1971940e+06   2.0812988e+01
   1.1972560e+06   2.1301270e+01
   1.1973820e+06   2.2766113e+01
   1.1974550e+06   2.4291992e+01
   1.1976280e+06   2.1301270e+01
   1.1980570e+06   2.9724121e+01
   1.1992400e+06   2.5451660e+01
   1.2106580e+06   2.5451660e+01
   1.2256450e+06   2.6672363e+01
   1.2360710e+06   2.7770996e+01
   1.2447920e+06   2.6123047e+01
   1.2448110e+06   2.1362305e+01
   1.2467530e+06   2.3925781e+01
   1.2467870e+06   3.7414551e+01
   1.2468000e+06   2.2216797e+01
   1.2513560e+06   2.9052734e+01
   1.2671980e+06   2.0812988e+01
   1.2673330e+06   3.3386230e+01
   1.2678160e+06   3.6437988e+01
   1.2679150e+06   2.9968262e+01
   1.2681980e+06   2.6000977e+01
   1.2684080e+06   3.0639648e+01
   1.2688930e+06   3.2531738e+01
   1.2695580e+06   2.5512695e+01
   1.2954320e+06   2.4658203e+01
   1.2972730e+06   2.6306152e+01
   1.3067820e+06   2.5939941e+01
   1.3073090e+06   4.6997070e+01
   1.3078450e+06   3.0700684e+01
   1.3083780e+06   2.2094727e+01
   1.3084650e+06   3.5949707e+01
   1.3084820e+06   2.2888184e+01
   1.3087990e+06   2.4169922e+01
   1.3088190e+06   2.3132324e+01
   1.3088330e+06   3.2470703e+01
   1.3148110e+06   2.6245117e+01
   1.3400930e+06   2.9602051e+01
   1.3443040e+06   2.1850586e+01
   1.3444160e+06   2.2033691e+01
   1.3444760e+06   2.7221680e+01
   1.3452380e+06   3.1921387e+01
   1.3458910e+06   3.0029297e+01
   1.3459160e+06   2.4780273e+01
   1.3459560e+06   2.1362305e+01
   1.3460390e+06   3.0883789e+01
   1.3461100e+06   2.1789551e+01
   1.3461270e+06   2.1057129e+01
   1.3465630e+06   2.6184082e+01
   1.3817720e+06   3.9916992e+01
   1.3824970e+06   2.1179199e+01
   1.3825160e+06   2.3620605e+01
   1.3825570e+06   3.6743164e+01
   1.3826210e+06   3.1738281e+01
   1.3831750e+06   3.4790039e+01
   1.3831860e+06   2.5756836e+01
   1.3832300e+06   2.9602051e+01
   1.3832420e+06   2.1606445e+01
   1.3886380e+06   2.6672363e+01
   1.3923710e+06   3.8146973e+01
   1.3944980e+06   3.3935547e+01
   1.4417960e+06   2.1850586e+01
   1.4539240e+06   2.1728516e+01
   1.4539810e+06   3.1982422e+01
   1.5033580e+06   2.7709961e+01
   1.5073310e+06   2.2460938e+01
   1.5136600e+06   3.4484863e+01
   1.5138200e+06   3.0090332e+01
   1.5141990e+06   2.2033691e+01
   1.5142660e+06   3.1066895e+01
   1.5371350e+06   2.4963379e+01
   1.5416930e+06   2.9113770e+01
   1.5433800e+06   2.9235840e+01
   1.5601330e+06   2.6977539e+01
   1.5640060e+06   3.0395508e+01
   1.5788240e+06   2.1484375e+01
   1.5789480e+06   2.5390625e+01
   1.5791740e+06   3.0212402e+01
   1.5796680e+06   2.1423340e+01
   1.5803820e+06   2.5085449e+01
   1.5938280e+06   2.8808594e+01
   1.6049360e+06   3.0578613e+01
   1.6071610e+06   3.1860352e+01
   1.6155580e+06   2.7099609e+01
   1.6217520e+06   2.6367188e+01
   1.6247670e+06   2.3254395e+01
   1.6247870e+06   6.6101074e+01
   1.6248010e+06   4.5776367e+01
   1.6248180e+06   5.2612305e+01
   1.6248420e+06   4.0283203e+01
   1.6248520e+06   2.5268555e+01
   1.6248750e+06   2.2644043e+01
   1.6248930e+06   2.2949219e+01
   1.6249220e+06   3.1494141e+01
   1.6249550e+06   2.5268555e+01
   1.6250070e+06   2.6367188e+01
   1.6250230e+06   2.2644043e+01
   1.6250580e+06   3.6987305e+01
   1.6251510e+06   2.3559570e+01
   1.6252280e+06   2.4841309e+01
   1.6253360e+06   2.7099609e+01
   1.6255510e+06   2.1789551e+01
   1.6370600e+06   2.3315430e+01
   1.6385910e+06   3.9001465e+01
   1.6388140e+06   2.3010254e+01
   1.6388290e+06   3.0334473e+01
   1.6389530e+06   2.8137207e+01
   1.6391390e+06   3.3203125e+01
   1.6391490e+06   3.4057617e+01
   1.6392110e+06   2.3620605e+01
   1.6396060e+06   2.1728516e+01
   1.6504820e+06   2.3315430e+01
   1.6521960e+06   2.8320313e+01
   1.6550300e+06   2.9357910e+01
   1.6571680e+06   2.7648926e+01
   1.6715440e+06   2.5756836e+01
   1.6806980e+06   2.8686523e+01
   1.6875000e+06   2.7709961e+01
   1.6880540e+06   2.2399902e+01
   1.6899040e+06   2.1423340e+01
   1.6900090e+06   2.2888184e+01
   1.6900220e+06   2.5878906e+01
   1.6900670e+06   3.2165527e+01
   1.6900780e+06   2.4291992e+01
   1.6901460e+06   2.4841309e+01
   1.6901590e+06   2.4475098e+01
   1.6902310e+06   2.0935059e+01
   1.6902970e+06   3.5156250e+01
   1.6903360e+06   2.2155762e+01
   1.6904740e+06   5.3283691e+01
   1.6907890e+06   2.9235840e+01
   1.7165430e+06   2.6916504e+01
   1.7180240e+06   2.4047852e+01
   1.7240640e+06   3.1188965e+01
   1.7370700e+06   2.3620605e+01
   1.7416700e+06   2.8991699e+01
   1.7439320e+06   2.6733398e+01
   1.7531830e+06   3.3813477e+01
   1.7537670e+06   3.6926270e+01
   1.7587170e+06   2.4291992e+01
   1.7641240e+06   2.7221680e+01
   1.7656780e+06   2.1850586e+01
   1.7671380e+06   3.6560059e+01
   1.7900400e+06   3.1066895e+01
   1.7915440e+06   2.1423340e+01
   1.7915640e+06   3.6071777e+01
   1.7916100e+06   2.3681641e+01
   1.7923260e+06   3.3203125e+01
   1.8030880e+06   2.8930664e+01
   1.8125120e+06   2.6306152e+01
   1.8379470e+06   2.7526855e+01
   1.8425130e+06   2.3559570e+01
   1.8429100e+06   2.3620605e+01
   1.8430780e+06   2.1362305e+01
   1.8435160e+06   3.8024902e+01
   1.8444150e+06   3.1677246e+01
   1.8561150e+06   3.1005859e+01
   1.8669870e+06   2.3071289e+01
   1.8738980e+06   3.0090332e+01
   1.8739170e+06   8.3435059e+01
   1.8739410e+06   4.3029785e+01
   1.8739620e+06   2.9174805e+01
   1.8739910e+06   3.3203125e+01
   1.8740020e+06   2.4719238e+01
   1.8740200e+06   2.4475098e+01
   1.8740410e+06   3.1494141e+01
   1.8740750e+06   2.4658203e+01
   1.8740940e+06   3.1127930e+01
   1.8741290e+06   2.2338867e+01
   1.8743090e+06   2.4719238e+01
   1.8744190e+06   2.3620605e+01
   1.8744620e+06   3.5339355e+01
   1.8746020e+06   2.5939941e+01
   1.8746810e+06   2.1789551e+01
   1.8748580e+06   2.0935059e+01
   1.8753710e+06   2.3559570e+01
   1.8923010e+06   2.9113770e+01
   1.8974300e+06   3.3935547e+01
   1.9021560e+06   2.9724121e+01
   1.9553680e+06   2.9846191e+01
   1.9661190e+06   2.1423340e+01
   1.9776950e+06   2.6062012e+01
   1.9777730e+06   3.3935547e+01
   1.9778350e+06   2.4780273e+01
   1.9778850e+06   2.1606445e+01
   1.9783840e+06   3.0761719e+01
   1.9784330e+06   3.4301758e+01
   2.0051650e+06   2.5634766e+01
   2.0052200e+06   2.9846191e+01
   2.0094780e+06   3.0700684e+01
   2.0274450e+06   2.5512695e+01
   2.0371910e+06   2.7099609e+01
   2.0401350e+06   2.3254395e+01
   2.0502470e+06   2.1179199e+01
   2.0504570e+06   3.6437988e+01
   2.0533110e+06   2.6489258e+01
   2.0673790e+06   2.4780273e+01
   2.0803600e+06   2.7160645e+01
   2.0908550e+06   2.6367187e+01
   2.0966760e+06   2.8381348e+01
   2.0975990e+06   2.3315430e+01
   2.0985320e+06   2.3315430e+01
   2.1161040e+06   2.9113770e+01
   2.1226840e+06   2.6000977e+01
   2.1327130e+06   3.5461426e+01
   2.1373310e+06   2.2888184e+01
   2.1415140e+06   2.6428223e+01
   2.1483180e+06   2.7893066e+01
   2.1494430e+06   2.6611328e+01
   2.1547320e+06   2.1789551e+01
   2.1547680e+06   3.1921387e+01
   2.1547830e+06   2.6367188e+01
   2.1548000e+06   2.1240234e+01
   2.1554230e+06   2.6550293e+01
   2.1685950e+06   2.9846191e+01
   2.1761090e+06   2.4719238e+01
   2.1853200e+06   2.5573730e+01
   2.1926280e+06   4.7424316e+01
   2.1936610e+06   2.5756836e+01
   2.2054820e+06   2.5390625e+01
   2.2123830e+06   2.9174805e+01
   2.2253520e+06   2.4475098e+01
   2.2307440e+06   2.1057129e+01
   2.2311980e+06   3.4545898e+01
   2.2331050e+06   2.8381348e+01
   2.2455760e+06   2.7099609e+01
   2.2553380e+06   2.7770996e+01
   2.2708660e+06   3.1127930e+01
   2.2712780e+06   2.1179199e+01
   2.2713050e+06   2.1789551e+01
   2.2714320e+06   2.1057129e+01
   2.2717760e+06   2.5695801e+01
   2.2717920e+06   3.4301758e+01
   2.2758350e+06   2.7893066e+01
   2.2775680e+06   2.7404785e+01
   2.2878300e+06   2.9113770e+01
   2.2910120e+06   2.7465820e+01
   2.2966570e+06   2.3498535e+01
   2.3020260e+06   2.8991699e+01
   2.3076510e+06   2.9541016e+01
   2.3131150e+06   2.3376465e+01
   2.3133040e+06   2.1423340e+01
   2.3133400e+06   4.1625977e+01
   2.3140150e+06   2.3071289e+01
   2.3226110e+06   2.5512695e+01
   2.3248980e+06   2.7648926e+01
   2.3272950e+06   2.5634766e+01
   2.3294260e+06   2.3193359e+01
   2.3338200e+06   2.1423340e+01
   2.3482770e+06   2.9663086e+01
   2.3547380e+06   3.1860352e+01
   2.3576260e+06   2.5512695e+01
   2.3594140e+06   2.7160645e+01
   2.3714760e+06   2.5878906e+01
   2.3774930e+06   2.2094727e+01
   2.3775270e+06   2.6550293e+01
   2.3782080e+06   2.2033691e+01
   2.3782530e+06   2.9479980e+01
   2.3841180e+06   3.2653809e+01
   2.3965960e+06   2.0996094e+01
   2.3966370e+06   3.1799316e+01
   2.3980520e+06   2.9846191e+01
   2.4033110e+06   3.9489746e+01
   2.4033270e+06   7.7331543e+01
   2.4033550e+06   5.5297852e+01
   2.4033820e+06   2.4780273e+01
   2.4034030e+06   2.9602051e+01
   2.4034140e+06   2.5085449e+01
   2.4034360e+06   3.7353516e+01
   2.4034470e+06   2.9907227e+01
   2.4034570e+06   3.1799316e+01
   2.4034890e+06   2.4719238e+01
   2.4035320e+06   2.0935059e+01
   2.4035670e+06   2.1057129e+01
   2.4035950e+06   2.1484375e+01
   2.4036220e+06   2.1911621e+01
   2.4036940e+06   2.1057129e+01
   2.4037680e+06   2.3681641e+01
   2.4038290e+06   2.4230957e+01
   2.4041030e+06   2.3803711e+01
   2.4121050e+06   3.0578613e+01
   2.4152310e+06   2.8747559e+01
   2.4265880e+06   2.5756836e+01
   2.4275360e+06   2.1118164e+01
   2.4295770e+06   2.9846191e+01
   2.4316280e+06   2.0812988e+01
   2.4449120e+06   2.6306152e+01
   2.4486890e+06   2.3925781e+01
   2.4643120e+06   2.6916504e+01
   2.4808560e+06   2.7648926e+01
   2.4855670e+06   2.8625488e+01
   2.4923470e+06   3.4301758e+01
   2.5042820e+06   2.8076172e+01
   2.5138640e+06   2.4841309e+01
   2.5139370e+06   2.2888184e+01
   2.5139840e+06   2.4047852e+01
   2.5140520e+06   2.3132324e+01
   2.5140740e+06   2.2399902e+01
   2.5141320e+06   2.1484375e+01
   2.5141450e+06   3.4240723e+01
   2.5249180e+06   2.5573730e+01
   2.5336770e+06   3.0273438e+01
   2.5594170e+06   2.9663086e+01
   2.5730400e+06   3.8696289e+01
   2.5736680e+06   2.1728516e+01
   2.5736980e+06   3.6010742e+01
   2.5737820e+06   4.1503906e+01
   2.5995020e+06   2.4353027e+01
   2.6004660e+06   2.5146484e+01
   2.6023320e+06   3.0090332e+01
   2.6027720e+06   2.5207520e+01
   2.6040020e+06   2.8442383e+01
   2.6108730e+06   3.1311035e+01
   2.6154830e+06   2.4169922e+01
   2.6167530e+06   2.7099609e+01
   2.6277330e+06   3.6926270e+01
   2.6278380e+06   2.5695801e+01
   2.6282260e+06   3.1738281e+01
   2.6282470e+06   3.8635254e+01
   2.6282740e+06   6.2500000e+01
   2.6282980e+06   2.8381348e+01
   2.6283150e+06   5.6640625e+01
   2.6283310e+06   2.2766113e+01
   2.6283540e+06   4.6325684e+01
   2.6283790e+06   2.7038574e+01
   2.6283890e+06   2.3864746e+01
   2.6284140e+06   2.0751953e+01
   2.6284490e+06   2.1728516e+01
   2.6284670e+06   2.3803711e+01
   2.6285790e+06   2.6367188e+01
   2.6288410e+06   2.7404785e+01
   2.6577470e+06   2.8076172e+01
   2.6600050e+06   2.3254395e+01
   2.6660110e+06   2.7465820e+01
   2.6704940e+06   2.3498535e+01
   2.6729760e+06   2.7526855e+01
   2.6730010e+06   4.1809082e+01
   2.6730180e+06   8.0810547e+01
   2.6730370e+06   2.9663086e+01
   2.6730490e+06   4.9682617e+01
   2.6730670e+06   3.3569336e+01
   2.6730980e+06   2.2766113e+01
   2.6731160e+06   3.4606934e+01
   2.6731530e+06   2.6062012e+01
   2.6731730e+06   2.1240234e+01
   2.6731990e+06   2.1850586e+01
   2.6732320e+06   2.3254395e+01
   2.6732460e+06   2.6062012e+01
   2.6732560e+06   2.5146484e+01
   2.6732930e+06   2.0935059e+01
   2.6733190e+06   2.7954102e+01
   2.6733580e+06   2.2094727e+01
   2.6733950e+06   2.0935059e+01
   2.6734260e+06   2.3498535e+01
   2.6734540e+06   2.1240234e+01
   2.6734880e+06   2.7221680e+01
   2.6737450e+06   2.3620605e+01
   2.6737630e+06   2.1545410e+01
   2.6739420e+06   3.3752441e+01
   2.6745370e+06   2.3437500e+01
   2.6868830e+06   2.8808594e+01
   2.6878400e+06   2.0996094e+01
   2.6940180e+06   2.2460937e+01
   2.6982980e+06   2.3925781e+01
   2.6991150e+06   2.8503418e+01
   2.7026390e+06   2.3925781e+01
   2.7045060e+06   2.4230957e+01
   2.7362300e+06   2.3864746e+01
   2.7363110e+06   2.1972656e+01
   2.7363790e+06   4.5043945e+01
   2.7364270e+06   2.6550293e+01
   2.7364540e+06   2.2277832e+01
   2.7364940e+06   2.3925781e+01
   2.7365120e+06   3.6804199e+01
   2.7365390e+06   8.9965820e+01
   2.7365600e+06   3.4301758e+01
   2.7365900e+06   7.9101563e+01
   2.7366230e+06   3.4362793e+01
   2.7366330e+06   3.2653809e+01
   2.7366630e+06   2.9113770e+01
   2.7367060e+06   2.8198242e+01
   2.7367350e+06   2.2705078e+01
   2.7367580e+06   2.8259277e+01
   2.7368040e+06   2.3620605e+01
   2.7368240e+06   2.1911621e+01
   2.7369580e+06   2.1362305e+01
   2.7535860e+06   2.4169922e+01
   2.7622090e+06   2.8808594e+01
   2.7683270e+06   3.1066895e+01
   2.7740220e+06   3.0212402e+01
   2.7777750e+06   3.1311035e+01
   2.7789780e+06   2.7282715e+01
   2.7971900e+06   2.7221680e+01
   2.8029560e+06   2.6428223e+01
   2.8124880e+06   2.3193359e+01
   2.8129710e+06   3.0761719e+01
   2.8197290e+06   2.5695801e+01
   2.8215830e+06   2.1545410e+01
   2.8236570e+06   2.3559570e+01
   2.8260590e+06   2.3437500e+01
   2.8308180e+06   2.4658203e+01
   2.8322950e+06   2.5939941e+01
   2.8374510e+06   2.5024414e+01
   2.8375500e+06   3.1433105e+01
   2.8375810e+06   2.9357910e+01
   2.8375970e+06   3.1982422e+01
   2.8376150e+06   8.6120605e+01
   2.8376450e+06   6.1584473e+01
   2.8376610e+06   2.8442383e+01
   2.8376750e+06   2.1911621e+01
   2.8376960e+06   3.0944824e+01
   2.8377260e+06   2.5146484e+01
   2.8377500e+06   2.4047852e+01
   2.8377720e+06   2.5146484e+01
   2.8377870e+06   2.4414063e+01
   2.8378060e+06   2.8991699e+01
   2.8378410e+06   3.3508301e+01
   2.8378880e+06   2.2338867e+01
   2.8379390e+06   2.3742676e+01
   2.8380820e+06   2.1789551e+01
   2.8381470e+06   2.1057129e+01
   2.8398650e+06   2.3498535e+01
   2.8444770e+06   2.6977539e+01
   2.8484730e+06   2.9907227e+01
   2.8541340e+06   3.2775879e+01
   2.8583760e+06   2.9907227e+01
   2.8622650e+06   2.8564453e+01
   2.8735860e+06   2.4169922e+01
   2.8768430e+06   2.9296875e+01
   2.8816270e+06   2.6306152e+01
   2.8832040e+06   2.1240234e+01
   2.8896550e+06   2.9479980e+01
   2.8896690e+06   2.6367188e+01
   2.8896830e+06   2.1911621e+01
   2.8897210e+06   3.0090332e+01
   2.8897600e+06   2.9724121e+01
   2.8897910e+06   2.1057129e+01
   2.8898180e+06   3.2653809e+01
   2.8898300e+06   4.8278809e+01
   2.8898570e+06   2.2338867e+01
   2.8898890e+06   8.0322266e+01
   2.8899020e+06   3.7536621e+01
   2.8899290e+06   3.1005859e+01
   2.8899550e+06   6.2438965e+01
   2.8899700e+06   3.9855957e+01
   2.8900000e+06   2.8076172e+01
   2.8900240e+06   2.4902344e+01
   2.8900400e+06   4.6142578e+01
   2.8900660e+06   3.9489746e+01
   2.8901110e+06   2.6062012e+01
   2.8901370e+06   2.1606445e+01
   2.8901710e+06   2.3193359e+01
   2.8903180e+06   2.5146484e+01
   2.8908760e+06   2.1362305e+01
   2.8910040e+06   2.1972656e+01
   2.8998410e+06   2.9174805e+01
   2.9157700e+06   2.5329590e+01
   2.9180860e+06   2.4963379e+01
   2.9210740e+06   3.0212402e+01
   2.9278850e+06   2.9235840e+01
   2.9334230e+06   2.6306152e+01
   2.9389940e+06   2.9052734e+01
   2.9390630e+06   2.0812988e+01
   2.9391130e+06   2.4108887e+01
   2.9391880e+06   3.1982422e+01
   2.9392010e+06   4.2541504e+01
   2.9392280e+06   2.5695801e+01
   2.9392500e+06   4.7058105e+01
   2.9392710e+06   3.4362793e+01
   2.9392900e+06   7.7148437e+01
   2.9393210e+06   2.5207520e+01
   2.9393400e+06   2.6550293e+01
   2.9393570e+06   2.1301270e+01
   2.9393730e+06   2.7954102e+01
   2.9394060e+06   2.8747559e+01
   2.9394480e+06   2.4780273e+01
   2.9395100e+06   2.2094727e+01
   2.9395300e+06   2.3559570e+01
   2.9396540e+06   2.3193359e+01
   2.9397090e+06   2.1240234e+01
   2.9397240e+06   2.1545410e+01
   2.9398200e+06   2.5512695e+01
   2.9398990e+06   2.2399902e+01
   2.9399360e+06   2.7526855e+01
   2.9400820e+06   2.0874023e+01
   2.9404190e+06   2.3620605e+01
   2.9405150e+06   2.3132324e+01
   2.9426860e+06   2.3193359e+01
   2.9496750e+06   2.8381348e+01
   2.9555220e+06   2.6733398e+01
   2.9601680e+06   2.3864746e+01
   2.9701490e+06   2.8076172e+01
   2.9716950e+06   3.0700684e+01
   2.9898650e+06   2.2155762e+01
   3.0020730e+06   2.9113770e+01
   3.0021260e+06   3.9428711e+01
   3.0021620e+06   2.9785156e+01
   3.0021930e+06   4.2419434e+01
   3.0022140e+06   2.6489258e+01
   3.0022320e+06   2.1179199e+01
   3.0022670e+06   3.7414551e+01
   3.0022830e+06   6.5063477e+01
   3.0022970e+06   2.4047852e+01
   3.0023280e+06   2.7893066e+01
   3.0023390e+06   5.2001953e+01
   3.0023640e+06   2.7526855e+01
   3.0023980e+06   3.0151367e+01
   3.0024230e+06   2.3986816e+01
   3.0024340e+06   2.1301270e+01
   3.0024550e+06   2.0874023e+01
   3.0024920e+06   2.2827148e+01
   3.0025390e+06   2.5817871e+01
   3.0026990e+06   2.5451660e+01
   3.0027720e+06   2.3071289e+01
   3.0028950e+06   2.5939941e+01
   3.0030340e+06   2.3864746e+01
   3.0031200e+06   2.3925781e+01
   3.0031920e+06   2.3010254e+01
   3.0032260e+06   2.2583008e+01
   3.0033110e+06   2.5573730e+01
   3.0033470e+06   2.5817871e+01
   3.0034000e+06   2.5756836e+01
   3.0035070e+06   2.8503418e+01
   3.0036220e+06   2.9357910e+01
   3.0037220e+06   3.5888672e+01
   3.0038930e+06   3.6682129e+01
   3.0111040e+06   2.7587891e+01
   3.0257340e+06   2.4291992e+01
   3.0464270e+06   2.4108887e+01
   3.0484380e+06   3.0517578e+01
   3.0638660e+06   2.9785156e+01
   3.0710050e+06   2.3742676e+01
   3.0736950e+06   2.3986816e+01
   3.0805720e+06   2.5024414e+01
   3.0829260e+06   3.4851074e+01
   3.0829440e+06   2.1240234e+01
   3.0829650e+06   2.8442383e+01
   3.0830290e+06   2.4169922e+01
   3.0830690e+06   2.6611328e+01
   3.0831470e+06   3.4362793e+01
   3.0832340e+06   2.0751953e+01
   3.0833150e+06   2.8930664e+01
   3.0836460e+06   2.5817871e+01
   3.0840650e+06   2.1972656e+01
   3.0901670e+06   2.3071289e+01
   3.0938310e+06   2.5024414e+01
   3.1067750e+06   4.0161133e+01
   3.1067990e+06   2.0751953e+01
   3.1071210e+06   3.4912109e+01
   3.1082870e+06   2.6062012e+01
   3.1277730e+06   2.4230957e+01
   3.1323220e+06   3.2531738e+01
   3.1324650e+06   3.4667969e+01
   3.1328130e+06   3.0639648e+01
   3.1447330e+06   2.5817871e+01
   3.1449150e+06   3.5400391e+01
   3.1449960e+06   2.1850586e+01
   3.1450280e+06   3.2653809e+01
   3.1450410e+06   2.2949219e+01
   3.1536580e+06   2.5085449e+01
   3.1681850e+06   2.6977539e+01
   3.1832280e+06   2.4475098e+01
   3.1921330e+06   2.6733398e+01
   3.1938830e+06   2.5512695e+01
   3.1939340e+06   2.1118164e+01
   3.1941080e+06   2.2277832e+01
   3.1944010e+06   2.2338867e+01
   3.1945650e+06   2.5512695e+01
   3.1946140e+06   3.5949707e+01
   3.1997110e+06   2.9724121e+01
   3.2004820e+06   2.9663086e+01
   3.2012980e+06   2.6184082e+01
   3.2055880e+06   2.6977539e+01
   3.2105580e+06   2.2644043e+01
   3.2199120e+06   2.7587891e+01
   3.2246160e+06   2.4536133e+01
   3.2325670e+06   3.0212402e+01
   3.2332080e+06   2.3620605e+01
   3.2332490e+06   2.2460938e+01
   3.2520150e+06   2.4047852e+01
   3.2631950e+06   2.2705078e+01
   3.2701800e+06   3.8879395e+01
   3.2702750e+06   2.5085449e+01
   3.2713250e+06   2.6428223e+01
   3.2758700e+06   2.6855469e+01
   3.2828790e+06   2.3986816e+01
   3.2892660e+06   2.1728516e+01
   3.2895560e+06   2.1057129e+01
   3.2896640e+06   2.2766113e+01
   3.2897720e+06   2.0874023e+01
   3.2903940e+06   3.5095215e+01
   3.2911830e+06   2.8930664e+01
   3.2924460e+06   2.5329590e+01
   3.2946180e+06   2.3498535e+01
   3.2978140e+06   2.2155762e+01
   3.2988130e+06   2.9479980e+01
   3.3009790e+06   2.1728516e+01
   3.3009920e+06   2.2827148e+01
   3.3010140e+06   6.6284180e+01
   3.3010430e+06   5.9692383e+01
   3.3010550e+06   2.1484375e+01
   3.3010830e+06   2.7832031e+01
   3.3011000e+06   2.5634766e+01
   3.3011100e+06   2.3071289e+01
   3.3011560e+06   2.7526855e+01
   3.3011740e+06   3.4973145e+01
   3.3012130e+06   4.6203613e+01
   3.3012260e+06   2.5268555e+01
   3.3012750e+06   2.3742676e+01
   3.3013270e+06   2.0935059e+01
   3.3013440e+06   2.5878906e+01
   3.3013810e+06   2.4475098e+01
   3.3014230e+06   2.1423340e+01
   3.3015210e+06   3.1677246e+01
   3.3016910e+06   2.1606445e+01
   3.3017470e+06   2.1484375e+01
   3.3018280e+06   2.6000977e+01
   3.3020010e+06   2.2338867e+01
   3.3251380e+06   2.8137207e+01
   3.3616750e+06   2.9235840e+01
   3.3702300e+06   2.8076172e+01
   3.3874900e+06   3.0517578e+01
   3.3959290e+06   2.5939941e+01
   3.3988200e+06   2.1972656e+01
   3.4069640e+06   2.1179199e+01
   3.4121100e+06   2.3986816e+01
   3.4149350e+06   2.0751953e+01
   3.4149460e+06   2.1972656e+01
   3.4149850e+06   3.1188965e+01
   3.4158150e+06   2.9174805e+01
   3.4191390e+06   2.1240234e+01
   3.4218710e+06   2.2949219e+01
   3.4220730e+06   3.5217285e+01
   3.4226290e+06   2.2827148e+01
   3.4233230e+06   2.2033691e+01
   3.4243050e+06   3.4484863e+01
   3.4253670e+06   2.5573730e+01
   3.4268070e+06   2.7221680e+01
   3.4326850e+06   2.5390625e+01
   3.4364130e+06   2.6184082e+01
   3.4379060e+06   2.3620605e+01
   3.4416910e+06   2.4353027e+01
   3.4447930e+06   2.4414063e+01
   3.4464110e+06   2.4963379e+01
   3.4468590e+06   3.4301758e+01
   3.4470620e+06   3.1494141e+01
   3.4471230e+06   2.8808594e+01
   3.4475840e+06   2.3071289e+01
   3.4478750e+06   2.8686523e+01
   3.4529550e+06   3.1799316e+01
   3.4609160e+06   2.9602051e+01
   3.4655340e+06   2.2399902e+01
   3.4685920e+06   2.2827148e+01
   3.4715240e+06   2.2155762e+01
   3.4749240e+06   4.6875000e+01
   3.4749410e+06   2.4291992e+01
   3.4750670e+06   2.1179199e+01
   3.4787690e+06   3.1616211e+01
   3.4807670e+06   2.4536133e+01
   3.4813490e+06   2.9174805e+01
   3.4859400e+06   2.8259277e+01
   3.4870820e+06   2.3498535e+01
   3.5025840e+06   2.3559570e+01
   3.5057680e+06   2.0751953e+01
   3.5143730e+06   2.7282715e+01
   3.5181340e+06   2.5756836e+01
   3.5183920e+06   2.4658203e+01
   3.5199140e+06   2.7832031e+01
   3.5249100e+06   2.3132324e+01
   3.5282720e+06   2.4597168e+01
   3.5305480e+06   3.0395508e+01
   3.5362380e+06   2.2155762e+01
   3.5362560e+06   2.3742676e+01
   3.5366030e+06   2.3925781e+01
   3.5370390e+06   2.1789551e+01
   3.5370830e+06   2.7648926e+01
   3.5374890e+06   3.6193848e+01
   3.5442140e+06   2.4963379e+01
   3.5573430e+06   2.3864746e+01
   3.5619660e+06   2.7587891e+01
   3.5650330e+06   2.7343750e+01
   3.5731060e+06   3.1127930e+01
   3.5801710e+06   3.4545898e+01
   3.5802120e+06   2.3620605e+01
   3.5807560e+06   3.9367676e+01
   3.5807940e+06   2.2094727e+01
   3.5810810e+06   2.9296875e+01
   3.6142020e+06   2.5939941e+01
   3.6174460e+06   2.1240234e+01
   3.6177340e+06   2.0812988e+01
   3.6177770e+06   3.3691406e+01
   3.6182930e+06   3.9245605e+01
   3.6189330e+06   3.7475586e+01
   3.6189510e+06   2.1606445e+01
   3.6286560e+06   2.5939941e+01
   3.6299180e+06   2.4658203e+01
   3.6328330e+06   2.6550293e+01
   3.6342440e+06   2.4414063e+01
   3.6467430e+06   2.4780273e+01
   3.6478480e+06   2.8869629e+01
   3.6591180e+06   2.9113770e+01
   3.6855930e+06   2.4353027e+01
   3.6859200e+06   2.1728516e+01
   3.6860650e+06   2.8686523e+01
   3.6865540e+06   3.7658691e+01
   3.6867540e+06   2.0935059e+01
   3.7001570e+06   2.7648926e+01
   3.7082030e+06   2.5573730e+01
   3.7153010e+06   2.6550293e+01
   3.7179950e+06   2.5634766e+01
   3.7219250e+06   2.6916504e+01
   3.7223600e+06   2.8747559e+01
   3.7301280e+06   2.7709961e+01
   3.7322660e+06   3.0395508e+01
   3.7322810e+06   3.0090332e+01
   3.7322930e+06   4.2602539e+01
   3.7323060e+06   3.5156250e+01
   3.7323190e+06   4.5898438e+01
   3.7323490e+06   3.7109375e+01
   3.7323640e+06   2.4719238e+01
   3.7323790e+06   2.8198242e+01
   3.7323920e+06   2.1240234e+01
   3.7324110e+06   3.8879395e+01
   3.7324450e+06   3.2348633e+01
   3.7324680e+06   2.6855469e+01
   3.7324790e+06   2.7954102e+01
   3.7325010e+06   2.2094727e+01
   3.7325240e+06   2.1423340e+01
   3.7325770e+06   2.5268555e+01
   3.7326290e+06   2.2460938e+01
   3.7326730e+06   2.5024414e+01
   3.7327310e+06   2.9907227e+01
   3.7328910e+06   2.7587891e+01
   3.7329620e+06   2.1667480e+01
   3.7329900e+06   2.1362305e+01
   3.7333660e+06   2.2583008e+01
   3.7336080e+06   2.2827148e+01
   3.7337990e+06   2.0935059e+01
   3.7338720e+06   2.1362305e+01
   3.7339700e+06   2.2155762e+01
   3.7340800e+06   2.2277832e+01
   3.7382220e+06   2.6611328e+01
   3.7407150e+06   2.3742676e+01
   3.7596890e+06   3.1555176e+01
   3.7704370e+06   2.7465820e+01
   3.7744250e+06   3.2836914e+01
   3.7991550e+06   2.9663086e+01
   3.7998890e+06   3.1616211e+01
   3.8036930e+06   2.6062012e+01
   3.8053380e+06   2.4169922e+01
   3.8158480e+06   3.2409668e+01
   3.8292190e+06   2.2033691e+01
   3.8304500e+06   2.9418945e+01
   3.8358520e+06   3.3264160e+01
   3.8358960e+06   2.0874023e+01
   3.8367130e+06   2.4780273e+01
   3.8367280e+06   2.7160645e+01
   3.8403180e+06   3.4912109e+01
   3.8412560e+06   2.6184082e+01
   3.8427110e+06   2.7832031e+01
   3.8594940e+06   2.1240234e+01
   3.8595480e+06   3.7414551e+01
   3.8599770e+06   2.5207520e+01
   3.8618830e+06   2.5085449e+01
   3.8626490e+06   2.8930664e+01
   3.8685630e+06   2.0812988e+01
   3.8733410e+06   2.6855469e+01
   3.8757920e+06   2.9846191e+01
   3.8872310e+06   2.5329590e+01
   3.8917290e+06   2.2583008e+01
   3.8917530e+06   2.9907227e+01
   3.8921350e+06   2.2216797e+01
   3.8923720e+06   2.1484375e+01
   3.8924910e+06   3.1066895e+01
   3.9039820e+06   2.2155762e+01
   3.9158010e+06   2.8503418e+01
   3.9283550e+06   3.0029297e+01
   3.9384160e+06   2.5939941e+01
   3.9391930e+06   3.0883789e+01
   3.9829600e+06   2.0935059e+01
   3.9905900e+06   2.8869629e+01
   3.9910070e+06   3.8818359e+01
   3.9918100e+06   2.2338867e+01
   3.9919020e+06   4.5043945e+01
   3.9920330e+06   2.1850586e+01
   3.9927530e+06   3.4851074e+01
   3.9987940e+06   2.5573730e+01
   3.9994330e+06   2.4963379e+01
   4.0069340e+06   2.6977539e+01
   4.0119720e+06   2.6245117e+01
   4.0164790e+06   2.2094727e+01
   4.0260640e+06   2.6733398e+01
   4.0302460e+06   2.6550293e+01
   4.0718550e+06   2.3315430e+01
   4.0719460e+06   2.8564453e+01
   4.0721390e+06   2.1972656e+01
   4.0739540e+06   2.7343750e+01
   4.1065390e+06   2.5939941e+01
   4.1350210e+06   2.5451660e+01
   4.1505900e+06   2.6306152e+01
   4.1528660e+06   2.7404785e+01
   4.1623290e+06   2.7343750e+01
   4.1716150e+06   2.1728516e+01
   4.1724090e+06   2.1606445e+01
   4.1727370e+06   2.3437500e+01
   4.1727890e+06   2.8015137e+01
   4.1729920e+06   3.5156250e+01
   4.1732460e+06   2.0812988e+01
   4.1733610e+06   2.4719238e+01
   4.1738910e+06   3.7658691e+01
   4.2035580e+06   2.7832031e+01
   4.2096390e+06   2.4414063e+01
   4.2246800e+06   2.2277832e+01
   4.2268580e+06   2.1179199e+01
   4.2356310e+06   2.7099609e+01
   4.2495580e+06   2.6367188e+01
   4.2579040e+06   2.8564453e+01
   4.2641310e+06   2.4902344e+01
   4.2760820e+06   2.6000977e+01
   4.2846680e+06   2.8747559e+01
   4.2956490e+06   2.5695801e+01
   4.2969280e+06   2.4719238e+01
   4.3011080e+06   2.6916504e+01
   4.3119700e+06   2.8442383e+01
   4.3184220e+06   2.1667480e+01
   4.3184480e+06   2.2644043e+01
   4.3184820e+06   6.2438965e+01
   4.3184970e+06   6.1401367e+01
   4.3185280e+06   4.3579102e+01
   4.3185520e+06   2.9357910e+01
   4.3185680e+06   2.4108887e+01
   4.3185890e+06   2.6123047e+01
   4.3186010e+06   3.5217285e+01
   4.3186140e+06   2.3559570e+01
   4.3186310e+06   2.8198242e+01
   4.3186520e+06   3.7048340e+01
   4.3186790e+06   2.5878906e+01
   4.3187080e+06   2.1972656e+01
   4.3187230e+06   2.4230957e+01
   4.3187690e+06   2.6123047e+01
   4.3188650e+06   2.2888184e+01
   4.3189140e+06   2.3132324e+01
   4.3194530e+06   2.2705078e+01
   4.3274790e+06   2.5939941e+01
   4.3505740e+06   2.4414063e+01
   4.3567110e+06   2.9846191e+01
   4.3590040e+06   2.2155762e+01
   4.3627400e+06   2.3437500e+01
   4.3709730e+06   3.1188965e+01
   4.3717310e+06   2.3864746e+01
   4.3772270e+06   2.9968262e+01
   4.3773880e+06   2.6367188e+01
   4.3814830e+06   2.4169922e+01
   4.3864860e+06   2.5634766e+01
   4.3878190e+06   3.2165527e+01
   4.3886880e+06   2.9724121e+01
   4.3937300e+06   2.8808594e+01
   4.4051920e+06   2.6794434e+01
   4.4056630e+06   2.7465820e+01
   4.4058230e+06   2.6611328e+01
   4.4205800e+06   2.5634766e+01
   4.4360880e+06   2.9479980e+01
   4.4404670e+06   2.4108887e+01
   4.4434350e+06   2.6672363e+01
   4.4484180e+06   3.2104492e+01
   4.4484420e+06   2.1240234e+01
   4.4484670e+06   2.4353027e+01
   4.4485340e+06   2.3437500e+01
   4.4485470e+06   2.8442383e+01
   4.4485860e+06   8.0688477e+01
   4.4485980e+06   6.7382813e+01
   4.4486280e+06   5.3649902e+01
   4.4486380e+06   2.4291992e+01
   4.4486590e+06   3.3813477e+01
   4.4486900e+06   3.0090332e+01
   4.4487130e+06   3.4606934e+01
   4.4487240e+06   2.2460938e+01
   4.4487450e+06   2.6184082e+01
   4.4487550e+06   3.0151367e+01
   4.4487950e+06   3.1066895e+01
   4.4488310e+06   2.2583008e+01
   4.4489140e+06   2.1118164e+01
   4.4489650e+06   2.5634766e+01
   4.4490650e+06   3.0029297e+01
   4.4491110e+06   2.1911621e+01
   4.4493800e+06   2.1789551e+01
   4.4556030e+06   2.2705078e+01
   4.4601610e+06   2.8198242e+01
   4.4675880e+06   3.0029297e+01
   4.4684720e+06   2.5390625e+01
   4.4694230e+06   2.4902344e+01
   4.4715680e+06   2.4169922e+01
   4.4728340e+06   2.7038574e+01
   4.4738300e+06   2.3315430e+01
   4.4889190e+06   2.9357910e+01
   4.4954620e+06   2.9541016e+01
   4.5060700e+06   2.3132324e+01
   4.5061640e+06   2.3803711e+01
   4.5061800e+06   3.8696289e+01
   4.5062030e+06   5.9020996e+01
   4.5062330e+06   5.7739258e+01
   4.5062580e+06   3.9062500e+01
   4.5062720e+06   2.6123047e+01
   4.5062940e+06   2.1667480e+01
   4.5063260e+06   2.5146484e+01
   4.5063520e+06   2.8625488e+01
   4.5063790e+06   2.2033691e+01
   4.5063910e+06   2.5207520e+01
   4.5064390e+06   2.1850586e+01
   4.5064760e+06   3.2653809e+01
   4.5064920e+06   2.5329590e+01
   4.5065180e+06   2.3254395e+01
   4.5065400e+06   2.2460938e+01
   4.5065950e+06   2.2888184e+01
   4.5066110e+06   2.1423340e+01
   4.5066920e+06   4.7668457e+01
   4.5067250e+06   2.6916504e+01
   4.5067490e+06   2.0996094e+01
   4.5069350e+06   3.5644531e+01
   4.5243760e+06   2.5634766e+01
   4.5268280e+06   2.9418945e+01
   4.5286120e+06   2.3620605e+01
   4.5320970e+06   3.0090332e+01
   4.5340030e+06   2.6611328e+01
   4.5383490e+06   2.7587891e+01
   4.5438110e+06   2.8320313e+01
   4.5474900e+06   2.6367188e+01
   4.5518760e+06   2.7160645e+01
   4.5592480e+06   2.5024414e+01
   4.5622970e+06   2.6611328e+01
   4.5830450e+06   2.8320313e+01
   4.5837050e+06   2.8320313e+01
   4.5901590e+06   3.0578613e+01
   4.5942230e+06   2.7099609e+01
   4.5983140e+06   2.9174805e+01
   4.6001070e+06   3.0822754e+01
   4.6060860e+06   2.4230957e+01
   4.6061270e+06   2.0874023e+01
   4.6062120e+06   2.3437500e+01
   4.6062580e+06   4.4677734e+01
   4.6062840e+06   2.4658203e+01
   4.6063150e+06   2.1179199e+01
   4.6063290e+06   2.8564453e+01
   4.6063540e+06   2.5146484e+01
   4.6063670e+06   3.5583496e+01
   4.6063910e+06   2.4719238e+01
   4.6064380e+06   2.1484375e+01
   4.6064600e+06   2.2155762e+01
   4.6065000e+06   4.1015625e+01
   4.6065280e+06   2.2094727e+01
   4.6065730e+06   2.9113770e+01
   4.6066290e+06   3.7048340e+01
   4.6066550e+06   2.0874023e+01
   4.6067030e+06   2.9541016e+01
   4.6067160e+06   2.2338867e+01
   4.6067360e+06   2.4597168e+01
   4.6067620e+06   2.8869629e+01
   4.6068190e+06   2.7160645e+01
   4.6068890e+06   2.6062012e+01
   4.6069000e+06   2.1911621e+01
   4.6069530e+06   2.6550293e+01
   4.6070770e+06   3.1250000e+01
   4.6071030e+06   2.2094727e+01
   4.6071430e+06   2.1972656e+01
   4.6203800e+06   3.0090332e+01
   4.6296600e+06   2.7648926e+01
   4.6305930e+06   2.6611328e+01
   4.6330940e+06   2.5634766e+01
   4.6598040e+06   3.3386230e+01
   4.6602510e+06   3.0456543e+01
   4.6603240e+06   3.1982422e+01
   4.6603550e+06   2.3071289e+01
   4.6603900e+06   2.1911621e+01
   4.6604100e+06   4.3029785e+01
   4.6604470e+06   2.4597168e+01
   4.6604570e+06   2.5329590e+01
   4.6604980e+06   3.1066895e+01
   4.6605240e+06   2.1057129e+01
   4.6605370e+06   2.5329590e+01
   4.6605680e+06   2.6245117e+01
   4.6606350e+06   2.0935059e+01
   4.6606460e+06   2.3437500e+01
   4.6746060e+06   2.5573730e+01
   4.6883660e+06   2.8625488e+01
   4.7031910e+06   2.8137207e+01
   4.7136400e+06   2.8320313e+01
   4.7189220e+06   2.6184082e+01
   4.7255060e+06   2.5695801e+01
   4.7286460e+06   2.1972656e+01
   4.7295410e+06   2.6000977e+01
   4.7295850e+06   2.3681641e+01
   4.7296270e+06   3.8269043e+01
   4.7296770e+06   2.5817871e+01
   4.7296980e+06   2.2644043e+01
   4.7297240e+06   3.9428711e+01
   4.7297370e+06   3.6743164e+01
   4.7297550e+06   2.2521973e+01
   4.7297750e+06   6.7749023e+01
   4.7298040e+06   4.0771484e+01
   4.7298260e+06   2.7099609e+01
   4.7298400e+06   6.7016602e+01
   4.7298730e+06   2.2827148e+01
   4.7299030e+06   2.5512695e+01
   4.7299280e+06   2.7038574e+01
   4.7300000e+06   2.1911621e+01
   4.7300310e+06   2.1118164e+01
   4.7300720e+06   2.2094727e+01
   4.7301250e+06   2.2216797e+01
   4.7302380e+06   3.5949707e+01
   4.7303000e+06   2.0874023e+01
   4.7303680e+06   2.4536133e+01
   4.7304460e+06   2.4658203e+01
   4.7304990e+06   2.0935059e+01
   4.7306000e+06   2.1179199e+01
   4.7306820e+06   2.8564453e+01
   4.7307900e+06   2.5756836e+01
   4.7548250e+06   2.4108887e+01
   4.7647440e+06   2.4902344e+01
   4.7728160e+06   3.0761719e+01
   4.7798940e+06   2.3620605e+01
   4.7873580e+06   2.0751953e+01
   4.7926400e+06   2.1362305e+01
   4.7926960e+06   2.3132324e+01
   4.7927520e+06   2.6428223e+01
   4.7928120e+06   2.7709961e+01
   4.7928550e+06   3.1494141e+01
   4.7928780e+06   3.4301758e+01
   4.7928940e+06   2.2033691e+01
   4.7929050e+06   3.9978027e+01
   4.7929330e+06   2.2521973e+01
   4.7929710e+06   3.2287598e+01
   4.7929990e+06   2.3864746e+01
   4.7930340e+06   2.1057129e+01
   4.7930860e+06   2.4047852e+01
   4.7931020e+06   2.4475098e+01
   4.7931590e+06   2.8991699e+01
   4.7932100e+06   2.7343750e+01
   4.7937520e+06   2.2033691e+01
   4.7963510e+06   2.5024414e+01
   4.7973600e+06   2.5512695e+01
   4.7982300e+06   3.2592773e+01
   4.8020640e+06   3.1127930e+01
   4.8128910e+06   3.0883789e+01
   4.8175310e+06   2.7160645e+01
   4.8179690e+06   2.2827148e+01
   4.8232710e+06   2.6367188e+01
   4.8333850e+06   2.6367188e+01
   4.8424100e+06   2.6306152e+01
   4.8429200e+06   2.7770996e+01
   4.8534050e+06   3.2226563e+01
   4.8583940e+06   2.8564453e+01
   4.8590610e+06   2.3498535e+01
   4.8591440e+06   2.3437500e+01
   4.8593920e+06   2.2155762e+01
   4.8594920e+06   2.3315430e+01
   4.8595680e+06   2.2033691e+01
   4.8595880e+06   2.2521973e+01
   4.8596190e+06   2.6672363e+01
   4.8597140e+06   2.8869629e+01
   4.8599110e+06   3.3447266e+01
   4.8600420e+06   2.3803711e+01
   4.8602100e+06   3.1066895e+01
   4.8701160e+06   2.2155762e+01
   4.8744220e+06   2.1118164e+01
   4.8755550e+06   2.2644043e+01
   4.8790860e+06   2.2827148e+01
   4.8800690e+06   2.6184082e+01
   4.8809960e+06   2.6489258e+01
   4.8995820e+06   2.8991699e+01
   4.9065150e+06   2.1606445e+01
   4.9065780e+06   2.0812988e+01
   4.9067530e+06   2.3681641e+01
   4.9068720e+06   2.1301270e+01
   4.9070330e+06   2.0751953e+01
   4.9072540e+06   2.7221680e+01
   4.9074760e+06   3.2348633e+01
   4.9191680e+06   2.4780273e+01
   4.9199780e+06   2.4963379e+01
   4.9259490e+06   2.6062012e+01
   4.9324170e+06   2.4658203e+01
   4.9324390e+06   3.4484863e+01
   4.9331670e+06   2.1484375e+01
   4.9332250e+06   2.5268555e+01
   4.9332560e+06   2.3925781e+01
   4.9402450e+06   2.2521973e+01
   4.9609060e+06   2.4414063e+01
   4.9765700e+06   2.1423340e+01
   4.9766120e+06   3.7475586e+01
   4.9767960e+06   2.3986816e+01
   4.9774910e+06   2.8625488e+01
   4.9907400e+06   2.4353027e+01
   4.9912150e+06   2.8259277e+01
   4.9981210e+06   2.7770996e+01
   4.9987160e+06   3.0273438e+01
   5.0044600e+06   2.4169922e+01
   5.0044760e+06   3.6132813e+01
   5.0052800e+06   3.9123535e+01
   5.0239730e+06   2.7343750e+01
   5.0248070e+06   2.3620605e+01
   5.0344980e+06   2.9479980e+01
   5.0347940e+06   2.9174805e+01
   5.0350330e+06   2.5390625e+01
   5.0352680e+06   2.5024414e+01
   5.0355580e+06   3.1127930e+01
   5.0360660e+06   2.3803711e+01
   5.0363980e+06   2.7770996e+01
   5.0417370e+06   2.5390625e+01
   5.0417720e+06   3.8391113e+01
   5.0417880e+06   3.3996582e+01
   5.0418090e+06   6.0913086e+01
   5.0418260e+06   2.6123047e+01
   5.0418570e+06   3.5522461e+01
   5.0418870e+06   3.3447266e+01
   5.0419130e+06   2.8015137e+01
   5.0419390e+06   2.3864746e+01
   5.0419730e+06   3.4545898e+01
   5.0419840e+06   2.5146484e+01
   5.0420310e+06   2.8564453e+01
   5.0420750e+06   2.7893066e+01
   5.0421330e+06   2.2216797e+01
   5.0421660e+06   2.3620605e+01
   5.0422080e+06   2.3315430e+01
   5.0423960e+06   2.6855469e+01
   5.0426650e+06   2.3681641e+01
   5.0522810e+06   2.1057129e+01
   5.0550940e+06   3.0395508e+01
   5.1126390e+06   2.8320313e+01
   5.1152210e+06   2.6062012e+01
   5.1256930e+06   3.7109375e+01
   5.1257840e+06   2.7587891e+01
   5.1258270e+06   2.1301270e+01
   5.1258480e+06   2.3803711e+01
   5.1265590e+06   3.4973145e+01
   5.1359630e+06   2.2705078e+01
   5.1490820e+06   2.9724121e+01
   5.1491380e+06   2.3254395e+01
   5.1491770e+06   2.1362305e+01
   5.1495730e+06   3.6987305e+01
   5.1638360e+06   2.4902344e+01
   5.1644520e+06   2.4291992e+01
   5.1655460e+06   2.8503418e+01
   5.1792270e+06   2.1118164e+01
   5.1794460e+06   2.9113770e+01
   5.1796270e+06   2.6123047e+01
   5.1798620e+06   2.6062012e+01
   5.1798810e+06   3.5949707e+01
   5.1917890e+06   2.1423340e+01
   5.1919450e+06   2.4475098e+01
   5.1920080e+06   2.3986816e+01
   5.1920310e+06   3.2714844e+01
   5.1920620e+06   2.2338867e+01
   5.1921920e+06   2.1057129e+01
   5.1942590e+06   2.5451660e+01
   5.2018620e+06   2.4475098e+01
   5.2131770e+06   2.1484375e+01
   5.2194580e+06   2.4902344e+01
   5.2198950e+06   3.1311035e+01
   5.2233990e+06   2.4353027e+01
   5.2288870e+06   2.3010254e+01
   5.2392240e+06   2.3132324e+01
   5.2494530e+06   2.3559570e+01
   5.2586620e+06   2.0751953e+01
   5.2590020e+06   2.3681641e+01
   5.2590480e+06   3.5827637e+01
   5.2595900e+06   2.7648926e+01
   5.2596380e+06   3.0334473e+01
   5.2651700e+06   3.0090332e+01
   5.2687170e+06   2.3193359e+01
   5.2763460e+06   2.5268555e+01
   5.2858630e+06   2.7282715e+01
   5.2926110e+06   2.3925781e+01
   5.2934360e+06   2.3254395e+01
   5.2935180e+06   2.1484375e+01
   5.2935600e+06   2.3559570e+01
   5.2941960e+06   2.6855469e+01
   5.2942720e+06   3.0578613e+01
   5.2943120e+06   2.1179199e+01
   5.2963110e+06   2.3742676e+01
   5.3055590e+06   2.7954102e+01
   5.3075500e+06   2.7709961e+01
   5.3125210e+06   2.4963379e+01
   5.3129750e+06   2.3742676e+01
   5.3153230e+06   2.3376465e+01
   5.3153450e+06   4.1198730e+01
   5.3158650e+06   2.1606445e+01
   5.3158820e+06   2.0935059e+01
   5.3159270e+06   2.7954102e+01
   5.3159740e+06   2.1484375e+01
   5.3193860e+06   2.1179199e+01
   5.3240590e+06   2.8015137e+01
   5.3272230e+06   2.2827148e+01
   5.3327570e+06   3.0761719e+01
   5.3342580e+06   2.9235840e+01
   5.3356820e+06   2.2888184e+01
   5.3363360e+06   2.8381348e+01
   5.3530950e+06   2.5817871e+01
   5.3553720e+06   2.5817871e+01
   5.3603960e+06   2.3986816e+01
   5.3637720e+06   2.2094727e+01
   5.3638640e+06   2.1606445e+01
   5.3642770e+06   2.4719238e+01
   5.3642910e+06   2.7221680e+01
   5.3643700e+06   2.1179199e+01
   5.3648880e+06   2.2399902e+01
   5.3649540e+06   3.4912109e+01
   5.3717190e+06   3.7658691e+01
   5.3717790e+06   3.0029297e+01
   5.3722890e+06   2.4169922e+01
   5.3729660e+06   3.6376953e+01
   5.3736470e+06   2.1789551e+01
   5.3736780e+06   4.0710449e+01
   5.3741480e+06   2.1484375e+01
   5.3810230e+06   2.9724121e+01
   5.3874200e+06   2.6367188e+01
   5.4052240e+06   2.6000977e+01
   5.4107930e+06   2.8686523e+01
   5.4112750e+06   2.3254395e+01
   5.4118700e+06   3.1250000e+01
   5.4166080e+06   3.2470703e+01
   5.4227510e+06   2.8381348e+01
   5.4337440e+06   2.0935059e+01
   5.4390310e+06   2.3132324e+01
   5.4433840e+06   2.1423340e+01
   5.4435230e+06   4.3518066e+01
   5.4441290e+06   3.1616211e+01
   5.4441400e+06   2.5695801e+01
   5.4446330e+06   3.1433105e+01
   5.4501160e+06   2.5573730e+01
   5.4557900e+06   2.3010254e+01
   5.4566390e+06   2.7404785e+01
   5.4594080e+06   2.7526855e+01
   5.4685720e+06   2.4108887e+01
   5.4836010e+06   2.1301270e+01
   5.4852690e+06   2.2155762e+01
   5.4853400e+06   2.2094727e+01
   5.4853610e+06   4.4311523e+01
   5.4853850e+06   2.3193359e+01
   5.4853980e+06   2.3498535e+01
   5.4854090e+06   6.6284180e+01
   5.4854500e+06   4.4982910e+01
   5.4854730e+06   3.7719727e+01
   5.4854990e+06   3.2897949e+01
   5.4855350e+06   3.0151367e+01
   5.4855710e+06   2.4780273e+01
   5.4855820e+06   2.4597168e+01
   5.4856290e+06   2.2766113e+01
   5.4856410e+06   2.4597168e+01
   5.4857130e+06   2.0935059e+01
   5.4858550e+06   2.3986816e+01
   5.4858990e+06   2.1118164e+01
   5.4859460e+06   2.2033691e+01
   5.4859960e+06   2.1179199e+01
   5.4860440e+06   2.0935059e+01
   5.4861140e+06   2.2705078e+01
   5.4861480e+06   2.7404785e+01
   5.4863710e+06   2.1789551e+01
   5.5120690e+06   3.1311035e+01
   5.5198930e+06   3.0395508e+01
   5.5289840e+06   2.4108887e+01
   5.5355410e+06   2.2338867e+01
   5.5366610e+06   2.5024414e+01
   5.5501870e+06   3.0090332e+01
   5.5517790e+06   2.9541016e+01
   5.5572790e+06   2.7343750e+01
   5.5599210e+06   2.3376465e+01
   5.5666540e+06   2.0812988e+01
   5.5786210e+06   2.4108887e+01
   5.5794420e+06   2.7404785e+01
   5.5905230e+06   2.0935059e+01
   5.5906730e+06   2.2277832e+01
   5.5907010e+06   2.2521973e+01
   5.5907680e+06   2.3071289e+01
   5.5908500e+06   2.1179199e+01
   5.5908600e+06   2.5451660e+01
   5.5911810e+06   2.7893066e+01
   5.5915950e+06   2.2705078e+01
   5.5986900e+06   2.9357910e+01
   5.6411730e+06   2.9541016e+01
   5.6487460e+06   2.6367188e+01
   5.6517650e+06   2.3193359e+01
   5.6645700e+06   3.3203125e+01
   5.6646630e+06   2.4353027e+01
   5.6652840e+06   3.6010742e+01
   5.6915660e+06   2.1240234e+01
   5.6919560e+06   2.4230957e+01
   5.6919730e+06   2.5390625e+01
   5.6920300e+06   2.3254395e+01
   5.6924760e+06   2.1423340e+01
   5.6924930e+06   2.5329590e+01
   5.6925310e+06   3.4667969e+01
   5.6930180e+06   3.5095215e+01
   5.6933310e+06   2.7099609e+01
   5.6938580e+06   2.8869629e+01
   5.7179980e+06   2.6611328e+01
   5.7323570e+06   2.2766113e+01
   5.7349890e+06   3.0639648e+01
   5.7404470e+06   2.2705078e+01
   5.7509690e+06   3.0578613e+01
   5.7624160e+06   2.6428223e+01
   5.7647110e+06   2.6977539e+01
   5.7786130e+06   2.0996094e+01
   5.7786320e+06   2.0935059e+01
   5.7787060e+06   3.2958984e+01
   5.7787160e+06   2.2888184e+01
   5.7802450e+06   3.7292480e+01
   5.7832810e+06   2.6855469e+01
   5.7857610e+06   2.6855469e+01
   5.7913270e+06   2.3742676e+01
   5.7998810e+06   2.4047852e+01
   5.8050230e+06   2.2766113e+01
   5.8062950e+06   2.6550293e+01
   5.8158090e+06   2.5207520e+01
   5.8165270e+06   2.8381348e+01
   5.8214530e+06   2.6855469e+01
   5.8224340e+06   2.2460938e+01
   5.8224630e+06   2.8930664e+01
   5.8345190e+06   3.1860352e+01
   5.8345950e+06   3.1982422e+01
   5.8351210e+06   2.2338867e+01
   5.8351860e+06   4.1137695e+01
   5.8357390e+06   2.7282715e+01
   5.8416950e+06   2.7099609e+01
   5.8515780e+06   2.6916504e+01
   5.8521880e+06   2.8625488e+01
   5.8623270e+06   2.8930664e+01
   5.8728330e+06   2.8198242e+01
   5.8954060e+06   3.3813477e+01
   5.8960910e+06   2.0996094e+01
   5.8962270e+06   3.1433105e+01
   5.9007780e+06   2.3193359e+01
   5.9013320e+06   2.4291992e+01
   5.9218270e+06   2.0996094e+01
   5.9219300e+06   2.6489258e+01
   5.9221900e+06   2.6916504e+01
   5.9222910e+06   3.3996582e+01
   5.9223330e+06   2.2888184e+01
   5.9264860e+06   2.2338867e+01
   5.9648970e+06   2.7160645e+01
   5.9655170e+06   2.9541016e+01
   5.9661900e+06   2.3986816e+01
   5.9696950e+06   2.2033691e+01
   5.9697460e+06   2.5329590e+01
   5.9857260e+06   2.4658203e+01
   5.9860610e+06   2.6428223e+01
   5.9945090e+06   2.3986816e+01
   5.9995570e+06   2.5329590e+01
   6.0138470e+06   2.8137207e+01
   6.0230510e+06   2.8930664e+01
   6.0331570e+06   2.9541016e+01
   6.0431330e+06   2.2399902e+01
   6.0431730e+06   3.0700684e+01
   6.0431930e+06   9.4726563e+01
   6.0432130e+06   2.7282715e+01
   6.0432320e+06   4.1198730e+01
   6.0432520e+06   3.3264160e+01
   6.0432840e+06   4.9804688e+01
   6.0433070e+06   2.4963379e+01
   6.0433190e+06   2.6184082e+01
   6.0433400e+06   2.9235840e+01
   6.0433590e+06   3.2287598e+01
   6.0434100e+06   3.7414551e+01
   6.0434840e+06   2.1484375e+01
   6.0435270e+06   2.5268555e+01
   6.0436880e+06   2.3071289e+01
   6.0447340e+06   2.2277832e+01
   6.0530430e+06   2.5634766e+01
   6.0711950e+06   2.6550293e+01
   6.0923340e+06   2.4780273e+01
   6.1059630e+06   2.1606445e+01
   6.1090750e+06   2.3437500e+01
   6.1322700e+06   2.6550293e+01
   6.1328340e+06   2.5268555e+01
   6.1470420e+06   2.1911621e+01
   6.1470780e+06   3.8513184e+01
   6.1472270e+06   2.1484375e+01
   6.1472650e+06   2.2705078e+01
   6.1473120e+06   2.1789551e+01
   6.1473350e+06   3.2348633e+01
   6.1473880e+06   2.3315430e+01
   6.1476190e+06   2.5512695e+01
   6.1477020e+06   2.1484375e+01
   6.1477350e+06   2.4108887e+01
   6.1477630e+06   3.4057617e+01
   6.1478370e+06   2.6062012e+01
   6.1478980e+06   2.2155762e+01
   6.1479260e+06   3.3386230e+01
   6.1479520e+06   2.1545410e+01
   6.1481060e+06   2.8869629e+01
   6.1516250e+06   4.8828125e+01
   6.1643530e+06   2.2521973e+01
   6.1645610e+06   2.4597168e+01
   6.1695970e+06   3.0029297e+01
   6.1723530e+06   2.6550293e+01
   6.1959330e+06   2.5146484e+01
   6.1977910e+06   2.2399902e+01
   6.1987070e+06   2.4108887e+01
   6.1988970e+06   2.4719238e+01
   6.2101520e+06   2.2583008e+01
   6.2111760e+06   3.3813477e+01
   6.2114370e+06   2.6977539e+01
   6.2166750e+06   2.2460938e+01
   6.2266240e+06   2.2827148e+01
   6.2267520e+06   2.2216797e+01
   6.2267680e+06   3.9062500e+01
   6.2269090e+06   2.2338867e+01
   6.2289580e+06   2.7709961e+01
   6.2322950e+06   2.6794434e+01
   6.2363760e+06   2.4291992e+01
   6.2644080e+06   3.2043457e+01
   6.2679310e+06   2.7648926e+01
   6.2697950e+06   2.6184082e+01
   6.2816730e+06   2.6916504e+01
   6.2924360e+06   2.1301270e+01
   6.2952420e+06   2.8381348e+01
   6.3071080e+06   6.4880371e+01
   6.3176420e+06   3.6804199e+01
   6.3184110e+06   3.1372070e+01
   6.3282700e+06   2.3193359e+01
   6.3535860e+06   2.4108887e+01
   6.3539520e+06   2.7404785e+01
   6.3546910e+06   3.0944824e+01
   6.3608980e+06   2.9357910e+01
   6.3653690e+06   2.2583008e+01
   6.3727220e+06   2.8259277e+01
   6.3762520e+06   3.1799316e+01
   6.3776510e+06   3.6987305e+01
   6.3776650e+06   3.8635254e+01
   6.3776940e+06   2.3864746e+01
   6.3963720e+06   2.3681641e+01
   6.3970400e+06   2.8198242e+01
   6.3994100e+06   3.0151367e+01
   6.4216080e+06   2.9785156e+01
   6.4233670e+06   4.6752930e+01
   6.4252250e+06   3.9855957e+01
   6.4264310e+06   2.4536133e+01
   6.4398150e+06   2.1545410e+01
   6.4398860e+06   2.1057129e+01
   6.4400710e+06   2.2155762e+01
   6.4401750e+06   2.5329590e+01
   6.4416380e+06   2.6611328e+01
   6.4518390e+06   4.3029785e+01
   6.4675960e+06   2.3803711e+01
   6.5051510e+06   3.5278320e+01
   6.5061250e+06   2.3193359e+01
   6.5063290e+06   3.6254883e+01
   6.5102650e+06   2.4719238e+01
   6.5107900e+06   2.7160645e+01
   6.5267410e+06   2.2644043e+01
   6.5273590e+06   2.8686523e+01
   6.5387550e+06   2.2094727e+01
   6.5388130e+06   3.9794922e+01
   6.5388560e+06   2.1728516e+01
   6.5388740e+06   3.0700684e+01
   6.5388880e+06   2.2338867e+01
   6.5516470e+06   2.6733398e+01
   6.5718270e+06   2.8320312e+01
   6.5733910e+06   3.1188965e+01
   6.5734430e+06   2.7160645e+01
   6.5842240e+06   2.5878906e+01
   6.5843570e+06   3.0578613e+01
   6.5844850e+06   2.8076172e+01
   6.5846580e+06   2.7954102e+01
   6.5854340e+06   2.1057129e+01
   6.5855800e+06   2.8503418e+01
   6.5858340e+06   3.0761719e+01
   6.5872340e+06   2.5817871e+01
   6.5996610e+06   2.1972656e+01
   6.5997240e+06   2.5207520e+01
   6.5997390e+06   2.9052734e+01
   6.5997850e+06   2.3254395e+01
   6.5997970e+06   2.7832031e+01
   6.6084910e+06   2.8015137e+01
   6.6403070e+06   2.6184082e+01
   6.6404180e+06   2.9846191e+01
   6.6404340e+06   7.2509766e+01
   6.6404540e+06   3.4118652e+01
   6.6404740e+06   6.8176270e+01
   6.6405010e+06   2.5024414e+01
   6.6405110e+06   4.1137695e+01
   6.6405340e+06   3.2226563e+01
   6.6405480e+06   2.3071289e+01
   6.6405710e+06   2.3925781e+01
   6.6405980e+06   2.5817871e+01
   6.6406260e+06   2.6977539e+01
   6.6406370e+06   2.5634766e+01
   6.6406940e+06   2.5878906e+01
   6.6407310e+06   2.5939941e+01
   6.6408010e+06   2.2766113e+01
   6.6408230e+06   2.2705078e+01
   6.6416720e+06   2.3376465e+01
   6.6421450e+06   2.3010254e+01
   6.6432010e+06   2.1911621e+01
   6.6534250e+06   2.4963379e+01
   6.6732250e+06   2.7465820e+01
   6.6750780e+06   2.9052734e+01
   6.6778820e+06   2.2094727e+01
   6.6866720e+06   2.8137207e+01
   6.6912210e+06   2.5146484e+01
   6.7001600e+06   2.4658203e+01
   6.7030670e+06   2.8076172e+01
   6.7058820e+06   2.6245117e+01
   6.7119100e+06   2.8625488e+01
   6.7151210e+06   3.0639648e+01
   6.7558540e+06   2.7099609e+01
   6.7608020e+06   2.4658203e+01
   6.8011530e+06   2.8320313e+01
   6.8038160e+06   2.3437500e+01
   6.8173630e+06   3.1494141e+01
   6.8227410e+06   3.1250000e+01
   6.8227580e+06   2.4414063e+01
   6.8227880e+06   2.2277832e+01
   6.8228280e+06   3.0090332e+01
   6.8228510e+06   2.3559570e+01
   6.8228810e+06   2.1118164e+01
   6.8229200e+06   2.3925781e+01
   6.8229440e+06   3.5339355e+01
   6.8229650e+06   2.9846191e+01
   6.8231750e+06   3.6987305e+01
   6.8233190e+06   2.1362305e+01
   6.8573670e+06   2.6733398e+01
   6.8585380e+06   3.0822754e+01
   6.8643670e+06   2.4597168e+01
   6.8875640e+06   3.0822754e+01
   6.8876040e+06   2.8686523e+01
   6.8876170e+06   2.1240234e+01
   6.8876950e+06   2.3925781e+01
   6.8944170e+06   2.5451660e+01
   6.9020510e+06   2.5390625e+01
   7.0840540e+06   2.5207520e+01
   7.0879040e+06   2.1911621e+01
   7.0881780e+06   2.2705078e+01
   7.0882010e+06   3.5827637e+01
   7.0884330e+06   2.2644043e+01
   7.1054820e+06   2.8259277e+01
   7.1207210e+06   2.8808594e+01
   7.1248480e+06   3.0029297e+01
   7.1383380e+06   2.2155762e+01
   7.1389120e+06   3.3020020e+01
   7.1391350e+06   3.7170410e+01
   7.1391530e+06   2.1911621e+01
   7.1392290e+06   2.2155762e+01
   7.1392620e+06   2.3071289e+01
   7.1392950e+06   3.3264160e+01
   7.1393550e+06   2.0935059e+01
   7.1494000e+06   2.4597168e+01
   7.1736140e+06   2.5085449e+01
   7.1849970e+06   2.6733398e+01
   7.2497590e+06   2.4475098e+01
   7.2500300e+06   2.4719238e+01
   7.2501270e+06   3.0151367e+01
   7.2501980e+06   2.4230957e+01
   7.2503310e+06   2.0996094e+01
   7.2505700e+06   2.2766113e+01
   7.2506080e+06   2.0935059e+01
   7.2506420e+06   2.1240234e+01
   7.2506700e+06   2.9602051e+01
   7.2507310e+06   2.1240234e+01
   7.2514300e+06   2.4047852e+01
   7.2619770e+06   2.7221680e+01
   7.2900610e+06   2.3437500e+01
   7.3015910e+06   2.7832031e+01
   7.3052780e+06   2.2155762e+01
   7.3057250e+06   3.0090332e+01
   7.3057670e+06   2.6611328e+01
   7.3057950e+06   2.3193359e+01
   7.3058620e+06   2.2644043e+01
   7.3072250e+06   2.6245117e+01
   7.3564040e+06   2.2888184e+01
   7.3579030e+06   2.2094727e+01
   7.3583900e+06   3.8696289e+01
   7.3584190e+06   2.5817871e+01
   7.3584540e+06   2.3193359e+01
   7.3598840e+06   3.1250000e+01
   7.3993540e+06   2.7893066e+01
   7.3993990e+06   2.5085449e+01
   7.4000550e+06   3.0761719e+01
   7.4001080e+06   2.1240234e+01
   7.4287720e+06   2.4291992e+01
   7.4553800e+06   2.5451660e+01
   7.4605130e+06   2.6611328e+01
   7.5198480e+06   2.7770996e+01
   7.5224750e+06   2.3620605e+01
   7.5225180e+06   2.1484375e+01
   7.5225390e+06   3.1005859e+01
   7.5229040e+06   2.2583008e+01
   7.5232630e+06   3.2043457e+01
   7.5737940e+06   2.4902344e+01
   7.5902350e+06   2.7526855e+01
   7.5977940e+06   2.4108887e+01
   7.6006650e+06   2.3681641e+01
   7.6069770e+06   2.8198242e+01
   7.6324140e+06   2.7343750e+01
   7.6347120e+06   3.1188965e+01
   7.6366890e+06   2.7893066e+01
   7.6540710e+06   3.9978027e+01
   7.6587730e+06   2.3132324e+01
   7.6659610e+06   2.8320313e+01
   7.6701380e+06   2.8747559e+01
   7.7013360e+06   3.1738281e+01
   7.7103060e+06   2.4169922e+01
   7.7115190e+06   2.9602051e+01
   7.7151830e+06   2.3742676e+01
   7.7425930e+06   2.2583008e+01
   7.7432930e+06   2.7893066e+01
   7.7438140e+06   2.5878906e+01
   7.7472320e+06   2.4536133e+01
   7.7474500e+06   3.7841797e+01
   7.7475470e+06   2.1240234e+01
   7.7510380e+06   2.5451660e+01
   7.7519980e+06   2.6000977e+01
   7.7627800e+06   2.9907227e+01
   7.7667630e+06   2.5146484e+01
   7.7782720e+06   2.4780273e+01
   7.7828530e+06   2.5329590e+01
   7.8080560e+06   2.6611328e+01
   7.8149880e+06   2.8381348e+01
   7.8180120e+06   2.3132324e+01
   7.8218560e+06   2.9235840e+01
   7.8294930e+06   2.7465820e+01
   7.8321590e+06   2.3864746e+01
   7.8376110e+06   2.8991699e+01
   7.8635150e+06   2.1240234e+01
   7.8635370e+06   2.3315430e+01
   7.8636060e+06   2.1301270e+01
   7.8636410e+06   2.9357910e+01
   7.8638410e+06   2.2888184e+01
   7.8639740e+06   2.4108887e+01
   7.8641120e+06   3.4301758e+01
   7.8675420e+06   2.4658203e+01
   7.8682020e+06   2.6611328e+01
   7.9207350e+06   2.9968262e+01
   7.9477950e+06   2.4047852e+01
   7.9595990e+06   2.4597168e+01
   7.9596650e+06   3.0639648e+01
   7.9600100e+06   2.9296875e+01
   7.9600380e+06   2.2949219e+01
   7.9604500e+06   2.1118164e+01
   7.9604870e+06   2.2277832e+01
   7.9605670e+06   2.3376465e+01
   7.9849860e+06   2.5634766e+01
   8.0036530e+06   2.5146484e+01
   8.0194030e+06   3.1372070e+01
   8.0447700e+06   2.2583008e+01
   8.0491770e+06   2.6306152e+01
   8.0529840e+06   2.6428223e+01
   8.0550140e+06   2.5878906e+01
   8.0575030e+06   2.4719238e+01
   8.0616580e+06   2.5939941e+01
   8.0691230e+06   2.3742676e+01
   8.0708740e+06   2.7954102e+01
   8.0730750e+06   2.2094727e+01
   8.0731670e+06   2.1545410e+01
   8.0733540e+06   2.8869629e+01
   8.0733660e+06   2.2399902e+01
   8.0741010e+06   2.6245117e+01
   8.0880830e+06   2.8259277e+01
   8.1193840e+06   2.7343750e+01
   8.1414840e+06   2.8076172e+01
   8.1432050e+06   2.5939941e+01
   8.1530400e+06   2.5695801e+01
   8.1565670e+06   2.9113770e+01
   8.1740000e+06   2.7160645e+01
   8.1897630e+06   2.1545410e+01
   8.1898120e+06   2.1484375e+01
   8.1902800e+06   2.3864746e+01
   8.1903000e+06   3.7170410e+01
   8.1908770e+06   3.0944824e+01
   8.2186790e+06   2.9602051e+01
   8.2194930e+06   2.7954102e+01
   8.2202310e+06   2.3864746e+01
   8.2262000e+06   3.0517578e+01
   8.2271600e+06   2.3681641e+01
   8.2309840e+06   2.5146484e+01
   8.2331870e+06   2.8259277e+01
   8.2414090e+06   3.0456543e+01
   8.2461830e+06   2.4841309e+01
   8.2478050e+06   2.3315430e+01
   8.2500160e+06   2.6123047e+01
   8.2578360e+06   2.2521973e+01
   8.2578500e+06   2.4658203e+01
   8.2578920e+06   2.9785156e+01
   8.2591420e+06   2.8747559e+01
   8.2677220e+06   2.6794434e+01
   8.2708930e+06   2.7587891e+01
   8.2729050e+06   2.8137207e+01
   8.2781650e+06   2.5756836e+01
   8.2839650e+06   2.1728516e+01
   8.2948610e+06   2.7587891e+01
   8.2966640e+06   2.3681641e+01
   8.3014770e+06   2.1057129e+01
   8.3064900e+06   2.5329590e+01
   8.3084680e+06   2.4963379e+01
   8.3089420e+06   2.1362305e+01
   8.3110210e+06   2.4841309e+01
   8.3165100e+06   4.1931152e+01
   8.3165250e+06   6.1035156e+01
   8.3165470e+06   5.3588867e+01
   8.3165700e+06   3.8696289e+01
   8.3166010e+06   3.2653809e+01
   8.3166180e+06   2.7099609e+01
   8.3166430e+06   2.2460938e+01
   8.3166750e+06   2.5390625e+01
   8.3166860e+06   2.3986816e+01
   8.3167050e+06   2.8930664e+01
   8.3167240e+06   2.9357910e+01
   8.3167500e+06   2.3193359e+01
   8.3167620e+06   2.3803711e+01
   8.3167960e+06   2.8381348e+01
   8.3168520e+06   2.3864746e+01
   8.3168820e+06   2.6550293e+01
   8.3170100e+06   2.6855469e+01
   8.3175310e+06   2.4108887e+01
   8.3250460e+06   2.2766113e+01
   8.3263350e+06   2.6611328e+01
   8.3269120e+06   2.9785156e+01
   8.3300310e+06   2.5817871e+01
   8.3303910e+06   2.3498535e+01
   8.3308470e+06   3.0395508e+01
   8.3311760e+06   2.4475098e+01
   8.3314480e+06   2.2216797e+01
   8.3321570e+06   2.6550293e+01
   8.3376020e+06   2.1789551e+01
   8.3390340e+06   3.0334473e+01
   8.3409900e+06   2.6000977e+01
   8.3477110e+06   2.6855469e+01
   8.3481370e+06   2.4353027e+01
   8.3548770e+06   3.1127930e+01
   8.3570850e+06   3.2592773e+01
   8.3639280e+06   2.2949219e+01
   8.3715610e+06   3.0334473e+01
   8.3750670e+06   2.0996094e+01
   8.3781630e+06   2.1789551e+01
   8.3789290e+06   2.3803711e+01
   8.3897100e+06   2.5817871e+01
   8.3974900e+06   2.5024414e+01
   8.3977210e+06   2.9907227e+01
   8.3995430e+06   2.7526855e+01
   8.4044190e+06   2.4658203e+01
   8.4044700e+06   4.0161133e+01
   8.4045150e+06   3.4606934e+01
   8.4045400e+06   2.3498535e+01
   8.4045860e+06   2.1179199e+01
   8.4046110e+06   3.9916992e+01
   8.4046240e+06   2.3437500e+01
   8.4046450e+06   7.9406738e+01
   8.4046760e+06   4.1259766e+01
   8.4046880e+06   4.7790527e+01
   8.4047160e+06   2.8869629e+01
   8.4047290e+06   4.6264648e+01
   8.4047700e+06   2.9724121e+01
   8.4047860e+06   2.3986816e+01
   8.4048060e+06   3.1188965e+01
   8.4048170e+06   2.5634766e+01
   8.4048570e+06   2.6672363e+01
   8.4048840e+06   2.3864746e+01
   8.4049110e+06   2.1362305e+01
   8.4049540e+06   2.3437500e+01
   8.4049820e+06   2.5207520e+01
   8.4050620e+06   2.3681641e+01
   8.4051230e+06   3.1738281e+01
   8.4052100e+06   2.1972656e+01
   8.4053710e+06   2.7099609e+01
   8.4056140e+06   2.3620605e+01
   8.4061500e+06   2.1667480e+01
   8.4306660e+06   2.4169922e+01
   8.4371810e+06   2.1728516e+01
   8.4393500e+06   2.1179199e+01
   8.4394160e+06   2.3193359e+01
   8.4394300e+06   3.6682129e+01
   8.4394610e+06   5.7250977e+01
   8.4394770e+06   3.6193848e+01
   8.4394930e+06   6.2988281e+01
   8.4395090e+06   2.6855469e+01
   8.4395230e+06   3.5034180e+01
   8.4395420e+06   2.5329590e+01
   8.4395540e+06   3.3874512e+01
   8.4395760e+06   2.4841309e+01
   8.4395920e+06   2.2583008e+01
   8.4396110e+06   2.8991699e+01
   8.4396370e+06   2.5878906e+01
   8.4396520e+06   2.5024414e+01
   8.4396870e+06   2.3193359e+01
   8.4397030e+06   3.3996582e+01
   8.4397330e+06   2.4108887e+01
   8.4397510e+06   2.7343750e+01
   8.4397660e+06   2.1301270e+01
   8.4398060e+06   2.2094727e+01
   8.4399070e+06   2.4230957e+01
   8.4399810e+06   2.4414063e+01
   8.4400440e+06   2.3193359e+01
   8.4401620e+06   2.3376465e+01
   8.4402620e+06   2.5268555e+01
   8.4403070e+06   2.2644043e+01
   8.4404080e+06   2.0935059e+01
   8.4409620e+06   2.2277832e+01
   8.4457360e+06   2.3193359e+01
   8.4460030e+06   2.1728516e+01
   8.4465390e+06   2.2766113e+01
   8.4466360e+06   3.1188965e+01
   8.4466560e+06   2.1057129e+01
   8.4466840e+06   5.2124023e+01
   8.4466940e+06   2.0935059e+01
   8.4467110e+06   3.7170410e+01
   8.4467360e+06   2.9479980e+01
   8.4467530e+06   3.9367676e+01
   8.4467860e+06   2.7709961e+01
   8.4468030e+06   2.2399902e+01
   8.4468240e+06   3.6376953e+01
   8.4468470e+06   3.1555176e+01
   8.4468790e+06   4.0100098e+01
   8.4469680e+06   2.6672363e+01
   8.4469880e+06   2.3620605e+01
   8.4470220e+06   2.1484375e+01
   8.4470850e+06   2.1118164e+01
   8.4471050e+06   2.2277832e+01
   8.4471490e+06   2.0935059e+01
   8.4472540e+06   2.1545410e+01
   8.4474320e+06   2.2338867e+01
   8.4475020e+06   2.2583008e+01
   8.4568240e+06   5.7556152e+01
   8.4581320e+06   2.4475098e+01
   8.4677600e+06   3.0334473e+01
   8.4678150e+06   2.2644043e+01
   8.4678480e+06   2.3620605e+01
   8.4678710e+06   7.5927734e+01
   8.4679020e+06   5.2856445e+01
   8.4679290e+06   2.8686523e+01
   8.4679580e+06   3.6315918e+01
   8.4679690e+06   3.6926270e+01
   8.4679930e+06   3.1616211e+01
   8.4680080e+06   2.1240234e+01
   8.4680490e+06   2.5817871e+01
   8.4680760e+06   2.2583008e+01
   8.4680990e+06   2.1362305e+01
   8.4681330e+06   2.5634766e+01
   8.4681440e+06   2.4841309e+01
   8.4681790e+06   2.4780273e+01
   8.4683210e+06   2.5939941e+01
   8.4683490e+06   2.1484375e+01
   8.4685250e+06   2.1301270e+01
   8.4686080e+06   2.1789551e+01
   8.4690360e+06   2.0874023e+01
   8.4793490e+06   3.1005859e+01
   8.4794760e+06   2.3681641e+01
   8.4795560e+06   2.4719238e+01
   8.4795830e+06   2.5390625e+01
   8.4796100e+06   3.1372070e+01
   8.4796240e+06   6.4514160e+01
   8.4796600e+06   2.9479980e+01
   8.4796780e+06   5.9326172e+01
   8.4797140e+06   3.3264160e+01
   8.4797310e+06   2.9174805e+01
   8.4797520e+06   2.2033691e+01
   8.4797770e+06   3.0090332e+01
   8.4798020e+06   2.4902344e+01
   8.4798230e+06   2.2460938e+01
   8.4798510e+06   2.1484375e+01
   8.4798920e+06   2.2399902e+01
   8.4799180e+06   2.3803711e+01
   8.4799320e+06   3.0883789e+01
   8.4800140e+06   2.6977539e+01
   8.4800850e+06   2.5573730e+01
   8.4801530e+06   2.2277832e+01
   8.4802660e+06   2.1057129e+01
   8.4803690e+06   2.2888184e+01
   8.4807620e+06   2.2583008e+01
   8.4919810e+06   2.1911621e+01
   8.4920560e+06   2.1972656e+01
   8.4920870e+06   6.5002441e+01
   8.4920970e+06   2.3437500e+01
   8.4921190e+06   4.4372559e+01
   8.4921390e+06   5.0292969e+01
   8.4921670e+06   2.8015137e+01
   8.4921910e+06   3.4973145e+01
   8.4922210e+06   2.3925781e+01
   8.4922390e+06   3.4606934e+01
   8.4922720e+06   2.8320313e+01
   8.4922900e+06   2.5817871e+01
   8.4923340e+06   2.2460938e+01
   8.4923450e+06   2.1179199e+01
   8.4923690e+06   2.1972656e+01
   8.4923990e+06   2.3864746e+01
   8.4924600e+06   2.1606445e+01
   8.4924900e+06   2.7587891e+01
   8.4928150e+06   2.0874023e+01
   8.5028260e+06   2.2460938e+01
   8.5028680e+06   2.3010254e+01
   8.5029250e+06   3.1433105e+01
   8.5029460e+06   3.5156250e+01
   8.5029710e+06   5.3283691e+01
   8.5029920e+06   2.4047852e+01
   8.5030320e+06   4.2968750e+01
   8.5030450e+06   3.1677246e+01
   8.5030690e+06   2.8259277e+01
   8.5030960e+06   2.5939941e+01
   8.5031280e+06   2.7770996e+01
   8.5031610e+06   2.2399902e+01
   8.5031750e+06   2.4963379e+01
   8.5032590e+06   2.1118164e+01
   8.5033230e+06   2.3437500e+01
   8.5034270e+06   2.1484375e+01
   8.5037070e+06   2.5939941e+01
   8.5142960e+06   2.8625488e+01
   8.5143870e+06   2.4780273e+01
   8.5144020e+06   4.3579102e+01
   8.5144310e+06   4.1381836e+01
   8.5144470e+06   2.9479980e+01
   8.5144720e+06   2.0996094e+01
   8.5144830e+06   2.2827148e+01
   8.5144950e+06   4.9255371e+01
   8.5145190e+06   3.6560059e+01
   8.5145520e+06   2.9052734e+01
   8.5145770e+06   2.2827148e+01
   8.5145920e+06   2.0996094e+01
   8.5146150e+06   2.4047852e+01
   8.5146320e+06   2.4047852e+01
   8.5146810e+06   2.2705078e+01
   8.5147040e+06   2.1301270e+01
   8.5147510e+06   2.1118164e+01
   8.5148310e+06   2.3132324e+01
   8.5148610e+06   2.0935059e+01
   8.5149090e+06   2.3437500e+01
   8.5149870e+06   2.1240234e+01
   8.5150500e+06   2.1301270e+01
   8.5277900e+06   2.6367188e+01
   8.5278440e+06   2.8381348e+01
   8.5278590e+06   2.4230957e+01
   8.5278700e+06   4.7485352e+01
   8.5278840e+06   5.4016113e+01
   8.5278970e+06   2.7221680e+01
   8.5279270e+06   5.7067871e+01
   8.5279440e+06   2.7709961e+01
   8.5279750e+06   2.9418945e+01
   8.5279890e+06   2.8686523e+01
   8.5280130e+06   2.4475098e+01
   8.5280430e+06   2.5695801e+01
   8.5280980e+06   3.0822754e+01
   8.5281320e+06   2.2888184e+01
   8.5281730e+06   2.4841309e+01
   8.5282550e+06   3.3020020e+01
   8.5283120e+06   2.4841309e+01
   8.5283470e+06   2.3376465e+01
   8.5284660e+06   2.3254395e+01
   8.5781540e+06   2.3437500e+01
   8.5781740e+06   3.2714844e+01
   8.5781990e+06   2.3803711e+01
   8.5782290e+06   4.5593262e+01
   8.5782600e+06   3.5400391e+01
   8.5782710e+06   3.0090332e+01
   8.5783090e+06   3.8208008e+01
   8.5783200e+06   2.6794434e+01
   8.5783450e+06   2.6367188e+01
   8.5783650e+06   2.2399902e+01
   8.5783970e+06   2.5329590e+01
   8.5784220e+06   2.3559570e+01
   8.5784350e+06   2.2338867e+01
   8.5784850e+06   2.1911621e+01
   8.5785210e+06   2.3559570e+01
   8.5787190e+06   2.1240234e+01
   8.5796720e+06   2.1911621e+01
   8.6399170e+06   2.6489258e+01
   8.6901040e+06   2.3559570e+01
   8.7012710e+06   2.2827148e+01
   8.7084900e+06   6.3415527e+01
   8.7139070e+06   2.4902344e+01
   8.7147320e+06   6.3415527e+01
   8.7240800e+06   2.1240234e+01
   8.7283670e+06   2.3803711e+01
   8.7466550e+06   2.7404785e+01
   8.7655360e+06   2.7770996e+01
   8.7711180e+06   2.8320312e+01
   8.7758390e+06   2.5329590e+01
   8.8591290e+06   2.1179199e+01
   8.8678990e+06   2.0996094e+01
   8.8915710e+06   2.6977539e+01
   8.8918750e+06   2.7221680e+01
   8.9186430e+06   2.4353027e+01
   8.9265210e+06   2.6428223e+01
   8.9309580e+06   2.3437500e+01
   8.9434920e+06   2.0874023e+01
   8.9530360e+06   2.1179199e+01
   8.9530790e+06   2.1362305e+01
   8.9531790e+06   2.6855469e+01
   8.9532180e+06   2.0996094e+01
   8.9533500e+06   2.2338867e+01
   8.9539100e+06   2.7832031e+01
   8.9550870e+06   2.9296875e+01
   8.9691700e+06   2.3681641e+01
   8.9703910e+06   2.6550293e+01
   8.9720310e+06   2.3498535e+01
   8.9833330e+06   2.2277832e+01
   9.0274080e+06   2.2644043e+01
   9.0366210e+06   2.6977539e+01
   9.0405820e+06   2.1240234e+01
   9.0833920e+06   2.6062012e+01
   9.1350270e+06   2.9296875e+01
   9.1355120e+06   2.3986816e+01
   9.1442770e+06   2.7526855e+01
   9.1832660e+06   2.6062012e+01
   9.1849280e+06   2.4719238e+01
   9.1993610e+06   2.8442383e+01
   9.1996570e+06   2.3925781e+01
   9.2051660e+06   2.6306152e+01
   9.2056970e+06   3.0517578e+01
   9.2124360e+06   2.8198242e+01
   9.2128420e+06   2.7587891e+01
   9.2213510e+06   2.2033691e+01
   9.2269400e+06   2.8808594e+01
   9.2347840e+06   2.7343750e+01
   9.2698000e+06   2.2033691e+01
   9.2889550e+06   2.1057129e+01
   9.2983660e+06   2.4902344e+01
   9.3032490e+06   2.5207520e+01
   9.3100720e+06   2.6794434e+01
   9.3704280e+06   2.8320313e+01
   9.3973070e+06   2.3071289e+01
   9.4033880e+06   2.7832031e+01
   9.4301730e+06   2.8137207e+01
   9.4456850e+06   2.1240234e+01
   9.4900870e+06   2.8747559e+01
   9.5044200e+06   2.2399902e+01
   9.5044710e+06   2.5024414e+01
   9.5045100e+06   2.3925781e+01
   9.5045620e+06   4.5959473e+01
   9.5045800e+06   2.1728516e+01
   9.5046000e+06   2.1301270e+01
   9.5046180e+06   2.1667480e+01
   9.5046640e+06   4.2053223e+01
   9.5047310e+06   3.7597656e+01
   9.5048050e+06   4.1137695e+01
   9.5048650e+06   2.6672363e+01
   9.5049310e+06   2.6184082e+01
   9.5050010e+06   2.2155762e+01
   9.5050330e+06   2.2277832e+01
   9.5051330e+06   3.1188965e+01
   9.5052100e+06   2.6306152e+01
   9.5053050e+06   3.0517578e+01
   9.5054060e+06   3.0090332e+01
   9.5055180e+06   3.2409668e+01
   9.5888350e+06   2.6306152e+01
   9.5891390e+06   2.3132324e+01
   9.6033240e+06   2.4047852e+01
   9.6039720e+06   2.3681641e+01
   9.6338640e+06   2.3681641e+01
   9.6436070e+06   2.4536133e+01
   9.6908600e+06   2.2766113e+01
   9.7049960e+06   2.3437500e+01
   9.7104360e+06   4.4006348e+01
   9.7192240e+06   4.4250488e+01
   9.7192380e+06   2.1423340e+01
   9.7193480e+06   2.1179199e+01
   9.7194350e+06   2.2094727e+01
   9.7195160e+06   2.2583008e+01
   9.7195690e+06   2.5512695e+01
   9.7195970e+06   2.3742676e+01
   9.7640830e+06   2.7221680e+01
   9.7644230e+06   2.2338867e+01
   9.7889870e+06   2.8442383e+01
   9.8017500e+06   2.3498535e+01
   9.8018270e+06   3.3203125e+01
   9.8025830e+06   2.1911621e+01
   9.8028750e+06   4.0710449e+01
   9.8031160e+06   3.5522461e+01
   9.8212880e+06   2.6062012e+01
   9.8859210e+06   2.3437500e+01
   9.8985280e+06   2.8625488e+01
   9.9313480e+06   2.1423340e+01
   9.9354240e+06   2.6794434e+01
   9.9477450e+06   2.6489258e+01
   9.9494920e+06   2.4780273e+01
   9.9575760e+06   2.6062012e+01
   9.9663050e+06   2.4047852e+01
   9.9685220e+06   3.1433105e+01
   9.9685960e+06   2.6062012e+01
   9.9688560e+06   2.3681641e+01
   9.9690270e+06   3.3264160e+01
   9.9868960e+06   2.2949219e+01
   9.9964720e+06   2.6794434e+01
   1.0008678e+07   2.7465820e+01
   1.0009264e+07   2.8381348e+01
   1.0010057e+07   2.6428223e+01
   1.0043610e+07   2.5939941e+01
   1.0053575e+07   2.5878906e+01
   1.0058872e+07   2.7038574e+01
   1.0062531e+07   2.4414063e+01
   1.0075804e+07   2.6428223e+01
   1.0102374e+07   2.5085449e+01
   1.0104838e+07   3.2470703e+01
   1.0135677e+07   2.9479980e+01
   1.0140758e+07   2.4780273e+01
   1.0144991e+07   2.2521973e+01
   1.0145569e+07   2.6916504e+01
   1.0156087e+07   2.7770996e+01
   1.0167097e+07   2.1118164e+01
   1.0271315e+07   3.0578613e+01
   1.0293894e+07   2.4780273e+01
   1.0298547e+07   6.7138672e+01
   1.0343598e+07   2.3132324e+01
   1.0378878e+07   2.1545410e+01
   1.0383445e+07   2.1667480e+01
   1.0423239e+07   2.9052734e+01
   1.0423285e+07   2.6245117e+01
   1.0423327e+07   2.7770996e+01
   1.0423356e+07   2.1850586e+01
   1.0423368e+07   7.5317383e+01
   1.0423389e+07   2.1728516e+01
   1.0423410e+07   2.1667480e+01
   1.0423438e+07   4.5227051e+01
   1.0423455e+07   2.8625488e+01
   1.0423484e+07   2.9907227e+01
   1.0423505e+07   2.6123047e+01
   1.0423531e+07   2.5085449e+01
   1.0423542e+07   2.3803711e+01
   1.0423576e+07   2.2033691e+01
   1.0423635e+07   2.1118164e+01
   1.0423676e+07   2.8686523e+01
   1.0423706e+07   2.1728516e+01
   1.0423725e+07   2.6733398e+01
   1.0423747e+07   2.5329590e+01
   1.0423791e+07   2.2888184e+01
   1.0423857e+07   2.3864746e+01
   1.0423887e+07   2.6855469e+01
   1.0424031e+07   2.1972656e+01
   1.0424327e+07   2.4902344e+01
   1.0424518e+07   2.3742676e+01
   1.0424837e+07   2.7099609e+01
   1.0525093e+07   2.1911621e+01
   1.0544823e+07   2.7648926e+01
   1.0544878e+07   3.9550781e+01
   1.0544891e+07   3.0212402e+01
   1.0544964e+07   6.1035156e+01
   1.0544995e+07   2.5451660e+01
   1.0545053e+07   4.7363281e+01
   1.0545082e+07   2.1362305e+01
   1.0545094e+07   3.5156250e+01
   1.0545123e+07   2.2949219e+01
   1.0545137e+07   2.1118164e+01
   1.0545189e+07   3.9123535e+01
   1.0545237e+07   2.0935059e+01
   1.0545264e+07   3.9550781e+01
   1.0545297e+07   2.2277832e+01
   1.0545326e+07   3.7597656e+01
   1.0545356e+07   2.2705078e+01
   1.0545387e+07   2.2583008e+01
   1.0545448e+07   3.2043457e+01
   1.0545472e+07   2.3559570e+01
   1.0545488e+07   2.4719238e+01
   1.0545514e+07   2.1850586e+01
   1.0545544e+07   2.2216797e+01
   1.0545595e+07   2.6733398e+01
   1.0545653e+07   2.3254395e+01
   1.0545696e+07   2.2888184e+01
   1.0545732e+07   2.1362305e+01
   1.0545808e+07   2.3620605e+01
   1.0545904e+07   2.9296875e+01
   1.0545970e+07   2.3010254e+01
   1.0569250e+07   3.0883789e+01
   1.0608616e+07   2.9785156e+01
   1.0636515e+07   2.1545410e+01
   1.0664142e+07   2.2705078e+01
   1.0668256e+07   2.5085449e+01
   1.0669522e+07   2.9602051e+01
   1.0669575e+07   2.1118164e+01
   1.0669632e+07   2.1057129e+01
   1.0669658e+07   2.1667480e+01
   1.0669709e+07   2.2460938e+01
   1.0669744e+07   3.4973145e+01
   1.0669766e+07   3.3142090e+01
   1.0669805e+07   2.2888184e+01
   1.0669890e+07   2.7282715e+01
   1.0669985e+07   2.1545410e+01
   1.0670008e+07   2.0996094e+01
   1.0670132e+07   2.1362305e+01
   1.0670145e+07   2.9418945e+01
   1.0670251e+07   2.2033691e+01
   1.0670304e+07   2.1789551e+01
   1.0670501e+07   2.2033691e+01
   1.0702293e+07   2.6367187e+01
   1.0713587e+07   2.9724121e+01
   1.0724335e+07   2.8503418e+01
   1.0740091e+07   2.3864746e+01
   1.0815258e+07   2.2521973e+01
   1.0815277e+07   2.9541016e+01
   1.0815297e+07   2.8991699e+01
   1.0815311e+07   7.2937012e+01
   1.0815323e+07   1.0046387e+02
   1.0815356e+07   6.0852051e+01
   1.0815394e+07   4.8400879e+01
   1.0815417e+07   4.7912598e+01
   1.0815442e+07   3.6376953e+01
   1.0815452e+07   3.5339355e+01
   1.0815484e+07   3.0395508e+01
   1.0815507e+07   2.1179199e+01
   1.0815520e+07   2.3437500e+01
   1.0815572e+07   2.3010254e+01
   1.0815772e+07   2.3193359e+01
   1.0815816e+07   2.0935059e+01
   1.0815846e+07   2.1423340e+01
   1.0815878e+07   2.2766113e+01
   1.0816007e+07   2.0935059e+01
   1.0816710e+07   4.3395996e+01
   1.0858214e+07   2.3132324e+01
   1.0885357e+07   2.6428223e+01
   1.0912903e+07   6.1523438e+01
   1.0916229e+07   2.3315430e+01
   1.0934903e+07   2.2399902e+01
   1.0936684e+07   2.2827148e+01
   1.0946290e+07   2.4719238e+01
   1.0966679e+07   3.1311035e+01
   1.0971423e+07   2.8259277e+01
   1.0985449e+07   3.0151367e+01
   1.0985668e+07   2.3620605e+01
   1.1003777e+07   2.2399902e+01
   1.1004031e+07   2.8564453e+01
   1.1004273e+07   2.7832031e+01
   1.1018390e+07   2.2888184e+01
   1.1018444e+07   2.7587891e+01
   1.1018479e+07   2.1301270e+01
   1.1018493e+07   4.4250488e+01
   1.1018523e+07   4.5532227e+01
   1.1018552e+07   7.3730469e+01
   1.1018563e+07   3.5400391e+01
   1.1018582e+07   3.5888672e+01
   1.1018601e+07   3.1677246e+01
   1.1018626e+07   3.8696289e+01
   1.1018637e+07   3.0334473e+01
   1.1018669e+07   4.7546387e+01
   1.1018708e+07   2.8747559e+01
   1.1018737e+07   2.2705078e+01
   1.1018765e+07   3.0944824e+01
   1.1018794e+07   2.7526855e+01
   1.1018810e+07   2.0874023e+01
   1.1018842e+07   2.1362305e+01
   1.1018951e+07   2.6977539e+01
   1.1018983e+07   2.1545410e+01
   1.1019082e+07   2.4291992e+01
   1.1019713e+07   2.2949219e+01
   1.1019913e+07   2.1728516e+01
   1.1192808e+07   2.9602051e+01
   1.1200404e+07   2.7526855e+01
   1.1203747e+07   2.2155762e+01
   1.1203908e+07   2.6916504e+01
   1.1267480e+07   3.2104492e+01
   1.1267530e+07   2.4047852e+01
   1.1267567e+07   4.1259766e+01
   1.1267577e+07   2.2521973e+01
   1.1267588e+07   2.7587891e+01
   1.1267616e+07   2.3315430e+01
   1.1267632e+07   2.1850586e+01
   1.1267670e+07   5.4382324e+01
   1.1267690e+07   2.5451660e+01
   1.1267706e+07   5.8349609e+01
   1.1267747e+07   4.4006348e+01
   1.1267759e+07   2.6916504e+01
   1.1267782e+07   2.5634766e+01
   1.1267815e+07   3.1188965e+01
   1.1267831e+07   3.0944824e+01
   1.1267848e+07   2.3437500e+01
   1.1267888e+07   2.5634766e+01
   1.1267917e+07   2.8747559e+01
   1.1267939e+07   2.4719238e+01
   1.1267996e+07   2.3498535e+01
   1.1268009e+07   2.0874023e+01
   1.1268032e+07   2.2277832e+01
   1.1268075e+07   2.2888184e+01
   1.1268129e+07   2.6245117e+01
   1.1268148e+07   2.2644043e+01
   1.1268179e+07   2.5146484e+01
   1.1268236e+07   2.8808594e+01
   1.1268257e+07   2.1301270e+01
   1.1268365e+07   2.1789551e+01
   1.1268392e+07   2.1972656e+01
   1.1268512e+07   2.5939941e+01
   1.1268666e+07   2.7343750e+01
   1.1268742e+07   2.6245117e+01
   1.1268848e+07   2.6062012e+01
   1.1268931e+07   2.3193359e+01
   1.1285926e+07   2.6672363e+01
   1.1321282e+07   2.7648926e+01
   1.1372786e+07   2.5878906e+01
   1.1376133e+07   2.6062012e+01
   1.1392203e+07   2.6367188e+01
   1.1444116e+07   2.8686523e+01
   1.1477040e+07   3.6804199e+01
   1.1477220e+07   2.4841309e+01
   1.1477377e+07   2.1057129e+01
   1.1477422e+07   2.1301270e+01
   1.1477527e+07   2.2033691e+01
   1.1477638e+07   2.8259277e+01
   1.1477779e+07   2.1118164e+01
   1.1477900e+07   3.0944824e+01
   1.1516701e+07   2.6123047e+01
   1.1527991e+07   2.1118164e+01
   1.1543816e+07   3.0273438e+01
   1.1578019e+07   2.4780273e+01
   1.1578116e+07   3.2958984e+01
   1.1578165e+07   2.1057129e+01
   1.1578192e+07   2.2094727e+01
   1.1578219e+07   2.2644043e+01
   1.1578245e+07   2.4230957e+01
   1.1578279e+07   2.3010254e+01
   1.1578356e+07   2.2216797e+01
   1.1578650e+07   2.9663086e+01
   1.1582904e+07   2.7648926e+01
   1.1594268e+07   3.1005859e+01
   1.1630210e+07   2.6672363e+01
   1.1644463e+07   2.3986816e+01
   1.1660427e+07   3.0334473e+01
   1.1706042e+07   2.5451660e+01
   1.1714318e+07   2.5878906e+01
   1.1731349e+07   2.1484375e+01
   1.1731364e+07   2.1179199e+01
   1.1731381e+07   3.2714844e+01
   1.1749743e+07   2.6611328e+01
   1.1764694e+07   2.1179199e+01
   1.1773739e+07   2.9113770e+01
   1.1777551e+07   2.6672363e+01
   1.1780665e+07   2.7465820e+01
   1.1785869e+07   2.9541016e+01
   1.1786906e+07   2.9235840e+01
   1.1796902e+07   2.6000977e+01
   1.1803350e+07   4.2236328e+01
   1.1803394e+07   2.3620605e+01
   1.1803424e+07   2.7282715e+01
   1.1803787e+07   3.2348633e+01
   1.1817696e+07   2.2399902e+01
   1.1827824e+07   2.0874023e+01
   1.1837450e+07   2.7587891e+01
   1.1839401e+07   2.3193359e+01
   1.1844194e+07   2.4291992e+01
   1.1860626e+07   2.6428223e+01
   1.1862205e+07   2.8198242e+01
   1.1867071e+07   2.7160645e+01
   1.1868164e+07   3.0822754e+01
   1.1870528e+07   2.6184082e+01
   1.1882167e+07   2.4047852e+01
   1.1891015e+07   2.4169922e+01
   1.1894166e+07   2.3681641e+01
   1.1898781e+07   2.5756836e+01
   1.1909690e+07   3.2653809e+01
   1.1909809e+07   2.7465820e+01
   1.1910072e+07   2.1972656e+01
   1.1910280e+07   2.1179199e+01
   1.1910302e+07   2.3498535e+01
   1.1910512e+07   2.1301270e+01
   1.1910535e+07   2.9846191e+01
   1.1910567e+07   2.2583008e+01
   1.1910610e+07   2.2583008e+01
   1.1910671e+07   2.2888184e+01
   1.1910708e+07   3.7231445e+01
   1.1910991e+07   2.4963379e+01
   1.1911854e+07   2.7587891e+01
   1.1913080e+07   2.5268555e+01
   1.1925249e+07   2.3254395e+01
   1.1929817e+07   3.1127930e+01
   1.1943821e+07   2.9479980e+01
   1.1945629e+07   2.4047852e+01
   1.1951012e+07   3.0883789e+01
   1.1952227e+07   3.0456543e+01
   1.1955118e+07   2.2888184e+01
   1.1959223e+07   2.7221680e+01
   1.1960526e+07   2.7526855e+01
   1.1960812e+07   2.5024414e+01
   1.1986474e+07   2.5146484e+01
