   1.1999000e+07   0.0000000e+00
   3.4820000e+03   2.3864746e+01
   1.6059000e+04   1.8859863e+01
   2.9313000e+04   2.1057129e+01
   2.9361000e+04   1.8493652e+01
   2.9883000e+04   1.8493652e+01
   2.9998000e+04   2.3193359e+01
   3.0358000e+04   4.1137695e+01
   3.7700000e+04   2.0935059e+01
   4.0327000e+04   2.2216797e+01
   4.1205000e+04   3.8940430e+01
   4.1367000e+04   2.2521973e+01
   5.4886000e+04   1.9104004e+01
   5.4974000e+04   1.9775391e+01
   5.4997000e+04   2.2033691e+01
   5.5029000e+04   2.5268555e+01
   5.5053000e+04   3.0273437e+01
   5.5066000e+04   2.0751953e+01
   5.5081000e+04   2.6794434e+01
   5.5118000e+04   1.9714355e+01
   5.5163000e+04   1.9042969e+01
   5.5326000e+04   2.0568848e+01
   1.0849600e+05   2.6550293e+01
   1.0871300e+05   1.9348145e+01
   1.0904300e+05   2.0751953e+01
   1.3779700e+05   1.8981934e+01
   1.3790600e+05   1.8981934e+01
   1.3802100e+05   4.9560547e+01
   1.6397300e+05   1.8737793e+01
   1.6581800e+05   1.8920898e+01
   1.6588500e+05   1.8554688e+01
   1.6592500e+05   3.3264160e+01
   1.8066800e+05   2.0935059e+01
   1.8115300e+05   4.2907715e+01
   1.8117300e+05   2.5878906e+01
   1.8173600e+05   2.4108887e+01
   1.8176800e+05   4.7241211e+01
   1.8197500e+05   1.8737793e+01
   2.0210800e+05   2.0446777e+01
   2.2920800e+05   1.9287109e+01
   2.3457100e+05   1.8737793e+01
   2.3501100e+05   3.6376953e+01
   2.3551100e+05   3.9550781e+01
   2.3597100e+05   4.1564941e+01
   2.4433000e+05   1.9165039e+01
   2.4434700e+05   1.8737793e+01
   2.4437500e+05   3.2836914e+01
   2.4496200e+05   3.7841797e+01
   2.4533500e+05   4.2358398e+01
   2.6620100e+05   2.9724121e+01
   2.6647400e+05   3.8696289e+01
   2.6661200e+05   4.7180176e+01
   2.6691100e+05   3.7048340e+01
   2.6703400e+05   3.3081055e+01
   2.6712100e+05   3.7353516e+01
   2.6740000e+05   3.8024902e+01
   2.6766800e+05   3.4667969e+01
   2.6785700e+05   3.4973145e+01
   2.8228200e+05   1.9287109e+01
   2.8238500e+05   1.8737793e+01
   2.8245100e+05   1.8676758e+01
   2.8246200e+05   1.9653320e+01
   2.8260900e+05   4.4555664e+01
   2.8283400e+05   4.5104980e+01
   2.8306500e+05   1.9714355e+01
   2.8320300e+05   3.3447266e+01
   2.8325200e+05   2.3803711e+01
   2.8330000e+05   2.7465820e+01
   2.8349300e+05   3.2714844e+01
   2.8361300e+05   2.6489258e+01
   2.8376600e+05   3.1494141e+01
   2.8391100e+05   2.5878906e+01
   2.8404900e+05   2.2338867e+01
   2.8422400e+05   3.0883789e+01
   2.8423700e+05   1.8859863e+01
   3.1218100e+05   1.9897461e+01
   3.1226200e+05   2.0996094e+01
   3.1230700e+05   1.9531250e+01
   3.1233900e+05   3.5583496e+01
   3.1238600e+05   3.1921387e+01
   3.1241800e+05   2.7526855e+01
   3.1243900e+05   4.7912598e+01
   3.1245300e+05   2.4719238e+01
   3.1247300e+05   2.2888184e+01
   3.1250700e+05   2.0080566e+01
   3.1256500e+05   1.9897461e+01
   3.1283200e+05   3.5949707e+01
   3.1301000e+05   4.1992188e+01
   3.1319100e+05   1.8737793e+01
   3.2055900e+05   1.8554688e+01
   3.6393700e+05   1.9653320e+01
   3.6450400e+05   4.2358398e+01
   3.6472400e+05   3.2348633e+01
   3.6487000e+05   2.2521973e+01
   3.6488100e+05   3.5217285e+01
   3.6491900e+05   1.9775391e+01
   3.6522400e+05   2.0812988e+01
   3.6524100e+05   3.8330078e+01
   3.6529700e+05   1.9836426e+01
   4.0090200e+05   3.3264160e+01
   4.0136600e+05   4.2541504e+01
   4.0138100e+05   1.9165039e+01
   4.0152800e+05   3.2287598e+01
   4.0157500e+05   1.9958496e+01
   4.0185300e+05   2.1545410e+01
   4.6334800e+05   1.9775391e+01
   4.6340800e+05   1.9470215e+01
   4.6448600e+05   1.9775391e+01
   4.6487800e+05   2.1179199e+01
   4.9257300e+05   1.8493652e+01
   5.1379000e+05   1.8615723e+01
   5.3360700e+05   1.9042969e+01
   5.4204400e+05   1.9592285e+01
   5.4295200e+05   1.9226074e+01
   5.6640700e+05   1.9653320e+01
   5.6718700e+05   1.8737793e+01
   5.6723400e+05   4.8950195e+01
   6.1072600e+05   2.0324707e+01
   6.1088900e+05   2.3803711e+01
   6.1101800e+05   1.8737793e+01
   6.1190900e+05   2.1545410e+01
   6.1268800e+05   1.8615723e+01
   6.3936700e+05   1.9897461e+01
   6.4534600e+05   1.8432617e+01
   6.4536400e+05   4.5104980e+01
   6.6722800e+05   1.8554688e+01
   6.6763800e+05   1.9470215e+01
   6.6837300e+05   1.9348145e+01
   6.6843300e+05   1.9531250e+01
   6.6876200e+05   1.8432617e+01
   6.6885900e+05   1.8676758e+01
   6.6890900e+05   3.6254883e+01
   6.6898200e+05   2.1423340e+01
   6.9962900e+05   3.8940430e+01
   6.9968200e+05   1.8432617e+01
   7.0011900e+05   1.9470215e+01
   7.0071300e+05   1.8798828e+01
   7.0080400e+05   3.9855957e+01
   7.0119800e+05   1.9775391e+01
   7.0122400e+05   4.3151855e+01
   7.1965600e+05   2.0141602e+01
   7.2002900e+05   3.8024902e+01
   7.2015800e+05   3.2836914e+01
   7.2036300e+05   3.5888672e+01
   7.2071400e+05   3.7170410e+01
   7.2085000e+05   3.8146973e+01
   7.2098500e+05   3.4301758e+01
   7.2111500e+05   2.0507813e+01
   7.8184000e+05   1.9836426e+01
   7.8191300e+05   3.6621094e+01
   7.8239100e+05   2.0141602e+01
   7.8331400e+05   1.8493652e+01
   7.8378900e+05   4.2053223e+01
   7.8387800e+05   3.7048340e+01
   8.2449000e+05   3.9245605e+01
   8.2450600e+05   1.8798828e+01
   8.2514300e+05   4.0283203e+01
   8.2522800e+05   3.6987305e+01
   8.6089200e+05   1.8981934e+01
   8.6098500e+05   4.5166016e+01
   8.7187500e+05   2.0385742e+01
   8.7197900e+05   1.8615723e+01
   8.7200700e+05   2.0324707e+01
   8.7208800e+05   1.8859863e+01
   8.7265800e+05   4.4006348e+01
   8.7293000e+05   4.4799805e+01
   8.7370000e+05   2.1728516e+01
   9.2567300e+05   2.0507813e+01
   9.2572500e+05   1.9714355e+01
   9.3433400e+05   2.4902344e+01
   9.3443300e+05   2.0690918e+01
   9.3460700e+05   1.9165039e+01
   9.3479700e+05   4.5410156e+01
   9.3516500e+05   4.9621582e+01
   9.3525800e+05   4.3579102e+01
   9.3539800e+05   2.1057129e+01
   9.6160400e+05   2.0385742e+01
   9.6165400e+05   2.4719238e+01
   9.6208700e+05   2.1179199e+01
   9.6211600e+05   1.9226074e+01
   9.6219600e+05   2.2338867e+01
   9.6222800e+05   2.0996094e+01
   9.6228700e+05   1.8920898e+01
   9.6246500e+05   1.9104004e+01
   9.8787000e+05   2.1911621e+01
   9.9795800e+05   1.9592285e+01
   9.9838100e+05   2.4169922e+01
   9.9854100e+05   2.0935059e+01
   9.9861900e+05   1.9104004e+01
   9.9932500e+05   3.4606934e+01
   9.9945200e+05   2.2338867e+01
   9.9955800e+05   3.9550781e+01
   9.9958400e+05   1.8798828e+01
   9.9962100e+05   1.9165039e+01
   9.9964300e+05   4.0283203e+01
   9.9974300e+05   2.1179199e+01
   9.9976000e+05   4.0466309e+01
   9.9982600e+05   1.8920898e+01
   9.9985800e+05   2.3498535e+01
   9.9992300e+05   2.7465820e+01
   1.0000170e+06   3.1188965e+01
   1.0001430e+06   4.1931152e+01
   1.0002620e+06   2.8320312e+01
   1.0004800e+06   3.5339355e+01
   1.0097450e+06   1.8676758e+01
   1.0580930e+06   4.1931152e+01
   1.0582230e+06   3.5827637e+01
   1.0584970e+06   4.5166016e+01
   1.0587660e+06   3.3203125e+01
   1.0589240e+06   4.2846680e+01
   1.0589400e+06   2.2338867e+01
   1.0590190e+06   3.0700684e+01
   1.0591200e+06   3.2104492e+01
   1.0592390e+06   3.6804199e+01
   1.0593340e+06   2.4353027e+01
   1.0594560e+06   2.7465820e+01
   1.0594660e+06   2.1789551e+01
   1.0595900e+06   2.8686523e+01
   1.0597200e+06   2.9846191e+01
   1.0671510e+06   1.8432617e+01
   1.0905100e+06   1.9226074e+01
   1.0908090e+06   3.8146973e+01
   1.0908570e+06   2.0385742e+01
   1.0909390e+06   1.9653320e+01
   1.0910500e+06   1.8737793e+01
   1.0912230e+06   3.5522461e+01
   1.0912850e+06   3.1799316e+01
   1.0913250e+06   2.0812988e+01
   1.0914660e+06   4.4921875e+01
   1.0916790e+06   4.0893555e+01
   1.0917020e+06   1.8920898e+01
   1.0919550e+06   3.6499023e+01
   1.0921890e+06   3.7414551e+01
   1.0922430e+06   2.0324707e+01
   1.0922630e+06   1.8493652e+01
   1.1083840e+06   2.1850586e+01
   1.1084060e+06   3.0029297e+01
   1.1084340e+06   2.3986816e+01
   1.1084540e+06   1.9042969e+01
   1.1084770e+06   1.8676758e+01
   1.1085010e+06   2.7282715e+01
   1.1085270e+06   2.4169922e+01
   1.1085410e+06   3.1066895e+01
   1.1085590e+06   4.8217773e+01
   1.1086510e+06   5.3466797e+01
   1.1087990e+06   4.4616699e+01
   1.1089490e+06   3.7353516e+01
   1.1091100e+06   3.9978027e+01
   1.1092510e+06   2.9663086e+01
   1.1968570e+06   2.0446777e+01
   1.1970850e+06   1.8737793e+01
   1.1972120e+06   1.9958496e+01
   1.1972740e+06   1.9470215e+01
   1.1973850e+06   4.4555664e+01
   1.1974650e+06   3.3691406e+01
   1.1975660e+06   4.3823242e+01
   1.1976790e+06   4.7241211e+01
   1.1977990e+06   3.8330078e+01
   1.1979140e+06   3.9489746e+01
   1.1980050e+06   3.2897949e+01
   1.1981110e+06   3.7719727e+01
   1.1982130e+06   2.7587891e+01
   1.1982860e+06   1.9714355e+01
   1.1982990e+06   1.9897461e+01
   1.1983950e+06   2.6794434e+01
   1.1985210e+06   2.9968262e+01
   1.1986590e+06   3.3752441e+01
   1.1987040e+06   1.9470215e+01
   1.1987330e+06   1.8676758e+01
   1.1988630e+06   1.9653320e+01
   1.1990920e+06   2.6062012e+01
   1.1992000e+06   2.1911621e+01
   1.1993610e+06   2.6000977e+01
   1.2451970e+06   3.7597656e+01
   1.2452300e+06   1.8493652e+01
   1.2454380e+06   1.8615723e+01
   1.2465470e+06   3.4484863e+01
   1.2467030e+06   4.4494629e+01
   1.2467700e+06   1.8676758e+01
   1.2672950e+06   4.6875000e+01
   1.2673480e+06   2.1301270e+01
   1.2676450e+06   4.2358398e+01
   1.2676600e+06   1.8615723e+01
   1.2676850e+06   2.0080566e+01
   1.2677680e+06   4.2663574e+01
   1.2680370e+06   4.4067383e+01
   1.2681990e+06   3.3203125e+01
   1.2682270e+06   1.9653320e+01
   1.2683140e+06   3.9184570e+01
   1.2684290e+06   3.4912109e+01
   1.2685990e+06   3.2470703e+01
   1.2686730e+06   1.9348145e+01
   1.2687260e+06   3.3996582e+01
   1.2689120e+06   3.1860352e+01
   1.2695040e+06   1.8554688e+01
   1.3073380e+06   2.0812988e+01
   1.3078200e+06   4.0954590e+01
   1.3081760e+06   3.9916992e+01
   1.3083820e+06   4.4921875e+01
   1.3085640e+06   3.2409668e+01
   1.3088080e+06   4.5532227e+01
   1.3196610e+06   1.9104004e+01
   1.3441810e+06   2.0690918e+01
   1.3442300e+06   1.8432617e+01
   1.3444390e+06   4.0649414e+01
   1.3444770e+06   2.1179199e+01
   1.3449140e+06   3.5827637e+01
   1.3458410e+06   4.3762207e+01
   1.3458590e+06   2.0385742e+01
   1.3459850e+06   4.4311523e+01
   1.3460140e+06   1.9470215e+01
   1.3460410e+06   2.3071289e+01
   1.3462910e+06   4.0710449e+01
   1.3465530e+06   3.9306641e+01
   1.3816220e+06   4.0771484e+01
   1.3824610e+06   4.6936035e+01
   1.3825950e+06   3.6560059e+01
   1.3832010e+06   3.6499023e+01
   1.3921630e+06   1.9104004e+01
   1.3922090e+06   1.8859863e+01
   1.3923000e+06   5.1391602e+01
   1.3923180e+06   1.8554688e+01
   1.4539560e+06   1.9165039e+01
   1.5129640e+06   1.9287109e+01
   1.5129760e+06   2.1179199e+01
   1.5131180e+06   1.8981934e+01
   1.5132120e+06   1.8981934e+01
   1.5133070e+06   5.1086426e+01
   1.5135700e+06   4.2053223e+01
   1.5136040e+06   2.8198242e+01
   1.5137180e+06   4.1870117e+01
   1.5137740e+06   3.2226563e+01
   1.5138400e+06   1.8859863e+01
   1.5139430e+06   3.4118652e+01
   1.5141320e+06   3.6743164e+01
   1.5141870e+06   2.4902344e+01
   1.5142940e+06   3.3874512e+01
   1.5143930e+06   2.3254395e+01
   1.5145300e+06   3.1127930e+01
   1.5146660e+06   3.3203125e+01
   1.5147910e+06   2.6062012e+01
   1.5148120e+06   1.9409180e+01
   1.5789330e+06   2.0629883e+01
   1.5790960e+06   3.6071777e+01
   1.5791670e+06   3.2775879e+01
   1.5791950e+06   2.0812988e+01
   1.5794370e+06   4.6081543e+01
   1.5796310e+06   4.4006348e+01
   1.5798200e+06   3.9916992e+01
   1.5799240e+06   3.3813477e+01
   1.5800690e+06   3.5400391e+01
   1.5801010e+06   2.3254395e+01
   1.5801830e+06   3.4423828e+01
   1.5803630e+06   3.5522461e+01
   1.5805010e+06   2.8259277e+01
   1.5806610e+06   3.3325195e+01
   1.5808650e+06   2.8747559e+01
   1.5812000e+06   3.3264160e+01
   1.5934550e+06   2.0019531e+01
   1.6207500e+06   1.9714355e+01
   1.6247430e+06   1.8493652e+01
   1.6247940e+06   2.8259277e+01
   1.6248060e+06   2.4291992e+01
   1.6248260e+06   2.9052734e+01
   1.6248590e+06   2.5390625e+01
   1.6248830e+06   1.9897461e+01
   1.6249200e+06   2.2338867e+01
   1.6249610e+06   2.2033691e+01
   1.6249880e+06   1.9226074e+01
   1.6250070e+06   4.9621582e+01
   1.6250410e+06   1.8737793e+01
   1.6251030e+06   4.1931152e+01
   1.6252380e+06   4.3457031e+01
   1.6253790e+06   3.8024902e+01
   1.6254740e+06   3.7048340e+01
   1.6255790e+06   3.7048340e+01
   1.6256980e+06   3.4606934e+01
   1.6368380e+06   1.9592285e+01
   1.6382990e+06   2.0812988e+01
   1.6383660e+06   1.8737793e+01
   1.6384060e+06   1.9470215e+01
   1.6385290e+06   3.3813477e+01
   1.6387240e+06   2.2338867e+01
   1.6388110e+06   2.4108887e+01
   1.6388280e+06   4.2785645e+01
   1.6389850e+06   3.8085938e+01
   1.6390970e+06   3.0029297e+01
   1.6392320e+06   3.4423828e+01
   1.6393230e+06   3.1494141e+01
   1.6393470e+06   1.9042969e+01
   1.6395040e+06   3.3996582e+01
   1.6395980e+06   2.4047852e+01
   1.6398130e+06   3.7902832e+01
   1.6399730e+06   3.0700684e+01
   1.6401170e+06   2.9235840e+01
   1.6401520e+06   2.0080566e+01
   1.6402560e+06   2.7587891e+01
   1.6600420e+06   2.1850586e+01
   1.6729480e+06   1.9775391e+01
   1.6898620e+06   2.0385742e+01
   1.6899740e+06   4.0527344e+01
   1.6899910e+06   1.8981934e+01
   1.6901410e+06   1.9653320e+01
   1.6902400e+06   4.1381836e+01
   1.6902630e+06   2.3681641e+01
   1.6904240e+06   4.0649414e+01
   1.6904590e+06   2.0141602e+01
   1.6904900e+06   1.8493652e+01
   1.6905300e+06   3.8208008e+01
   1.6906450e+06   3.4729004e+01
   1.6907210e+06   3.1738281e+01
   1.6908380e+06   3.4851074e+01
   1.6909270e+06   2.7832031e+01
   1.6909520e+06   2.3132324e+01
   1.6910130e+06   2.5573730e+01
   1.6911240e+06   2.8564453e+01
   1.6912200e+06   2.7893066e+01
   1.6912900e+06   2.4719238e+01
   1.6913120e+06   2.0996094e+01
   1.6914290e+06   2.9235840e+01
   1.6915350e+06   2.3864746e+01
   1.6917970e+06   3.0273437e+01
   1.7524040e+06   1.8432617e+01
   1.7525450e+06   4.3701172e+01
   1.7525810e+06   2.0874023e+01
   1.7526200e+06   1.9653320e+01
   1.7527570e+06   1.9104004e+01
   1.7529480e+06   4.1564941e+01
   1.7531250e+06   3.8330078e+01
   1.7532900e+06   3.8635254e+01
   1.7534420e+06   3.8146973e+01
   1.7534630e+06   2.1972656e+01
   1.7535960e+06   3.6254883e+01
   1.7537410e+06   3.0273438e+01
   1.7537640e+06   2.0141602e+01
   1.7538530e+06   3.5400391e+01
   1.7539580e+06   2.8320313e+01
   1.7540730e+06   2.7404785e+01
   1.7914890e+06   3.9733887e+01
   1.8424090e+06   1.9531250e+01
   1.8427530e+06   1.9165039e+01
   1.8429410e+06   2.1240234e+01
   1.8432530e+06   4.2846680e+01
   1.8434640e+06   3.6376953e+01
   1.8437390e+06   4.4738770e+01
   1.8441600e+06   4.1564941e+01
   1.8443590e+06   3.7719727e+01
   1.8739040e+06   2.0629883e+01
   1.8739180e+06   2.1484375e+01
   1.8739480e+06   3.0212402e+01
   1.8739820e+06   1.8676758e+01
   1.8740050e+06   2.2521973e+01
   1.8740280e+06   2.1728516e+01
   1.8740670e+06   1.9042969e+01
   1.8740870e+06   2.4475098e+01
   1.8741020e+06   1.8859863e+01
   1.8741570e+06   2.0690918e+01
   1.8742790e+06   4.8156738e+01
   1.8744600e+06   1.8798828e+01
   1.8744860e+06   5.0476074e+01
   1.8856010e+06   1.8798828e+01
   1.9425440e+06   2.0385742e+01
   1.9684470e+06   1.9958496e+01
   1.9775020e+06   2.1850586e+01
   1.9782050e+06   2.3315430e+01
   1.9783100e+06   3.8269043e+01
   1.9786550e+06   3.9184570e+01
   1.9787030e+06   1.8432617e+01
   1.9789350e+06   4.0893555e+01
   1.9790140e+06   3.1799316e+01
   1.9955810e+06   1.9042969e+01
   2.0049680e+06   2.4169922e+01
   2.0051320e+06   4.4250488e+01
   2.0500040e+06   2.0019531e+01
   2.1543540e+06   1.9287109e+01
   2.1546160e+06   2.2827148e+01
   2.1552840e+06   1.9531250e+01
   2.1553810e+06   1.8432617e+01
   2.1554570e+06   2.3071289e+01
   2.2704910e+06   2.0385742e+01
   2.2713590e+06   2.0507813e+01
   2.3132670e+06   2.0507813e+01
   2.3553500e+06   2.0263672e+01
   2.3775720e+06   1.9653320e+01
   2.3884070e+06   1.8920898e+01
   2.3961430e+06   1.9958496e+01
   2.3966150e+06   2.5390625e+01
   2.4032130e+06   2.2705078e+01
   2.4033180e+06   2.0690918e+01
   2.4033520e+06   2.0996094e+01
   2.4033640e+06   2.7832031e+01
   2.4033930e+06   2.0446777e+01
   2.4034150e+06   2.3986816e+01
   2.4034520e+06   2.3010254e+01
   2.4034750e+06   1.9653320e+01
   2.4035040e+06   1.9348145e+01
   2.4036090e+06   1.9592285e+01
   2.4037000e+06   1.9042969e+01
   2.4037140e+06   2.0751953e+01
   2.4038100e+06   1.9897461e+01
   2.4038700e+06   1.9470215e+01
   2.4041100e+06   4.2480469e+01
   2.4188000e+06   1.9226074e+01
   2.4349630e+06   4.0100098e+01
   2.4350180e+06   3.8024902e+01
   2.4350740e+06   2.8808594e+01
   2.5135620e+06   2.1545410e+01
   2.5136860e+06   2.0263672e+01
   2.5137910e+06   1.9592285e+01
   2.5138710e+06   2.0202637e+01
   2.5138830e+06   1.8859863e+01
   2.5143130e+06   1.9653320e+01
   2.5143400e+06   4.6752930e+01
   2.5145110e+06   5.1635742e+01
   2.5147170e+06   4.6752930e+01
   2.5148140e+06   3.8208008e+01
   2.5313760e+06   2.0080566e+01
   2.5726860e+06   1.9775391e+01
   2.5730030e+06   2.0568848e+01
   2.5731070e+06   2.4414063e+01
   2.5732220e+06   2.4536133e+01
   2.5735420e+06   4.1809082e+01
   2.5736380e+06   4.1442871e+01
   2.5737520e+06   1.8615723e+01
   2.5739310e+06   4.2602539e+01
   2.5746040e+06   1.8920898e+01
   2.5783160e+06   1.9042969e+01
   2.6281900e+06   2.2094727e+01
   2.6282550e+06   3.2226563e+01
   2.6282860e+06   1.9348145e+01
   2.6283000e+06   2.5390625e+01
   2.6283270e+06   2.4841309e+01
   2.6283390e+06   2.6489258e+01
   2.6284330e+06   2.1179199e+01
   2.6284610e+06   5.4321289e+01
   2.6286750e+06   5.1818848e+01
   2.6287480e+06   1.9226074e+01
   2.6288550e+06   5.2917480e+01
   2.6289410e+06   2.0690918e+01
   2.6290560e+06   3.9550781e+01
   2.6291970e+06   3.6499023e+01
   2.6729950e+06   2.3193359e+01
   2.6730220e+06   2.0507813e+01
   2.6730530e+06   4.0588379e+01
   2.6730690e+06   2.2888184e+01
   2.6730870e+06   2.8198242e+01
   2.6731120e+06   2.8076172e+01
   2.6731320e+06   2.4902344e+01
   2.6731460e+06   4.4067383e+01
   2.6731750e+06   1.9958496e+01
   2.6732020e+06   3.6071777e+01
   2.6732210e+06   1.9042969e+01
   2.6732940e+06   1.9165039e+01
   2.6733170e+06   1.8676758e+01
   2.6733700e+06   2.0507813e+01
   2.6733860e+06   4.7607422e+01
   2.6734210e+06   2.1179199e+01
   2.6734740e+06   3.5278320e+01
   2.6735090e+06   1.8432617e+01
   2.6735520e+06   4.4860840e+01
   2.6736730e+06   3.2470703e+01
   2.6737530e+06   3.3386230e+01
   2.6738180e+06   3.6560059e+01
   2.6739000e+06   3.0883789e+01
   2.6739910e+06   2.7587891e+01
   2.6740820e+06   2.6428223e+01
   2.6741600e+06   2.0385742e+01
   2.6742430e+06   2.9479980e+01
   2.6743550e+06   2.0690918e+01
   2.6744540e+06   2.3315430e+01
   2.6745970e+06   2.9724121e+01
   2.6747600e+06   3.1127930e+01
   2.6748990e+06   3.0334473e+01
   2.6750860e+06   2.7832031e+01
   2.6978050e+06   1.8981934e+01
   2.7186930e+06   2.1423340e+01
   2.7362620e+06   1.8554688e+01
   2.7363990e+06   2.5756836e+01
   2.7364180e+06   4.9072266e+01
   2.7364940e+06   2.7709961e+01
   2.7365170e+06   3.7536621e+01
   2.7365290e+06   2.3193359e+01
   2.7365660e+06   2.5146484e+01
   2.7365820e+06   2.6245117e+01
   2.7366230e+06   5.2856445e+01
   2.7366470e+06   2.0324707e+01
   2.7366580e+06   2.1606445e+01
   2.7366880e+06   3.9489746e+01
   2.7366990e+06   1.8859863e+01
   2.7367410e+06   1.8981934e+01
   2.7367650e+06   1.8981934e+01
   2.7368200e+06   3.5156250e+01
   2.7368390e+06   1.8920898e+01
   2.7368910e+06   3.0700684e+01
   2.7369630e+06   2.7404785e+01
   2.7370210e+06   2.5085449e+01
   2.7371300e+06   1.9042969e+01
   2.7371870e+06   1.9165039e+01
   2.7376660e+06   1.9287109e+01
   2.7378500e+06   2.1118164e+01
   2.7379380e+06   1.8920898e+01
   2.7380350e+06   2.1240234e+01
   2.7381410e+06   1.8432617e+01
   2.7383480e+06   2.1118164e+01
   2.7384770e+06   2.1728516e+01
   2.7386030e+06   1.8920898e+01
   2.7387740e+06   2.2460937e+01
   2.7389500e+06   2.1362305e+01
   2.7588420e+06   2.0080566e+01
   2.7652690e+06   1.8676758e+01
   2.7707000e+06   2.0263672e+01
   2.7715130e+06   1.8981934e+01
   2.7744650e+06   1.8920898e+01
   2.7887390e+06   1.9226074e+01
   2.8374810e+06   2.0446777e+01
   2.8375060e+06   3.4118652e+01
   2.8375610e+06   2.1728516e+01
   2.8376030e+06   4.1992188e+01
   2.8376220e+06   2.5634766e+01
   2.8376690e+06   2.6428223e+01
   2.8376940e+06   4.0039063e+01
   2.8377100e+06   2.2399902e+01
   2.8377310e+06   3.0151367e+01
   2.8377570e+06   3.1005859e+01
   2.8378200e+06   5.6945801e+01
   2.8378940e+06   3.6499023e+01
   2.8379400e+06   2.0080566e+01
   2.8379850e+06   3.9733887e+01
   2.8379980e+06   1.8981934e+01
   2.8380520e+06   3.1494141e+01
   2.8380690e+06   1.8920898e+01
   2.8381190e+06   2.7099609e+01
   2.8381880e+06   3.5034180e+01
   2.8382570e+06   2.5085449e+01
   2.8383550e+06   2.7221680e+01
   2.8384450e+06   2.1667480e+01
   2.8385150e+06   2.4414063e+01
   2.8385880e+06   1.8920898e+01
   2.8386730e+06   2.4658203e+01
   2.8387690e+06   2.6428223e+01
   2.8388720e+06   2.7160645e+01
   2.8390160e+06   2.7282715e+01
   2.8896230e+06   3.9550781e+01
   2.8896570e+06   2.1301270e+01
   2.8897390e+06   4.4189453e+01
   2.8897770e+06   2.5512695e+01
   2.8898150e+06   2.0751953e+01
   2.8898560e+06   3.9550781e+01
   2.8898760e+06   3.2897949e+01
   2.8899070e+06   1.8737793e+01
   2.8899430e+06   3.2531738e+01
   2.8899530e+06   2.7465820e+01
   2.8900230e+06   2.2949219e+01
   2.8900530e+06   2.6672363e+01
   2.8900860e+06   1.8981934e+01
   2.8901040e+06   3.8513184e+01
   2.8901300e+06   2.1484375e+01
   2.8901790e+06   2.8320313e+01
   2.8902620e+06   3.7109375e+01
   2.8903480e+06   2.8137207e+01
   2.8904150e+06   2.1179199e+01
   2.8904800e+06   2.0141602e+01
   2.8905620e+06   1.9287109e+01
   2.8906360e+06   2.2338867e+01
   2.8907180e+06   2.1545410e+01
   2.8908480e+06   1.9836426e+01
   2.8909260e+06   2.1118164e+01
   2.8910320e+06   2.2949219e+01
   2.8911480e+06   2.5939941e+01
   2.8913300e+06   2.1728516e+01
   2.9388930e+06   4.2541504e+01
   2.9389710e+06   3.6865234e+01
   2.9392480e+06   2.0935059e+01
   2.9392630e+06   2.2827148e+01
   2.9392930e+06   2.3254395e+01
   2.9393040e+06   2.0263672e+01
   2.9393320e+06   4.0100098e+01
   2.9393510e+06   1.9592285e+01
   2.9393940e+06   4.7302246e+01
   2.9394260e+06   2.1789551e+01
   2.9394520e+06   2.0874023e+01
   2.9394830e+06   3.0517578e+01
   2.9395410e+06   3.1555176e+01
   2.9396150e+06   3.0334473e+01
   2.9396550e+06   2.1362305e+01
   2.9396950e+06   3.1738281e+01
   2.9397390e+06   2.0874023e+01
   2.9397780e+06   2.3315430e+01
   2.9398700e+06   2.5390625e+01
   2.9399500e+06   2.0568848e+01
   2.9400250e+06   2.4536133e+01
   2.9401130e+06   2.3193359e+01
   2.9402280e+06   2.6977539e+01
   2.9403360e+06   2.5024414e+01
   2.9404590e+06   2.4291992e+01
   2.9406040e+06   2.8747559e+01
   2.9408350e+06   2.4902344e+01
   2.9562640e+06   1.9409180e+01
   3.0019540e+06   1.9409180e+01
   3.0020820e+06   4.5410156e+01
   3.0020970e+06   2.1789551e+01
   3.0021480e+06   1.9714355e+01
   3.0021750e+06   4.5837402e+01
   3.0021980e+06   2.0629883e+01
   3.0022170e+06   2.6489258e+01
   3.0022520e+06   1.9104004e+01
   3.0022740e+06   2.3315430e+01
   3.0022860e+06   2.0690918e+01
   3.0023180e+06   2.2521973e+01
   3.0023390e+06   2.0263672e+01
   3.0023600e+06   2.1850586e+01
   3.0023720e+06   2.4047852e+01
   3.0023890e+06   1.8554688e+01
   3.0024320e+06   2.9113770e+01
   3.0024660e+06   1.9714355e+01
   3.0025210e+06   3.8696289e+01
   3.0025910e+06   3.0822754e+01
   3.0026590e+06   2.9907227e+01
   3.0027440e+06   3.1372070e+01
   3.0028220e+06   2.6611328e+01
   3.0028940e+06   2.0874023e+01
   3.0029830e+06   2.4963379e+01
   3.0030780e+06   1.9714355e+01
   3.0031810e+06   2.5573730e+01
   3.0032900e+06   2.9602051e+01
   3.0034160e+06   3.0273438e+01
   3.0036940e+06   3.2958984e+01
   3.0337880e+06   1.9409180e+01
   3.0536220e+06   1.8981934e+01
   3.0830970e+06   1.8615723e+01
   3.0831750e+06   1.8432617e+01
   3.0832690e+06   3.8024902e+01
   3.0834510e+06   4.1137695e+01
   3.0835970e+06   3.9306641e+01
   3.0837000e+06   4.0588379e+01
   3.0838610e+06   3.9916992e+01
   3.0840540e+06   4.0039063e+01
   3.0841660e+06   3.6376953e+01
   3.0843600e+06   3.5583496e+01
   3.0953620e+06   2.0751953e+01
   3.1067370e+06   1.8798828e+01
   3.1070470e+06   1.9348145e+01
   3.1070680e+06   3.8452148e+01
   3.1082100e+06   1.9836426e+01
   3.1327480e+06   2.2644043e+01
   3.1448640e+06   4.6813965e+01
   3.1453080e+06   2.3132324e+01
   3.1535290e+06   1.9287109e+01
   3.1676520e+06   1.9348145e+01
   3.1937520e+06   2.0751953e+01
   3.1943360e+06   1.9226074e+01
   3.1943720e+06   1.8310547e+01
   3.1944190e+06   1.9592285e+01
   3.1945690e+06   4.6447754e+01
   3.1945840e+06   1.8676758e+01
   3.2324150e+06   2.0324707e+01
   3.2330880e+06   4.4860840e+01
   3.2332140e+06   4.2602539e+01
   3.2334020e+06   2.1179199e+01
   3.2701650e+06   1.8554688e+01
   3.2707620e+06   2.0996094e+01
   3.2902040e+06   2.1728516e+01
   3.2903240e+06   4.8400879e+01
   3.2915280e+06   1.8920898e+01
   3.3009890e+06   1.8981934e+01
   3.3010180e+06   3.1921387e+01
   3.3010500e+06   3.5705566e+01
   3.3010750e+06   1.8737793e+01
   3.3010910e+06   2.6428223e+01
   3.3011250e+06   2.0568848e+01
   3.3011390e+06   2.7404785e+01
   3.3011620e+06   1.8798828e+01
   3.3016340e+06   2.0202637e+01
   3.3258880e+06   2.0019531e+01
   3.3445810e+06   2.0080566e+01
   3.3667860e+06   1.8981934e+01
   3.3702190e+06   1.9287109e+01
   3.4149040e+06   2.2277832e+01
   3.4156660e+06   2.1179199e+01
   3.4157830e+06   2.0324707e+01
   3.4217500e+06   1.8554688e+01
   3.4231700e+06   2.1362305e+01
   3.4243490e+06   1.8310547e+01
   3.4469100e+06   1.8493652e+01
   3.5369290e+06   1.8371582e+01
   3.5371330e+06   2.5207520e+01
   3.5373790e+06   3.8818359e+01
   3.5374870e+06   1.8432617e+01
   3.5375430e+06   2.1850586e+01
   3.5378670e+06   4.0954590e+01
   3.5387050e+06   2.3620605e+01
   3.5795830e+06   1.9409180e+01
   3.5807230e+06   2.0996094e+01
   3.5811330e+06   1.8493652e+01
   3.6173790e+06   1.8554688e+01
   3.6174750e+06   2.0141602e+01
   3.6175250e+06   1.9226074e+01
   3.6188540e+06   5.0292969e+01
   3.6188830e+06   2.0385742e+01
   3.6192730e+06   2.2094727e+01
   3.6859280e+06   1.9592285e+01
   3.6865270e+06   3.8391113e+01
   3.6865490e+06   2.3925781e+01
   3.6871250e+06   1.8981934e+01
   3.7222140e+06   2.0202637e+01
   3.7222780e+06   1.9104004e+01
   3.7223970e+06   1.9958496e+01
   3.7230200e+06   1.9592285e+01
   3.7230330e+06   4.0710449e+01
   3.7231670e+06   1.9165039e+01
   3.7322360e+06   1.9897461e+01
   3.7322660e+06   2.3498535e+01
   3.7322950e+06   2.1362305e+01
   3.7323140e+06   2.2521973e+01
   3.7323250e+06   3.0456543e+01
   3.7323470e+06   2.7343750e+01
   3.7323670e+06   2.0568848e+01
   3.7324210e+06   1.9470215e+01
   3.7324640e+06   2.6306152e+01
   3.7433970e+06   2.0324707e+01
   3.7675140e+06   1.9409180e+01
   3.8106720e+06   1.9714355e+01
   3.8358160e+06   4.7912598e+01
   3.8360640e+06   1.9836426e+01
   3.8363270e+06   1.8676758e+01
   3.8364600e+06   5.1086426e+01
   3.8365540e+06   1.8432617e+01
   3.8366460e+06   3.9306641e+01
   3.8366810e+06   2.3193359e+01
   3.8368290e+06   1.9042969e+01
   3.8916700e+06   1.9592285e+01
   3.8923770e+06   1.9042969e+01
   3.8924160e+06   1.9409180e+01
   3.9907780e+06   2.1728516e+01
   3.9912030e+06   2.0629883e+01
   3.9915810e+06   2.2827148e+01
   3.9917340e+06   4.8461914e+01
   3.9919140e+06   2.0446777e+01
   3.9922170e+06   4.4677734e+01
   3.9924140e+06   4.5837402e+01
   3.9924290e+06   2.1972656e+01
   3.9925150e+06   1.8798828e+01
   3.9926090e+06   3.4484863e+01
   3.9926960e+06   3.2348633e+01
   3.9929190e+06   4.3334961e+01
   3.9930040e+06   3.4790039e+01
   3.9931340e+06   3.4118652e+01
   4.0247270e+06   1.9958496e+01
   4.0400450e+06   1.9287109e+01
   4.0716250e+06   2.2888184e+01
   4.0718020e+06   1.9958496e+01
   4.0718960e+06   2.0874023e+01
   4.0720060e+06   1.8371582e+01
   4.0720430e+06   2.0446777e+01
   4.0721350e+06   3.9794922e+01
   4.0721560e+06   2.8442383e+01
   4.0721740e+06   1.8554688e+01
   4.0723190e+06   4.8706055e+01
   4.0724890e+06   4.5349121e+01
   4.0727070e+06   3.8269043e+01
   4.0727410e+06   1.9653320e+01
   4.0729150e+06   4.8034668e+01
   4.0730030e+06   3.7536621e+01
   4.0730260e+06   1.8737793e+01
   4.0731650e+06   3.4912109e+01
   4.0732260e+06   1.9836426e+01
   4.0732840e+06   3.7353516e+01
   4.0734610e+06   4.6997070e+01
   4.0736790e+06   3.1555176e+01
   4.0738320e+06   3.2409668e+01
   4.1380050e+06   1.9836426e+01
   4.1717180e+06   1.8554688e+01
   4.1723640e+06   2.3010254e+01
   4.1725790e+06   3.7353516e+01
   4.1726300e+06   1.8920898e+01
   4.1727120e+06   4.4128418e+01
   4.1727730e+06   3.9306641e+01
   4.1727890e+06   1.8432617e+01
   4.1729060e+06   1.9531250e+01
   4.1729310e+06   4.3518066e+01
   4.1731560e+06   4.5776367e+01
   4.1733850e+06   4.1015625e+01
   4.1734950e+06   3.7841797e+01
   4.1736120e+06   3.3813477e+01
   4.1737000e+06   2.9418945e+01
   4.1737350e+06   2.0080566e+01
   4.1738430e+06   2.4963379e+01
   4.1740140e+06   3.5888672e+01
   4.2267630e+06   1.9958496e+01
   4.2371790e+06   2.1545410e+01
   4.2558130e+06   1.8676758e+01
   4.3184730e+06   2.1606445e+01
   4.3184910e+06   2.8381348e+01
   4.3185120e+06   3.5888672e+01
   4.3185380e+06   1.9897461e+01
   4.3185720e+06   2.0935059e+01
   4.3185970e+06   1.8676758e+01
   4.3186070e+06   2.4719238e+01
   4.3186270e+06   2.0263672e+01
   4.3187300e+06   2.4963379e+01
   4.3187500e+06   1.8737793e+01
   4.3188410e+06   2.0812988e+01
   4.3189510e+06   4.7424316e+01
   4.3189970e+06   1.8859863e+01
   4.3192050e+06   1.8859863e+01
   4.3193620e+06   4.3945313e+01
   4.3357670e+06   1.8371582e+01
   4.3364830e+06   2.0507813e+01
   4.3980640e+06   1.8493652e+01
   4.4410750e+06   1.8432617e+01
   4.4483450e+06   1.9714355e+01
   4.4484940e+06   2.0202637e+01
   4.4485320e+06   2.2827148e+01
   4.4485860e+06   2.0385742e+01
   4.4486270e+06   1.8432617e+01
   4.4486400e+06   2.0996094e+01
   4.4486630e+06   2.0812988e+01
   4.4487170e+06   2.0996094e+01
   4.4487320e+06   2.1911621e+01
   4.4490230e+06   5.0231934e+01
   4.4491890e+06   1.9042969e+01
   4.4588730e+06   2.0202637e+01
   4.4804980e+06   1.9287109e+01
   4.5061400e+06   2.0202637e+01
   4.5061760e+06   2.2583008e+01
   4.5062030e+06   3.1799316e+01
   4.5062430e+06   2.9785156e+01
   4.5062720e+06   2.2460938e+01
   4.5063220e+06   2.0751953e+01
   4.5063530e+06   2.0202637e+01
   4.5063830e+06   4.6508789e+01
   4.5065230e+06   3.9733887e+01
   4.5066350e+06   2.2277832e+01
   4.5066610e+06   4.3884277e+01
   4.5067160e+06   2.0446777e+01
   4.5067590e+06   4.6264648e+01
   4.5068380e+06   4.1259766e+01
   4.5069570e+06   4.0100098e+01
   4.5070670e+06   2.0019531e+01
   4.5071990e+06   3.6621094e+01
   4.5073410e+06   3.4423828e+01
   4.5075070e+06   2.8686523e+01
   4.5812170e+06   1.9226074e+01
   4.5817680e+06   1.9470215e+01
   4.5954030e+06   1.9226074e+01
   4.6061090e+06   1.9897461e+01
   4.6061360e+06   2.0385742e+01
   4.6062150e+06   1.8981934e+01
   4.6062550e+06   2.1362305e+01
   4.6062940e+06   4.7119141e+01
   4.6063060e+06   2.1179199e+01
   4.6063420e+06   1.9653320e+01
   4.6063870e+06   1.9592285e+01
   4.6063990e+06   1.9653320e+01
   4.6065450e+06   2.5512695e+01
   4.6065960e+06   1.9836426e+01
   4.6066260e+06   1.9409180e+01
   4.6066850e+06   1.8676758e+01
   4.6067790e+06   4.3090820e+01
   4.6068820e+06   3.4545898e+01
   4.6069210e+06   1.8554688e+01
   4.6070460e+06   3.4851074e+01
   4.6071550e+06   3.5766602e+01
   4.6072740e+06   3.7597656e+01
   4.6074270e+06   3.2592773e+01
   4.6076450e+06   3.4606934e+01
   4.6596070e+06   1.8859863e+01
   4.6597200e+06   3.8024902e+01
   4.6601990e+06   2.1301270e+01
   4.6602530e+06   3.1127930e+01
   4.6602840e+06   2.0507813e+01
   4.6603420e+06   2.3071289e+01
   4.6603860e+06   1.9165039e+01
   4.6604150e+06   4.4616699e+01
   4.6604320e+06   1.9470215e+01
   4.6604780e+06   2.8564453e+01
   4.6605130e+06   2.1301270e+01
   4.6605270e+06   2.3071289e+01
   4.6605690e+06   2.1240234e+01
   4.6606140e+06   3.3142090e+01
   4.6606370e+06   2.6306152e+01
   4.6606790e+06   1.8981934e+01
   4.6607110e+06   3.1982422e+01
   4.6607960e+06   3.6743164e+01
   4.6608870e+06   3.6621094e+01
   4.6609980e+06   2.6855469e+01
   4.6610960e+06   3.1494141e+01
   4.6611980e+06   3.5644531e+01
   4.6613400e+06   3.2348633e+01
   4.6615150e+06   2.8930664e+01
   4.6831890e+06   2.2827148e+01
   4.7294810e+06   1.8859863e+01
   4.7295830e+06   1.8676758e+01
   4.7296440e+06   1.9775391e+01
   4.7296880e+06   2.9418945e+01
   4.7297270e+06   1.9775391e+01
   4.7297510e+06   5.0231934e+01
   4.7297790e+06   1.9531250e+01
   4.7298690e+06   3.8208008e+01
   4.7301590e+06   4.2175293e+01
   4.7302840e+06   4.1870117e+01
   4.7303920e+06   4.0893555e+01
   4.7307000e+06   4.4860840e+01
   4.7926740e+06   2.0141602e+01
   4.7927080e+06   1.8981934e+01
   4.7928160e+06   1.8920898e+01
   4.7928350e+06   2.6733398e+01
   4.7929180e+06   1.9287109e+01
   4.7929360e+06   4.7058105e+01
   4.7929560e+06   2.2094727e+01
   4.7929710e+06   2.0202637e+01
   4.7930050e+06   2.1240234e+01
   4.7930740e+06   4.6081543e+01
   4.7931670e+06   4.6752930e+01
   4.7932270e+06   2.1911621e+01
   4.7932530e+06   3.7109375e+01
   4.7933320e+06   2.1545410e+01
   4.7933540e+06   1.8310547e+01
   4.7934380e+06   3.0273438e+01
   4.7934570e+06   1.9226074e+01
   4.7934920e+06   1.9226074e+01
   4.7935570e+06   3.4362793e+01
   4.7936970e+06   3.7353516e+01
   4.7938210e+06   3.1982422e+01
   4.7940130e+06   3.6193848e+01
   4.8590980e+06   4.0466309e+01
   4.8591230e+06   1.8371582e+01
   4.8593380e+06   2.1789551e+01
   4.8594370e+06   1.9653320e+01
   4.8595770e+06   4.0100098e+01
   4.8596200e+06   2.3986816e+01
   4.8596720e+06   2.9724121e+01
   4.8598020e+06   4.4006348e+01
   4.8599560e+06   3.7109375e+01
   4.8600850e+06   3.5400391e+01
   4.8601470e+06   2.3742676e+01
   4.8602670e+06   3.2348633e+01
   4.8603840e+06   3.1188965e+01
   4.8606020e+06   3.3203125e+01
   4.9025570e+06   2.0568848e+01
   4.9066180e+06   2.0263672e+01
   4.9068930e+06   1.9226074e+01
   4.9069150e+06   4.1564941e+01
   4.9070010e+06   1.9714355e+01
   4.9070250e+06   4.6386719e+01
   4.9071290e+06   3.9550781e+01
   4.9072350e+06   3.2409668e+01
   4.9072470e+06   2.1728516e+01
   4.9073290e+06   3.7475586e+01
   4.9074410e+06   3.4240723e+01
   4.9074540e+06   1.9531250e+01
   4.9075180e+06   3.2836914e+01
   4.9075420e+06   2.0812988e+01
   4.9076560e+06   3.4912109e+01
   4.9077090e+06   1.8920898e+01
   4.9078040e+06   3.4240723e+01
   4.9079520e+06   2.9052734e+01
   4.9320330e+06   2.0019531e+01
   4.9321090e+06   4.6691895e+01
   4.9321240e+06   2.1850586e+01
   4.9323880e+06   2.0751953e+01
   4.9324210e+06   4.6569824e+01
   4.9324450e+06   2.1667480e+01
   4.9330130e+06   1.8432617e+01
   4.9330940e+06   3.9550781e+01
   4.9332200e+06   3.9733887e+01
   4.9765890e+06   5.8532715e+01
   4.9766920e+06   1.9226074e+01
   4.9772210e+06   2.6306152e+01
   5.0000430e+06   1.8432617e+01
   5.0044310e+06   4.0161133e+01
   5.0046360e+06   1.9470215e+01
   5.0417550e+06   2.0690918e+01
   5.0417930e+06   2.0568848e+01
   5.0418030e+06   3.1982422e+01
   5.0418300e+06   2.5878906e+01
   5.0418600e+06   1.9165039e+01
   5.0418700e+06   2.4230957e+01
   5.0419730e+06   4.6325684e+01
   5.0419840e+06   1.8737793e+01
   5.0420220e+06   2.3376465e+01
   5.0420400e+06   1.8432617e+01
   5.0420770e+06   2.0690918e+01
   5.0421500e+06   4.6203613e+01
   5.0422760e+06   4.0710449e+01
   5.0423760e+06   3.9733887e+01
   5.0424580e+06   3.8574219e+01
   5.0426120e+06   3.5217285e+01
   5.0427380e+06   3.4240723e+01
   5.0428360e+06   3.4423828e+01
   5.0680330e+06   1.8493652e+01
   5.0914940e+06   1.9592285e+01
   5.1256230e+06   4.3151855e+01
   5.1261130e+06   2.0019531e+01
   5.1262320e+06   4.7241211e+01
   5.1262570e+06   1.8554688e+01
   5.1264690e+06   4.4189453e+01
   5.1487810e+06   1.9775391e+01
   5.1487950e+06   2.1972656e+01
   5.1490740e+06   3.7048340e+01
   5.1490850e+06   2.0690918e+01
   5.1491410e+06   2.1972656e+01
   5.1495230e+06   3.9428711e+01
   5.1794050e+06   1.9042969e+01
   5.1917580e+06   2.1118164e+01
   5.1918370e+06   2.3132324e+01
   5.1919730e+06   4.3823242e+01
   5.1919940e+06   1.8737793e+01
   5.1920600e+06   2.4108887e+01
   5.1922900e+06   4.1992188e+01
   5.1929410e+06   3.9916992e+01
   5.2596060e+06   2.1545410e+01
   5.2596230e+06   1.8554688e+01
   5.2936660e+06   1.9042969e+01
   5.2940640e+06   2.2216797e+01
   5.2941220e+06   5.2246094e+01
   5.3151300e+06   1.9348145e+01
   5.3153320e+06   3.9733887e+01
   5.3153510e+06   2.1057129e+01
   5.3155470e+06   1.8676758e+01
   5.3158290e+06   1.8859863e+01
   5.3159230e+06   1.8859863e+01
   5.3449760e+06   2.2277832e+01
   5.3639930e+06   1.8554688e+01
   5.3640660e+06   2.7221680e+01
   5.3642440e+06   1.8310547e+01
   5.3642930e+06   2.0446777e+01
   5.3717220e+06   2.0385742e+01
   5.3722360e+06   4.3457031e+01
   5.3735860e+06   4.3151855e+01
   5.3738740e+06   3.9733887e+01
   5.3891410e+06   1.8554688e+01
   5.4434150e+06   1.8981934e+01
   5.4435380e+06   1.9470215e+01
   5.4440800e+06   1.9042969e+01
   5.4440990e+06   2.1545410e+01
   5.4445970e+06   1.9104004e+01
   5.4448360e+06   2.0935059e+01
   5.4851860e+06   1.9592285e+01
   5.4853120e+06   2.0263672e+01
   5.4853920e+06   2.1240234e+01
   5.4854180e+06   2.2460938e+01
   5.4854400e+06   2.1850586e+01
   5.4854720e+06   2.3559570e+01
   5.4854970e+06   2.4230957e+01
   5.4855270e+06   1.9531250e+01
   5.4855510e+06   1.9531250e+01
   5.4855800e+06   1.8920898e+01
   5.4856170e+06   1.9165039e+01
   5.4857380e+06   2.1179199e+01
   5.4857790e+06   1.8371582e+01
   5.4859140e+06   1.8920898e+01
   5.4859740e+06   2.2583008e+01
   5.4860240e+06   3.6132813e+01
   5.4937570e+06   1.9226074e+01
   5.5532350e+06   1.9226074e+01
   5.5906280e+06   1.8371582e+01
   5.5906840e+06   2.0935059e+01
   5.5907810e+06   1.9653320e+01
   5.5909160e+06   1.8920898e+01
   5.5909380e+06   1.9409180e+01
   5.5911110e+06   2.0812988e+01
   5.5912330e+06   4.1931152e+01
   5.5912650e+06   2.3742676e+01
   5.5913130e+06   1.8310547e+01
   5.5913540e+06   3.6437988e+01
   5.5915540e+06   1.8371582e+01
   5.5917780e+06   3.8940430e+01
   5.5919530e+06   3.8635254e+01
   5.5920510e+06   2.6184082e+01
   5.5921550e+06   3.4729004e+01
   5.5923300e+06   3.7109375e+01
   5.6637620e+06   1.8371582e+01
   5.6918250e+06   1.9165039e+01
   5.6920840e+06   2.0019531e+01
   5.6924040e+06   4.9011230e+01
   5.6924900e+06   4.5288086e+01
   5.6928730e+06   3.8024902e+01
   5.7785340e+06   2.1057129e+01
   5.7787300e+06   1.8798828e+01
   5.7799710e+06   2.3437500e+01
   5.8035650e+06   1.9775391e+01
   5.8224340e+06   1.8493652e+01
   5.8346130e+06   2.4597168e+01
   5.8351430e+06   4.9926758e+01
   5.9214390e+06   1.9470215e+01
   5.9215240e+06   1.8432617e+01
   5.9215360e+06   1.9653320e+01
   5.9216290e+06   2.0629883e+01
   5.9216600e+06   1.8615723e+01
   5.9218760e+06   2.0812988e+01
   5.9219010e+06   2.0202637e+01
   5.9221670e+06   4.4189453e+01
   5.9223330e+06   1.8371582e+01
   5.9224060e+06   4.4372559e+01
   6.0394790e+06   2.1728516e+01
   6.0431900e+06   2.6977539e+01
   6.0432080e+06   2.3742676e+01
   6.0432280e+06   1.9470215e+01
   6.0432510e+06   2.7160645e+01
   6.0432990e+06   2.1911621e+01
   6.0433320e+06   3.0090332e+01
   6.0433850e+06   1.8737793e+01
   6.0434610e+06   2.4780273e+01
   6.0434860e+06   2.0141602e+01
   6.0436260e+06   2.4475098e+01
   6.0436730e+06   5.6030273e+01
   6.0437740e+06   4.4799805e+01
   6.0437900e+06   1.9165039e+01
   6.0438580e+06   4.0832520e+01
   6.0439400e+06   4.4738770e+01
   6.0440270e+06   3.9794922e+01
   6.0441180e+06   3.7719727e+01
   6.0442150e+06   3.7353516e+01
   6.0442990e+06   3.1433105e+01
   6.0443790e+06   3.3203125e+01
   6.0444800e+06   3.1921387e+01
   6.0446330e+06   2.8198242e+01
   6.0448490e+06   3.0334473e+01
   6.0913740e+06   1.8859863e+01
   6.1179310e+06   1.8920898e+01
   6.1337890e+06   1.8920898e+01
   6.1469130e+06   2.0935059e+01
   6.1470300e+06   1.9226074e+01
   6.1471130e+06   2.0568848e+01
   6.1473080e+06   2.1057129e+01
   6.1475300e+06   3.6315918e+01
   6.1476160e+06   4.5532227e+01
   6.1476440e+06   1.9165039e+01
   6.1476960e+06   1.9104004e+01
   6.1477210e+06   5.3161621e+01
   6.1477380e+06   2.1240234e+01
   6.1478480e+06   3.6743164e+01
   6.1480470e+06   3.4606934e+01
   6.1480840e+06   2.1423340e+01
   6.1481550e+06   3.8085938e+01
   6.1482370e+06   3.2653809e+01
   6.1483350e+06   2.6062012e+01
   6.1484630e+06   3.6193848e+01
   6.1486080e+06   2.9602051e+01
   6.1487260e+06   3.3142090e+01
   6.2039170e+06   1.8676758e+01
   6.2266570e+06   3.4729004e+01
   6.2266720e+06   2.0629883e+01
   6.2267850e+06   1.9287109e+01
   6.2273290e+06   4.7180176e+01
   6.2275050e+06   2.0629883e+01
   6.2722840e+06   2.4291992e+01
   6.2862470e+06   1.8737793e+01
   6.3173060e+06   2.0935059e+01
   6.3175340e+06   3.5583496e+01
   6.3175530e+06   2.2338867e+01
   6.3177090e+06   1.9897461e+01
   6.3180570e+06   4.7302246e+01
   6.3180750e+06   1.9287109e+01
   6.3182170e+06   4.0100098e+01
   6.4400760e+06   1.9226074e+01
   6.4403680e+06   4.2785645e+01
   6.4404970e+06   1.8981934e+01
   6.4406880e+06   4.7119141e+01
   6.4407220e+06   2.0446777e+01
   6.4408270e+06   4.2053223e+01
   6.4409910e+06   2.2827148e+01
   6.4411240e+06   4.5593262e+01
   6.5269030e+06   4.4921875e+01
   6.5385540e+06   2.1606445e+01
   6.5386810e+06   2.6062012e+01
   6.5387430e+06   1.9104004e+01
   6.5389110e+06   2.1545410e+01
   6.6361470e+06   2.0324707e+01
   6.6401870e+06   1.9470215e+01
   6.6403420e+06   2.3132324e+01
   6.6403720e+06   1.9836426e+01
   6.6403850e+06   2.0080566e+01
   6.6404330e+06   2.6306152e+01
   6.6404620e+06   2.3132324e+01
   6.6405110e+06   2.3742676e+01
   6.6405600e+06   2.1057129e+01
   6.6405790e+06   2.1179199e+01
   6.6406360e+06   2.1179199e+01
   6.6406790e+06   2.1667480e+01
   6.6408940e+06   4.7302246e+01
   6.6411120e+06   3.6926270e+01
   6.6412630e+06   4.0588379e+01
   6.6414420e+06   3.3935547e+01
   6.6415590e+06   3.8574219e+01
   6.6565940e+06   2.0141602e+01
   6.6685030e+06   1.9348145e+01
   6.6809150e+06   1.9897461e+01
   6.7154490e+06   2.0385742e+01
   6.7399420e+06   1.9531250e+01
   6.7557400e+06   1.9165039e+01
   6.8225320e+06   2.4902344e+01
   6.8226010e+06   2.0202637e+01
   6.8227310e+06   1.8920898e+01
   6.8227730e+06   1.8859863e+01
   6.8227970e+06   2.0385742e+01
   6.8229950e+06   2.8198242e+01
   6.8230760e+06   4.6936035e+01
   6.8232410e+06   4.2297363e+01
   6.8234050e+06   4.0344238e+01
   6.8234280e+06   1.9653320e+01
   6.8235540e+06   3.6743164e+01
   6.8456110e+06   1.8859863e+01
   6.8689750e+06   1.9104004e+01
   6.9182950e+06   1.9836426e+01
   7.0879520e+06   1.9348145e+01
   7.0879830e+06   2.1057129e+01
   7.0880470e+06   2.1728516e+01
   7.0881910e+06   2.1301270e+01
   7.0883140e+06   2.8442383e+01
   7.0883340e+06   1.9409180e+01
   7.0885050e+06   4.4616699e+01
   7.0885350e+06   2.0019531e+01
   7.0885940e+06   4.1992188e+01
   7.0886950e+06   3.6987305e+01
   7.0887990e+06   3.7170410e+01
   7.0888730e+06   3.3386230e+01
   7.0889540e+06   3.0822754e+01
   7.0890330e+06   2.9602051e+01
   7.0891670e+06   2.9113770e+01
   7.0893490e+06   2.2216797e+01
   7.0895650e+06   3.0517578e+01
   7.0897640e+06   2.4719238e+01
   7.1379060e+06   1.8798828e+01
   7.1381790e+06   2.0019531e+01
   7.1382350e+06   4.8828125e+01
   7.1383330e+06   3.5339355e+01
   7.1384720e+06   3.7597656e+01
   7.1385020e+06   1.8737793e+01
   7.1385770e+06   3.6926270e+01
   7.1386360e+06   1.8676758e+01
   7.1387770e+06   4.2053223e+01
   7.1388860e+06   3.8757324e+01
   7.1389840e+06   3.0456543e+01
   7.1390140e+06   2.0935059e+01
   7.1390430e+06   2.7404785e+01
   7.1391460e+06   2.9785156e+01
   7.1391590e+06   2.6062012e+01
   7.1392150e+06   2.6428223e+01
   7.1392290e+06   1.8798828e+01
   7.1392890e+06   2.3925781e+01
   7.1393190e+06   1.9531250e+01
   7.1395350e+06   2.0141602e+01
   7.1399930e+06   2.4475098e+01
   7.1401310e+06   2.7709961e+01
   7.1404100e+06   3.4240723e+01
   7.1618170e+06   2.0141602e+01
   7.2496190e+06   2.2033691e+01
   7.2497590e+06   2.0568848e+01
   7.2500030e+06   1.8737793e+01
   7.2500230e+06   4.1931152e+01
   7.2500640e+06   1.8920898e+01
   7.2501210e+06   1.9531250e+01
   7.2501700e+06   1.9226074e+01
   7.2501880e+06   4.6386719e+01
   7.2502370e+06   2.2033691e+01
   7.2502650e+06   2.2338867e+01
   7.2503690e+06   4.3884277e+01
   7.2504770e+06   3.7048340e+01
   7.2505580e+06   4.1137695e+01
   7.2505750e+06   1.9348145e+01
   7.2506040e+06   1.9958496e+01
   7.2506250e+06   3.3874512e+01
   7.2506440e+06   2.1301270e+01
   7.2507150e+06   2.6306152e+01
   7.2508040e+06   3.0639648e+01
   7.2508790e+06   2.4719238e+01
   7.2509510e+06   1.8981934e+01
   7.2509680e+06   1.8920898e+01
   7.2510140e+06   2.0568848e+01
   7.2511250e+06   2.5817871e+01
   7.2512290e+06   2.5146484e+01
   7.2513030e+06   1.9409180e+01
   7.2514280e+06   2.1972656e+01
   7.2515770e+06   2.6855469e+01
   7.3050970e+06   2.3437500e+01
   7.3051370e+06   2.0812988e+01
   7.3053110e+06   4.0771484e+01
   7.3055190e+06   4.1564941e+01
   7.3057160e+06   3.7841797e+01
   7.3058690e+06   2.5573730e+01
   7.3059850e+06   2.3376465e+01
   7.3060070e+06   3.8818359e+01
   7.3061220e+06   3.6621094e+01
   7.3061880e+06   2.7282715e+01
   7.3062740e+06   3.0822754e+01
   7.3063700e+06   2.8808594e+01
   7.3064400e+06   2.4230957e+01
   7.3066070e+06   2.9235840e+01
   7.3067170e+06   2.8991699e+01
   7.3582610e+06   1.9531250e+01
   7.3583530e+06   4.2053223e+01
   7.3583830e+06   1.9958496e+01
   7.3584970e+06   1.8676758e+01
   7.3586180e+06   4.3151855e+01
   7.3586730e+06   1.8981934e+01
   7.3588400e+06   3.9001465e+01
   7.3589150e+06   3.2409668e+01
   7.3589390e+06   2.4963379e+01
   7.3590450e+06   3.4484863e+01
   7.3994050e+06   1.8676758e+01
   7.3999180e+06   2.0324707e+01
   7.3999320e+06   4.2419434e+01
   7.4110130e+06   2.4536133e+01
   7.5219740e+06   1.9592285e+01
   7.5221620e+06   1.9104004e+01
   7.5223880e+06   2.0996094e+01
   7.5225010e+06   4.4006348e+01
   7.5225150e+06   1.8859863e+01
   7.5227850e+06   3.0151367e+01
   7.5228740e+06   1.9531250e+01
   7.5231810e+06   3.3874512e+01
   7.5233810e+06   2.0019531e+01
   7.5234230e+06   2.0385742e+01
   7.5433790e+06   1.8798828e+01
   7.6242870e+06   2.0690918e+01
   7.6547360e+06   2.0324707e+01
   7.7472080e+06   2.2583008e+01
   7.7473470e+06   2.1301270e+01
   7.7473860e+06   2.0874023e+01
   7.7474570e+06   2.6123047e+01
   7.7475500e+06   2.1972656e+01
   7.7476570e+06   5.0598145e+01
   7.7478230e+06   3.9001465e+01
   7.7479640e+06   3.5644531e+01
   7.7481750e+06   3.5827637e+01
   7.8633140e+06   2.5939941e+01
   7.8635540e+06   1.9958496e+01
   7.8635890e+06   2.0324707e+01
   7.8636440e+06   4.8156738e+01
   7.8636570e+06   2.0263672e+01
   7.8637070e+06   1.8920898e+01
   7.8639610e+06   4.7912598e+01
   7.8639770e+06   1.9775391e+01
   7.8640450e+06   3.4729004e+01
   7.8640550e+06   2.1789551e+01
   7.8641740e+06   4.4372559e+01
   7.8642050e+06   2.3071289e+01
   7.8642850e+06   3.7963867e+01
   7.8643840e+06   3.6010742e+01
   7.8644440e+06   2.4841309e+01
   7.8645970e+06   3.2470703e+01
   7.8646500e+06   2.2155762e+01
   7.8647760e+06   3.1738281e+01
   7.8909900e+06   1.8859863e+01
   7.9594320e+06   2.3681641e+01
   7.9595880e+06   1.9653320e+01
   7.9599640e+06   1.9104004e+01
   7.9601400e+06   4.1320801e+01
   7.9601630e+06   2.0935059e+01
   7.9603090e+06   4.5471191e+01
   7.9604300e+06   4.0405273e+01
   7.9605790e+06   3.7597656e+01
   7.9606630e+06   3.5827637e+01
   7.9608830e+06   4.0222168e+01
   7.9609130e+06   2.0568848e+01
   7.9891350e+06   1.8737793e+01
   8.0427000e+06   1.9165039e+01
   8.0729640e+06   2.1301270e+01
   8.0732040e+06   1.8798828e+01
   8.0732960e+06   4.7973633e+01
   8.0733570e+06   2.1728516e+01
   8.0734640e+06   2.1240234e+01
   8.0735860e+06   3.8269043e+01
   8.0737470e+06   4.2846680e+01
   8.0738940e+06   4.2724609e+01
   8.0740300e+06   4.1931152e+01
   8.0740610e+06   1.9042969e+01
   8.0741990e+06   1.8920898e+01
   8.0743610e+06   2.0751953e+01
   8.0743820e+06   3.8146973e+01
   8.1899530e+06   2.1179199e+01
   8.1902630e+06   2.0996094e+01
   8.1905250e+06   4.0405273e+01
   8.1906830e+06   3.9489746e+01
   8.1908290e+06   3.0822754e+01
   8.1908570e+06   2.0446777e+01
   8.1912820e+06   3.7048340e+01
   8.2578420e+06   2.1179199e+01
   8.3164470e+06   2.2216797e+01
   8.3165190e+06   2.9479980e+01
   8.3165580e+06   3.2348633e+01
   8.3165680e+06   2.0080566e+01
   8.3165970e+06   2.9357910e+01
   8.3166120e+06   2.3986816e+01
   8.3166340e+06   2.0324707e+01
   8.3166720e+06   2.0507813e+01
   8.3167220e+06   2.5390625e+01
   8.3167380e+06   2.0507813e+01
   8.3169010e+06   5.7067871e+01
   8.3170190e+06   5.2673340e+01
   8.3171080e+06   5.7861328e+01
   8.3171690e+06   4.1931152e+01
   8.3172390e+06   3.9794922e+01
   8.3173040e+06   2.9907227e+01
   8.3173680e+06   3.5034180e+01
   8.3174360e+06   3.4484863e+01
   8.3175020e+06   3.3996582e+01
   8.3175660e+06   2.9113770e+01
   8.3176380e+06   2.6428223e+01
   8.3177040e+06   2.4902344e+01
   8.3177610e+06   2.7648926e+01
   8.3178270e+06   2.1850586e+01
   8.3179060e+06   2.1423340e+01
   8.3179900e+06   2.3620605e+01
   8.3180670e+06   2.6733398e+01
   8.3181720e+06   2.3437500e+01
   8.3184940e+06   2.8808594e+01
   8.3186280e+06   2.7893066e+01
   8.3188860e+06   2.3620605e+01
   8.3305880e+06   1.9409180e+01
   8.3325910e+06   2.2827148e+01
   8.3354590e+06   1.9775391e+01
   8.3371190e+06   1.8981934e+01
   8.3379370e+06   2.1179199e+01
   8.3572400e+06   1.9531250e+01
   8.3644100e+06   2.1911621e+01
   8.3832420e+06   1.8920898e+01
   8.4044960e+06   2.0080566e+01
   8.4046210e+06   1.8920898e+01
   8.4046430e+06   2.4353027e+01
   8.4046620e+06   2.1911621e+01
   8.4046780e+06   3.3447266e+01
   8.4047090e+06   2.0324707e+01
   8.4047630e+06   4.6936035e+01
   8.4047940e+06   2.3986816e+01
   8.4048240e+06   4.7180176e+01
   8.4048430e+06   2.1850586e+01
   8.4048920e+06   3.6071777e+01
   8.4049500e+06   4.6875000e+01
   8.4050230e+06   4.1564941e+01
   8.4050810e+06   2.8625488e+01
   8.4051350e+06   3.3752441e+01
   8.4051910e+06   2.6000977e+01
   8.4052160e+06   1.9531250e+01
   8.4052600e+06   3.0212402e+01
   8.4053230e+06   2.1667480e+01
   8.4054160e+06   2.1667480e+01
   8.4054660e+06   1.8859863e+01
   8.4056060e+06   2.1667480e+01
   8.4061610e+06   2.1240234e+01
   8.4063610e+06   2.3315430e+01
   8.4064460e+06   1.9104004e+01
   8.4065490e+06   1.9104004e+01
   8.4066490e+06   2.0507813e+01
   8.4067480e+06   2.0996094e+01
   8.4069210e+06   2.1606445e+01
   8.4070760e+06   2.7770996e+01
   8.4072340e+06   2.1118164e+01
   8.4074050e+06   1.9470215e+01
   8.4079890e+06   2.1484375e+01
   8.4266790e+06   1.8798828e+01
   8.4278270e+06   2.1179199e+01
   8.4393740e+06   1.8676758e+01
   8.4394460e+06   2.4597168e+01
   8.4394590e+06   1.9958496e+01
   8.4394850e+06   2.9907227e+01
   8.4394980e+06   3.3142090e+01
   8.4395130e+06   2.1301270e+01
   8.4395460e+06   3.9184570e+01
   8.4395860e+06   2.2583008e+01
   8.4396220e+06   2.1728516e+01
   8.4396770e+06   2.9663086e+01
   8.4397990e+06   1.9958496e+01
   8.4398480e+06   2.2155762e+01
   8.4408940e+06   2.0385742e+01
   8.4419390e+06   1.8676758e+01
   8.4427410e+06   1.9592285e+01
   8.4436000e+06   2.0263672e+01
   8.4439090e+06   1.9104004e+01
   8.4442260e+06   2.8869629e+01
   8.4463140e+06   1.9287109e+01
   8.4465720e+06   1.9836426e+01
   8.4466160e+06   2.1728516e+01
   8.4466750e+06   2.0019531e+01
   8.4466930e+06   2.8137207e+01
   8.4467310e+06   2.3132324e+01
   8.4467500e+06   2.1728516e+01
   8.4468100e+06   2.1789551e+01
   8.4468380e+06   2.0507813e+01
   8.4470280e+06   2.0446777e+01
   8.4470500e+06   2.2827148e+01
   8.4471290e+06   2.1545410e+01
   8.4473140e+06   1.9714355e+01
   8.4476470e+06   2.0996094e+01
   8.4677480e+06   3.8940430e+01
   8.4678100e+06   2.9541016e+01
   8.4678510e+06   2.2277832e+01
   8.4678790e+06   2.8137207e+01
   8.4678920e+06   1.8676758e+01
   8.4679060e+06   2.1850586e+01
   8.4679370e+06   4.2419434e+01
   8.4679810e+06   1.8859863e+01
   8.4679950e+06   3.3203125e+01
   8.4680380e+06   2.1362305e+01
   8.4681020e+06   2.1301270e+01
   8.4681350e+06   2.3071289e+01
   8.4682500e+06   2.0202637e+01
   8.4683100e+06   2.0935059e+01
   8.4683490e+06   1.9531250e+01
   8.4683790e+06   1.9348145e+01
   8.4685990e+06   2.1057129e+01
   8.4689920e+06   2.2277832e+01
   8.4699620e+06   1.8798828e+01
   8.4794320e+06   3.3813477e+01
   8.4794670e+06   2.2216797e+01
   8.4795820e+06   3.4240723e+01
   8.4796050e+06   1.9470215e+01
   8.4796400e+06   2.3742676e+01
   8.4796580e+06   2.0996094e+01
   8.4796810e+06   2.2460938e+01
   8.4797070e+06   3.6132813e+01
   8.4797430e+06   1.9226074e+01
   8.4797800e+06   2.3620605e+01
   8.4798290e+06   1.9897461e+01
   8.4798550e+06   1.8859863e+01
   8.4799010e+06   2.1240234e+01
   8.4799460e+06   1.9531250e+01
   8.4799980e+06   2.0385742e+01
   8.4800290e+06   1.9592285e+01
   8.4800690e+06   1.8859863e+01
   8.4802300e+06   2.0507813e+01
   8.4802520e+06   1.8920898e+01
   8.4805860e+06   1.9531250e+01
   8.4806570e+06   1.9287109e+01
   8.4919320e+06   3.4301758e+01
   8.4920280e+06   4.0527344e+01
   8.4920510e+06   1.8737793e+01
   8.4921380e+06   3.5217285e+01
   8.4921710e+06   2.1789551e+01
   8.4921820e+06   2.2949219e+01
   8.4922020e+06   1.8737793e+01
   8.4922210e+06   2.1972656e+01
   8.4922770e+06   2.3986816e+01
   8.4923890e+06   2.2583008e+01
   8.4924540e+06   2.1606445e+01
   8.4925900e+06   2.3376465e+01
   8.4926300e+06   1.9714355e+01
   8.5027090e+06   3.8146973e+01
   8.5028880e+06   2.4353027e+01
   8.5029110e+06   2.1606445e+01
   8.5029480e+06   1.9897461e+01
   8.5029700e+06   1.9958496e+01
   8.5029920e+06   2.8747559e+01
   8.5030260e+06   3.5156250e+01
   8.5030500e+06   2.0751953e+01
   8.5030920e+06   1.8676758e+01
   8.5031310e+06   2.2521973e+01
   8.5032390e+06   2.0324707e+01
   8.5032850e+06   2.0141602e+01
   8.5033100e+06   1.9042969e+01
   8.5033540e+06   1.9897461e+01
   8.5033910e+06   2.4353027e+01
   8.5034040e+06   1.9226074e+01
   8.5034590e+06   1.8920898e+01
   8.5035550e+06   2.0507813e+01
   8.5035810e+06   1.8737793e+01
   8.5037360e+06   1.9287109e+01
   8.5141840e+06   4.3273926e+01
   8.5142860e+06   2.0996094e+01
   8.5143020e+06   2.8625488e+01
   8.5143710e+06   2.0263672e+01
   8.5144120e+06   3.2836914e+01
   8.5144430e+06   2.1118164e+01
   8.5144550e+06   1.8920898e+01
   8.5144720e+06   2.1362305e+01
   8.5145380e+06   1.9592285e+01
   8.5145810e+06   2.6123047e+01
   8.5146060e+06   2.1423340e+01
   8.5146430e+06   2.0324707e+01
   8.5147490e+06   2.3254395e+01
   8.5148910e+06   2.0080566e+01
   8.5149510e+06   2.0751953e+01
   8.5151140e+06   1.8676758e+01
   8.5276870e+06   2.8015137e+01
   8.5277840e+06   3.1188965e+01
   8.5278770e+06   1.8859863e+01
   8.5279060e+06   2.7038574e+01
   8.5279700e+06   2.1423340e+01
   8.5279890e+06   2.1484375e+01
   8.5280610e+06   2.4475098e+01
   8.5281390e+06   1.8859863e+01
   8.5283670e+06   2.5207520e+01
   8.5284210e+06   2.0019531e+01
   8.5285440e+06   1.9775391e+01
   8.5781430e+06   4.4189453e+01
   8.5781920e+06   3.4179688e+01
   8.5782140e+06   2.0019531e+01
   8.5782400e+06   4.7241211e+01
   8.5782660e+06   2.1972656e+01
   8.5782780e+06   1.9714355e+01
   8.5782880e+06   3.3020020e+01
   8.5783400e+06   3.1188965e+01
   8.5783890e+06   2.2277832e+01
   8.5784160e+06   1.8737793e+01
   8.5784780e+06   2.2277832e+01
   8.5785100e+06   2.0324707e+01
   8.5785770e+06   1.9714355e+01
   8.5786110e+06   2.0874023e+01
   8.5796920e+06   2.0507813e+01
   8.5801050e+06   1.9897461e+01
   8.5802350e+06   2.1850586e+01
   8.5978310e+06   1.9042969e+01
   8.6286840e+06   1.9653320e+01
   8.7811800e+06   1.9042969e+01
   8.7887740e+06   1.9287109e+01
   8.8192270e+06   1.9287109e+01
   8.9532540e+06   2.0874023e+01
   8.9538030e+06   2.1667480e+01
   8.9539460e+06   3.7841797e+01
   8.9541940e+06   4.3090820e+01
   9.2518550e+06   1.9348145e+01
   9.2693730e+06   1.9653320e+01
   9.3496820e+06   1.9287109e+01
   9.5044040e+06   2.0080566e+01
   9.5044750e+06   1.8981934e+01
   9.5048020e+06   2.0935059e+01
   9.5048230e+06   1.9104004e+01
   9.5050640e+06   2.5451660e+01
   9.5052070e+06   4.4677734e+01
   9.5504310e+06   2.0568848e+01
   9.7190560e+06   1.9226074e+01
   9.7191040e+06   2.2094727e+01
   9.7192100e+06   2.0324707e+01
   9.7192840e+06   2.3864746e+01
   9.7194590e+06   2.1118164e+01
   9.7194950e+06   5.0781250e+01
   9.7195990e+06   4.1076660e+01
   9.7197280e+06   2.0019531e+01
   9.7197880e+06   4.1625977e+01
   9.7199120e+06   4.4250488e+01
   9.7199770e+06   2.1911621e+01
   9.7200740e+06   3.7353516e+01
   9.7202270e+06   3.7292480e+01
   9.7203910e+06   3.3935547e+01
   9.7605620e+06   1.9165039e+01
   9.8017510e+06   2.2216797e+01
   9.8020280e+06   2.0996094e+01
   9.8021730e+06   1.9897461e+01
   9.8022370e+06   3.7536621e+01
   9.8023760e+06   4.4921875e+01
   9.8024060e+06   1.8676758e+01
   9.8024810e+06   4.1198730e+01
   9.8025900e+06   3.4790039e+01
   9.8027200e+06   4.5043945e+01
   9.8028100e+06   3.9978027e+01
   9.8028820e+06   3.3630371e+01
   9.8029500e+06   1.9409180e+01
   9.8030410e+06   3.2287598e+01
   9.8030760e+06   2.2155762e+01
   9.8031700e+06   3.8085938e+01
   9.8032830e+06   3.8085938e+01
   9.8033650e+06   3.1188965e+01
   9.8033840e+06   1.8920898e+01
   9.8034770e+06   2.9541016e+01
   9.8036200e+06   3.2470703e+01
   9.8038640e+06   3.2836914e+01
   9.8038870e+06   1.8554688e+01
   1.0078589e+07   2.3925781e+01
   1.0139628e+07   2.0080566e+01
   1.0423259e+07   1.8920898e+01
   1.0423326e+07   2.9724121e+01
   1.0423361e+07   2.2277832e+01
   1.0423373e+07   2.2949219e+01
   1.0423439e+07   2.4658203e+01
   1.0423451e+07   2.1606445e+01
   1.0423494e+07   1.9348145e+01
   1.0423504e+07   1.9226074e+01
   1.0423575e+07   2.3132324e+01
   1.0423649e+07   2.0935059e+01
   1.0423722e+07   4.1809082e+01
   1.0423776e+07   1.8615723e+01
   1.0423831e+07   5.2062988e+01
   1.0423989e+07   4.2663574e+01
   1.0424078e+07   1.8554688e+01
   1.0424178e+07   4.5898438e+01
   1.0424270e+07   3.3264160e+01
   1.0424366e+07   2.9296875e+01
   1.0424469e+07   3.1982422e+01
   1.0424576e+07   2.7099609e+01
   1.0424716e+07   3.0151367e+01
   1.0424862e+07   3.2226563e+01
   1.0527719e+07   1.8920898e+01
   1.0529161e+07   1.8920898e+01
   1.0537732e+07   1.8737793e+01
   1.0544666e+07   1.9592285e+01
   1.0544815e+07   2.1240234e+01
   1.0544866e+07   1.8859863e+01
   1.0544945e+07   3.0334473e+01
   1.0544965e+07   4.3151855e+01
   1.0544990e+07   2.3559570e+01
   1.0545118e+07   1.8554688e+01
   1.0545128e+07   4.5349121e+01
   1.0545257e+07   2.6062012e+01
   1.0545276e+07   4.0039063e+01
   1.0545294e+07   1.8859863e+01
   1.0545356e+07   4.1442871e+01
   1.0545371e+07   2.1362305e+01
   1.0545445e+07   4.0710449e+01
   1.0545547e+07   3.5156250e+01
   1.0545622e+07   3.4057617e+01
   1.0545705e+07   3.5522461e+01
   1.0545776e+07   2.8015137e+01
   1.0545867e+07   2.8076172e+01
   1.0545944e+07   2.3986816e+01
   1.0546044e+07   2.9663086e+01
   1.0546125e+07   2.1423340e+01
   1.0546308e+07   2.3742676e+01
   1.0546486e+07   2.5329590e+01
   1.0546629e+07   2.2460937e+01
   1.0546764e+07   2.2949219e+01
   1.0566654e+07   1.9409180e+01
   1.0570339e+07   1.8615723e+01
   1.0600436e+07   1.9042969e+01
   1.0609390e+07   1.8737793e+01
   1.0617034e+07   1.8798828e+01
   1.0644658e+07   1.9409180e+01
   1.0669438e+07   1.9897461e+01
   1.0669596e+07   1.9226074e+01
   1.0669609e+07   2.0080566e+01
   1.0669741e+07   2.4230957e+01
   1.0669818e+07   4.1870117e+01
   1.0669952e+07   3.5644531e+01
   1.0670053e+07   4.3945313e+01
   1.0670141e+07   3.7414551e+01
   1.0670153e+07   1.8859863e+01
   1.0670221e+07   4.2236328e+01
   1.0670289e+07   3.9184570e+01
   1.0670370e+07   3.6437988e+01
   1.0670448e+07   3.3874512e+01
   1.0670521e+07   2.9663086e+01
   1.0670586e+07   2.7038574e+01
   1.0670658e+07   3.0456543e+01
   1.0670724e+07   3.3447266e+01
   1.0670840e+07   3.3142090e+01
   1.0670901e+07   1.9348145e+01
   1.0671001e+07   2.5268555e+01
   1.0671131e+07   2.5390625e+01
   1.0671254e+07   2.3193359e+01
   1.0671465e+07   2.7954102e+01
   1.0762036e+07   2.0324707e+01
   1.0772763e+07   1.8615723e+01
   1.0815169e+07   2.1667480e+01
   1.0815242e+07   2.0324707e+01
   1.0815312e+07   2.4230957e+01
   1.0815330e+07   1.9226074e+01
   1.0815374e+07   2.2155762e+01
   1.0815409e+07   2.0324707e+01
   1.0815419e+07   3.6743164e+01
   1.0815479e+07   3.5400391e+01
   1.0815536e+07   2.0935059e+01
   1.0815571e+07   1.9958496e+01
   1.0815603e+07   4.3884277e+01
   1.0815661e+07   4.2236328e+01
   1.0815729e+07   3.5522461e+01
   1.0815798e+07   3.6315918e+01
   1.0815851e+07   2.3742676e+01
   1.0815903e+07   1.9775391e+01
   1.0815957e+07   2.2094727e+01
   1.0816017e+07   1.9287109e+01
   1.0816111e+07   2.0324707e+01
   1.0816171e+07   2.2766113e+01
   1.0816376e+07   1.9104004e+01
   1.0816395e+07   1.9042969e+01
   1.0816788e+07   1.9348145e+01
   1.0816900e+07   2.1057129e+01
   1.0817075e+07   1.8676758e+01
   1.0817186e+07   2.4475098e+01
   1.0844710e+07   1.8737793e+01
   1.0856001e+07   1.8920898e+01
   1.0900174e+07   2.3437500e+01
   1.0939753e+07   1.8615723e+01
   1.1018274e+07   1.8615723e+01
   1.1018376e+07   2.2827148e+01
   1.1018409e+07   1.9348145e+01
   1.1018497e+07   1.9042969e+01
   1.1018525e+07   2.1057129e+01
   1.1018579e+07   2.2705078e+01
   1.1018606e+07   1.8981934e+01
   1.1018630e+07   2.1545410e+01
   1.1018651e+07   2.1301270e+01
   1.1018687e+07   4.5776367e+01
   1.1018711e+07   1.9714355e+01
   1.1018766e+07   2.0263672e+01
   1.1018779e+07   3.8024902e+01
   1.1018905e+07   3.7231445e+01
   1.1018972e+07   3.6499023e+01
   1.1019041e+07   4.3457031e+01
   1.1019115e+07   3.4606934e+01
   1.1019169e+07   2.4780273e+01
   1.1019192e+07   1.9287109e+01
   1.1019241e+07   2.5573730e+01
   1.1019301e+07   2.2216797e+01
   1.1019367e+07   2.7465820e+01
   1.1019634e+07   1.9653320e+01
   1.1019705e+07   1.8737793e+01
   1.1019785e+07   2.1545410e+01
   1.1019986e+07   2.2766113e+01
   1.1020089e+07   2.0568848e+01
   1.1020205e+07   2.1667480e+01
   1.1020354e+07   2.7282715e+01
   1.1020473e+07   2.3254395e+01
   1.1020664e+07   3.1372070e+01
   1.1028235e+07   1.8920898e+01
   1.1117048e+07   2.0690918e+01
   1.1267502e+07   1.9592285e+01
   1.1267575e+07   2.2583008e+01
   1.1267647e+07   1.9714355e+01
   1.1267670e+07   2.7343750e+01
   1.1267712e+07   2.8808594e+01
   1.1267732e+07   2.0874023e+01
   1.1267767e+07   2.1850586e+01
   1.1267797e+07   2.5634766e+01
   1.1267808e+07   1.9348145e+01
   1.1267832e+07   2.1789551e+01
   1.1268041e+07   4.2541504e+01
   1.1268232e+07   4.3090820e+01
   1.1268303e+07   1.8737793e+01
   1.1268380e+07   4.0832520e+01
   1.1268486e+07   3.6193848e+01
   1.1268574e+07   3.7231445e+01
   1.1268670e+07   3.5522461e+01
   1.1268729e+07   1.9165039e+01
   1.1268785e+07   3.4484863e+01
   1.1268938e+07   3.6132813e+01
   1.1269116e+07   3.8024902e+01
   1.1269342e+07   3.1860352e+01
   1.1340144e+07   2.0141602e+01
   1.1345283e+07   1.9287109e+01
   1.1369624e+07   1.8676758e+01
   1.1477301e+07   2.1179199e+01
   1.1477374e+07   2.2521973e+01
   1.1477406e+07   1.8615723e+01
   1.1477440e+07   2.0507813e+01
   1.1477574e+07   1.9470215e+01
   1.1477597e+07   3.9245605e+01
   1.1477764e+07   3.4057617e+01
   1.1477778e+07   2.1118164e+01
   1.1477823e+07   1.8859863e+01
   1.1477862e+07   3.7536621e+01
   1.1477964e+07   4.3762207e+01
   1.1478044e+07   3.4667969e+01
   1.1478144e+07   3.4973145e+01
   1.1478269e+07   3.8635254e+01
   1.1478295e+07   1.9409180e+01
   1.1478360e+07   3.3142090e+01
   1.1478383e+07   1.9226074e+01
   1.1478454e+07   3.0822754e+01
   1.1478571e+07   3.2775879e+01
   1.1478728e+07   3.2653809e+01
   1.1478841e+07   2.9663086e+01
   1.1507175e+07   1.8859863e+01
   1.1577987e+07   1.9165039e+01
   1.1578052e+07   2.4047852e+01
   1.1578144e+07   2.5756836e+01
   1.1578275e+07   4.6447754e+01
   1.1578388e+07   4.1992188e+01
   1.1578408e+07   1.9714355e+01
   1.1578504e+07   4.6142578e+01
   1.1578602e+07   3.9733887e+01
   1.1578632e+07   2.0507813e+01
   1.1578687e+07   3.8146973e+01
   1.1578792e+07   3.9306641e+01
   1.1578864e+07   3.1433105e+01
   1.1578978e+07   3.7658691e+01
   1.1579055e+07   2.7343750e+01
   1.1579135e+07   2.7343750e+01
   1.1579268e+07   3.5156250e+01
   1.1579443e+07   3.3447266e+01
   1.1599637e+07   1.9226074e+01
   1.1657778e+07   2.0080566e+01
   1.1715112e+07   1.9531250e+01
   1.1731310e+07   1.8920898e+01
   1.1731345e+07   1.9592285e+01
   1.1803301e+07   1.8737793e+01
   1.1838391e+07   1.8554688e+01
   1.1909995e+07   1.8798828e+01
   1.1910193e+07   2.2583008e+01
   1.1910280e+07   2.2460938e+01
   1.1910297e+07   2.0568848e+01
   1.1910381e+07   2.2705078e+01
   1.1910425e+07   3.7170410e+01
   1.1910467e+07   1.8859863e+01
   1.1910489e+07   3.4423828e+01
   1.1910538e+07   1.8676758e+01
   1.1910581e+07   1.9348145e+01
   1.1910683e+07   3.5705566e+01
   1.1910816e+07   3.7048340e+01
   1.1910891e+07   3.1066895e+01
   1.1910904e+07   2.0690918e+01
   1.1910990e+07   3.4667969e+01
   1.1911095e+07   3.2592773e+01
   1.1911221e+07   3.6560059e+01
   1.1911269e+07   1.9836426e+01
   1.1911363e+07   2.4841309e+01
   1.1911440e+07   1.8676758e+01
   1.1911585e+07   3.5156250e+01
