   1.1999000e+07   0.0000000e+00
   5.5255000e+04   2.0019531e+01
   1.0956600e+05   1.8676758e+01
   3.1240300e+05   1.9409180e+01
   3.1245000e+05   2.1057129e+01
   4.6511200e+05   1.9409180e+01
   7.8220600e+05   1.8798828e+01
   9.6201600e+05   2.1728516e+01
   9.6205300e+05   2.0202637e+01
   1.0907630e+06   1.9775391e+01
   1.0910130e+06   1.9042969e+01
   1.3455770e+06   1.8920898e+01
   1.6249720e+06   2.3620605e+01
   1.6250020e+06   1.8554688e+01
   1.6906870e+06   1.9226074e+01
   2.3131720e+06   2.0202637e+01
   2.6281990e+06   1.9409180e+01
   2.6282550e+06   2.2705078e+01
   2.6731910e+06   2.0996094e+01
   2.7367130e+06   1.9165039e+01
   2.8899950e+06   1.8737793e+01
   2.8901200e+06   2.1179199e+01
   2.9392990e+06   1.8737793e+01
   2.9393660e+06   1.8676758e+01
   3.0021390e+06   1.9287109e+01
   3.1334990e+06   1.9531250e+01
   3.2333420e+06   1.9348145e+01
   3.2695450e+06   1.9775391e+01
   3.3011590e+06   1.9592285e+01
   3.3011840e+06   1.9470215e+01
   3.7323260e+06   2.2094727e+01
   4.4486040e+06   1.8981934e+01
   4.5061970e+06   1.9226074e+01
   4.5062690e+06   2.6428223e+01
   4.6064570e+06   2.1423340e+01
   4.6604140e+06   1.9287109e+01
   4.7296570e+06   2.1423340e+01
   4.7297640e+06   2.1179199e+01
   4.7927100e+06   1.9287109e+01
   4.7927980e+06   2.0690918e+01
   5.0418690e+06   2.1667480e+01
   6.0434240e+06   2.1789551e+01
   6.1475290e+06   2.0690918e+01
   7.0885610e+06   1.9165039e+01
   7.1390490e+06   2.0568848e+01
   7.1391400e+06   1.9165039e+01
   7.2503080e+06   1.9836426e+01
   8.3166710e+06   2.2216797e+01
   8.4047830e+06   2.0507813e+01
   8.4048170e+06   1.8554688e+01
   8.4048420e+06   1.8981934e+01
   8.4393980e+06   1.8371582e+01
   8.4394690e+06   2.2521973e+01
   8.4395350e+06   2.0935059e+01
   8.4396010e+06   2.0324707e+01
   8.4396760e+06   1.8798828e+01
   8.4400240e+06   1.9287109e+01
   8.4474880e+06   1.8493652e+01
   8.4680970e+06   1.8554688e+01
   8.4800590e+06   1.9226074e+01
   8.4924510e+06   1.9714355e+01
   8.5145750e+06   1.8737793e+01
   8.5280770e+06   1.8920898e+01
   8.5782680e+06   2.0263672e+01
   8.8948220e+06   1.8554688e+01
   8.9534810e+06   1.9348145e+01
   9.5048850e+06   2.6245117e+01
   9.7194590e+06   1.8798828e+01
   1.0391283e+07   1.8859863e+01
   1.0423462e+07   2.2216797e+01
   1.0545187e+07   1.9165039e+01
   1.0670013e+07   1.8737793e+01
   1.1267873e+07   2.0751953e+01
   1.1267885e+07   1.9897461e+01
   1.1267916e+07   1.8676758e+01
   1.1910423e+07   1.8737793e+01
