   1.1999000e+07   0.0000000e+00
   3.1160000e+03   6.5917969e+01
   3.1370000e+03   3.4912109e+01
   3.1700000e+03   5.9753418e+01
   3.7900000e+03   6.2866211e+01
   3.8060000e+03   2.5268555e+01
   3.8550000e+03   2.9724121e+01
   3.8870000e+03   2.2033691e+01
   4.1020000e+03   3.3569336e+01
   2.9151000e+04   2.3010254e+01
   2.9245000e+04   2.2216797e+01
   2.9275000e+04   2.5085449e+01
   2.9345000e+04   6.2011719e+01
   2.9370000e+04   2.2644043e+01
   2.9398000e+04   2.7587891e+01
   2.9512000e+04   2.3803711e+01
   2.9856000e+04   5.2062988e+01
   2.9878000e+04   2.4963379e+01
   2.9911000e+04   4.2785645e+01
   2.9922000e+04   2.1423340e+01
   2.9985000e+04   2.3193359e+01
   4.1142000e+04   2.2094727e+01
   4.1389000e+04   2.9785156e+01
   4.2007000e+04   6.5307617e+01
   4.2033000e+04   2.5756836e+01
   4.2058000e+04   2.6611328e+01
   5.5010000e+04   2.5329590e+01
   5.5028000e+04   3.5156250e+01
   5.5040000e+04   2.6062012e+01
   5.5059000e+04   6.4147949e+01
   5.5088000e+04   5.9326172e+01
   5.5106000e+04   3.4606934e+01
   5.5130000e+04   2.6977539e+01
   5.5148000e+04   3.8146973e+01
   5.5176000e+04   2.8442383e+01
   5.5192000e+04   2.9235840e+01
   5.5219000e+04   2.4963379e+01
   5.5288000e+04   2.3010254e+01
   8.5159000e+04   2.3864746e+01
   1.0865000e+05   2.7404785e+01
   1.0899400e+05   2.4597168e+01
   1.0906700e+05   7.1777344e+01
   1.0909700e+05   3.6682129e+01
   1.0913200e+05   4.1198730e+01
   1.0927800e+05   2.3193359e+01
   1.6444300e+05   3.7902832e+01
   1.6452100e+05   6.1401367e+01
   1.6481600e+05   2.3376465e+01
   1.6483700e+05   5.9387207e+01
   1.6485700e+05   3.4973145e+01
   1.6621600e+05   6.6467285e+01
   1.6622700e+05   3.3142090e+01
   1.8078500e+05   3.7292480e+01
   1.8080900e+05   2.2338867e+01
   1.8114900e+05   7.7270508e+01
   1.8123100e+05   2.6855469e+01
   1.8126100e+05   4.2968750e+01
   1.8199700e+05   2.1301270e+01
   2.0229500e+05   3.4973145e+01
   2.0279000e+05   7.5622559e+01
   2.0283000e+05   3.9245605e+01
   2.0286500e+05   2.3803711e+01
   2.1142400e+05   4.5410156e+01
   2.1143500e+05   5.6579590e+01
   2.1144500e+05   2.3193359e+01
   2.3499200e+05   3.4606934e+01
   2.3502500e+05   2.1362305e+01
   2.3504200e+05   5.8898926e+01
   2.3509100e+05   4.0222168e+01
   2.3511400e+05   3.2470703e+01
   2.3539000e+05   2.2094727e+01
   2.3561900e+05   2.3071289e+01
   2.3563800e+05   6.0180664e+01
   2.3568500e+05   3.3569336e+01
   2.4422000e+05   2.3986816e+01
   2.4438000e+05   2.4536133e+01
   2.4441900e+05   6.2683105e+01
   2.4445100e+05   3.0395508e+01
   2.4455700e+05   3.1066895e+01
   2.4458000e+05   2.4475098e+01
   2.4459300e+05   2.7282715e+01
   2.4461100e+05   5.8837891e+01
   2.4512300e+05   6.3781738e+01
   2.4543300e+05   2.6733398e+01
   2.6604700e+05   2.1545410e+01
   2.6619500e+05   2.3803711e+01
   2.6621500e+05   5.2856445e+01
   2.6646300e+05   3.3325195e+01
   2.6656200e+05   2.2766113e+01
   2.6657600e+05   2.4108887e+01
   2.6661700e+05   2.1606445e+01
   2.6664200e+05   6.7260742e+01
   2.6669100e+05   3.6682129e+01
   2.6720000e+05   7.1289063e+01
   2.6722300e+05   3.0090332e+01
   2.6746500e+05   5.8593750e+01
   2.8239800e+05   2.4291992e+01
   2.8246600e+05   3.7719727e+01
   2.8250800e+05   6.0485840e+01
   2.8296600e+05   6.8359375e+01
   2.8327700e+05   4.9316406e+01
   2.8329500e+05   3.3142090e+01
   2.8410700e+05   2.1362305e+01
   2.8414200e+05   6.2561035e+01
   2.8420000e+05   2.2155762e+01
   3.1222600e+05   2.3437500e+01
   3.1225200e+05   5.0720215e+01
   3.1227900e+05   3.9733887e+01
   3.1228900e+05   9.4787598e+01
   3.1231200e+05   2.3803711e+01
   3.1232200e+05   3.2775879e+01
   3.1234200e+05   2.7587891e+01
   3.1235600e+05   3.8391113e+01
   3.1239100e+05   3.5583496e+01
   3.1240700e+05   2.2766113e+01
   3.1243000e+05   3.4973145e+01
   3.1245600e+05   2.2949219e+01
   3.1246800e+05   2.7770996e+01
   3.1251400e+05   2.7343750e+01
   3.1255200e+05   2.1484375e+01
   3.2188300e+05   2.1301270e+01
   3.2395900e+05   2.3010254e+01
   3.5036300e+05   2.3803711e+01
   3.6426000e+05   2.3620605e+01
   3.6441900e+05   2.1423340e+01
   3.6490000e+05   2.6306152e+01
   3.6492400e+05   1.0937500e+02
   3.6496400e+05   4.2846680e+01
   3.6498700e+05   2.4658203e+01
   3.6502200e+05   2.2888184e+01
   3.6503600e+05   2.5939941e+01
   3.6552900e+05   2.2094727e+01
   3.6556600e+05   6.4514160e+01
   3.6559600e+05   3.9428711e+01
   3.6560900e+05   4.0954590e+01
   4.0041900e+05   2.1484375e+01
   4.0056900e+05   2.1667480e+01
   4.0097300e+05   5.9448242e+01
   4.0108000e+05   2.4108887e+01
   4.0111900e+05   3.8391113e+01
   4.0158200e+05   2.4902344e+01
   4.0159400e+05   6.3110352e+01
   4.0163400e+05   2.2521973e+01
   4.0165000e+05   3.6621094e+01
   4.6369200e+05   2.2155762e+01
   4.6442200e+05   2.2766113e+01
   4.6443300e+05   6.9824219e+01
   4.6444700e+05   2.1972656e+01
   4.6447000e+05   2.4902344e+01
   4.6464700e+05   2.2827148e+01
   4.9271300e+05   2.3193359e+01
   4.9308400e+05   2.4536133e+01
   4.9311600e+05   4.8767090e+01
   4.9315300e+05   6.4270020e+01
   5.0778700e+05   2.1362305e+01
   5.1387700e+05   3.5400391e+01
   5.1395300e+05   3.0517578e+01
   5.1397900e+05   6.1828613e+01
   5.1436800e+05   2.4291992e+01
   5.1438500e+05   5.6030273e+01
   5.1441600e+05   2.2766113e+01
   5.1442600e+05   4.2358398e+01
   5.1445000e+05   2.2338867e+01
   5.4152600e+05   2.5451660e+01
   5.4161800e+05   2.1362305e+01
   5.4167500e+05   8.9355469e+01
   5.4242100e+05   4.7485352e+01
   5.4244800e+05   6.2194824e+01
   5.4247700e+05   2.8381348e+01
   5.4250000e+05   2.1484375e+01
   5.6672500e+05   3.7658691e+01
   5.6675800e+05   2.1301270e+01
   5.6727800e+05   2.1362305e+01
   5.6760100e+05   2.1606445e+01
   5.6798100e+05   2.3925781e+01
   5.6800300e+05   6.7749023e+01
   5.6801900e+05   2.6184082e+01
   5.6804000e+05   4.4555664e+01
   5.6899900e+05   7.3303223e+01
   5.6901600e+05   2.1423340e+01
   5.6904900e+05   3.2348633e+01
   5.6907300e+05   3.9550781e+01
   5.6988800e+05   3.2531738e+01
   6.1093100e+05   2.3010254e+01
   6.1101500e+05   2.1850586e+01
   6.1112200e+05   2.2949219e+01
   6.1119000e+05   7.8674316e+01
   6.1120300e+05   2.4536133e+01
   6.1124500e+05   2.2338867e+01
   6.1125800e+05   2.7954102e+01
   6.1128000e+05   5.2062988e+01
   6.1130700e+05   2.3864746e+01
   6.1193000e+05   6.5734863e+01
   6.1198900e+05   3.2287598e+01
   6.1199900e+05   5.7983398e+01
   6.1205600e+05   2.4658203e+01
   6.1239900e+05   6.1035156e+01
   6.4466800e+05   2.2094727e+01
   6.4476000e+05   2.2949219e+01
   6.4477100e+05   2.2583008e+01
   6.4536500e+05   3.0700684e+01
   6.4538400e+05   3.1005859e+01
   6.4541100e+05   4.5959473e+01
   6.4543500e+05   2.5573730e+01
   6.6825300e+05   2.2033691e+01
   6.6829500e+05   6.5368652e+01
   6.6833200e+05   3.5766602e+01
   6.6836100e+05   2.2216797e+01
   6.6892200e+05   6.2622070e+01
   6.6895600e+05   3.8635254e+01
   6.6898100e+05   4.0893555e+01
   6.6988300e+05   2.4658203e+01
   6.6993800e+05   2.6184082e+01
   6.9968000e+05   3.0151367e+01
   6.9969200e+05   2.6123047e+01
   6.9970700e+05   7.5195313e+01
   6.9974000e+05   2.2705078e+01
   6.9981900e+05   2.2460938e+01
   7.0015900e+05   6.3354492e+01
   7.0083600e+05   2.4414063e+01
   7.0085200e+05   6.4636230e+01
   7.0086200e+05   2.7587891e+01
   7.0157200e+05   2.2033691e+01
   7.0159300e+05   5.5847168e+01
   7.0161300e+05   3.7658691e+01
   7.0162500e+05   2.6000977e+01
   7.0188500e+05   2.3193359e+01
   7.0191100e+05   2.1362305e+01
   7.0210800e+05   5.2307129e+01
   7.1952400e+05   2.3498535e+01
   7.1963600e+05   2.6306152e+01
   7.1967800e+05   6.6528320e+01
   7.1970800e+05   3.7353516e+01
   7.2031300e+05   2.2583008e+01
   7.2032900e+05   6.7687988e+01
   7.2107200e+05   6.4392090e+01
   7.2112800e+05   2.6977539e+01
   7.2114100e+05   5.0292969e+01
   7.8162000e+05   2.1362305e+01
   7.8165900e+05   2.1484375e+01
   7.8173500e+05   2.4291992e+01
   7.8189700e+05   6.2744141e+01
   7.8191300e+05   4.9560547e+01
   7.8192700e+05   3.0395508e+01
   7.8194700e+05   2.5939941e+01
   7.8196500e+05   2.1911621e+01
   7.8201900e+05   2.2399902e+01
   7.8217400e+05   2.1362305e+01
   7.8250800e+05   6.0852051e+01
   7.8252400e+05   3.1005859e+01
   7.8254800e+05   3.0822754e+01
   7.8329400e+05   2.3315430e+01
   7.8445800e+05   2.6123047e+01
   7.8448600e+05   5.3039551e+01
   7.8450900e+05   2.3437500e+01
   7.8452000e+05   2.6184082e+01
   8.2448700e+05   2.4536133e+01
   8.2450600e+05   7.4035645e+01
   8.2533000e+05   2.4719238e+01
   8.2537100e+05   6.1157227e+01
   8.2540700e+05   4.2541504e+01
   8.6085000e+05   2.8564453e+01
   8.6088300e+05   2.1545410e+01
   8.6095900e+05   5.4565430e+01
   8.6098100e+05   3.4790039e+01
   8.7174000e+05   2.2827148e+01
   8.7190800e+05   2.3315430e+01
   8.7193500e+05   2.5512695e+01
   8.7197100e+05   6.2011719e+01
   8.7199600e+05   2.4291992e+01
   8.7202100e+05   3.0822754e+01
   8.7206200e+05   3.7841797e+01
   8.7211200e+05   2.3376465e+01
   8.7218200e+05   2.6306152e+01
   8.7278000e+05   5.7495117e+01
   8.7281700e+05   3.6560059e+01
   8.7286200e+05   2.1301270e+01
   9.2597700e+05   3.5705566e+01
   9.3458700e+05   2.6733398e+01
   9.3468200e+05   2.3925781e+01
   9.3481600e+05   2.2399902e+01
   9.3483100e+05   2.7526855e+01
   9.3484800e+05   7.0007324e+01
   9.3486400e+05   4.3212891e+01
   9.3488300e+05   2.1789551e+01
   9.3490600e+05   2.5634766e+01
   9.3544800e+05   7.3852539e+01
   9.3548400e+05   2.1301270e+01
   9.6172100e+05   3.4301758e+01
   9.6179700e+05   2.2155762e+01
   9.6205300e+05   2.8930664e+01
   9.6207000e+05   2.9846191e+01
   9.6208400e+05   3.0822754e+01
   9.6210300e+05   6.9335938e+01
   9.6211900e+05   3.6437988e+01
   9.6213900e+05   2.8625488e+01
   9.6215100e+05   3.1738281e+01
   9.6217200e+05   3.6376953e+01
   9.6219800e+05   2.3620605e+01
   9.6222600e+05   2.4475098e+01
   9.6224700e+05   3.3020020e+01
   9.6226600e+05   2.7465820e+01
   9.6229600e+05   2.6184082e+01
   9.6231300e+05   2.4169922e+01
   9.9715200e+05   2.2094727e+01
   9.9759200e+05   2.5024414e+01
   9.9760700e+05   2.5512695e+01
   9.9763100e+05   4.7729492e+01
   9.9765900e+05   3.2165527e+01
   9.9767200e+05   2.6977539e+01
   9.9770000e+05   2.2888184e+01
   9.9782000e+05   2.1301270e+01
   9.9798900e+05   2.2033691e+01
   9.9824600e+05   2.1667480e+01
   9.9850800e+05   2.4475098e+01
   1.0581650e+06   6.6040039e+01
   1.0581770e+06   2.1545410e+01
   1.0581950e+06   2.2399902e+01
   1.0582300e+06   3.6010742e+01
   1.0582780e+06   2.1606445e+01
   1.0587530e+06   6.3903809e+01
   1.0588780e+06   2.2033691e+01
   1.0904840e+06   2.3742676e+01
   1.0905730e+06   2.2644043e+01
   1.0905890e+06   2.7038574e+01
   1.0906200e+06   2.1911621e+01
   1.0906560e+06   2.2277832e+01
   1.0906770e+06   2.5085449e+01
   1.0907060e+06   2.2460938e+01
   1.0907480e+06   2.1301270e+01
   1.0907660e+06   6.2988281e+01
   1.0907960e+06   3.8879395e+01
   1.0908380e+06   2.2766113e+01
   1.0912980e+06   6.2194824e+01
   1.0913230e+06   2.6794434e+01
   1.1084050e+06   5.0415039e+01
   1.1084210e+06   2.3925781e+01
   1.1084320e+06   3.8879395e+01
   1.1084530e+06   3.2470703e+01
   1.1084650e+06   3.4545898e+01
   1.1084850e+06   4.6875000e+01
   1.1085270e+06   2.8015137e+01
   1.1085520e+06   2.3071289e+01
   1.1085660e+06   2.5085449e+01
   1.1086080e+06   2.9541016e+01
   1.1086660e+06   2.6794434e+01
   1.1970440e+06   2.5024414e+01
   1.1970950e+06   2.3193359e+01
   1.1971190e+06   2.6123047e+01
   1.1971700e+06   2.2399902e+01
   1.1972550e+06   2.4475098e+01
   1.1972770e+06   2.5146484e+01
   1.1973140e+06   2.3437500e+01
   1.1973390e+06   2.2338867e+01
   1.1974490e+06   2.3010254e+01
   1.1974610e+06   6.1340332e+01
   1.1975380e+06   2.7648926e+01
   1.1976010e+06   2.2705078e+01
   1.1976380e+06   6.0913086e+01
   1.1977060e+06   2.5634766e+01
   1.1979470e+06   2.2216797e+01
   1.1980650e+06   2.6000977e+01
   1.1980780e+06   6.1584473e+01
   1.1982140e+06   2.3620605e+01
   1.1991920e+06   2.3498535e+01
   1.1992640e+06   2.3254395e+01
   1.2259760e+06   2.4658203e+01
   1.2464860e+06   6.3476563e+01
   1.2465060e+06   3.8940430e+01
   1.2468060e+06   4.5349121e+01
   1.2468650e+06   4.2663574e+01
   1.2672730e+06   2.2277832e+01
   1.2673610e+06   2.3254395e+01
   1.2673890e+06   7.4401855e+01
   1.2677540e+06   2.1911621e+01
   1.2677680e+06   2.6733398e+01
   1.2677870e+06   6.6040039e+01
   1.2678250e+06   3.7658691e+01
   1.2683700e+06   7.0922852e+01
   1.2687880e+06   2.6062012e+01
   1.2688040e+06   8.5937500e+01
   1.2688510e+06   5.3283691e+01
   1.2703360e+06   2.2644043e+01
   1.3077910e+06   2.4536133e+01
   1.3078040e+06   5.8288574e+01
   1.3078160e+06   5.1208496e+01
   1.3078340e+06   2.2277832e+01
   1.3078450e+06   4.3029785e+01
   1.3079040e+06   2.3193359e+01
   1.3085260e+06   6.4636230e+01
   1.3085450e+06   2.6916504e+01
   1.3085670e+06   5.9997559e+01
   1.3085780e+06   2.1667480e+01
   1.3443680e+06   2.1301270e+01
   1.3450870e+06   2.5390625e+01
   1.3451070e+06   5.6579590e+01
   1.3451370e+06   3.3996582e+01
   1.3451590e+06   5.2368164e+01
   1.3456670e+06   2.2216797e+01
   1.3457460e+06   2.1545410e+01
   1.3457600e+06   2.4719238e+01
   1.3458010e+06   2.1362305e+01
   1.3816180e+06   2.1972656e+01
   1.3818330e+06   2.8564453e+01
   1.3824990e+06   2.2155762e+01
   1.3832870e+06   2.8198242e+01
   1.3833010e+06   6.6528320e+01
   1.3833180e+06   2.8076172e+01
   1.3918040e+06   7.0190430e+01
   1.3918390e+06   4.0344238e+01
   1.3919070e+06   3.7048340e+01
   1.3923580e+06   6.0913086e+01
   1.4137410e+06   2.4047852e+01
   1.4410450e+06   5.1696777e+01
   1.4413660e+06   2.3376465e+01
   1.4415620e+06   5.9814453e+01
   1.4416920e+06   6.3842773e+01
   1.4417050e+06   2.8869629e+01
   1.4417670e+06   2.1850586e+01
   1.5123680e+06   2.3193359e+01
   1.5125260e+06   2.1606445e+01
   1.5125680e+06   2.1606445e+01
   1.5126770e+06   2.3498535e+01
   1.5127150e+06   2.3681641e+01
   1.5127570e+06   2.2705078e+01
   1.5127690e+06   5.5847168e+01
   1.5128770e+06   3.7536621e+01
   1.5129620e+06   2.4291992e+01
   1.5129960e+06   2.2705078e+01
   1.5137610e+06   2.3193359e+01
   1.5138040e+06   2.3132324e+01
   1.5792140e+06   2.3437500e+01
   1.5792550e+06   2.5817871e+01
   1.5794950e+06   2.3437500e+01
   1.5800680e+06   2.1667480e+01
   1.5800870e+06   5.6945801e+01
   1.5801040e+06   3.4057617e+01
   1.5801240e+06   2.1484375e+01
   1.5804450e+06   5.7922363e+01
   1.5804570e+06   3.2592773e+01
   1.5809600e+06   2.3193359e+01
   1.5809720e+06   6.2500000e+01
   1.6243700e+06   2.2521973e+01
   1.6243870e+06   7.9467773e+01
   1.6244070e+06   3.0456543e+01
   1.6244240e+06   3.3569336e+01
   1.6244400e+06   2.4414063e+01
   1.6244600e+06   2.3132324e+01
   1.6248410e+06   4.1137695e+01
   1.6248540e+06   6.0058594e+01
   1.6248670e+06   8.9904785e+01
   1.6248880e+06   3.8513184e+01
   1.6249130e+06   2.5634766e+01
   1.6249310e+06   2.2399902e+01
   1.6249570e+06   3.2775879e+01
   1.6249910e+06   2.6062012e+01
   1.6250050e+06   2.3437500e+01
   1.6250250e+06   2.1423340e+01
   1.6250490e+06   2.3986816e+01
   1.6250970e+06   2.1972656e+01
   1.6383490e+06   2.5512695e+01
   1.6383630e+06   5.4321289e+01
   1.6383930e+06   3.9794922e+01
   1.6385260e+06   3.3874512e+01
   1.6385680e+06   2.4169922e+01
   1.6393830e+06   2.2094727e+01
   1.6899750e+06   2.5024414e+01
   1.6901350e+06   2.4414063e+01
   1.6903310e+06   2.3376465e+01
   1.6903570e+06   2.1789551e+01
   1.6904160e+06   2.1911621e+01
   1.6904740e+06   2.3864746e+01
   1.6904970e+06   3.0761719e+01
   1.6905090e+06   6.4208984e+01
   1.6907210e+06   2.1545410e+01
   1.6910190e+06   6.0607910e+01
   1.7522090e+06   2.9785156e+01
   1.7522600e+06   2.4719238e+01
   1.7522880e+06   2.2338867e+01
   1.7523120e+06   2.6000977e+01
   1.7523930e+06   2.1972656e+01
   1.7524300e+06   2.2827148e+01
   1.7524630e+06   2.1484375e+01
   1.7529780e+06   2.2583008e+01
   1.7530880e+06   2.2399902e+01
   1.7531310e+06   6.8969727e+01
   1.7531450e+06   2.2705078e+01
   1.7531980e+06   4.2724609e+01
   1.7532550e+06   3.7902832e+01
   1.7915530e+06   2.1423340e+01
   1.7915880e+06   6.1523438e+01
   1.7916120e+06   3.5522461e+01
   1.7916910e+06   2.3620605e+01
   1.8426890e+06   2.3132324e+01
   1.8427170e+06   2.9846191e+01
   1.8428880e+06   2.4841309e+01
   1.8430280e+06   2.6672363e+01
   1.8430590e+06   2.3254395e+01
   1.8431040e+06   2.2033691e+01
   1.8432990e+06   2.1911621e+01
   1.8438860e+06   6.8237305e+01
   1.8440260e+06   3.0334473e+01
   1.8444320e+06   2.2827148e+01
   1.8444560e+06   2.4963379e+01
   1.8444830e+06   2.7099609e+01
   1.8445180e+06   2.4841309e+01
   1.8738990e+06   2.2277832e+01
   1.8739240e+06   6.1828613e+01
   1.8739520e+06   8.2458496e+01
   1.8739690e+06   5.1025391e+01
   1.8739860e+06   3.5827637e+01
   1.8739990e+06   3.2348633e+01
   1.8740180e+06   3.0151367e+01
   1.8740310e+06   3.2714844e+01
   1.8740830e+06   2.4353027e+01
   1.8741080e+06   2.3437500e+01
   1.8741190e+06   2.3742676e+01
   1.8741400e+06   2.3925781e+01
   1.8741630e+06   2.8259277e+01
   1.8741750e+06   2.7587891e+01
   1.8807570e+06   2.3010254e+01
   1.8946050e+06   2.3803711e+01
   1.9775330e+06   2.1850586e+01
   1.9775640e+06   2.1423340e+01
   1.9776020e+06   2.2521973e+01
   1.9776660e+06   2.5268555e+01
   1.9776900e+06   2.5390625e+01
   1.9777000e+06   2.2521973e+01
   1.9777720e+06   3.7536621e+01
   1.9777830e+06   2.8076172e+01
   1.9778470e+06   2.7465820e+01
   1.9778680e+06   5.1757813e+01
   1.9778850e+06   2.1362305e+01
   1.9779550e+06   2.4414063e+01
   2.0052590e+06   2.2583008e+01
   2.0052760e+06   5.2307129e+01
   2.0372480e+06   2.2827148e+01
   2.0373250e+06   2.1911621e+01
   2.0505540e+06   2.2583008e+01
   2.0505860e+06   3.1066895e+01
   2.0515950e+06   6.3903809e+01
   2.0516450e+06   3.3874512e+01
   2.0516980e+06   2.3010254e+01
   2.1330170e+06   3.6254883e+01
   2.1330730e+06   2.2644043e+01
   2.1330880e+06   2.3620605e+01
   2.1331160e+06   2.6123047e+01
   2.1331600e+06   2.1850586e+01
   2.1331990e+06   2.2094727e+01
   2.1552150e+06   2.1606445e+01
   2.1554280e+06   6.6101074e+01
   2.1554610e+06   2.3071289e+01
   2.1554930e+06   5.4077148e+01
   2.1555250e+06   2.1850586e+01
   2.1555380e+06   2.5756836e+01
   2.1563290e+06   6.1035156e+01
   2.1563730e+06   5.0781250e+01
   2.1923080e+06   2.2216797e+01
   2.1924440e+06   2.2277832e+01
   2.1925880e+06   5.5297852e+01
   2.1926230e+06   2.1789551e+01
   2.1926530e+06   2.1423340e+01
   2.1926730e+06   2.1301270e+01
   2.1927130e+06   2.5329590e+01
   2.2303900e+06   2.2827148e+01
   2.2304240e+06   4.0832520e+01
   2.2305010e+06   5.9020996e+01
   2.2305240e+06   2.1301270e+01
   2.2305380e+06   5.5053711e+01
   2.2710950e+06   5.7678223e+01
   2.2711220e+06   4.7058105e+01
   2.2711560e+06   2.2155762e+01
   2.2711970e+06   3.6926270e+01
   2.2723080e+06   2.4841309e+01
   2.2723180e+06   5.7739258e+01
   2.2723550e+06   3.4606934e+01
   2.3129870e+06   2.2583008e+01
   2.3130300e+06   2.1423340e+01
   2.3131060e+06   6.5185547e+01
   2.3131370e+06   2.2216797e+01
   2.3132080e+06   2.1850586e+01
   2.3133510e+06   3.9245605e+01
   2.3135670e+06   2.6245117e+01
   2.3138520e+06   6.4208984e+01
   2.3138790e+06   2.3864746e+01
   2.3139160e+06   4.1564941e+01
   2.3139300e+06   2.1667480e+01
   2.3775400e+06   2.1423340e+01
   2.3776270e+06   2.1911621e+01
   2.3777400e+06   2.3010254e+01
   2.3780430e+06   6.4453125e+01
   2.3780800e+06   4.1687012e+01
   2.3787730e+06   2.9907227e+01
   2.3788110e+06   3.3081055e+01
   2.3788890e+06   2.3437500e+01
   2.3961010e+06   2.3254395e+01
   2.3966620e+06   2.2949219e+01
   2.3966770e+06   6.3049316e+01
   2.3967040e+06   2.6367187e+01
   2.3967160e+06   3.5400391e+01
   2.3968780e+06   2.3986816e+01
   2.3968880e+06   4.8278809e+01
   2.3969320e+06   2.8564453e+01
   2.4033280e+06   2.9174805e+01
   2.4033470e+06   3.8330078e+01
   2.4033600e+06   3.4118652e+01
   2.4033830e+06   4.4860840e+01
   2.4033960e+06   2.4658203e+01
   2.4034150e+06   2.8259277e+01
   2.4034520e+06   4.3334961e+01
   2.4034670e+06   2.5268555e+01
   2.4034780e+06   2.4475098e+01
   2.4035090e+06   2.5085449e+01
   2.4035420e+06   2.2460938e+01
   2.4035520e+06   4.1381836e+01
   2.4497390e+06   2.2888184e+01
   2.5133270e+06   2.3132324e+01
   2.5133830e+06   2.4414063e+01
   2.5134100e+06   2.2521973e+01
   2.5134790e+06   2.2583008e+01
   2.5135840e+06   2.4597168e+01
   2.5136730e+06   2.4536133e+01
   2.5137260e+06   2.6306152e+01
   2.5137780e+06   2.1545410e+01
   2.5730710e+06   2.5939941e+01
   2.5731450e+06   2.8930664e+01
   2.5732880e+06   2.1728516e+01
   2.5736940e+06   2.1301270e+01
   2.5737860e+06   2.9846191e+01
   2.5744920e+06   2.3315430e+01
   2.5745330e+06   7.2998047e+01
   2.5745690e+06   2.2033691e+01
   2.5745820e+06   3.5644531e+01
   2.6276550e+06   2.3681641e+01
   2.6276790e+06   2.2277832e+01
   2.6276920e+06   6.6345215e+01
   2.6277560e+06   2.1667480e+01
   2.6282450e+06   2.5817871e+01
   2.6282620e+06   2.4414062e+01
   2.6282860e+06   7.2692871e+01
   2.6283210e+06   4.6752930e+01
   2.6283330e+06   2.4108887e+01
   2.6283630e+06   2.9357910e+01
   2.6283760e+06   3.1127930e+01
   2.6283980e+06   2.6794434e+01
   2.6284080e+06   2.2399902e+01
   2.6284350e+06   3.1677246e+01
   2.6284940e+06   2.2094727e+01
   2.6285410e+06   2.2949219e+01
   2.6285730e+06   2.5573730e+01
   2.6730380e+06   2.3315430e+01
   2.6730490e+06   6.4514160e+01
   2.6730750e+06   9.0270996e+01
   2.6730850e+06   2.9724121e+01
   2.6731140e+06   4.2419434e+01
   2.6731420e+06   3.3569336e+01
   2.6731730e+06   2.4902344e+01
   2.6731970e+06   2.5390625e+01
   2.6732120e+06   3.0456543e+01
   2.6732310e+06   2.4780273e+01
   2.6732550e+06   2.5573730e+01
   2.6732990e+06   2.5390625e+01
   2.6733340e+06   2.2155762e+01
   2.6733800e+06   2.9785156e+01
   2.6734750e+06   2.2338867e+01
   2.6738190e+06   2.6000977e+01
   2.6811080e+06   2.1911621e+01
   2.7364040e+06   2.1423340e+01
   2.7364260e+06   2.3559570e+01
   2.7365170e+06   2.2644043e+01
   2.7365350e+06   3.7841797e+01
   2.7365620e+06   5.0354004e+01
   2.7365820e+06   4.3945313e+01
   2.7366040e+06   2.9785156e+01
   2.7366260e+06   2.2766113e+01
   2.7366360e+06   3.2653809e+01
   2.7366620e+06   4.1137695e+01
   2.7366840e+06   2.1484375e+01
   2.7367080e+06   3.5522461e+01
   2.7367260e+06   2.4353027e+01
   2.7367460e+06   3.2836914e+01
   2.7367610e+06   2.7221680e+01
   2.7367740e+06   2.2277832e+01
   2.7368440e+06   2.7282715e+01
   2.7368560e+06   2.5512695e+01
   2.7368960e+06   2.5329590e+01
   2.7425360e+06   2.3559570e+01
   2.7869240e+06   2.3864746e+01
   2.8374570e+06   2.2827148e+01
   2.8374830e+06   2.5756836e+01
   2.8375110e+06   2.5817871e+01
   2.8375330e+06   8.6486816e+01
   2.8375500e+06   3.3081055e+01
   2.8375720e+06   3.6743164e+01
   2.8376050e+06   3.1982422e+01
   2.8376190e+06   3.1677246e+01
   2.8376390e+06   2.7770996e+01
   2.8376720e+06   5.0415039e+01
   2.8376990e+06   3.1616211e+01
   2.8377230e+06   2.1423340e+01
   2.8377590e+06   4.9133301e+01
   2.8377890e+06   2.1423340e+01
   2.8378340e+06   2.1301270e+01
   2.8447370e+06   2.1911621e+01
   2.8897350e+06   2.1850586e+01
   2.8897590e+06   2.2155762e+01
   2.8898000e+06   3.0822754e+01
   2.8898120e+06   6.8298340e+01
   2.8898310e+06   4.2114258e+01
   2.8898630e+06   2.3498535e+01
   2.8898830e+06   4.0222168e+01
   2.8898930e+06   3.6193848e+01
   2.8899140e+06   5.8593750e+01
   2.8899290e+06   2.2155762e+01
   2.8899400e+06   2.3925781e+01
   2.8899720e+06   5.0109863e+01
   2.8899990e+06   3.6621094e+01
   2.8900260e+06   3.0822754e+01
   2.8900580e+06   2.9113770e+01
   2.8900840e+06   2.3925781e+01
   2.8901000e+06   2.8015137e+01
   2.8901140e+06   2.4108887e+01
   2.8901740e+06   2.4291992e+01
   2.8901850e+06   2.2644043e+01
   2.9046560e+06   2.2644043e+01
   2.9123140e+06   2.3437500e+01
   2.9386740e+06   2.1667480e+01
   2.9389640e+06   2.2644043e+01
   2.9390230e+06   4.4494629e+01
   2.9391330e+06   5.6884766e+01
   2.9391670e+06   2.4230957e+01
   2.9391860e+06   2.1972656e+01
   2.9392130e+06   2.1850586e+01
   2.9392340e+06   2.6428223e+01
   2.9392670e+06   3.5888672e+01
   2.9392890e+06   8.3862305e+01
   2.9393000e+06   4.5104980e+01
   2.9393370e+06   2.3803711e+01
   2.9393500e+06   3.3325195e+01
   2.9393660e+06   3.1127930e+01
   2.9393780e+06   2.9846191e+01
   2.9394110e+06   3.6499023e+01
   2.9394370e+06   2.5207520e+01
   2.9394580e+06   2.1545410e+01
   2.9395040e+06   2.3742676e+01
   2.9396610e+06   2.2399902e+01
   3.0021860e+06   4.3395996e+01
   3.0022160e+06   3.0761719e+01
   3.0022260e+06   2.9968262e+01
   3.0022540e+06   2.6062012e+01
   3.0022690e+06   2.5390625e+01
   3.0022810e+06   3.6376953e+01
   3.0022910e+06   2.3315430e+01
   3.0023120e+06   2.1545410e+01
   3.0023520e+06   3.6071777e+01
   3.0023790e+06   2.6062012e+01
   3.0024120e+06   2.1850586e+01
   3.0024260e+06   2.2277832e+01
   3.0025180e+06   2.1301270e+01
   3.0263740e+06   2.2888184e+01
   3.0830830e+06   2.2949219e+01
   3.0831810e+06   2.4536133e+01
   3.0832000e+06   2.5573730e+01
   3.0832540e+06   2.3437500e+01
   3.0833180e+06   2.6489258e+01
   3.0834290e+06   2.3254395e+01
   3.0834760e+06   2.1362305e+01
   3.0835230e+06   2.3193359e+01
   3.0836020e+06   2.3803711e+01
   3.0837050e+06   2.1850586e+01
   3.0838140e+06   2.4108887e+01
   3.0889880e+06   2.2949219e+01
   3.1082070e+06   6.3964844e+01
   3.1082250e+06   4.6630859e+01
   3.1083000e+06   2.2033691e+01
   3.1083530e+06   4.6386719e+01
   3.1083720e+06   2.2033691e+01
   3.1326750e+06   2.1301270e+01
   3.1327060e+06   2.1972656e+01
   3.1327500e+06   5.9143066e+01
   3.1327600e+06   4.9804688e+01
   3.1327700e+06   2.7587891e+01
   3.1449590e+06   2.2338867e+01
   3.1451070e+06   2.5634766e+01
   3.1456270e+06   2.2094727e+01
   3.1456470e+06   6.3659668e+01
   3.1456640e+06   2.3498535e+01
   3.1456770e+06   5.6518555e+01
   3.1936170e+06   2.7832031e+01
   3.1936910e+06   2.5024414e+01
   3.1937090e+06   2.3254395e+01
   3.1938300e+06   2.4414063e+01
   3.1938570e+06   7.3303223e+01
   3.1939040e+06   3.9672852e+01
   3.1939420e+06   2.9724121e+01
   3.1943750e+06   5.8166504e+01
   3.1945780e+06   2.2888184e+01
   3.1945930e+06   5.8776855e+01
   3.1946130e+06   3.3508301e+01
   3.1946640e+06   2.3925781e+01
   3.2324180e+06   6.1889648e+01
   3.2324730e+06   2.5329590e+01
   3.2324870e+06   4.9438477e+01
   3.2325030e+06   2.7954102e+01
   3.2333290e+06   2.4230957e+01
   3.2333440e+06   5.8654785e+01
   3.2700670e+06   4.8339844e+01
   3.2701050e+06   3.0883789e+01
   3.2701320e+06   4.1625977e+01
   3.2707780e+06   6.1889648e+01
   3.2707950e+06   3.8696289e+01
   3.2708740e+06   2.8991699e+01
   3.2708880e+06   2.3559570e+01
   3.2709030e+06   2.1972656e+01
   3.2900380e+06   2.2094727e+01
   3.2902560e+06   2.2155762e+01
   3.2902770e+06   5.4992676e+01
   3.2903110e+06   4.5959473e+01
   3.2903240e+06   4.7973633e+01
   3.2912520e+06   2.1362305e+01
   3.2914570e+06   6.0180664e+01
   3.2915100e+06   2.1545410e+01
   3.3010040e+06   2.2766113e+01
   3.3010210e+06   2.2583008e+01
   3.3010430e+06   6.3781738e+01
   3.3010760e+06   5.2185059e+01
   3.3010900e+06   3.3325195e+01
   3.3011080e+06   2.3376465e+01
   3.3011210e+06   3.9672852e+01
   3.3011440e+06   2.6367188e+01
   3.3011590e+06   2.1911621e+01
   3.3011870e+06   3.1555176e+01
   3.3012120e+06   2.7709961e+01
   3.3012220e+06   2.7770996e+01
   3.3012680e+06   3.7170410e+01
   3.3013160e+06   2.8930664e+01
   3.3278680e+06   2.2827148e+01
   3.4146590e+06   2.2033691e+01
   3.4147200e+06   6.1889648e+01
   3.4147410e+06   2.3437500e+01
   3.4147590e+06   4.2480469e+01
   3.4148800e+06   2.3986816e+01
   3.4151690e+06   2.2705078e+01
   3.4159210e+06   2.3376465e+01
   3.4219270e+06   2.1545410e+01
   3.4219790e+06   2.5390625e+01
   3.4219960e+06   6.3110352e+01
   3.4223930e+06   2.2033691e+01
   3.4224140e+06   6.1706543e+01
   3.4224340e+06   2.4658203e+01
   3.4224580e+06   3.1005859e+01
   3.4224680e+06   3.4667969e+01
   3.4225010e+06   3.8146973e+01
   3.4230470e+06   6.0241699e+01
   3.4230860e+06   2.6367188e+01
   3.4230990e+06   2.5512695e+01
   3.4238740e+06   5.6335449e+01
   3.4239000e+06   2.4536133e+01
   3.4240310e+06   5.0659180e+01
   3.4471230e+06   2.4597168e+01
   3.4475140e+06   6.1706543e+01
   3.4475430e+06   5.3710938e+01
   3.4475580e+06   3.4240723e+01
   3.4754160e+06   5.4077148e+01
   3.4754340e+06   2.5085449e+01
   3.4754510e+06   3.8757324e+01
   3.4754850e+06   3.6132813e+01
   3.5365120e+06   2.2521973e+01
   3.5366390e+06   2.6855469e+01
   3.5366860e+06   2.4780273e+01
   3.5367560e+06   2.2766113e+01
   3.5368190e+06   2.5146484e+01
   3.5368520e+06   2.7465820e+01
   3.5369350e+06   5.8654785e+01
   3.5369490e+06   2.9357910e+01
   3.5369830e+06   3.9672852e+01
   3.5370080e+06   3.6254883e+01
   3.5370580e+06   5.1574707e+01
   3.5371010e+06   2.1911621e+01
   3.5371110e+06   2.3681641e+01
   3.5374390e+06   2.1545410e+01
   3.5375100e+06   2.5085449e+01
   3.5375200e+06   2.2399902e+01
   3.5378980e+06   2.2705078e+01
   3.5379170e+06   6.9946289e+01
   3.5386790e+06   6.2744141e+01
   3.5386940e+06   2.1789551e+01
   3.5387250e+06   3.4973145e+01
   3.5794120e+06   2.1484375e+01
   3.5795470e+06   3.7353516e+01
   3.5795640e+06   5.4016113e+01
   3.5795800e+06   3.7658691e+01
   3.5797140e+06   2.1606445e+01
   3.5800690e+06   2.6733398e+01
   3.5801070e+06   4.7180176e+01
   3.5803190e+06   2.2827148e+01
   3.5806880e+06   2.7404785e+01
   3.5807340e+06   3.7719727e+01
   3.6174270e+06   2.4780273e+01
   3.6174690e+06   2.2033691e+01
   3.6174840e+06   2.5756836e+01
   3.6175260e+06   2.1728516e+01
   3.6175980e+06   6.1279297e+01
   3.6177910e+06   2.1545410e+01
   3.6178090e+06   5.3527832e+01
   3.6178270e+06   4.0527344e+01
   3.6183670e+06   5.9020996e+01
   3.6193900e+06   2.3681641e+01
   3.6194150e+06   2.5268555e+01
   3.6194430e+06   2.3071289e+01
   3.6856690e+06   2.2766113e+01
   3.6859290e+06   2.1545410e+01
   3.6859550e+06   2.7832031e+01
   3.6859860e+06   6.2438965e+01
   3.6860100e+06   2.8747559e+01
   3.6860420e+06   3.5217285e+01
   3.6860550e+06   4.5959473e+01
   3.6865190e+06   7.0373535e+01
   3.6865320e+06   3.0334473e+01
   3.6865610e+06   4.5410156e+01
   3.6866140e+06   2.6306152e+01
   3.7223480e+06   2.5024414e+01
   3.7223830e+06   2.4658203e+01
   3.7224220e+06   2.3803711e+01
   3.7224380e+06   4.1442871e+01
   3.7230370e+06   2.1362305e+01
   3.7230600e+06   5.5664062e+01
   3.7230840e+06   3.1250000e+01
   3.7230950e+06   3.4301758e+01
   3.7238040e+06   2.2827148e+01
   3.7238190e+06   3.2775879e+01
   3.7238500e+06   2.4536133e+01
   3.7322990e+06   2.2033691e+01
   3.7323330e+06   5.6518555e+01
   3.7323500e+06   5.9387207e+01
   3.7323610e+06   3.3508301e+01
   3.7323760e+06   5.1635742e+01
   3.7323920e+06   5.3344727e+01
   3.7324230e+06   3.9428711e+01
   3.7324500e+06   2.8625488e+01
   3.7324630e+06   2.1972656e+01
   3.7324740e+06   2.6489258e+01
   3.7324990e+06   2.5573730e+01
   3.7325360e+06   2.7709961e+01
   3.7326340e+06   2.4658203e+01
   3.7420780e+06   2.1301270e+01
   3.7462250e+06   2.1545410e+01
   3.8354760e+06   2.5695801e+01
   3.8355080e+06   2.1850586e+01
   3.8356480e+06   2.3864746e+01
   3.8356820e+06   2.3376465e+01
   3.8357550e+06   2.2705078e+01
   3.8357790e+06   2.6794434e+01
   3.8357980e+06   3.7109375e+01
   3.8358160e+06   6.2622070e+01
   3.8358870e+06   3.8940430e+01
   3.8359070e+06   2.1423340e+01
   3.8359320e+06   2.4841309e+01
   3.8359630e+06   2.1728516e+01
   3.8362230e+06   2.1484375e+01
   3.8363750e+06   4.8156738e+01
   3.8366620e+06   2.7893066e+01
   3.8366790e+06   5.6213379e+01
   3.8591380e+06   6.6101074e+01
   3.8595290e+06   2.9968262e+01
   3.8917360e+06   3.8757324e+01
   3.8924080e+06   2.1667480e+01
   3.8924240e+06   6.9396973e+01
   3.8924600e+06   3.3752441e+01
   3.9907890e+06   2.4414063e+01
   3.9908890e+06   2.6062012e+01
   3.9909250e+06   2.1484375e+01
   3.9909590e+06   6.0791016e+01
   3.9910100e+06   3.9245605e+01
   3.9910320e+06   2.9846191e+01
   3.9910430e+06   5.4992676e+01
   3.9910680e+06   2.1850586e+01
   3.9911150e+06   2.3193359e+01
   3.9911410e+06   2.2644043e+01
   3.9911760e+06   2.1850586e+01
   3.9918440e+06   2.1972656e+01
   3.9918560e+06   5.8471680e+01
   3.9919190e+06   6.5063477e+01
   3.9919480e+06   2.2155762e+01
   3.9920800e+06   2.5268555e+01
   3.9922470e+06   5.6274414e+01
   3.9922720e+06   2.2705078e+01
   4.0068060e+06   2.1545410e+01
   4.0715750e+06   2.3681641e+01
   4.0716390e+06   2.2888184e+01
   4.0716560e+06   2.8869629e+01
   4.0717190e+06   2.1911621e+01
   4.0717720e+06   2.2094727e+01
   4.0717930e+06   6.5734863e+01
   4.0718240e+06   2.4536133e+01
   4.0718780e+06   2.3010254e+01
   4.0721340e+06   5.6701660e+01
   4.0723700e+06   2.2399902e+01
   4.0727510e+06   5.3833008e+01
   4.0727650e+06   2.5451660e+01
   4.0765210e+06   2.3742676e+01
   4.1726270e+06   2.3681641e+01
   4.1727280e+06   3.0151367e+01
   4.1728300e+06   2.5512695e+01
   4.1730120e+06   2.3864746e+01
   4.1731220e+06   2.2094727e+01
   4.1732870e+06   3.0639648e+01
   4.1732990e+06   5.7312012e+01
   4.1733110e+06   2.5573730e+01
   4.1738970e+06   2.1301270e+01
   4.1739270e+06   7.3120117e+01
   4.2268110e+06   2.2766113e+01
   4.2268210e+06   5.9387207e+01
   4.3185300e+06   2.2583008e+01
   4.3185480e+06   4.4799805e+01
   4.3185690e+06   3.4729004e+01
   4.3185970e+06   6.0852051e+01
   4.3186250e+06   3.3569336e+01
   4.3186510e+06   3.7963867e+01
   4.3186700e+06   3.0212402e+01
   4.3186820e+06   2.5329590e+01
   4.3186970e+06   2.4658203e+01
   4.3187250e+06   2.3742676e+01
   4.3187540e+06   2.8686523e+01
   4.3187710e+06   2.2277832e+01
   4.3315170e+06   2.3132324e+01
   4.3613950e+06   2.1606445e+01
   4.4482830e+06   7.4218750e+01
   4.4482990e+06   4.9499512e+01
   4.4483220e+06   3.3508301e+01
   4.4483380e+06   5.3100586e+01
   4.4483650e+06   3.1982422e+01
   4.4483930e+06   2.1362305e+01
   4.4485090e+06   2.5268555e+01
   4.4485480e+06   2.5878906e+01
   4.4486560e+06   2.4047852e+01
   4.4486850e+06   4.1015625e+01
   4.4487050e+06   6.2744141e+01
   4.4487360e+06   4.1748047e+01
   4.4487480e+06   2.7282715e+01
   4.4487770e+06   3.4179688e+01
   4.4488100e+06   2.4902344e+01
   4.4488330e+06   2.7770996e+01
   4.4488550e+06   2.3071289e+01
   4.4488840e+06   2.3803711e+01
   4.4489260e+06   2.2705078e+01
   4.4489400e+06   2.3193359e+01
   4.4599890e+06   2.3193359e+01
   4.4780290e+06   2.1362305e+01
   4.5061860e+06   2.3010254e+01
   4.5062190e+06   2.8808594e+01
   4.5062350e+06   4.9316406e+01
   4.5062510e+06   9.5520020e+01
   4.5062780e+06   7.5988770e+01
   4.5063080e+06   4.5349121e+01
   4.5063220e+06   2.4719238e+01
   4.5063460e+06   3.0822754e+01
   4.5063760e+06   2.4047852e+01
   4.5064100e+06   2.3071289e+01
   4.5064390e+06   2.2827148e+01
   4.5064590e+06   2.3498535e+01
   4.5136080e+06   2.1301270e+01
   4.6061360e+06   2.5207520e+01
   4.6062110e+06   2.7526855e+01
   4.6062730e+06   2.5512695e+01
   4.6062980e+06   2.7404785e+01
   4.6063230e+06   2.6977539e+01
   4.6063370e+06   2.4169922e+01
   4.6063720e+06   2.3010254e+01
   4.6063860e+06   4.1259766e+01
   4.6064200e+06   2.5817871e+01
   4.6064420e+06   2.3742676e+01
   4.6064540e+06   6.6528320e+01
   4.6064980e+06   2.1789551e+01
   4.6065250e+06   2.5390625e+01
   4.6065640e+06   4.9133301e+01
   4.6591530e+06   2.3559570e+01
   4.6598710e+06   2.5512695e+01
   4.6599350e+06   4.9865723e+01
   4.6604030e+06   2.1606445e+01
   4.6604390e+06   6.7565918e+01
   4.6604540e+06   3.9978027e+01
   4.6604740e+06   2.6306152e+01
   4.6604910e+06   5.3405762e+01
   4.6605120e+06   2.6367188e+01
   4.6605250e+06   2.1850586e+01
   4.6605380e+06   3.2958984e+01
   4.6605540e+06   2.5146484e+01
   4.6605650e+06   3.6743164e+01
   4.6606060e+06   2.6489258e+01
   4.6606340e+06   3.1066895e+01
   4.6606650e+06   2.1301270e+01
   4.6607360e+06   2.2338867e+01
   4.7296560e+06   2.4780273e+01
   4.7296670e+06   2.8198242e+01
   4.7296900e+06   4.3151855e+01
   4.7297200e+06   7.1228027e+01
   4.7297530e+06   2.9418945e+01
   4.7297660e+06   4.1870117e+01
   4.7297970e+06   2.5268555e+01
   4.7298160e+06   3.6010742e+01
   4.7298370e+06   3.2470703e+01
   4.7298560e+06   2.7465820e+01
   4.7298670e+06   2.1362305e+01
   4.7299020e+06   2.9602051e+01
   4.7299230e+06   2.1911621e+01
   4.7440500e+06   2.1545410e+01
   4.7473530e+06   2.1301270e+01
   4.7927140e+06   2.3254395e+01
   4.7927410e+06   2.3254395e+01
   4.7927790e+06   2.3803711e+01
   4.7927960e+06   5.2673340e+01
   4.7928280e+06   7.1472168e+01
   4.7928460e+06   3.1311035e+01
   4.7928670e+06   4.3762207e+01
   4.7928820e+06   2.8991699e+01
   4.7929180e+06   2.9479980e+01
   4.7929280e+06   5.6335449e+01
   4.7929480e+06   2.7526855e+01
   4.7929690e+06   2.1972656e+01
   4.7929910e+06   2.2888184e+01
   4.7930110e+06   2.1667480e+01
   4.7930570e+06   2.4230957e+01
   4.7963240e+06   2.2460938e+01
   4.8128630e+06   2.5695801e+01
   4.8590410e+06   2.4963379e+01
   4.8590960e+06   2.2827148e+01
   4.8591920e+06   2.1667480e+01
   4.8592040e+06   3.2836914e+01
   4.8592540e+06   2.3986816e+01
   4.8593140e+06   2.1423340e+01
   4.8593290e+06   2.7038574e+01
   4.8593420e+06   2.3681641e+01
   4.8594910e+06   2.1728516e+01
   4.9066560e+06   2.6245117e+01
   4.9068030e+06   2.2460938e+01
   4.9069670e+06   2.1362305e+01
   4.9069960e+06   2.2399902e+01
   4.9071160e+06   2.5817871e+01
   4.9075020e+06   2.1911621e+01
   4.9077430e+06   6.8664551e+01
   4.9310370e+06   2.3986816e+01
   4.9320370e+06   2.2094727e+01
   4.9323710e+06   2.2521973e+01
   4.9323900e+06   5.2551270e+01
   4.9324190e+06   3.4545898e+01
   4.9325060e+06   3.1433105e+01
   4.9325160e+06   5.2551270e+01
   4.9765570e+06   2.8198242e+01
   4.9766940e+06   2.3193359e+01
   4.9767240e+06   2.7893066e+01
   4.9772300e+06   6.1950684e+01
   4.9772490e+06   3.1311035e+01
   4.9772730e+06   4.1015625e+01
   4.9772960e+06   2.4536133e+01
   4.9773300e+06   2.4108887e+01
   4.9773440e+06   2.7587891e+01
   5.0043680e+06   2.1545410e+01
   5.0044820e+06   2.7038574e+01
   5.0045200e+06   6.8115234e+01
   5.0047190e+06   2.6916504e+01
   5.0047480e+06   5.2490234e+01
   5.0047810e+06   4.1442871e+01
   5.0052090e+06   6.1340332e+01
   5.0052220e+06   3.4912109e+01
   5.0052520e+06   4.2297363e+01
   5.0416690e+06   2.1545410e+01
   5.0417020e+06   2.7038574e+01
   5.0417240e+06   4.4311523e+01
   5.0417360e+06   6.2011719e+01
   5.0417490e+06   2.8686523e+01
   5.0417650e+06   2.5451660e+01
   5.0417920e+06   2.3986816e+01
   5.0418260e+06   3.3508301e+01
   5.0418420e+06   2.6916504e+01
   5.0418600e+06   2.4169922e+01
   5.0418730e+06   2.2399902e+01
   5.0419200e+06   2.8320313e+01
   5.0419660e+06   2.3010254e+01
   5.0420250e+06   2.8381348e+01
   5.1256390e+06   2.1728516e+01
   5.1256720e+06   7.6904297e+01
   5.1257080e+06   3.0944824e+01
   5.1257260e+06   3.1555176e+01
   5.1257670e+06   2.9418945e+01
   5.1257930e+06   2.1484375e+01
   5.1259080e+06   2.2399902e+01
   5.1260720e+06   2.2644043e+01
   5.1265130e+06   5.8593750e+01
   5.1265420e+06   3.4851074e+01
   5.1493150e+06   2.1911621e+01
   5.1494730e+06   5.1330566e+01
   5.1494950e+06   2.1545410e+01
   5.1495190e+06   2.1301270e+01
   5.1495510e+06   3.8391113e+01
   5.1789120e+06   4.9255371e+01
   5.1789710e+06   4.8400879e+01
   5.1790100e+06   2.1911621e+01
   5.1790380e+06   4.0161133e+01
   5.1790660e+06   4.4860840e+01
   5.1793310e+06   2.6000977e+01
   5.1796450e+06   2.6184082e+01
   5.1799040e+06   2.6611328e+01
   5.1915350e+06   2.1606445e+01
   5.1915770e+06   2.4841309e+01
   5.1917160e+06   2.1972656e+01
   5.1917390e+06   2.3864746e+01
   5.1917810e+06   2.3681641e+01
   5.1918170e+06   2.7770996e+01
   5.1918530e+06   2.6000977e+01
   5.1918780e+06   6.4941406e+01
   5.1919320e+06   2.3559570e+01
   5.1919750e+06   5.1818848e+01
   5.1920410e+06   2.1362305e+01
   5.1920960e+06   2.7526855e+01
   5.1921510e+06   2.2644043e+01
   5.2587840e+06   5.6030273e+01
   5.2588390e+06   4.7241211e+01
   5.2588540e+06   4.0893555e+01
   5.2589610e+06   2.3193359e+01
   5.2589790e+06   4.9255371e+01
   5.2590290e+06   3.5644531e+01
   5.2712600e+06   2.1484375e+01
   5.2935630e+06   2.1667480e+01
   5.2936440e+06   2.9602051e+01
   5.2936740e+06   5.6335449e+01
   5.2936930e+06   3.1372070e+01
   5.2941170e+06   2.4108887e+01
   5.2941390e+06   5.3894043e+01
   5.2941500e+06   3.0822754e+01
   5.2942690e+06   2.1484375e+01
   5.3147560e+06   2.2094727e+01
   5.3151470e+06   2.6000977e+01
   5.3151910e+06   2.5146484e+01
   5.3152520e+06   2.8442383e+01
   5.3152760e+06   5.2429199e+01
   5.3153070e+06   4.7851563e+01
   5.3153210e+06   2.7282715e+01
   5.3153440e+06   2.6733398e+01
   5.3154190e+06   3.5400391e+01
   5.3154480e+06   2.2888184e+01
   5.3154990e+06   2.1667480e+01
   5.3159370e+06   5.9265137e+01
   5.3160730e+06   2.1362305e+01
   5.3642350e+06   2.9724121e+01
   5.3642970e+06   3.3569336e+01
   5.3643530e+06   3.4973145e+01
   5.3643660e+06   2.1667480e+01
   5.3643900e+06   7.1228027e+01
   5.3644700e+06   2.3132324e+01
   5.3645020e+06   2.4108887e+01
   5.3646660e+06   6.1462402e+01
   5.3647060e+06   2.7893066e+01
   5.3652960e+06   6.2011719e+01
   5.3653370e+06   2.8625488e+01
   5.3653570e+06   3.4301758e+01
   5.3722810e+06   2.6428223e+01
   5.3722980e+06   2.5756836e+01
   5.3723230e+06   3.9123535e+01
   5.3726110e+06   2.1301270e+01
   5.3728800e+06   5.9387207e+01
   5.3728940e+06   2.6184082e+01
   5.3729170e+06   4.4006348e+01
   5.3735880e+06   2.2521973e+01
   5.3735980e+06   2.3315430e+01
   5.3738390e+06   2.1728516e+01
   5.4434320e+06   2.2460938e+01
   5.4435070e+06   6.5856934e+01
   5.4435270e+06   4.0405273e+01
   5.4435530e+06   2.2827148e+01
   5.4440860e+06   2.3620605e+01
   5.4441010e+06   3.9123535e+01
   5.4445820e+06   2.5512695e+01
   5.4445920e+06   5.8654785e+01
   5.4850100e+06   2.1728516e+01
   5.4850400e+06   6.1889648e+01
   5.4850680e+06   4.0100098e+01
   5.4850800e+06   2.5878906e+01
   5.4851910e+06   3.9733887e+01
   5.4854550e+06   4.1137695e+01
   5.4854780e+06   8.5021973e+01
   5.4854880e+06   2.6977539e+01
   5.4855190e+06   4.3762207e+01
   5.4855290e+06   3.8146973e+01
   5.4855550e+06   2.7587891e+01
   5.4855830e+06   3.0822754e+01
   5.4856060e+06   2.4658203e+01
   5.4856330e+06   2.9296875e+01
   5.4856500e+06   3.0761719e+01
   5.4857100e+06   2.5268555e+01
   5.4857560e+06   2.3620605e+01
   5.4881300e+06   6.1279297e+01
   5.5476150e+06   2.2277832e+01
   5.5731110e+06   2.1728516e+01
   5.5903370e+06   2.1301270e+01
   5.5904060e+06   2.2338867e+01
   5.5904220e+06   2.3315430e+01
   5.5904420e+06   2.3620605e+01
   5.5905230e+06   2.3376465e+01
   5.5905620e+06   2.9174805e+01
   5.5905790e+06   2.4841309e+01
   5.5906110e+06   2.3498535e+01
   5.5906360e+06   2.4719238e+01
   5.5906750e+06   9.4360352e+01
   5.5906990e+06   2.2888184e+01
   5.5907360e+06   3.0944824e+01
   5.5909080e+06   2.5573730e+01
   5.5910450e+06   2.2521973e+01
   5.5913410e+06   2.1423340e+01
   5.6102250e+06   2.2155762e+01
   5.6650250e+06   2.3010254e+01
   5.6651830e+06   2.3132324e+01
   5.6652350e+06   7.9101563e+01
   5.6652520e+06   4.1076660e+01
   5.6919480e+06   2.1606445e+01
   5.6919850e+06   2.6794434e+01
   5.6920290e+06   2.6000977e+01
   5.6920600e+06   6.4636230e+01
   5.6920740e+06   2.7770996e+01
   5.6921090e+06   3.1066895e+01
   5.6921640e+06   2.1850586e+01
   5.6925630e+06   2.9235840e+01
   5.6926010e+06   3.2287598e+01
   5.6929500e+06   6.4819336e+01
   5.7781980e+06   2.3010254e+01
   5.7782570e+06   2.4169922e+01
   5.7786190e+06   2.1606445e+01
   5.7786570e+06   2.2827148e+01
   5.7786830e+06   2.4414063e+01
   5.7787030e+06   6.1706543e+01
   5.7787220e+06   3.7414551e+01
   5.7788240e+06   2.3193359e+01
   5.7792120e+06   2.7221680e+01
   5.7792250e+06   6.1157227e+01
   5.7792560e+06   2.9235840e+01
   5.7797940e+06   2.1545410e+01
   5.7799550e+06   2.9296875e+01
   5.8343590e+06   2.1789551e+01
   5.8346160e+06   2.4963379e+01
   5.8346550e+06   3.3630371e+01
   5.8351260e+06   2.3925781e+01
   5.8351480e+06   4.5166016e+01
   5.8351610e+06   3.1799316e+01
   5.8351870e+06   2.5085449e+01
   5.8352040e+06   3.6499023e+01
   5.8352530e+06   2.7465820e+01
   5.8959820e+06   2.3010254e+01
   5.8960130e+06   2.4169922e+01
   5.8960560e+06   7.7697754e+01
   5.8960740e+06   2.1484375e+01
   5.8968760e+06   2.2094727e+01
   5.8968910e+06   5.4504395e+01
   5.8969250e+06   3.8330078e+01
   5.9212960e+06   2.1301270e+01
   5.9213960e+06   2.3742676e+01
   5.9214390e+06   2.3010254e+01
   5.9214740e+06   2.7099609e+01
   5.9214920e+06   2.2644043e+01
   5.9215440e+06   5.9936523e+01
   5.9215920e+06   2.9235840e+01
   5.9216340e+06   2.1545410e+01
   5.9216450e+06   4.0100098e+01
   5.9217090e+06   2.4291992e+01
   5.9218380e+06   2.3498535e+01
   5.9218820e+06   2.1545410e+01
   5.9220330e+06   2.2583008e+01
   5.9220570e+06   6.9213867e+01
   5.9221540e+06   2.1545410e+01
   6.0427460e+06   2.1972656e+01
   6.0427560e+06   5.5725098e+01
   6.0427810e+06   4.6508789e+01
   6.0428000e+06   3.6376953e+01
   6.0428670e+06   3.1677246e+01
   6.0431220e+06   2.1789551e+01
   6.0432410e+06   2.7343750e+01
   6.0432580e+06   4.7424316e+01
   6.0432760e+06   2.7770996e+01
   6.0432860e+06   3.0578613e+01
   6.0433020e+06   2.1484375e+01
   6.0433440e+06   4.1259766e+01
   6.0433650e+06   2.4719238e+01
   6.0433820e+06   3.8513184e+01
   6.0434030e+06   2.4963379e+01
   6.0434240e+06   3.0578613e+01
   6.0434470e+06   2.1850586e+01
   6.0434900e+06   2.5146484e+01
   6.0435590e+06   2.3864746e+01
   6.0435730e+06   2.6367188e+01
   6.0546810e+06   2.2583008e+01
   6.0744140e+06   2.2399902e+01
   6.1468330e+06   2.3925781e+01
   6.1468870e+06   2.2888184e+01
   6.1469730e+06   4.6997070e+01
   6.1470180e+06   2.3803711e+01
   6.1470560e+06   2.7770996e+01
   6.1470740e+06   2.2827148e+01
   6.1471360e+06   2.2888184e+01
   6.1471510e+06   4.0466309e+01
   6.1471930e+06   2.2277832e+01
   6.1472210e+06   2.9113770e+01
   6.1473630e+06   2.5695801e+01
   6.1473770e+06   2.5207520e+01
   6.1474320e+06   2.3132324e+01
   6.1476960e+06   4.8156738e+01
   6.1619650e+06   2.2277832e+01
   6.2263550e+06   2.3620605e+01
   6.2264690e+06   2.1789551e+01
   6.2266730e+06   6.3232422e+01
   6.2268370e+06   2.2460938e+01
   6.2268550e+06   2.4963379e+01
   6.3163080e+06   2.3010254e+01
   6.3163590e+06   5.7678223e+01
   6.3168670e+06   2.1484375e+01
   6.3168930e+06   8.3374023e+01
   6.3169130e+06   2.7832031e+01
   6.3173750e+06   2.3193359e+01
   6.3177750e+06   2.6672363e+01
   6.3179500e+06   2.5695801e+01
   6.3179920e+06   2.4108887e+01
   6.3714190e+06   2.5207520e+01
   6.3767770e+06   2.7038574e+01
   6.3777340e+06   4.4372559e+01
   6.3777490e+06   5.8532715e+01
   6.3781430e+06   7.2875977e+01
   6.3781950e+06   3.9245605e+01
   6.3943690e+06   2.5207520e+01
   6.4031080e+06   2.1606445e+01
   6.4081210e+06   2.1423340e+01
   6.4384920e+06   2.3010254e+01
   6.4398330e+06   2.1728516e+01
   6.4400140e+06   2.3254395e+01
   6.4400440e+06   2.2033691e+01
   6.4400650e+06   2.2216797e+01
   6.4401100e+06   2.6611328e+01
   6.4402170e+06   2.2094727e+01
   6.4404640e+06   2.2949219e+01
   6.4410240e+06   2.2216797e+01
   6.4591640e+06   2.2827148e+01
   6.5062490e+06   6.3598633e+01
   6.5100720e+06   2.1911621e+01
   6.5386980e+06   2.3986816e+01
   6.5388920e+06   2.5085449e+01
   6.5389120e+06   2.3254395e+01
   6.5998220e+06   2.4169922e+01
   6.5998970e+06   2.7160645e+01
   6.6402650e+06   2.1911621e+01
   6.6402970e+06   2.3193359e+01
   6.6403730e+06   2.6733398e+01
   6.6404130e+06   2.2583008e+01
   6.6404290e+06   4.0344238e+01
   6.6404410e+06   6.5124512e+01
   6.6404600e+06   4.3762207e+01
   6.6404800e+06   5.4870605e+01
   6.6404920e+06   2.5939941e+01
   6.6405070e+06   3.2836914e+01
   6.6405380e+06   4.6630859e+01
   6.6405770e+06   3.5888672e+01
   6.6405920e+06   2.2094727e+01
   6.6406080e+06   2.5878906e+01
   6.6406560e+06   2.9235840e+01
   6.6484260e+06   2.2521973e+01
   6.6663310e+06   2.7221680e+01
   6.8226440e+06   2.7954102e+01
   6.8227700e+06   3.0151367e+01
   6.8227820e+06   7.4096680e+01
   6.8228110e+06   3.4912109e+01
   6.8228400e+06   3.3752441e+01
   6.8228590e+06   2.6428223e+01
   6.8228840e+06   3.5949707e+01
   6.8228980e+06   2.2644043e+01
   6.8229090e+06   2.1789551e+01
   6.8229280e+06   2.1972656e+01
   6.8229490e+06   3.3935547e+01
   6.8523360e+06   2.1423340e+01
   6.8862940e+06   2.2033691e+01
   6.8863980e+06   5.7495117e+01
   6.8864300e+06   2.3010254e+01
   6.9206080e+06   2.2155762e+01
   7.0880250e+06   2.2521973e+01
   7.0880550e+06   2.2338867e+01
   7.0881500e+06   2.4841309e+01
   7.0881780e+06   2.2827148e+01
   7.0882250e+06   2.9785156e+01
   7.0882530e+06   4.1015625e+01
   7.0882740e+06   2.3559570e+01
   7.0882930e+06   5.8105469e+01
   7.0883100e+06   2.3925781e+01
   7.0883280e+06   2.1911621e+01
   7.0883630e+06   3.0456543e+01
   7.0883950e+06   2.2155762e+01
   7.0884840e+06   2.5634766e+01
   7.0885090e+06   2.2521973e+01
   7.0885370e+06   5.0048828e+01
   7.0885620e+06   3.1372070e+01
   7.0888350e+06   2.2216797e+01
   7.1385810e+06   2.5268555e+01
   7.1386650e+06   2.8564453e+01
   7.1389330e+06   2.2766113e+01
   7.1390230e+06   2.7465820e+01
   7.1391470e+06   2.1850586e+01
   7.1391590e+06   8.8439941e+01
   7.1391760e+06   5.0109863e+01
   7.1391980e+06   2.4230957e+01
   7.1392090e+06   2.8259277e+01
   7.1392320e+06   2.3559570e+01
   7.1392500e+06   4.0771484e+01
   7.1392690e+06   2.2521973e+01
   7.1392890e+06   3.1433105e+01
   7.1393250e+06   2.5146484e+01
   7.1393380e+06   2.5146484e+01
   7.1393880e+06   2.4841309e+01
   7.1395200e+06   2.1423340e+01
   7.2499160e+06   2.2155762e+01
   7.2500000e+06   2.4780273e+01
   7.2500250e+06   2.3071289e+01
   7.2500410e+06   2.3376465e+01
   7.2500530e+06   2.8076172e+01
   7.2500870e+06   2.7282715e+01
   7.2501000e+06   2.4414063e+01
   7.2501870e+06   6.3842773e+01
   7.2502710e+06   4.2297363e+01
   7.2502830e+06   2.2521973e+01
   7.2503330e+06   2.3193359e+01
   7.2504080e+06   2.6611328e+01
   7.2504270e+06   2.6428223e+01
   7.2504490e+06   3.7658691e+01
   7.2504630e+06   3.1555176e+01
   7.2505160e+06   2.5939941e+01
   7.2505700e+06   5.7922363e+01
   7.2507710e+06   2.2033691e+01
   7.3056100e+06   2.4902344e+01
   7.3057540e+06   5.7067871e+01
   7.3057920e+06   2.3864746e+01
   7.3058130e+06   4.8400879e+01
   7.3058360e+06   2.5329590e+01
   7.3058590e+06   2.3681641e+01
   7.3059090e+06   2.3010254e+01
   7.3059570e+06   2.5451660e+01
   7.3582120e+06   2.1911621e+01
   7.3582470e+06   2.2766113e+01
   7.3584530e+06   3.5522461e+01
   7.3584660e+06   2.8686523e+01
   7.3584860e+06   3.6071777e+01
   7.3586210e+06   2.2460938e+01
   7.3996360e+06   2.1545410e+01
   7.3996910e+06   2.2888184e+01
   7.3997660e+06   2.4719238e+01
   7.3998900e+06   2.1545410e+01
   7.4000970e+06   2.6611328e+01
   7.4001170e+06   2.2216797e+01
   7.5225760e+06   2.2338867e+01
   7.5226190e+06   3.2226563e+01
   7.5226380e+06   2.1972656e+01
   7.5233040e+06   2.2521973e+01
   7.5233520e+06   2.7587891e+01
   7.6544770e+06   2.1728516e+01
   7.6546070e+06   4.2602539e+01
   7.6546170e+06   2.3986816e+01
   7.6546510e+06   4.3640137e+01
   7.6546670e+06   2.2033691e+01
   7.6546770e+06   3.8696289e+01
   7.7469110e+06   3.2226563e+01
   7.7470510e+06   2.2888184e+01
   7.7470750e+06   2.2705078e+01
   7.7471110e+06   5.4931641e+01
   7.7471740e+06   2.7832031e+01
   7.7471950e+06   2.2949219e+01
   7.7472110e+06   2.2338867e+01
   7.7473550e+06   2.4047852e+01
   7.7474340e+06   2.1850586e+01
   7.7475230e+06   2.6794434e+01
   7.7475810e+06   2.2094727e+01
   7.7958990e+06   2.2766113e+01
   7.8632520e+06   2.3803711e+01
   7.8635030e+06   2.1667480e+01
   7.8635230e+06   2.5573730e+01
   7.8635640e+06   2.3376465e+01
   7.8635900e+06   3.6926270e+01
   7.8636000e+06   2.3254395e+01
   7.8636300e+06   4.4189453e+01
   7.8636700e+06   2.7893066e+01
   7.8636840e+06   5.8654785e+01
   7.8637010e+06   3.6926270e+01
   7.8637240e+06   2.7770996e+01
   7.8638620e+06   6.3171387e+01
   7.8908000e+06   2.4475098e+01
   7.8908200e+06   2.8076172e+01
   7.8908590e+06   5.9692383e+01
   7.8908810e+06   2.8564453e+01
   7.8912350e+06   2.3620605e+01
   7.9596530e+06   2.3437500e+01
   7.9597380e+06   2.2155762e+01
   7.9597550e+06   2.2949219e+01
   7.9598830e+06   2.1545410e+01
   7.9599230e+06   2.2033691e+01
   7.9599380e+06   2.5573730e+01
   7.9604740e+06   2.2338867e+01
   7.9604860e+06   6.1096191e+01
   8.0730510e+06   2.2644043e+01
   8.0731880e+06   2.2216797e+01
   8.0732230e+06   2.9052734e+01
   8.0732890e+06   2.3254395e+01
   8.0733080e+06   2.2216797e+01
   8.0733430e+06   2.6428223e+01
   8.0733610e+06   2.7526855e+01
   8.0733840e+06   3.9855957e+01
   8.0734080e+06   2.2155762e+01
   8.0734210e+06   2.1484375e+01
   8.0734610e+06   5.0048828e+01
   8.0735410e+06   2.3742676e+01
   8.0739020e+06   2.2033691e+01
   8.0744330e+06   2.2827148e+01
   8.0745950e+06   2.1972656e+01
   8.0979130e+06   2.1484375e+01
   8.1900290e+06   2.3803711e+01
   8.1900890e+06   2.2583008e+01
   8.1901070e+06   2.3498535e+01
   8.1901250e+06   2.1423340e+01
   8.1901430e+06   2.1911621e+01
   8.1901720e+06   2.5024414e+01
   8.1901920e+06   2.1728516e+01
   8.1902150e+06   2.2155762e+01
   8.1902500e+06   2.8930664e+01
   8.1902790e+06   2.9968262e+01
   8.1903060e+06   2.3986816e+01
   8.1903240e+06   2.4169922e+01
   8.1903840e+06   2.7038574e+01
   8.1907150e+06   2.4414063e+01
   8.1908240e+06   2.2033691e+01
   8.1908580e+06   2.3132324e+01
   8.2149490e+06   2.1545410e+01
   8.2570330e+06   5.1086426e+01
   8.2570510e+06   4.0222168e+01
   8.2572180e+06   2.3559570e+01
   8.2658480e+06   2.2338867e+01
   8.3158820e+06   2.7832031e+01
   8.3165270e+06   2.8808594e+01
   8.3165470e+06   4.5593262e+01
   8.3165670e+06   6.5185547e+01
   8.3165950e+06   5.9020996e+01
   8.3166090e+06   3.2165527e+01
   8.3166280e+06   2.7343750e+01
   8.3166380e+06   2.7160645e+01
   8.3166550e+06   2.3071289e+01
   8.3166770e+06   2.4414063e+01
   8.3167100e+06   2.9296875e+01
   8.3167300e+06   2.4291992e+01
   8.3167470e+06   4.0588379e+01
   8.3167710e+06   2.4658203e+01
   8.3167970e+06   2.2949219e+01
   8.3168460e+06   2.2338867e+01
   8.3219440e+06   2.3437500e+01
   8.3293570e+06   2.2399902e+01
   8.3309010e+06   2.3864746e+01
   8.3602490e+06   2.1789551e+01
   8.4046050e+06   2.2033691e+01
   8.4046500e+06   2.2399902e+01
   8.4046700e+06   4.9255371e+01
   8.4046930e+06   3.0578613e+01
   8.4047060e+06   5.8837891e+01
   8.4047300e+06   3.2409668e+01
   8.4047480e+06   5.6091309e+01
   8.4047640e+06   2.9479980e+01
   8.4047740e+06   3.6132813e+01
   8.4047950e+06   3.5217285e+01
   8.4048120e+06   2.5329590e+01
   8.4048470e+06   3.1677246e+01
   8.4048860e+06   4.1198730e+01
   8.4049350e+06   3.0761719e+01
   8.4049510e+06   3.4484863e+01
   8.4050060e+06   2.7587891e+01
   8.4051770e+06   2.4536133e+01
   8.4394980e+06   2.1728516e+01
   8.4395240e+06   5.1208496e+01
   8.4395350e+06   5.8044434e+01
   8.4395610e+06   4.8400879e+01
   8.4395930e+06   2.5146484e+01
   8.4396100e+06   2.7954102e+01
   8.4396280e+06   3.4606934e+01
   8.4396470e+06   2.7709961e+01
   8.4396660e+06   2.3193359e+01
   8.4397040e+06   3.8024902e+01
   8.4397250e+06   2.5451660e+01
   8.4397410e+06   3.0883789e+01
   8.4397670e+06   2.7526855e+01
   8.4397840e+06   2.8503418e+01
   8.4398200e+06   3.0761719e+01
   8.4398320e+06   2.1789551e+01
   8.4398500e+06   2.5512695e+01
   8.4399170e+06   2.7221680e+01
   8.4399280e+06   2.4780273e+01
   8.4399560e+06   2.2644043e+01
   8.4399730e+06   3.4362793e+01
   8.4400120e+06   2.3742676e+01
   8.4400560e+06   2.4902344e+01
   8.4405600e+06   2.8198242e+01
   8.4451820e+06   2.1972656e+01
   8.4461520e+06   2.1545410e+01
   8.4467590e+06   2.4536133e+01
   8.4467880e+06   2.1484375e+01
   8.4468330e+06   5.1330566e+01
   8.4468430e+06   2.7160645e+01
   8.4468700e+06   3.1616211e+01
   8.4468900e+06   2.7160645e+01
   8.4469110e+06   5.6701660e+01
   8.4469210e+06   2.3010254e+01
   8.4469550e+06   3.4851074e+01
   8.4469860e+06   4.4555664e+01
   8.4470020e+06   3.2897949e+01
   8.4470180e+06   2.5695801e+01
   8.4470370e+06   3.3081055e+01
   8.4470850e+06   2.2705078e+01
   8.4471620e+06   2.7893066e+01
   8.4471720e+06   4.4433594e+01
   8.4472040e+06   3.3508301e+01
   8.4472320e+06   2.9602051e+01
   8.4472770e+06   2.4841309e+01
   8.4473200e+06   2.1911621e+01
   8.4473450e+06   2.5573730e+01
   8.4474720e+06   2.4658203e+01
   8.4474930e+06   2.5024414e+01
   8.4475500e+06   2.1484375e+01
   8.4479070e+06   2.4169922e+01
   8.4479330e+06   2.1484375e+01
   8.4480290e+06   2.5878906e+01
   8.4481510e+06   2.2155762e+01
   8.4483260e+06   2.7954102e+01
   8.4483410e+06   2.6855469e+01
   8.4484630e+06   2.1484375e+01
   8.4487920e+06   2.8076172e+01
   8.4577990e+06   2.1423340e+01
   8.4679190e+06   2.2521973e+01
   8.4679390e+06   2.9357910e+01
   8.4679650e+06   6.9030762e+01
   8.4679950e+06   4.8339844e+01
   8.4680050e+06   2.6672363e+01
   8.4680550e+06   2.6062012e+01
   8.4680800e+06   2.5451660e+01
   8.4680900e+06   2.8381348e+01
   8.4681310e+06   3.0334473e+01
   8.4681470e+06   2.4719238e+01
   8.4681640e+06   2.6184082e+01
   8.4682170e+06   2.9541016e+01
   8.4682470e+06   2.8442383e+01
   8.4682600e+06   2.2155762e+01
   8.4682830e+06   2.6123047e+01
   8.4683030e+06   2.8930664e+01
   8.4683170e+06   2.3315430e+01
   8.4683460e+06   3.3935547e+01
   8.4683850e+06   2.3803711e+01
   8.4684480e+06   2.1606445e+01
   8.4684690e+06   2.3254395e+01
   8.4685960e+06   2.2460938e+01
   8.4714850e+06   4.3884277e+01
   8.4752970e+06   2.3681641e+01
   8.4769100e+06   2.8015137e+01
   8.4774590e+06   2.1789551e+01
   8.4791260e+06   2.2338867e+01
   8.4792140e+06   6.5002441e+01
   8.4793490e+06   4.7485352e+01
   8.4795410e+06   4.7424316e+01
   8.4795710e+06   2.2521973e+01
   8.4796070e+06   3.0395508e+01
   8.4796330e+06   2.5390625e+01
   8.4796550e+06   2.8503418e+01
   8.4796770e+06   3.8208008e+01
   8.4797060e+06   2.6123047e+01
   8.4797220e+06   2.9296875e+01
   8.4797460e+06   2.7160645e+01
   8.4797640e+06   2.2155762e+01
   8.4798030e+06   2.8259277e+01
   8.4798150e+06   2.7038574e+01
   8.4798450e+06   2.4169922e+01
   8.4798900e+06   2.3376465e+01
   8.4799100e+06   2.5756836e+01
   8.4799270e+06   2.2460938e+01
   8.4799620e+06   2.4169922e+01
   8.4800040e+06   2.2583008e+01
   8.4801010e+06   2.4353027e+01
   8.4801120e+06   2.5817871e+01
   8.4801310e+06   2.3437500e+01
   8.4802060e+06   2.9785156e+01
   8.4802950e+06   2.2399902e+01
   8.4806400e+06   2.3315430e+01
   8.4888160e+06   2.1545410e+01
   8.4918230e+06   5.9570313e+01
   8.4918450e+06   2.6428223e+01
   8.4918640e+06   4.1992188e+01
   8.4919220e+06   2.6062012e+01
   8.4919410e+06   2.6062012e+01
   8.4919570e+06   2.5573730e+01
   8.4919990e+06   2.4108887e+01
   8.4920190e+06   3.4362793e+01
   8.4920650e+06   2.1728516e+01
   8.4920810e+06   2.6428223e+01
   8.4921050e+06   2.8991699e+01
   8.4921460e+06   2.5512695e+01
   8.4921620e+06   3.4362793e+01
   8.4921880e+06   3.0151367e+01
   8.4922000e+06   2.1484375e+01
   8.4922210e+06   2.7709961e+01
   8.4922550e+06   2.4841309e+01
   8.4922730e+06   2.3315430e+01
   8.4923020e+06   2.7770996e+01
   8.4923170e+06   4.1809082e+01
   8.4923380e+06   2.3498535e+01
   8.4923640e+06   2.2705078e+01
   8.4924220e+06   2.3437500e+01
   8.4924440e+06   2.1728516e+01
   8.4925000e+06   2.1606445e+01
   8.4926030e+06   2.1423340e+01
   8.4926560e+06   2.1606445e+01
   8.4926960e+06   2.2888184e+01
   8.5025900e+06   5.8776855e+01
   8.5026070e+06   3.0700684e+01
   8.5026620e+06   2.3498535e+01
   8.5026860e+06   5.4687500e+01
   8.5027000e+06   2.2583008e+01
   8.5027240e+06   2.5756836e+01
   8.5027630e+06   2.1972656e+01
   8.5027870e+06   5.9448242e+01
   8.5028730e+06   2.2827148e+01
   8.5028870e+06   3.0578613e+01
   8.5029270e+06   3.6254883e+01
   8.5029450e+06   3.6865234e+01
   8.5029580e+06   3.0456543e+01
   8.5029770e+06   2.8869629e+01
   8.5030210e+06   2.9113770e+01
   8.5030450e+06   2.4658203e+01
   8.5030660e+06   2.4536133e+01
   8.5031320e+06   2.3498535e+01
   8.5031420e+06   2.2033691e+01
   8.5031600e+06   2.1423340e+01
   8.5031780e+06   2.5024414e+01
   8.5031900e+06   2.2705078e+01
   8.5032120e+06   2.4902344e+01
   8.5033360e+06   2.6855469e+01
   8.5033890e+06   2.7954102e+01
   8.5034060e+06   2.3315430e+01
   8.5034770e+06   2.2583008e+01
   8.5035730e+06   2.1911621e+01
   8.5037220e+06   2.1789551e+01
   8.5037950e+06   2.1667480e+01
   8.5141310e+06   2.6550293e+01
   8.5141440e+06   6.5795898e+01
   8.5142040e+06   3.8452148e+01
   8.5142470e+06   2.4780273e+01
   8.5142690e+06   2.6855469e+01
   8.5142910e+06   3.9855957e+01
   8.5143230e+06   2.5512695e+01
   8.5143390e+06   2.7770996e+01
   8.5144020e+06   2.2399902e+01
   8.5144330e+06   2.7404785e+01
   8.5144520e+06   2.2827148e+01
   8.5144740e+06   2.6733398e+01
   8.5144910e+06   3.1616211e+01
   8.5145210e+06   2.2460938e+01
   8.5145530e+06   4.0161133e+01
   8.5145780e+06   3.1066895e+01
   8.5146140e+06   2.3803711e+01
   8.5146240e+06   2.3010254e+01
   8.5146340e+06   2.3498535e+01
   8.5146910e+06   2.2705078e+01
   8.5147360e+06   2.8015137e+01
   8.5147900e+06   2.1728516e+01
   8.5148100e+06   2.7282715e+01
   8.5150010e+06   2.3925781e+01
   8.5275830e+06   7.6843262e+01
   8.5276520e+06   2.6794434e+01
   8.5276680e+06   2.8442383e+01
   8.5276900e+06   3.1677246e+01
   8.5277190e+06   4.1076660e+01
   8.5277410e+06   2.6977539e+01
   8.5277630e+06   2.1972656e+01
   8.5277950e+06   2.5756836e+01
   8.5278150e+06   3.7048340e+01
   8.5278540e+06   2.4108887e+01
   8.5279110e+06   2.9541016e+01
   8.5279270e+06   2.8015137e+01
   8.5279370e+06   2.5756836e+01
   8.5279610e+06   2.7893066e+01
   8.5279990e+06   2.1911621e+01
   8.5280360e+06   2.7160645e+01
   8.5280850e+06   2.2155762e+01
   8.5282390e+06   2.8076172e+01
   8.5282930e+06   2.1911621e+01
   8.5283820e+06   2.1606445e+01
   8.5284710e+06   2.8747559e+01
   8.5285020e+06   2.2705078e+01
   8.5286590e+06   2.7221680e+01
   8.5287200e+06   2.2033691e+01
   8.5401030e+06   2.2033691e+01
   8.5782410e+06   3.0395508e+01
   8.5782650e+06   2.9846191e+01
   8.5782750e+06   4.0954590e+01
   8.5782860e+06   4.5104980e+01
   8.5783130e+06   4.3518066e+01
   8.5783290e+06   3.1250000e+01
   8.5783430e+06   3.2104492e+01
   8.5783600e+06   2.6367188e+01
   8.5783870e+06   3.0456543e+01
   8.5784040e+06   2.4230957e+01
   8.5784220e+06   3.3264160e+01
   8.5784360e+06   2.5939941e+01
   8.5784600e+06   3.1616211e+01
   8.5785100e+06   2.7954102e+01
   8.5785320e+06   2.4169922e+01
   8.5785560e+06   2.6916504e+01
   8.5785940e+06   2.1911621e+01
   8.5786150e+06   2.1484375e+01
   8.5791940e+06   3.7963867e+01
   8.5793560e+06   2.4169922e+01
   8.7151200e+06   2.1728516e+01
   8.8055980e+06   2.2155762e+01
   8.9531020e+06   2.3071289e+01
   8.9531230e+06   2.1911621e+01
   8.9531580e+06   2.2521973e+01
   8.9531930e+06   3.8330078e+01
   8.9532220e+06   3.0578613e+01
   8.9532510e+06   2.2644043e+01
   8.9532630e+06   3.6743164e+01
   8.9532860e+06   5.8288574e+01
   8.9533990e+06   2.1972656e+01
   8.9534100e+06   2.2888184e+01
   8.9534410e+06   2.2094727e+01
   8.9535160e+06   2.7160645e+01
   8.9535610e+06   2.5268555e+01
   8.9536050e+06   2.4780273e+01
   8.9536630e+06   6.1523438e+01
   9.1748520e+06   2.2216797e+01
   9.1949950e+06   2.4291992e+01
   9.2413810e+06   2.1484375e+01
   9.3215370e+06   2.2155762e+01
   9.4558810e+06   2.1484375e+01
   9.5044780e+06   2.1606445e+01
   9.5045520e+06   2.6367188e+01
   9.5045900e+06   2.4719238e+01
   9.5046240e+06   4.9865723e+01
   9.5046510e+06   7.2570801e+01
   9.5046830e+06   6.3476563e+01
   9.5046990e+06   2.7709961e+01
   9.5047160e+06   2.2705078e+01
   9.5047400e+06   2.1606445e+01
   9.5047620e+06   4.3090820e+01
   9.5047840e+06   3.0700684e+01
   9.5048040e+06   2.4597168e+01
   9.5048580e+06   2.7954102e+01
   9.5048860e+06   2.1789551e+01
   9.5049630e+06   2.3132324e+01
   9.5812740e+06   2.5329590e+01
   9.6495590e+06   2.2216797e+01
   9.6628720e+06   2.3620605e+01
   9.7191400e+06   2.3193359e+01
   9.7191870e+06   2.2033691e+01
   9.7192120e+06   2.8991699e+01
   9.7192510e+06   3.7231445e+01
   9.7192660e+06   6.7687988e+01
   9.7192910e+06   2.5756836e+01
   9.7193010e+06   3.6865234e+01
   9.7193160e+06   3.2653809e+01
   9.7193490e+06   2.2460938e+01
   9.7193680e+06   2.7587891e+01
   9.7193970e+06   2.6916504e+01
   9.7194110e+06   2.2827148e+01
   9.7194380e+06   2.2766113e+01
   9.7194720e+06   2.1545410e+01
   9.7251950e+06   2.4169922e+01
   9.8021200e+06   2.1850586e+01
   9.8022330e+06   2.2155762e+01
   9.8022780e+06   2.4169922e+01
   9.8023060e+06   2.2460938e+01
   9.8023770e+06   5.6030273e+01
   9.8024450e+06   4.3151855e+01
   9.8024660e+06   2.4658203e+01
   9.8025890e+06   2.5390625e+01
   9.8027910e+06   6.2438965e+01
   9.8028140e+06   2.6733398e+01
   9.8031050e+06   2.4597168e+01
   9.8418160e+06   2.1911621e+01
   9.9089970e+06   2.1972656e+01
   1.0001634e+07   2.2766113e+01
   1.0423063e+07   3.0334473e+01
   1.0423090e+07   4.9987793e+01
   1.0423232e+07   3.5095215e+01
   1.0423321e+07   2.1606445e+01
   1.0423346e+07   2.8564453e+01
   1.0423393e+07   2.7770996e+01
   1.0423420e+07   4.5837402e+01
   1.0423444e+07   2.5512695e+01
   1.0423458e+07   6.5368652e+01
   1.0423486e+07   2.7343750e+01
   1.0423504e+07   2.6794434e+01
   1.0423516e+07   2.1850586e+01
   1.0423539e+07   2.1850586e+01
   1.0423552e+07   3.2226563e+01
   1.0423579e+07   2.1728516e+01
   1.0423599e+07   2.6000977e+01
   1.0423618e+07   3.2226563e+01
   1.0423640e+07   3.1311035e+01
   1.0423651e+07   2.2644043e+01
   1.0423679e+07   2.2094727e+01
   1.0423755e+07   2.1667480e+01
   1.0432592e+07   2.3437500e+01
   1.0434850e+07   2.3315430e+01
   1.0441282e+07   2.2094727e+01
   1.0545037e+07   4.1992188e+01
   1.0545063e+07   8.5205078e+01
   1.0545094e+07   2.7954102e+01
   1.0545105e+07   4.8950195e+01
   1.0545129e+07   3.1372070e+01
   1.0545159e+07   3.2165527e+01
   1.0545176e+07   2.9785156e+01
   1.0545186e+07   2.2705078e+01
   1.0545215e+07   3.0212402e+01
   1.0545235e+07   2.2155762e+01
   1.0545280e+07   2.4597168e+01
   1.0545300e+07   2.2033691e+01
   1.0545325e+07   2.3620605e+01
   1.0545375e+07   2.4536133e+01
   1.0545434e+07   2.4108887e+01
   1.0553299e+07   2.4169922e+01
   1.0565580e+07   2.3681641e+01
   1.0571369e+07   2.2888184e+01
   1.0592255e+07   2.2827148e+01
   1.0633729e+07   2.2216797e+01
   1.0669203e+07   2.1728516e+01
   1.0669529e+07   2.1728516e+01
   1.0669654e+07   2.5329590e+01
   1.0669687e+07   2.2888184e+01
   1.0669782e+07   2.2277832e+01
   1.0669864e+07   2.1850586e+01
   1.0669897e+07   6.3354492e+01
   1.0669919e+07   2.3803711e+01
   1.0669936e+07   2.5512695e+01
   1.0669971e+07   2.2216797e+01
   1.0669984e+07   2.1667480e+01
   1.0670044e+07   2.2338867e+01
   1.0670103e+07   2.1545410e+01
   1.0670140e+07   6.1706543e+01
   1.0670171e+07   2.8015137e+01
   1.0670192e+07   2.7221680e+01
   1.0670228e+07   2.1972656e+01
   1.0670261e+07   2.6611328e+01
   1.0676787e+07   2.3315430e+01
   1.0684029e+07   2.2521973e+01
   1.0692430e+07   2.2583008e+01
   1.0802767e+07   2.2644043e+01
   1.0815224e+07   2.2338867e+01
   1.0815294e+07   2.6489258e+01
   1.0815328e+07   5.7617188e+01
   1.0815342e+07   6.9885254e+01
   1.0815364e+07   2.9846191e+01
   1.0815386e+07   3.9306641e+01
   1.0815400e+07   2.7282715e+01
   1.0815412e+07   3.1005859e+01
   1.0815441e+07   3.3630371e+01
   1.0815455e+07   3.2897949e+01
   1.0815490e+07   3.0578613e+01
   1.0815514e+07   3.3630371e+01
   1.0815569e+07   2.2277832e+01
   1.0815599e+07   3.3752441e+01
   1.0815793e+07   2.2521973e+01
   1.0821580e+07   2.2338867e+01
   1.0886679e+07   2.3864746e+01
   1.0887343e+07   2.2155762e+01
   1.0891754e+07   2.1667480e+01
   1.0953332e+07   6.5368652e+01
   1.0968245e+07   2.2277832e+01
   1.1018524e+07   3.4240723e+01
   1.1018561e+07   2.2216797e+01
   1.1018582e+07   6.0913086e+01
   1.1018598e+07   2.4902344e+01
   1.1018618e+07   5.5297852e+01
   1.1018630e+07   2.6306152e+01
   1.1018647e+07   2.4108887e+01
   1.1018659e+07   4.6325684e+01
   1.1018698e+07   3.4606934e+01
   1.1018709e+07   2.9663086e+01
   1.1018726e+07   2.7343750e+01
   1.1018751e+07   2.3254395e+01
   1.1018771e+07   3.1738281e+01
   1.1018816e+07   3.9978027e+01
   1.1018873e+07   2.2521973e+01
   1.1018887e+07   2.4475098e+01
   1.1018949e+07   2.2399902e+01
   1.1039440e+07   2.2888184e+01
   1.1046113e+07   2.2033691e+01
   1.1059118e+07   2.1789551e+01
   1.1257200e+07   2.2338867e+01
   1.1267506e+07   3.5278320e+01
   1.1267535e+07   5.4199219e+01
   1.1267551e+07   2.1484375e+01
   1.1267654e+07   2.3864746e+01
   1.1267675e+07   2.2827148e+01
   1.1267711e+07   2.4963379e+01
   1.1267725e+07   4.3701172e+01
   1.1267744e+07   7.0068359e+01
   1.1267781e+07   2.5207520e+01
   1.1267800e+07   3.2165527e+01
   1.1267831e+07   2.3986816e+01
   1.1267843e+07   2.2583008e+01
   1.1267863e+07   2.8747559e+01
   1.1267907e+07   2.3376465e+01
   1.1267924e+07   2.2338867e+01
   1.1267940e+07   3.5278320e+01
   1.1267998e+07   2.6794434e+01
   1.1268015e+07   2.2888184e+01
   1.1331800e+07   2.4780273e+01
   1.1476913e+07   6.5673828e+01
   1.1477558e+07   2.5024414e+01
   1.1477587e+07   2.4047852e+01
   1.1477661e+07   2.2094727e+01
   1.1477674e+07   3.1311035e+01
   1.1477715e+07   2.3925781e+01
   1.1477743e+07   2.9174805e+01
   1.1477758e+07   4.0161133e+01
   1.1477776e+07   2.4963379e+01
   1.1477794e+07   2.4414063e+01
   1.1477827e+07   2.5268555e+01
   1.1477846e+07   4.5288086e+01
   1.1477870e+07   2.3986816e+01
   1.1477894e+07   2.7770996e+01
   1.1477949e+07   4.7119141e+01
   1.1477965e+07   2.2521973e+01
   1.1477977e+07   2.4658203e+01
   1.1478019e+07   2.2888184e+01
   1.1569668e+07   2.2338867e+01
   1.1577693e+07   2.3559570e+01
   1.1577756e+07   2.3742676e+01
   1.1577874e+07   2.1667480e+01
   1.1577939e+07   4.9804688e+01
   1.1577960e+07   3.0639648e+01
   1.1578010e+07   5.9753418e+01
   1.1578028e+07   2.2644043e+01
   1.1578068e+07   3.6376953e+01
   1.1578079e+07   2.4169922e+01
   1.1578112e+07   3.8452148e+01
   1.1578136e+07   2.3010254e+01
   1.1578200e+07   2.3010254e+01
   1.1578233e+07   2.2277832e+01
   1.1578250e+07   3.7597656e+01
   1.1578363e+07   5.4992676e+01
   1.1578512e+07   2.1667480e+01
   1.1578668e+07   2.4414063e+01
   1.1578756e+07   2.2766113e+01
   1.1731267e+07   5.2490234e+01
   1.1731301e+07   2.1972656e+01
   1.1731317e+07   2.2644043e+01
   1.1803324e+07   2.6489258e+01
   1.1803366e+07   5.2673340e+01
   1.1803466e+07   3.7109375e+01
   1.1803493e+07   6.0363770e+01
   1.1848875e+07   2.3071289e+01
   1.1910206e+07   2.2155762e+01
   1.1910276e+07   2.6672363e+01
   1.1910317e+07   3.6010742e+01
   1.1910330e+07   5.5053711e+01
   1.1910358e+07   2.4230957e+01
   1.1910392e+07   2.1789551e+01
   1.1910402e+07   3.5461426e+01
   1.1910429e+07   2.7282715e+01
   1.1910440e+07   4.6386719e+01
   1.1910470e+07   2.4658203e+01
   1.1910487e+07   3.1372070e+01
   1.1910507e+07   2.2949219e+01
   1.1910547e+07   3.9428711e+01
   1.1910634e+07   2.3010254e+01
   1.1910699e+07   2.4963379e+01
   1.1910771e+07   5.3344727e+01
