   1.1999000e+07   0.0000000e+00
   2.9521000e+04   2.8503418e+01
   2.9937000e+04   2.6611328e+01
   3.1306000e+04   2.5451660e+01
   6.5676000e+04   3.1677246e+01
   1.5151000e+05   2.4963379e+01
   1.5153700e+05   2.9174805e+01
   1.5159200e+05   2.6367188e+01
   1.5298500e+05   2.4414063e+01
   2.0289600e+05   3.3020020e+01
   2.0303500e+05   2.7709961e+01
   2.2418300e+05   3.8146973e+01
   2.2420500e+05   2.8137207e+01
   2.2423100e+05   2.7832031e+01
   2.2432800e+05   2.4047852e+01
   2.2467600e+05   2.4963379e+01
   2.8324300e+05   2.8686523e+01
   2.8328600e+05   2.8625488e+01
   3.3946500e+05   2.4475098e+01
   5.9276900e+05   2.5756836e+01
   5.9854300e+05   2.6916504e+01
   6.5651600e+05   2.3803711e+01
   6.9373700e+05   2.4597168e+01
   6.9403700e+05   2.6977539e+01
   7.2960700e+05   2.6672363e+01
   8.2132500e+05   3.5278320e+01
   8.5871400e+05   2.8381348e+01
   9.5659200e+05   2.9296875e+01
   1.0223850e+06   2.5573730e+01
   1.0800680e+06   2.7526855e+01
   1.0800840e+06   2.6672363e+01
   1.0801190e+06   2.3803711e+01
   1.0803640e+06   2.5146484e+01
   1.0806960e+06   2.7038574e+01
   1.0809580e+06   2.6733398e+01
   1.2149830e+06   2.4108887e+01
   1.3155150e+06   2.3864746e+01
   1.3155290e+06   3.0761719e+01
   1.3155660e+06   2.6367188e+01
   1.5691480e+06   2.4658203e+01
   1.5693110e+06   2.4291992e+01
   1.6165620e+06   3.4912109e+01
   1.6165780e+06   2.4719238e+01
   1.6166140e+06   2.4414063e+01
   1.6166780e+06   2.7709961e+01
   1.8829770e+06   2.9541016e+01
   1.8829870e+06   2.6489258e+01
   1.8830320e+06   2.4719238e+01
   1.9250890e+06   2.6367187e+01
   2.1511180e+06   3.5400391e+01
   2.1512040e+06   3.1005859e+01
   2.1515480e+06   2.5573730e+01
   2.2026440e+06   2.9052734e+01
   2.2028170e+06   2.5146484e+01
   2.2909870e+06   2.7160645e+01
   2.2910210e+06   2.6000977e+01
   2.4235780e+06   2.6428223e+01
   2.4236070e+06   2.3742676e+01
   2.5510610e+06   2.6489258e+01
   2.5511440e+06   2.3864746e+01
   2.5511730e+06   3.2653809e+01
   2.5515130e+06   2.6245117e+01
   2.6123840e+06   2.4719238e+01
   2.7250200e+06   3.4729004e+01
   2.7474840e+06   2.5146484e+01
   3.0844250e+06   2.4169922e+01
   3.1733930e+06   2.6245117e+01
   3.2029620e+06   2.6794434e+01
   3.2835040e+06   2.3986816e+01
   3.2835960e+06   2.8930664e+01
   3.3351680e+06   2.5329590e+01
   3.3556010e+06   2.4475098e+01
   3.3740220e+06   2.4414063e+01
   3.4368950e+06   2.5634766e+01
   3.5218630e+06   2.9357910e+01
   3.5877210e+06   2.6489258e+01
   3.5877320e+06   2.6367188e+01
   4.5922540e+06   2.5573730e+01
   4.5922850e+06   2.5146484e+01
   4.6873190e+06   2.9785156e+01
   4.6882210e+06   2.3742676e+01
   5.0739300e+06   3.0700684e+01
   5.0739480e+06   2.4475098e+01
   5.0744340e+06   2.4780273e+01
   5.3777930e+06   3.0273438e+01
   5.3782000e+06   2.6428223e+01
   5.3806880e+06   2.6611328e+01
   5.5584840e+06   2.5268555e+01
   5.5585100e+06   2.5573730e+01
   5.5585360e+06   2.4230957e+01
   6.2681100e+06   2.3681641e+01
   6.3027520e+06   3.0761719e+01
   6.3036540e+06   2.3620605e+01
   6.5050720e+06   2.6672363e+01
   6.7840910e+06   2.9235840e+01
   6.7841130e+06   3.1066895e+01
   6.7841540e+06   2.3681641e+01
   6.8149130e+06   3.3142090e+01
   7.6839410e+06   2.3864746e+01
   7.6846170e+06   2.4597168e+01
   7.8199970e+06   2.7526855e+01
   8.5577970e+06   2.4719238e+01
   9.5970090e+06   2.5024414e+01
   9.5993640e+06   2.3681641e+01
   1.0284860e+07   2.6306152e+01
   1.0284879e+07   2.4841309e+01
   1.0284917e+07   2.4536133e+01
   1.0287057e+07   2.3559570e+01
   1.0510581e+07   2.7343750e+01
   1.0512582e+07   2.4047852e+01
   1.1071001e+07   2.4963379e+01
