   1.1999000e+07   0.0000000e+00
   2.9495000e+04   9.3261719e+01
   2.9545000e+04   7.5134277e+01
   2.9576000e+04   2.8503418e+01
   2.9605000e+04   2.6550293e+01
   2.9647000e+04   2.4353027e+01
   2.9707000e+04   2.2644043e+01
   2.9743000e+04   2.1789551e+01
   3.0845000e+04   2.6855469e+01
   3.0912000e+04   3.2104492e+01
   3.0974000e+04   2.8564453e+01
   3.1048000e+04   4.0588379e+01
   3.1166000e+04   5.9875488e+01
   3.1318000e+04   5.2185059e+01
   6.5542000e+04   2.3193359e+01
   6.5582000e+04   8.6547852e+01
   6.5629000e+04   7.9345703e+01
   6.5673000e+04   6.3964844e+01
   6.5715000e+04   3.8269043e+01
   6.5829000e+04   2.3132324e+01
   6.6866000e+04   2.2277832e+01
   6.6914000e+04   2.1972656e+01
   6.6976000e+04   3.1616211e+01
   6.7066000e+04   4.0832520e+01
   6.7144000e+04   4.0222168e+01
   6.7224000e+04   4.3212891e+01
   1.5149700e+05   7.1472168e+01
   1.5151900e+05   2.6733398e+01
   1.5153900e+05   6.3720703e+01
   1.5157400e+05   4.7546387e+01
   1.5272800e+05   3.4667969e+01
   1.5284100e+05   4.3212891e+01
   1.5296600e+05   4.8889160e+01
   1.5309900e+05   5.5358887e+01
   2.2409700e+05   9.0637207e+01
   2.2416000e+05   8.6181641e+01
   2.2420500e+05   6.4514160e+01
   2.2423600e+05   3.1494141e+01
   2.2425700e+05   2.4169922e+01
   2.2428900e+05   2.1423340e+01
   2.2440600e+05   2.1911621e+01
   2.2540800e+05   3.6376953e+01
   2.2548500e+05   4.1992188e+01
   2.2559900e+05   4.5166016e+01
   2.2572500e+05   6.1950684e+01
   2.8319900e+05   8.1726074e+01
   2.8324100e+05   6.8908691e+01
   2.8328500e+05   2.7221680e+01
   2.8332900e+05   3.9672852e+01
   2.8338700e+05   2.2399902e+01
   2.8438400e+05   2.1118164e+01
   2.8450300e+05   2.9846191e+01
   2.8458100e+05   3.4423828e+01
   2.8472700e+05   5.0170898e+01
   2.8480400e+05   4.7668457e+01
   3.3938200e+05   7.4401855e+01
   3.3945300e+05   7.5622559e+01
   3.3950500e+05   7.1228027e+01
   3.3955400e+05   6.6955566e+01
   3.3958400e+05   2.6977539e+01
   3.3959600e+05   3.8574219e+01
   3.4062900e+05   2.2094727e+01
   3.4070700e+05   2.5878906e+01
   3.4077600e+05   2.8198242e+01
   3.4085600e+05   4.7058105e+01
   3.4095600e+05   5.0964355e+01
   3.4131600e+05   5.9020996e+01
   3.9585000e+05   9.4177246e+01
   3.9597300e+05   6.6711426e+01
   7.2943200e+05   2.2827148e+01
   1.0800060e+06   9.4055176e+01
   1.0800420e+06   6.1523438e+01
   1.0800770e+06   2.7526855e+01
   1.0801920e+06   2.5512695e+01
   1.0820490e+06   2.1606445e+01
   1.0821740e+06   2.7221680e+01
   1.0823370e+06   4.5715332e+01
   1.0824640e+06   4.7424316e+01
   1.0825690e+06   3.0212402e+01
   1.0827410e+06   5.6091309e+01
   1.0831970e+06   6.3842773e+01
   1.3154360e+06   8.8378906e+01
   1.3154850e+06   7.4523926e+01
   1.3155200e+06   3.3081055e+01
   1.3155330e+06   2.2705078e+01
   1.3155740e+06   3.1127930e+01
   1.3174660e+06   3.2226563e+01
   1.3175450e+06   3.0944824e+01
   1.3176240e+06   3.0639648e+01
   1.3177360e+06   4.1198730e+01
   1.3178280e+06   4.6386719e+01
   1.3179280e+06   4.7546387e+01
   1.3182330e+06   6.0119629e+01
   1.3554150e+06   8.0139160e+01
   1.3554710e+06   6.8908691e+01
   1.3555080e+06   4.8095703e+01
   1.3555310e+06   2.1728516e+01
   1.3556010e+06   2.1850586e+01
   1.3557350e+06   2.2155762e+01
   1.3574410e+06   2.3742676e+01
   1.3575120e+06   2.8015137e+01
   1.3576600e+06   2.5451660e+01
   1.3578260e+06   4.2602539e+01
   1.3579300e+06   3.3081055e+01
   1.3580150e+06   4.2724609e+01
   1.3581380e+06   4.4189453e+01
   1.3582780e+06   4.6264648e+01
   1.3584160e+06   4.9926758e+01
   1.5690990e+06   8.2336426e+01
   1.5691420e+06   6.0607910e+01
   1.5691740e+06   3.6682129e+01
   1.5693920e+06   2.2644043e+01
   1.5706470e+06   2.3925781e+01
   1.5707070e+06   2.4597168e+01
   1.5707560e+06   2.3864746e+01
   1.5709040e+06   4.5715332e+01
   1.5709800e+06   2.1118164e+01
   1.5710600e+06   4.4982910e+01
   1.5711910e+06   5.2795410e+01
   1.5712790e+06   4.6813965e+01
   1.5714580e+06   5.9509277e+01
   1.6164870e+06   8.0505371e+01
   1.6165410e+06   8.0871582e+01
   1.6165880e+06   5.4748535e+01
   1.6166120e+06   2.2583008e+01
   1.6166400e+06   2.5451660e+01
   1.6180250e+06   2.2216797e+01
   1.6180960e+06   2.3559570e+01
   1.6182140e+06   3.2958984e+01
   1.6182960e+06   3.6926270e+01
   1.6183980e+06   4.0588379e+01
   1.6185180e+06   5.1330566e+01
   1.6187170e+06   5.1818848e+01
   1.6188510e+06   5.0109863e+01
   1.8829390e+06   2.9296875e+01
   1.8829880e+06   6.3964844e+01
   1.8830240e+06   3.8696289e+01
   1.8846180e+06   2.1301270e+01
   1.8846630e+06   2.2460938e+01
   1.8848610e+06   4.3212891e+01
   1.8849960e+06   4.3518066e+01
   1.8850880e+06   4.6997070e+01
   1.8852160e+06   4.8706055e+01
   1.8854350e+06   5.9631348e+01
   1.9249930e+06   8.6059570e+01
   1.9250560e+06   6.7749023e+01
   1.9251030e+06   5.8044434e+01
   1.9251350e+06   2.5634766e+01
   1.9251450e+06   3.2531738e+01
   1.9265670e+06   2.5024414e+01
   1.9266860e+06   2.5024414e+01
   1.9267530e+06   2.3559570e+01
   1.9268350e+06   3.3508301e+01
   1.9269400e+06   4.0710449e+01
   1.9270230e+06   3.6926270e+01
   1.9271830e+06   5.5480957e+01
   2.1510940e+06   9.8510742e+01
   2.1511360e+06   5.9143066e+01
   2.1511650e+06   2.6489258e+01
   2.1511940e+06   2.1728516e+01
   2.1512070e+06   2.2460938e+01
   2.1524750e+06   2.1423340e+01
   2.1526660e+06   2.1240234e+01
   2.1528160e+06   2.6733398e+01
   2.1528900e+06   2.6245117e+01
   2.1529680e+06   3.9794922e+01
   2.1530490e+06   3.8391113e+01
   2.1531480e+06   4.6752930e+01
   2.1532390e+06   5.2001953e+01
   2.1533920e+06   6.0302734e+01
   2.1535730e+06   6.4025879e+01
   2.2025920e+06   7.4218750e+01
   2.2026500e+06   7.3059082e+01
   2.2026950e+06   5.5175781e+01
   2.2027140e+06   3.0822754e+01
   2.2043290e+06   3.9855957e+01
   2.2044230e+06   4.0039063e+01
   2.2045390e+06   4.3884277e+01
   2.2046320e+06   4.7424316e+01
   2.2047830e+06   6.1462402e+01
   2.2909370e+06   7.1777344e+01
   2.2909810e+06   2.3132324e+01
   2.2909960e+06   6.5551758e+01
   2.2910380e+06   4.1259766e+01
   2.2910670e+06   2.3925781e+01
   2.2911740e+06   2.2094727e+01
   2.2923420e+06   2.9479980e+01
   2.2924650e+06   3.2104492e+01
   2.2925530e+06   3.8757324e+01
   2.2926430e+06   3.7902832e+01
   2.2927320e+06   4.2053223e+01
   2.2928790e+06   4.9499512e+01
   2.2930460e+06   5.6274414e+01
   2.2933110e+06   6.5673828e+01
   2.4235370e+06   8.2031250e+01
   2.4235990e+06   6.9030762e+01
   2.4236440e+06   5.6396484e+01
   2.4236660e+06   2.7404785e+01
   2.4237040e+06   2.4169922e+01
   2.4250460e+06   2.2033691e+01
   2.4251480e+06   3.5339355e+01
   2.4253000e+06   4.6020508e+01
   2.4253780e+06   3.9062500e+01
   2.4254720e+06   4.2541504e+01
   2.4255830e+06   5.1391602e+01
   2.4256950e+06   5.5480957e+01
   2.4260920e+06   7.6965332e+01
   2.4975960e+06   2.1545410e+01
   2.5510340e+06   2.6000977e+01
   2.5510450e+06   2.3742676e+01
   2.5510890e+06   6.4331055e+01
   2.5511350e+06   5.3771973e+01
   2.5511620e+06   2.5573730e+01
   2.5524380e+06   2.1301270e+01
   2.5525090e+06   3.0639648e+01
   2.5526380e+06   3.3630371e+01
   2.5527210e+06   3.7292480e+01
   2.5529100e+06   4.7790527e+01
   2.5531090e+06   5.3894043e+01
   2.5533370e+06   5.8715820e+01
   2.6123330e+06   7.8613281e+01
   2.6123460e+06   2.3315430e+01
   2.6123880e+06   7.1289063e+01
   2.6124300e+06   4.0466309e+01
   2.6124750e+06   3.5644531e+01
   2.6137480e+06   2.3254395e+01
   2.6138710e+06   2.5695801e+01
   2.6139520e+06   3.0273438e+01
   2.6140300e+06   3.3081055e+01
   2.6141100e+06   4.0222168e+01
   2.6142290e+06   4.6447754e+01
   2.6144570e+06   5.0048828e+01
   2.6145950e+06   5.8288574e+01
   3.2030400e+06   2.0996094e+01
   3.5217680e+06   9.1918945e+01
   3.5218120e+06   5.8288574e+01
   3.5218540e+06   4.1931152e+01
   3.5219170e+06   2.4414063e+01
   3.5242600e+06   2.3742676e+01
   3.5243430e+06   3.7597656e+01
   3.5245220e+06   4.1870117e+01
   3.5246390e+06   4.4616699e+01
   3.5247800e+06   4.6508789e+01
   3.5249400e+06   4.5532227e+01
   3.5251360e+06   5.7189941e+01
   3.5876210e+06   8.6730957e+01
   3.5876740e+06   6.5734863e+01
   3.5877200e+06   4.2663574e+01
   3.5894350e+06   2.0812988e+01
   3.5895790e+06   2.3864746e+01
   3.5896550e+06   2.8991699e+01
   3.5897830e+06   3.1616211e+01
   3.5898800e+06   3.6010742e+01
   3.5899890e+06   3.5400391e+01
   3.5900880e+06   4.1870117e+01
   3.5902500e+06   4.6630859e+01
   3.5903910e+06   5.3344727e+01
   4.5921850e+06   2.1545410e+01
   4.5922180e+06   8.9904785e+01
   4.5922550e+06   5.7861328e+01
   4.5922920e+06   3.1921387e+01
   4.5923180e+06   2.4658203e+01
   4.5954370e+06   2.5390625e+01
   4.5956310e+06   2.3742676e+01
   4.5956410e+06   2.8137207e+01
   4.5957330e+06   2.1118164e+01
   4.5959420e+06   4.1320801e+01
   4.5960340e+06   2.7221680e+01
   4.5961790e+06   4.8889160e+01
   4.5962960e+06   4.3640137e+01
   4.5964360e+06   4.8950195e+01
   4.5968200e+06   5.2001953e+01
   4.6872200e+06   2.1667480e+01
   4.6872640e+06   7.7209473e+01
   4.6873070e+06   5.5419922e+01
   4.6873470e+06   4.1015625e+01
   4.6873930e+06   2.0812988e+01
   4.6893210e+06   2.5756836e+01
   4.6894510e+06   2.1545410e+01
   4.6896400e+06   3.0334473e+01
   4.6897820e+06   3.2165527e+01
   4.6898660e+06   2.6184082e+01
   4.6899680e+06   3.6743164e+01
   4.6900530e+06   3.0334473e+01
   4.6901410e+06   2.8320313e+01
   4.6902470e+06   4.1809082e+01
   4.6903460e+06   4.2053223e+01
   4.6904550e+06   3.6865234e+01
   4.6906420e+06   4.9072266e+01
   4.6907770e+06   4.8339844e+01
   4.6909760e+06   5.1513672e+01
   4.6911450e+06   5.7128906e+01
   5.0738460e+06   7.5195313e+01
   5.0738930e+06   5.6579590e+01
   5.0739320e+06   4.6447754e+01
   5.0739640e+06   2.2705078e+01
   5.0739940e+06   2.3254395e+01
   5.0743660e+06   2.2033691e+01
   5.0766820e+06   2.4291992e+01
   5.0767670e+06   2.1545410e+01
   5.0769030e+06   3.3813477e+01
   5.0770770e+06   2.6367188e+01
   5.0771920e+06   3.7597656e+01
   5.0773480e+06   3.3996582e+01
   5.0776220e+06   4.2053223e+01
   5.0778660e+06   5.1208496e+01
   5.0783180e+06   5.5175781e+01
   5.0789860e+06   6.4697266e+01
   5.3776800e+06   2.3010254e+01
   5.3777300e+06   8.5327148e+01
   5.3777690e+06   6.6955566e+01
   5.3778090e+06   3.8085938e+01
   5.3778470e+06   3.1127930e+01
   5.3778900e+06   2.2521973e+01
   5.3779410e+06   2.2705078e+01
   5.3803680e+06   2.1972656e+01
   5.3805230e+06   2.1057129e+01
   5.3806250e+06   3.2592773e+01
   5.3807120e+06   2.1545410e+01
   5.3808310e+06   3.7048340e+01
   5.3809760e+06   3.6865234e+01
   5.3810780e+06   2.1240234e+01
   5.3813510e+06   5.1696777e+01
   5.3814810e+06   4.8278809e+01
   5.3816170e+06   4.8461914e+01
   5.3817800e+06   4.9072266e+01
   5.3820820e+06   5.4809570e+01
   5.5584050e+06   7.8125000e+01
   5.5584500e+06   5.0598145e+01
   5.5584960e+06   4.6936035e+01
   5.5585280e+06   2.6184082e+01
   5.5585590e+06   2.7893066e+01
   5.5606580e+06   2.6367188e+01
   5.5607870e+06   2.5146484e+01
   5.5608880e+06   2.5085449e+01
   5.5609580e+06   2.2766113e+01
   5.5610350e+06   3.2043457e+01
   5.5611540e+06   2.7404785e+01
   5.5612590e+06   3.9489746e+01
   5.5613630e+06   4.3029785e+01
   5.5614640e+06   3.6071777e+01
   5.5615620e+06   4.2724609e+01
   5.5617460e+06   4.6325684e+01
   5.5618880e+06   4.8156738e+01
   5.5621460e+06   5.5541992e+01
   5.5629420e+06   6.1462402e+01
   6.3026790e+06   8.5083008e+01
   6.3027260e+06   6.5002441e+01
   6.3027660e+06   2.3010254e+01
   6.3027850e+06   2.2338867e+01
   6.3028020e+06   2.2949219e+01
   6.3028130e+06   2.1667480e+01
   6.3059930e+06   2.1972656e+01
   6.3063010e+06   2.5512695e+01
   6.3064730e+06   2.0874023e+01
   6.3066380e+06   2.7465820e+01
   6.3068070e+06   3.6987305e+01
   6.3069440e+06   4.1015625e+01
   6.3073920e+06   4.7302246e+01
   6.3075740e+06   4.9011230e+01
   6.3076940e+06   5.0781250e+01
   6.3080260e+06   5.8410645e+01
   6.3081800e+06   4.7485352e+01
   6.3084730e+06   5.8959961e+01
   6.7840190e+06   8.1237793e+01
   6.7840750e+06   6.8115234e+01
   6.7841180e+06   4.8583984e+01
   6.7841580e+06   3.4484863e+01
   6.7842460e+06   2.3803711e+01
   6.7878200e+06   2.1362305e+01
   6.7880160e+06   2.3681641e+01
   6.7881690e+06   2.8076172e+01
   6.7883360e+06   3.8757324e+01
   6.7885440e+06   4.2419434e+01
   6.7886710e+06   3.8391113e+01
   6.7887980e+06   4.4555664e+01
   6.7889910e+06   4.6081543e+01
   6.7893200e+06   4.8034668e+01
   6.7895210e+06   5.0415039e+01
   6.7896630e+06   4.9377441e+01
   6.7902580e+06   5.8227539e+01
   6.8790570e+06   2.2705078e+01
   7.6838660e+06   7.4645996e+01
   7.6839110e+06   6.1950684e+01
   7.6839510e+06   4.3151855e+01
   7.6839750e+06   3.2043457e+01
   7.6839970e+06   2.6306152e+01
   7.6882500e+06   2.2338867e+01
   7.6888180e+06   2.9968262e+01
   7.6889980e+06   2.4536133e+01
   7.6891730e+06   2.4047852e+01
   7.6893300e+06   3.8024902e+01
   7.6895620e+06   4.3823242e+01
   7.6897720e+06   4.1870117e+01
   7.6899870e+06   4.2602539e+01
   7.6901470e+06   4.4311523e+01
   7.6902750e+06   4.3518066e+01
   7.6906880e+06   5.0292969e+01
   8.5577230e+06   7.7453613e+01
   8.5577350e+06   2.3803711e+01
   8.5577650e+06   5.8166504e+01
   8.5578040e+06   4.0039063e+01
   8.5578460e+06   2.7770996e+01
   8.5632260e+06   2.2155762e+01
   8.5634980e+06   3.6132813e+01
   8.5639640e+06   3.7414551e+01
   8.5642010e+06   4.2602539e+01
   8.5643720e+06   4.5349121e+01
   8.5645110e+06   4.0527344e+01
   8.5647870e+06   4.3334961e+01
   8.5649980e+06   4.6325684e+01
   8.5652630e+06   4.9194336e+01
   9.5972600e+06   7.5317383e+01
   9.5972930e+06   5.3283691e+01
   9.5973280e+06   4.2785645e+01
   9.5973900e+06   2.0874023e+01
   9.6037930e+06   3.6071777e+01
   9.6040890e+06   3.8574219e+01
   9.6042180e+06   3.5156250e+01
   9.6043690e+06   4.1015625e+01
   9.6045280e+06   4.0954590e+01
   9.6047120e+06   4.0039062e+01
   9.6048480e+06   5.0170898e+01
   9.6049690e+06   4.0161133e+01
   9.6052090e+06   4.9255371e+01
   9.6056480e+06   4.9804687e+01
   9.6060920e+06   4.9560547e+01
   9.6073170e+06   5.7800293e+01
   1.0284762e+07   6.5490723e+01
   1.0284808e+07   6.5002441e+01
   1.0284849e+07   5.0048828e+01
   1.0284878e+07   2.5756836e+01
   1.0284892e+07   2.7221680e+01
   1.0284918e+07   2.1362305e+01
   1.0284972e+07   2.1179199e+01
   1.0291376e+07   2.1240234e+01
   1.0291639e+07   3.8574219e+01
   1.0291796e+07   2.8991699e+01
   1.0291902e+07   2.7709961e+01
   1.0292081e+07   3.9489746e+01
   1.0292309e+07   3.8818359e+01
   1.0292508e+07   4.6203613e+01
   1.0292835e+07   4.9987793e+01
   1.0293623e+07   4.8400879e+01
   1.0294226e+07   5.4199219e+01
   1.0510492e+07   8.0444336e+01
   1.0510540e+07   7.3608398e+01
   1.0510581e+07   5.2307129e+01
   1.0510595e+07   2.4536133e+01
   1.0510648e+07   2.5146484e+01
   1.0516231e+07   3.1372070e+01
   1.0516473e+07   2.6733398e+01
   1.0516745e+07   4.0222168e+01
   1.0516911e+07   4.1259766e+01
   1.0517139e+07   4.1503906e+01
   1.0517294e+07   4.3884277e+01
   1.0517630e+07   4.8767090e+01
   1.0517999e+07   4.5532227e+01
   1.0518561e+07   5.3710938e+01
   1.0522784e+07   2.1240234e+01
