   1.1999000e+07   0.0000000e+00
   2.8881000e+04   6.4453125e+01
   2.9121000e+04   5.3283691e+01
   2.9208000e+04   2.3986816e+01
   2.9341000e+04   2.2155762e+01
   2.9421000e+04   4.0893555e+01
   2.9479000e+04   3.6987305e+01
   2.9532000e+04   3.0700684e+01
   2.9579000e+04   2.0690918e+01
   2.9688000e+04   2.2277832e+01
   3.0616000e+04   2.0996094e+01
   3.0870000e+04   2.0568848e+01
   3.1070000e+04   2.9357910e+01
   6.5123000e+04   5.7067871e+01
   6.5249000e+04   4.0222168e+01
   6.5346000e+04   2.0812988e+01
   6.5472000e+04   2.3559570e+01
   6.5535000e+04   3.9978027e+01
   6.5607000e+04   3.1494141e+01
   6.5658000e+04   3.1066895e+01
   6.7203000e+04   2.3010254e+01
   6.7750000e+04   2.2827148e+01
   1.5094100e+05   4.9255371e+01
   1.5112100e+05   4.9072266e+01
   1.5122400e+05   3.0822754e+01
   1.5132900e+05   2.1972656e+01
   1.5141300e+05   3.9245605e+01
   1.5147800e+05   3.2653809e+01
   1.5152000e+05   3.3081055e+01
   1.5154200e+05   2.1240234e+01
   1.5253800e+05   2.2094727e+01
   1.5302800e+05   2.9846191e+01
   2.2351900e+05   5.4321289e+01
   2.2374000e+05   4.8461914e+01
   2.2385700e+05   2.8259277e+01
   2.2397200e+05   2.6062012e+01
   2.2405500e+05   3.7902832e+01
   2.2408700e+05   2.0751953e+01
   2.2411000e+05   3.1616211e+01
   2.2415700e+05   2.7465820e+01
   2.2420000e+05   2.1911621e+01
   2.2531600e+05   2.0690918e+01
   2.2547700e+05   2.2521973e+01
   2.8266600e+05   5.6640625e+01
   2.8282600e+05   5.1330566e+01
   2.8291400e+05   2.3925781e+01
   2.8303500e+05   2.1362305e+01
   2.8313300e+05   3.7841797e+01
   2.8319600e+05   3.2592773e+01
   2.8323800e+05   2.7099609e+01
   2.8328300e+05   2.1972656e+01
   2.8480000e+05   2.7160645e+01
   3.3873200e+05   5.1940918e+01
   3.3893900e+05   4.8278809e+01
   3.3903900e+05   3.1372070e+01
   3.3917700e+05   2.4108887e+01
   3.3931700e+05   3.5827637e+01
   3.3937600e+05   3.5339355e+01
   3.3943700e+05   2.5573730e+01
   3.3949800e+05   2.4169922e+01
   3.4063000e+05   2.0874023e+01
   3.4087100e+05   2.2094727e+01
   3.9521000e+05   5.1513672e+01
   3.9534700e+05   4.5349121e+01
   3.9545200e+05   2.6489258e+01
   3.9557400e+05   2.5634766e+01
   3.9577100e+05   4.3151855e+01
   3.9585300e+05   3.5644531e+01
   3.9650200e+05   2.5085449e+01
   4.4129500e+05   5.4382324e+01
   4.4141200e+05   3.6804199e+01
   4.4158800e+05   3.9306641e+01
   4.4172300e+05   2.8625488e+01
   4.4189500e+05   2.5695801e+01
   4.4207100e+05   2.2644043e+01
   4.4224600e+05   2.4597168e+01
   4.4269900e+05   3.5888672e+01
   4.7223400e+05   5.9997559e+01
   4.7233100e+05   2.8259277e+01
   4.7245400e+05   3.2043457e+01
   4.7264300e+05   2.5329590e+01
   4.7276100e+05   2.0935059e+01
   4.7290000e+05   2.3193359e+01
   4.7309300e+05   2.4230957e+01
   4.7335300e+05   2.9968262e+01
   4.9018100e+05   6.2866211e+01
   4.9031900e+05   4.1076660e+01
   4.9046200e+05   2.9235840e+01
   4.9064000e+05   2.9296875e+01
   4.9083700e+05   3.5644531e+01
   4.9103600e+05   2.4353027e+01
   4.9121700e+05   2.2277832e+01
   5.1553300e+05   5.7678223e+01
   5.1564800e+05   3.4423828e+01
   5.1575600e+05   3.1127930e+01
   5.1594000e+05   3.3691406e+01
   5.1607500e+05   2.8930664e+01
   5.4921200e+05   5.6091309e+01
   5.4930200e+05   3.8146973e+01
   5.4939900e+05   2.2399902e+01
   5.4955100e+05   2.1118164e+01
   5.4983100e+05   2.4169922e+01
   5.5006000e+05   2.6000977e+01
   5.9280600e+05   4.9133301e+01
   5.9287600e+05   2.8381348e+01
   5.9296800e+05   2.2094727e+01
   5.9311100e+05   2.9296875e+01
   6.3726000e+05   6.0119629e+01
   6.3734300e+05   2.8991699e+01
   6.3753800e+05   2.1118164e+01
   6.3769300e+05   2.3193359e+01
   6.3803300e+05   2.0996094e+01
   6.3854800e+05   4.7546387e+01
   6.5650700e+05   5.2062988e+01
   6.5659200e+05   2.9418945e+01
   6.5672500e+05   2.6489258e+01
   6.5687300e+05   2.5085449e+01
   6.5703400e+05   2.4719238e+01
   6.5738100e+05   3.4667969e+01
   6.9383100e+05   5.0720215e+01
   6.9390700e+05   2.9235840e+01
   6.9401500e+05   2.1911621e+01
   6.9413000e+05   2.0446777e+01
   6.9431700e+05   2.7526855e+01
   6.9447300e+05   2.0874023e+01
   6.9479000e+05   2.1301270e+01
   6.9543300e+05   4.2480469e+01
   7.2953500e+05   5.8959961e+01
   7.2960900e+05   2.4230957e+01
   7.2970300e+05   2.4169922e+01
   7.2982700e+05   2.0629883e+01
   7.4858800e+05   6.1279297e+01
   7.4867300e+05   3.3203125e+01
   7.4877700e+05   2.2338867e+01
   7.4894900e+05   2.5817871e+01
   7.4912500e+05   2.4841309e+01
   7.4938300e+05   2.9724121e+01
   7.4954300e+05   2.1423340e+01
   7.5011600e+05   3.8574219e+01
   7.6682200e+05   5.7006836e+01
   7.6690200e+05   2.7648926e+01
   7.6700600e+05   2.4353027e+01
   7.6716300e+05   2.5817871e+01
   7.6734500e+05   2.6000977e+01
   7.6757400e+05   2.5390625e+01
   7.6781700e+05   3.3935547e+01
   7.9795700e+05   6.0241699e+01
   7.9803200e+05   2.7587891e+01
   7.9812200e+05   2.3315430e+01
   7.9825600e+05   2.2583008e+01
   7.9889800e+05   2.3681641e+01
   8.2138800e+05   5.6457520e+01
   8.2145700e+05   2.4291992e+01
   8.2171400e+05   2.3193359e+01
   8.2186300e+05   2.6672363e+01
   8.2220600e+05   3.0883789e+01
   8.5876400e+05   5.5603027e+01
   8.5892000e+05   2.0507813e+01
   8.5951600e+05   2.3010254e+01
   8.6047300e+05   4.9438477e+01
   9.5667800e+05   5.6823730e+01
   9.5676600e+05   3.3996582e+01
   9.5685900e+05   2.6733398e+01
   9.5699500e+05   2.2705078e+01
   1.0224460e+06   5.6030273e+01
   1.0225870e+06   2.1850586e+01
   1.0227080e+06   2.4902344e+01
   1.0228590e+06   2.7770996e+01
   1.0799000e+06   4.1015625e+01
   1.0799570e+06   3.1616211e+01
   1.0800120e+06   3.4851074e+01
   1.0800380e+06   5.6152344e+01
   1.0801000e+06   2.9724121e+01
   1.0810980e+06   2.2583008e+01
   1.0813590e+06   2.2338867e+01
   1.0816990e+06   2.4841309e+01
   1.0818420e+06   2.0568848e+01
   1.2150360e+06   5.3894043e+01
   1.2151020e+06   2.6184082e+01
   1.2155530e+06   4.8583984e+01
   1.2157660e+06   3.4179688e+01
   1.2159630e+06   3.6804199e+01
   1.2161020e+06   2.2155762e+01
   1.3153380e+06   4.1748047e+01
   1.3154120e+06   3.3813477e+01
   1.3154640e+06   2.9418945e+01
   1.3154870e+06   6.0852051e+01
   1.3155450e+06   2.6794434e+01
   1.3168650e+06   2.2216797e+01
   1.3170500e+06   2.3132324e+01
   1.3172480e+06   2.0751953e+01
   1.3181810e+06   2.1301270e+01
   1.3542960e+06   5.3588867e+01
   1.3551000e+06   5.7189941e+01
   1.3552560e+06   3.1860352e+01
   1.3553640e+06   4.4250488e+01
   1.3553910e+06   2.3864746e+01
   1.3554180e+06   3.0517578e+01
   1.3554640e+06   2.2216797e+01
   1.3555050e+06   2.1240234e+01
   1.3576960e+06   2.2827148e+01
   1.3578850e+06   2.6916504e+01
   1.5687620e+06   5.5297852e+01
   1.5688510e+06   3.0212402e+01
   1.5689620e+06   2.3681641e+01
   1.5689830e+06   3.7475586e+01
   1.5690410e+06   3.1127930e+01
   1.5690940e+06   3.6743164e+01
   1.5691550e+06   2.0935059e+01
   1.5704770e+06   2.2521973e+01
   1.5708340e+06   2.1301270e+01
   1.6151510e+06   5.6579590e+01
   1.6157590e+06   4.7973633e+01
   1.6159720e+06   3.9062500e+01
   1.6161650e+06   3.8818359e+01
   1.6162830e+06   2.2583008e+01
   1.6164060e+06   4.3395996e+01
   1.6164730e+06   3.2714844e+01
   1.6165300e+06   2.7893066e+01
   1.6165940e+06   2.0568848e+01
   1.6168260e+06   2.0751953e+01
   1.6181710e+06   2.0690918e+01
   1.6182540e+06   2.1728516e+01
   1.6184100e+06   2.3071289e+01
   1.6185500e+06   2.4475098e+01
   1.8815200e+06   5.7678223e+01
   1.8822140e+06   4.9255371e+01
   1.8823500e+06   3.3386230e+01
   1.8825260e+06   3.6254883e+01
   1.8827080e+06   3.4057617e+01
   1.8827640e+06   4.4067383e+01
   1.8828940e+06   4.1809082e+01
   1.8829530e+06   3.3203125e+01
   1.8830110e+06   2.5451660e+01
   1.8832800e+06   2.0690918e+01
   1.8847980e+06   2.1789551e+01
   1.8850300e+06   2.1911621e+01
   1.9238390e+06   5.3649902e+01
   1.9245010e+06   5.2978516e+01
   1.9246920e+06   4.1931152e+01
   1.9248400e+06   3.0883789e+01
   1.9249130e+06   3.8940430e+01
   1.9249690e+06   3.5705566e+01
   1.9250350e+06   2.8015137e+01
   1.9250870e+06   2.5939941e+01
   1.9269480e+06   2.2888184e+01
   1.9272400e+06   2.3437500e+01
   2.1505290e+06   4.9011230e+01
   2.1507040e+06   4.3823242e+01
   2.1508430e+06   3.4851074e+01
   2.1509360e+06   3.8574219e+01
   2.1509940e+06   2.2399902e+01
   2.1510260e+06   3.1921387e+01
   2.1510870e+06   3.3874512e+01
   2.1524860e+06   2.2033691e+01
   2.1526540e+06   2.1118164e+01
   2.1527830e+06   2.3620605e+01
   2.2013960e+06   5.3649902e+01
   2.2019300e+06   5.4748535e+01
   2.2020960e+06   3.2897949e+01
   2.2022440e+06   2.3986816e+01
   2.2024760e+06   2.9479980e+01
   2.2024860e+06   5.2124023e+01
   2.2025800e+06   3.0700684e+01
   2.2026410e+06   3.3447266e+01
   2.2026860e+06   2.3620605e+01
   2.2052940e+06   2.3437500e+01
   2.2905130e+06   5.1391602e+01
   2.2906670e+06   4.0893555e+01
   2.2908170e+06   3.4973145e+01
   2.2908430e+06   4.1198730e+01
   2.2909130e+06   3.1616211e+01
   2.2909330e+06   2.1057129e+01
   2.2909730e+06   2.4963379e+01
   2.2922100e+06   2.0446777e+01
   2.2927950e+06   2.3376465e+01
   2.4230950e+06   5.2368164e+01
   2.4232120e+06   3.8330078e+01
   2.4233390e+06   2.5573730e+01
   2.4234240e+06   3.7475586e+01
   2.4234980e+06   2.3803711e+01
   2.4235260e+06   3.5217285e+01
   2.4235810e+06   2.8686523e+01
   2.4236310e+06   2.0812988e+01
   2.4237680e+06   2.1057129e+01
   2.4251230e+06   2.3620605e+01
   2.4253160e+06   2.1301270e+01
   2.5496330e+06   5.9570313e+01
   2.5502660e+06   5.4626465e+01
   2.5503980e+06   3.3264160e+01
   2.5506100e+06   3.0151367e+01
   2.5507890e+06   3.8085938e+01
   2.5508610e+06   3.1005859e+01
   2.5509150e+06   3.8208008e+01
   2.5510350e+06   3.4118652e+01
   2.5511250e+06   2.5695801e+01
   2.5526240e+06   2.1423340e+01
   2.5531040e+06   2.0935059e+01
   2.6118100e+06   5.3466797e+01
   2.6119610e+06   3.8146973e+01
   2.6121320e+06   3.0273437e+01
   2.6121810e+06   3.7963867e+01
   2.6122450e+06   2.3437500e+01
   2.6122650e+06   3.1433105e+01
   2.6123470e+06   2.8259277e+01
   2.6124460e+06   2.3193359e+01
   2.6140200e+06   2.3254395e+01
   2.6143200e+06   2.1240234e+01
   2.6543200e+06   5.1757813e+01
   2.6545190e+06   3.8574219e+01
   2.6546750e+06   2.3925781e+01
   2.6549180e+06   3.0944824e+01
   2.6553520e+06   3.9733887e+01
   2.7101950e+06   5.8532715e+01
   2.7105270e+06   4.2114258e+01
   2.7107490e+06   3.8146973e+01
   2.7110670e+06   4.0893555e+01
   2.7396980e+06   2.0751953e+01
   2.7503640e+06   4.9011230e+01
   2.7510760e+06   4.8461914e+01
   2.7512810e+06   4.0771484e+01
   2.8082060e+06   5.4626465e+01
   2.8084590e+06   4.8461914e+01
   2.8087620e+06   3.2409668e+01
   2.9786740e+06   5.7983398e+01
   3.0132200e+06   5.3894043e+01
   3.0151620e+06   4.4494629e+01
   3.0585440e+06   5.1330566e+01
   3.0587950e+06   4.4250488e+01
   3.0591960e+06   4.5349121e+01
   3.0596650e+06   4.4189453e+01
   3.0599000e+06   3.2592773e+01
   3.0844560e+06   5.8105469e+01
   3.0845860e+06   3.6987305e+01
   3.0849560e+06   4.5654297e+01
   3.0852260e+06   4.1748047e+01
   3.1172570e+06   5.9509277e+01
   3.1173670e+06   3.3996582e+01
   3.1175120e+06   3.1616211e+01
   3.1177120e+06   2.8259277e+01
   3.1490430e+06   6.8420410e+01
   3.1491390e+06   3.9367676e+01
   3.1492980e+06   3.3264160e+01
   3.1494930e+06   3.2653809e+01
   3.1497330e+06   3.7109375e+01
   3.1735760e+06   5.8776855e+01
   3.1736760e+06   3.3813477e+01
   3.1738590e+06   3.2897949e+01
   3.1741000e+06   4.0588379e+01
   3.1744490e+06   3.9916992e+01
   3.1746780e+06   3.1677246e+01
   3.2030920e+06   5.4931641e+01
   3.2031690e+06   2.0202637e+01
   3.2033190e+06   2.8686523e+01
   3.2034920e+06   2.4169922e+01
   3.2036780e+06   3.0822754e+01
   3.2038850e+06   2.0874023e+01
   3.2041590e+06   3.8879395e+01
   3.2362890e+06   5.3161621e+01
   3.2363940e+06   3.4423828e+01
   3.2365270e+06   2.9113770e+01
   3.2367170e+06   3.3264160e+01
   3.2369850e+06   2.8198242e+01
   3.2372230e+06   3.4667969e+01
   3.2648700e+06   5.8471680e+01
   3.2649620e+06   3.6560059e+01
   3.2652990e+06   3.2104492e+01
   3.2655640e+06   3.5278320e+01
   3.2659410e+06   4.1198730e+01
   3.2835750e+06   5.4809570e+01
   3.2836630e+06   3.1005859e+01
   3.2838300e+06   2.8320313e+01
   3.2840870e+06   3.5400391e+01
   3.2844430e+06   3.7658691e+01
   3.2980620e+06   4.6691895e+01
   3.3031220e+06   5.7434082e+01
   3.3032200e+06   3.6010742e+01
   3.3033650e+06   2.8381348e+01
   3.3039810e+06   4.7058105e+01
   3.3200090e+06   4.9865723e+01
   3.3201120e+06   3.2348633e+01
   3.3202520e+06   2.3315430e+01
   3.3204910e+06   3.7353516e+01
   3.3209620e+06   4.7607422e+01
   3.3352610e+06   4.9438477e+01
   3.3353620e+06   2.9296875e+01
   3.3355150e+06   2.4719238e+01
   3.3361860e+06   4.2419434e+01
   3.3556400e+06   5.3527832e+01
   3.3557270e+06   2.7526855e+01
   3.3558610e+06   2.6306152e+01
   3.3561320e+06   2.9724121e+01
   3.3740740e+06   6.0607910e+01
   3.3741730e+06   3.4851074e+01
   3.3743160e+06   2.6367188e+01
   3.3745730e+06   3.3935547e+01
   3.3749040e+06   4.2419434e+01
   3.4045230e+06   5.4443359e+01
   3.4046310e+06   3.1127930e+01
   3.4047650e+06   2.7282715e+01
   3.4049130e+06   2.1179199e+01
   3.4051160e+06   2.1484375e+01
   3.4053670e+06   2.7099609e+01
   3.4369630e+06   5.2001953e+01
   3.4370760e+06   2.8137207e+01
   3.4372300e+06   2.6367188e+01
   3.4379040e+06   2.8259277e+01
   3.4869380e+06   6.0546875e+01
   3.4870320e+06   2.9357910e+01
   3.4871420e+06   2.1179199e+01
   3.4872970e+06   2.1545410e+01
   3.5216010e+06   4.0283203e+01
   3.5217140e+06   4.5715332e+01
   3.5217710e+06   2.9174805e+01
   3.5218100e+06   6.5795898e+01
   3.5218200e+06   2.2155762e+01
   3.5218730e+06   2.0690918e+01
   3.5223650e+06   2.0446777e+01
   3.5236030e+06   2.0751953e+01
   3.5243460e+06   2.2766113e+01
   3.5248370e+06   2.5573730e+01
   3.5262720e+06   2.5268555e+01
   3.5875040e+06   3.6743164e+01
   3.5875880e+06   3.3325195e+01
   3.5876500e+06   2.5939941e+01
   3.5876880e+06   5.9631348e+01
   3.5877750e+06   2.2033691e+01
   3.5897240e+06   2.0629883e+01
   3.5900690e+06   2.6245117e+01
   4.5920890e+06   4.2724609e+01
   4.5921470e+06   3.5034180e+01
   4.5922060e+06   2.7282715e+01
   4.5922220e+06   4.9560547e+01
   4.5922390e+06   2.5207520e+01
   4.5922920e+06   2.4536133e+01
   4.5927710e+06   2.4475098e+01
   4.5942130e+06   2.2399902e+01
   4.5950860e+06   2.1057129e+01
   4.5953790e+06   2.4963379e+01
   4.5956210e+06   2.0935059e+01
   4.5960940e+06   2.5634766e+01
   4.6869860e+06   5.9753418e+01
   4.6871220e+06   3.7780762e+01
   4.6871890e+06   3.7048340e+01
   4.6872350e+06   2.3681641e+01
   4.6872450e+06   4.2480469e+01
   4.6872970e+06   2.4230957e+01
   4.6898570e+06   2.0629883e+01
   4.6900370e+06   2.1118164e+01
   4.6904660e+06   2.3071289e+01
   4.6908050e+06   2.5939941e+01
   5.0737400e+06   3.5522461e+01
   5.0737970e+06   3.2592773e+01
   5.0738610e+06   2.8381348e+01
   5.0738750e+06   7.0739746e+01
   5.0738920e+06   2.1789551e+01
   5.0739450e+06   2.9968262e+01
   5.0757030e+06   2.1606445e+01
   5.0761440e+06   2.0324707e+01
   5.0764520e+06   2.1789551e+01
   5.0767640e+06   2.2277832e+01
   5.3775660e+06   3.2348633e+01
   5.3776610e+06   3.0517578e+01
   5.3777270e+06   3.3081055e+01
   5.3777370e+06   6.2622070e+01
   5.3777580e+06   2.7893066e+01
   5.3778180e+06   2.7221680e+01
   5.3789110e+06   2.1118164e+01
   5.3790440e+06   2.0935059e+01
   5.3795940e+06   2.1179199e+01
   5.3796960e+06   2.1667480e+01
   5.3802990e+06   2.1850586e+01
   5.3807040e+06   2.2827148e+01
   5.3816730e+06   2.1850586e+01
   5.5582220e+06   4.0710449e+01
   5.5583360e+06   3.9306641e+01
   5.5584110e+06   3.4667969e+01
   5.5584380e+06   5.2001953e+01
   5.5585140e+06   3.2226563e+01
   5.5604100e+06   2.0507813e+01
   5.5609030e+06   2.3864746e+01
   5.5610630e+06   2.3864746e+01
   5.5611770e+06   2.4658203e+01
   5.5614580e+06   2.7709961e+01
   6.3025550e+06   3.5339355e+01
   6.3026440e+06   3.3020020e+01
   6.3026990e+06   5.2673340e+01
   6.3027970e+06   2.4230957e+01
   6.3032940e+06   2.2277832e+01
   6.3052310e+06   2.0385742e+01
   6.3055040e+06   2.1179199e+01
   6.3061350e+06   2.2399902e+01
   6.3066510e+06   2.5451660e+01
   6.3069850e+06   2.2216797e+01
   6.3070710e+06   2.2705078e+01
   6.3075320e+06   2.2766113e+01
   6.3077470e+06   2.2155762e+01
   6.3079980e+06   2.1423340e+01
   6.7839290e+06   4.3945313e+01
   6.7839830e+06   3.1127930e+01
   6.7840480e+06   6.1706543e+01
   6.7841240e+06   2.8686523e+01
   6.7851680e+06   2.0202637e+01
   6.7863050e+06   2.1118164e+01
   6.7866740e+06   2.0690918e+01
   6.7868320e+06   2.1118164e+01
   6.7872470e+06   2.6855469e+01
   6.7876990e+06   2.0996094e+01
   6.7886510e+06   2.2583008e+01
   7.6837420e+06   3.6254883e+01
   7.6838230e+06   3.2836914e+01
   7.6838820e+06   2.4963379e+01
   7.6839010e+06   6.1950684e+01
   7.6839490e+06   2.0568848e+01
   7.6839820e+06   2.3559570e+01
   7.6875560e+06   2.0507813e+01
   7.6882570e+06   2.2888184e+01
   7.6884330e+06   2.2155762e+01
   7.6888650e+06   2.0751953e+01
   7.6894490e+06   2.0507813e+01
   7.6905640e+06   2.5695801e+01
   8.1791410e+06   6.6772461e+01
   8.5576220e+06   3.8330078e+01
   8.5576810e+06   2.6916504e+01
   8.5577360e+06   2.8381348e+01
   8.5577550e+06   4.9194336e+01
   8.5578220e+06   2.8625488e+01
   8.5610430e+06   2.2277832e+01
   8.5616340e+06   2.0507813e+01
   8.5619960e+06   2.1179199e+01
   8.5630090e+06   2.3437500e+01
   9.5972710e+06   4.2480469e+01
   9.5973020e+06   6.3842773e+01
   9.5973540e+06   2.0202637e+01
   9.5976810e+06   2.1362305e+01
   9.6050420e+06   2.0019531e+01
   9.6063630e+06   2.2277832e+01
   1.0284660e+07   3.5949707e+01
   1.0284725e+07   3.2592773e+01
   1.0284786e+07   2.5512695e+01
   1.0284812e+07   4.7363281e+01
   1.0284871e+07   2.5390625e+01
   1.0295086e+07   2.5329590e+01
   1.0510364e+07   3.8635254e+01
   1.0510452e+07   3.2836914e+01
   1.0510510e+07   2.6794434e+01
   1.0510530e+07   5.4809570e+01
   1.0510596e+07   3.7719727e+01
