   1.1999000e+07   0.0000000e+00
   2.9052000e+04   2.3260498e+02
   2.9226000e+04   1.9720459e+02
   2.9361000e+04   1.7370605e+02
   2.9411000e+04   1.7034912e+02
   2.9462000e+04   1.4117432e+02
   2.9499000e+04   1.1297607e+02
   2.9546000e+04   1.3208008e+02
   2.9598000e+04   1.4263916e+02
   2.9639000e+04   1.2609863e+02
   2.9686000e+04   1.0107422e+02
   2.9736000e+04   8.6303711e+01
   2.9780000e+04   6.8115234e+01
   2.9826000e+04   5.9020996e+01
   2.9880000e+04   9.4909668e+01
   2.9931000e+04   7.3913574e+01
   2.9988000e+04   8.2458496e+01
   3.0027000e+04   2.1911621e+01
   3.0064000e+04   1.0577393e+02
   3.0113000e+04   9.5703125e+01
   3.0171000e+04   1.1090088e+02
   3.0217000e+04   7.8857422e+01
   3.0298000e+04   1.1669922e+02
   3.0353000e+04   8.5205078e+01
   3.0411000e+04   9.4848633e+01
   3.0493000e+04   1.3140869e+02
   3.0598000e+04   1.2658691e+02
   3.0678000e+04   1.2561035e+02
   3.0811000e+04   1.3763428e+02
   3.0912000e+04   1.3659668e+02
   3.1032000e+04   1.3500977e+02
   3.1501000e+04   1.6503906e+02
   6.5298000e+04   2.4273682e+02
   6.5435000e+04   1.7462158e+02
   6.5498000e+04   2.3254395e+01
   6.5521000e+04   2.1350098e+02
   6.5561000e+04   1.6119385e+02
   6.5603000e+04   1.4434814e+02
   6.5622000e+04   2.6000977e+01
   6.5643000e+04   1.3873291e+02
   6.5684000e+04   1.1999512e+02
   6.5722000e+04   1.1419678e+02
   6.5769000e+04   1.1798096e+02
   6.5812000e+04   7.7026367e+01
   6.5851000e+04   7.3486328e+01
   6.5914000e+04   8.1726074e+01
   6.5958000e+04   7.3486328e+01
   6.5999000e+04   7.1228027e+01
   6.6045000e+04   7.9833984e+01
   6.6090000e+04   6.8115234e+01
   6.6160000e+04   9.6130371e+01
   6.6211000e+04   7.2937012e+01
   6.6277000e+04   1.0552979e+02
   6.6359000e+04   8.6730957e+01
   6.6461000e+04   1.2463379e+02
   6.6543000e+04   1.1523438e+02
   6.6626000e+04   1.1944580e+02
   6.6776000e+04   1.4416504e+02
   6.6888000e+04   1.3995361e+02
   6.6978000e+04   1.1737061e+02
   6.7083000e+04   1.3043213e+02
   6.7144000e+04   2.7404785e+01
   6.7228000e+04   1.6442871e+02
   6.7352000e+04   1.5863037e+02
   1.5121200e+05   2.5268555e+02
   1.5125800e+05   2.1044922e+02
   1.5129900e+05   2.3742676e+01
   1.5132700e+05   1.6278076e+02
   1.5137900e+05   1.6925049e+02
   1.5143000e+05   1.8310547e+02
   1.5146500e+05   1.3275146e+02
   1.5149800e+05   1.0656738e+02
   1.5154600e+05   1.3623047e+02
   1.5157800e+05   9.9914551e+01
   1.5162200e+05   1.1859131e+02
   1.5164600e+05   2.1179199e+01
   1.5167000e+05   7.7697754e+01
   1.5172100e+05   9.5275879e+01
   1.5176400e+05   7.6416016e+01
   1.5181100e+05   8.4472656e+01
   1.5186600e+05   7.5378418e+01
   1.5191700e+05   8.3984375e+01
   1.5197200e+05   9.7839355e+01
   1.5201800e+05   6.3293457e+01
   1.5209000e+05   1.0949707e+02
   1.5217200e+05   1.0400391e+02
   1.5226500e+05   1.0766602e+02
   1.5229600e+05   2.1972656e+01
   1.5236800e+05   1.3317871e+02
   1.5243100e+05   2.1789551e+01
   1.5244400e+05   1.2066650e+02
   1.5252600e+05   1.2377930e+02
   1.5262000e+05   2.8320313e+01
   1.5268500e+05   1.0363770e+02
   1.5284200e+05   1.6082764e+02
   1.5290100e+05   2.2583008e+01
   1.5303300e+05   1.6217041e+02
   1.5308800e+05   1.3287354e+02
   1.5328100e+05   1.6387939e+02
   2.2377200e+05   1.8835449e+02
   2.2393000e+05   2.3089600e+02
   2.2396100e+05   2.6428223e+01
   2.2397400e+05   1.4868164e+02
   2.2402400e+05   1.6552734e+02
   2.2409000e+05   1.7315674e+02
   2.2412700e+05   1.1871338e+02
   2.2417400e+05   1.3525391e+02
   2.2420700e+05   9.8266602e+01
   2.2424900e+05   1.0668945e+02
   2.2430700e+05   8.7158203e+01
   2.2434900e+05   7.3852539e+01
   2.2438600e+05   5.6396484e+01
   2.2446900e+05   6.9702148e+01
   2.2451300e+05   5.7495117e+01
   2.2457200e+05   1.1041260e+02
   2.2463600e+05   1.3140869e+02
   2.2470300e+05   1.1291504e+02
   2.2477800e+05   1.1041260e+02
   2.2480500e+05   2.4597168e+01
   2.2483800e+05   1.0992432e+02
   2.2488200e+05   6.3964844e+01
   2.2495300e+05   8.9355469e+01
   2.2501500e+05   9.8449707e+01
   2.2509700e+05   1.1035156e+02
   2.2525400e+05   1.4599609e+02
   2.2537800e+05   1.5295410e+02
   2.2546000e+05   1.3635254e+02
   2.2565400e+05   1.6174316e+02
   2.2586300e+05   2.1728516e+01
   2.2594400e+05   1.6845703e+02
   2.8289100e+05   2.3657227e+02
   2.8301500e+05   2.3254395e+02
   2.8308700e+05   2.1075439e+02
   2.8310100e+05   2.1240234e+01
   2.8313300e+05   1.7388916e+02
   2.8320200e+05   3.5034180e+01
   2.8324800e+05   1.3763428e+02
   2.8330200e+05   1.2860107e+02
   2.8333700e+05   9.2773438e+01
   2.8337200e+05   6.6955566e+01
   2.8342200e+05   9.2956543e+01
   2.8344400e+05   3.0578613e+01
   2.8346300e+05   5.7556152e+01
   2.8350000e+05   4.1015625e+01
   2.8353800e+05   4.9255371e+01
   2.8358800e+05   7.1289063e+01
   2.8361100e+05   2.5634766e+01
   2.8363500e+05   4.1931152e+01
   2.8369300e+05   7.5866699e+01
   2.8374800e+05   7.0617676e+01
   2.8381900e+05   8.3251953e+01
   2.8389100e+05   1.2756348e+02
   2.8398500e+05   1.4056396e+02
   2.8403900e+05   1.1517334e+02
   2.8410700e+05   1.0919189e+02
   2.8415400e+05   7.1044922e+01
   2.8422300e+05   2.2155762e+01
   2.8425500e+05   1.4532471e+02
   2.8435300e+05   1.3964844e+02
   2.8439500e+05   2.5634766e+01
   2.8441500e+05   1.2176514e+02
   2.8450100e+05   1.2304688e+02
   2.8463800e+05   1.5893555e+02
   2.8487300e+05   1.4428711e+02
   3.1419500e+05   2.3382568e+02
   3.3897000e+05   2.3266602e+02
   3.3912700e+05   1.8975830e+02
   3.3921500e+05   1.9635010e+02
   3.3926300e+05   1.7041016e+02
   3.3929400e+05   2.5817871e+01
   3.3934500e+05   1.9171143e+02
   3.3939000e+05   1.3830566e+02
   3.3942300e+05   1.1682129e+02
   3.3948100e+05   1.3690186e+02
   3.3951500e+05   8.0871582e+01
   3.3955800e+05   9.1247559e+01
   3.3960700e+05   2.1789551e+01
   3.3962600e+05   1.1047363e+02
   3.3968400e+05   6.8786621e+01
   3.3973500e+05   3.8391113e+01
   3.3977300e+05   5.1574707e+01
   3.3984600e+05   8.7158203e+01
   3.3987100e+05   2.3193359e+01
   3.3989800e+05   7.6354980e+01
   3.3999000e+05   5.9020996e+01
   3.4004600e+05   7.8247070e+01
   3.4011900e+05   9.6862793e+01
   3.4026300e+05   1.4501953e+02
   3.4037900e+05   1.4794922e+02
   3.4044700e+05   1.1071777e+02
   3.4059000e+05   1.4147949e+02
   3.4072500e+05   1.4068604e+02
   3.4099700e+05   1.5222168e+02
   3.9534200e+05   1.7205811e+02
   3.9545400e+05   2.0312500e+02
   3.9558700e+05   1.9537354e+02
   3.9570900e+05   1.5917969e+02
   3.9573700e+05   2.5695801e+01
   3.9579000e+05   1.9738770e+02
   3.9583100e+05   1.4093018e+02
   3.9590300e+05   1.4385986e+02
   3.9591500e+05   2.2460938e+01
   3.9594700e+05   1.1523438e+02
   3.9600700e+05   1.3305664e+02
   3.9606100e+05   1.2231445e+02
   3.9617800e+05   1.3226318e+02
   3.9624800e+05   1.4459229e+02
   3.9650800e+05   1.8310547e+02
   3.9672600e+05   1.7547607e+02
   4.4149400e+05   2.5128174e+02
   4.4165900e+05   2.2894287e+02
   4.4172600e+05   1.7224121e+02
   4.4182300e+05   1.6461182e+02
   4.4198500e+05   2.0745850e+02
   4.4218100e+05   2.0880127e+02
   4.4241500e+05   2.0599365e+02
   4.4271200e+05   2.0196533e+02
   4.7235700e+05   1.9458008e+02
   4.7259600e+05   2.0758057e+02
   4.7265500e+05   1.6851807e+02
   4.7277400e+05   1.6467285e+02
   4.7288100e+05   2.1331787e+02
   4.7318400e+05   1.7272949e+02
   4.7336200e+05   2.0550537e+02
   4.7393500e+05   1.7285156e+02
   4.9044900e+05   2.3229980e+02
   4.9064600e+05   1.9989014e+02
   4.9082500e+05   1.7120361e+02
   4.9122600e+05   1.9213867e+02
   5.1568300e+05   1.7987061e+02
   5.1585500e+05   1.8127441e+02
   5.1602400e+05   1.6424561e+02
   5.1624200e+05   1.7297363e+02
   5.1653200e+05   1.8054199e+02
   5.1673000e+05   2.2338867e+01
   5.1685700e+05   1.6174316e+02
   5.1701100e+05   2.1118164e+01
   5.4936600e+05   2.4047852e+02
   5.4950400e+05   1.6839600e+02
   5.4965500e+05   1.7944336e+02
   5.4985300e+05   2.2241211e+02
   5.9304500e+05   2.2729492e+02
   5.9316800e+05   2.3040771e+02
   5.9365800e+05   2.2723389e+02
   5.9393000e+05   2.2583008e+01
   6.0077900e+05   2.2094727e+01
   6.3768400e+05   2.3486328e+02
   6.3800600e+05   2.3736572e+02
   6.5674800e+05   2.4548340e+02
   6.5718500e+05   2.4005127e+02
   6.9409600e+05   2.9235840e+01
   6.9416300e+05   2.2912598e+02
   6.9458000e+05   2.2509766e+02
   6.9506500e+05   2.3693848e+02
   7.2974700e+05   2.1252441e+02
   7.4883200e+05   2.4987793e+02
   7.6709100e+05   2.0697021e+02
   7.9818400e+05   1.9982910e+02
   7.9865300e+05   1.8762207e+02
   8.2162900e+05   1.8273926e+02
   8.5886900e+05   2.4011230e+02
   8.8686900e+05   2.1240234e+01
   9.5704000e+05   2.0776367e+02
   9.5767300e+05   2.2637939e+02
   9.5812600e+05   2.2033691e+01
   1.0800140e+06   2.5823975e+02
   1.0800460e+06   2.7954102e+01
   1.0800710e+06   1.8359375e+02
   1.0801120e+06   1.7651367e+02
   1.0801580e+06   1.4880371e+02
   1.0801970e+06   1.2377930e+02
   1.0802320e+06   8.7646484e+01
   1.0802760e+06   8.8256836e+01
   1.0803120e+06   7.1105957e+01
   1.0803550e+06   6.5246582e+01
   1.0803700e+06   2.1789551e+01
   1.0804160e+06   9.8571777e+01
   1.0804700e+06   9.8327637e+01
   1.0805200e+06   1.0595703e+02
   1.0806050e+06   1.2884521e+02
   1.0806520e+06   8.8684082e+01
   1.0807060e+06   8.8195801e+01
   1.0807830e+06   1.2896729e+02
   1.0808640e+06   2.4291992e+01
   1.0808890e+06   1.2109375e+02
   1.0809480e+06   9.2712402e+01
   1.0810120e+06   9.2224121e+01
   1.0810870e+06   1.0498047e+02
   1.0811880e+06   1.3262939e+02
   1.0812650e+06   1.1993408e+02
   1.0813580e+06   1.4080811e+02
   1.0814650e+06   1.4489746e+02
   1.0815780e+06   1.5319824e+02
   1.0817670e+06   1.6723633e+02
   1.0818750e+06   1.5112305e+02
   1.0820930e+06   1.6241455e+02
   1.0824740e+06   1.4648438e+02
   1.2157710e+06   2.1801758e+02
   1.2160170e+06   2.3352051e+02
   1.2163080e+06   2.2741699e+02
   1.2168030e+06   2.0507813e+02
   1.2173080e+06   1.7248535e+02
   1.3154710e+06   1.9750977e+02
   1.3154910e+06   2.7465820e+01
   1.3155180e+06   1.9012451e+02
   1.3155380e+06   2.5207520e+01
   1.3155730e+06   1.6320801e+02
   1.3156010e+06   1.0980225e+02
   1.3156390e+06   1.0150146e+02
   1.3156740e+06   9.5581055e+01
   1.3157140e+06   7.2631836e+01
   1.3157590e+06   9.7229004e+01
   1.3158200e+06   1.1248779e+02
   1.3158590e+06   7.0007324e+01
   1.3159030e+06   7.2448730e+01
   1.3159550e+06   8.3923340e+01
   1.3159940e+06   6.4880371e+01
   1.3160480e+06   9.0698242e+01
   1.3160800e+06   2.1606445e+01
   1.3161410e+06   1.2963867e+02
   1.3161910e+06   7.6599121e+01
   1.3162190e+06   3.9733887e+01
   1.3162460e+06   1.0449219e+02
   1.3163060e+06   9.1369629e+01
   1.3163290e+06   2.1789551e+01
   1.3163650e+06   8.3618164e+01
   1.3164540e+06   1.2884521e+02
   1.3165240e+06   1.2756348e+02
   1.3166270e+06   1.4434814e+02
   1.3168200e+06   1.5606689e+02
   1.3168700e+06   1.1553955e+02
   1.3170800e+06   1.5728760e+02
   1.3172560e+06   1.4135742e+02
   1.3174890e+06   1.6363525e+02
   1.3178390e+06   1.6998291e+02
   1.3550060e+06   1.8566895e+02
   1.3552450e+06   2.3742676e+02
   1.3553360e+06   1.9268799e+02
   1.3554000e+06   1.7840576e+02
   1.3554470e+06   2.3925781e+01
   1.3554600e+06   1.4306641e+02
   1.3555100e+06   1.2005615e+02
   1.3555400e+06   2.1240234e+01
   1.3555570e+06   1.1657715e+02
   1.3556000e+06   1.0803223e+02
   1.3556440e+06   7.4401855e+01
   1.3556920e+06   7.8613281e+01
   1.3557390e+06   8.4533691e+01
   1.3558100e+06   1.1975098e+02
   1.3558780e+06   1.1688232e+02
   1.3559660e+06   1.0772705e+02
   1.3560940e+06   1.2072754e+02
   1.3561580e+06   1.1340332e+02
   1.3562240e+06   8.9172363e+01
   1.3563130e+06   1.2921143e+02
   1.3563860e+06   1.2902832e+02
   1.3564840e+06   1.1877441e+02
   1.3565670e+06   1.2109375e+02
   1.3566700e+06   1.2451172e+02
   1.3567630e+06   1.3543701e+02
   1.3568850e+06   1.2670898e+02
   1.3569850e+06   1.1151123e+02
   1.3570820e+06   1.1145020e+02
   1.3571420e+06   3.6071777e+01
   1.3572150e+06   1.0632324e+02
   1.3573230e+06   1.1572266e+02
   1.3574270e+06   1.2268066e+02
   1.3575430e+06   1.0388184e+02
   1.3576770e+06   1.1816406e+02
   1.3577920e+06   1.2371826e+02
   1.3579210e+06   1.3476563e+02
   1.3582290e+06   1.5954590e+02
   1.5688200e+06   2.3370361e+02
   1.5689520e+06   1.7645264e+02
   1.5689730e+06   2.4414063e+01
   1.5689900e+06   1.3366699e+02
   1.5690490e+06   1.4801025e+02
   1.5690720e+06   2.7160645e+01
   1.5691010e+06   1.3323975e+02
   1.5691530e+06   1.4550781e+02
   1.5692170e+06   1.5173340e+02
   1.5692610e+06   1.1608887e+02
   1.5693270e+06   1.0247803e+02
   1.5693740e+06   6.6223145e+01
   1.5694370e+06   9.2407227e+01
   1.5694820e+06   7.4951172e+01
   1.5695430e+06   9.5153809e+01
   1.5695830e+06   2.4475098e+01
   1.5696160e+06   9.7595215e+01
   1.5696710e+06   9.5214844e+01
   1.5697030e+06   2.9907227e+01
   1.5697310e+06   9.1918945e+01
   1.5697860e+06   8.8989258e+01
   1.5698620e+06   1.1761475e+02
   1.5699510e+06   1.1260986e+02
   1.5700460e+06   1.0375977e+02
   1.5701230e+06   9.0637207e+01
   1.5702140e+06   1.3238525e+02
   1.5702830e+06   1.0382080e+02
   1.5703390e+06   9.0270996e+01
   1.5703560e+06   2.2888184e+01
   1.5704150e+06   1.1938477e+02
   1.5705500e+06   1.3262939e+02
   1.5706720e+06   1.3854980e+02
   1.5709170e+06   1.6131592e+02
   1.5710790e+06   1.3714600e+02
   1.6155050e+06   2.3388672e+02
   1.6158250e+06   2.1179199e+01
   1.6159280e+06   1.8597412e+02
   1.6160620e+06   1.9427490e+02
   1.6162740e+06   1.9799805e+02
   1.6163490e+06   1.6937256e+02
   1.6164220e+06   1.6479492e+02
   1.6164480e+06   2.4719238e+01
   1.6164590e+06   1.1370850e+02
   1.6165340e+06   1.5527344e+02
   1.6166020e+06   1.5002441e+02
   1.6166510e+06   1.0046387e+02
   1.6166930e+06   5.5847168e+01
   1.6167390e+06   5.2307129e+01
   1.6167900e+06   6.5551758e+01
   1.6168610e+06   9.8510742e+01
   1.6169360e+06   8.2885742e+01
   1.6170090e+06   9.3750000e+01
   1.6170720e+06   9.3017578e+01
   1.6171760e+06   9.2956543e+01
   1.6172650e+06   8.4594727e+01
   1.6173330e+06   9.7595215e+01
   1.6174080e+06   1.0717773e+02
   1.6175090e+06   1.3079834e+02
   1.6175900e+06   1.1358643e+02
   1.6177160e+06   1.1676025e+02
   1.6178370e+06   1.2145996e+02
   1.6179220e+06   1.1450195e+02
   1.6179980e+06   9.9731445e+01
   1.6181190e+06   1.2365723e+02
   1.6181730e+06   9.0332031e+01
   1.6182980e+06   1.1132813e+02
   1.6184670e+06   1.1999512e+02
   1.6186360e+06   1.3238525e+02
   1.6188170e+06   1.2976074e+02
   1.6189770e+06   1.5277100e+02
   1.8823120e+06   1.9104004e+02
   1.8823660e+06   1.9842529e+02
   1.8825700e+06   1.7346191e+02
   1.8826740e+06   1.8939209e+02
   1.8827540e+06   1.7059326e+02
   1.8827900e+06   2.5878906e+01
   1.8828140e+06   1.4642334e+02
   1.8828540e+06   1.1376953e+02
   1.8828960e+06   1.0900879e+02
   1.8829380e+06   9.5703125e+01
   1.8830090e+06   1.3867188e+02
   1.8830610e+06   1.3238525e+02
   1.8831320e+06   1.3519287e+02
   1.8831840e+06   3.2775879e+01
   1.8832130e+06   2.6367188e+01
   1.8832400e+06   7.8369141e+01
   1.8832950e+06   6.2316895e+01
   1.8833500e+06   7.8613281e+01
   1.8834590e+06   1.2017822e+02
   1.8835100e+06   7.3608398e+01
   1.8835720e+06   6.4575195e+01
   1.8836260e+06   6.8359375e+01
   1.8837120e+06   1.0156250e+02
   1.8837990e+06   1.0284424e+02
   1.8838910e+06   6.9641113e+01
   1.8839810e+06   1.1663818e+02
   1.8840190e+06   2.1972656e+01
   1.8840550e+06   1.1499023e+02
   1.8841770e+06   1.1517334e+02
   1.8842710e+06   1.2005615e+02
   1.8843840e+06   1.4398193e+02
   1.8845880e+06   1.5240479e+02
   1.8848910e+06   1.4166260e+02
   1.8852460e+06   1.4770508e+02
   1.8855770e+06   2.2583008e+01
   1.8859860e+06   2.4902344e+01
   1.9244260e+06   2.2619629e+02
   1.9246600e+06   2.1990967e+02
   1.9247080e+06   1.6802979e+02
   1.9248240e+06   1.8383789e+02
   1.9249290e+06   1.8225098e+02
   1.9249660e+06   2.1545410e+01
   1.9250140e+06   1.6528320e+02
   1.9250510e+06   1.0925293e+02
   1.9250740e+06   2.1606445e+01
   1.9251030e+06   1.2652588e+02
   1.9251470e+06   1.0540771e+02
   1.9252000e+06   9.8937988e+01
   1.9252670e+06   9.2346191e+01
   1.9253290e+06   9.2651367e+01
   1.9253910e+06   8.5876465e+01
   1.9254460e+06   5.9631348e+01
   1.9255090e+06   8.9660645e+01
   1.9255730e+06   6.5063477e+01
   1.9256630e+06   1.1016846e+02
   1.9257540e+06   1.0955811e+02
   1.9258160e+06   1.1358643e+02
   1.9258860e+06   8.6853027e+01
   1.9259550e+06   9.6740723e+01
   1.9260150e+06   7.4462891e+01
   1.9260890e+06   1.0009766e+02
   1.9261970e+06   1.2683105e+02
   1.9263110e+06   1.2341309e+02
   1.9265160e+06   1.2536621e+02
   1.9266130e+06   1.2963867e+02
   1.9266930e+06   1.1163330e+02
   1.9268050e+06   1.1346436e+02
   1.9270370e+06   1.4837646e+02
   1.9271850e+06   1.3769531e+02
   1.9274330e+06   1.3983154e+02
   1.9274440e+06   2.2277832e+01
   2.1506480e+06   1.7712402e+02
   2.1508080e+06   2.1118164e+02
   2.1508450e+06   1.5240479e+02
   2.1509380e+06   1.6497803e+02
   2.1509830e+06   1.3378906e+02
   2.1510230e+06   5.0292969e+01
   2.1510790e+06   1.2890625e+02
   2.1511290e+06   1.3580322e+02
   2.1511820e+06   1.1242676e+02
   2.1512250e+06   9.0087891e+01
   2.1512790e+06   1.0607910e+02
   2.1513360e+06   9.7595215e+01
   2.1513960e+06   7.6232910e+01
   2.1514750e+06   1.1376953e+02
   2.1515410e+06   9.5275879e+01
   2.1515640e+06   2.1179199e+01
   2.1516250e+06   1.2249756e+02
   2.1517120e+06   1.2493896e+02
   2.1517970e+06   1.2341309e+02
   2.1518700e+06   1.1108398e+02
   2.1519450e+06   9.8449707e+01
   2.1520280e+06   1.1352539e+02
   2.1521190e+06   1.2158203e+02
   2.1522260e+06   1.3281250e+02
   2.1523700e+06   1.3714600e+02
   2.1525000e+06   1.2164307e+02
   2.1528580e+06   1.6455078e+02
   2.1532440e+06   1.4752197e+02
   2.2018820e+06   2.2674561e+02
   2.2021050e+06   2.2546387e+02
   2.2022990e+06   1.9122314e+02
   2.2023590e+06   1.6082764e+02
   2.2024170e+06   1.5173340e+02
   2.2024900e+06   1.6717529e+02
   2.2025600e+06   1.5026855e+02
   2.2025700e+06   2.2949219e+01
   2.2026220e+06   1.3659668e+02
   2.2026660e+06   2.8686523e+01
   2.2026800e+06   1.2622070e+02
   2.2027470e+06   1.2017822e+02
   2.2027710e+06   2.1118164e+01
   2.2028160e+06   7.6538086e+01
   2.2029020e+06   1.1328125e+02
   2.2029310e+06   2.1789551e+01
   2.2029710e+06   7.6416016e+01
   2.2030310e+06   8.2153320e+01
   2.2030990e+06   8.9782715e+01
   2.2031600e+06   8.0627441e+01
   2.2032250e+06   1.0040283e+02
   2.2033320e+06   1.2622070e+02
   2.2034220e+06   5.1269531e+01
   2.2035640e+06   1.3171387e+02
   2.2036810e+06   1.2487793e+02
   2.2037500e+06   1.0638428e+02
   2.2038560e+06   1.2420654e+02
   2.2039950e+06   1.2640381e+02
   2.2041040e+06   1.4923096e+02
   2.2042420e+06   1.2365723e+02
   2.2045270e+06   1.3464355e+02
   2.2905660e+06   1.9476318e+02
   2.2907660e+06   5.5786133e+01
   2.2908210e+06   1.7266846e+02
   2.2908670e+06   2.6550293e+01
   2.2909080e+06   1.6711426e+02
   2.2909520e+06   1.2243652e+02
   2.2909890e+06   1.0479736e+02
   2.2910320e+06   9.2590332e+01
   2.2910670e+06   2.1484375e+01
   2.2910860e+06   9.3139648e+01
   2.2911560e+06   1.0375977e+02
   2.2912110e+06   3.1311035e+01
   2.2912640e+06   8.9660645e+01
   2.2913450e+06   1.1126709e+02
   2.2914310e+06   1.2420654e+02
   2.2915190e+06   1.1791992e+02
   2.2915950e+06   1.1688232e+02
   2.2916210e+06   2.1545410e+01
   2.2916830e+06   1.2213135e+02
   2.2918030e+06   1.2438965e+02
   2.2919000e+06   3.3752441e+01
   2.2920860e+06   1.2750244e+02
   2.2922030e+06   1.4825439e+02
   2.2923330e+06   1.4385986e+02
   2.2924770e+06   1.5429687e+02
   2.2927410e+06   1.5887451e+02
   2.4231690e+06   1.6375732e+02
   2.4233140e+06   2.2363281e+02
   2.4233640e+06   1.5515137e+02
   2.4234320e+06   2.2216797e+01
   2.4234510e+06   1.6949463e+02
   2.4234840e+06   1.0516357e+02
   2.4235430e+06   1.3470459e+02
   2.4235690e+06   2.2399902e+01
   2.4235990e+06   2.3620605e+01
   2.4236210e+06   1.5344238e+02
   2.4236630e+06   9.8937988e+01
   2.4237140e+06   1.0321045e+02
   2.4237790e+06   1.0931396e+02
   2.4238260e+06   8.6425781e+01
   2.4238970e+06   1.0473633e+02
   2.4239540e+06   2.2033691e+01
   2.4240410e+06   6.9885254e+01
   2.4240630e+06   2.4597168e+01
   2.4241150e+06   1.0961914e+02
   2.4242000e+06   1.0772705e+02
   2.4243230e+06   1.2683105e+02
   2.4243800e+06   8.2946777e+01
   2.4245250e+06   9.4116211e+01
   2.4246010e+06   1.2463379e+02
   2.4248070e+06   1.3989258e+02
   2.4248660e+06   1.0852051e+02
   2.4252350e+06   1.4532471e+02
   2.4255730e+06   1.4477539e+02
   2.5497540e+06   2.2033691e+02
   2.5503010e+06   1.9458008e+02
   2.5504540e+06   2.1710205e+02
   2.5506280e+06   1.9555664e+02
   2.5506700e+06   1.3378906e+02
   2.5507600e+06   1.5820313e+02
   2.5508070e+06   1.3299561e+02
   2.5508700e+06   1.3641357e+02
   2.5509120e+06   2.1118164e+01
   2.5509410e+06   1.3500977e+02
   2.5509960e+06   1.0064697e+02
   2.5510630e+06   1.1566162e+02
   2.5511260e+06   1.1724854e+02
   2.5511730e+06   8.3862305e+01
   2.5512420e+06   1.0467529e+02
   2.5512850e+06   7.4401855e+01
   2.5513500e+06   8.5937500e+01
   2.5514710e+06   1.0809326e+02
   2.5515380e+06   9.7351074e+01
   2.5516310e+06   1.2005615e+02
   2.5517060e+06   7.0556641e+01
   2.5517820e+06   1.0699463e+02
   2.5518630e+06   1.0693359e+02
   2.5519550e+06   1.3201904e+02
   2.5521320e+06   1.2426758e+02
   2.5522270e+06   1.2158203e+02
   2.5524480e+06   1.3830566e+02
   2.5526240e+06   1.3842773e+02
   2.5528120e+06   1.1077881e+02
   2.6118280e+06   2.2711182e+02
   2.6120020e+06   1.6754150e+02
   2.6121040e+06   2.0111084e+02
   2.6122010e+06   1.9079590e+02
   2.6122640e+06   1.3421631e+02
   2.6123230e+06   1.4605713e+02
   2.6123890e+06   1.4849854e+02
   2.6124570e+06   1.4422607e+02
   2.6124830e+06   3.2836914e+01
   2.6125000e+06   8.2153320e+01
   2.6125550e+06   8.5754395e+01
   2.6126220e+06   9.4665527e+01
   2.6127160e+06   1.0363770e+02
   2.6127390e+06   2.2583008e+01
   2.6127800e+06   8.7280273e+01
   2.6128090e+06   2.7221680e+01
   2.6128540e+06   1.1151123e+02
   2.6129300e+06   1.0949707e+02
   2.6129670e+06   2.3986816e+01
   2.6130560e+06   1.3330078e+02
   2.6132000e+06   1.3702393e+02
   2.6133030e+06   1.2054443e+02
   2.6133970e+06   1.3641357e+02
   2.6135550e+06   1.4288330e+02
   2.6135860e+06   2.3193359e+01
   2.6137840e+06   1.3073730e+02
   2.6140350e+06   1.5856934e+02
   2.6539460e+06   2.0062256e+02
   2.6543790e+06   1.9085693e+02
   2.6545860e+06   1.7004395e+02
   2.6547480e+06   1.9976807e+02
   2.6550190e+06   1.5997314e+02
   2.6556010e+06   1.9836426e+02
   2.7103630e+06   2.1807861e+02
   2.7105970e+06   1.9183350e+02
   2.7107500e+06   1.6949463e+02
   2.7109970e+06   1.8090820e+02
   2.7112990e+06   1.8273926e+02
   2.7116490e+06   1.6223145e+02
   2.7507070e+06   2.0739746e+02
   2.7512040e+06   1.8902588e+02
   2.7514350e+06   1.9122314e+02
   2.7516050e+06   1.7999268e+02
   2.7521180e+06   2.2521973e+01
   2.8081360e+06   2.0458984e+02
   2.8083770e+06   1.7669678e+02
   2.8086100e+06   1.8341064e+02
   2.8090240e+06   1.6271973e+02
   2.8093830e+06   1.3562012e+02
   2.8949550e+06   2.1484375e+01
   3.1174050e+06   2.0477295e+02
   3.1491170e+06   2.2717285e+02
   3.1738770e+06   2.1063232e+02
   3.2367270e+06   1.9122314e+02
   3.2650770e+06   2.1301270e+02
   3.3205160e+06   2.0977783e+02
   3.4051890e+06   1.7773438e+02
   3.4872320e+06   2.2833252e+02
   3.5217460e+06   1.7956543e+02
   3.5218060e+06   1.6949463e+02
   3.5218270e+06   3.0029297e+01
   3.5218560e+06   1.6790771e+02
   3.5218770e+06   2.2644043e+01
   3.5218950e+06   1.2219238e+02
   3.5219350e+06   1.1468506e+02
   3.5219740e+06   8.8378906e+01
   3.5220420e+06   1.2268066e+02
   3.5220930e+06   1.1352539e+02
   3.5221640e+06   1.1944580e+02
   3.5222240e+06   1.0980225e+02
   3.5222870e+06   1.1822510e+02
   3.5223610e+06   1.2719727e+02
   3.5224090e+06   9.0820313e+01
   3.5224890e+06   9.8510742e+01
   3.5225730e+06   1.2719727e+02
   3.5226370e+06   1.0754395e+02
   3.5227510e+06   1.4843750e+02
   3.5228620e+06   1.3140869e+02
   3.5229690e+06   1.2933350e+02
   3.5231000e+06   1.3293457e+02
   3.5232980e+06   1.4465332e+02
   3.5234090e+06   1.3671875e+02
   3.5236520e+06   1.5881348e+02
   3.5240690e+06   1.6265869e+02
   3.5874370e+06   1.9970703e+02
   3.5876220e+06   2.2601318e+02
   3.5876860e+06   1.7687988e+02
   3.5877270e+06   1.2011719e+02
   3.5877410e+06   2.6245117e+01
   3.5877770e+06   1.3592529e+02
   3.5878350e+06   1.2573242e+02
   3.5878860e+06   1.0211182e+02
   3.5879380e+06   9.2712402e+01
   3.5879900e+06   9.0332031e+01
   3.5880320e+06   2.1850586e+01
   3.5880770e+06   1.2213135e+02
   3.5882490e+06   1.5093994e+02
   3.5883520e+06   1.4331055e+02
   3.5884910e+06   1.6131592e+02
   3.5886100e+06   1.4831543e+02
   3.5888090e+06   1.5045166e+02
   3.5889130e+06   3.5217285e+01
   3.5890070e+06   1.4239502e+02
   3.5891130e+06   1.4617920e+02
   3.5892240e+06   1.4453125e+02
   3.5894340e+06   1.4367676e+02
   3.5895470e+06   1.4764404e+02
   3.5897070e+06   1.4007568e+02
   3.5899140e+06   1.4428711e+02
   3.5903020e+06   1.5258789e+02
   4.5921880e+06   2.0690918e+02
   4.5922210e+06   1.5112305e+02
   4.5922430e+06   2.8625488e+01
   4.5922610e+06   1.4965820e+02
   4.5922870e+06   2.2888184e+01
   4.5923000e+06   1.2634277e+02
   4.5923480e+06   1.1096191e+02
   4.5923950e+06   9.5092773e+01
   4.5924500e+06   1.0083008e+02
   4.5925080e+06   9.1247559e+01
   4.5925490e+06   7.0373535e+01
   4.5926010e+06   8.0139160e+01
   4.5926650e+06   9.2529297e+01
   4.5927110e+06   6.4880371e+01
   4.5927860e+06   1.1016846e+02
   4.5928360e+06   7.2082520e+01
   4.5929080e+06   7.3303223e+01
   4.5929810e+06   9.3505859e+01
   4.5930300e+06   5.6030273e+01
   4.5931010e+06   4.4921875e+01
   4.5931920e+06   9.0515137e+01
   4.5932700e+06   1.0717773e+02
   4.5933650e+06   1.2036133e+02
   4.5935330e+06   1.5087891e+02
   4.5936690e+06   1.4245605e+02
   4.5939230e+06   1.3909912e+02
   4.5942560e+06   1.5313721e+02
   4.5944170e+06   1.5039062e+02
   4.5949550e+06   1.8188477e+02
   4.5951030e+06   1.6033936e+02
   4.5962620e+06   1.6851807e+02
   4.6861040e+06   2.3345947e+02
   4.6870050e+06   2.1612549e+02
   4.6871060e+06   1.7077637e+02
   4.6871990e+06   1.5472412e+02
   4.6872350e+06   1.0687256e+02
   4.6872640e+06   2.4719238e+01
   4.6872930e+06   1.5185547e+02
   4.6873480e+06   1.3470459e+02
   4.6873860e+06   8.3190918e+01
   4.6874310e+06   8.3862305e+01
   4.6874860e+06   8.6853027e+01
   4.6875550e+06   9.4421387e+01
   4.6876470e+06   1.0815430e+02
   4.6877220e+06   8.6669922e+01
   4.6878230e+06   1.1395264e+02
   4.6878980e+06   1.1749268e+02
   4.6879890e+06   1.1529541e+02
   4.6880990e+06   1.2866211e+02
   4.6881970e+06   1.1230469e+02
   4.6882850e+06   1.1407471e+02
   4.6883630e+06   1.0577393e+02
   4.6883730e+06   2.9296875e+01
   4.6884760e+06   1.3098145e+02
   4.6886340e+06   1.4202881e+02
   4.6887810e+06   1.4520264e+02
   4.6888850e+06   9.7351074e+01
   4.6891220e+06   1.4312744e+02
   4.6894110e+06   1.1529541e+02
   4.6896020e+06   1.4971924e+02
   4.6897290e+06   1.4202881e+02
   4.6899110e+06   1.5319824e+02
   4.6901300e+06   1.5362549e+02
   4.6903700e+06   1.4831543e+02
   4.7755010e+06   2.0068359e+02
   4.8002850e+06   1.9396973e+02
   4.8575090e+06   1.7169189e+02
   5.0737650e+06   1.9354248e+02
   5.0739040e+06   2.1124268e+02
   5.0739190e+06   2.4475098e+01
   5.0739400e+06   1.3018799e+02
   5.0739730e+06   1.0394287e+02
   5.0740200e+06   1.1407471e+02
   5.0740650e+06   8.6914063e+01
   5.0741170e+06   1.1480713e+02
   5.0741620e+06   7.9528809e+01
   5.0742110e+06   5.6823730e+01
   5.0742660e+06   7.6416016e+01
   5.0743460e+06   1.0388184e+02
   5.0743970e+06   7.8186035e+01
   5.0744490e+06   7.8247070e+01
   5.0745190e+06   7.6904297e+01
   5.0745730e+06   4.7302246e+01
   5.0746700e+06   7.3974609e+01
   5.0747480e+06   8.3435059e+01
   5.0749220e+06   1.2902832e+02
   5.0750670e+06   1.3647461e+02
   5.0751930e+06   1.3598633e+02
   5.0753720e+06   1.3049316e+02
   5.0755110e+06   1.4074707e+02
   5.0756230e+06   1.3739014e+02
   5.0758280e+06   1.4764404e+02
   5.0761100e+06   1.5484619e+02
   5.0767550e+06   1.5496826e+02
   5.2833090e+06   1.7639160e+02
   5.3777260e+06   1.7932129e+02
   5.3777700e+06   1.6442871e+02
   5.3777810e+06   3.3447266e+01
   5.3778100e+06   1.5264893e+02
   5.3778500e+06   1.1907959e+02
   5.3779070e+06   1.1499023e+02
   5.3779350e+06   2.2460938e+01
   5.3779560e+06   8.2519531e+01
   5.3779980e+06   7.4707031e+01
   5.3780390e+06   5.9326172e+01
   5.3780900e+06   7.5012207e+01
   5.3781160e+06   2.2705078e+01
   5.3781370e+06   6.9763184e+01
   5.3781680e+06   4.0954590e+01
   5.3781860e+06   7.0373535e+01
   5.3782100e+06   2.3559570e+01
   5.3782480e+06   8.7158203e+01
   5.3782980e+06   5.9448242e+01
   5.3783630e+06   7.4035645e+01
   5.3784240e+06   6.3354492e+01
   5.3784860e+06   7.7697754e+01
   5.3785570e+06   5.5541992e+01
   5.3786470e+06   1.0974121e+02
   5.3787350e+06   1.1877441e+02
   5.3788550e+06   1.3787842e+02
   5.3789580e+06   1.3543701e+02
   5.3790490e+06   1.3470459e+02
   5.3792540e+06   1.6406250e+02
   5.3794890e+06   1.5582275e+02
   5.3797310e+06   1.6168213e+02
   5.3802890e+06   1.6656494e+02
   5.3804830e+06   1.6137695e+02
   5.3816630e+06   2.3498535e+01
   5.3817780e+06   1.6992187e+02
   5.4982800e+06   2.1392822e+02
   5.5530550e+06   2.0849609e+02
   5.5583790e+06   1.7218018e+02
   5.5584530e+06   1.6113281e+02
   5.5584690e+06   3.2287598e+01
   5.5584940e+06   1.2030029e+02
   5.5585340e+06   1.1401367e+02
   5.5585790e+06   9.6313477e+01
   5.5586230e+06   1.0968018e+02
   5.5586670e+06   9.6435547e+01
   5.5586870e+06   2.9846191e+01
   5.5587120e+06   6.3964844e+01
   5.5587710e+06   9.7106934e+01
   5.5587900e+06   2.7832031e+01
   5.5588220e+06   8.4350586e+01
   5.5588890e+06   9.7595215e+01
   5.5589070e+06   2.7343750e+01
   5.5589510e+06   8.8745117e+01
   5.5590040e+06   8.6486816e+01
   5.5590700e+06   9.6374512e+01
   5.5591440e+06   1.0681152e+02
   5.5592190e+06   1.0150146e+02
   5.5592860e+06   8.2946777e+01
   5.5593820e+06   1.0571289e+02
   5.5594990e+06   1.2872314e+02
   5.5595930e+06   1.0504150e+02
   5.5597140e+06   1.2744141e+02
   5.5598940e+06   1.5069580e+02
   5.5601060e+06   1.5203857e+02
   5.5603160e+06   1.5673828e+02
   5.5604680e+06   1.4575195e+02
   5.5606780e+06   1.5142822e+02
   5.5608580e+06   1.4300537e+02
   5.5611790e+06   1.4477539e+02
   5.5616080e+06   1.5509033e+02
   5.6440320e+06   1.9750977e+02
   5.8864320e+06   1.9232178e+02
   6.0318060e+06   2.0849609e+02
   6.3026480e+06   2.1337891e+02
   6.3027290e+06   1.8457031e+02
   6.3027470e+06   2.2399902e+01
   6.3027680e+06   1.4465332e+02
   6.3028050e+06   4.9743652e+01
   6.3028460e+06   1.0144043e+02
   6.3028940e+06   1.0961914e+02
   6.3029420e+06   9.0026855e+01
   6.3029990e+06   7.2998047e+01
   6.3030400e+06   5.3466797e+01
   6.3030700e+06   2.6550293e+01
   6.3031070e+06   9.7961426e+01
   6.3031520e+06   5.3710938e+01
   6.3032140e+06   7.4218750e+01
   6.3032620e+06   6.8908691e+01
   6.3033210e+06   7.5927734e+01
   6.3033680e+06   5.5969238e+01
   6.3034330e+06   6.1645508e+01
   6.3034560e+06   2.2094727e+01
   6.3034850e+06   6.1828613e+01
   6.3035580e+06   8.9660645e+01
   6.3036030e+06   3.6132813e+01
   6.3036970e+06   1.0803223e+02
   6.3037840e+06   1.1932373e+02
   6.3039510e+06   1.3256836e+02
   6.3041300e+06   1.3299561e+02
   6.3044030e+06   1.6406250e+02
   6.3047500e+06   1.7883301e+02
   6.3048970e+06   1.6436768e+02
   6.3051230e+06   1.5289307e+02
   6.3057990e+06   1.4178467e+02
   6.7840130e+06   2.4163818e+02
   6.7840770e+06   2.8930664e+01
   6.7840930e+06   2.0819092e+02
   6.7841330e+06   1.4392090e+02
   6.7841650e+06   9.8571777e+01
   6.7842020e+06   9.1064453e+01
   6.7842420e+06   8.3862305e+01
   6.7842950e+06   8.9477539e+01
   6.7843390e+06   7.9040527e+01
   6.7843880e+06   7.0068359e+01
   6.7844410e+06   8.0688477e+01
   6.7844580e+06   2.8198242e+01
   6.7844960e+06   7.0861816e+01
   6.7845370e+06   5.4443359e+01
   6.7845830e+06   3.4973145e+01
   6.7846510e+06   7.5805664e+01
   6.7847040e+06   6.3171387e+01
   6.7847620e+06   5.6884766e+01
   6.7848270e+06   8.0078125e+01
   6.7848860e+06   8.8073730e+01
   6.7849560e+06   7.9406738e+01
   6.7850530e+06   1.0791016e+02
   6.7852020e+06   1.4160156e+02
   6.7853250e+06   1.4996338e+02
   6.7854350e+06   1.3525391e+02
   6.7856040e+06   1.3311768e+02
   6.7857940e+06   1.5698242e+02
   6.7859320e+06   1.5435791e+02
   6.7862720e+06   1.4624023e+02
   6.7864950e+06   1.5771484e+02
   6.7868760e+06   1.5911865e+02
   6.7872750e+06   1.4105225e+02
   6.9200660e+06   1.7486572e+02
   7.1400140e+06   1.9903564e+02
   7.6838470e+06   2.2186279e+02
   7.6839220e+06   2.0989990e+02
   7.6839580e+06   1.2127686e+02
   7.6839920e+06   2.6733398e+01
   7.6840350e+06   8.6669922e+01
   7.6840740e+06   7.9101563e+01
   7.6841220e+06   5.7006836e+01
   7.6841570e+06   5.2368164e+01
   7.6842090e+06   8.5510254e+01
   7.6842560e+06   5.8898926e+01
   7.6843020e+06   4.8950195e+01
   7.6843530e+06   4.9133301e+01
   7.6844000e+06   5.7067871e+01
   7.6844450e+06   4.1870117e+01
   7.6844740e+06   2.2949219e+01
   7.6845000e+06   5.1025391e+01
   7.6845520e+06   5.1879883e+01
   7.6846220e+06   6.7932129e+01
   7.6846860e+06   6.7016602e+01
   7.6847140e+06   2.3803711e+01
   7.6847530e+06   6.6406250e+01
   7.6848780e+06   1.0266113e+02
   7.6850020e+06   1.3366699e+02
   7.6851850e+06   1.3995361e+02
   7.6853650e+06   1.3555908e+02
   7.6856100e+06   1.5899658e+02
   7.6857400e+06   1.6131592e+02
   7.6859470e+06   1.5637207e+02
   7.6867220e+06   1.6723633e+02
   7.6874260e+06   1.8652344e+02
   8.5577190e+06   1.6729736e+02
   8.5577720e+06   2.2399902e+01
   8.5577880e+06   1.8273926e+02
   8.5578340e+06   1.5368652e+02
   8.5578640e+06   9.3505859e+01
   8.5578890e+06   2.6367188e+01
   8.5579100e+06   1.2353516e+02
   8.5579490e+06   7.4645996e+01
   8.5579830e+06   4.1870117e+01
   8.5580220e+06   5.0354004e+01
   8.5580590e+06   4.3579102e+01
   8.5580830e+06   3.2958984e+01
   8.5581200e+06   3.2226563e+01
   8.5581400e+06   6.4331055e+01
   8.5581580e+06   2.5573730e+01
   8.5581950e+06   2.1850586e+01
   8.5582230e+06   3.6926270e+01
   8.5582810e+06   6.0485840e+01
   8.5583270e+06   3.8269043e+01
   8.5583740e+06   2.9907227e+01
   8.5584460e+06   4.9133301e+01
   8.5584670e+06   2.6977539e+01
   8.5585050e+06   5.6884766e+01
   8.5585640e+06   5.1269531e+01
   8.5585940e+06   3.7536621e+01
   8.5586190e+06   5.8288574e+01
   8.5586890e+06   8.2275391e+01
   8.5587630e+06   1.1163330e+02
   8.5588580e+06   5.6640625e+01
   8.5588920e+06   2.4475098e+01
   8.5589790e+06   1.3323975e+02
   8.5591310e+06   1.3507080e+02
   8.5593140e+06   1.5606689e+02
   8.5595770e+06   1.3262939e+02
   8.5597720e+06   1.5948486e+02
   8.5599440e+06   1.4050293e+02
   8.5601180e+06   1.5972900e+02
   8.5602890e+06   1.5332031e+02
   8.5607580e+06   1.7443848e+02
   8.5612610e+06   1.8090820e+02
   9.5972150e+06   2.6062012e+01
   9.5972590e+06   1.9549561e+02
   9.5973160e+06   1.8408203e+02
   9.5973620e+06   1.5850830e+02
   9.5974020e+06   1.1718750e+02
   9.5974330e+06   7.0922852e+01
   9.5974650e+06   6.0058594e+01
   9.5974970e+06   4.8156738e+01
   9.5975330e+06   5.2368164e+01
   9.5975660e+06   3.9916992e+01
   9.5976050e+06   3.8818359e+01
   9.5976370e+06   3.2165527e+01
   9.5976790e+06   4.2602539e+01
   9.5977180e+06   3.4912109e+01
   9.5977360e+06   2.3986816e+01
   9.5977520e+06   3.1799316e+01
   9.5979030e+06   3.4973145e+01
   9.5979190e+06   2.1362305e+01
   9.5979560e+06   2.2827148e+01
   9.5979800e+06   2.4963379e+01
   9.5980360e+06   2.1667480e+01
   9.5980820e+06   3.2775879e+01
   9.5981520e+06   4.6875000e+01
   9.5982110e+06   7.2692871e+01
   9.5982930e+06   8.3618164e+01
   9.5983540e+06   8.2092285e+01
   9.5984580e+06   1.0827637e+02
   9.5985840e+06   1.2786865e+02
   9.5987550e+06   1.4697266e+02
   9.5990010e+06   1.0974121e+02
   9.5992980e+06   1.6088867e+02
   9.5995910e+06   1.6705322e+02
   9.5998790e+06   1.6418457e+02
   1.0284787e+07   1.8109131e+02
   1.0284833e+07   1.9964600e+02
   1.0284880e+07   1.4251709e+02
   1.0284910e+07   1.1712646e+02
   1.0284944e+07   1.0998535e+02
   1.0284974e+07   4.8278809e+01
   1.0285009e+07   7.8063965e+01
   1.0285043e+07   4.7729492e+01
   1.0285077e+07   5.6823730e+01
   1.0285116e+07   4.9499512e+01
   1.0285157e+07   7.4157715e+01
   1.0285170e+07   2.3742676e+01
   1.0285210e+07   5.8166504e+01
   1.0285244e+07   2.1728516e+01
   1.0285285e+07   3.1738281e+01
   1.0285312e+07   2.1606445e+01
   1.0285338e+07   3.1555176e+01
   1.0285362e+07   3.3203125e+01
   1.0285387e+07   3.1188965e+01
   1.0285427e+07   3.3630371e+01
   1.0285453e+07   2.2583008e+01
   1.0285479e+07   3.3813477e+01
   1.0285517e+07   3.6193848e+01
   1.0285577e+07   4.4738770e+01
   1.0285621e+07   4.7546387e+01
   1.0285674e+07   5.6823730e+01
   1.0285726e+07   5.6396484e+01
   1.0285784e+07   5.3161621e+01
   1.0285843e+07   6.7199707e+01
   1.0285929e+07   1.1212158e+02
   1.0286008e+07   1.0675049e+02
   1.0286097e+07   1.1279297e+02
   1.0286182e+07   1.0656738e+02
   1.0286274e+07   1.2304688e+02
   1.0286410e+07   1.3885498e+02
   1.0286665e+07   1.4770508e+02
   1.0286898e+07   1.4739990e+02
   1.0287105e+07   1.4794922e+02
   1.0287349e+07   1.5905762e+02
   1.0287543e+07   1.4465332e+02
   1.0288485e+07   1.3806152e+02
   1.0289229e+07   1.7687988e+02
   1.0510466e+07   2.1459961e+02
   1.0510548e+07   1.7504883e+02
   1.0510578e+07   1.2567139e+02
   1.0510617e+07   1.3104248e+02
   1.0510648e+07   8.5205078e+01
   1.0510686e+07   8.7829590e+01
   1.0510723e+07   7.2937012e+01
   1.0510754e+07   5.6762695e+01
   1.0510792e+07   7.6049805e+01
   1.0510841e+07   7.4584961e+01
   1.0510888e+07   5.9631348e+01
   1.0510931e+07   6.7565918e+01
   1.0510969e+07   5.0476074e+01
   1.0511010e+07   5.2307129e+01
   1.0511036e+07   2.4658203e+01
   1.0511064e+07   6.2988281e+01
   1.0511108e+07   5.3405762e+01
   1.0511155e+07   4.9072266e+01
   1.0511201e+07   4.3823242e+01
   1.0511243e+07   4.2053223e+01
   1.0511285e+07   3.3813477e+01
   1.0511334e+07   5.9997559e+01
   1.0511389e+07   6.3293457e+01
   1.0511443e+07   7.1228027e+01
   1.0511510e+07   7.7819824e+01
   1.0511602e+07   8.8317871e+01
   1.0511685e+07   1.1077881e+02
   1.0511772e+07   1.0784912e+02
   1.0511993e+07   1.4715576e+02
   1.0512098e+07   1.3763428e+02
   1.0512474e+07   1.5356445e+02
   1.0512676e+07   1.4459229e+02
   1.0512819e+07   1.5478516e+02
   1.0512983e+07   1.3836670e+02
   1.0513100e+07   1.4233398e+02
   1.0513518e+07   1.4312744e+02
   1.0513847e+07   1.4416504e+02
   1.0514031e+07   1.2982178e+02
