   1.1999000e+07   0.0000000e+00
   2.9879000e+04   2.2827148e+01
   6.5703000e+04   2.2888184e+01
   2.2419900e+05   2.5695801e+01
   2.2427600e+05   2.5146484e+01
   2.8335200e+05   2.1850586e+01
   3.3894100e+05   2.3986816e+01
   3.3962800e+05   2.2888184e+01
   1.0801350e+06   2.3193359e+01
   1.2639240e+06   2.3010254e+01
   1.3155700e+06   2.9785156e+01
   1.3156710e+06   2.1911621e+01
   1.3547950e+06   2.3193359e+01
   1.5692760e+06   2.1667480e+01
   1.6167160e+06   2.2827148e+01
   1.8829750e+06   2.4047852e+01
   1.8830690e+06   2.4047852e+01
   1.8831100e+06   2.4230957e+01
   1.9251130e+06   2.1667480e+01
   2.1511230e+06   2.4353027e+01
   2.1511770e+06   2.3437500e+01
   2.1512200e+06   2.2216797e+01
   2.1515300e+06   2.2705078e+01
   2.2910370e+06   2.3681641e+01
   3.5219320e+06   2.6672363e+01
   4.5928770e+06   2.2521973e+01
   4.6874030e+06   2.1545410e+01
   4.6874750e+06   2.2155762e+01
   5.3778200e+06   2.2338867e+01
   5.3778890e+06   2.2521973e+01
   6.0446600e+06   2.1850586e+01
   6.3027870e+06   2.3498535e+01
   6.3028470e+06   2.6611328e+01
   7.6840040e+06   2.3437500e+01
   7.6842820e+06   2.4291992e+01
   8.4751410e+06   2.1240234e+01
   9.6400270e+06   2.3010254e+01
   1.0510654e+07   2.4291992e+01
