   1.1999000e+07   0.0000000e+00
   2.9553000e+04   3.3386230e+01
   2.9599000e+04   3.4423828e+01
   2.9681000e+04   3.1433105e+01
   6.5656000e+04   3.3691406e+01
   6.5713000e+04   3.2470703e+01
   6.5723000e+04   3.3203125e+01
   6.5777000e+04   3.4912109e+01
   6.5811000e+04   2.9235840e+01
   6.6055000e+04   2.9235840e+01
   1.5167200e+05   2.9602051e+01
   1.5172100e+05   3.1616211e+01
   1.5825700e+05   2.9174805e+01
   2.2414900e+05   3.0639648e+01
   2.2419300e+05   3.1616211e+01
   2.2424100e+05   3.2653809e+01
   2.2431800e+05   3.2836914e+01
   2.8325300e+05   3.4484863e+01
   2.8331300e+05   3.1005859e+01
   2.8332700e+05   2.9846191e+01
   2.8342000e+05   3.6865234e+01
   3.3888800e+05   2.9907227e+01
   3.3915300e+05   3.1066895e+01
   3.3930100e+05   3.0395508e+01
   3.3952800e+05   3.0517578e+01
   3.3960800e+05   3.3935547e+01
   3.3963600e+05   3.3081055e+01
   3.3975600e+05   2.9235840e+01
   3.3981500e+05   3.0151367e+01
   4.4115400e+05   3.1921387e+01
   5.9272300e+05   3.0395508e+01
   5.9642900e+05   2.9174805e+01
   7.2957700e+05   3.1250000e+01
   7.5978900e+05   2.9541016e+01
   7.6665100e+05   3.1066895e+01
   7.6681500e+05   2.9602051e+01
   7.6940000e+05   3.0395508e+01
   7.6981900e+05   3.0761719e+01
   7.9817300e+05   2.9479980e+01
   8.5859400e+05   3.0639648e+01
   8.5879500e+05   3.5461426e+01
   9.5677900e+05   2.9357910e+01
   1.0225300e+06   2.9541016e+01
   1.0800660e+06   3.5034180e+01
   1.0801490e+06   3.1860352e+01
   1.0801740e+06   2.9846191e+01
   1.0802820e+06   3.3325195e+01
   1.2150690e+06   3.3996582e+01
   1.2909690e+06   2.9235840e+01
   1.3155050e+06   3.6071777e+01
   1.3155560e+06   3.6071777e+01
   1.3155720e+06   3.0456543e+01
   1.3158060e+06   3.2348633e+01
   1.3551320e+06   2.9479980e+01
   1.3554910e+06   3.0151367e+01
   1.3556670e+06   3.1616211e+01
   1.3557530e+06   3.1372070e+01
   1.3575850e+06   3.0578613e+01
   1.4710890e+06   3.1494141e+01
   1.4879260e+06   2.9724121e+01
   1.5212620e+06   3.1188965e+01
   1.5691560e+06   3.9794922e+01
   1.5692010e+06   3.4545898e+01
   1.6149060e+06   2.9602051e+01
   1.6159810e+06   2.9724121e+01
   1.6167800e+06   3.3813477e+01
   1.8392590e+06   3.1555176e+01
   1.8812200e+06   2.9785156e+01
   1.8829400e+06   3.0395508e+01
   1.8830400e+06   3.3996582e+01
   1.8830840e+06   3.2592773e+01
   1.8831440e+06   3.5034180e+01
   1.8833560e+06   3.0578613e+01
   1.9248450e+06   3.3752441e+01
   1.9250710e+06   2.9968262e+01
   1.9251420e+06   3.4484863e+01
   1.9252260e+06   3.1921387e+01
   2.1511110e+06   3.2165527e+01
   2.1511310e+06   2.9785156e+01
   2.1511530e+06   3.4912109e+01
   2.1512450e+06   3.7719727e+01
   2.2013920e+06   2.9235840e+01
   2.2027070e+06   2.9174805e+01
   2.2114290e+06   3.0212402e+01
   2.2910860e+06   2.9541016e+01
   2.2911380e+06   3.4057617e+01
   2.2911690e+06   3.1311035e+01
   2.3240690e+06   2.9296875e+01
   2.4236320e+06   3.0456543e+01
   2.4236990e+06   3.7902832e+01
   2.4237360e+06   3.0334473e+01
   2.4239740e+06   3.0578613e+01
   2.5511130e+06   2.9174805e+01
   2.5512090e+06   2.9357910e+01
   2.5513090e+06   2.9235840e+01
   2.6125450e+06   3.0700684e+01
   2.6126270e+06   2.9113770e+01
   2.6536350e+06   2.9296875e+01
   2.7109110e+06   2.9113770e+01
   2.7160420e+06   3.0822754e+01
   2.7672040e+06   2.9113770e+01
   2.8650650e+06   2.9357910e+01
   2.9783500e+06   3.0029297e+01
   3.0469870e+06   3.0212402e+01
   3.0842910e+06   2.9968262e+01
   3.0871930e+06   3.0639648e+01
   3.1010560e+06   2.9785156e+01
   3.1702170e+06   2.9113770e+01
   3.1733940e+06   3.4057617e+01
   3.2031220e+06   2.9663086e+01
   3.2031620e+06   2.8991699e+01
   3.2362100e+06   3.0151367e+01
   3.2401940e+06   3.1738281e+01
   3.2647970e+06   3.1127930e+01
   3.3350850e+06   3.1677246e+01
   3.3352090e+06   2.8930664e+01
   3.3555350e+06   2.8930664e+01
   3.4261440e+06   3.0212402e+01
   3.4867130e+06   2.9907227e+01
   3.4911860e+06   2.9541016e+01
   3.5218590e+06   2.9174805e+01
   3.5877360e+06   4.6997070e+01
   3.5878620e+06   3.9978027e+01
   4.0619800e+06   2.9968262e+01
   4.0978220e+06   3.0395508e+01
   4.3609930e+06   3.5278320e+01
   4.5922560e+06   3.1738281e+01
   4.5922940e+06   3.0029297e+01
   4.5923370e+06   3.0517578e+01
   4.5923950e+06   2.9479980e+01
   4.6851980e+06   2.9846191e+01
   4.6853460e+06   3.0761719e+01
   4.6874510e+06   2.8869629e+01
   4.7994800e+06   2.9479980e+01
   4.8569040e+06   3.1799316e+01
   4.8637740e+06   3.1738281e+01
   4.8839830e+06   2.9235840e+01
   5.0739200e+06   3.6560059e+01
   5.0740010e+06   3.0334473e+01
   5.0740140e+06   3.4301758e+01
   5.1016220e+06   3.0639648e+01
   5.2915540e+06   3.0639648e+01
   5.3284780e+06   3.0334473e+01
   5.3312650e+06   2.9785156e+01
   5.3777830e+06   3.1066895e+01
   5.3778620e+06   3.0517578e+01
   5.3779250e+06   3.1677246e+01
   5.4986810e+06   2.9541016e+01
   5.5584610e+06   2.9174805e+01
   5.5584840e+06   3.1494141e+01
   5.5585120e+06   2.9602051e+01
   5.5585250e+06   3.2409668e+01
   5.5586330e+06   3.3996582e+01
   5.6060210e+06   2.9785156e+01
   5.7814180e+06   3.3142090e+01
   5.9787340e+06   3.0761719e+01
   6.0008660e+06   2.8198242e+01
   6.0282350e+06   2.8320313e+01
   6.2020000e+06   3.2165527e+01
   6.3027740e+06   3.7475586e+01
   6.4010040e+06   2.9113770e+01
   6.4019130e+06   3.0090332e+01
   6.4892290e+06   2.9479980e+01
   6.5716020e+06   2.8808594e+01
   6.5924880e+06   3.1127930e+01
   6.6085210e+06   2.8503418e+01
   6.7842010e+06   3.2226563e+01
   6.7842480e+06   3.1372070e+01
   7.6826640e+06   2.8259277e+01
   7.6839410e+06   3.1005859e+01
   7.6840000e+06   3.9306641e+01
   7.6840780e+06   3.0090332e+01
   7.6842250e+06   2.8381348e+01
   7.6846480e+06   3.8269043e+01
   7.9523170e+06   2.8625488e+01
   7.9790310e+06   2.9785156e+01
   8.1772120e+06   2.8381348e+01
   8.3671940e+06   2.9663086e+01
   8.4523510e+06   2.8869629e+01
   8.4566200e+06   2.9235840e+01
   8.4879140e+06   3.1494141e+01
   8.5577930e+06   3.3569336e+01
   8.5578180e+06   2.9846191e+01
   8.5578690e+06   3.1921387e+01
   8.5579320e+06   2.9968262e+01
   8.7560110e+06   2.8930664e+01
   8.8387460e+06   3.1433105e+01
   9.1222840e+06   2.9602051e+01
   9.2740020e+06   3.0456543e+01
   9.3914900e+06   2.8625488e+01
   9.5744320e+06   3.0273438e+01
   9.8311110e+06   3.0395508e+01
   1.0284958e+07   3.4484863e+01
   1.0450941e+07   3.3142090e+01
   1.0510906e+07   3.0822754e+01
   1.0511527e+07   2.9113770e+01
   1.0515007e+07   2.9785156e+01
   1.0598067e+07   2.9479980e+01
   1.0692485e+07   2.9052734e+01
   1.0850475e+07   3.1188965e+01
   1.1012743e+07   2.9357910e+01
   1.1252038e+07   3.1555176e+01
   1.1364655e+07   2.9052734e+01
   1.1435241e+07   3.3203125e+01
   1.1527710e+07   3.1005859e+01
   1.1598554e+07   2.9663086e+01
   1.1746180e+07   3.0273438e+01
   1.1915522e+07   2.8869629e+01
