   1.1999000e+07   0.0000000e+00
   2.8294000e+04   2.8808594e+01
   2.8398000e+04   3.2287598e+01
   2.8453000e+04   3.0700684e+01
   2.8616000e+04   5.6213379e+01
   2.8732000e+04   6.4636230e+01
   2.8756000e+04   2.9663086e+01
   2.8907000e+04   3.1372070e+01
   2.8934000e+04   5.6884766e+01
   2.9072000e+04   3.0090332e+01
   2.9111000e+04   2.8869629e+01
   2.9205000e+04   5.5725098e+01
   2.9222000e+04   2.9418945e+01
   2.9246000e+04   2.9907227e+01
   2.9297000e+04   5.6762695e+01
   2.9348000e+04   3.6926270e+01
   2.9377000e+04   3.4179688e+01
   2.9400000e+04   7.5439453e+01
   2.9428000e+04   4.3457031e+01
   2.9457000e+04   4.1687012e+01
   2.9485000e+04   4.0588379e+01
   2.9507000e+04   6.4147949e+01
   2.9539000e+04   5.8532715e+01
   2.9553000e+04   4.1198730e+01
   2.9570000e+04   5.4443359e+01
   2.9586000e+04   3.0090332e+01
   2.9616000e+04   5.0415039e+01
   2.9640000e+04   4.4372559e+01
   2.9650000e+04   4.0466309e+01
   2.9683000e+04   3.4667969e+01
   2.9699000e+04   3.1127930e+01
   2.9730000e+04   3.5949707e+01
   2.9758000e+04   3.7902832e+01
   2.9782000e+04   2.9846191e+01
   2.9809000e+04   3.6621094e+01
   2.9821000e+04   3.6560059e+01
   2.9906000e+04   3.6193848e+01
   2.9981000e+04   4.1259766e+01
   3.0035000e+04   2.9357910e+01
   3.0087000e+04   2.9602051e+01
   3.0111000e+04   4.0649414e+01
   3.0197000e+04   3.5888672e+01
   3.0303000e+04   3.4240723e+01
   3.0558000e+04   4.2175293e+01
   3.0668000e+04   4.3029785e+01
   3.0787000e+04   4.3518066e+01
   3.8900000e+04   4.7973633e+01
   3.9280000e+04   4.1076660e+01
   4.1253000e+04   3.6682129e+01
   4.1420000e+04   4.3884277e+01
   4.3918000e+04   3.7170410e+01
   6.3541000e+04   5.0842285e+01
   6.3697000e+04   5.4748535e+01
   6.3827000e+04   5.9143066e+01
   6.4470000e+04   5.4382324e+01
   6.4511000e+04   3.4851074e+01
   6.4598000e+04   5.2062988e+01
   6.4662000e+04   5.2246094e+01
   6.4854000e+04   5.4504395e+01
   6.4989000e+04   5.7434082e+01
   6.5030000e+04   4.1564941e+01
   6.5105000e+04   2.8930664e+01
   6.5206000e+04   6.4208984e+01
   6.5216000e+04   7.1411133e+01
   6.5303000e+04   3.4118652e+01
   6.5347000e+04   2.9602051e+01
   6.5385000e+04   7.9284668e+01
   6.5410000e+04   2.9968262e+01
   6.5464000e+04   3.1188965e+01
   6.5474000e+04   3.9489746e+01
   6.5502000e+04   4.7546387e+01
   6.5513000e+04   4.5898438e+01
   6.5549000e+04   4.5349121e+01
   6.5574000e+04   4.0283203e+01
   6.5602000e+04   3.4240723e+01
   6.5632000e+04   4.1564941e+01
   6.5663000e+04   3.0700684e+01
   6.5687000e+04   7.0556641e+01
   6.5709000e+04   5.5175781e+01
   6.5730000e+04   3.2836914e+01
   6.5740000e+04   5.2307129e+01
   6.5766000e+04   3.9855957e+01
   6.5782000e+04   2.8625488e+01
   6.5808000e+04   5.2734375e+01
   6.5824000e+04   3.3752441e+01
   6.5838000e+04   5.9265137e+01
   6.5892000e+04   4.5043945e+01
   6.5909000e+04   4.4494629e+01
   6.5991000e+04   3.7780762e+01
   6.6021000e+04   2.8991699e+01
   6.6051000e+04   3.3386230e+01
   6.6114000e+04   3.8085938e+01
   6.6140000e+04   3.0334473e+01
   6.6169000e+04   3.2531738e+01
   6.6228000e+04   3.3325195e+01
   6.6296000e+04   4.3640137e+01
   6.6374000e+04   3.3569336e+01
   6.6457000e+04   3.1921387e+01
   6.6541000e+04   3.4790039e+01
   6.6600000e+04   3.3752441e+01
   6.6676000e+04   3.1921387e+01
   6.6757000e+04   3.3874512e+01
   6.6848000e+04   3.2165527e+01
   6.6925000e+04   3.0212402e+01
   6.7092000e+04   3.4301758e+01
   6.7301000e+04   3.0090332e+01
   7.5848000e+04   3.6621094e+01
   8.4388000e+04   5.5297852e+01
   1.5059000e+05   7.7758789e+01
   1.5066000e+05   3.2165527e+01
   1.5067000e+05   4.6447754e+01
   1.5071300e+05   3.3691406e+01
   1.5072500e+05   6.2438965e+01
   1.5091000e+05   4.7485352e+01
   1.5100400e+05   4.4799805e+01
   1.5105900e+05   2.8686523e+01
   1.5109100e+05   2.8564453e+01
   1.5113300e+05   3.3142090e+01
   1.5116200e+05   8.3984375e+01
   1.5121800e+05   2.8320313e+01
   1.5125700e+05   5.3588867e+01
   1.5132600e+05   5.0842285e+01
   1.5135100e+05   4.7241211e+01
   1.5136200e+05   5.4809570e+01
   1.5137900e+05   5.5969238e+01
   1.5141000e+05   4.2419434e+01
   1.5143700e+05   4.3518066e+01
   1.5147300e+05   4.8156738e+01
   1.5149200e+05   2.8381348e+01
   1.5150300e+05   6.5246582e+01
   1.5153000e+05   3.2958984e+01
   1.5155000e+05   7.3547363e+01
   1.5157600e+05   4.1198730e+01
   1.5159500e+05   3.2897949e+01
   1.5161200e+05   3.0517578e+01
   1.5163600e+05   4.4128418e+01
   1.5165800e+05   2.8747559e+01
   1.5167100e+05   3.3996582e+01
   1.5169400e+05   5.3466797e+01
   1.5172800e+05   3.7658691e+01
   1.5176400e+05   3.3630371e+01
   1.5179100e+05   2.9479980e+01
   1.5182900e+05   5.6701660e+01
   1.5189300e+05   3.0334473e+01
   1.5196600e+05   3.0334473e+01
   1.5200200e+05   3.8757324e+01
   1.5208700e+05   3.3813477e+01
   1.5215500e+05   3.5522461e+01
   1.5225900e+05   3.4667969e+01
   1.5240700e+05   3.4973145e+01
   1.5261200e+05   2.9479980e+01
   1.5274300e+05   3.5217285e+01
   1.5985100e+05   4.1992187e+01
   1.6250200e+05   3.4484863e+01
   1.6292300e+05   3.7048340e+01
   1.6885700e+05   4.2724609e+01
   1.7166600e+05   3.8696289e+01
   2.2329000e+05   7.1350098e+01
   2.2332900e+05   4.8278809e+01
   2.2348500e+05   4.3579102e+01
   2.2356300e+05   2.8442383e+01
   2.2364800e+05   3.0639648e+01
   2.2367200e+05   3.0700684e+01
   2.2369200e+05   4.2114258e+01
   2.2373000e+05   5.6518555e+01
   2.2377100e+05   3.0395508e+01
   2.2382400e+05   3.2958984e+01
   2.2384100e+05   3.1005859e+01
   2.2387700e+05   6.0852051e+01
   2.2394100e+05   4.4921875e+01
   2.2396700e+05   4.6936035e+01
   2.2398000e+05   3.1066895e+01
   2.2401600e+05   3.5400391e+01
   2.2402700e+05   5.0781250e+01
   2.2404200e+05   4.1687012e+01
   2.2407200e+05   4.0527344e+01
   2.2410400e+05   3.4790039e+01
   2.2412900e+05   4.5532227e+01
   2.2415400e+05   4.8339844e+01
   2.2417200e+05   3.8269043e+01
   2.2420500e+05   6.0791016e+01
   2.2423000e+05   4.3518066e+01
   2.2425200e+05   4.0283203e+01
   2.2429300e+05   6.0729980e+01
   2.2432200e+05   3.2226563e+01
   2.2439900e+05   3.1799316e+01
   2.2442700e+05   3.4790039e+01
   2.2446500e+05   3.3081055e+01
   2.2448000e+05   3.1250000e+01
   2.2450100e+05   3.2897949e+01
   2.2451600e+05   3.7597656e+01
   2.2455000e+05   3.0456543e+01
   2.2458500e+05   4.3823242e+01
   2.2466500e+05   3.0639648e+01
   2.2473800e+05   4.0954590e+01
   2.2488700e+05   3.3569336e+01
   2.2496900e+05   4.5227051e+01
   2.2510500e+05   3.5339355e+01
   2.2528600e+05   3.2897949e+01
   2.3208500e+05   5.0842285e+01
   2.3671100e+05   3.6743164e+01
   2.7074600e+05   4.3640137e+01
   2.8235900e+05   4.5104980e+01
   2.8237000e+05   6.5368652e+01
   2.8244400e+05   2.8259277e+01
   2.8250700e+05   6.2011719e+01
   2.8252500e+05   3.0517578e+01
   2.8255900e+05   2.8259277e+01
   2.8268100e+05   4.7729492e+01
   2.8279600e+05   4.1259766e+01
   2.8286500e+05   3.3935547e+01
   2.8289900e+05   3.0029297e+01
   2.8291400e+05   3.2775879e+01
   2.8295800e+05   4.7607422e+01
   2.8301700e+05   6.9091797e+01
   2.8303600e+05   3.3142090e+01
   2.8305500e+05   4.1320801e+01
   2.8310500e+05   3.7048340e+01
   2.8313500e+05   4.3151855e+01
   2.8316900e+05   3.5522461e+01
   2.8318500e+05   3.3264160e+01
   2.8319700e+05   2.8747559e+01
   2.8323400e+05   4.2236328e+01
   2.8325800e+05   4.9682617e+01
   2.8327600e+05   5.8654785e+01
   2.8328800e+05   6.1828613e+01
   2.8331000e+05   3.0456543e+01
   2.8332100e+05   3.3691406e+01
   2.8334700e+05   7.5866699e+01
   2.8337800e+05   3.7231445e+01
   2.8339900e+05   3.9550781e+01
   2.8342900e+05   3.6621094e+01
   2.8344400e+05   3.3325195e+01
   2.8346500e+05   4.0954590e+01
   2.8348600e+05   3.0395508e+01
   2.8354600e+05   2.9235840e+01
   2.8356600e+05   3.3508301e+01
   2.8361900e+05   4.0100098e+01
   2.8366900e+05   4.0527344e+01
   2.8374300e+05   3.8085937e+01
   2.8382900e+05   3.1738281e+01
   2.8392300e+05   3.8574219e+01
   2.8400200e+05   3.7475586e+01
   2.8409100e+05   4.1625977e+01
   2.8453200e+05   2.9357910e+01
   2.9303700e+05   4.5104980e+01
   2.9383000e+05   3.5400391e+01
   2.9789700e+05   4.1748047e+01
   3.3846100e+05   4.9438477e+01
   3.3853100e+05   4.0283203e+01
   3.3855600e+05   3.3813477e+01
   3.3859400e+05   3.3691406e+01
   3.3867300e+05   6.5307617e+01
   3.3885000e+05   5.3344727e+01
   3.3886300e+05   2.8991699e+01
   3.3892500e+05   3.3630371e+01
   3.3895200e+05   3.5400391e+01
   3.3901100e+05   3.8635254e+01
   3.3902300e+05   4.2602539e+01
   3.3909600e+05   6.7199707e+01
   3.3917600e+05   3.2775879e+01
   3.3919500e+05   3.9367676e+01
   3.3921300e+05   3.1738281e+01
   3.3926100e+05   3.0090332e+01
   3.3928700e+05   4.8522949e+01
   3.3933400e+05   3.1188965e+01
   3.3936900e+05   4.4494629e+01
   3.3939400e+05   3.4423828e+01
   3.3943900e+05   5.1086426e+01
   3.3946700e+05   8.0383301e+01
   3.3949500e+05   4.7790527e+01
   3.3952600e+05   5.2856445e+01
   3.3953900e+05   6.9335938e+01
   3.3956600e+05   4.4250488e+01
   3.3957900e+05   3.8818359e+01
   3.3961000e+05   4.8339844e+01
   3.3963800e+05   4.4494629e+01
   3.3966200e+05   4.6081543e+01
   3.3968600e+05   2.8442383e+01
   3.3970500e+05   3.1921387e+01
   3.3971800e+05   3.0639648e+01
   3.3972900e+05   3.1921387e+01
   3.3975800e+05   3.8452148e+01
   3.3986600e+05   5.0354004e+01
   3.3992600e+05   4.4860840e+01
   3.3996300e+05   2.9541016e+01
   3.4009600e+05   3.4912109e+01
   3.4020500e+05   3.8024902e+01
   3.4027300e+05   2.9968262e+01
   3.4037300e+05   2.8686523e+01
   3.4055700e+05   3.1921387e+01
   3.4068800e+05   3.1250000e+01
   3.4945900e+05   4.4555664e+01
   3.8280600e+05   5.6152344e+01
   3.9492300e+05   7.0678711e+01
   3.9506300e+05   6.4086914e+01
   3.9511300e+05   3.1921387e+01
   3.9522100e+05   4.7729492e+01
   3.9524000e+05   4.3579102e+01
   3.9529000e+05   3.8024902e+01
   3.9530600e+05   2.8259277e+01
   3.9533900e+05   4.6997070e+01
   3.9542500e+05   2.9479980e+01
   3.9548700e+05   4.9865723e+01
   3.9550600e+05   4.0161133e+01
   3.9557600e+05   4.2846680e+01
   3.9560400e+05   4.8095703e+01
   3.9566600e+05   3.7536621e+01
   3.9567800e+05   3.1738281e+01
   3.9571300e+05   3.6071777e+01
   3.9575000e+05   4.1809082e+01
   3.9578700e+05   3.8940430e+01
   3.9581300e+05   4.2907715e+01
   3.9582600e+05   3.8940430e+01
   3.9587500e+05   4.2236328e+01
   3.9588500e+05   3.7292480e+01
   3.9591100e+05   3.5156250e+01
   3.9593500e+05   3.4118652e+01
   3.9599200e+05   3.2409668e+01
   3.9605800e+05   5.8349609e+01
   3.9614800e+05   3.0029297e+01
   3.9616100e+05   3.5888672e+01
   3.9622200e+05   4.0954590e+01
   4.3066500e+05   3.7719727e+01
   4.4046900e+05   3.9855957e+01
   4.4106700e+05   5.1086426e+01
   4.4113800e+05   6.6284180e+01
   4.4121900e+05   2.9418945e+01
   4.4127500e+05   6.2377930e+01
   4.4135300e+05   6.1523438e+01
   4.4137600e+05   5.5236816e+01
   4.4145800e+05   4.9255371e+01
   4.4148000e+05   4.1076660e+01
   4.4154000e+05   3.0151367e+01
   4.4159000e+05   2.9907227e+01
   4.4160400e+05   5.1879883e+01
   4.4168900e+05   3.1433105e+01
   4.4174100e+05   4.2053223e+01
   4.4178100e+05   5.9692383e+01
   4.4190000e+05   4.6325684e+01
   4.4192400e+05   3.8635254e+01
   4.4203200e+05   4.7729492e+01
   4.4794700e+05   3.0822754e+01
   4.4819000e+05   3.1677246e+01
   4.4836000e+05   2.9235840e+01
   4.4840300e+05   2.9357910e+01
   4.4844900e+05   4.3762207e+01
   4.4845900e+05   6.5429688e+01
   4.4860700e+05   3.7841797e+01
   4.4876200e+05   3.6315918e+01
   4.4879700e+05   4.9743652e+01
   4.4886600e+05   5.1574707e+01
   4.4911700e+05   6.8420410e+01
   4.4971800e+05   5.2734375e+01
   4.7168000e+05   3.1005859e+01
   4.7179000e+05   2.8930664e+01
   4.7191700e+05   5.3100586e+01
   4.7195600e+05   2.9113770e+01
   4.7208400e+05   6.6284180e+01
   4.7212100e+05   4.1381836e+01
   4.7219300e+05   3.5217285e+01
   4.7223000e+05   6.3232422e+01
   4.7232900e+05   3.5400391e+01
   4.7239500e+05   2.8686523e+01
   4.7243200e+05   3.2775879e+01
   4.7249300e+05   5.9875488e+01
   4.7252400e+05   2.9418945e+01
   4.7272100e+05   5.6152344e+01
   4.7352600e+05   2.9541016e+01
   4.8921400e+05   3.1066895e+01
   4.8939800e+05   3.2409668e+01
   4.8996400e+05   3.8635254e+01
   4.8998300e+05   2.8259277e+01
   4.9001400e+05   4.3518066e+01
   4.9016100e+05   3.9062500e+01
   4.9020100e+05   3.0090332e+01
   4.9022200e+05   4.9743652e+01
   4.9033700e+05   5.3100586e+01
   4.9039800e+05   2.8442383e+01
   4.9044400e+05   3.6987305e+01
   4.9053700e+05   3.2043457e+01
   4.9137700e+05   2.9479980e+01
   5.1451400e+05   2.9174805e+01
   5.1511700e+05   4.0954590e+01
   5.1513300e+05   3.4545898e+01
   5.1535700e+05   4.7119141e+01
   5.1538300e+05   6.6101074e+01
   5.1541600e+05   4.1748047e+01
   5.1554700e+05   5.5114746e+01
   5.1556200e+05   3.1433105e+01
   5.1567400e+05   3.0639648e+01
   5.1575000e+05   2.9785156e+01
   5.1581900e+05   5.6579590e+01
   5.1607500e+05   5.9204102e+01
   5.1622800e+05   2.9724121e+01
   5.1676800e+05   3.1372070e+01
   5.1908400e+05   2.9724121e+01
   5.1947300e+05   3.4667969e+01
   5.4876700e+05   2.8442383e+01
   5.4890100e+05   4.6569824e+01
   5.4901000e+05   3.8269043e+01
   5.4904000e+05   7.1594238e+01
   5.4908400e+05   4.1625977e+01
   5.4915000e+05   3.5278320e+01
   5.4916700e+05   4.7851563e+01
   5.4928400e+05   5.0598145e+01
   5.4954300e+05   5.5541992e+01
   5.5359800e+05   4.8645020e+01
   5.5426600e+05   2.8625488e+01
   5.5439000e+05   3.2226563e+01
   5.5453400e+05   3.1860352e+01
   5.5462800e+05   3.1738281e+01
   5.5468700e+05   3.3569336e+01
   5.9242100e+05   3.0639648e+01
   5.9244900e+05   3.3203125e+01
   5.9257800e+05   3.3447266e+01
   5.9261300e+05   5.6945801e+01
   5.9269000e+05   5.7128906e+01
   5.9273100e+05   7.1594238e+01
   5.9280700e+05   2.8686523e+01
   5.9285700e+05   3.2775879e+01
   5.9298100e+05   3.0822754e+01
   5.9305100e+05   2.9052734e+01
   5.9311600e+05   2.9785156e+01
   5.9317700e+05   2.9541016e+01
   5.9337000e+05   3.0395508e+01
   5.9363400e+05   3.0456543e+01
   5.9715100e+05   2.8564453e+01
   5.9924100e+05   5.7983398e+01
   5.9978800e+05   2.9907227e+01
   6.0145000e+05   4.3640137e+01
   6.0215200e+05   2.9113770e+01
   6.0336000e+05   4.7058105e+01
   6.3201500e+05   5.1513672e+01
   6.3719400e+05   4.0588379e+01
   6.3722400e+05   5.6152344e+01
   6.3728500e+05   6.9213867e+01
   6.3732500e+05   5.1879883e+01
   6.3741300e+05   3.0517578e+01
   6.3767700e+05   3.1188965e+01
   6.4315700e+05   2.9602051e+01
   6.5643600e+05   4.3029785e+01
   6.5645900e+05   3.5278320e+01
   6.5648700e+05   5.7189941e+01
   6.5653700e+05   2.9113770e+01
   6.5659400e+05   3.6254883e+01
   6.5666000e+05   3.2592773e+01
   6.5671300e+05   2.9357910e+01
   6.5675600e+05   3.0639648e+01
   6.9374500e+05   4.4067383e+01
   6.9378400e+05   8.4228516e+01
   6.9381500e+05   7.2509766e+01
   6.9382800e+05   3.3752441e+01
   6.9390000e+05   5.6335449e+01
   6.9391700e+05   3.4667969e+01
   6.9398900e+05   3.0517578e+01
   6.9402000e+05   3.1799316e+01
   6.9404100e+05   2.8259277e+01
   6.9416200e+05   3.1250000e+01
   6.9674300e+05   2.9418945e+01
   7.0265900e+05   2.9052734e+01
   7.0514200e+05   5.1086426e+01
   7.0756000e+05   2.8686523e+01
   7.2945100e+05   5.6213379e+01
   7.2952000e+05   4.7119141e+01
   7.2953800e+05   3.0822754e+01
   7.2955800e+05   3.4667969e+01
   7.2959700e+05   2.9479980e+01
   7.2962100e+05   3.4729004e+01
   7.2971600e+05   3.2348633e+01
   7.2973400e+05   3.4851074e+01
   7.2981600e+05   3.0212402e+01
   7.3355200e+05   2.9968262e+01
   7.3431400e+05   4.8706055e+01
   7.3537700e+05   2.9785156e+01
   7.3688500e+05   3.4362793e+01
   7.4823500e+05   2.9418945e+01
   7.4825100e+05   4.7424316e+01
   7.4837000e+05   3.2836914e+01
   7.4841700e+05   3.5400391e+01
   7.4848700e+05   2.9663086e+01
   7.4861600e+05   3.1982422e+01
   7.6656100e+05   2.8747559e+01
   7.6660100e+05   3.4301758e+01
   7.6661300e+05   2.8869629e+01
   7.6665300e+05   3.2531738e+01
   7.6670600e+05   3.4606934e+01
   7.6677900e+05   4.4982910e+01
   7.6682600e+05   2.8442383e+01
   7.6685700e+05   3.0273438e+01
   7.6708200e+05   2.9479980e+01
   7.6978000e+05   3.0456543e+01
   7.7172300e+05   2.8503418e+01
   7.9773900e+05   2.9602051e+01
   7.9786500e+05   4.1015625e+01
   7.9792400e+05   3.0151367e+01
   7.9796100e+05   2.9113770e+01
   7.9816600e+05   3.1616211e+01
   7.9835300e+05   3.1677246e+01
   7.9996600e+05   2.9541016e+01
   8.0096100e+05   2.9785156e+01
   8.2104400e+05   3.3996582e+01
   8.2110000e+05   2.8991699e+01
   8.2116900e+05   5.1757812e+01
   8.2120700e+05   4.1137695e+01
   8.2129400e+05   4.7546387e+01
   8.2138300e+05   2.8808594e+01
   8.2148700e+05   2.8930664e+01
   8.2171700e+05   3.0517578e+01
   8.2613600e+05   2.9052734e+01
   8.5854600e+05   5.5786133e+01
   8.5856500e+05   2.9174805e+01
   8.5865700e+05   4.3945312e+01
   8.5867600e+05   3.4057617e+01
   8.5877900e+05   3.0578613e+01
   8.5879000e+05   2.8503418e+01
   8.5881900e+05   2.9479980e+01
   8.5887800e+05   2.8259277e+01
   8.6000700e+05   2.8381348e+01
   8.6264300e+05   2.8625488e+01
   8.6739800e+05   3.8879395e+01
   9.5665200e+05   3.4240723e+01
   9.5670900e+05   3.0029297e+01
   9.5672700e+05   6.8603516e+01
   9.5675000e+05   2.9235840e+01
   9.5683700e+05   4.5349121e+01
   9.5696900e+05   2.8686523e+01
   9.5697900e+05   4.2785645e+01
   9.5704700e+05   2.8991699e+01
   9.5714000e+05   2.9174805e+01
   9.5717000e+05   3.5400391e+01
   9.5746900e+05   3.0151367e+01
   9.5758200e+05   3.1372070e+01
   9.5775100e+05   2.9724121e+01
   9.5883200e+05   3.0334473e+01
   9.5935500e+05   2.8320313e+01
   1.0220690e+06   3.1311035e+01
   1.0221840e+06   2.9479980e+01
   1.0222380e+06   3.0822754e+01
   1.0222700e+06   5.0354004e+01
   1.0222920e+06   2.9663086e+01
   1.0223820e+06   4.8461914e+01
   1.0224690e+06   2.8869629e+01
   1.0225900e+06   3.1799316e+01
   1.0228450e+06   3.1982422e+01
   1.0229080e+06   2.9968262e+01
   1.0259660e+06   2.9052734e+01
   1.0263170e+06   3.0639648e+01
   1.0265370e+06   2.9174805e+01
   1.0798770e+06   3.5034180e+01
   1.0799070e+06   4.4494629e+01
   1.0799380e+06   4.1015625e+01
   1.0799600e+06   3.9672852e+01
   1.0799930e+06   3.4545898e+01
   1.0800210e+06   3.6804199e+01
   1.0800460e+06   3.0456543e+01
   1.0800610e+06   5.5908203e+01
   1.0800800e+06   6.2133789e+01
   1.0800960e+06   5.8837891e+01
   1.0801200e+06   6.1523438e+01
   1.0801390e+06   4.4006348e+01
   1.0801490e+06   3.4240723e+01
   1.0801620e+06   4.8950195e+01
   1.0801810e+06   3.4301758e+01
   1.0801980e+06   3.5888672e+01
   1.0802320e+06   3.4729004e+01
   1.0802530e+06   4.9255371e+01
   1.0802890e+06   4.1503906e+01
   1.0803280e+06   4.3518066e+01
   1.0803380e+06   3.0761719e+01
   1.0803880e+06   4.3090820e+01
   1.0804050e+06   3.2775879e+01
   1.0804490e+06   3.6193848e+01
   1.0804640e+06   3.9978027e+01
   1.0805080e+06   5.3283691e+01
   1.0805360e+06   4.4677734e+01
   1.0805530e+06   3.3813477e+01
   1.0806030e+06   5.3894043e+01
   1.0806650e+06   3.4667969e+01
   1.0806870e+06   5.3894043e+01
   1.0807410e+06   5.4870605e+01
   1.0808100e+06   3.0578613e+01
   1.0808700e+06   3.7780762e+01
   1.0809490e+06   3.0456543e+01
   1.0811360e+06   3.9550781e+01
   1.0812610e+06   3.3752441e+01
   1.0814730e+06   2.9602051e+01
   1.0816920e+06   3.2592773e+01
   1.0818640e+06   3.6376953e+01
   1.0961780e+06   3.8696289e+01
   1.0984670e+06   4.4128418e+01
   1.1544900e+06   4.4250488e+01
   1.2148670e+06   3.1494141e+01
   1.2149320e+06   3.1311035e+01
   1.2149490e+06   3.5400391e+01
   1.2150090e+06   3.6987305e+01
   1.2151050e+06   3.4301758e+01
   1.2151290e+06   2.9968262e+01
   1.2151860e+06   4.4677734e+01
   1.2152580e+06   2.9846191e+01
   1.2155190e+06   3.5766602e+01
   1.2158750e+06   3.1555176e+01
   1.3153610e+06   4.7973633e+01
   1.3153840e+06   4.0161133e+01
   1.3154210e+06   4.0466309e+01
   1.3154420e+06   3.0761719e+01
   1.3154670e+06   4.3029785e+01
   1.3154850e+06   3.5095215e+01
   1.3155020e+06   4.4921875e+01
   1.3155340e+06   7.5500488e+01
   1.3155490e+06   5.2612305e+01
   1.3155690e+06   6.4147949e+01
   1.3156030e+06   4.2541504e+01
   1.3156350e+06   4.6081543e+01
   1.3156520e+06   3.9428711e+01
   1.3156880e+06   4.6813965e+01
   1.3157160e+06   4.7363281e+01
   1.3157580e+06   3.7536621e+01
   1.3157690e+06   2.8747559e+01
   1.3157950e+06   2.8686523e+01
   1.3158150e+06   3.4057617e+01
   1.3158430e+06   3.2470703e+01
   1.3158700e+06   4.0954590e+01
   1.3159180e+06   3.7048340e+01
   1.3159720e+06   3.0395508e+01
   1.3159850e+06   4.8889160e+01
   1.3160480e+06   5.8959961e+01
   1.3160750e+06   2.8991699e+01
   1.3161560e+06   2.8747559e+01
   1.3162240e+06   3.7109375e+01
   1.3162810e+06   4.0527344e+01
   1.3164370e+06   3.5949707e+01
   1.3166780e+06   4.0771484e+01
   1.3167740e+06   3.5217285e+01
   1.3169010e+06   3.1250000e+01
   1.3174540e+06   3.7048340e+01
   1.3264310e+06   5.1757813e+01
   1.3266390e+06   4.9255371e+01
   1.3288100e+06   3.4423828e+01
   1.3309800e+06   5.4626465e+01
   1.3362580e+06   3.6254883e+01
   1.3461380e+06   4.6752930e+01
   1.3529290e+06   3.1494141e+01
   1.3531870e+06   6.1462402e+01
   1.3532750e+06   2.8747559e+01
   1.3534910e+06   3.6682129e+01
   1.3535110e+06   3.7719727e+01
   1.3535550e+06   5.5908203e+01
   1.3537440e+06   5.9326172e+01
   1.3538050e+06   5.1940918e+01
   1.3543410e+06   3.1860352e+01
   1.3546690e+06   3.8940430e+01
   1.3550330e+06   3.0273438e+01
   1.3551180e+06   5.5541992e+01
   1.3552080e+06   4.0832520e+01
   1.3552770e+06   4.3212891e+01
   1.3553270e+06   3.6621094e+01
   1.3553710e+06   3.2409668e+01
   1.3553910e+06   2.8259277e+01
   1.3554190e+06   3.2531738e+01
   1.3554460e+06   6.1279297e+01
   1.3554660e+06   6.8969727e+01
   1.3554850e+06   6.9519043e+01
   1.3555020e+06   7.1350098e+01
   1.3555130e+06   2.8381348e+01
   1.3555230e+06   5.9020996e+01
   1.3555560e+06   4.6325684e+01
   1.3555740e+06   3.4912109e+01
   1.3556070e+06   5.3527832e+01
   1.3556280e+06   3.1188965e+01
   1.3556400e+06   4.3395996e+01
   1.3557330e+06   3.5339355e+01
   1.3557560e+06   3.1738281e+01
   1.3558170e+06   3.8208008e+01
   1.3559130e+06   3.8513184e+01
   1.3559850e+06   3.1860352e+01
   1.3560550e+06   4.2663574e+01
   1.3560940e+06   2.8259277e+01
   1.3561270e+06   5.1818848e+01
   1.3562540e+06   3.3752441e+01
   1.3563110e+06   4.0771484e+01
   1.3563930e+06   3.0456543e+01
   1.3564220e+06   2.9846191e+01
   1.3564990e+06   4.5349121e+01
   1.3565730e+06   5.1086426e+01
   1.3565860e+06   3.1860352e+01
   1.3566630e+06   4.5532227e+01
   1.3567230e+06   5.1147461e+01
   1.3567730e+06   3.0822754e+01
   1.3568580e+06   4.9316406e+01
   1.3569110e+06   3.6682129e+01
   1.3569630e+06   3.5522461e+01
   1.3570320e+06   2.9235840e+01
   1.3571370e+06   4.4616699e+01
   1.3572040e+06   3.0456543e+01
   1.3572160e+06   4.9133301e+01
   1.3572710e+06   3.3691406e+01
   1.3573280e+06   3.5888672e+01
   1.3573450e+06   4.0283203e+01
   1.3574140e+06   4.2053223e+01
   1.3575760e+06   3.0761719e+01
   1.3576010e+06   3.3752441e+01
   1.3576860e+06   3.6437988e+01
   1.3577220e+06   3.2592773e+01
   1.3577860e+06   3.6987305e+01
   1.3577970e+06   3.9611816e+01
   1.3579270e+06   4.1870117e+01
   1.3582080e+06   3.3020020e+01
   1.3583510e+06   3.2592773e+01
   1.3584880e+06   3.2714844e+01
   1.3586600e+06   4.5898437e+01
   1.3589270e+06   4.1076660e+01
   1.4212090e+06   3.6071777e+01
   1.5471310e+06   3.2226563e+01
   1.5672070e+06   2.8442383e+01
   1.5672730e+06   3.4362793e+01
   1.5673280e+06   3.5644531e+01
   1.5673430e+06   3.0883789e+01
   1.5673850e+06   5.4626465e+01
   1.5673960e+06   2.9174805e+01
   1.5674290e+06   2.8808594e+01
   1.5677060e+06   5.4077148e+01
   1.5677720e+06   3.4667969e+01
   1.5682440e+06   3.3935547e+01
   1.5686150e+06   3.3264160e+01
   1.5687930e+06   3.3569336e+01
   1.5688730e+06   4.8095703e+01
   1.5688900e+06   6.9946289e+01
   1.5689180e+06   5.0720215e+01
   1.5689610e+06   3.3264160e+01
   1.5689880e+06   3.1555176e+01
   1.5690150e+06   5.4748535e+01
   1.5690410e+06   3.5461426e+01
   1.5690560e+06   3.3813477e+01
   1.5690910e+06   5.7678223e+01
   1.5691060e+06   7.8063965e+01
   1.5691370e+06   5.9936523e+01
   1.5691610e+06   5.6579590e+01
   1.5691740e+06   7.9223633e+01
   1.5692050e+06   3.9062500e+01
   1.5692170e+06   5.0842285e+01
   1.5692390e+06   3.0639648e+01
   1.5692600e+06   5.3161621e+01
   1.5692850e+06   4.1198730e+01
   1.5693120e+06   3.8391113e+01
   1.5693650e+06   3.9611816e+01
   1.5694070e+06   3.5217285e+01
   1.5694260e+06   3.3752441e+01
   1.5694800e+06   3.5949707e+01
   1.5695190e+06   3.6499023e+01
   1.5695370e+06   3.4301758e+01
   1.5695780e+06   3.9245605e+01
   1.5695880e+06   3.6132813e+01
   1.5696260e+06   2.9663086e+01
   1.5696700e+06   3.7353516e+01
   1.5696860e+06   3.3020020e+01
   1.5697340e+06   2.9541016e+01
   1.5697710e+06   3.3447266e+01
   1.5698500e+06   2.9235840e+01
   1.5698820e+06   3.8940430e+01
   1.5699940e+06   4.8034668e+01
   1.5701170e+06   4.7729492e+01
   1.5702920e+06   3.9367676e+01
   1.5704240e+06   4.3823242e+01
   1.5704990e+06   3.0700684e+01
   1.5706700e+06   3.6804199e+01
   1.5708700e+06   3.9672852e+01
   1.5708880e+06   3.3386230e+01
   1.5809900e+06   3.8085938e+01
   1.5830380e+06   3.6376953e+01
   1.5831480e+06   4.1137695e+01
   1.5833980e+06   3.4912109e+01
   1.6147520e+06   2.8747559e+01
   1.6148880e+06   4.2846680e+01
   1.6149170e+06   6.4086914e+01
   1.6149740e+06   3.1494141e+01
   1.6150700e+06   4.3762207e+01
   1.6151170e+06   5.4626465e+01
   1.6151590e+06   4.0649414e+01
   1.6152930e+06   6.0119629e+01
   1.6153300e+06   3.2775879e+01
   1.6154470e+06   6.0241699e+01
   1.6156810e+06   2.8808594e+01
   1.6157390e+06   3.9489746e+01
   1.6158150e+06   2.8320313e+01
   1.6158750e+06   2.9418945e+01
   1.6159700e+06   5.8044434e+01
   1.6159970e+06   5.8593750e+01
   1.6160300e+06   2.8503418e+01
   1.6161530e+06   4.1809082e+01
   1.6161710e+06   4.4921875e+01
   1.6162600e+06   5.3161621e+01
   1.6163520e+06   3.6987305e+01
   1.6164060e+06   3.4606934e+01
   1.6164210e+06   4.1992188e+01
   1.6164730e+06   3.4362793e+01
   1.6164920e+06   5.5541992e+01
   1.6165110e+06   4.0344238e+01
   1.6165410e+06   3.4667969e+01
   1.6165720e+06   8.2763672e+01
   1.6165970e+06   4.8461914e+01
   1.6166260e+06   5.3161621e+01
   1.6166530e+06   4.4799805e+01
   1.6166770e+06   2.9235840e+01
   1.6167210e+06   4.6569824e+01
   1.6167340e+06   3.0517578e+01
   1.6167490e+06   3.1372070e+01
   1.6167810e+06   3.2348633e+01
   1.6168220e+06   3.4118652e+01
   1.6168550e+06   3.4362793e+01
   1.6169130e+06   4.2175293e+01
   1.6169590e+06   2.8259277e+01
   1.6171080e+06   3.2226563e+01
   1.6171780e+06   4.2663574e+01
   1.6171950e+06   2.9907227e+01
   1.6172440e+06   3.3935547e+01
   1.6172820e+06   2.9113770e+01
   1.6173160e+06   3.6743164e+01
   1.6174320e+06   3.2897949e+01
   1.6176260e+06   3.5278320e+01
   1.6176910e+06   4.9560547e+01
   1.6177670e+06   3.0883789e+01
   1.6178590e+06   3.6926270e+01
   1.6178750e+06   3.1127930e+01
   1.6179820e+06   3.4912109e+01
   1.6180660e+06   3.6560059e+01
   1.6181330e+06   3.8085938e+01
   1.6182370e+06   3.9733887e+01
   1.6183310e+06   3.2775879e+01
   1.6184340e+06   3.1555176e+01
   1.6185810e+06   3.5461426e+01
   1.6187070e+06   3.8757324e+01
   1.6187320e+06   3.7902832e+01
   1.6188450e+06   3.8757324e+01
   1.6192050e+06   4.1992188e+01
   1.6272610e+06   4.7363281e+01
   1.6297130e+06   3.1250000e+01
   1.6300870e+06   4.0954590e+01
   1.6350000e+06   4.6142578e+01
   1.6450990e+06   4.2419434e+01
   1.6697320e+06   5.2246094e+01
   1.8210000e+06   3.0334473e+01
   1.8210480e+06   2.8381348e+01
   1.8213970e+06   3.0883789e+01
   1.8215650e+06   5.9936523e+01
   1.8216390e+06   3.3325195e+01
   1.8222030e+06   3.0822754e+01
   1.8222230e+06   3.6010742e+01
   1.8464040e+06   4.6447754e+01
   1.8804630e+06   6.3842773e+01
   1.8812030e+06   2.9052734e+01
   1.8812340e+06   5.7189941e+01
   1.8814640e+06   2.8991699e+01
   1.8815190e+06   6.3049316e+01
   1.8816750e+06   3.6621094e+01
   1.8822080e+06   3.7841797e+01
   1.8824320e+06   3.1799316e+01
   1.8824810e+06   4.5349121e+01
   1.8826150e+06   4.4738770e+01
   1.8826550e+06   4.7485352e+01
   1.8827030e+06   3.8146973e+01
   1.8827290e+06   5.0964355e+01
   1.8827780e+06   3.3996582e+01
   1.8828000e+06   4.1687012e+01
   1.8828380e+06   3.5949707e+01
   1.8828640e+06   5.1818848e+01
   1.8828780e+06   3.7353516e+01
   1.8829000e+06   3.4362793e+01
   1.8829300e+06   6.5734863e+01
   1.8829550e+06   5.1269531e+01
   1.8829720e+06   4.1198730e+01
   1.8830010e+06   4.5410156e+01
   1.8830160e+06   5.4260254e+01
   1.8830360e+06   3.3264160e+01
   1.8830570e+06   3.1127930e+01
   1.8830720e+06   3.5705566e+01
   1.8831070e+06   4.7058105e+01
   1.8831310e+06   4.0222168e+01
   1.8831430e+06   5.2490234e+01
   1.8831680e+06   3.2470703e+01
   1.8831850e+06   6.0607910e+01
   1.8832800e+06   3.9001465e+01
   1.8833430e+06   3.2714844e+01
   1.8834060e+06   3.0334473e+01
   1.8834660e+06   4.3518066e+01
   1.8835510e+06   2.9846191e+01
   1.8836830e+06   3.7536621e+01
   1.8837490e+06   3.8085938e+01
   1.8838030e+06   3.7597656e+01
   1.8839020e+06   4.2846680e+01
   1.8840320e+06   3.2104492e+01
   1.8842330e+06   3.1127930e+01
   1.8843470e+06   3.5217285e+01
   1.8844470e+06   3.4240723e+01
   1.8845880e+06   3.0761719e+01
   1.8849990e+06   3.8513184e+01
   1.8852940e+06   4.1992188e+01
   1.8933380e+06   5.2551270e+01
   1.8956190e+06   3.6804199e+01
   1.8999330e+06   3.6315918e+01
   1.9047200e+06   4.6264648e+01
   1.9223800e+06   4.1137695e+01
   1.9229040e+06   3.3935547e+01
   1.9229890e+06   6.7077637e+01
   1.9235570e+06   4.6020508e+01
   1.9235820e+06   4.4799805e+01
   1.9236650e+06   6.9885254e+01
   1.9237750e+06   2.8869629e+01
   1.9238910e+06   6.5612793e+01
   1.9239150e+06   3.7902832e+01
   1.9240320e+06   5.0109863e+01
   1.9240520e+06   3.3081055e+01
   1.9243120e+06   4.8217773e+01
   1.9243680e+06   3.4057617e+01
   1.9244030e+06   4.1809082e+01
   1.9245380e+06   3.0761719e+01
   1.9246730e+06   4.4860840e+01
   1.9246910e+06   3.3874512e+01
   1.9247780e+06   4.9560547e+01
   1.9248290e+06   3.3386230e+01
   1.9248420e+06   4.3090820e+01
   1.9248550e+06   3.1188965e+01
   1.9248850e+06   5.1757813e+01
   1.9249290e+06   4.7546387e+01
   1.9249720e+06   3.4057617e+01
   1.9250040e+06   3.2165527e+01
   1.9250360e+06   4.8828125e+01
   1.9250570e+06   4.5654297e+01
   1.9250720e+06   4.6020508e+01
   1.9250980e+06   7.9528809e+01
   1.9251090e+06   6.5246582e+01
   1.9251270e+06   4.0527344e+01
   1.9251490e+06   2.8503418e+01
   1.9251600e+06   3.6193848e+01
   1.9251890e+06   3.7841797e+01
   1.9252080e+06   4.2846680e+01
   1.9252230e+06   5.7983398e+01
   1.9252500e+06   3.3630371e+01
   1.9252630e+06   3.1860352e+01
   1.9252900e+06   3.0090332e+01
   1.9253230e+06   4.2541504e+01
   1.9253800e+06   3.3752441e+01
   1.9254470e+06   4.2053223e+01
   1.9254660e+06   2.8991699e+01
   1.9255160e+06   3.5034180e+01
   1.9256020e+06   3.6132812e+01
   1.9256660e+06   4.4250488e+01
   1.9257440e+06   3.4545898e+01
   1.9258310e+06   2.8564453e+01
   1.9259060e+06   4.3090820e+01
   1.9259860e+06   3.3325195e+01
   1.9260730e+06   3.7353516e+01
   1.9261520e+06   2.8991699e+01
   1.9261900e+06   2.9296875e+01
   1.9262320e+06   4.9011230e+01
   1.9263100e+06   3.5156250e+01
   1.9264370e+06   3.0822754e+01
   1.9265270e+06   3.3203125e+01
   1.9266170e+06   2.9479980e+01
   1.9266390e+06   3.4606934e+01
   1.9267280e+06   3.4179688e+01
   1.9268910e+06   3.3142090e+01
   1.9270880e+06   3.7292480e+01
   1.9272480e+06   3.5888672e+01
   1.9274250e+06   4.1259766e+01
   1.9277490e+06   3.1555176e+01
   1.9385660e+06   3.2226563e+01
   1.9413310e+06   3.5522461e+01
   1.9525310e+06   3.4545898e+01
   2.1495790e+06   4.4860840e+01
   2.1496100e+06   2.8808594e+01
   2.1496380e+06   3.6499023e+01
   2.1497430e+06   5.6213379e+01
   2.1500160e+06   4.7424316e+01
   2.1501460e+06   3.2470703e+01
   2.1503930e+06   3.5156250e+01
   2.1505700e+06   3.4362793e+01
   2.1506000e+06   4.0710449e+01
   2.1506360e+06   3.0639648e+01
   2.1507560e+06   6.1889648e+01
   2.1507730e+06   4.0344238e+01
   2.1508580e+06   5.7861328e+01
   2.1508900e+06   4.2663574e+01
   2.1509340e+06   3.8940430e+01
   2.1509610e+06   4.4738770e+01
   2.1509910e+06   3.8024902e+01
   2.1510090e+06   3.4301758e+01
   2.1510220e+06   3.5461426e+01
   2.1510510e+06   5.2551270e+01
   2.1510660e+06   7.0312500e+01
   2.1510940e+06   5.2978516e+01
   2.1511180e+06   6.0119629e+01
   2.1511720e+06   3.9489746e+01
   2.1511900e+06   4.2053223e+01
   2.1512090e+06   3.1372070e+01
   2.1512230e+06   3.9001465e+01
   2.1512440e+06   3.9367676e+01
   2.1512630e+06   2.9296875e+01
   2.1512890e+06   3.0029297e+01
   2.1513170e+06   3.0273438e+01
   2.1513350e+06   3.1982422e+01
   2.1513680e+06   3.0395508e+01
   2.1514060e+06   3.9184570e+01
   2.1514690e+06   5.9204102e+01
   2.1515290e+06   3.0883789e+01
   2.1516960e+06   3.5949707e+01
   2.1518740e+06   4.7241211e+01
   2.1520490e+06   4.1687012e+01
   2.1521850e+06   3.9978027e+01
   2.1524180e+06   3.6682129e+01
   2.1533680e+06   4.1076660e+01
   2.1607060e+06   4.4982910e+01
   2.1627520e+06   4.2480469e+01
   2.1628330e+06   3.7109375e+01
   2.1654630e+06   5.1818848e+01
   2.1658410e+06   3.6010742e+01
   2.1704960e+06   4.9438477e+01
   2.1767690e+06   4.0588379e+01
   2.1818370e+06   3.8940430e+01
   2.1823000e+06   5.5114746e+01
   2.1996890e+06   4.4860840e+01
   2.2003650e+06   4.4555664e+01
   2.2005780e+06   6.3293457e+01
   2.2009910e+06   5.0170898e+01
   2.2010100e+06   2.8808594e+01
   2.2010340e+06   2.8808594e+01
   2.2010910e+06   5.4992676e+01
   2.2012940e+06   5.5114746e+01
   2.2015430e+06   3.7170410e+01
   2.2015790e+06   5.6457520e+01
   2.2016520e+06   4.5410156e+01
   2.2017860e+06   3.9123535e+01
   2.2019740e+06   2.9907227e+01
   2.2020820e+06   5.0109863e+01
   2.2020970e+06   4.0527344e+01
   2.2021290e+06   3.2653809e+01
   2.2021720e+06   3.0395508e+01
   2.2022210e+06   3.5095215e+01
   2.2022430e+06   5.5847168e+01
   2.2022970e+06   3.2287598e+01
   2.2023170e+06   4.2907715e+01
   2.2023460e+06   3.2897949e+01
   2.2023930e+06   4.6386719e+01
   2.2024250e+06   3.3264160e+01
   2.2024690e+06   2.9785156e+01
   2.2025140e+06   5.2734375e+01
   2.2025490e+06   3.9001465e+01
   2.2025760e+06   5.1391602e+01
   2.2025920e+06   3.3447266e+01
   2.2026220e+06   4.6875000e+01
   2.2026440e+06   4.0222168e+01
   2.2026590e+06   5.1025391e+01
   2.2026880e+06   3.2714844e+01
   2.2027000e+06   4.1870117e+01
   2.2027280e+06   4.8156738e+01
   2.2027450e+06   4.1137695e+01
   2.2027630e+06   3.6132813e+01
   2.2027740e+06   2.9785156e+01
   2.2027960e+06   2.9602051e+01
   2.2028130e+06   3.7414551e+01
   2.2028300e+06   3.1066895e+01
   2.2028720e+06   2.8869629e+01
   2.2029130e+06   3.0761719e+01
   2.2029230e+06   3.3325195e+01
   2.2029960e+06   3.1494141e+01
   2.2030500e+06   3.1250000e+01
   2.2031480e+06   4.4616699e+01
   2.2032300e+06   3.6132812e+01
   2.2032550e+06   2.9296875e+01
   2.2033590e+06   4.3579102e+01
   2.2034430e+06   3.8391113e+01
   2.2036710e+06   3.0761719e+01
   2.2037470e+06   3.3569336e+01
   2.2038680e+06   4.3762207e+01
   2.2039780e+06   3.3203125e+01
   2.2041080e+06   3.4606934e+01
   2.2042270e+06   4.0161133e+01
   2.2043810e+06   3.3752441e+01
   2.2045210e+06   3.4729004e+01
   2.2047300e+06   3.3020020e+01
   2.2050260e+06   3.9489746e+01
   2.2128440e+06   3.6010742e+01
   2.2154220e+06   4.8095703e+01
   2.2267910e+06   4.7180176e+01
   2.2485280e+06   3.5400391e+01
   2.2893230e+06   5.6640625e+01
   2.2897050e+06   3.0395508e+01
   2.2897250e+06   3.5400391e+01
   2.2898470e+06   3.3569336e+01
   2.2898650e+06   3.7658691e+01
   2.2901200e+06   4.9194336e+01
   2.2902520e+06   3.8696289e+01
   2.2903120e+06   3.2653809e+01
   2.2903450e+06   4.1687012e+01
   2.2904950e+06   6.3964844e+01
   2.2905680e+06   4.1503906e+01
   2.2906370e+06   3.8696289e+01
   2.2906590e+06   2.9113770e+01
   2.2907540e+06   5.5053711e+01
   2.2907670e+06   2.8442383e+01
   2.2907920e+06   4.8706055e+01
   2.2908390e+06   2.8442383e+01
   2.2908750e+06   3.2775879e+01
   2.2909060e+06   4.3212891e+01
   2.2909280e+06   4.3579102e+01
   2.2909420e+06   4.0649414e+01
   2.2909640e+06   4.1442871e+01
   2.2909740e+06   3.7780762e+01
   2.2909990e+06   4.4616699e+01
   2.2910130e+06   3.5583496e+01
   2.2910260e+06   3.7109375e+01
   2.2910540e+06   2.9663086e+01
   2.2910840e+06   4.6203613e+01
   2.2911040e+06   4.3762207e+01
   2.2911310e+06   3.0212402e+01
   2.2911620e+06   3.8574219e+01
   2.2912000e+06   3.4667969e+01
   2.2912170e+06   4.1564941e+01
   2.2912270e+06   3.6926270e+01
   2.2913360e+06   3.1860352e+01
   2.2914180e+06   4.6325684e+01
   2.2914990e+06   3.9062500e+01
   2.2916110e+06   3.2165527e+01
   2.2917370e+06   3.8757324e+01
   2.2918480e+06   3.2653809e+01
   2.2923020e+06   4.3395996e+01
   2.2924510e+06   3.0273438e+01
   2.2927570e+06   2.8503418e+01
   2.3049810e+06   4.4982910e+01
   2.3076420e+06   4.7607422e+01
   2.3252260e+06   3.9001465e+01
   2.3261260e+06   3.3508301e+01
   2.3527580e+06   4.3334961e+01
   2.4218010e+06   6.2683105e+01
   2.4219860e+06   5.3283691e+01
   2.4221580e+06   2.9846191e+01
   2.4224510e+06   6.5551758e+01
   2.4226810e+06   4.7790527e+01
   2.4228200e+06   3.2653809e+01
   2.4230410e+06   6.6650391e+01
   2.4231650e+06   3.1311035e+01
   2.4232220e+06   4.0039063e+01
   2.4232340e+06   5.6152344e+01
   2.4232720e+06   3.5034180e+01
   2.4233220e+06   3.6010742e+01
   2.4233660e+06   5.1086426e+01
   2.4234110e+06   3.1860352e+01
   2.4234420e+06   3.7597656e+01
   2.4234530e+06   4.6813965e+01
   2.4234760e+06   3.8330078e+01
   2.4235200e+06   3.5278320e+01
   2.4235410e+06   5.1696777e+01
   2.4235730e+06   3.4912109e+01
   2.4236000e+06   4.1931152e+01
   2.4236290e+06   3.8085938e+01
   2.4236500e+06   4.8583984e+01
   2.4236770e+06   6.1584473e+01
   2.4237070e+06   4.1625977e+01
   2.4237380e+06   4.1687012e+01
   2.4237560e+06   3.8757324e+01
   2.4237690e+06   3.3386230e+01
   2.4238000e+06   4.5410156e+01
   2.4238270e+06   3.5217285e+01
   2.4238790e+06   3.3325195e+01
   2.4239620e+06   3.3142090e+01
   2.4240240e+06   3.0578613e+01
   2.4241110e+06   3.6499023e+01
   2.4242280e+06   3.5888672e+01
   2.4244140e+06   3.6437988e+01
   2.4246630e+06   4.0588379e+01
   2.4254600e+06   3.7353516e+01
   2.4258460e+06   3.0517578e+01
   2.4333970e+06   3.0395508e+01
   2.4352350e+06   3.3325195e+01
   2.4355150e+06   4.1687012e+01
   2.4376870e+06   3.5766602e+01
   2.4378180e+06   3.7353516e+01
   2.4409160e+06   4.6691895e+01
   2.4484640e+06   5.1208496e+01
   2.4504620e+06   5.1391602e+01
   2.4527340e+06   4.0039062e+01
   2.4529860e+06   5.4260254e+01
   2.4534220e+06   3.5949707e+01
   2.4535270e+06   4.7180176e+01
   2.4535710e+06   5.3649902e+01
   2.4536320e+06   3.1311035e+01
   2.4536840e+06   3.3813477e+01
   2.4538510e+06   4.9438477e+01
   2.4538710e+06   2.8808594e+01
   2.4539390e+06   5.0537109e+01
   2.4540960e+06   5.6823730e+01
   2.4542750e+06   4.6813965e+01
   2.4542950e+06   2.9174805e+01
   2.4548960e+06   4.7485352e+01
   2.4553350e+06   2.8320313e+01
   2.4554260e+06   2.8320313e+01
   2.4556490e+06   5.2795410e+01
   2.4556650e+06   3.7841797e+01
   2.4557120e+06   5.1879883e+01
   2.4559380e+06   5.2307129e+01
   2.5492620e+06   3.2836914e+01
   2.5493730e+06   5.8654785e+01
   2.5495420e+06   4.5227051e+01
   2.5496360e+06   4.7973633e+01
   2.5496610e+06   3.5278320e+01
   2.5499890e+06   3.3020020e+01
   2.5503610e+06   5.5725098e+01
   2.5504230e+06   5.4199219e+01
   2.5505740e+06   6.8725586e+01
   2.5506480e+06   4.4250488e+01
   2.5507120e+06   3.6560059e+01
   2.5507480e+06   3.6071777e+01
   2.5507830e+06   3.7902832e+01
   2.5507960e+06   3.0822754e+01
   2.5508270e+06   3.8330078e+01
   2.5508560e+06   3.3813477e+01
   2.5509020e+06   5.3405762e+01
   2.5509320e+06   3.1982422e+01
   2.5510040e+06   5.1574707e+01
   2.5510260e+06   3.6376953e+01
   2.5510500e+06   3.0029297e+01
   2.5510870e+06   5.5664063e+01
   2.5511070e+06   3.0273438e+01
   2.5511240e+06   4.0893555e+01
   2.5511380e+06   3.9245605e+01
   2.5511550e+06   5.4382324e+01
   2.5511810e+06   3.8085938e+01
   2.5511950e+06   3.4606934e+01
   2.5512510e+06   3.5705566e+01
   2.5512730e+06   3.9123535e+01
   2.5513600e+06   3.8208008e+01
   2.5514350e+06   3.5339355e+01
   2.5514980e+06   4.7241211e+01
   2.5515960e+06   3.1494141e+01
   2.5518310e+06   3.9001465e+01
   2.5519320e+06   4.2785645e+01
   2.5521400e+06   3.5705566e+01
   2.5521960e+06   3.2226563e+01
   2.5523610e+06   4.2907715e+01
   2.5534640e+06   3.0578613e+01
   2.5632760e+06   4.0405273e+01
   2.5635840e+06   3.6804199e+01
   2.5793800e+06   5.1391602e+01
   2.5799710e+06   6.1279297e+01
   2.6098320e+06   2.8320313e+01
   2.6105160e+06   6.4819336e+01
   2.6107480e+06   5.3894043e+01
   2.6108220e+06   7.1838379e+01
   2.6108940e+06   2.8442383e+01
   2.6111100e+06   5.2062988e+01
   2.6111830e+06   3.3325195e+01
   2.6113610e+06   4.6142578e+01
   2.6114050e+06   4.2724609e+01
   2.6115220e+06   3.0029297e+01
   2.6115810e+06   4.6203613e+01
   2.6117920e+06   6.9702148e+01
   2.6119220e+06   3.6376953e+01
   2.6120280e+06   4.4799805e+01
   2.6120600e+06   3.9367676e+01
   2.6121100e+06   3.8696289e+01
   2.6121530e+06   3.3508301e+01
   2.6121930e+06   3.4301758e+01
   2.6122290e+06   4.0283203e+01
   2.6122640e+06   8.4228516e+01
   2.6123040e+06   4.4433594e+01
   2.6123190e+06   5.2917480e+01
   2.6123340e+06   3.6560059e+01
   2.6123510e+06   3.2104492e+01
   2.6123860e+06   3.9367676e+01
   2.6124130e+06   5.1574707e+01
   2.6124290e+06   3.7048340e+01
   2.6124450e+06   3.3447266e+01
   2.6124590e+06   4.4677734e+01
   2.6124900e+06   4.1259766e+01
   2.6125000e+06   3.2592773e+01
   2.6125280e+06   4.3212891e+01
   2.6125390e+06   2.9968262e+01
   2.6125520e+06   3.8574219e+01
   2.6125620e+06   2.9296875e+01
   2.6125810e+06   3.6376953e+01
   2.6126000e+06   3.2714844e+01
   2.6126200e+06   2.8625488e+01
   2.6126370e+06   3.4973145e+01
   2.6126550e+06   3.2348633e+01
   2.6126940e+06   3.6010742e+01
   2.6127620e+06   4.2602539e+01
   2.6128740e+06   3.8391113e+01
   2.6129170e+06   2.9785156e+01
   2.6130530e+06   4.1076660e+01
   2.6131460e+06   3.1311035e+01
   2.6132550e+06   4.1870117e+01
   2.6134500e+06   3.3752441e+01
   2.6137250e+06   4.2175293e+01
   2.6138190e+06   2.8259277e+01
   2.6141530e+06   3.7353516e+01
   2.6143100e+06   3.0334473e+01
   2.6225640e+06   3.5949707e+01
   2.6248080e+06   4.3701172e+01
   2.6335770e+06   4.4311523e+01
   2.6524680e+06   4.4311523e+01
   2.6530100e+06   4.9682617e+01
   2.6532450e+06   9.8754883e+01
   2.6534820e+06   4.7363281e+01
   2.6536520e+06   4.4982910e+01
   2.6537710e+06   2.9235840e+01
   2.6538210e+06   3.1799316e+01
   2.6538720e+06   3.1555176e+01
   2.6539170e+06   3.4790039e+01
   2.6540710e+06   3.0090332e+01
   2.6541820e+06   6.1462402e+01
   2.6544370e+06   4.2175293e+01
   2.6544480e+06   5.2124023e+01
   2.6545700e+06   3.6804199e+01
   2.6546550e+06   3.4484863e+01
   2.6546880e+06   4.1503906e+01
   2.6548340e+06   3.9489746e+01
   2.6548740e+06   4.3640137e+01
   2.6550210e+06   3.8696289e+01
   2.6552650e+06   3.4484863e+01
   2.6748150e+06   4.0832520e+01
   2.6916460e+06   4.7790527e+01
   2.7090370e+06   4.2968750e+01
   2.7094050e+06   5.8654785e+01
   2.7095410e+06   4.1198730e+01
   2.7096170e+06   2.9907227e+01
   2.7096530e+06   4.7546387e+01
   2.7097050e+06   2.8381348e+01
   2.7099380e+06   5.3039551e+01
   2.7100270e+06   3.9001465e+01
   2.7101380e+06   2.9235840e+01
   2.7102730e+06   4.7790527e+01
   2.7103740e+06   3.1311035e+01
   2.7105240e+06   6.6650391e+01
   2.7105450e+06   3.3691406e+01
   2.7106280e+06   3.2958984e+01
   2.7107790e+06   5.0781250e+01
   2.7109760e+06   6.2744141e+01
   2.7112130e+06   4.8278809e+01
   2.7118450e+06   4.8583984e+01
   2.7475910e+06   4.3579102e+01
   2.7489120e+06   4.6691895e+01
   2.7489550e+06   5.7434082e+01
   2.7492690e+06   5.1452637e+01
   2.7494430e+06   3.0334473e+01
   2.7495000e+06   3.1555176e+01
   2.7495720e+06   4.7241211e+01
   2.7500350e+06   3.7719727e+01
   2.7500730e+06   3.0090332e+01
   2.7504670e+06   2.9541016e+01
   2.7509820e+06   2.9418945e+01
   2.7510990e+06   2.9052734e+01
   2.7511580e+06   6.4758301e+01
   2.8063780e+06   6.1157227e+01
   2.8072100e+06   5.9082031e+01
   2.8073490e+06   3.9184570e+01
   2.8076360e+06   3.0090332e+01
   2.8076950e+06   3.2653809e+01
   2.8077870e+06   3.3752441e+01
   2.8081040e+06   2.9174805e+01
   2.8081640e+06   2.8686523e+01
   2.8082960e+06   4.9560547e+01
   2.8083930e+06   3.1677246e+01
   2.8727520e+06   3.1494141e+01
   2.8728210e+06   5.3344727e+01
   2.8739950e+06   4.7729492e+01
   2.8740240e+06   3.2348633e+01
   2.8740830e+06   3.4240723e+01
   2.8742330e+06   3.9855957e+01
   2.8744660e+06   3.0883789e+01
   2.9230710e+06   4.5043945e+01
   2.9233640e+06   4.1015625e+01
   2.9234000e+06   4.7973633e+01
   2.9235530e+06   2.9235840e+01
   2.9533110e+06   4.1748047e+01
   2.9536490e+06   5.1269531e+01
   2.9537520e+06   3.9062500e+01
   2.9783010e+06   3.3752441e+01
   2.9783210e+06   4.4677734e+01
   2.9783660e+06   3.0212402e+01
   2.9783920e+06   2.9602051e+01
   2.9784240e+06   3.7719727e+01
   2.9784980e+06   3.2592773e+01
   2.9786990e+06   3.3447266e+01
   2.9789670e+06   2.9174805e+01
   3.0121660e+06   4.3395996e+01
   3.0121890e+06   3.0517578e+01
   3.0123350e+06   5.1696777e+01
   3.0128270e+06   3.5156250e+01
   3.0129310e+06   3.4729004e+01
   3.0130130e+06   4.2541504e+01
   3.0131150e+06   3.0395508e+01
   3.0131660e+06   2.8198242e+01
   3.0132140e+06   3.6865234e+01
   3.0135140e+06   3.0334473e+01
   3.0147300e+06   3.0700684e+01
   3.0148370e+06   2.8137207e+01
   3.0153130e+06   3.1372070e+01
   3.0163980e+06   3.1982422e+01
   3.0582520e+06   4.5715332e+01
   3.0583370e+06   3.1433105e+01
   3.0583530e+06   3.4484863e+01
   3.0585260e+06   6.7199707e+01
   3.0587670e+06   3.1860352e+01
   3.0594390e+06   3.0639648e+01
   3.0598050e+06   3.2470703e+01
   3.0599490e+06   2.9052734e+01
   3.0836890e+06   4.6997070e+01
   3.0841990e+06   5.8105469e+01
   3.0842710e+06   5.0354004e+01
   3.0842900e+06   2.8747559e+01
   3.0843760e+06   2.9296875e+01
   3.0844660e+06   3.5156250e+01
   3.0844930e+06   3.4118652e+01
   3.0845450e+06   3.2775879e+01
   3.0850990e+06   3.3447266e+01
   3.1170070e+06   2.9541016e+01
   3.1170320e+06   4.6325684e+01
   3.1170670e+06   3.1250000e+01
   3.1171830e+06   5.6091309e+01
   3.1172130e+06   5.7373047e+01
   3.1174080e+06   3.1555176e+01
   3.1175450e+06   2.9235840e+01
   3.1180800e+06   3.7414551e+01
   3.1487100e+06   3.2592773e+01
   3.1488590e+06   3.1311035e+01
   3.1488890e+06   5.2795410e+01
   3.1490140e+06   4.2419434e+01
   3.1490550e+06   2.9663086e+01
   3.1490690e+06   3.2104492e+01
   3.1492100e+06   3.0761719e+01
   3.1493100e+06   4.2236328e+01
   3.1494230e+06   2.9418945e+01
   3.1496540e+06   3.1982422e+01
   3.1732240e+06   4.7485352e+01
   3.1733080e+06   3.5156250e+01
   3.1733570e+06   4.6569824e+01
   3.1734380e+06   2.9602051e+01
   3.1735610e+06   3.9062500e+01
   3.1736650e+06   3.4912109e+01
   3.1792530e+06   3.0944824e+01
   3.2028820e+06   3.2531738e+01
   3.2029440e+06   3.7170410e+01
   3.2030390e+06   3.1616211e+01
   3.2030650e+06   2.9113770e+01
   3.2030800e+06   2.9479980e+01
   3.2031290e+06   2.9724121e+01
   3.2031650e+06   3.2592773e+01
   3.2032670e+06   2.9418945e+01
   3.2034790e+06   3.7963867e+01
   3.2083590e+06   2.8198242e+01
   3.2361870e+06   4.8522949e+01
   3.2362070e+06   3.3264160e+01
   3.2362770e+06   2.9785156e+01
   3.2363450e+06   3.0456543e+01
   3.2363850e+06   4.6569824e+01
   3.2364130e+06   2.9235840e+01
   3.2365630e+06   3.4057617e+01
   3.2366540e+06   4.0649414e+01
   3.2367320e+06   3.0700684e+01
   3.2645780e+06   3.5766602e+01
   3.2645950e+06   4.2419434e+01
   3.2646530e+06   3.7963867e+01
   3.2646900e+06   3.0334473e+01
   3.2647550e+06   4.8339844e+01
   3.2648320e+06   3.2714844e+01
   3.2648570e+06   2.9785156e+01
   3.2649210e+06   3.0395508e+01
   3.2650240e+06   2.8320313e+01
   3.2701680e+06   2.8503418e+01
   3.2832570e+06   5.2124023e+01
   3.2833570e+06   3.5034180e+01
   3.2834150e+06   4.7546387e+01
   3.2834830e+06   3.0761719e+01
   3.2835280e+06   2.9541016e+01
   3.2856890e+06   3.2531738e+01
   3.3027770e+06   3.1799316e+01
   3.3028380e+06   4.6997070e+01
   3.3029290e+06   3.8208008e+01
   3.3030570e+06   2.8808594e+01
   3.3196670e+06   4.6875000e+01
   3.3197720e+06   3.1555176e+01
   3.3199250e+06   3.2348633e+01
   3.3199890e+06   3.0639648e+01
   3.3201550e+06   2.9785156e+01
   3.3227670e+06   2.8564453e+01
   3.3349350e+06   4.8095703e+01
   3.3350100e+06   3.0212402e+01
   3.3350520e+06   6.2255859e+01
   3.3350890e+06   3.1005859e+01
   3.3351730e+06   4.2846680e+01
   3.3352460e+06   2.8198242e+01
   3.3352830e+06   3.2104492e+01
   3.3356970e+06   2.8869629e+01
   3.3361020e+06   3.3569336e+01
   3.3409030e+06   2.8930664e+01
   3.3421060e+06   5.1330566e+01
   3.3421980e+06   2.9724121e+01
   3.3552590e+06   3.0639648e+01
   3.3553580e+06   3.7475586e+01
   3.3554420e+06   3.8757324e+01
   3.3555290e+06   2.8930664e+01
   3.3555630e+06   2.9418945e+01
   3.3555910e+06   3.1127930e+01
   3.3556210e+06   3.4057617e+01
   3.3558040e+06   3.4423828e+01
   3.3738660e+06   4.6142578e+01
   3.3739560e+06   3.3264160e+01
   3.3739730e+06   3.2043457e+01
   3.3740370e+06   3.4790039e+01
   3.3742410e+06   2.8259277e+01
   3.4041880e+06   5.3222656e+01
   3.4042870e+06   3.8940430e+01
   3.4043200e+06   2.9785156e+01
   3.4044280e+06   3.3081055e+01
   3.4045900e+06   3.1311035e+01
   3.4094600e+06   2.8686523e+01
   3.4131680e+06   4.0893555e+01
   3.4217590e+06   3.9062500e+01
   3.4289750e+06   4.3090820e+01
   3.4365490e+06   3.2592773e+01
   3.4366230e+06   3.9489746e+01
   3.4366450e+06   3.0395508e+01
   3.4367300e+06   2.9968262e+01
   3.4367980e+06   4.0710449e+01
   3.4368790e+06   4.0527344e+01
   3.4862570e+06   4.9438477e+01
   3.4866040e+06   2.9296875e+01
   3.4866450e+06   3.4057617e+01
   3.4867100e+06   3.9794922e+01
   3.4867610e+06   2.9602051e+01
   3.4868800e+06   3.2653809e+01
   3.4869110e+06   3.3874512e+01
   3.4870230e+06   2.8198242e+01
   3.4870410e+06   3.2043457e+01
   3.5069450e+06   4.6264648e+01
   3.5216220e+06   3.2592773e+01
   3.5216530e+06   3.4545898e+01
   3.5216830e+06   3.5034180e+01
   3.5217120e+06   2.9602051e+01
   3.5217490e+06   3.1921387e+01
   3.5217730e+06   4.3457031e+01
   3.5217910e+06   5.1513672e+01
   3.5218080e+06   3.2287598e+01
   3.5218280e+06   3.1127930e+01
   3.5218420e+06   5.7678223e+01
   3.5218570e+06   8.2824707e+01
   3.5218790e+06   4.7912598e+01
   3.5219040e+06   5.1879883e+01
   3.5219170e+06   2.9113770e+01
   3.5219400e+06   6.6040039e+01
   3.5219730e+06   4.2480469e+01
   3.5220000e+06   4.5349121e+01
   3.5220310e+06   3.8452148e+01
   3.5220510e+06   3.4118652e+01
   3.5221020e+06   3.4667969e+01
   3.5221500e+06   3.9794922e+01
   3.5221850e+06   2.9296875e+01
   3.5222480e+06   5.9753418e+01
   3.5223150e+06   3.6987305e+01
   3.5223730e+06   4.1259766e+01
   3.5223890e+06   4.2236328e+01
   3.5224350e+06   2.8259277e+01
   3.5224530e+06   3.7170410e+01
   3.5225380e+06   4.0100098e+01
   3.5225890e+06   2.9968262e+01
   3.5226620e+06   3.4606934e+01
   3.5227650e+06   3.8513184e+01
   3.5229120e+06   3.3203125e+01
   3.5230740e+06   4.2724609e+01
   3.5232820e+06   3.2226563e+01
   3.5234940e+06   3.5339355e+01
   3.5237260e+06   3.7963867e+01
   3.5239830e+06   3.5522461e+01
   3.5243960e+06   3.3996582e+01
   3.5247820e+06   3.1677246e+01
   3.5252030e+06   3.0456543e+01
   3.5256440e+06   2.8259277e+01
   3.5330790e+06   4.4372559e+01
   3.5342300e+06   4.2175293e+01
   3.5424090e+06   3.7292480e+01
   3.5477550e+06   4.4311523e+01
   3.5525080e+06   3.3203125e+01
   3.5873210e+06   4.2358398e+01
   3.5874690e+06   3.8757324e+01
   3.5875060e+06   3.7231445e+01
   3.5875610e+06   4.4738770e+01
   3.5875870e+06   3.8818359e+01
   3.5876240e+06   2.9907227e+01
   3.5876610e+06   5.6457520e+01
   3.5876910e+06   3.3325195e+01
   3.5877180e+06   8.1420898e+01
   3.5877340e+06   7.4829102e+01
   3.5877700e+06   5.6335449e+01
   3.5877840e+06   2.9968262e+01
   3.5878060e+06   4.8767090e+01
   3.5878180e+06   3.7170410e+01
   3.5878510e+06   5.2307129e+01
   3.5878800e+06   3.2592773e+01
   3.5878920e+06   4.1931152e+01
   3.5879180e+06   3.1311035e+01
   3.5879450e+06   3.9916992e+01
   3.5879900e+06   3.6071777e+01
   3.5880200e+06   3.0334473e+01
   3.5880840e+06   3.6743164e+01
   3.5881440e+06   4.1564941e+01
   3.5882400e+06   3.5644531e+01
   3.5883400e+06   2.8747559e+01
   3.5883690e+06   4.0405273e+01
   3.5884510e+06   3.3447266e+01
   3.5885530e+06   2.8198242e+01
   3.5886440e+06   3.7475586e+01
   3.5887140e+06   3.1250000e+01
   3.5888050e+06   4.0588379e+01
   3.5888450e+06   3.3752441e+01
   3.5889450e+06   2.8137207e+01
   3.5890430e+06   3.8513184e+01
   3.5891110e+06   3.0700684e+01
   3.5891460e+06   3.4790039e+01
   3.5892440e+06   3.8146973e+01
   3.5893210e+06   4.2907715e+01
   3.5894250e+06   4.2053223e+01
   3.5894970e+06   3.1738281e+01
   3.5896860e+06   3.2348633e+01
   3.5899120e+06   3.5095215e+01
   3.5899280e+06   3.4606934e+01
   3.5901300e+06   3.5400391e+01
   3.5903320e+06   3.3386230e+01
   3.5906410e+06   3.4484863e+01
   3.5914160e+06   3.9550781e+01
   3.6011760e+06   4.3518066e+01
   3.6077940e+06   4.0283203e+01
   3.6129550e+06   3.5522461e+01
   3.6295800e+06   4.9560547e+01
   3.7007260e+06   3.2470703e+01
   3.7116850e+06   4.1381836e+01
   3.9021870e+06   3.5705566e+01
   3.9128320e+06   3.4179688e+01
   3.9133040e+06   3.1738281e+01
   3.9442360e+06   2.8503418e+01
   4.0436550e+06   2.9785156e+01
   4.0823760e+06   5.4931641e+01
   4.0838060e+06   2.9113770e+01
   4.2314890e+06   2.9052734e+01
   4.2593820e+06   4.3334961e+01
   4.2596860e+06   5.8593750e+01
   4.2600680e+06   3.8330078e+01
   4.2980030e+06   5.0537109e+01
   4.2985440e+06   4.5654297e+01
   4.3305400e+06   5.0781250e+01
   4.3311940e+06   2.8808594e+01
   4.3608220e+06   5.2551270e+01
   4.3930750e+06   3.6560059e+01
   4.4170860e+06   3.0700684e+01
   4.4171210e+06   4.2663574e+01
   4.4413510e+06   3.6682129e+01
   4.4420960e+06   4.4616699e+01
   4.4657420e+06   3.6499023e+01
   4.4852600e+06   3.3020020e+01
   4.4925310e+06   3.2104492e+01
   4.5043940e+06   3.7475586e+01
   4.5300660e+06   2.8686523e+01
   4.5300860e+06   4.0405273e+01
   4.5523550e+06   5.1513672e+01
   4.5865040e+06   3.8513184e+01
   4.5906730e+06   3.7109375e+01
   4.5920410e+06   3.4667969e+01
   4.5920930e+06   3.4606934e+01
   4.5921030e+06   2.8564453e+01
   4.5921530e+06   4.3518066e+01
   4.5921860e+06   3.3935547e+01
   4.5922100e+06   3.5339355e+01
   4.5922230e+06   3.1555176e+01
   4.5922630e+06   4.9438477e+01
   4.5922930e+06   7.8796387e+01
   4.5923170e+06   5.5175781e+01
   4.5923380e+06   5.6884766e+01
   4.5923700e+06   4.5654297e+01
   4.5923900e+06   2.9602051e+01
   4.5924110e+06   3.2775879e+01
   4.5924350e+06   4.0893555e+01
   4.5924750e+06   3.0578613e+01
   4.5925000e+06   3.8085938e+01
   4.5925160e+06   3.3203125e+01
   4.5925680e+06   4.2480469e+01
   4.5926230e+06   3.4912109e+01
   4.5926420e+06   3.2592773e+01
   4.5927610e+06   2.8930664e+01
   4.5928270e+06   3.3935547e+01
   4.5928930e+06   7.6904297e+01
   4.5929930e+06   2.9296875e+01
   4.5930190e+06   2.8076172e+01
   4.5931300e+06   2.9785156e+01
   4.5932620e+06   2.9418945e+01
   4.5933650e+06   4.1137695e+01
   4.5935720e+06   4.0100098e+01
   4.5938110e+06   3.0639648e+01
   4.5942220e+06   3.3569336e+01
   4.5945560e+06   2.8503418e+01
   4.5947580e+06   3.6315918e+01
   4.5949080e+06   3.1005859e+01
   4.5951950e+06   3.1860352e+01
   4.5955640e+06   2.9052734e+01
   4.5956870e+06   2.8930664e+01
   4.5963260e+06   3.4301758e+01
   4.5972210e+06   4.2297363e+01
   4.6040840e+06   3.4179688e+01
   4.6042440e+06   4.1442871e+01
   4.6045070e+06   3.4790039e+01
   4.6095200e+06   5.1696777e+01
   4.6144190e+06   3.6499023e+01
   4.6167760e+06   4.2602539e+01
   4.6851490e+06   3.2531738e+01
   4.6851630e+06   3.3264160e+01
   4.6853080e+06   5.4199219e+01
   4.6853340e+06   3.6560059e+01
   4.6856010e+06   5.0598145e+01
   4.6858740e+06   4.8095703e+01
   4.6859230e+06   3.5766602e+01
   4.6864230e+06   3.4423828e+01
   4.6868620e+06   2.9602051e+01
   4.6869090e+06   3.7780762e+01
   4.6869320e+06   3.9916992e+01
   4.6869500e+06   3.6621094e+01
   4.6870360e+06   2.8747559e+01
   4.6870580e+06   3.6560059e+01
   4.6870920e+06   6.1889648e+01
   4.6871490e+06   4.3579102e+01
   4.6871900e+06   3.8879395e+01
   4.6872370e+06   3.4423828e+01
   4.6872510e+06   5.0415039e+01
   4.6872740e+06   3.3020020e+01
   4.6872920e+06   3.1860352e+01
   4.6873180e+06   4.4311523e+01
   4.6873420e+06   3.8208008e+01
   4.6873820e+06   3.5461426e+01
   4.6873930e+06   4.5349121e+01
   4.6874120e+06   3.0334473e+01
   4.6874530e+06   2.9724121e+01
   4.6874800e+06   4.5593262e+01
   4.6875140e+06   3.5461426e+01
   4.6875910e+06   2.8930664e+01
   4.6876160e+06   3.0700684e+01
   4.6876510e+06   3.4362793e+01
   4.6877290e+06   3.0700684e+01
   4.6878190e+06   3.0212402e+01
   4.6879340e+06   2.9785156e+01
   4.6880280e+06   3.8879395e+01
   4.6880820e+06   3.0761719e+01
   4.6881530e+06   2.9602051e+01
   4.6882610e+06   2.8503418e+01
   4.6884600e+06   3.0212402e+01
   4.6886190e+06   3.6315918e+01
   4.6887300e+06   3.1616211e+01
   4.6888190e+06   2.8686523e+01
   4.6889400e+06   3.3752441e+01
   4.6890490e+06   3.6987305e+01
   4.6891940e+06   3.1433105e+01
   4.6893520e+06   3.5400391e+01
   4.6894780e+06   3.7597656e+01
   4.6896220e+06   3.1799316e+01
   4.6898520e+06   3.4790039e+01
   4.6901160e+06   3.0334473e+01
   4.6903700e+06   3.6254883e+01
   4.6908510e+06   3.3386230e+01
   4.6912300e+06   3.5278320e+01
   4.6913910e+06   3.1982422e+01
   4.6919620e+06   2.8259277e+01
   4.6989940e+06   3.8208008e+01
   4.7013360e+06   3.7048340e+01
   4.7016870e+06   3.1555176e+01
   4.7070610e+06   3.6499023e+01
   4.7112700e+06   3.7536621e+01
   4.7199070e+06   4.6020508e+01
   4.7745440e+06   4.9865723e+01
   4.7745680e+06   3.8696289e+01
   4.7747950e+06   4.9987793e+01
   4.7750550e+06   4.7912598e+01
   4.7994490e+06   5.2490234e+01
   4.7995980e+06   5.4870605e+01
   4.7996960e+06   4.0954590e+01
   4.7999100e+06   4.9804688e+01
   4.8001520e+06   3.0822754e+01
   4.8229180e+06   4.4494629e+01
   4.8230540e+06   5.3710938e+01
   4.8234760e+06   5.5664063e+01
   4.8395890e+06   4.2663574e+01
   4.8567490e+06   2.9418945e+01
   4.8567740e+06   3.1066895e+01
   4.8568380e+06   5.6823730e+01
   4.8825280e+06   4.3884277e+01
   4.8838940e+06   5.2185059e+01
   4.8840470e+06   3.0395508e+01
   4.8840950e+06   6.3903809e+01
   4.8852950e+06   2.9907227e+01
   4.9161720e+06   3.6254883e+01
   4.9162050e+06   3.3508301e+01
   4.9162220e+06   2.9968262e+01
   4.9165060e+06   4.8767090e+01
   4.9173140e+06   2.8076172e+01
   4.9309970e+06   4.6020508e+01
   4.9479880e+06   3.3020020e+01
   4.9481050e+06   5.8837891e+01
   4.9752050e+06   3.9367676e+01
   4.9753060e+06   4.8522949e+01
   4.9753410e+06   3.2775879e+01
   4.9762340e+06   3.0395508e+01
   4.9762540e+06   3.6071777e+01
   5.0062110e+06   4.3334961e+01
   5.0265600e+06   4.2663574e+01
   5.0265960e+06   2.8381348e+01
   5.0268120e+06   5.2246094e+01
   5.0575120e+06   3.9550781e+01
   5.0580390e+06   4.6325684e+01
   5.0588350e+06   4.5532227e+01
   5.0708700e+06   3.0822754e+01
   5.0736450e+06   3.7658691e+01
   5.0737430e+06   3.7414551e+01
   5.0737770e+06   2.9907227e+01
   5.0738060e+06   3.4606934e+01
   5.0738340e+06   2.8381348e+01
   5.0738610e+06   2.9174805e+01
   5.0738710e+06   3.5522461e+01
   5.0738990e+06   2.9602051e+01
   5.0739300e+06   7.7636719e+01
   5.0739460e+06   4.2602539e+01
   5.0739700e+06   2.9907227e+01
   5.0739900e+06   3.1616211e+01
   5.0740060e+06   4.9194336e+01
   5.0740190e+06   4.4677734e+01
   5.0740520e+06   4.5410156e+01
   5.0740760e+06   3.0700684e+01
   5.0741110e+06   3.3935547e+01
   5.0741280e+06   3.1982422e+01
   5.0741380e+06   4.1320801e+01
   5.0741700e+06   3.2958984e+01
   5.0742080e+06   2.9113770e+01
   5.0742310e+06   2.8930664e+01
   5.0742960e+06   2.9174805e+01
   5.0743110e+06   3.4240723e+01
   5.0743930e+06   3.3081055e+01
   5.0744320e+06   3.9367676e+01
   5.0745100e+06   4.0222168e+01
   5.0746930e+06   2.9418945e+01
   5.0747170e+06   2.9479980e+01
   5.0748680e+06   3.0090332e+01
   5.0750570e+06   2.9357910e+01
   5.0751780e+06   3.5644531e+01
   5.0753350e+06   3.8818359e+01
   5.0756750e+06   3.9123535e+01
   5.0758670e+06   2.9785156e+01
   5.0760380e+06   3.5034180e+01
   5.0761810e+06   3.0090332e+01
   5.0761960e+06   3.5827637e+01
   5.0763270e+06   3.2287598e+01
   5.0767830e+06   3.8269043e+01
   5.0777990e+06   2.9663086e+01
   5.0780480e+06   3.1433105e+01
   5.0782330e+06   2.9907227e+01
   5.0786930e+06   3.2897949e+01
   5.0797290e+06   2.9724121e+01
   5.0864720e+06   4.2968750e+01
   5.0870350e+06   3.6315918e+01
   5.0895580e+06   4.2419434e+01
   5.0939460e+06   3.2470703e+01
   5.0956050e+06   4.0039063e+01
   5.0980780e+06   6.1584473e+01
   5.0982120e+06   3.9062500e+01
   5.0983110e+06   3.2226563e+01
   5.0992390e+06   2.9296875e+01
   5.0996400e+06   2.9541016e+01
   5.0997820e+06   2.8930664e+01
   5.0999300e+06   2.8686523e+01
   5.1000950e+06   3.3874512e+01
   5.1002780e+06   3.8269043e+01
   5.1005100e+06   3.2836914e+01
   5.1127270e+06   3.3508301e+01
   5.1665780e+06   3.5949707e+01
   5.1668390e+06   3.4179688e+01
   5.1668910e+06   5.2856445e+01
   5.1670580e+06   3.2165527e+01
   5.1672300e+06   4.8278809e+01
   5.1680780e+06   3.7963867e+01
   5.1682840e+06   3.3020020e+01
   5.1977720e+06   4.5288086e+01
   5.1978240e+06   3.5095215e+01
   5.1978490e+06   3.9916992e+01
   5.1978740e+06   5.3649902e+01
   5.1980650e+06   3.6315918e+01
   5.1981360e+06   5.2307129e+01
   5.1987030e+06   3.5339355e+01
   5.1989010e+06   4.4189453e+01
   5.2220530e+06   4.4982910e+01
   5.2222760e+06   5.1757813e+01
   5.2223060e+06   5.3405762e+01
   5.2227270e+06   3.4912109e+01
   5.2231910e+06   4.1748047e+01
   5.2232090e+06   2.9052734e+01
   5.2466630e+06   4.6264648e+01
   5.2466780e+06   5.2551270e+01
   5.2469990e+06   3.9672852e+01
   5.2482080e+06   3.5522461e+01
   5.2821200e+06   3.7536621e+01
   5.2821740e+06   2.8686523e+01
   5.2823770e+06   6.6711426e+01
   5.2955120e+06   4.3457031e+01
   5.3065530e+06   2.9052734e+01
   5.3310370e+06   3.9367676e+01
   5.3311190e+06   2.8442383e+01
   5.3317240e+06   3.0212402e+01
   5.3640000e+06   3.8208008e+01
   5.3775850e+06   4.0649414e+01
   5.3776420e+06   3.3325195e+01
   5.3776710e+06   4.0649414e+01
   5.3777040e+06   3.7536621e+01
   5.3777180e+06   2.8869629e+01
   5.3777380e+06   4.0161133e+01
   5.3777620e+06   3.4851074e+01
   5.3777920e+06   5.1635742e+01
   5.3778070e+06   3.8757324e+01
   5.3778280e+06   3.7048340e+01
   5.3778390e+06   4.4189453e+01
   5.3778760e+06   3.6560059e+01
   5.3778990e+06   2.8869629e+01
   5.3779210e+06   3.6621094e+01
   5.3779510e+06   5.8166504e+01
   5.3779750e+06   3.1066895e+01
   5.3780130e+06   5.0598145e+01
   5.3780640e+06   3.4851074e+01
   5.3781390e+06   2.9541016e+01
   5.3781910e+06   2.8442383e+01
   5.3782030e+06   4.6813965e+01
   5.3782360e+06   3.2165527e+01
   5.3782670e+06   5.4931641e+01
   5.3783560e+06   3.8696289e+01
   5.3783730e+06   4.6691895e+01
   5.3784260e+06   3.1372070e+01
   5.3785650e+06   5.3710938e+01
   5.3786070e+06   4.8583984e+01
   5.3786710e+06   3.5522461e+01
   5.3787980e+06   3.4057617e+01
   5.3789280e+06   3.8635254e+01
   5.3790010e+06   3.4423828e+01
   5.3792660e+06   3.7353516e+01
   5.3793890e+06   3.3020020e+01
   5.3795500e+06   3.7780762e+01
   5.3798500e+06   2.8930664e+01
   5.3801930e+06   3.9611816e+01
   5.3802210e+06   3.0273438e+01
   5.3805770e+06   3.4179688e+01
   5.3808710e+06   3.1799316e+01
   5.3810440e+06   2.9968262e+01
   5.3811650e+06   3.7475586e+01
   5.3817570e+06   3.4729004e+01
   5.3818340e+06   2.9052734e+01
   5.3827160e+06   3.4118652e+01
   5.3899610e+06   4.4799805e+01
   5.3900780e+06   3.5339355e+01
   5.3924600e+06   4.1870117e+01
   5.3950820e+06   4.2663574e+01
   5.3974450e+06   3.5034180e+01
   5.3998940e+06   3.1738281e+01
   5.4057430e+06   5.0048828e+01
   5.4128100e+06   4.5593262e+01
   5.4679420e+06   3.0456543e+01
   5.4680420e+06   5.1818848e+01
   5.4683800e+06   4.9377441e+01
   5.4683940e+06   3.1738281e+01
   5.4689620e+06   3.3996582e+01
   5.4694280e+06   3.8269043e+01
   5.4969160e+06   5.5053711e+01
   5.4970940e+06   7.2326660e+01
   5.4974970e+06   4.6752930e+01
   5.4978170e+06   3.6254883e+01
   5.5108580e+06   4.7363281e+01
   5.5242760e+06   4.2297363e+01
   5.5243970e+06   5.8288574e+01
   5.5520890e+06   4.6630859e+01
   5.5522580e+06   4.7851563e+01
   5.5522710e+06   2.8564453e+01
   5.5523460e+06   3.6621094e+01
   5.5523620e+06   5.6457520e+01
   5.5532160e+06   2.8442383e+01
   5.5582500e+06   3.9489746e+01
   5.5582960e+06   3.8757324e+01
   5.5583410e+06   4.3762207e+01
   5.5583680e+06   3.8513184e+01
   5.5584020e+06   3.0883789e+01
   5.5584360e+06   5.4626465e+01
   5.5584690e+06   6.5917969e+01
   5.5584840e+06   3.2775879e+01
   5.5585010e+06   5.9570313e+01
   5.5585120e+06   4.2236328e+01
   5.5585270e+06   5.3100586e+01
   5.5585650e+06   3.5034180e+01
   5.5585860e+06   2.9785156e+01
   5.5586230e+06   4.0771484e+01
   5.5586610e+06   3.3569336e+01
   5.5587060e+06   3.9794922e+01
   5.5587300e+06   3.0944824e+01
   5.5587470e+06   3.0517578e+01
   5.5588690e+06   3.4606934e+01
   5.5588840e+06   3.2897949e+01
   5.5589240e+06   2.8808594e+01
   5.5590000e+06   3.4790039e+01
   5.5590680e+06   3.2226563e+01
   5.5591270e+06   3.2043457e+01
   5.5591520e+06   3.4301758e+01
   5.5592720e+06   5.8288574e+01
   5.5594040e+06   2.8808594e+01
   5.5594720e+06   2.8747559e+01
   5.5596050e+06   3.0578613e+01
   5.5597090e+06   4.0893555e+01
   5.5598830e+06   3.8024902e+01
   5.5599800e+06   2.8442383e+01
   5.5601300e+06   3.7780762e+01
   5.5602760e+06   3.7597656e+01
   5.5605450e+06   2.9418945e+01
   5.5606770e+06   3.1677246e+01
   5.5609780e+06   2.9968262e+01
   5.5611790e+06   3.4484863e+01
   5.5614260e+06   3.9733887e+01
   5.5617780e+06   3.8024902e+01
   5.5620490e+06   3.3813477e+01
   5.5624090e+06   4.1503906e+01
   5.5632770e+06   3.2714844e+01
   5.5728320e+06   3.4973145e+01
   5.5766310e+06   4.2297363e+01
   5.5823920e+06   3.9123535e+01
   5.5826650e+06   3.7109375e+01
   5.6035910e+06   4.0405273e+01
   5.6144770e+06   4.4799805e+01
   5.6288360e+06   3.5278320e+01
   5.6430970e+06   3.5339355e+01
   5.6432340e+06   4.9560547e+01
   5.6436650e+06   4.5288086e+01
   5.6443960e+06   4.1381836e+01
   5.6539990e+06   3.8574219e+01
   5.6754870e+06   2.8869629e+01
   5.6807590e+06   5.3405762e+01
   5.6808420e+06   5.4931641e+01
   5.7195540e+06   2.8198242e+01
   5.7196070e+06   5.0292969e+01
   5.7196200e+06   4.2602539e+01
   5.7203320e+06   4.3762207e+01
   5.7307080e+06   2.8320313e+01
   5.7459480e+06   4.0100098e+01
   5.7461790e+06   4.8095703e+01
   5.7463930e+06   2.8259277e+01
   5.7465870e+06   3.1372070e+01
   5.7635910e+06   3.0578613e+01
   5.7811950e+06   3.5278320e+01
   5.7816370e+06   7.0800781e+01
   5.8551020e+06   3.6743164e+01
   5.8557620e+06   4.7058105e+01
   5.8767310e+06   4.6630859e+01
   5.8911100e+06   2.8625488e+01
   5.9031260e+06   2.8076172e+01
   5.9033660e+06   3.0212402e+01
   5.9033770e+06   3.0883789e+01
   5.9175630e+06   2.9541016e+01
   5.9503440e+06   3.0212402e+01
   6.0000580e+06   4.1381836e+01
   6.0310530e+06   6.0485840e+01
   6.0313530e+06   3.1799316e+01
   6.0516430e+06   4.4189453e+01
   6.0516710e+06   2.8930664e+01
   6.0521980e+06   2.9174805e+01
   6.0820790e+06   3.0212402e+01
   6.1033690e+06   4.1992188e+01
   6.1036170e+06   3.4973145e+01
   6.1580590e+06   2.8686523e+01
   6.1844060e+06   4.6020508e+01
   6.2335330e+06   3.8452148e+01
   6.2821260e+06   3.2287598e+01
   6.3025020e+06   3.4362793e+01
   6.3026060e+06   3.6621094e+01
   6.3026300e+06   3.3203125e+01
   6.3026590e+06   4.0832520e+01
   6.3026870e+06   3.2348633e+01
   6.3027050e+06   4.1503906e+01
   6.3027220e+06   3.2348633e+01
   6.3027440e+06   3.5095215e+01
   6.3027710e+06   7.3486328e+01
   6.3027890e+06   3.0944824e+01
   6.3028110e+06   5.6335449e+01
   6.3028410e+06   3.3813477e+01
   6.3028610e+06   5.0964355e+01
   6.3028810e+06   5.0781250e+01
   6.3029000e+06   3.4362793e+01
   6.3029310e+06   2.9785156e+01
   6.3029500e+06   3.9428711e+01
   6.3029830e+06   3.7719727e+01
   6.3030050e+06   3.3203125e+01
   6.3030200e+06   4.0344238e+01
   6.3030490e+06   3.3691406e+01
   6.3031030e+06   4.4006348e+01
   6.3031170e+06   4.1748047e+01
   6.3031580e+06   2.9907227e+01
   6.3031840e+06   4.3823242e+01
   6.3032320e+06   5.2795410e+01
   6.3032460e+06   2.9846191e+01
   6.3032990e+06   3.0700684e+01
   6.3033390e+06   3.1494141e+01
   6.3033760e+06   3.3325195e+01
   6.3034110e+06   5.6640625e+01
   6.3035230e+06   2.9541016e+01
   6.3035600e+06   4.4006348e+01
   6.3035860e+06   4.4250488e+01
   6.3036070e+06   3.1066895e+01
   6.3036640e+06   2.9724121e+01
   6.3037540e+06   3.4301758e+01
   6.3038550e+06   4.3884277e+01
   6.3040150e+06   4.0405273e+01
   6.3041470e+06   3.3142090e+01
   6.3043370e+06   2.8930664e+01
   6.3044720e+06   3.2958984e+01
   6.3046280e+06   3.2470703e+01
   6.3051460e+06   3.1066895e+01
   6.3054710e+06   3.8330078e+01
   6.3056890e+06   3.0395508e+01
   6.3058620e+06   3.7048340e+01
   6.3060590e+06   3.2897949e+01
   6.3064580e+06   3.9306641e+01
   6.3067220e+06   3.3935547e+01
   6.3069980e+06   3.2897949e+01
   6.3072990e+06   3.1555176e+01
   6.3073130e+06   3.0273438e+01
   6.3075350e+06   3.2348633e+01
   6.3078200e+06   3.6926270e+01
   6.3083130e+06   3.8024902e+01
   6.3085410e+06   3.1372070e+01
   6.3090920e+06   4.5166016e+01
   6.3092990e+06   2.8747559e+01
   6.3096640e+06   2.9357910e+01
   6.3106030e+06   3.5888672e+01
   6.3134170e+06   3.7475586e+01
   6.3150760e+06   3.1066895e+01
   6.3152400e+06   3.6132813e+01
   6.3157340e+06   4.1442871e+01
   6.3185710e+06   3.1372070e+01
   6.3232970e+06   3.7292480e+01
   6.3285200e+06   4.1076660e+01
   6.3330680e+06   3.4729004e+01
   6.3353950e+06   3.8574219e+01
   6.4009390e+06   2.9418945e+01
   6.4009920e+06   5.7373047e+01
   6.4010920e+06   5.8410645e+01
   6.4011410e+06   4.7485352e+01
   6.4015820e+06   4.5776367e+01
   6.4021420e+06   3.8452148e+01
   6.4265630e+06   4.0649414e+01
   6.4267850e+06   4.2236328e+01
   6.4268400e+06   4.6813965e+01
   6.4282050e+06   2.9052734e+01
   6.4501240e+06   3.9733887e+01
   6.4741800e+06   3.0212402e+01
   6.4744910e+06   3.9367676e+01
   6.4745220e+06   5.9204102e+01
   6.4939100e+06   3.8574219e+01
   6.5002020e+06   4.4250488e+01
   6.5006650e+06   5.7617188e+01
   6.5006830e+06   4.9804688e+01
   6.5228610e+06   4.0344238e+01
   6.5254310e+06   3.3996582e+01
   6.5507690e+06   3.4729004e+01
   6.5529270e+06   4.1564941e+01
   6.5532290e+06   4.8339844e+01
   6.5537670e+06   4.3762207e+01
   6.5801950e+06   3.8513184e+01
   6.6446660e+06   5.3649902e+01
   6.6452630e+06   4.8522949e+01
   6.6682920e+06   3.7170410e+01
   6.7132030e+06   4.1870117e+01
   6.7368250e+06   3.7170410e+01
   6.7579790e+06   3.6315918e+01
   6.7742840e+06   4.5471191e+01
   6.7839430e+06   3.5827637e+01
   6.7840020e+06   3.8391113e+01
   6.7840370e+06   3.1555176e+01
   6.7840680e+06   6.3049316e+01
   6.7840840e+06   3.4423828e+01
   6.7841190e+06   4.3640137e+01
   6.7841300e+06   7.3608398e+01
   6.7841550e+06   4.6691895e+01
   6.7841950e+06   4.9682617e+01
   6.7842100e+06   6.1279297e+01
   6.7842410e+06   5.2185059e+01
   6.7842580e+06   3.7414551e+01
   6.7843110e+06   4.3518066e+01
   6.7843310e+06   3.1555176e+01
   6.7843660e+06   2.9846191e+01
   6.7844120e+06   3.0090332e+01
   6.7844780e+06   4.8400879e+01
   6.7845690e+06   7.9345703e+01
   6.7845950e+06   3.0090332e+01
   6.7846390e+06   2.9235840e+01
   6.7846850e+06   3.5827637e+01
   6.7847400e+06   4.0039063e+01
   6.7848300e+06   3.7414551e+01
   6.7849030e+06   4.1076660e+01
   6.7849350e+06   3.5461426e+01
   6.7849950e+06   3.4790039e+01
   6.7851390e+06   3.3691406e+01
   6.7852970e+06   3.1005859e+01
   6.7854410e+06   3.7902832e+01
   6.7856030e+06   3.7170410e+01
   6.7858210e+06   3.8330078e+01
   6.7860020e+06   3.1188965e+01
   6.7861540e+06   2.9174805e+01
   6.7863870e+06   3.8818359e+01
   6.7865810e+06   3.0456543e+01
   6.7867550e+06   3.1066895e+01
   6.7870540e+06   2.8686523e+01
   6.7873820e+06   3.3142090e+01
   6.7875550e+06   3.2409668e+01
   6.7877310e+06   3.1372070e+01
   6.7879990e+06   3.8574219e+01
   6.7882720e+06   3.2287598e+01
   6.7888250e+06   2.9113770e+01
   6.7888580e+06   4.1503906e+01
   6.7892810e+06   3.1311035e+01
   6.7896230e+06   3.9489746e+01
   6.7899040e+06   3.9062500e+01
   6.7909570e+06   3.3752441e+01
   6.7911180e+06   3.6071777e+01
   6.7914470e+06   3.1005859e+01
   6.7915140e+06   2.9235840e+01
   6.7923730e+06   3.2775879e+01
   6.7960000e+06   3.2287598e+01
   6.7963030e+06   4.9621582e+01
   6.7966170e+06   3.6560059e+01
   6.7983710e+06   3.4545898e+01
   6.7998670e+06   4.2663574e+01
   6.8006280e+06   4.1564941e+01
   6.8944810e+06   4.4372559e+01
   6.8947040e+06   4.6630859e+01
   6.8951150e+06   4.9621582e+01
   6.9040190e+06   4.8828125e+01
   6.9193500e+06   5.6457520e+01
   6.9193700e+06   2.8991699e+01
   6.9195220e+06   3.0029297e+01
   6.9457950e+06   4.1564941e+01
   6.9462690e+06   5.9020996e+01
   6.9689730e+06   4.7912598e+01
   6.9692200e+06   4.6813965e+01
   6.9703110e+06   3.8269043e+01
   6.9981440e+06   3.4118652e+01
   6.9985650e+06   3.8696289e+01
   6.9986790e+06   4.8339844e+01
   6.9986980e+06   2.9235840e+01
   7.0277290e+06   3.8818359e+01
   7.0542500e+06   3.7048340e+01
   7.0549910e+06   4.1137695e+01
   7.0850560e+06   4.0588379e+01
   7.1570130e+06   4.4860840e+01
   7.1570380e+06   4.6813965e+01
   7.1574500e+06   3.4973145e+01
   7.1948290e+06   3.1738281e+01
   7.1955250e+06   3.6682129e+01
   7.2452360e+06   4.1015625e+01
   7.2665900e+06   4.9560547e+01
   7.3562120e+06   4.6936035e+01
   7.3562910e+06   3.0578613e+01
   7.3905280e+06   4.4189453e+01
   7.4179650e+06   4.5349121e+01
   7.4938890e+06   4.0466309e+01
   7.5441920e+06   4.7058105e+01
   7.6313270e+06   4.2785645e+01
   7.6837670e+06   5.1940918e+01
   7.6838100e+06   3.1860352e+01
   7.6838370e+06   4.2053223e+01
   7.6838650e+06   3.0883789e+01
   7.6838960e+06   3.8085938e+01
   7.6839250e+06   3.4057617e+01
   7.6839450e+06   4.9011230e+01
   7.6839650e+06   8.4167480e+01
   7.6839900e+06   5.6945801e+01
   7.6840110e+06   3.5339355e+01
   7.6840460e+06   6.1279297e+01
   7.6840640e+06   4.0649414e+01
   7.6841180e+06   4.0039063e+01
   7.6841510e+06   3.5095215e+01
   7.6841900e+06   4.4616699e+01
   7.6842310e+06   4.6813965e+01
   7.6842410e+06   3.8635254e+01
   7.6843080e+06   3.1188965e+01
   7.6843570e+06   3.0639648e+01
   7.6843860e+06   4.2236328e+01
   7.6844140e+06   3.3264160e+01
   7.6844320e+06   3.6071777e+01
   7.6844770e+06   2.9663086e+01
   7.6845710e+06   4.2663574e+01
   7.6846210e+06   3.1433105e+01
   7.6846450e+06   4.1870117e+01
   7.6847140e+06   3.4240723e+01
   7.6848190e+06   4.3823242e+01
   7.6848420e+06   3.8208008e+01
   7.6848730e+06   2.9296875e+01
   7.6849710e+06   2.8686523e+01
   7.6850570e+06   3.1616211e+01
   7.6851180e+06   2.9357910e+01
   7.6852270e+06   3.0517578e+01
   7.6854050e+06   2.9235840e+01
   7.6856820e+06   3.7780762e+01
   7.6858270e+06   3.3142090e+01
   7.6860480e+06   3.2287598e+01
   7.6861930e+06   3.2714844e+01
   7.6864360e+06   3.5949707e+01
   7.6866020e+06   3.5949707e+01
   7.6867000e+06   3.0029297e+01
   7.6869310e+06   3.3508301e+01
   7.6870930e+06   2.9724121e+01
   7.6872260e+06   3.3874512e+01
   7.6873380e+06   3.0761719e+01
   7.6875440e+06   2.9052734e+01
   7.6877070e+06   3.5583496e+01
   7.6879100e+06   3.0944824e+01
   7.6880280e+06   3.5949707e+01
   7.6881530e+06   3.0090332e+01
   7.6882670e+06   2.9235840e+01
   7.6884460e+06   2.8869629e+01
   7.6886380e+06   3.4606934e+01
   7.6888270e+06   3.3325195e+01
   7.6892050e+06   2.9296875e+01
   7.6894690e+06   2.9235840e+01
   7.6898160e+06   2.8991699e+01
   7.6899420e+06   3.1066895e+01
   7.6902170e+06   2.9174805e+01
   7.6904680e+06   4.2846680e+01
   7.6906790e+06   4.1137695e+01
   7.6908330e+06   4.1015625e+01
   7.6911200e+06   3.5278320e+01
   7.6915620e+06   2.9663086e+01
   7.6918300e+06   2.8869629e+01
   7.6930520e+06   3.5705566e+01
   7.6947430e+06   3.3508301e+01
   7.6961380e+06   3.3264160e+01
   7.6963930e+06   3.3020020e+01
   7.6982240e+06   3.1921387e+01
   7.7002530e+06   3.7719727e+01
   7.7024410e+06   4.3762207e+01
   7.7046660e+06   4.4555664e+01
   7.7064650e+06   3.9428711e+01
   7.7499360e+06   3.6865234e+01
   7.7754050e+06   3.6254883e+01
   7.7927480e+06   2.9663086e+01
   7.7929460e+06   4.0771484e+01
   7.7929690e+06   3.3874512e+01
   7.8049530e+06   3.5339355e+01
   7.8160860e+06   3.5217285e+01
   7.8162700e+06   5.0415039e+01
   7.8163210e+06   4.3457031e+01
   7.8169030e+06   3.7536621e+01
   7.8430360e+06   2.9174805e+01
   7.8638360e+06   4.2114258e+01
   7.8640000e+06   6.3232422e+01
   7.8846660e+06   5.1879883e+01
   7.9113600e+06   3.2531738e+01
   7.9775150e+06   3.0151367e+01
   7.9930550e+06   4.0893555e+01
   8.0131500e+06   4.2114258e+01
   8.3347160e+06   3.7902832e+01
   8.3539310e+06   4.0771484e+01
   8.5576640e+06   4.0710449e+01
   8.5576920e+06   4.1503906e+01
   8.5577170e+06   3.0517578e+01
   8.5577410e+06   3.3691406e+01
   8.5577770e+06   4.4738770e+01
   8.5578020e+06   5.4809570e+01
   8.5578180e+06   5.6213379e+01
   8.5578510e+06   3.6804199e+01
   8.5578810e+06   5.3833008e+01
   8.5578950e+06   3.0212402e+01
   8.5579060e+06   4.3640137e+01
   8.5579460e+06   3.4667969e+01
   8.5579620e+06   3.9672852e+01
   8.5579860e+06   2.9785156e+01
   8.5580020e+06   3.2714844e+01
   8.5580510e+06   3.0456543e+01
   8.5580920e+06   3.0639648e+01
   8.5581050e+06   3.1005859e+01
   8.5581610e+06   3.2104492e+01
   8.5582210e+06   2.9785156e+01
   8.5582320e+06   4.3395996e+01
   8.5582530e+06   3.3020020e+01
   8.5583020e+06   3.9916992e+01
   8.5583650e+06   4.3762207e+01
   8.5584560e+06   3.7902832e+01
   8.5584800e+06   3.8757324e+01
   8.5585130e+06   3.2653809e+01
   8.5585350e+06   3.8085938e+01
   8.5585970e+06   3.1799316e+01
   8.5586590e+06   4.3151855e+01
   8.5586910e+06   3.7414551e+01
   8.5587700e+06   3.5034180e+01
   8.5588820e+06   4.0283203e+01
   8.5589840e+06   3.3813477e+01
   8.5590510e+06   2.9418945e+01
   8.5591060e+06   2.8808594e+01
   8.5592190e+06   3.1677246e+01
   8.5593600e+06   3.9672852e+01
   8.5597670e+06   3.3874512e+01
   8.5599300e+06   3.5766602e+01
   8.5602020e+06   3.6621094e+01
   8.5603330e+06   3.7841797e+01
   8.5604860e+06   3.4179688e+01
   8.5606720e+06   3.8635254e+01
   8.5607630e+06   3.1677246e+01
   8.5610130e+06   2.9418945e+01
   8.5614180e+06   3.1982422e+01
   8.5617300e+06   3.4240723e+01
   8.5619240e+06   3.2775879e+01
   8.5621660e+06   3.4851074e+01
   8.5624270e+06   3.7597656e+01
   8.5627210e+06   3.0944824e+01
   8.5630150e+06   3.3630371e+01
   8.5632150e+06   3.7170410e+01
   8.5635470e+06   3.1738281e+01
   8.5638610e+06   3.4118652e+01
   8.5641470e+06   3.0273438e+01
   8.5643440e+06   3.8757324e+01
   8.5647240e+06   3.2409668e+01
   8.5655180e+06   2.9113770e+01
   8.5656610e+06   3.8330078e+01
   8.5660280e+06   3.6010742e+01
   8.5663870e+06   3.5949707e+01
   8.5673650e+06   3.1494141e+01
   8.5700490e+06   3.1616211e+01
   8.5721930e+06   2.9602051e+01
   8.5723890e+06   3.5034180e+01
   8.5725200e+06   3.5217285e+01
   8.5728460e+06   3.1921387e+01
   8.5749720e+06   4.1259766e+01
   8.6146700e+06   3.4606934e+01
   8.6765260e+06   4.7180176e+01
   8.6765580e+06   3.6193848e+01
   8.6766620e+06   5.4199219e+01
   8.6768100e+06   4.6691895e+01
   8.7122350e+06   3.8208008e+01
   8.7126250e+06   5.0903320e+01
   8.7127760e+06   4.0100098e+01
   9.0117500e+06   3.3996582e+01
   9.4294360e+06   3.3142090e+01
   9.5972640e+06   4.4677734e+01
   9.5972930e+06   3.5766602e+01
   9.5973130e+06   9.8205566e+01
   9.5973270e+06   3.9367676e+01
   9.5973500e+06   5.8898926e+01
   9.5973710e+06   7.5683594e+01
   9.5973900e+06   4.4250488e+01
   9.5974000e+06   4.6691895e+01
   9.5974390e+06   4.0466309e+01
   9.5974510e+06   4.9499512e+01
   9.5974920e+06   3.3142090e+01
   9.5975380e+06   4.0466309e+01
   9.5975660e+06   2.8930664e+01
   9.5975810e+06   5.6030273e+01
   9.5976200e+06   3.7353516e+01
   9.5976310e+06   3.6987305e+01
   9.5976790e+06   3.7963867e+01
   9.5977100e+06   3.0822754e+01
   9.5977260e+06   4.6264648e+01
   9.5977760e+06   3.9062500e+01
   9.5978300e+06   4.2053223e+01
   9.5978430e+06   3.7841797e+01
   9.5978720e+06   4.6630859e+01
   9.5979050e+06   2.9663086e+01
   9.5979540e+06   3.4545898e+01
   9.5980100e+06   6.1950684e+01
   9.5981360e+06   2.9846191e+01
   9.5981530e+06   3.7231445e+01
   9.5982040e+06   4.0710449e+01
   9.5982240e+06   4.0222168e+01
   9.5982850e+06   3.5644531e+01
   9.5983460e+06   3.8696289e+01
   9.5984310e+06   3.5583496e+01
   9.5984960e+06   3.8024902e+01
   9.5985850e+06   2.9968262e+01
   9.5986830e+06   2.8991699e+01
   9.5987400e+06   3.5156250e+01
   9.5989870e+06   3.2836914e+01
   9.5991360e+06   3.2836914e+01
   9.5992960e+06   3.3081055e+01
   9.5994130e+06   3.0700684e+01
   9.5997370e+06   3.4484863e+01
   9.5999090e+06   3.7902832e+01
   9.6000300e+06   3.1799316e+01
   9.6001850e+06   3.0334473e+01
   9.6003080e+06   3.1616211e+01
   9.6004040e+06   3.5034180e+01
   9.6005900e+06   3.0212402e+01
   9.6007680e+06   3.0639648e+01
   9.6010900e+06   3.1860352e+01
   9.6012130e+06   2.8808594e+01
   9.6013240e+06   3.1188965e+01
   9.6015230e+06   3.3325195e+01
   9.6017880e+06   3.3081055e+01
   9.6021380e+06   3.6071777e+01
   9.6022780e+06   3.6376953e+01
   9.6024730e+06   2.9113770e+01
   9.6026080e+06   3.1677246e+01
   9.6029940e+06   3.3874512e+01
   9.6031290e+06   3.9184570e+01
   9.6033310e+06   3.5827637e+01
   9.6036080e+06   3.3569336e+01
   9.6037740e+06   3.1738281e+01
   9.6039940e+06   3.2531738e+01
   9.6042980e+06   3.2958984e+01
   9.6050000e+06   3.1860352e+01
   9.6052060e+06   3.6315918e+01
   9.6055290e+06   3.5095215e+01
   9.6056850e+06   2.9235840e+01
   9.6059400e+06   2.9785156e+01
   9.6061130e+06   3.5583496e+01
   9.6062650e+06   3.8024902e+01
   9.6064450e+06   3.4606934e+01
   9.6065960e+06   3.2592773e+01
   9.6067980e+06   3.0090332e+01
   9.6070260e+06   3.3081055e+01
   9.6072500e+06   3.1677246e+01
   9.6074320e+06   2.9541016e+01
   9.6076690e+06   3.5522461e+01
   9.6080990e+06   4.9438477e+01
   9.6082580e+06   3.0334473e+01
   9.6085270e+06   3.6499023e+01
   9.6088570e+06   3.3020020e+01
   9.6094940e+06   3.5705566e+01
   9.6101980e+06   2.9785156e+01
   9.6104420e+06   2.8930664e+01
   9.6105340e+06   3.3386230e+01
   9.6109570e+06   3.6071777e+01
   9.6121530e+06   4.4616699e+01
   9.6132780e+06   3.8391113e+01
   9.6138610e+06   3.7048340e+01
   9.6141220e+06   4.0954590e+01
   9.6142590e+06   4.1748047e+01
   9.6143660e+06   3.4240723e+01
   9.6144670e+06   2.9174805e+01
   9.6145660e+06   3.1494141e+01
   9.6155190e+06   2.9418945e+01
   9.6158960e+06   3.3264160e+01
   9.6173820e+06   4.4738770e+01
   9.6208610e+06   2.9479980e+01
   9.6211730e+06   2.9235840e+01
   9.6222910e+06   3.0883789e+01
   9.6688810e+06   3.4118652e+01
   9.7311180e+06   3.1127930e+01
   9.7761270e+06   7.0556641e+01
   9.7761480e+06   3.0883789e+01
   9.8741400e+06   2.8930664e+01
   1.0156522e+07   3.5034180e+01
   1.0170595e+07   3.4484863e+01
   1.0284687e+07   3.1066895e+01
   1.0284709e+07   3.0395508e+01
   1.0284734e+07   3.0578613e+01
   1.0284761e+07   3.3752441e+01
   1.0284794e+07   3.5461426e+01
   1.0284822e+07   3.4606934e+01
   1.0284845e+07   4.2785645e+01
   1.0284866e+07   8.2214355e+01
   1.0284876e+07   3.3081055e+01
   1.0284907e+07   5.5969238e+01
   1.0284948e+07   4.2114258e+01
   1.0284967e+07   3.9794922e+01
   1.0284980e+07   3.7475586e+01
   1.0285015e+07   3.2104492e+01
   1.0285034e+07   4.6142578e+01
   1.0285067e+07   3.8330078e+01
   1.0285121e+07   4.2785645e+01
   1.0285169e+07   4.1198730e+01
   1.0285197e+07   2.9724121e+01
   1.0285229e+07   4.9804688e+01
   1.0285282e+07   5.2734375e+01
   1.0285309e+07   3.5095215e+01
   1.0285327e+07   3.1372070e+01
   1.0285378e+07   4.3579102e+01
   1.0285422e+07   3.5949707e+01
   1.0285441e+07   3.1066895e+01
   1.0285486e+07   2.9907227e+01
   1.0285497e+07   3.4729004e+01
   1.0285553e+07   5.6213379e+01
   1.0285598e+07   3.0944824e+01
   1.0285608e+07   4.5288086e+01
   1.0285663e+07   4.3823242e+01
   1.0285732e+07   3.0700684e+01
   1.0285790e+07   3.7597656e+01
   1.0285854e+07   3.1127930e+01
   1.0285909e+07   3.9672852e+01
   1.0285971e+07   3.8940430e+01
   1.0286127e+07   3.2714844e+01
   1.0286381e+07   4.3395996e+01
   1.0286453e+07   3.1372070e+01
   1.0286600e+07   3.1066895e+01
   1.0286674e+07   3.4790039e+01
   1.0286815e+07   3.6254883e+01
   1.0286892e+07   3.0700684e+01
   1.0286971e+07   2.8869629e+01
   1.0287193e+07   2.9052734e+01
   1.0287338e+07   2.9907227e+01
   1.0287399e+07   3.1860352e+01
   1.0287507e+07   3.0822754e+01
   1.0287792e+07   3.4362793e+01
   1.0287925e+07   3.7170410e+01
   1.0287983e+07   3.0334473e+01
   1.0288057e+07   3.1738281e+01
   1.0288136e+07   2.8930664e+01
   1.0288258e+07   3.1066895e+01
   1.0288687e+07   3.0883789e+01
   1.0288791e+07   3.0517578e+01
   1.0289068e+07   3.1616211e+01
   1.0289219e+07   3.4301758e+01
   1.0289420e+07   3.4667969e+01
   1.0289515e+07   3.1250000e+01
   1.0289806e+07   3.4667969e+01
   1.0290058e+07   3.2897949e+01
   1.0290337e+07   2.8991699e+01
   1.0290427e+07   3.4912109e+01
   1.0290588e+07   3.4912109e+01
   1.0290809e+07   3.3264160e+01
   1.0290944e+07   2.8930664e+01
   1.0291124e+07   3.4790039e+01
   1.0291226e+07   3.2592773e+01
   1.0291379e+07   3.3447266e+01
   1.0291917e+07   4.0405273e+01
   1.0292184e+07   3.3325195e+01
   1.0292331e+07   3.0212402e+01
   1.0292502e+07   3.6193848e+01
   1.0292679e+07   2.9846191e+01
   1.0292847e+07   3.5156250e+01
   1.0293112e+07   3.4851074e+01
   1.0293233e+07   3.5217285e+01
   1.0293676e+07   3.6254883e+01
   1.0293984e+07   3.0822754e+01
   1.0294095e+07   3.1982422e+01
   1.0294268e+07   3.2592773e+01
   1.0294491e+07   3.6682129e+01
   1.0294648e+07   3.3691406e+01
   1.0294906e+07   3.2958984e+01
   1.0295135e+07   2.8991699e+01
   1.0295469e+07   2.8808594e+01
   1.0295743e+07   3.0273438e+01
   1.0296163e+07   3.0517578e+01
   1.0296302e+07   2.9235840e+01
   1.0296529e+07   3.4179688e+01
   1.0296826e+07   3.2043457e+01
   1.0297182e+07   2.9357910e+01
   1.0297662e+07   3.0883789e+01
   1.0297913e+07   3.2653809e+01
   1.0298580e+07   3.2470703e+01
   1.0299171e+07   3.1188965e+01
   1.0299480e+07   3.9428711e+01
   1.0299649e+07   3.0822754e+01
   1.0300120e+07   3.1738281e+01
   1.0303505e+07   3.8208008e+01
   1.0305392e+07   3.6376953e+01
   1.0510390e+07   4.2968750e+01
   1.0510420e+07   4.0039063e+01
   1.0510460e+07   3.2043457e+01
   1.0510485e+07   2.9968262e+01
   1.0510515e+07   5.8471680e+01
   1.0510542e+07   5.3161621e+01
   1.0510567e+07   5.6701660e+01
   1.0510592e+07   4.6020508e+01
   1.0510609e+07   5.0781250e+01
   1.0510621e+07   3.8818359e+01
   1.0510651e+07   4.4372559e+01
   1.0510684e+07   3.4423828e+01
   1.0510694e+07   3.3630371e+01
   1.0510730e+07   4.6447754e+01
   1.0510750e+07   4.2907715e+01
   1.0510816e+07   3.9367676e+01
   1.0510864e+07   3.5217285e+01
   1.0510902e+07   3.9245605e+01
   1.0510950e+07   3.7292480e+01
   1.0510992e+07   3.8818359e+01
   1.0511034e+07   4.5776367e+01
   1.0511072e+07   3.0517578e+01
   1.0511083e+07   4.4189453e+01
   1.0511126e+07   3.1311035e+01
   1.0511176e+07   5.2673340e+01
   1.0511204e+07   3.1250000e+01
   1.0511217e+07   4.1259766e+01
   1.0511260e+07   3.4790039e+01
   1.0511284e+07   2.9235840e+01
   1.0511316e+07   4.7363281e+01
   1.0511339e+07   3.6804199e+01
   1.0511363e+07   3.8940430e+01
   1.0511424e+07   2.8808594e+01
   1.0511473e+07   3.3752441e+01
   1.0511579e+07   4.3884277e+01
   1.0511638e+07   3.3020020e+01
   1.0511725e+07   3.2470703e+01
   1.0511758e+07   3.5705566e+01
   1.0511845e+07   3.1372070e+01
   1.0511986e+07   3.0273438e+01
   1.0512085e+07   3.4423828e+01
   1.0512160e+07   3.1555176e+01
   1.0512294e+07   3.0456543e+01
   1.0512355e+07   2.9663086e+01
   1.0512437e+07   2.9785156e+01
   1.0512522e+07   3.1494141e+01
   1.0512602e+07   2.9663086e+01
   1.0512829e+07   2.9357910e+01
   1.0512927e+07   3.0761719e+01
   1.0513008e+07   3.5461426e+01
   1.0513114e+07   3.5583496e+01
   1.0513196e+07   3.7414551e+01
   1.0513381e+07   3.9611816e+01
   1.0513465e+07   2.9296875e+01
   1.0513539e+07   3.0456543e+01
   1.0513616e+07   3.1494141e+01
   1.0513771e+07   3.1066895e+01
   1.0513890e+07   3.0700684e+01
   1.0513968e+07   4.2602539e+01
   1.0514113e+07   3.0212402e+01
   1.0514275e+07   3.0090332e+01
   1.0514503e+07   2.9968262e+01
   1.0514606e+07   3.4545898e+01
   1.0515158e+07   4.1259766e+01
   1.0515270e+07   3.2470703e+01
   1.0515427e+07   3.4729004e+01
   1.0515590e+07   3.3081055e+01
   1.0515749e+07   3.2043457e+01
   1.0516113e+07   3.6743164e+01
   1.0516261e+07   3.0334473e+01
   1.0516695e+07   3.8269043e+01
   1.0516801e+07   3.7536621e+01
   1.0516942e+07   3.0944824e+01
   1.0517203e+07   2.9418945e+01
   1.0517380e+07   3.0090332e+01
   1.0517518e+07   3.4851074e+01
   1.0517620e+07   3.1677246e+01
   1.0517729e+07   3.4362793e+01
   1.0517903e+07   3.2653809e+01
   1.0518123e+07   2.9602051e+01
   1.0518306e+07   3.1982422e+01
   1.0518479e+07   3.3691406e+01
   1.0518727e+07   3.4790039e+01
   1.0518904e+07   3.1799316e+01
   1.0519559e+07   3.0822754e+01
   1.0519961e+07   3.3508301e+01
   1.0520446e+07   3.6560059e+01
   1.0520627e+07   3.0029297e+01
   1.0521307e+07   3.1677246e+01
   1.0521866e+07   3.2165527e+01
   1.0522173e+07   3.6743164e+01
   1.0522548e+07   3.5644531e+01
   1.0522965e+07   3.3630371e+01
   1.0523999e+07   3.6926270e+01
   1.0525817e+07   3.1005859e+01
   1.0527561e+07   2.8808594e+01
   1.0529454e+07   3.2958984e+01
   1.0530533e+07   3.9123535e+01
   1.0539343e+07   3.8635254e+01
   1.0549691e+07   3.9123535e+01
   1.0774649e+07   5.4443359e+01
   1.1731544e+07   3.7353516e+01
