   1.1999000e+07   0.0000000e+00
   2.9508000e+04   2.2949219e+01
   2.9588000e+04   2.1789551e+01
   3.1920000e+04   2.3925781e+01
   6.5615000e+04   2.3864746e+01
   1.5143600e+05   2.4291992e+01
   1.5149700e+05   2.2827148e+01
   2.2409900e+05   2.2460938e+01
   2.2418500e+05   2.4597168e+01
   2.8315200e+05   2.3559570e+01
   3.3940100e+05   2.1850586e+01
   3.3954800e+05   2.3559570e+01
   3.3968900e+05   2.2460938e+01
   1.8829600e+06   2.6184082e+01
   1.8830060e+06   2.4475098e+01
   1.9250220e+06   2.3315430e+01
   2.4235830e+06   2.4475098e+01
   2.4236640e+06   2.8381348e+01
   2.5510420e+06   2.3437500e+01
   2.5511750e+06   2.2766113e+01
   3.5876540e+06   2.4108887e+01
   3.5877060e+06   2.2216797e+01
   3.5910940e+06   2.2583008e+01
   4.5921820e+06   2.2338867e+01
   4.5922320e+06   2.1789551e+01
   5.0738690e+06   2.1789551e+01
   5.3777470e+06   2.2155762e+01
   5.5584600e+06   2.2155762e+01
   5.6378010e+06   2.2705078e+01
   6.7840450e+06   2.5390625e+01
   6.7841600e+06   2.1850586e+01
   7.6839210e+06   2.2033691e+01
   8.5528790e+06   2.3071289e+01
   9.5972860e+06   2.2827148e+01
   9.5973010e+06   2.2644043e+01
