   1.1999000e+07   0.0000000e+00
   2.2421100e+05   1.9531250e+01
   9.5671600e+05   2.1484375e+01
   1.4882060e+06   2.1484375e+01
   1.5513670e+06   2.0874023e+01
   2.0076970e+06   2.8381348e+01
   2.0411660e+06   3.0029297e+01
   2.0825520e+06   1.9653320e+01
   2.1391870e+06   2.0202637e+01
   2.1871690e+06   1.2438965e+02
   2.1871830e+06   2.0019531e+01
   2.4049210e+06   1.9653320e+01
   2.6153970e+06   2.0385742e+01
   2.6193280e+06   1.9531250e+01
   2.7569170e+06   2.0690918e+01
   2.8155430e+06   1.9775391e+01
   2.9539390e+06   2.1484375e+01
   3.0585120e+06   2.2277832e+01
   3.1734860e+06   2.1423340e+01
   3.2836390e+06   2.4047852e+01
   3.3740120e+06   2.2094727e+01
   3.5876720e+06   2.2155762e+01
   3.5877750e+06   2.4291992e+01
   4.5922430e+06   2.6184082e+01
   4.5922960e+06   2.2521973e+01
   4.5923530e+06   2.3315430e+01
   4.6804500e+06   2.1667480e+01
   4.6873030e+06   2.3986816e+01
   4.6873640e+06   2.1850586e+01
   5.0739010e+06   3.0822754e+01
   5.0739580e+06   2.1484375e+01
   5.3777560e+06   2.8747559e+01
   5.3778120e+06   2.4841309e+01
   5.3778690e+06   2.3925781e+01
   5.3782780e+06   2.3559570e+01
   5.5584510e+06   2.5146484e+01
   5.5585080e+06   2.6916504e+01
   6.4753360e+06   2.0629883e+01
   6.6329820e+06   2.0629883e+01
   6.7840720e+06   2.5634766e+01
   6.7841310e+06   2.2521973e+01
   7.2412800e+06   2.0324707e+01
   7.6248600e+06   2.1606445e+01
   7.6248980e+06   2.1179199e+01
   7.6249460e+06   2.3315430e+01
   7.6249710e+06   2.2583008e+01
   7.6249980e+06   2.4719238e+01
   7.6828110e+06   2.0324707e+01
   7.6839140e+06   2.3681641e+01
   7.6839670e+06   2.6916504e+01
   8.5577580e+06   3.0944824e+01
   9.5972120e+06   2.6184082e+01
   9.5972740e+06   2.2766113e+01
   9.5973790e+06   2.4597168e+01
   1.0284825e+07   2.9724121e+01
   1.0284946e+07   2.5573730e+01
   1.0285262e+07   2.3010254e+01
   1.0510555e+07   2.5817871e+01
   1.0510602e+07   2.3254395e+01
   1.0510683e+07   2.4353027e+01
