   1.1999000e+07   0.0000000e+00
   1.9330000e+03   3.0639648e+01
   1.9610000e+03   2.9418945e+01
   1.9870000e+03   2.8198242e+01
   2.0020000e+03   3.3386230e+01
   2.0490000e+03   4.6630859e+01
   2.0590000e+03   2.8381348e+01
   2.1430000e+03   3.0639648e+01
   2.1760000e+03   2.9113770e+01
   2.2950000e+03   2.8442383e+01
   3.0843000e+04   2.9724121e+01
   3.1179000e+04   2.8381348e+01
   3.1290000e+04   2.8320312e+01
   3.1351000e+04   3.1127930e+01
   3.1395000e+04   3.2409668e+01
   3.1449000e+04   2.8747559e+01
   3.1495000e+04   3.0090332e+01
   3.1515000e+04   3.1127930e+01
   3.1549000e+04   2.8320313e+01
   3.1649000e+04   3.3264160e+01
   3.1813000e+04   2.7954102e+01
   6.5703000e+04   2.7893066e+01
   7.0228000e+04   4.8339844e+01
   7.0328000e+04   2.9113770e+01
   7.0530000e+04   3.3264160e+01
   7.0548000e+04   3.5522461e+01
   7.0586000e+04   2.8320313e+01
   7.0638000e+04   4.0710449e+01
   7.0678000e+04   3.0456543e+01
   7.0728000e+04   3.4545898e+01
   7.0818000e+04   4.1442871e+01
   7.0919000e+04   3.1860352e+01
   7.0981000e+04   3.0578613e+01
   1.0038400e+05   3.0822754e+01
   1.0288400e+05   2.7832031e+01
   1.0303200e+05   3.2470703e+01
   1.0323200e+05   3.3325195e+01
   1.0333400e+05   2.9907227e+01
   1.0339200e+05   3.1982422e+01
   1.0347200e+05   3.5583496e+01
   1.0352600e+05   3.9428711e+01
   1.0357100e+05   2.8686523e+01
   1.0367700e+05   3.0883789e+01
   1.0372600e+05   3.0029297e+01
   1.0417400e+05   2.7832031e+01
   1.3486000e+05   2.8015137e+01
   1.3521400e+05   3.3935547e+01
   1.3523900e+05   3.2592773e+01
   1.3534100e+05   3.0700684e+01
   1.3539600e+05   3.5949707e+01
   1.3545400e+05   2.9602051e+01
   1.3550700e+05   3.1860352e+01
   1.3556600e+05   2.9296875e+01
   1.3567200e+05   2.8442383e+01
   1.6394500e+05   2.8198242e+01
   1.6564100e+05   2.8137207e+01
   1.6621800e+05   2.8015137e+01
   1.6634700e+05   3.1921387e+01
   1.6645100e+05   3.6193848e+01
   1.6650600e+05   2.9174805e+01
   1.6658200e+05   3.2287598e+01
   1.6661800e+05   3.4851074e+01
   1.6666600e+05   3.0700684e+01
   1.6674200e+05   3.2287598e+01
   1.6677900e+05   3.2958984e+01
   1.6684000e+05   2.9724121e+01
   1.6689300e+05   2.9174805e+01
   1.6695400e+05   2.9846191e+01
   2.0141000e+05   3.1555176e+01
   2.0621800e+05   3.1616211e+01
   2.0625500e+05   3.0883789e+01
   2.0655900e+05   3.6743164e+01
   2.0671100e+05   2.8137207e+01
   2.0688900e+05   3.6437988e+01
   2.0695800e+05   3.0273438e+01
   2.0756800e+05   2.7893066e+01
   2.3515100e+05   3.0761719e+01
   2.3949800e+05   3.4545898e+01
   2.4083700e+05   3.1188965e+01
   2.4098800e+05   3.4667969e+01
   2.4103000e+05   2.9968262e+01
   2.4128000e+05   2.9479980e+01
   2.4130700e+05   3.0395508e+01
   2.4132300e+05   2.8625488e+01
   2.4153200e+05   3.2409668e+01
   2.4155100e+05   2.8076172e+01
   2.4158300e+05   2.9418945e+01
   2.4164200e+05   3.3081055e+01
   2.4170700e+05   3.3874512e+01
   2.4194900e+05   2.8503418e+01
   2.6960400e+05   2.9479980e+01
   2.8415100e+05   2.8503418e+01
   2.8442600e+05   3.2104492e+01
   2.8480200e+05   2.9541016e+01
   2.8485500e+05   2.9418945e+01
   2.8495000e+05   3.2653809e+01
   2.8500300e+05   2.8442383e+01
   2.8506000e+05   3.0456543e+01
   2.8510200e+05   3.2958984e+01
   2.8511700e+05   2.8015137e+01
   2.8543900e+05   2.9357910e+01
   3.1615400e+05   3.1555176e+01
   3.3111200e+05   2.9052734e+01
   3.3113900e+05   2.8381348e+01
   3.3133100e+05   3.0883789e+01
   3.3138800e+05   2.7893066e+01
   3.3141900e+05   3.0822754e+01
   3.3145700e+05   3.7780762e+01
   3.3150000e+05   3.0883789e+01
   3.3157500e+05   2.9968262e+01
   3.3184200e+05   2.7893066e+01
   3.3206700e+05   2.9052734e+01
   3.6079800e+05   2.9235840e+01
   3.7421700e+05   2.9968262e+01
   3.7974100e+05   2.9541016e+01
   3.8322100e+05   2.8137207e+01
   3.8365400e+05   3.1494141e+01
   3.8393300e+05   2.8259277e+01
   3.8410500e+05   2.8442383e+01
   3.8414100e+05   2.8259277e+01
   3.8419500e+05   3.4729004e+01
   3.8429400e+05   2.8320312e+01
   3.8440500e+05   2.9907227e+01
   4.1089200e+05   3.1738281e+01
   4.1660300e+05   2.9846191e+01
   4.2093600e+05   2.8747559e+01
   4.2109600e+05   3.2653809e+01
   4.2112500e+05   2.8869629e+01
   4.2115300e+05   3.1799316e+01
   4.2123300e+05   3.5461426e+01
   4.2125800e+05   3.4545898e+01
   4.2140900e+05   2.8747559e+01
   4.2166700e+05   2.8381348e+01
   4.4762600e+05   3.4484863e+01
   4.5221100e+05   2.8686523e+01
   4.7840100e+05   3.1372070e+01
   4.8372200e+05   2.7893066e+01
   4.8926500e+05   3.0700684e+01
   4.9014200e+05   3.1433105e+01
   4.9346300e+05   3.1188965e+01
   4.9447800e+05   2.9968262e+01
   5.0426500e+05   2.9907227e+01
   5.0685600e+05   2.8076172e+01
   5.0959200e+05   2.8564453e+01
   5.1320500e+05   2.9541016e+01
   5.1547500e+05   3.1372070e+01
   5.1706700e+05   3.3996582e+01
   5.2144500e+05   3.0578613e+01
   5.2283000e+05   2.9174805e+01
   5.2561100e+05   2.8442383e+01
   5.2985800e+05   3.1555176e+01
   5.3715100e+05   2.9174805e+01
   5.4083600e+05   2.9418945e+01
   5.4440400e+05   2.8869629e+01
   5.5543000e+05   2.8442383e+01
   5.5819600e+05   3.3264160e+01
   5.6339100e+05   3.8269043e+01
   5.6582100e+05   2.7893066e+01
   5.7605500e+05   2.8198242e+01
   5.7691700e+05   3.0578613e+01
   5.8070700e+05   2.8991699e+01
   5.8440300e+05   3.0334473e+01
   5.8577900e+05   2.8747559e+01
   5.8976300e+05   2.8076172e+01
   5.9760500e+05   3.1066895e+01
   5.9898700e+05   3.1066895e+01
   6.0287900e+05   3.0090332e+01
   6.0511400e+05   2.9907227e+01
   6.0728600e+05   2.8564453e+01
   6.1259000e+05   2.8625488e+01
   6.1391000e+05   2.7954102e+01
   6.1604800e+05   3.0395508e+01
   6.1906200e+05   3.0700684e+01
   6.2192400e+05   2.8991699e+01
   6.2367700e+05   3.1005859e+01
   6.2793400e+05   2.9907227e+01
   6.3588400e+05   2.9968262e+01
   6.4718500e+05   2.9479980e+01
   6.4774800e+05   3.0212402e+01
   6.5033700e+05   3.5583496e+01
   6.5330700e+05   2.9663086e+01
   6.6010900e+05   2.8076172e+01
   6.6415200e+05   2.9724121e+01
   6.6864400e+05   2.8259277e+01
   6.6926100e+05   3.1616211e+01
   6.7339900e+05   2.8625488e+01
   6.7506700e+05   3.0273438e+01
   6.7884200e+05   3.1188965e+01
   6.8061100e+05   3.1127930e+01
   6.8269700e+05   2.8015137e+01
   6.8643600e+05   3.0822754e+01
   6.8743000e+05   3.2958984e+01
   6.9048000e+05   2.7832031e+01
   6.9211700e+05   2.7832031e+01
   6.9454700e+05   2.8137207e+01
   6.9599600e+05   3.0090332e+01
   7.0085300e+05   3.4729004e+01
   7.0821300e+05   2.7832031e+01
   7.1747400e+05   2.9235840e+01
   7.2482600e+05   3.3630371e+01
   7.2904000e+05   2.7832031e+01
   7.3669400e+05   2.9602051e+01
   7.3935400e+05   2.8686523e+01
   7.4084700e+05   3.1066895e+01
   7.4899300e+05   3.1250000e+01
   7.4998500e+05   3.1311035e+01
   7.5364500e+05   3.1433105e+01
   7.5777300e+05   2.8198242e+01
   7.6160700e+05   2.8015137e+01
   7.7910300e+05   3.0334473e+01
   7.8416300e+05   3.1616211e+01
   8.0310000e+05   2.8076172e+01
   8.1111200e+05   2.8381348e+01
   8.1760400e+05   2.9357910e+01
   8.2268000e+05   2.9907227e+01
   8.2866400e+05   2.9479980e+01
   8.4389600e+05   2.8259277e+01
   8.4430400e+05   3.2592773e+01
   8.4521100e+05   2.9907227e+01
   8.5131900e+05   3.2592773e+01
   8.6253300e+05   3.4729004e+01
   8.7286600e+05   2.8686523e+01
   8.7901500e+05   3.0456543e+01
   8.8987400e+05   3.2592773e+01
   9.0575300e+05   2.9479980e+01
   9.1137400e+05   3.1433105e+01
   9.1619100e+05   2.8381348e+01
   9.2608100e+05   2.9174805e+01
   9.3391700e+05   2.8442383e+01
   9.5642400e+05   2.8137207e+01
   9.6292000e+05   2.9357910e+01
   9.6701000e+05   2.9846191e+01
   9.6804400e+05   3.3264160e+01
   9.7760900e+05   2.8869629e+01
   9.8509300e+05   2.7832031e+01
   9.9850800e+05   3.1738281e+01
   1.0001190e+06   2.8747559e+01
   1.0158330e+06   3.3508301e+01
   1.0170880e+06   2.9052734e+01
   1.0256980e+06   2.8381348e+01
   1.0288510e+06   3.2897949e+01
   1.0314710e+06   2.8808594e+01
   1.0397320e+06   3.3447266e+01
   1.0503060e+06   3.3203125e+01
   1.0612580e+06   3.3203125e+01
   1.0660940e+06   3.0822754e+01
   1.0734470e+06   2.9113770e+01
   1.0801370e+06   2.8259277e+01
   1.0857980e+06   3.3386230e+01
   1.0924310e+06   3.1005859e+01
   1.1081790e+06   2.8076172e+01
   1.1127770e+06   2.8625488e+01
   1.1216020e+06   2.9418945e+01
   1.1309930e+06   2.9479980e+01
   1.1371250e+06   3.0395508e+01
   1.1421320e+06   2.8320313e+01
   1.1536160e+06   2.9541016e+01
   1.1672020e+06   3.0334473e+01
   1.2075170e+06   3.6743164e+01
   1.2118890e+06   3.3447266e+01
   1.2204410e+06   2.9174805e+01
   1.2327470e+06   3.6071777e+01
   1.2443070e+06   2.8808594e+01
   1.2516600e+06   2.9541016e+01
   1.2642180e+06   3.5705566e+01
   1.2780160e+06   2.9785156e+01
   1.3073820e+06   3.4118652e+01
   1.3151470e+06   3.1616211e+01
   1.3181700e+06   3.2470703e+01
   1.3261740e+06   2.9174805e+01
   1.3292400e+06   2.8808594e+01
   1.3397030e+06   2.8991699e+01
   1.3446760e+06   3.3264160e+01
   1.3662990e+06   2.9541016e+01
   1.3770260e+06   3.0334473e+01
   1.3886230e+06   3.5339355e+01
   1.3951260e+06   2.9846191e+01
   1.4095580e+06   3.2653809e+01
   1.4225620e+06   2.8381348e+01
   1.4323760e+06   2.8076172e+01
   1.4496440e+06   2.9052734e+01
   1.4672680e+06   3.0151367e+01
   1.4741520e+06   2.8137207e+01
   1.4767080e+06   2.8686523e+01
   1.4875380e+06   3.3630371e+01
   1.4949580e+06   2.8625488e+01
   1.5094020e+06   3.3691406e+01
   1.5229800e+06   2.9968262e+01
   1.5459810e+06   2.8320312e+01
   1.5694140e+06   2.7954102e+01
   1.5806400e+06   2.8198242e+01
   1.6026060e+06   3.2165527e+01
   1.6168180e+06   2.9357910e+01
   1.6304710e+06   2.8808594e+01
   1.6353380e+06   3.3508301e+01
   1.6359390e+06   2.7893066e+01
   1.6491560e+06   3.2775879e+01
   1.6573070e+06   2.8137207e+01
   1.6620890e+06   2.8076172e+01
   1.6662750e+06   2.9418945e+01
   1.6747280e+06   3.0334473e+01
   1.6766770e+06   3.0944824e+01
   1.6830940e+06   2.8747559e+01
   1.6923740e+06   3.0639648e+01
   1.6959660e+06   3.3569336e+01
   1.7153480e+06   3.1494141e+01
   1.7170680e+06   2.8137207e+01
   1.7522660e+06   3.4240723e+01
   1.7738330e+06   3.3142090e+01
   1.7938100e+06   3.5095215e+01
   1.8088470e+06   3.2043457e+01
   1.8504930e+06   2.8564453e+01
   1.8560810e+06   2.9724121e+01
   1.8721840e+06   2.8808594e+01
   1.9097070e+06   2.9785156e+01
   1.9481840e+06   3.1188965e+01
   1.9589430e+06   2.8015137e+01
   1.9718870e+06   3.0517578e+01
   1.9821470e+06   3.1188965e+01
   1.9919140e+06   3.1127930e+01
   2.0047760e+06   3.2531738e+01
   2.0302480e+06   3.8452148e+01
   2.0362090e+06   2.9113770e+01
   2.0533910e+06   2.9357910e+01
   2.0553030e+06   2.8625488e+01
   2.0760050e+06   3.0822754e+01
   2.0956580e+06   2.9418945e+01
   2.1129890e+06   2.9174805e+01
   2.1420140e+06   3.7475586e+01
   2.1775260e+06   2.9174805e+01
   2.1881060e+06   2.9724121e+01
   2.2030280e+06   3.0273438e+01
   2.2285570e+06   2.8320312e+01
   2.2579420e+06   3.0029297e+01
   2.2979290e+06   2.8564453e+01
   2.3072430e+06   2.8015137e+01
   2.3580510e+06   2.9968262e+01
   2.3737280e+06   2.9174805e+01
   2.3773240e+06   3.0944824e+01
   2.3920150e+06   3.3264160e+01
   2.4140700e+06   2.8137207e+01
   2.4242110e+06   3.2348633e+01
   2.4353040e+06   3.8146973e+01
   2.4457550e+06   3.3142090e+01
   2.4772830e+06   2.8808594e+01
   2.4858900e+06   3.5217285e+01
   2.4924360e+06   3.0212402e+01
   2.5170070e+06   3.3203125e+01
   2.5404290e+06   2.8869629e+01
   2.5642410e+06   2.8747559e+01
   2.5713780e+06   3.3630371e+01
   2.6133580e+06   3.1799316e+01
   2.6339170e+06   2.8198242e+01
   2.6433540e+06   2.9296875e+01
   2.6577410e+06   2.9724121e+01
   2.6876270e+06   3.1616211e+01
   2.7192000e+06   3.1005859e+01
   2.7349140e+06   2.8259277e+01
   2.7455950e+06   2.9174805e+01
   2.7610130e+06   3.2714844e+01
   2.7753150e+06   3.0639648e+01
   2.7877380e+06   3.3996582e+01
   2.7989000e+06   2.8625488e+01
   2.8134620e+06   3.3264160e+01
   2.8735370e+06   2.9418945e+01
   2.8776070e+06   3.2043457e+01
   2.8959710e+06   2.8564453e+01
   2.9099000e+06   3.0151367e+01
   2.9686470e+06   3.0517578e+01
   2.9798810e+06   3.2104492e+01
   3.0057150e+06   2.7954102e+01
   3.0695410e+06   3.1738281e+01
   3.1073860e+06   3.3630371e+01
   3.1198590e+06   2.9663086e+01
   3.1316900e+06   3.1311035e+01
   3.1457430e+06   3.0212402e+01
   3.1567950e+06   3.1555176e+01
   3.1682720e+06   2.9296875e+01
   3.1794880e+06   2.9968262e+01
   3.1912210e+06   2.9541016e+01
   3.1990910e+06   2.7832031e+01
   3.2171890e+06   2.9846191e+01
   3.2319810e+06   3.0944824e+01
   3.2525690e+06   3.4118652e+01
   3.2672760e+06   2.8747559e+01
   3.2780500e+06   2.9724121e+01
   3.2917550e+06   3.2897949e+01
   3.3077460e+06   2.9296875e+01
   3.3489850e+06   2.8625488e+01
   3.3571690e+06   2.9113770e+01
   3.3940750e+06   2.8747559e+01
   3.4055980e+06   2.9602051e+01
   3.4125690e+06   2.9357910e+01
   3.4500830e+06   3.1311035e+01
   3.4586300e+06   2.9174805e+01
   3.4688210e+06   3.0456543e+01
   3.4812690e+06   2.9052734e+01
   3.4921240e+06   2.9052734e+01
   3.4984770e+06   3.4362793e+01
   3.5007950e+06   2.7954102e+01
   3.5121500e+06   3.0456543e+01
   3.5364090e+06   2.9602051e+01
   3.5426430e+06   3.0395508e+01
   3.5490070e+06   2.8137207e+01
   3.5651600e+06   2.8991699e+01
   3.5731230e+06   3.0395508e+01
   3.5834130e+06   2.8015137e+01
   3.5879800e+06   3.3752441e+01
   3.6209290e+06   2.8381348e+01
   3.6340450e+06   3.0456543e+01
   3.6470110e+06   2.8320313e+01
   3.6471380e+06   2.8381348e+01
   3.6471680e+06   3.3508301e+01
   3.6472050e+06   3.7170410e+01
   3.6472650e+06   2.8930664e+01
   3.6473380e+06   2.8320313e+01
   3.6476120e+06   3.2348633e+01
   3.6988370e+06   3.0822754e+01
   3.7010200e+06   4.2480469e+01
   3.7060390e+06   2.8747559e+01
   3.7116740e+06   2.7832031e+01
   3.7169800e+06   2.9968262e+01
   3.7233140e+06   3.1188965e+01
   3.7274200e+06   2.8320313e+01
   3.7294270e+06   3.1677246e+01
   3.7466590e+06   2.8808594e+01
   3.7504790e+06   2.8930664e+01
   3.7629820e+06   2.8320313e+01
   3.7671520e+06   2.9052734e+01
   3.7763740e+06   2.8442383e+01
   3.7953180e+06   3.0883789e+01
   3.7990210e+06   2.8442383e+01
   3.8101680e+06   3.4973145e+01
   3.8248230e+06   2.8930664e+01
   3.8313330e+06   2.9235840e+01
   3.8367260e+06   3.1555176e+01
   3.8584330e+06   3.0212402e+01
   3.8699320e+06   2.9052734e+01
   3.8813840e+06   2.9357910e+01
   3.8878610e+06   2.9418945e+01
   3.8915600e+06   3.1982422e+01
   3.8968510e+06   3.3630371e+01
   3.9011800e+06   2.8381348e+01
   3.9074960e+06   2.7893066e+01
   3.9204910e+06   3.4301758e+01
   3.9391590e+06   2.8259277e+01
   3.9439590e+06   3.2409668e+01
   3.9603280e+06   3.1616211e+01
   3.9707560e+06   2.8137207e+01
   3.9817420e+06   2.8564453e+01
   3.9945360e+06   2.7954102e+01
   4.0064820e+06   2.8076172e+01
   4.0177910e+06   3.2409668e+01
   4.0501750e+06   3.2531738e+01
   4.0575400e+06   2.8869629e+01
   4.0624190e+06   2.8625488e+01
   4.0736970e+06   3.1738281e+01
   4.0806290e+06   2.8625488e+01
   4.1142000e+06   3.1005859e+01
   4.1213720e+06   3.1372070e+01
   4.1280240e+06   2.8625488e+01
   4.1324290e+06   2.8137207e+01
   4.1722680e+06   3.1616211e+01
   4.1781000e+06   2.9357910e+01
   4.1936260e+06   3.0517578e+01
   4.2000550e+06   2.9052734e+01
   4.2077800e+06   2.9113770e+01
   4.2147750e+06   3.1921387e+01
   4.2352760e+06   3.2958984e+01
   4.2416420e+06   2.8198242e+01
   4.2675610e+06   2.9846191e+01
   4.2726790e+06   3.3203125e+01
   4.2823170e+06   2.9235840e+01
   4.2871390e+06   2.8259277e+01
   4.2949760e+06   2.8381348e+01
   4.3059250e+06   2.8076172e+01
   4.3096030e+06   3.0151367e+01
   4.3322630e+06   3.0151367e+01
   4.3907550e+06   2.8503418e+01
   4.4042020e+06   2.8442383e+01
   4.4049650e+06   2.8076172e+01
   4.4109490e+06   2.8808594e+01
   4.4116860e+06   2.9602051e+01
   4.4329000e+06   3.0334473e+01
   4.4428110e+06   3.1250000e+01
   4.4486270e+06   3.4240723e+01
   4.4761890e+06   3.4545898e+01
   4.4825520e+06   3.1127930e+01
   4.4851300e+06   2.9296875e+01
   4.5063100e+06   3.1555176e+01
   4.5113250e+06   2.9663086e+01
   4.5219660e+06   3.3508301e+01
   4.5275950e+06   2.7832031e+01
   4.5412370e+06   2.9846191e+01
   4.5505590e+06   3.0700684e+01
   4.5559480e+06   3.0944824e+01
   4.5623890e+06   2.8137207e+01
   4.5660530e+06   3.0334473e+01
   4.6091590e+06   2.9235840e+01
   4.6223480e+06   2.8259277e+01
   4.6252510e+06   2.8320313e+01
   4.6399620e+06   3.1311035e+01
   4.6479580e+06   2.9296875e+01
   4.6788100e+06   3.1066895e+01
   4.6795680e+06   2.8198242e+01
   4.6827240e+06   2.9663086e+01
   4.6984830e+06   3.2958984e+01
   4.7046580e+06   3.2043457e+01
   4.7126050e+06   2.9968262e+01
   4.7174900e+06   2.9479980e+01
   4.7223940e+06   3.4484863e+01
   4.7341670e+06   3.0212402e+01
   4.7496110e+06   3.1066895e+01
   4.7659700e+06   3.0029297e+01
   4.7748000e+06   2.9174805e+01
   4.7815590e+06   2.7893066e+01
   4.7894120e+06   3.1555176e+01
   4.8137800e+06   2.8808594e+01
   4.8355120e+06   2.8381348e+01
   4.8426580e+06   3.6926270e+01
   4.8612160e+06   2.8259277e+01
   4.8786510e+06   3.3325195e+01
   4.8844830e+06   2.9785156e+01
   4.8911990e+06   3.0212402e+01
   4.8997350e+06   2.8625488e+01
   4.9126800e+06   3.3264160e+01
   4.9164580e+06   2.8015137e+01
   4.9254410e+06   3.0029297e+01
   4.9345650e+06   3.1066895e+01
   4.9415030e+06   2.7954102e+01
   4.9551830e+06   3.0090332e+01
   4.9640100e+06   3.1250000e+01
   4.9717060e+06   2.8686523e+01
   4.9883820e+06   3.0212402e+01
   5.0019830e+06   3.2592773e+01
   5.0102240e+06   2.9907227e+01
   5.0140280e+06   3.1127930e+01
   5.0190840e+06   2.8076172e+01
   5.0295810e+06   2.9113770e+01
   5.0439440e+06   2.8259277e+01
   5.0592810e+06   2.9907227e+01
   5.0599470e+06   2.9785156e+01
   5.0817950e+06   2.9663086e+01
   5.0880890e+06   3.0151367e+01
   5.0917450e+06   3.0517578e+01
   5.1072940e+06   3.0151367e+01
   5.1228600e+06   2.9174805e+01
   5.1261630e+06   3.0517578e+01
   5.1390390e+06   2.7954102e+01
   5.1447140e+06   2.8869629e+01
   5.1488060e+06   2.8991699e+01
   5.1542610e+06   2.9479980e+01
   5.1686410e+06   2.9174805e+01
   5.1796600e+06   3.2958984e+01
   5.1849910e+06   2.8015137e+01
   5.1900030e+06   3.2043457e+01
   5.1936170e+06   3.2226563e+01
   5.1961290e+06   3.0517578e+01
   5.2058270e+06   3.0334473e+01
   5.2165320e+06   3.1372070e+01
   5.2574530e+06   3.2287598e+01
   5.2690300e+06   2.9846191e+01
   5.2750270e+06   2.8808594e+01
   5.2840610e+06   2.7954102e+01
   5.2931180e+06   2.9602051e+01
   5.3102600e+06   2.8442383e+01
   5.3175470e+06   3.0273438e+01
   5.3242710e+06   3.1188965e+01
   5.3399240e+06   3.1311035e+01
   5.3590650e+06   3.0822754e+01
   5.3900100e+06   2.9907227e+01
   5.4043350e+06   3.6865234e+01
   5.4131820e+06   2.8259277e+01
   5.4409080e+06   2.8076172e+01
   5.4548550e+06   3.4118652e+01
   5.4724630e+06   3.2775879e+01
   5.4794590e+06   3.5461426e+01
   5.5112870e+06   3.1860352e+01
   5.5162880e+06   2.9785156e+01
   5.5229100e+06   2.9968262e+01
   5.5315190e+06   2.9724121e+01
   5.5374530e+06   3.3630371e+01
   5.5685700e+06   2.8503418e+01
   5.5747850e+06   3.2531738e+01
   5.5871380e+06   3.0090332e+01
   5.5898580e+06   2.8564453e+01
   5.5981930e+06   2.7832031e+01
   5.6075270e+06   3.0395508e+01
   5.6250340e+06   2.9846191e+01
   5.6434500e+06   2.8198242e+01
   5.6497780e+06   2.8808594e+01
   5.6550610e+06   2.8503418e+01
   5.6655800e+06   2.9357910e+01
   5.6731600e+06   3.0212402e+01
   5.6822660e+06   2.9296875e+01
   5.6899920e+06   2.9418945e+01
   5.6977010e+06   2.7893066e+01
   5.7059030e+06   2.7893066e+01
   5.7188150e+06   2.9541016e+01
   5.7233040e+06   2.8198242e+01
   5.7294580e+06   2.8442383e+01
   5.7534430e+06   2.9663086e+01
   5.7591690e+06   2.9174805e+01
   5.7852380e+06   3.0334473e+01
   5.7925020e+06   3.0212402e+01
   5.7960490e+06   2.9968262e+01
   5.8040670e+06   3.0639648e+01
   5.8107710e+06   3.4057617e+01
   5.8346290e+06   2.9479980e+01
   5.8641580e+06   2.9541016e+01
   5.8677630e+06   3.0639648e+01
   5.8768290e+06   2.9846191e+01
   5.8947080e+06   2.9541016e+01
   5.8990630e+06   2.8869629e+01
   5.9027950e+06   2.9418945e+01
   5.9131830e+06   2.8137207e+01
   5.9322800e+06   2.8015137e+01
   5.9428920e+06   3.4057617e+01
   5.9502670e+06   2.9113770e+01
   5.9719650e+06   2.8625488e+01
   5.9856040e+06   3.3569336e+01
   6.0153820e+06   3.0761719e+01
   6.0235290e+06   3.1250000e+01
   6.0263570e+06   2.9602051e+01
   6.0364250e+06   3.1433105e+01
   6.0490380e+06   2.8686523e+01
   6.0588200e+06   2.8381348e+01
   6.0656360e+06   2.9479980e+01
   6.0804940e+06   2.8015137e+01
   6.0986630e+06   3.1433105e+01
   6.1042620e+06   2.9663086e+01
   6.1171280e+06   3.3996582e+01
   6.1323900e+06   3.0151367e+01
   6.1416140e+06   3.3691406e+01
   6.1524070e+06   3.1494141e+01
   6.1589780e+06   2.8076172e+01
   6.1866860e+06   2.8808594e+01
   6.1926630e+06   3.2409668e+01
   6.1990480e+06   2.8320313e+01
   6.2109380e+06   2.8991699e+01
   6.2181880e+06   3.0578613e+01
   6.2239870e+06   3.0273438e+01
   6.2315990e+06   2.8869629e+01
   6.2734490e+06   2.8991699e+01
   6.2815700e+06   3.2226563e+01
   6.2873410e+06   2.8808594e+01
   6.3050510e+06   3.0578613e+01
   6.3100440e+06   3.1188965e+01
   6.3152480e+06   2.9602051e+01
   6.3188920e+06   2.8381348e+01
   6.3319480e+06   3.1066895e+01
   6.3363550e+06   3.1921387e+01
   6.3701430e+06   2.8076172e+01
   6.3707490e+06   2.9357910e+01
   6.3813020e+06   2.9479980e+01
   6.3979610e+06   3.0700684e+01
   6.4165360e+06   3.3325195e+01
   6.4361160e+06   2.9113770e+01
   6.4453030e+06   2.8686523e+01
   6.4516770e+06   2.7893066e+01
   6.4704590e+06   2.7893066e+01
   6.4873970e+06   3.0151367e+01
   6.5059290e+06   3.0334473e+01
   6.5066170e+06   3.2653809e+01
   6.5143560e+06   2.7954102e+01
   6.5204680e+06   2.9602051e+01
   6.5263990e+06   3.0212402e+01
   6.5325000e+06   2.9418945e+01
   6.5422520e+06   3.0822754e+01
   6.5457380e+06   2.8930664e+01
   6.5524290e+06   2.9479980e+01
   6.5838890e+06   2.9052734e+01
   6.5880280e+06   2.8808594e+01
   6.5990510e+06   2.8625488e+01
   6.6059460e+06   2.8259277e+01
   6.6189050e+06   3.0883789e+01
   6.6251730e+06   3.2043457e+01
   6.6327650e+06   2.7832031e+01
   6.6444860e+06   2.8076172e+01
   6.6513100e+06   2.9296875e+01
   6.6725900e+06   2.8564453e+01
   6.6733110e+06   2.9479980e+01
   6.6843430e+06   2.9235840e+01
   6.6962150e+06   2.9602051e+01
   6.7090340e+06   2.9663086e+01
   6.7276430e+06   2.7893066e+01
   6.7282070e+06   2.7893066e+01
   6.7369570e+06   2.8808594e+01
   6.7411420e+06   2.8991699e+01
   6.7636950e+06   2.8076172e+01
   6.8082760e+06   2.9541016e+01
   6.8129110e+06   2.9602051e+01
   6.8424590e+06   2.8015137e+01
   6.8465170e+06   3.0639648e+01
   6.8529180e+06   2.8503418e+01
   6.8636240e+06   2.8625488e+01
   6.8836630e+06   2.8259277e+01
   6.8952930e+06   3.3020020e+01
   6.9258220e+06   2.8991699e+01
   6.9298120e+06   2.8808594e+01
   6.9489640e+06   2.8076172e+01
   6.9540480e+06   3.0883789e+01
   6.9569700e+06   3.1127930e+01
   6.9800610e+06   2.9113770e+01
   6.9834090e+06   3.0090332e+01
   6.9942690e+06   2.9968262e+01
   7.0200090e+06   2.8686523e+01
   7.0241820e+06   3.1005859e+01
   7.0313690e+06   2.8991699e+01
   7.0348540e+06   2.8259277e+01
   7.0705990e+06   2.8869629e+01
   7.0922430e+06   3.0212402e+01
   7.1134450e+06   2.9785156e+01
   7.1180810e+06   2.8564453e+01
   7.1340900e+06   3.1127930e+01
   7.1457860e+06   2.8015137e+01
   7.1634730e+06   3.0029297e+01
   7.1811290e+06   2.9174805e+01
   7.1863770e+06   3.1066895e+01
   7.2377370e+06   2.8686523e+01
   7.2401760e+06   2.7832031e+01
   7.2628280e+06   2.8808594e+01
   7.2634630e+06   3.0151367e+01
   7.2852670e+06   2.7832031e+01
   7.2963110e+06   2.8747559e+01
   7.3133280e+06   2.8259277e+01
   7.3220210e+06   2.8808594e+01
   7.3295610e+06   2.8991699e+01
   7.3561330e+06   2.8076172e+01
   7.3611650e+06   3.0029297e+01
   7.3771680e+06   2.8320313e+01
   7.3901070e+06   2.8503418e+01
   7.3964820e+06   2.9357910e+01
   7.4078800e+06   3.0029297e+01
   7.4162650e+06   3.1311035e+01
   7.4392440e+06   3.0517578e+01
   7.5387280e+06   2.9968262e+01
   7.5426770e+06   2.8747559e+01
   7.5610700e+06   2.9907227e+01
   7.5716890e+06   2.8808594e+01
   7.5825230e+06   3.2104492e+01
   7.5891910e+06   2.9785156e+01
   7.5945400e+06   2.8198242e+01
   7.6064800e+06   3.0151367e+01
   7.6130850e+06   2.7832031e+01
   7.6309170e+06   3.5461426e+01
   7.6370270e+06   3.0456543e+01
   7.6466370e+06   2.7893066e+01
   7.7083100e+06   2.9174805e+01
   7.7129740e+06   3.2531738e+01
   7.7163190e+06   3.1433105e+01
   7.7206880e+06   3.1250000e+01
   7.7345950e+06   2.9541016e+01
   7.7525160e+06   3.1738281e+01
   7.7593910e+06   3.2287598e+01
   7.7658090e+06   3.0151367e+01
   7.7663590e+06   2.9357910e+01
   7.7734880e+06   3.1005859e+01
   7.7866980e+06   2.9968262e+01
   7.7918010e+06   2.7832031e+01
   7.7970950e+06   2.9541016e+01
   7.8414580e+06   2.9724121e+01
   7.8603980e+06   2.9052734e+01
   7.9019380e+06   2.8686523e+01
   7.9742930e+06   3.2775879e+01
   7.9895150e+06   3.0395508e+01
   8.0550330e+06   2.8198242e+01
   8.0609290e+06   3.0517578e+01
   8.1065320e+06   3.2287598e+01
   8.1296240e+06   2.8808594e+01
   8.1444690e+06   3.0639648e+01
   8.1512880e+06   2.9113770e+01
   8.1605040e+06   2.7954102e+01
   8.1663410e+06   2.8503418e+01
   8.1708660e+06   2.8808594e+01
   8.1778260e+06   3.2348633e+01
   8.1918210e+06   3.3264160e+01
   8.1955090e+06   3.0761719e+01
   8.1993610e+06   2.7954102e+01
   8.2041000e+06   2.8259277e+01
   8.2143280e+06   2.8625488e+01
   8.2314830e+06   3.0700684e+01
   8.2360900e+06   2.7954102e+01
   8.2420470e+06   2.8930664e+01
   8.2597190e+06   2.7832031e+01
   8.3145410e+06   2.8686523e+01
   8.3358050e+06   2.8320313e+01
   8.3424100e+06   3.1799316e+01
   8.3826050e+06   3.2348633e+01
   8.3832170e+06   3.0578613e+01
   8.4078670e+06   2.8259277e+01
   8.4570420e+06   2.8015137e+01
   8.4606580e+06   3.1372070e+01
   8.4785070e+06   3.1005859e+01
   8.4803500e+06   3.0334473e+01
   8.4856800e+06   2.9357910e+01
   8.4911740e+06   3.4301758e+01
   8.5192540e+06   3.0700684e+01
   8.5293310e+06   3.0151367e+01
   8.5470680e+06   3.0395508e+01
   8.5639370e+06   3.0578613e+01
   8.5695310e+06   3.1555176e+01
   8.5753170e+06   2.8625488e+01
   8.6032970e+06   2.8686523e+01
   8.6038570e+06   3.3386230e+01
   8.6095680e+06   2.9724121e+01
   8.6224680e+06   2.9724121e+01
   8.6245800e+06   3.0334473e+01
   8.6389660e+06   2.8320313e+01
   8.6547260e+06   3.3142090e+01
   8.6948030e+06   3.0517578e+01
   8.7209030e+06   2.8381348e+01
   8.7246550e+06   2.8015137e+01
   8.7318580e+06   2.9174805e+01
   8.7468490e+06   2.8015137e+01
   8.7612890e+06   3.1494141e+01
   8.7672580e+06   2.9418945e+01
   8.7773030e+06   2.8747559e+01
   8.7817290e+06   2.9357910e+01
   8.7894430e+06   3.1127930e+01
   8.8633960e+06   3.0639648e+01
   8.8964300e+06   2.7893066e+01
   8.9046510e+06   3.1616211e+01
   8.9146870e+06   3.2897949e+01
   8.9198190e+06   3.0029297e+01
   8.9305900e+06   2.7893066e+01
   8.9726820e+06   2.9846191e+01
   8.9794020e+06   2.9479980e+01
   8.9856520e+06   2.9663086e+01
   8.9922710e+06   2.9235840e+01
   9.0103980e+06   2.8381348e+01
   9.0298930e+06   3.3813477e+01
   9.0854680e+06   2.8991699e+01
   9.0946370e+06   2.8503418e+01
   9.1086390e+06   3.0700684e+01
   9.1174430e+06   2.9296875e+01
   9.1255900e+06   2.8137207e+01
   9.1437740e+06   2.9602051e+01
   9.1634660e+06   3.1860352e+01
   9.2183530e+06   2.7832031e+01
   9.2252550e+06   3.2897949e+01
   9.2312860e+06   2.8503418e+01
   9.2358320e+06   3.2958984e+01
   9.2419210e+06   2.8625488e+01
   9.2665560e+06   3.1616211e+01
   9.3032910e+06   2.8869629e+01
   9.3156150e+06   2.8686523e+01
   9.3568960e+06   3.2043457e+01
   9.3660890e+06   2.8564453e+01
   9.3722880e+06   2.9052734e+01
   9.3759840e+06   3.3630371e+01
   9.3997910e+06   2.8381348e+01
   9.4209330e+06   2.8686523e+01
   9.4272370e+06   2.7893066e+01
   9.4494840e+06   2.9296875e+01
   9.4858090e+06   3.1005859e+01
   9.5078140e+06   3.2653809e+01
   9.5082720e+06   2.8320313e+01
   9.5466790e+06   3.1677246e+01
   9.5552060e+06   2.8625488e+01
   9.6041250e+06   3.5644531e+01
   9.6475000e+06   2.8869629e+01
   9.6868920e+06   3.2226563e+01
   9.7331290e+06   2.9052734e+01
   9.7406060e+06   2.8320313e+01
   9.7487970e+06   2.8076172e+01
   9.7648690e+06   2.8198242e+01
   9.7837190e+06   2.8442383e+01
   9.7960350e+06   3.1555176e+01
   9.8472220e+06   2.8503418e+01
   9.8706710e+06   2.9296875e+01
   9.8711500e+06   2.8869629e+01
   9.8804010e+06   2.8869629e+01
   9.9054030e+06   3.1005859e+01
   9.9108590e+06   3.0822754e+01
   9.9297040e+06   2.8808594e+01
   9.9725480e+06   2.9907227e+01
   1.0021396e+07   2.9418945e+01
   1.0062339e+07   2.7893066e+01
   1.0085542e+07   3.0029297e+01
   1.0097800e+07   2.8869629e+01
   1.0103217e+07   3.2409668e+01
   1.0109089e+07   2.9541016e+01
   1.0136302e+07   2.8625488e+01
   1.0136833e+07   2.8564453e+01
   1.0142731e+07   3.1311035e+01
   1.0165002e+07   2.8381348e+01
   1.0209446e+07   2.8625488e+01
   1.0243699e+07   2.8259277e+01
   1.0273586e+07   2.8808594e+01
   1.0296053e+07   2.9357910e+01
   1.0317970e+07   2.8320313e+01
   1.0351926e+07   2.7832031e+01
   1.0361369e+07   2.7832031e+01
   1.0376315e+07   2.9357910e+01
   1.0393872e+07   3.0822754e+01
   1.0404697e+07   2.9174805e+01
   1.0415892e+07   3.1311035e+01
   1.0424229e+07   2.8625488e+01
   1.0460079e+07   2.8137207e+01
   1.0485020e+07   2.8381348e+01
   1.0504914e+07   3.1005859e+01
   1.0514211e+07   2.9541016e+01
   1.0527867e+07   3.0822754e+01
   1.0531232e+07   2.9418945e+01
   1.0558434e+07   2.9968262e+01
   1.0573684e+07   2.8930664e+01
   1.0588191e+07   2.8381348e+01
   1.0637660e+07   2.9296875e+01
   1.0646165e+07   2.8869629e+01
   1.0660154e+07   2.9663086e+01
   1.0717885e+07   3.0517578e+01
   1.0728826e+07   3.0456543e+01
   1.0741050e+07   2.7832031e+01
   1.0807546e+07   2.8320313e+01
   1.0842130e+07   3.0334473e+01
   1.0878243e+07   2.9724121e+01
   1.0914842e+07   2.7954102e+01
   1.0980926e+07   3.0395508e+01
   1.1012072e+07   2.8625488e+01
   1.1050018e+07   2.9174805e+01
   1.1132063e+07   2.8137207e+01
   1.1142468e+07   2.8442383e+01
   1.1145671e+07   2.7832031e+01
   1.1159588e+07   3.0578613e+01
   1.1211026e+07   2.8991699e+01
   1.1221032e+07   2.8381348e+01
   1.1233777e+07   2.9541016e+01
   1.1263544e+07   2.7954102e+01
   1.1270536e+07   3.0395508e+01
   1.1275747e+07   2.8869629e+01
   1.1298938e+07   2.9235840e+01
   1.1327867e+07   2.9113770e+01
   1.1361963e+07   2.8259277e+01
   1.1487575e+07   2.7893066e+01
   1.1535806e+07   2.9052734e+01
   1.1571241e+07   3.0029297e+01
   1.1617127e+07   2.8076172e+01
   1.1663955e+07   3.0517578e+01
   1.1682516e+07   2.9479980e+01
   1.1745841e+07   3.0029297e+01
   1.1786361e+07   2.8930664e+01
   1.1816790e+07   2.8076172e+01
   1.1839678e+07   3.0883789e+01
   1.1847948e+07   2.9174805e+01
   1.1868807e+07   2.7832031e+01
   1.1913433e+07   2.8564453e+01
   1.1919205e+07   2.8991699e+01
   1.1936402e+07   3.1616211e+01
