   1.1999000e+07   0.0000000e+00
   1.8560000e+03   3.5705566e+01
   1.8770000e+03   4.1442871e+01
   1.9110000e+03   5.9692383e+01
   1.9230000e+03   6.8847656e+01
   1.9420000e+03   6.7626953e+01
   1.9570000e+03   5.8105469e+01
   1.9790000e+03   3.5644531e+01
   2.0030000e+03   6.8603516e+01
   2.0180000e+03   5.7739258e+01
   2.0360000e+03   4.4982910e+01
   2.0600000e+03   4.0771484e+01
   2.0830000e+03   3.6437988e+01
   2.1050000e+03   4.5104980e+01
   2.1190000e+03   5.6091309e+01
   2.1450000e+03   4.2297363e+01
   2.3630000e+03   3.7170410e+01
   3.3820000e+03   3.4423828e+01
   3.1005000e+04   3.9550781e+01
   3.1170000e+04   3.6193848e+01
   3.1235000e+04   3.7170410e+01
   3.1256000e+04   4.7851563e+01
   3.1273000e+04   3.8635254e+01
   3.1293000e+04   4.9560547e+01
   3.1329000e+04   4.2175293e+01
   3.1367000e+04   5.9448242e+01
   3.1384000e+04   3.5034180e+01
   3.1407000e+04   4.9926758e+01
   3.1435000e+04   5.5419922e+01
   3.1453000e+04   3.7048340e+01
   3.1475000e+04   4.1503906e+01
   3.1507000e+04   4.5288086e+01
   3.1519000e+04   3.9367676e+01
   3.1551000e+04   3.6193848e+01
   3.1576000e+04   3.6193848e+01
   3.1603000e+04   5.4565430e+01
   3.1617000e+04   3.4057617e+01
   3.1867000e+04   3.4240723e+01
   7.0421000e+04   3.9489746e+01
   7.0500000e+04   3.4118652e+01
   7.0516000e+04   4.1992188e+01
   7.0543000e+04   3.5278320e+01
   7.0569000e+04   4.5288086e+01
   7.0609000e+04   3.3874512e+01
   7.0627000e+04   4.8706055e+01
   7.0650000e+04   5.2978516e+01
   7.0680000e+04   7.8674316e+01
   7.0695000e+04   7.1105957e+01
   7.0720000e+04   5.0170898e+01
   7.0749000e+04   4.8400879e+01
   7.0772000e+04   7.0922852e+01
   7.0790000e+04   6.9885254e+01
   7.0815000e+04   4.9804688e+01
   7.0848000e+04   3.6560059e+01
   7.0904000e+04   4.5288086e+01
   7.0933000e+04   3.6010742e+01
   7.0974000e+04   4.1259766e+01
   7.1053000e+04   3.5278320e+01
   7.1080000e+04   3.8513184e+01
   1.0314300e+05   3.3935547e+01
   1.0330800e+05   4.8278809e+01
   1.0340700e+05   4.1625977e+01
   1.0344100e+05   3.8452148e+01
   1.0345300e+05   6.0729980e+01
   1.0348600e+05   4.5166016e+01
   1.0351300e+05   5.7861328e+01
   1.0353100e+05   9.3688965e+01
   1.0355500e+05   4.4616699e+01
   1.0357100e+05   3.9367676e+01
   1.0359000e+05   7.0800781e+01
   1.0361200e+05   5.0415039e+01
   1.0363900e+05   3.7170410e+01
   1.0365500e+05   4.4494629e+01
   1.0368600e+05   5.9631348e+01
   1.0369600e+05   3.6926270e+01
   1.0372100e+05   4.1320801e+01
   1.0373100e+05   6.5185547e+01
   1.0376400e+05   3.9733887e+01
   1.0378400e+05   3.4240723e+01
   1.0381100e+05   3.8757324e+01
   1.0385500e+05   4.3823242e+01
   1.0391400e+05   3.7414551e+01
   1.3519500e+05   3.5827637e+01
   1.3527200e+05   3.9428711e+01
   1.3533200e+05   4.1137695e+01
   1.3534400e+05   6.7871094e+01
   1.3536400e+05   4.9865723e+01
   1.3538400e+05   7.5378418e+01
   1.3541100e+05   5.9020996e+01
   1.3542700e+05   4.4616699e+01
   1.3546600e+05   5.6152344e+01
   1.3549200e+05   3.4362793e+01
   1.3551300e+05   3.7780762e+01
   1.3553200e+05   4.6386719e+01
   1.3555400e+05   3.8024902e+01
   1.3557400e+05   4.0161133e+01
   1.3558500e+05   4.7912598e+01
   1.3562800e+05   5.3161621e+01
   1.3564400e+05   3.9672852e+01
   1.3566000e+05   5.1269531e+01
   1.3571200e+05   5.1635742e+01
   1.3574200e+05   3.7353516e+01
   1.6639000e+05   3.9794922e+01
   1.6646000e+05   3.8757324e+01
   1.6649800e+05   4.7180176e+01
   1.6652300e+05   3.5522461e+01
   1.6657100e+05   3.4240723e+01
   1.6660300e+05   6.7138672e+01
   1.6662000e+05   5.4321289e+01
   1.6665100e+05   3.4057617e+01
   1.6666800e+05   5.4321289e+01
   1.6668400e+05   3.9672852e+01
   1.6670400e+05   4.8156738e+01
   1.6673200e+05   4.6691895e+01
   1.6675000e+05   5.7250977e+01
   1.6677600e+05   4.7485352e+01
   1.6679200e+05   5.0842285e+01
   1.6682400e+05   5.8715820e+01
   1.6686300e+05   3.8879395e+01
   1.6688800e+05   3.5095215e+01
   1.6692700e+05   4.4921875e+01
   1.6694800e+05   4.8095703e+01
   1.6707100e+05   3.6254883e+01
   1.6720600e+05   3.6682129e+01
   1.6724500e+05   3.6376953e+01
   2.0629000e+05   5.2124023e+01
   2.0646800e+05   3.8269043e+01
   2.0648600e+05   4.0344238e+01
   2.0650300e+05   5.9814453e+01
   2.0653200e+05   3.4851074e+01
   2.0654400e+05   6.8664551e+01
   2.0657900e+05   3.9611816e+01
   2.0659300e+05   4.3945313e+01
   2.0662800e+05   4.0954590e+01
   2.0664000e+05   3.8085938e+01
   2.0667100e+05   5.5603027e+01
   2.0671000e+05   5.5236816e+01
   2.0672800e+05   4.9743652e+01
   2.0675300e+05   3.5095215e+01
   2.0676400e+05   8.3007813e+01
   2.0680200e+05   3.6926270e+01
   2.0682700e+05   5.1452637e+01
   2.0684100e+05   5.6762695e+01
   2.0686200e+05   4.2480469e+01
   2.0693800e+05   4.5593262e+01
   2.0695800e+05   3.9611816e+01
   2.0697800e+05   3.6132813e+01
   2.0717200e+05   3.5644531e+01
   2.4083300e+05   3.4301758e+01
   2.4090200e+05   4.0344238e+01
   2.4109600e+05   3.4240723e+01
   2.4113300e+05   4.0039063e+01
   2.4119600e+05   3.5522461e+01
   2.4123000e+05   3.6193848e+01
   2.4129600e+05   3.7719727e+01
   2.4132900e+05   4.4494629e+01
   2.4135100e+05   5.2734375e+01
   2.4137600e+05   3.5156250e+01
   2.4141300e+05   5.2307129e+01
   2.4144000e+05   8.2885742e+01
   2.4147100e+05   4.0527344e+01
   2.4150300e+05   6.0241699e+01
   2.4151700e+05   5.8105469e+01
   2.4154600e+05   4.3395996e+01
   2.4156000e+05   5.5358887e+01
   2.4157600e+05   5.0415039e+01
   2.4160600e+05   4.8706055e+01
   2.4162200e+05   4.2968750e+01
   2.4167500e+05   4.8645020e+01
   2.4169900e+05   3.6437988e+01
   2.4171100e+05   4.0039062e+01
   2.4175000e+05   4.2602539e+01
   2.4202500e+05   3.4790039e+01
   2.4207300e+05   3.4240723e+01
   2.8429500e+05   3.7353516e+01
   2.8437300e+05   3.4362793e+01
   2.8448900e+05   4.6264648e+01
   2.8459400e+05   4.0039063e+01
   2.8465300e+05   3.8208008e+01
   2.8470800e+05   3.7902832e+01
   2.8472800e+05   4.6020508e+01
   2.8475700e+05   3.6499023e+01
   2.8479500e+05   4.0161133e+01
   2.8484200e+05   3.6621094e+01
   2.8485200e+05   4.0161133e+01
   2.8489500e+05   3.8452148e+01
   2.8491700e+05   4.4189453e+01
   2.8496500e+05   4.4128418e+01
   2.8498300e+05   4.5715332e+01
   2.8499300e+05   6.1828613e+01
   2.8502600e+05   4.0405273e+01
   2.8506200e+05   4.7668457e+01
   2.8509400e+05   3.6743164e+01
   2.8511900e+05   4.3090820e+01
   2.8515800e+05   4.0222168e+01
   2.8521500e+05   3.9001465e+01
   3.3064400e+05   4.3701172e+01
   3.3102000e+05   4.9255371e+01
   3.3104000e+05   4.0283203e+01
   3.3107200e+05   3.4301758e+01
   3.3113200e+05   3.6682129e+01
   3.3114200e+05   3.9611816e+01
   3.3121100e+05   4.1076660e+01
   3.3126300e+05   4.6936035e+01
   3.3129800e+05   6.2866211e+01
   3.3132700e+05   5.5847168e+01
   3.3134100e+05   4.1137695e+01
   3.3135500e+05   4.1564941e+01
   3.3137500e+05   6.4636230e+01
   3.3140500e+05   3.9550781e+01
   3.3142300e+05   4.3823242e+01
   3.3144400e+05   4.7058105e+01
   3.3146900e+05   4.9316406e+01
   3.3148000e+05   3.8757324e+01
   3.3149500e+05   6.0607910e+01
   3.3153400e+05   3.8452148e+01
   3.3161800e+05   5.2856445e+01
   3.3170000e+05   3.7963867e+01
   3.3177500e+05   3.5705566e+01
   3.7384400e+05   3.4362793e+01
   3.8333000e+05   4.2724609e+01
   3.8350100e+05   3.5095215e+01
   3.8357100e+05   3.9245605e+01
   3.8361400e+05   4.3273926e+01
   3.8372600e+05   3.8452148e+01
   3.8377200e+05   5.0354004e+01
   3.8387200e+05   3.4606934e+01
   3.8391400e+05   4.3518066e+01
   3.8394800e+05   4.9926758e+01
   3.8397900e+05   4.3701172e+01
   3.8399300e+05   7.4462891e+01
   3.8402000e+05   4.8950195e+01
   3.8405600e+05   8.1176758e+01
   3.8408400e+05   5.2856445e+01
   3.8411200e+05   5.8532715e+01
   3.8414600e+05   3.8208008e+01
   3.8416600e+05   6.0546875e+01
   3.8417900e+05   6.5673828e+01
   3.8420200e+05   3.4362793e+01
   3.8426300e+05   3.6804199e+01
   3.8428300e+05   3.5644531e+01
   3.8429900e+05   3.8269043e+01
   3.8447100e+05   3.9550781e+01
   3.8457200e+05   3.4973145e+01
   4.2034600e+05   4.9682617e+01
   4.2048100e+05   3.7109375e+01
   4.2055600e+05   3.3874512e+01
   4.2072100e+05   3.4545898e+01
   4.2078000e+05   3.9184570e+01
   4.2088800e+05   4.8583984e+01
   4.2094500e+05   3.5888672e+01
   4.2096700e+05   3.6743164e+01
   4.2098000e+05   4.4799805e+01
   4.2102700e+05   3.7658691e+01
   4.2104600e+05   3.9611816e+01
   4.2107200e+05   3.9428711e+01
   4.2109000e+05   3.5583496e+01
   4.2111900e+05   4.1809082e+01
   4.2114300e+05   4.0344238e+01
   4.2117100e+05   6.3842773e+01
   4.2118700e+05   4.6508789e+01
   4.2120000e+05   3.3874512e+01
   4.2124600e+05   4.8950195e+01
   4.2127300e+05   4.8095703e+01
   4.2129900e+05   4.3579102e+01
   4.2132500e+05   4.9499512e+01
   4.2136400e+05   4.5043945e+01
   4.2138400e+05   4.1625977e+01
   4.2142100e+05   4.4250488e+01
   4.2145100e+05   4.0466309e+01
   4.2147600e+05   3.7536621e+01
   4.2170400e+05   4.0100098e+01
   4.8263600e+05   3.6865234e+01
   4.8314800e+05   4.0222168e+01
   4.8327900e+05   5.0659180e+01
   4.8357600e+05   4.5104980e+01
   4.8398500e+05   4.3334961e+01
   5.0565100e+05   4.1931152e+01
   5.0608500e+05   3.9550781e+01
   5.0618500e+05   3.5583496e+01
   5.0660500e+05   3.5034180e+01
   5.0663100e+05   3.6437988e+01
   5.2917400e+05   4.0527344e+01
   5.2963500e+05   3.5034180e+01
   5.3006400e+05   3.7658691e+01
   5.3045500e+05   3.8635254e+01
   5.7233000e+05   3.4179688e+01
   5.9339200e+05   3.5400391e+01
   6.2443800e+05   3.4301758e+01
   6.3813900e+05   3.5217285e+01
   6.8306600e+05   4.0893555e+01
   7.4642600e+05   3.5156250e+01
   8.0236400e+05   3.6621094e+01
   8.6836300e+05   3.7170410e+01
   8.6843000e+05   3.4973145e+01
   1.0005810e+06   3.4912109e+01
   1.0132230e+06   3.5949707e+01
   1.1330040e+06   3.6437988e+01
   1.1795100e+06   3.4912109e+01
   1.1799900e+06   4.1015625e+01
   1.2514860e+06   3.6010742e+01
   1.3083110e+06   3.4545898e+01
   1.3719210e+06   3.8024902e+01
   1.4406510e+06   3.4301758e+01
   1.5050590e+06   3.6193848e+01
   1.5339670e+06   3.4118652e+01
   1.5584330e+06   3.4057617e+01
   1.5704350e+06   3.5949707e+01
   1.6450790e+06   3.4057617e+01
   1.7967450e+06   3.6010742e+01
   1.8350390e+06   3.5095215e+01
   1.8682850e+06   4.1992188e+01
   2.0196820e+06   3.5705566e+01
   2.0991260e+06   3.4118652e+01
   2.1581230e+06   3.5278320e+01
   2.2694140e+06   3.4545898e+01
   2.2902810e+06   4.0100098e+01
   2.2980640e+06   3.5461426e+01
   2.6774360e+06   3.4667969e+01
   3.1532920e+06   3.4118652e+01
   3.1872860e+06   3.7719727e+01
   3.2564500e+06   3.7231445e+01
   3.2825080e+06   3.4606934e+01
   3.6472240e+06   4.4372559e+01
   3.6472510e+06   3.5644531e+01
   3.6472850e+06   3.5278320e+01
   3.6473310e+06   3.6376953e+01
   3.6473630e+06   4.6203613e+01
   3.6473970e+06   5.4260254e+01
   3.6474150e+06   5.1208496e+01
   3.6474250e+06   5.3894043e+01
   3.6474390e+06   3.5034180e+01
   3.6474840e+06   4.5104980e+01
   3.6474950e+06   3.5644531e+01
   3.6475290e+06   3.4179687e+01
   3.6475440e+06   3.9062500e+01
   3.6475660e+06   4.6142578e+01
   3.6476620e+06   3.9489746e+01
   3.6477480e+06   3.5644531e+01
   3.6478140e+06   3.5278320e+01
   3.6479230e+06   3.5583496e+01
   3.7416690e+06   3.5827637e+01
   3.8468840e+06   3.4606934e+01
   3.9087830e+06   3.7902832e+01
   4.4497560e+06   3.7597656e+01
   5.0226450e+06   3.3935547e+01
   5.3502480e+06   3.5461426e+01
   6.2085170e+06   3.5156250e+01
   6.3728840e+06   4.0771484e+01
   6.8408230e+06   3.9184570e+01
   7.4028670e+06   3.9855957e+01
   8.4235010e+06   3.6376953e+01
   8.7710200e+06   3.4362793e+01
   8.9460650e+06   4.5593262e+01
   9.1874860e+06   3.4973145e+01
   9.5104770e+06   3.6743164e+01
   1.0412942e+07   3.8024902e+01
   1.0467799e+07   3.9550781e+01
   1.1047085e+07   3.4973145e+01
   1.1564264e+07   3.8635254e+01
