   1.1999000e+07   0.0000000e+00
   1.2650000e+03   3.2348633e+01
   1.3710000e+03   3.1921387e+01
   1.4640000e+03   1.0235596e+02
   1.5000000e+03   4.9987793e+01
   1.6030000e+03   8.5754395e+01
   1.6290000e+03   3.2958984e+01
   1.6690000e+03   1.1346436e+02
   1.6810000e+03   3.1799316e+01
   1.7010000e+03   4.8339844e+01
   1.7250000e+03   5.2673340e+01
   1.7520000e+03   5.1574707e+01
   1.7770000e+03   4.4677734e+01
   1.7970000e+03   3.1799316e+01
   1.8110000e+03   3.2592773e+01
   1.8290000e+03   3.7780762e+01
   1.8510000e+03   3.2958984e+01
   1.9270000e+03   3.5156250e+01
   1.9440000e+03   3.7719727e+01
   3.2640000e+03   3.3142090e+01
   3.4680000e+03   3.1188965e+01
   2.5276000e+04   3.4057617e+01
   3.1484000e+04   1.8054199e+02
   3.1502000e+04   1.2213135e+02
   3.1530000e+04   1.0864258e+02
   3.1542000e+04   9.9304199e+01
   3.1573000e+04   8.0078125e+01
   3.1620000e+04   6.3415527e+01
   3.1642000e+04   3.3447266e+01
   3.1656000e+04   4.5043945e+01
   3.1680000e+04   3.1433105e+01
   3.1695000e+04   3.1982422e+01
   3.1723000e+04   3.4423828e+01
   3.1751000e+04   3.6315918e+01
   3.1797000e+04   3.3386230e+01
   3.1850000e+04   3.5583496e+01
   3.3286000e+04   3.6682129e+01
   3.3484000e+04   3.6743164e+01
   3.3721000e+04   3.9001465e+01
   3.4744000e+04   4.8156738e+01
   5.4920000e+04   3.1433105e+01
   6.5713000e+04   3.3020020e+01
   6.7597000e+04   3.1677246e+01
   7.0711000e+04   3.3935547e+01
   7.0748000e+04   1.0028076e+02
   7.0759000e+04   1.4331055e+02
   7.0801000e+04   1.1779785e+02
   7.0824000e+04   3.8879395e+01
   7.0841000e+04   7.3669434e+01
   7.0928000e+04   3.4667969e+01
   7.0954000e+04   3.3752441e+01
   7.1008000e+04   3.2775879e+01
   7.1019000e+04   3.1799316e+01
   7.1039000e+04   3.4667969e+01
   7.1074000e+04   3.2226563e+01
   7.1363000e+04   3.2287598e+01
   7.2050000e+04   3.1188965e+01
   7.2714000e+04   3.1188965e+01
   7.2919000e+04   3.4545898e+01
   7.3144000e+04   3.4851074e+01
   7.3373000e+04   3.5156250e+01
   9.0418000e+04   1.0760498e+02
   9.0551000e+04   8.8439941e+01
   1.0340700e+05   3.4790039e+01
   1.0360900e+05   1.2170410e+02
   1.0362700e+05   1.2402344e+02
   1.0366400e+05   7.7758789e+01
   1.0367600e+05   8.0749512e+01
   1.0369700e+05   6.4086914e+01
   1.0371500e+05   8.1359863e+01
   1.0374100e+05   4.6997070e+01
   1.0376600e+05   3.1433105e+01
   1.0379500e+05   3.6376953e+01
   1.0383200e+05   5.7006836e+01
   1.0386600e+05   3.3630371e+01
   1.0388900e+05   3.1860352e+01
   1.0395100e+05   3.7902832e+01
   1.0401500e+05   3.5583496e+01
   1.0434000e+05   3.6193848e+01
   1.0617000e+05   3.7902832e+01
   1.0644400e+05   3.2531738e+01
   1.3550400e+05   1.1303711e+02
   1.3551500e+05   1.1706543e+02
   1.3553500e+05   1.3140869e+02
   1.3556100e+05   7.0922852e+01
   1.3559200e+05   5.8166504e+01
   1.3560400e+05   7.6110840e+01
   1.3562500e+05   3.6437988e+01
   1.3566600e+05   4.9499512e+01
   1.3570300e+05   4.3334961e+01
   1.3573200e+05   3.2226563e+01
   1.4785800e+05   3.1433105e+01
   1.6673500e+05   9.1613770e+01
   1.6678000e+05   1.2744141e+02
   1.6680700e+05   4.8156738e+01
   1.6681700e+05   6.1889648e+01
   1.6684200e+05   1.0369873e+02
   1.6687000e+05   6.1279297e+01
   1.6691700e+05   4.0832520e+01
   1.6696300e+05   3.5705566e+01
   1.6698900e+05   3.7841797e+01
   1.6702400e+05   4.7424316e+01
   1.6705600e+05   3.4240723e+01
   1.6711100e+05   3.7902832e+01
   1.6723500e+05   4.5227051e+01
   2.0608100e+05   3.8574219e+01
   2.0640300e+05   3.6193848e+01
   2.0642000e+05   3.9916992e+01
   2.0657600e+05   4.4067383e+01
   2.0659800e+05   9.6923828e+01
   2.0661600e+05   8.1970215e+01
   2.0663500e+05   4.0893555e+01
   2.0665800e+05   3.1738281e+01
   2.0669800e+05   1.3647461e+02
   2.0671600e+05   5.1696777e+01
   2.0673800e+05   5.1269531e+01
   2.0676000e+05   4.2968750e+01
   2.0678200e+05   3.2287598e+01
   2.0681500e+05   4.3579102e+01
   2.0687000e+05   3.1066895e+01
   2.0692600e+05   3.3752441e+01
   2.0698500e+05   3.2104492e+01
   2.0759300e+05   3.2104492e+01
   2.0843900e+05   3.5522461e+01
   2.0882700e+05   3.9672852e+01
   2.1017500e+05   4.7912598e+01
   2.4033400e+05   3.1555176e+01
   2.4076600e+05   4.5349121e+01
   2.4112000e+05   3.2470703e+01
   2.4115000e+05   3.5827637e+01
   2.4149000e+05   5.0231934e+01
   2.4151700e+05   9.8388672e+01
   2.4154100e+05   3.8574219e+01
   2.4157400e+05   1.0394287e+02
   2.4160900e+05   6.2683105e+01
   2.4163000e+05   8.1298828e+01
   2.4165800e+05   4.0100098e+01
   2.4168900e+05   5.7800293e+01
   2.4172400e+05   5.7922363e+01
   2.4174800e+05   3.5705566e+01
   2.4176000e+05   3.3691406e+01
   2.4178700e+05   4.7668457e+01
   2.4182700e+05   3.3752441e+01
   2.4188900e+05   3.9306641e+01
   2.4336200e+05   3.8574219e+01
   2.4433600e+05   4.2297363e+01
   2.4466500e+05   5.0170898e+01
   2.4500200e+05   4.3151855e+01
   2.4541400e+05   5.5908203e+01
   2.7706300e+05   3.2409668e+01
   2.8348900e+05   3.3264160e+01
   2.8350400e+05   5.8715820e+01
   2.8394400e+05   4.5471191e+01
   2.8499200e+05   1.0638428e+02
   2.8501800e+05   3.1921387e+01
   2.8504400e+05   9.8693848e+01
   2.8505700e+05   5.7312012e+01
   2.8507000e+05   6.4208984e+01
   2.8510700e+05   8.1176758e+01
   2.8513500e+05   6.2622070e+01
   2.8515800e+05   3.1677246e+01
   2.8518100e+05   4.1625977e+01
   2.8521300e+05   3.4179688e+01
   2.8524200e+05   3.6315918e+01
   2.8530200e+05   3.1799316e+01
   2.8540100e+05   3.1127930e+01
   2.8547400e+05   3.4118652e+01
   2.8557300e+05   3.7292480e+01
   3.1018100e+05   4.0161133e+01
   3.3139800e+05   3.1921387e+01
   3.3143500e+05   2.0617676e+02
   3.3144800e+05   4.9255371e+01
   3.3146800e+05   9.9914551e+01
   3.3148300e+05   4.1015625e+01
   3.3152100e+05   5.4565430e+01
   3.3154700e+05   4.7607422e+01
   3.3157900e+05   4.6386719e+01
   3.3160500e+05   5.0537109e+01
   3.3165700e+05   4.6386719e+01
   3.3169800e+05   3.3569336e+01
   3.3177400e+05   3.7292480e+01
   3.3181000e+05   3.1738281e+01
   3.3207800e+05   3.2714844e+01
   3.3324700e+05   3.6560059e+01
   3.3377300e+05   4.1015625e+01
   3.3408400e+05   3.7597656e+01
   3.3442600e+05   4.3762207e+01
   3.3537500e+05   4.8156738e+01
   3.3580300e+05   5.3771973e+01
   3.4990300e+05   3.1188965e+01
   3.6703000e+05   3.3264160e+01
   3.8320700e+05   4.6752930e+01
   3.8405500e+05   3.1738281e+01
   3.8411400e+05   1.0083008e+02
   3.8413200e+05   7.7636719e+01
   3.8415600e+05   1.0491943e+02
   3.8420800e+05   1.0357666e+02
   3.8423500e+05   5.3405762e+01
   3.8425500e+05   4.0283203e+01
   3.8428800e+05   3.7292480e+01
   3.8434000e+05   5.0109863e+01
   3.8435700e+05   4.1503906e+01
   3.8441300e+05   4.1137695e+01
   3.8447300e+05   3.5278320e+01
   3.8453900e+05   4.7180176e+01
   4.1926200e+05   3.1433105e+01
   4.1973000e+05   4.5959473e+01
   4.2134100e+05   5.5603027e+01
   4.2135100e+05   1.1376953e+02
   4.2136500e+05   5.0842285e+01
   4.2137600e+05   9.3322754e+01
   4.2141800e+05   9.0759277e+01
   4.2145300e+05   4.2968750e+01
   4.2147900e+05   3.2775879e+01
   4.2149500e+05   4.4738770e+01
   4.2150900e+05   8.5510254e+01
   4.2152500e+05   6.1828613e+01
   4.2155700e+05   5.3222656e+01
   4.2157600e+05   5.1879883e+01
   4.2161600e+05   7.0495605e+01
   4.2165100e+05   5.8288574e+01
   4.2166900e+05   3.3813477e+01
   4.2169800e+05   3.1311035e+01
   4.2295800e+05   4.0466309e+01
   4.2376600e+05   5.4077148e+01
   4.3824400e+05   3.4912109e+01
   4.8192900e+05   4.5288086e+01
   5.0489600e+05   3.1799316e+01
   5.0857700e+05   3.1555176e+01
   5.5381000e+05   3.2226563e+01
   5.5685900e+05   3.1372070e+01
   5.5941600e+05   3.3447266e+01
   5.9245200e+05   3.1494141e+01
   6.0412700e+05   3.5888672e+01
   6.0867800e+05   3.2653809e+01
   6.1557400e+05   3.2531738e+01
   6.2122000e+05   3.5217285e+01
   6.2741000e+05   3.1677246e+01
   6.5657000e+05   3.8513184e+01
   6.5664700e+05   3.1250000e+01
   7.1533800e+05   3.3752441e+01
   7.1598600e+05   3.5156250e+01
   7.6489100e+05   3.3935547e+01
   7.8476000e+05   3.1372070e+01
   7.9818600e+05   3.1127930e+01
   8.3433700e+05   3.5339355e+01
   8.5570600e+05   7.3059082e+01
   8.9603100e+05   3.8696289e+01
   9.0502300e+05   3.1677246e+01
   9.1831000e+05   3.3081055e+01
   9.3504700e+05   3.3813477e+01
   9.8749100e+05   3.4912109e+01
   1.0216210e+06   3.5644531e+01
   1.0421640e+06   3.3813477e+01
   1.0957540e+06   3.8635254e+01
   1.0978230e+06   3.3874512e+01
   1.1251120e+06   3.1982422e+01
   1.1804980e+06   3.7963867e+01
   1.2134050e+06   3.1188965e+01
   1.2515830e+06   3.3874512e+01
   1.2519130e+06   3.1066895e+01
   1.2972180e+06   3.1066895e+01
   1.3405280e+06   3.1616211e+01
   1.3483760e+06   3.2836914e+01
   1.3736370e+06   3.1127930e+01
   1.4402410e+06   3.3020020e+01
   1.4848740e+06   3.4240723e+01
   1.5086110e+06   3.2714844e+01
   1.5714800e+06   3.4240723e+01
   1.6172150e+06   3.3020020e+01
   1.7397100e+06   3.1127930e+01
   1.7636790e+06   3.1127930e+01
   1.8376130e+06   3.2897949e+01
   1.9090460e+06   3.2287598e+01
   1.9130210e+06   3.2897949e+01
   2.0771670e+06   3.6132813e+01
   2.2239720e+06   3.2592773e+01
   2.2253290e+06   3.1127930e+01
   2.2498020e+06   3.6621094e+01
   2.3228510e+06   3.4179688e+01
   2.3942910e+06   3.2165527e+01
   2.4269500e+06   6.4575195e+01
   2.4310540e+06   6.3476563e+01
   2.4338600e+06   3.1616211e+01
   2.4415790e+06   3.2226563e+01
   2.5048620e+06   3.1616211e+01
   2.5238980e+06   3.3508301e+01
   2.5788270e+06   3.1433105e+01
   2.5918390e+06   3.2043457e+01
   2.6355520e+06   3.7109375e+01
   2.7071220e+06   3.4790039e+01
   2.8383510e+06   3.3813477e+01
   2.8505260e+06   3.1616211e+01
   3.1425390e+06   6.4880371e+01
   3.1872080e+06   7.0129395e+01
   3.2708860e+06   3.5034180e+01
   3.3437880e+06   3.1066895e+01
   3.5737730e+06   3.1066895e+01
   3.6471720e+06   8.1237793e+01
   3.6472010e+06   9.9609375e+01
   3.6472350e+06   9.3505859e+01
   3.6472520e+06   7.2143555e+01
   3.6472730e+06   4.8522949e+01
   3.6472950e+06   7.0922852e+01
   3.6473120e+06   5.1086426e+01
   3.6473330e+06   5.2124023e+01
   3.6473500e+06   3.9794922e+01
   3.6473890e+06   3.8574219e+01
   3.6474200e+06   4.1137695e+01
   3.6474450e+06   3.7353516e+01
   3.6474800e+06   3.1127930e+01
   3.6475060e+06   3.2897949e+01
   3.6478380e+06   3.1677246e+01
   3.6490400e+06   3.5583496e+01
   3.6522390e+06   4.3823242e+01
   3.6547450e+06   4.5410156e+01
   3.6549470e+06   4.6936035e+01
   3.6551540e+06   4.0527344e+01
   3.6553640e+06   4.9987793e+01
   3.6555700e+06   3.4179688e+01
   3.6557880e+06   3.6315918e+01
   3.6829030e+06   3.3996582e+01
   3.7104640e+06   3.1127930e+01
   3.7256100e+06   3.3142090e+01
   3.7952000e+06   3.2531738e+01
   4.2975850e+06   3.3386230e+01
   4.2985710e+06   3.1982422e+01
   4.3120070e+06   3.1799316e+01
   4.5758760e+06   3.1066895e+01
   4.6046510e+06   3.4729004e+01
   4.6234530e+06   3.1372070e+01
   4.7632140e+06   9.7534180e+01
   5.3344690e+06   3.2043457e+01
   5.3703750e+06   3.1433105e+01
   5.5616220e+06   3.4912109e+01
   6.0504740e+06   3.1982422e+01
   6.3937470e+06   3.6560059e+01
   6.4148660e+06   3.1250000e+01
   6.5600350e+06   1.0839844e+02
   6.5712280e+06   1.1126709e+02
   6.5714710e+06   1.1444092e+02
   6.6972560e+06   6.3354492e+01
   6.7113960e+06   3.1311035e+01
   7.0238830e+06   1.0363770e+02
   7.3971940e+06   1.0272217e+02
   8.6780280e+06   3.2287598e+01
   8.9988140e+06   3.1066895e+01
   1.0284749e+07   9.7045898e+01
   1.0325255e+07   8.9660645e+01
   1.0354238e+07   9.6801758e+01
   1.0366482e+07   9.4848633e+01
   1.0568538e+07   9.1552734e+01
   1.0692471e+07   3.3203125e+01
   1.1702575e+07   3.1799316e+01
   1.1870358e+07   3.1860352e+01
