   1.1999000e+07   0.0000000e+00
   5.2600000e+02   3.3203125e+01
   7.8500000e+02   3.2897949e+01
   7.9600000e+02   3.9123535e+01
   8.1100000e+02   3.8024902e+01
   8.3800000e+02   6.9396973e+01
   8.7700000e+02   3.2409668e+01
   9.1200000e+02   3.1921387e+01
   9.7600000e+02   3.5949707e+01
   1.0120000e+03   3.7719727e+01
   1.0220000e+03   3.3020020e+01
   1.0720000e+03   9.2834473e+01
   1.1110000e+03   3.5827637e+01
   1.1620000e+03   3.4362793e+01
   1.2120000e+03   4.7668457e+01
   1.2230000e+03   4.2541504e+01
   1.2650000e+03   4.0344238e+01
   1.3290000e+03   4.2175293e+01
   1.3670000e+03   5.6518555e+01
   1.3860000e+03   4.3457031e+01
   1.4460000e+03   6.9763184e+01
   1.5040000e+03   7.2265625e+01
   1.5320000e+03   5.3955078e+01
   1.5520000e+03   4.3457031e+01
   1.5670000e+03   3.5644531e+01
   1.6170000e+03   7.0739746e+01
   1.6480000e+03   6.2255859e+01
   1.6630000e+03   5.9814453e+01
   1.6760000e+03   3.4851074e+01
   1.6880000e+03   9.1674805e+01
   1.7030000e+03   1.3653564e+02
   1.7520000e+03   7.9833984e+01
   1.7790000e+03   5.2185059e+01
   1.7950000e+03   3.2592773e+01
   1.8150000e+03   6.3354492e+01
   1.8540000e+03   5.6884766e+01
   1.8680000e+03   4.2053223e+01
   1.8940000e+03   6.1340332e+01
   1.9150000e+03   5.1940918e+01
   1.9280000e+03   5.2856445e+01
   1.9980000e+03   4.0466309e+01
   2.0250000e+03   3.4240723e+01
   2.0650000e+03   3.4118652e+01
   2.2200000e+03   3.3752441e+01
   6.5840000e+03   3.3569336e+01
   2.0234000e+04   3.4423828e+01
   2.5274000e+04   3.6315918e+01
   2.7502000e+04   3.1921387e+01
   3.1356000e+04   3.9367676e+01
   3.1386000e+04   3.5644531e+01
   3.1422000e+04   5.5786133e+01
   3.1476000e+04   4.7485352e+01
   3.1490000e+04   6.4636230e+01
   3.1501000e+04   1.6229248e+02
   3.1527000e+04   7.3059082e+01
   3.1537000e+04   3.2287598e+01
   3.1555000e+04   7.7819824e+01
   3.1583000e+04   5.6884766e+01
   3.1602000e+04   6.8237305e+01
   3.1620000e+04   3.9733887e+01
   3.1657000e+04   4.4311523e+01
   3.1677000e+04   5.2185059e+01
   3.1695000e+04   3.7170410e+01
   3.1721000e+04   3.6865234e+01
   3.1739000e+04   4.4067383e+01
   3.1775000e+04   3.2531738e+01
   3.1839000e+04   3.3996582e+01
   3.1864000e+04   3.2531738e+01
   3.1905000e+04   3.3203125e+01
   3.1980000e+04   3.3752441e+01
   3.2216000e+04   3.2775879e+01
   3.2472000e+04   3.3081055e+01
   3.4593000e+04   3.4790039e+01
   3.8053000e+04   3.5217285e+01
   4.1245000e+04   3.1982422e+01
   5.2550000e+04   3.4057617e+01
   7.0492000e+04   3.5949707e+01
   7.0618000e+04   4.1198730e+01
   7.0638000e+04   3.8391113e+01
   7.0672000e+04   3.2348633e+01
   7.0709000e+04   4.4982910e+01
   7.0719000e+04   7.0556641e+01
   7.0742000e+04   1.0900879e+02
   7.0757000e+04   1.7236328e+02
   7.0774000e+04   1.1218262e+02
   7.0795000e+04   5.4565430e+01
   7.0828000e+04   9.0148926e+01
   7.0848000e+04   3.4912109e+01
   7.0860000e+04   6.3842773e+01
   7.0893000e+04   3.5217285e+01
   7.0907000e+04   5.4504395e+01
   7.0921000e+04   5.0354004e+01
   7.0944000e+04   3.5705566e+01
   7.0963000e+04   4.0405273e+01
   7.0986000e+04   4.2846680e+01
   7.1025000e+04   3.6926270e+01
   7.1263000e+04   3.8085938e+01
   7.3070000e+04   3.2531738e+01
   8.9150000e+04   3.4729004e+01
   9.2047000e+04   4.4433594e+01
   1.0256500e+05   4.6020508e+01
   1.0344200e+05   4.4128418e+01
   1.0345300e+05   3.2226563e+01
   1.0348100e+05   3.3142090e+01
   1.0349900e+05   3.2775879e+01
   1.0352200e+05   3.2470703e+01
   1.0353400e+05   5.2368164e+01
   1.0355100e+05   4.3457031e+01
   1.0358400e+05   4.2114258e+01
   1.0359600e+05   1.4080811e+02
   1.0361500e+05   3.4973145e+01
   1.0363500e+05   7.6171875e+01
   1.0365100e+05   3.4667969e+01
   1.0366900e+05   7.0678711e+01
   1.0370100e+05   9.4360352e+01
   1.0373600e+05   8.1054688e+01
   1.0375700e+05   4.2907715e+01
   1.0377200e+05   4.3395996e+01
   1.0379700e+05   4.0649414e+01
   1.0382000e+05   5.2612305e+01
   1.0384500e+05   3.4240723e+01
   1.0392300e+05   3.7475586e+01
   1.0398100e+05   3.9245605e+01
   1.0401100e+05   4.4799805e+01
   1.0404200e+05   3.6987305e+01
   1.0406600e+05   3.8024902e+01
   1.0409300e+05   4.1259766e+01
   1.0418100e+05   4.2846680e+01
   1.0442700e+05   3.5949707e+01
   1.0673500e+05   3.2165527e+01
   1.0998600e+05   3.3081055e+01
   1.1526200e+05   4.0466309e+01
   1.2166800e+05   3.2348633e+01
   1.2508400e+05   3.3935547e+01
   1.3541000e+05   3.9733887e+01
   1.3542500e+05   3.9916992e+01
   1.3549500e+05   5.2856445e+01
   1.3551300e+05   5.6640625e+01
   1.3553900e+05   8.6059570e+01
   1.3555000e+05   1.3153076e+02
   1.3557600e+05   3.4545898e+01
   1.3559600e+05   4.4982910e+01
   1.3560800e+05   1.2396240e+02
   1.3564000e+05   5.6518555e+01
   1.3565200e+05   3.8879395e+01
   1.3566200e+05   6.5673828e+01
   1.3568600e+05   3.7414551e+01
   1.3571100e+05   6.2438965e+01
   1.3574700e+05   5.7189941e+01
   1.3579400e+05   3.5461426e+01
   1.3601000e+05   3.3508301e+01
   1.3615400e+05   3.6560059e+01
   1.4985800e+05   3.9733887e+01
   1.5310000e+05   3.4973145e+01
   1.5581800e+05   4.2114258e+01
   1.5740100e+05   3.5583496e+01
   1.6085200e+05   3.2592773e+01
   1.6493400e+05   3.4606934e+01
   1.6638500e+05   3.7170410e+01
   1.6657800e+05   3.1860352e+01
   1.6660300e+05   4.4921875e+01
   1.6662600e+05   5.0048828e+01
   1.6664000e+05   3.1982422e+01
   1.6667100e+05   3.2653809e+01
   1.6672400e+05   4.9987793e+01
   1.6673500e+05   7.3669434e+01
   1.6674900e+05   4.9316406e+01
   1.6677200e+05   7.8063965e+01
   1.6679000e+05   1.0791016e+02
   1.6681600e+05   4.0588379e+01
   1.6685600e+05   6.2561035e+01
   1.6686600e+05   5.3710937e+01
   1.6687900e+05   4.6752930e+01
   1.6689700e+05   7.0495605e+01
   1.6692600e+05   4.1992188e+01
   1.6695300e+05   3.8574219e+01
   1.6697300e+05   4.3945312e+01
   1.6699100e+05   3.4423828e+01
   1.6700800e+05   4.1870117e+01
   1.6705100e+05   3.9672852e+01
   1.6707200e+05   4.0039063e+01
   1.6711600e+05   4.0222168e+01
   1.6718500e+05   3.3935547e+01
   1.6720100e+05   3.3325195e+01
   1.6758400e+05   3.7597656e+01
   1.7318600e+05   3.3020020e+01
   1.8578300e+05   3.3142090e+01
   2.0399900e+05   3.2226563e+01
   2.0564700e+05   4.6203613e+01
   2.0575700e+05   3.2775879e+01
   2.0582000e+05   5.6701660e+01
   2.0583700e+05   4.3579102e+01
   2.0588000e+05   5.0048828e+01
   2.0593300e+05   3.3203125e+01
   2.0594700e+05   4.6264648e+01
   2.0597600e+05   8.5571289e+01
   2.0599000e+05   4.0832520e+01
   2.0603100e+05   3.5522461e+01
   2.0606500e+05   5.7861328e+01
   2.0608000e+05   4.2785645e+01
   2.0610800e+05   4.2419434e+01
   2.0617900e+05   3.9306641e+01
   2.0624000e+05   3.6865234e+01
   2.0632700e+05   4.8645020e+01
   2.0635100e+05   3.7475586e+01
   2.0638400e+05   4.7302246e+01
   2.0640000e+05   3.2531738e+01
   2.0642200e+05   7.1960449e+01
   2.0648400e+05   6.0119629e+01
   2.0650600e+05   5.1391602e+01
   2.0653800e+05   6.3964844e+01
   2.0655400e+05   5.7800293e+01
   2.0657900e+05   3.8330078e+01
   2.0661400e+05   7.7209473e+01
   2.0663800e+05   7.6843262e+01
   2.0666700e+05   7.9956055e+01
   2.0667800e+05   9.2224121e+01
   2.0669400e+05   5.3405762e+01
   2.0672200e+05   9.4177246e+01
   2.0674200e+05   3.5827637e+01
   2.0675400e+05   3.2348633e+01
   2.0679300e+05   4.0893555e+01
   2.0680300e+05   6.0119629e+01
   2.0683100e+05   3.4851074e+01
   2.0684300e+05   6.1340332e+01
   2.0686100e+05   5.5847168e+01
   2.0689100e+05   4.0222168e+01
   2.0690600e+05   6.2988281e+01
   2.0693500e+05   3.7780762e+01
   2.0696000e+05   4.1687012e+01
   2.0700900e+05   3.4423828e+01
   2.0704200e+05   3.2836914e+01
   2.0709300e+05   3.7292480e+01
   2.0760200e+05   3.7963867e+01
   2.2714500e+05   3.8085938e+01
   2.3987400e+05   3.1982422e+01
   2.4001700e+05   5.0720215e+01
   2.4004300e+05   5.8532715e+01
   2.4008900e+05   3.8146973e+01
   2.4012600e+05   3.2775879e+01
   2.4019100e+05   3.2165527e+01
   2.4020800e+05   3.6682129e+01
   2.4027600e+05   3.3325195e+01
   2.4031300e+05   3.6560059e+01
   2.4032600e+05   6.3049316e+01
   2.4034700e+05   4.5532227e+01
   2.4046400e+05   4.2236328e+01
   2.4047900e+05   3.2531738e+01
   2.4055600e+05   3.7780762e+01
   2.4058000e+05   4.9743652e+01
   2.4059400e+05   3.4912109e+01
   2.4078300e+05   5.4626465e+01
   2.4081200e+05   6.2011719e+01
   2.4087500e+05   3.8024902e+01
   2.4090900e+05   3.5034180e+01
   2.4108600e+05   3.8452148e+01
   2.4110700e+05   3.6132813e+01
   2.4111900e+05   3.6621094e+01
   2.4140900e+05   3.2958984e+01
   2.4144300e+05   3.7414551e+01
   2.4146400e+05   4.2053223e+01
   2.4148000e+05   3.6193848e+01
   2.4150600e+05   7.1350098e+01
   2.4153100e+05   5.6152344e+01
   2.4155900e+05   1.2127686e+02
   2.4157600e+05   5.1269531e+01
   2.4160100e+05   7.9101563e+01
   2.4161400e+05   4.8095703e+01
   2.4163600e+05   6.5612793e+01
   2.4165200e+05   4.3884277e+01
   2.4167900e+05   1.2420654e+02
   2.4171700e+05   3.6010742e+01
   2.4175200e+05   5.5175781e+01
   2.4176700e+05   6.9274902e+01
   2.4179900e+05   4.0222168e+01
   2.4180900e+05   3.4851074e+01
   2.4185800e+05   3.9550781e+01
   2.4187200e+05   4.9560547e+01
   2.4193900e+05   3.7780762e+01
   2.4196600e+05   3.7048340e+01
   2.4206500e+05   3.2653809e+01
   2.5241700e+05   3.2226563e+01
   2.5831300e+05   3.2836914e+01
   2.5903400e+05   3.8146973e+01
   2.6414600e+05   3.6621094e+01
   2.8219800e+05   3.5583496e+01
   2.8291100e+05   3.4484863e+01
   2.8295500e+05   6.7199707e+01
   2.8304300e+05   6.1950684e+01
   2.8307100e+05   5.7983398e+01
   2.8317300e+05   3.7170410e+01
   2.8318700e+05   4.4677734e+01
   2.8321200e+05   4.5654297e+01
   2.8322800e+05   3.6132813e+01
   2.8324100e+05   5.4504395e+01
   2.8331800e+05   9.4848633e+01
   2.8333100e+05   3.6193848e+01
   2.8338800e+05   3.4118652e+01
   2.8345000e+05   5.2490234e+01
   2.8347200e+05   3.6987305e+01
   2.8350200e+05   4.6447754e+01
   2.8352400e+05   3.5217285e+01
   2.8356000e+05   3.9245605e+01
   2.8363500e+05   4.1564941e+01
   2.8376200e+05   3.5766602e+01
   2.8439800e+05   3.6682129e+01
   2.8481200e+05   3.5278320e+01
   2.8487900e+05   3.3264160e+01
   2.8492500e+05   3.3325195e+01
   2.8495400e+05   5.9814453e+01
   2.8498400e+05   1.0345459e+02
   2.8500700e+05   1.3793945e+02
   2.8501700e+05   1.1822510e+02
   2.8505500e+05   6.0791016e+01
   2.8507200e+05   4.7912598e+01
   2.8509800e+05   6.3415527e+01
   2.8511000e+05   6.4270020e+01
   2.8513900e+05   9.2346191e+01
   2.8515800e+05   4.1931152e+01
   2.8517100e+05   3.8024902e+01
   2.8520800e+05   4.0405273e+01
   2.8524600e+05   3.4667969e+01
   2.8525600e+05   5.9082031e+01
   2.8534000e+05   3.8696289e+01
   2.8542000e+05   4.1503906e+01
   2.8543800e+05   3.2836914e+01
   2.9066700e+05   3.4423828e+01
   3.0222900e+05   4.4860840e+01
   3.0600600e+05   3.1860352e+01
   3.0801000e+05   3.2775879e+01
   3.1726800e+05   3.2470703e+01
   3.2926800e+05   3.2958984e+01
   3.2936700e+05   3.4118652e+01
   3.2942000e+05   4.0710449e+01
   3.2944600e+05   4.3945313e+01
   3.2946800e+05   5.1147461e+01
   3.2953000e+05   6.6833496e+01
   3.2958200e+05   6.0791016e+01
   3.2960000e+05   6.1035156e+01
   3.2967500e+05   7.0861816e+01
   3.2970700e+05   6.2500000e+01
   3.2976300e+05   3.8940430e+01
   3.2985500e+05   3.4606934e+01
   3.2987400e+05   3.4057617e+01
   3.2991300e+05   3.6865234e+01
   3.2998800e+05   3.4790039e+01
   3.3001200e+05   3.9855957e+01
   3.3013300e+05   4.2480469e+01
   3.3036300e+05   3.5217285e+01
   3.3057900e+05   4.4006348e+01
   3.3095100e+05   3.2531738e+01
   3.3125800e+05   3.5095215e+01
   3.3135600e+05   4.9316406e+01
   3.3138200e+05   3.3630371e+01
   3.3141200e+05   5.4870605e+01
   3.3144600e+05   9.7473145e+01
   3.3145600e+05   1.1315918e+02
   3.3148700e+05   6.2988281e+01
   3.3151400e+05   9.4970703e+01
   3.3153200e+05   4.7668457e+01
   3.3155200e+05   4.6875000e+01
   3.3159300e+05   1.0699463e+02
   3.3160800e+05   4.2968750e+01
   3.3162100e+05   4.3823242e+01
   3.3165300e+05   3.3691406e+01
   3.3167400e+05   8.3801270e+01
   3.3171300e+05   4.3518066e+01
   3.3172700e+05   3.2104492e+01
   3.3178300e+05   4.3640137e+01
   3.3188900e+05   5.7006836e+01
   3.3194300e+05   3.5644531e+01
   3.3196400e+05   3.3325195e+01
   3.3206700e+05   6.3537598e+01
   3.3794200e+05   3.3508301e+01
   3.4747800e+05   3.4545898e+01
   3.6532600e+05   3.1921387e+01
   3.8226400e+05   3.5583496e+01
   3.8238000e+05   3.7841797e+01
   3.8241300e+05   3.6560059e+01
   3.8243400e+05   4.0771484e+01
   3.8244600e+05   3.2531738e+01
   3.8251500e+05   4.5532227e+01
   3.8256700e+05   4.3212891e+01
   3.8261000e+05   3.2043457e+01
   3.8267100e+05   4.1015625e+01
   3.8270600e+05   8.9233398e+01
   3.8274400e+05   3.3508301e+01
   3.8277100e+05   7.3181152e+01
   3.8286500e+05   3.3203125e+01
   3.8288900e+05   4.2541504e+01
   3.8293500e+05   4.0771484e+01
   3.8305900e+05   4.6081543e+01
   3.8308400e+05   4.3273926e+01
   3.8326800e+05   3.2226563e+01
   3.8336600e+05   4.2175293e+01
   3.8368500e+05   3.4118652e+01
   3.8376400e+05   3.4484863e+01
   3.8396100e+05   3.3691406e+01
   3.8403800e+05   3.9001465e+01
   3.8405000e+05   9.6740723e+01
   3.8408200e+05   6.2377930e+01
   3.8410300e+05   4.5349121e+01
   3.8412400e+05   5.8105469e+01
   3.8414800e+05   4.7851563e+01
   3.8417900e+05   8.6914063e+01
   3.8419000e+05   6.1584473e+01
   3.8420600e+05   4.5227051e+01
   3.8421700e+05   8.5388184e+01
   3.8424600e+05   5.1696777e+01
   3.8427000e+05   4.2053223e+01
   3.8429400e+05   6.4880371e+01
   3.8432600e+05   4.2053223e+01
   3.8437400e+05   4.7058105e+01
   3.8439300e+05   3.9855957e+01
   3.8442600e+05   4.3701172e+01
   3.8447300e+05   3.9489746e+01
   3.8449900e+05   4.0588379e+01
   3.8451200e+05   3.8818359e+01
   3.8455400e+05   3.3752441e+01
   3.8459800e+05   3.9001465e+01
   3.8465500e+05   3.2226563e+01
   3.8479700e+05   3.8818359e+01
   3.8497700e+05   3.4912109e+01
   4.0435200e+05   3.2653809e+01
   4.0731300e+05   3.2104492e+01
   4.0791300e+05   3.5217285e+01
   4.1902500e+05   3.3691406e+01
   4.1904000e+05   4.4189453e+01
   4.1905200e+05   4.7607422e+01
   4.1907500e+05   3.2409668e+01
   4.1911400e+05   3.4606934e+01
   4.1917400e+05   3.5949707e+01
   4.1919700e+05   4.7790527e+01
   4.1925000e+05   5.6701660e+01
   4.1928000e+05   1.0632324e+02
   4.1930000e+05   4.7180176e+01
   4.1933200e+05   3.2531738e+01
   4.1936300e+05   3.8818359e+01
   4.1941200e+05   3.2043457e+01
   4.1946000e+05   3.6499023e+01
   4.1958400e+05   4.0710449e+01
   4.1961800e+05   3.1860352e+01
   4.1964300e+05   3.5522461e+01
   4.1967400e+05   3.6621094e+01
   4.1975600e+05   3.6071777e+01
   4.2052200e+05   3.4301758e+01
   4.2053400e+05   4.0832520e+01
   4.2116900e+05   3.2043457e+01
   4.2125200e+05   3.2226563e+01
   4.2126700e+05   4.2114258e+01
   4.2130100e+05   4.3151855e+01
   4.2131100e+05   3.3691406e+01
   4.2133100e+05   8.9599609e+01
   4.2134500e+05   3.2897949e+01
   4.2136000e+05   7.4645996e+01
   4.2138700e+05   3.5034180e+01
   4.2140500e+05   4.6020508e+01
   4.2142700e+05   5.2246094e+01
   4.2145600e+05   5.8349609e+01
   4.2148700e+05   3.1982422e+01
   4.2151400e+05   5.2368164e+01
   4.2153400e+05   4.2541504e+01
   4.2154900e+05   7.8979492e+01
   4.2157300e+05   1.1029053e+02
   4.2158900e+05   4.2358398e+01
   4.2161500e+05   3.7719727e+01
   4.2163100e+05   5.1757813e+01
   4.2164700e+05   5.4931641e+01
   4.2167400e+05   5.1940918e+01
   4.2169300e+05   3.4362793e+01
   4.2170900e+05   4.9743652e+01
   4.2174500e+05   4.1503906e+01
   4.2175700e+05   4.8034668e+01
   4.2176900e+05   4.0222168e+01
   4.2180000e+05   5.0598145e+01
   4.2183300e+05   3.7719727e+01
   4.2187100e+05   3.6621094e+01
   4.2195600e+05   3.4851074e+01
   4.2384200e+05   3.1860352e+01
   4.4900200e+05   3.8757324e+01
   4.4902500e+05   5.2978516e+01
   4.4906300e+05   3.5461426e+01
   4.4915200e+05   3.9794922e+01
   4.4918500e+05   5.1635742e+01
   4.4920100e+05   5.7495117e+01
   4.4938900e+05   3.2226563e+01
   4.4941000e+05   4.4555664e+01
   4.4944000e+05   3.2897949e+01
   4.4946300e+05   4.7790527e+01
   4.4947700e+05   3.4118652e+01
   4.4957000e+05   4.2541504e+01
   4.4968500e+05   3.4423828e+01
   4.4972400e+05   5.1330566e+01
   4.4977800e+05   5.0354004e+01
   4.5008900e+05   3.9550781e+01
   4.7861400e+05   3.2165527e+01
   4.8117000e+05   4.6508789e+01
   4.8119400e+05   4.4738770e+01
   4.8122000e+05   3.8452148e+01
   4.8123400e+05   3.2409668e+01
   4.8131600e+05   4.6813965e+01
   4.8137700e+05   4.5593262e+01
   4.8142000e+05   3.7841797e+01
   4.8143200e+05   3.4667969e+01
   4.8147300e+05   4.0283203e+01
   4.8150600e+05   5.8471680e+01
   4.8169700e+05   4.7546387e+01
   4.8173800e+05   3.3691406e+01
   4.8178700e+05   5.5480957e+01
   4.8209400e+05   4.8950195e+01
   4.8214000e+05   3.6560059e+01
   4.8253300e+05   3.5644531e+01
   4.8307800e+05   3.8696289e+01
   4.9497500e+05   3.2287598e+01
   5.0284200e+05   3.7658691e+01
   5.0462400e+05   3.2226563e+01
   5.0464500e+05   6.2133789e+01
   5.0467400e+05   6.7321777e+01
   5.0469500e+05   4.3212891e+01
   5.0483300e+05   3.2348633e+01
   5.0487500e+05   4.6142578e+01
   5.0489800e+05   9.3200684e+01
   5.0493000e+05   4.7119141e+01
   5.0503700e+05   3.6987305e+01
   5.0519000e+05   3.4973145e+01
   5.0521800e+05   4.7241211e+01
   5.0525900e+05   3.7841797e+01
   5.0529100e+05   3.4790039e+01
   5.0555800e+05   4.4555664e+01
   5.0558200e+05   4.2358398e+01
   5.0629300e+05   3.2470703e+01
   5.0631700e+05   4.3701172e+01
   5.0637500e+05   4.1503906e+01
   5.0743500e+05   3.4667969e+01
   5.0785000e+05   5.1635742e+01
   5.0808200e+05   4.8706055e+01
   5.0813800e+05   3.6499023e+01
   5.2829900e+05   3.2226563e+01
   5.2834400e+05   4.0039063e+01
   5.2837400e+05   3.3752441e+01
   5.2841000e+05   3.3569336e+01
   5.2844900e+05   3.5095215e+01
   5.2846600e+05   4.7729492e+01
   5.2858700e+05   4.0405273e+01
   5.2861400e+05   4.2724609e+01
   5.2863500e+05   4.0710449e+01
   5.2864500e+05   3.6376953e+01
   5.2867100e+05   6.6101074e+01
   5.2868600e+05   4.3090820e+01
   5.2874100e+05   3.3752441e+01
   5.2886800e+05   5.5603027e+01
   5.2897700e+05   4.6997070e+01
   5.2901300e+05   4.5959473e+01
   5.2908700e+05   3.2226563e+01
   5.2910000e+05   3.5949707e+01
   5.2927300e+05   3.5644531e+01
   5.2941000e+05   3.5766602e+01
   5.2989000e+05   3.2531738e+01
   5.3039600e+05   4.2114258e+01
   5.3041400e+05   4.1625977e+01
   5.3105700e+05   3.6376953e+01
   5.5104400e+05   3.2653809e+01
   5.5108900e+05   5.0842285e+01
   5.5111500e+05   3.3264160e+01
   5.5123300e+05   3.6193848e+01
   5.5126200e+05   4.7607422e+01
   5.5128300e+05   4.0893555e+01
   5.5131000e+05   8.7707520e+01
   5.5147500e+05   3.7231445e+01
   5.5149400e+05   3.5583496e+01
   5.5155800e+05   3.9733887e+01
   5.5161100e+05   3.9489746e+01
   5.5185800e+05   3.6437988e+01
   5.5239200e+05   4.2724609e+01
   5.5240700e+05   3.2104492e+01
   5.5301200e+05   3.8208008e+01
   5.5374000e+05   3.5949707e+01
   5.5380800e+05   3.4912109e+01
   5.6194700e+05   3.4423828e+01
   5.7149100e+05   4.0344238e+01
   5.7151800e+05   5.4016113e+01
   5.7155500e+05   3.6132813e+01
   5.7157100e+05   4.3884277e+01
   5.7166300e+05   3.4057617e+01
   5.7169700e+05   5.2795410e+01
   5.7171100e+05   3.4118652e+01
   5.7174100e+05   4.5532227e+01
   5.7177300e+05   3.2104492e+01
   5.7180800e+05   4.2785645e+01
   5.7214800e+05   3.3081055e+01
   5.7255500e+05   4.0161133e+01
   5.7264500e+05   3.7475586e+01
   5.7267600e+05   3.8452148e+01
   5.7322600e+05   3.2775879e+01
   5.7354300e+05   3.1860352e+01
   5.7444200e+05   3.2409668e+01
   5.7504300e+05   3.3203125e+01
   5.7505500e+05   3.5949707e+01
   5.7514600e+05   3.2409668e+01
   5.9195300e+05   3.3020020e+01
   5.9219600e+05   5.0415039e+01
   5.9221900e+05   3.9489746e+01
   5.9223500e+05   4.2785645e+01
   5.9226600e+05   4.8217773e+01
   5.9228200e+05   4.2053223e+01
   5.9239400e+05   5.5175781e+01
   5.9241300e+05   5.1269531e+01
   5.9243100e+05   4.2236328e+01
   5.9245800e+05   4.4433594e+01
   5.9248400e+05   4.6569824e+01
   5.9253200e+05   5.0354004e+01
   5.9263400e+05   4.3273926e+01
   5.9272900e+05   3.5766602e+01
   5.9275900e+05   4.0222168e+01
   5.9277600e+05   3.2653809e+01
   5.9290400e+05   3.2165527e+01
   5.9292800e+05   4.0954590e+01
   5.9301600e+05   3.2104492e+01
   5.9305000e+05   3.3081055e+01
   5.9310300e+05   3.6010742e+01
   5.9333900e+05   3.3813477e+01
   5.9412600e+05   3.9733887e+01
   5.9441200e+05   3.2958984e+01
   5.9513600e+05   3.8513184e+01
   5.9605100e+05   3.4667969e+01
   5.9642300e+05   3.2836914e+01
   6.2098100e+05   3.8818359e+01
   6.2101800e+05   4.9499512e+01
   6.2105000e+05   5.0720215e+01
   6.2106200e+05   4.2419434e+01
   6.2108900e+05   3.9184570e+01
   6.2115700e+05   9.1003418e+01
   6.2120800e+05   7.8674316e+01
   6.2122800e+05   5.9143066e+01
   6.2125700e+05   4.0466309e+01
   6.2131700e+05   4.8706055e+01
   6.2135500e+05   4.2419434e+01
   6.2137100e+05   4.5593262e+01
   6.2140800e+05   3.4667969e+01
   6.2156800e+05   3.5522461e+01
   6.2161200e+05   3.5583496e+01
   6.2167800e+05   3.3813477e+01
   6.2171600e+05   4.1198730e+01
   6.2186400e+05   3.6437988e+01
   6.2252900e+05   4.1259766e+01
   6.2472400e+05   3.6682129e+01
   6.2481800e+05   3.9428711e+01
   6.2500900e+05   3.5644531e+01
   6.2580000e+05   4.0954590e+01
   6.2741000e+05   3.5888672e+01
   6.5637300e+05   3.9123535e+01
   6.5640200e+05   3.5766602e+01
   6.5643200e+05   4.1259766e+01
   6.5657000e+05   3.8085938e+01
   6.5660500e+05   4.1503906e+01
   6.5663200e+05   6.0119629e+01
   6.5671400e+05   5.4931641e+01
   6.5677200e+05   4.0954590e+01
   6.5682400e+05   3.2714844e+01
   6.5686200e+05   8.7890625e+01
   6.5697300e+05   4.2114258e+01
   6.5704200e+05   3.8757324e+01
   6.5709900e+05   3.7292480e+01
   6.5726800e+05   3.1860352e+01
   6.5732900e+05   3.2714844e+01
   6.5808900e+05   3.4667969e+01
   6.5820800e+05   3.4667969e+01
   6.5887300e+05   4.1137695e+01
   6.5918100e+05   3.2287598e+01
   6.5951700e+05   5.0598145e+01
   6.5958300e+05   3.9367676e+01
   6.6914100e+05   3.3081055e+01
   6.8083100e+05   3.6010742e+01
   6.8084900e+05   6.1706543e+01
   6.8089900e+05   3.5400391e+01
   6.8097900e+05   4.5654297e+01
   6.8099400e+05   3.4851074e+01
   6.8101500e+05   5.9020996e+01
   6.8108700e+05   3.9733887e+01
   6.8111500e+05   3.3874512e+01
   6.8112700e+05   3.3203125e+01
   6.8118300e+05   3.4484863e+01
   6.8127100e+05   4.3334961e+01
   6.8133500e+05   4.0100098e+01
   6.8134500e+05   4.9438477e+01
   6.8137600e+05   3.3386230e+01
   6.8139900e+05   4.6691895e+01
   6.8183100e+05   3.4362793e+01
   6.8213300e+05   3.3752441e+01
   6.8243400e+05   3.5705566e+01
   6.8246000e+05   3.6315918e+01
   6.8268400e+05   4.6325684e+01
   6.8274800e+05   4.0039063e+01
   6.8358200e+05   3.2409668e+01
   6.8398600e+05   3.5888672e+01
   6.8496500e+05   3.5217285e+01
   7.1503600e+05   4.6508789e+01
   7.1505300e+05   3.9123535e+01
   7.1508400e+05   4.5593262e+01
   7.1517400e+05   3.6254883e+01
   7.1520100e+05   3.8085938e+01
   7.1530400e+05   3.2531738e+01
   7.1532000e+05   3.8024902e+01
   7.1533700e+05   5.3466797e+01
   7.1538700e+05   8.7585449e+01
   7.1546400e+05   4.2968750e+01
   7.1550100e+05   5.2124023e+01
   7.1576200e+05   3.2653809e+01
   7.1613900e+05   3.5522461e+01
   7.1639200e+05   4.4555664e+01
   7.1716600e+05   3.8940430e+01
   7.1740200e+05   3.5705566e+01
   7.1844200e+05   3.2531738e+01
   7.1916200e+05   4.6081543e+01
   7.1923800e+05   4.1137695e+01
   7.1978100e+05   3.6804199e+01
   7.1981800e+05   3.3935547e+01
   7.1984700e+05   3.3874512e+01
   7.2088500e+05   4.1564941e+01
   7.2111900e+05   3.2348633e+01
   7.4667400e+05   3.5583496e+01
   7.4754400e+05   3.5583496e+01
   7.4760400e+05   3.4790039e+01
   7.4763400e+05   5.3955078e+01
   7.4764800e+05   3.4362793e+01
   7.4766200e+05   3.6254883e+01
   7.4769800e+05   3.6743164e+01
   7.4778200e+05   3.6010742e+01
   7.4779400e+05   5.1818848e+01
   7.4782700e+05   1.1059570e+02
   7.4800800e+05   6.8481445e+01
   7.4801800e+05   4.8339844e+01
   7.4808600e+05   3.5461426e+01
   7.4822900e+05   3.5461426e+01
   7.4850800e+05   3.2775879e+01
   7.4900900e+05   3.6865234e+01
   7.4921800e+05   4.5715332e+01
   7.5024800e+05   3.6865234e+01
   7.5100700e+05   4.0588379e+01
   7.5145200e+05   4.0649414e+01
   7.5147200e+05   3.4057617e+01
   7.6426200e+05   3.7902832e+01
   7.6459500e+05   3.2897949e+01
   7.6460500e+05   4.3090820e+01
   7.6462000e+05   5.7739258e+01
   7.6465500e+05   3.4667969e+01
   7.6468600e+05   3.8635254e+01
   7.6471100e+05   3.4057617e+01
   7.6474600e+05   4.2846680e+01
   7.6489200e+05   3.8940430e+01
   7.6494600e+05   4.8767090e+01
   7.6500900e+05   3.3508301e+01
   7.6511100e+05   3.3081055e+01
   7.6527500e+05   3.8330078e+01
   7.6598000e+05   6.4636230e+01
   7.6601600e+05   3.7536621e+01
   7.6644700e+05   4.4250488e+01
   7.6816900e+05   6.0058594e+01
   7.6836200e+05   3.3691406e+01
   7.6837600e+05   4.8278809e+01
   7.9795500e+05   3.6560059e+01
   7.9799100e+05   3.7231445e+01
   7.9800600e+05   3.3874512e+01
   7.9802100e+05   3.2104492e+01
   7.9805700e+05   4.2663574e+01
   7.9808900e+05   3.8452148e+01
   7.9816900e+05   8.6181641e+01
   7.9818700e+05   3.5644531e+01
   7.9838700e+05   5.5358887e+01
   7.9844000e+05   4.8706055e+01
   7.9936400e+05   3.7109375e+01
   7.9996800e+05   3.2409668e+01
   8.0022900e+05   3.3203125e+01
   8.0143700e+05   3.2775879e+01
   8.0187500e+05   3.6010742e+01
   8.0217400e+05   4.0466309e+01
   8.0322400e+05   3.8330078e+01
   8.1389900e+05   3.4057617e+01
   8.1393500e+05   4.3395996e+01
   8.1400100e+05   3.8391113e+01
   8.1405900e+05   4.0649414e+01
   8.1407400e+05   4.4067383e+01
   8.1411700e+05   5.5053711e+01
   8.1423700e+05   3.9306641e+01
   8.1424800e+05   3.2226563e+01
   8.1428100e+05   4.6264648e+01
   8.1449000e+05   3.5705566e+01
   8.1453500e+05   3.2226563e+01
   8.1456800e+05   3.6804199e+01
   8.1638500e+05   4.2480469e+01
   8.1697000e+05   4.3334961e+01
   8.3414300e+05   3.7902832e+01
   8.3417700e+05   3.1982422e+01
   8.3419500e+05   3.6682129e+01
   8.3424800e+05   3.4423828e+01
   8.3436400e+05   3.3630371e+01
   8.3442600e+05   3.4484863e+01
   8.3443800e+05   5.9143066e+01
   8.3447400e+05   5.1757813e+01
   8.3470000e+05   3.9672852e+01
   8.3480700e+05   4.4250488e+01
   8.3507200e+05   3.7841797e+01
   8.3595700e+05   3.1982422e+01
   8.3627600e+05   3.2287598e+01
   8.3628800e+05   5.4565430e+01
   8.5287500e+05   3.4667969e+01
   8.6851600e+05   3.3142090e+01
   8.6855600e+05   3.7353516e+01
   8.6858500e+05   3.3447266e+01
   8.6861000e+05   3.2897949e+01
   8.6864800e+05   4.1381836e+01
   8.6867100e+05   3.5949707e+01
   8.6875900e+05   3.8391113e+01
   8.6897700e+05   4.1687012e+01
   8.6899400e+05   6.3354492e+01
   8.6904100e+05   4.2724609e+01
   8.6928700e+05   6.3964844e+01
   8.6978900e+05   3.6376953e+01
   8.7039900e+05   3.2836914e+01
   8.7147700e+05   4.6875000e+01
   8.7228700e+05   3.2531738e+01
   8.9548800e+05   4.2907715e+01
   8.9550400e+05   3.9978027e+01
   8.9552200e+05   3.1860352e+01
   8.9555600e+05   3.2226563e+01
   8.9558700e+05   3.8574219e+01
   8.9561400e+05   3.8818359e+01
   8.9564400e+05   3.2043457e+01
   8.9580200e+05   3.6560059e+01
   8.9588300e+05   4.1870117e+01
   8.9601400e+05   3.8757324e+01
   8.9604400e+05   5.0842285e+01
   8.9646700e+05   3.8208008e+01
   8.9772000e+05   3.9855957e+01
   8.9829300e+05   4.1992188e+01
   9.1377400e+05   3.2226563e+01
   9.1761900e+05   4.0466309e+01
   9.1765200e+05   4.4372559e+01
   9.1777700e+05   3.9001465e+01
   9.1779400e+05   3.5522461e+01
   9.1792700e+05   3.1860352e+01
   9.1794200e+05   3.5949707e+01
   9.1798600e+05   3.9367676e+01
   9.1800200e+05   3.9245605e+01
   9.1823400e+05   4.1503906e+01
   9.1827000e+05   3.6437988e+01
   9.1830900e+05   3.2104492e+01
   9.1875600e+05   3.8269043e+01
   9.2586200e+05   3.1982422e+01
   9.4261300e+05   4.5043945e+01
   9.4265700e+05   3.7841797e+01
   9.4275200e+05   4.3518066e+01
   9.4278200e+05   3.7780762e+01
   9.4280200e+05   4.3823242e+01
   9.4293500e+05   6.4697266e+01
   9.4297300e+05   3.2348633e+01
   9.4302600e+05   3.2470703e+01
   9.4317300e+05   3.3935547e+01
   9.4325800e+05   3.2836914e+01
   9.4456800e+05   3.4179688e+01
   9.4525200e+05   3.9550781e+01
   9.4552600e+05   3.2531738e+01
   9.4556700e+05   3.6010742e+01
   9.6419800e+05   3.2287598e+01
   9.6763600e+05   7.0312500e+01
   9.7568700e+05   3.5400391e+01
   9.8170300e+05   3.2775879e+01
   9.8730100e+05   3.5827637e+01
   9.8732900e+05   3.3508301e+01
   9.8736300e+05   5.5114746e+01
   9.8737900e+05   3.2165527e+01
   9.8748200e+05   4.0344238e+01
   9.8774300e+05   5.0109863e+01
   9.8778800e+05   5.1147461e+01
   9.8812800e+05   3.9306641e+01
   9.8821700e+05   3.9306641e+01
   9.8948300e+05   3.7048340e+01
   9.8955200e+05   3.6926270e+01
   9.9017700e+05   3.4851074e+01
   9.9019600e+05   3.9306641e+01
   9.9186700e+05   3.2043457e+01
   9.9214400e+05   4.2297363e+01
   9.9215700e+05   4.0832520e+01
   1.0177050e+06   3.3813477e+01
   1.0180760e+06   4.6325684e+01
   1.0181070e+06   4.9072266e+01
   1.0182450e+06   4.7302246e+01
   1.0182560e+06   4.8706055e+01
   1.0184630e+06   3.6010742e+01
   1.0184940e+06   3.3691406e+01
   1.0188060e+06   3.2714844e+01
   1.0208190e+06   3.9123535e+01
   1.0216630e+06   3.7353516e+01
   1.0216730e+06   4.4067383e+01
   1.0220920e+06   3.7841797e+01
   1.0362850e+06   3.2165527e+01
   1.0503920e+06   3.3264160e+01
   1.0531410e+06   3.5522461e+01
   1.0658220e+06   3.6560059e+01
   1.0844580e+06   3.2531738e+01
   1.0955180e+06   3.6132813e+01
   1.0955430e+06   3.6987305e+01
   1.0955690e+06   4.2663574e+01
   1.0955940e+06   3.8696289e+01
   1.0957010e+06   4.8522949e+01
   1.0960010e+06   5.4382324e+01
   1.0963630e+06   4.4067383e+01
   1.0963770e+06   3.6254883e+01
   1.0971770e+06   4.0100098e+01
   1.0978100e+06   4.0710449e+01
   1.0978220e+06   3.3447266e+01
   1.0982980e+06   4.5898438e+01
   1.0985320e+06   3.5156250e+01
   1.0985560e+06   3.7109375e+01
   1.0995170e+06   3.7170410e+01
   1.1105380e+06   3.2897949e+01
   1.1161540e+06   3.3386230e+01
   1.1326650e+06   3.5095215e+01
   1.1327060e+06   4.8461914e+01
   1.1327430e+06   4.3334961e+01
   1.1327620e+06   3.6010742e+01
   1.1328590e+06   4.1748047e+01
   1.1329220e+06   4.4189453e+01
   1.1330300e+06   6.4697266e+01
   1.1331670e+06   3.3203125e+01
   1.1332230e+06   3.5400391e+01
   1.1332360e+06   4.4067383e+01
   1.1335080e+06   3.7902832e+01
   1.1340180e+06   3.4606934e+01
   1.1345840e+06   3.4973145e+01
   1.1351470e+06   3.2958984e+01
   1.1524530e+06   6.0058594e+01
   1.1524680e+06   3.6499023e+01
   1.1525060e+06   3.5949707e+01
   1.1526210e+06   4.8339844e+01
   1.1526400e+06   3.4484863e+01
   1.1528380e+06   4.0222168e+01
   1.1528590e+06   4.1381836e+01
   1.1528770e+06   5.0292969e+01
   1.1532620e+06   3.5827637e+01
   1.1536660e+06   3.9855957e+01
   1.1543160e+06   3.2287598e+01
   1.1558740e+06   3.5156250e+01
   1.1560790e+06   4.8583984e+01
   1.1560990e+06   5.7373047e+01
   1.1800950e+06   3.4118652e+01
   1.1801180e+06   3.8391113e+01
   1.1802700e+06   3.5766602e+01
   1.1804180e+06   3.5766602e+01
   1.1804300e+06   3.8208008e+01
   1.1804870e+06   3.3264160e+01
   1.1805100e+06   5.0964355e+01
   1.1805960e+06   5.5114746e+01
   1.1807440e+06   3.4790039e+01
   1.1816200e+06   3.3386230e+01
   1.1818660e+06   3.5766602e+01
   1.1823720e+06   3.6193848e+01
   1.1833530e+06   3.6743164e+01
   1.1839180e+06   4.9194336e+01
   1.1839440e+06   3.8146973e+01
   1.1941140e+06   3.3203125e+01
   1.2072480e+06   3.5705566e+01
   1.2514160e+06   5.6274414e+01
   1.2514560e+06   3.6071777e+01
   1.2515300e+06   3.6621094e+01
   1.2515630e+06   4.0405273e+01
   1.2518410e+06   5.0720215e+01
   1.2518720e+06   4.3090820e+01
   1.2522890e+06   3.2348633e+01
   1.2530650e+06   3.3020020e+01
   1.2531340e+06   3.5461426e+01
   1.2531450e+06   3.4118652e+01
   1.2534780e+06   3.2836914e+01
   1.2536280e+06   3.1982422e+01
   1.2538540e+06   3.8940430e+01
   1.2886650e+06   3.2836914e+01
   1.2886900e+06   4.1748047e+01
   1.2887240e+06   3.5949707e+01
   1.2888480e+06   3.2226563e+01
   1.2888610e+06   5.6823730e+01
   1.2890800e+06   4.9255371e+01
   1.2891270e+06   6.0363770e+01
   1.2895040e+06   3.2348633e+01
   1.2895360e+06   3.3569336e+01
   1.2911100e+06   3.4179688e+01
   1.2911760e+06   4.0100098e+01
   1.3087940e+06   3.8085938e+01
   1.3088040e+06   5.3649902e+01
   1.3088310e+06   3.2409668e+01
   1.3090650e+06   3.4606934e+01
   1.3090830e+06   4.1381836e+01
   1.3091270e+06   3.9062500e+01
   1.3094410e+06   3.6010742e+01
   1.3095010e+06   4.4433594e+01
   1.3266080e+06   3.7963867e+01
   1.3268160e+06   5.0537109e+01
   1.3268510e+06   4.2175293e+01
   1.3270030e+06   3.7475586e+01
   1.3272560e+06   3.5156250e+01
   1.3273780e+06   4.1992188e+01
   1.3529290e+06   4.2724609e+01
   1.3529670e+06   3.6743164e+01
   1.3530280e+06   3.2409668e+01
   1.3531260e+06   3.1921387e+01
   1.3531570e+06   3.6315918e+01
   1.3532330e+06   4.1748047e+01
   1.3532540e+06   3.3142090e+01
   1.3534930e+06   3.1982422e+01
   1.3544050e+06   3.7170410e+01
   1.3734470e+06   3.3569336e+01
   1.3735880e+06   3.7231445e+01
   1.3738740e+06   3.2470703e+01
   1.3738860e+06   4.8767090e+01
   1.3739380e+06   3.4423828e+01
   1.3742940e+06   5.3771973e+01
   1.3743520e+06   3.8757324e+01
   1.3743760e+06   3.4423828e+01
   1.3828490e+06   3.4057617e+01
   1.3885640e+06   3.2165527e+01
   1.4066200e+06   3.8879395e+01
   1.4066360e+06   4.7058105e+01
   1.4066620e+06   3.4484863e+01
   1.4068120e+06   3.6193848e+01
   1.4068260e+06   4.5959473e+01
   1.4071370e+06   5.6396484e+01
   1.4078990e+06   3.7048340e+01
   1.4079090e+06   3.2775879e+01
   1.4079350e+06   3.2348633e+01
   1.4329960e+06   3.1921387e+01
   1.4358100e+06   3.5339355e+01
   1.4358270e+06   4.4067383e+01
   1.4359900e+06   3.7902832e+01
   1.4360260e+06   3.6193848e+01
   1.4360560e+06   3.5278320e+01
   1.4364070e+06   4.0771484e+01
   1.4364370e+06   3.2592773e+01
   1.4838520e+06   3.3386230e+01
   1.4838770e+06   4.0100098e+01
   1.4843470e+06   4.5593262e+01
   1.4848560e+06   3.8146973e+01
   1.4848820e+06   3.8085938e+01
   1.4849250e+06   3.3508301e+01
   1.4857440e+06   4.1564941e+01
   1.4980390e+06   3.8818359e+01
   1.5063000e+06   4.3212891e+01
   1.5063250e+06   7.5256348e+01
   1.5067190e+06   4.1381836e+01
   1.5067400e+06   3.4240723e+01
   1.5073200e+06   4.1870117e+01
   1.5077310e+06   3.9611816e+01
   1.5085420e+06   4.1687012e+01
   1.5085980e+06   3.6499023e+01
   1.5262480e+06   3.3081055e+01
   1.5709120e+06   5.1391602e+01
   1.5709310e+06   3.4301758e+01
   1.5710520e+06   3.9245605e+01
   1.5713480e+06   3.8574219e+01
   1.5713940e+06   3.2897949e+01
   1.5714630e+06   3.7231445e+01
   1.5720430e+06   4.3945313e+01
   1.5721240e+06   3.8513184e+01
   1.5872430e+06   3.4362793e+01
   1.5985920e+06   3.8818359e+01
   1.5986990e+06   3.7048340e+01
   1.5991510e+06   4.0100098e+01
   1.5991660e+06   3.4179688e+01
   1.5992530e+06   3.4362793e+01
   1.5994230e+06   3.4423828e+01
   1.5994730e+06   3.7170410e+01
   1.5994960e+06   3.5522461e+01
   1.6314140e+06   3.1860352e+01
   1.6461350e+06   3.9611816e+01
   1.6461950e+06   4.0039063e+01
   1.6809780e+06   3.2165527e+01
   1.6814950e+06   4.7485352e+01
   1.6815230e+06   3.2836914e+01
   1.6815490e+06   3.2104492e+01
   1.6816010e+06   3.2897949e+01
   1.6976180e+06   3.2531738e+01
   1.7224600e+06   3.4240723e+01
   1.7237120e+06   3.2287598e+01
   1.7248750e+06   5.0048828e+01
   1.7253650e+06   4.1076660e+01
   1.7530280e+06   3.2531738e+01
   1.7637020e+06   4.2053223e+01
   1.7647170e+06   3.2104492e+01
   1.7647340e+06   3.6010742e+01
   1.7648130e+06   3.5400391e+01
   1.7649290e+06   3.6926270e+01
   1.7652410e+06   3.4179688e+01
   1.7652570e+06   5.2246094e+01
   1.7652850e+06   3.3996582e+01
   1.7653160e+06   3.4362793e+01
   1.7659690e+06   3.2043457e+01
   1.7660380e+06   4.0649414e+01
   1.7817320e+06   3.3264160e+01
   1.7857910e+06   3.2104492e+01
   1.8083710e+06   3.9489746e+01
   1.8164420e+06   3.5217285e+01
   1.8169650e+06   4.2724609e+01
   1.8263310e+06   3.5278320e+01
   1.8370150e+06   3.2409668e+01
   1.8370310e+06   4.3212891e+01
   1.8370570e+06   3.2470703e+01
   1.8370870e+06   5.0476074e+01
   1.8375690e+06   3.2714844e+01
   1.8376110e+06   3.2348633e+01
   1.8431550e+06   3.3447266e+01
   1.8513240e+06   3.1921387e+01
   1.8624240e+06   3.3752441e+01
   1.8954760e+06   3.3203125e+01
   1.8956240e+06   4.1259766e+01
   1.8956440e+06   3.4912109e+01
   1.8961220e+06   3.8879395e+01
   1.8961330e+06   3.5888672e+01
   1.9130310e+06   3.2897949e+01
   1.9139760e+06   3.4606934e+01
   1.9220790e+06   3.2409668e+01
   1.9413330e+06   3.5400391e+01
   1.9524100e+06   3.3630371e+01
   1.9528410e+06   3.9733887e+01
   1.9528950e+06   4.5349121e+01
   1.9533140e+06   3.3752441e+01
   1.9533610e+06   3.9245605e+01
   1.9558110e+06   3.3508301e+01
   1.9870790e+06   3.3569336e+01
   1.9872970e+06   3.9306641e+01
   1.9873190e+06   4.2053223e+01
   1.9972160e+06   3.1860352e+01
   2.0255990e+06   3.5705566e+01
   2.0367280e+06   3.5095215e+01
   2.0368290e+06   3.3569336e+01
   2.0371990e+06   3.3874512e+01
   2.0372190e+06   5.7983398e+01
   2.0372570e+06   3.5766602e+01
   2.0380060e+06   3.5583496e+01
   2.0412990e+06   3.5400391e+01
   2.0525100e+06   3.4362793e+01
   2.0591330e+06   3.3691406e+01
   2.0768720e+06   4.3579102e+01
   2.0771480e+06   4.7729492e+01
   2.0778430e+06   4.5959473e+01
   2.0780760e+06   3.2775879e+01
   2.0999860e+06   3.4240723e+01
   2.1000150e+06   3.1860352e+01
   2.1000340e+06   3.4362793e+01
   2.1002950e+06   3.4912109e+01
   2.1003070e+06   4.4372559e+01
   2.1190960e+06   3.5034180e+01
   2.1311320e+06   3.3874512e+01
   2.1311930e+06   3.5583496e+01
   2.1312030e+06   3.4912109e+01
   2.1494920e+06   3.3142090e+01
   2.1643550e+06   4.1564941e+01
   2.1644010e+06   3.7536621e+01
   2.1648290e+06   5.2612305e+01
   2.1648950e+06   3.7292480e+01
   2.1710440e+06   3.4057617e+01
   2.1895760e+06   5.1818848e+01
   2.1977800e+06   3.2836914e+01
   2.1979010e+06   3.8818359e+01
   2.1980240e+06   3.1921387e+01
   2.2239770e+06   3.3264160e+01
   2.2244390e+06   4.5349121e+01
   2.2244500e+06   5.3100586e+01
   2.2244880e+06   3.7536621e+01
   2.2248870e+06   3.9428711e+01
   2.2249480e+06   4.2053223e+01
   2.2249920e+06   3.6132813e+01
   2.2252630e+06   4.3457031e+01
   2.2393200e+06   5.3527832e+01
   2.2394840e+06   4.1748047e+01
   2.2395890e+06   4.2541504e+01
   2.2488920e+06   4.6997070e+01
   2.2497840e+06   3.9428711e+01
   2.2498020e+06   3.4423828e+01
   2.2498640e+06   3.6071777e+01
   2.2504670e+06   3.5827637e+01
   2.2504770e+06   4.1687012e+01
   2.2504980e+06   3.2165527e+01
   2.2778650e+06   3.2287598e+01
   2.2802270e+06   3.3874512e+01
   2.2802640e+06   3.3447266e+01
   2.2802820e+06   6.0302734e+01
   2.2803910e+06   3.2104492e+01
   2.2904040e+06   4.0832520e+01
   2.2904600e+06   3.6132813e+01
   2.2909180e+06   4.4067383e+01
   2.2917470e+06   3.2348633e+01
   2.2917580e+06   3.4973145e+01
   2.2920040e+06   3.2836914e+01
   2.3268060e+06   3.3630371e+01
   2.3268350e+06   3.4240723e+01
   2.3268560e+06   3.7292480e+01
   2.3272420e+06   4.1442871e+01
   2.3272530e+06   3.6560059e+01
   2.3272780e+06   3.9062500e+01
   2.3278510e+06   3.5766602e+01
   2.3524330e+06   3.2470703e+01
   2.3544140e+06   3.7475586e+01
   2.3544330e+06   3.8757324e+01
   2.3544660e+06   3.6193848e+01
   2.3546580e+06   5.0659180e+01
   2.3754750e+06   4.3151855e+01
   2.3755250e+06   4.3151855e+01
   2.3757130e+06   4.4921875e+01
   2.3757410e+06   3.3203125e+01
   2.3760290e+06   3.8085938e+01
   2.3760940e+06   3.5888672e+01
   2.3772030e+06   3.3630371e+01
   2.3772160e+06   3.2958984e+01
   2.4116460e+06   4.2846680e+01
   2.4116640e+06   3.5400391e+01
   2.4334400e+06   3.4057617e+01
   2.4335220e+06   3.3691406e+01
   2.4336270e+06   3.5339355e+01
   2.4337150e+06   3.3996582e+01
   2.4337310e+06   3.3752441e+01
   2.4338010e+06   3.6132813e+01
   2.4346450e+06   4.3823242e+01
   2.4346850e+06   3.2775879e+01
   2.4519480e+06   3.4057617e+01
   2.4707780e+06   3.5766602e+01
   2.4708400e+06   4.9804688e+01
   2.4709960e+06   3.2531738e+01
   2.4710140e+06   3.4973145e+01
   2.4713170e+06   3.2958984e+01
   2.4713710e+06   4.2297363e+01
   2.4713820e+06   3.2592773e+01
   2.4716340e+06   3.5034180e+01
   2.4716690e+06   4.4677734e+01
   2.4717370e+06   3.9184570e+01
   2.4723600e+06   3.8818359e+01
   2.5048600e+06   3.4179688e+01
   2.5049730e+06   3.3447266e+01
   2.5050120e+06   4.4982910e+01
   2.5050470e+06   3.5888672e+01
   2.5051700e+06   4.0283203e+01
   2.5052190e+06   3.2531738e+01
   2.5053670e+06   3.3569336e+01
   2.5199570e+06   3.2287598e+01
   2.5437270e+06   3.2775879e+01
   2.5437630e+06   4.3945313e+01
   2.5438100e+06   4.7119141e+01
   2.5440460e+06   6.9885254e+01
   2.5440680e+06   3.2836914e+01
   2.5443170e+06   4.9438477e+01
   2.5443580e+06   3.8879395e+01
   2.5448500e+06   4.7851563e+01
   2.5451850e+06   3.5949707e+01
   2.5452030e+06   3.7719727e+01
   2.5783460e+06   4.0161133e+01
   2.5785340e+06   3.7231445e+01
   2.5785650e+06   3.6132813e+01
   2.5788100e+06   3.5705566e+01
   2.5788260e+06   3.9245605e+01
   2.5916170e+06   3.2531738e+01
   2.5917890e+06   4.2785645e+01
   2.5918130e+06   4.3273926e+01
   2.5918240e+06   3.4667969e+01
   2.5918500e+06   3.3874512e+01
   2.5920700e+06   3.3020020e+01
   2.5921240e+06   4.3945313e+01
   2.5921490e+06   3.9733887e+01
   2.5928200e+06   3.3752441e+01
   2.6113510e+06   4.1137695e+01
   2.6246860e+06   3.5766602e+01
   2.6351190e+06   3.9855957e+01
   2.6357190e+06   3.3203125e+01
   2.6360220e+06   3.4362793e+01
   2.6360730e+06   3.8879395e+01
   2.6361770e+06   3.8879395e+01
   2.6614080e+06   5.4016113e+01
   2.6614280e+06   3.6193848e+01
   2.6614720e+06   3.8146973e+01
   2.6616360e+06   3.1982422e+01
   2.6616640e+06   3.4790039e+01
   2.6619510e+06   4.1076660e+01
   2.6620000e+06   3.3874512e+01
   2.6984920e+06   3.3447266e+01
   2.6985070e+06   4.2419434e+01
   2.6988990e+06   3.9245605e+01
   2.6989520e+06   3.3935547e+01
   2.6993620e+06   4.3395996e+01
   2.6993860e+06   3.2104492e+01
   2.7007370e+06   3.3752441e+01
   2.7410980e+06   4.2419434e+01
   2.7411120e+06   4.5043945e+01
   2.7413320e+06   4.0649414e+01
   2.7413600e+06   3.1982422e+01
   2.7413810e+06   4.0527344e+01
   2.7415660e+06   3.4729004e+01
   2.7529950e+06   3.5644531e+01
   2.7537170e+06   3.2958984e+01
   2.7634850e+06   4.1137695e+01
   2.7712520e+06   3.2348633e+01
   2.7990300e+06   3.4729004e+01
   2.7990530e+06   3.3142090e+01
   2.7995120e+06   4.0283203e+01
   2.7995650e+06   3.2226563e+01
   2.7995970e+06   3.2409668e+01
   2.8084530e+06   3.3386230e+01
   2.8288090e+06   3.2775879e+01
   2.8289210e+06   3.9428711e+01
   2.8289620e+06   4.4067383e+01
   2.8292850e+06   4.3334961e+01
   2.8296790e+06   3.9306641e+01
   2.8297040e+06   3.2104492e+01
   2.8307710e+06   4.0954590e+01
   2.8309180e+06   3.6376953e+01
   2.8734020e+06   3.8818359e+01
   2.8734180e+06   3.5766602e+01
   2.8734480e+06   5.6152344e+01
   2.8735430e+06   3.4851074e+01
   2.8737480e+06   3.8146973e+01
   2.8738030e+06   3.4179688e+01
   2.8749300e+06   3.3020020e+01
   2.8938920e+06   3.7109375e+01
   2.8955280e+06   4.2236328e+01
   2.8955410e+06   4.2053223e+01
   2.8955810e+06   3.5034180e+01
   2.8956800e+06   3.7902832e+01
   2.8959540e+06   3.5339355e+01
   2.8960110e+06   4.8889160e+01
   2.8962960e+06   3.7963867e+01
   2.8966370e+06   3.7597656e+01
   2.9398660e+06   3.2470703e+01
   2.9399050e+06   4.2236328e+01
   2.9399460e+06   4.1564941e+01
   2.9400090e+06   3.4362793e+01
   2.9401690e+06   3.9428711e+01
   2.9403180e+06   3.9306641e+01
   2.9407870e+06   3.8940430e+01
   2.9408080e+06   3.2714844e+01
   2.9409920e+06   3.1860352e+01
   2.9410810e+06   3.3203125e+01
   2.9414910e+06   3.6071777e+01
   2.9484830e+06   3.1921387e+01
   2.9649670e+06   3.1860352e+01
   2.9655030e+06   3.6865234e+01
   2.9656460e+06   4.6630859e+01
   2.9656880e+06   4.4738770e+01
   2.9659300e+06   3.5949707e+01
   2.9659670e+06   5.3100586e+01
   2.9659910e+06   5.6884766e+01
   2.9670260e+06   3.2958984e+01
   2.9891700e+06   3.9001465e+01
   2.9933660e+06   5.0598145e+01
   2.9934080e+06   3.6499023e+01
   2.9934800e+06   4.9011230e+01
   2.9935260e+06   5.2124023e+01
   2.9937570e+06   3.7963867e+01
   2.9943730e+06   3.7658691e+01
   2.9957470e+06   3.4301758e+01
   3.0288350e+06   3.3935547e+01
   3.0464710e+06   3.3386230e+01
   3.0603570e+06   3.7170410e+01
   3.0603760e+06   3.3081055e+01
   3.0604550e+06   4.0222168e+01
   3.0604930e+06   4.2419434e+01
   3.0606160e+06   4.6142578e+01
   3.0606360e+06   3.3508301e+01
   3.0608550e+06   4.3762207e+01
   3.0617930e+06   5.5725098e+01
   3.0618100e+06   3.3447266e+01
   3.0737150e+06   4.2053223e+01
   3.1025480e+06   3.3203125e+01
   3.1058720e+06   3.4484863e+01
   3.1058940e+06   3.2226563e+01
   3.1060500e+06   3.7292480e+01
   3.1060820e+06   3.2043457e+01
   3.1061310e+06   3.5156250e+01
   3.1064040e+06   3.6926270e+01
   3.1127040e+06   3.6865234e+01
   3.1286330e+06   4.2846680e+01
   3.1342450e+06   3.3081055e+01
   3.1346790e+06   3.2104492e+01
   3.1347070e+06   4.7912598e+01
   3.1348140e+06   4.5776367e+01
   3.1350190e+06   4.0100098e+01
   3.1350480e+06   3.9611816e+01
   3.1350700e+06   4.9987793e+01
   3.1773330e+06   3.3874512e+01
   3.1774400e+06   4.3273926e+01
   3.1778450e+06   3.8391113e+01
   3.1779230e+06   4.2419434e+01
   3.1944450e+06   3.6315918e+01
   3.1986760e+06   3.2531738e+01
   3.2085720e+06   3.8452148e+01
   3.2086270e+06   4.9804688e+01
   3.2086460e+06   3.2043457e+01
   3.2088230e+06   4.6630859e+01
   3.2088350e+06   6.1950684e+01
   3.2091370e+06   4.6875000e+01
   3.2096410e+06   3.7048340e+01
   3.2101340e+06   4.4311523e+01
   3.2114820e+06   3.4423828e+01
   3.2234200e+06   3.9367676e+01
   3.2234980e+06   3.4484863e+01
   3.2237260e+06   4.2663574e+01
   3.2237810e+06   3.3813477e+01
   3.2241540e+06   3.2104492e+01
   3.2606050e+06   3.4729004e+01
   3.2608040e+06   3.3752441e+01
   3.2610020e+06   3.5095215e+01
   3.2613640e+06   3.8085938e+01
   3.2614360e+06   5.0659180e+01
   3.3003080e+06   4.3212891e+01
   3.3024940e+06   3.7902832e+01
   3.3156070e+06   3.4301758e+01
   3.3156600e+06   3.2897949e+01
   3.3156700e+06   5.0231934e+01
   3.3159820e+06   3.6926270e+01
   3.3159960e+06   4.3640137e+01
   3.3160240e+06   3.5766602e+01
   3.3165430e+06   4.3334961e+01
   3.3434440e+06   3.4118652e+01
   3.3435000e+06   3.2104492e+01
   3.3436030e+06   3.4484863e+01
   3.3437210e+06   4.2968750e+01
   3.3437650e+06   3.3691406e+01
   3.3437870e+06   5.0231934e+01
   3.3454340e+06   4.4311523e+01
   3.3455000e+06   3.3386230e+01
   3.3578500e+06   3.3691406e+01
   3.3630470e+06   3.2653809e+01
   3.3685390e+06   3.4545898e+01
   3.3686960e+06   3.5522461e+01
   3.3688350e+06   3.9062500e+01
   3.3688580e+06   3.4606934e+01
   3.3688910e+06   3.2226563e+01
   3.3691600e+06   3.2531738e+01
   3.3849360e+06   8.2519531e+01
   3.3999460e+06   4.2175293e+01
   3.3999900e+06   3.2775879e+01
   3.4001850e+06   3.5766602e+01
   3.4005200e+06   3.3508301e+01
   3.4005470e+06   4.2297363e+01
   3.4010000e+06   3.8452148e+01
   3.4140220e+06   5.3344727e+01
   3.4140360e+06   3.6926270e+01
   3.4143660e+06   3.2592773e+01
   3.4143960e+06   3.8146973e+01
   3.4144760e+06   4.6569824e+01
   3.4503160e+06   3.5766602e+01
   3.4506020e+06   4.5471191e+01
   3.4506610e+06   4.4677734e+01
   3.4507380e+06   3.2470703e+01
   3.4508860e+06   3.3874512e+01
   3.4509100e+06   3.8024902e+01
   3.4509200e+06   4.5654297e+01
   3.4644310e+06   3.9062500e+01
   3.4806440e+06   3.2165527e+01
   3.4807550e+06   4.2663574e+01
   3.4808970e+06   4.9194336e+01
   3.4811180e+06   4.4616699e+01
   3.4823230e+06   3.6499023e+01
   3.5155300e+06   3.6865234e+01
   3.5156140e+06   4.6020508e+01
   3.5157650e+06   5.4565430e+01
   3.5158200e+06   3.7963867e+01
   3.5567030e+06   3.2226563e+01
   3.5737670e+06   4.8706055e+01
   3.5739080e+06   4.9377441e+01
   3.5739360e+06   3.7109375e+01
   3.5739610e+06   3.7231445e+01
   3.5741400e+06   3.5278320e+01
   3.5744920e+06   5.3527832e+01
   3.5748520e+06   3.2653809e+01
   3.5969950e+06   4.0588379e+01
   3.6112810e+06   4.5410156e+01
   3.6113210e+06   4.1442871e+01
   3.6114270e+06   3.6437988e+01
   3.6114720e+06   5.1086426e+01
   3.6117230e+06   4.6203613e+01
   3.6119260e+06   3.4729004e+01
   3.6120150e+06   4.1320801e+01
   3.6127250e+06   3.7841797e+01
   3.6140640e+06   3.2653809e+01
   3.6431260e+06   3.3813477e+01
   3.6468380e+06   3.3935547e+01
   3.6470460e+06   4.2236328e+01
   3.6470810e+06   7.3303223e+01
   3.6471200e+06   3.5400391e+01
   3.6471420e+06   3.4179688e+01
   3.6471800e+06   9.9609375e+01
   3.6471970e+06   8.7707520e+01
   3.6472180e+06   5.9814453e+01
   3.6472440e+06   5.3405762e+01
   3.6472680e+06   7.2875977e+01
   3.6472980e+06   4.6264648e+01
   3.6473100e+06   4.4860840e+01
   3.6473250e+06   5.7006836e+01
   3.6473370e+06   5.2856445e+01
   3.6473660e+06   3.9428711e+01
   3.6473840e+06   3.7231445e+01
   3.6473970e+06   5.9509277e+01
   3.6474100e+06   3.8879395e+01
   3.6474300e+06   3.5156250e+01
   3.6474590e+06   3.6071777e+01
   3.6474710e+06   5.1513672e+01
   3.6475080e+06   4.3334961e+01
   3.6475430e+06   3.6621094e+01
   3.6475680e+06   3.5766602e+01
   3.6476380e+06   3.1982422e+01
   3.6476520e+06   3.5522461e+01
   3.6477010e+06   3.2104492e+01
   3.6477340e+06   3.9062500e+01
   3.6477500e+06   3.6132813e+01
   3.6648940e+06   3.3142090e+01
   3.6698670e+06   3.2409668e+01
   3.6725050e+06   3.5766602e+01
   3.6747210e+06   3.4240723e+01
   3.6764590e+06   4.3273926e+01
   3.6802500e+06   3.9489746e+01
   3.6810410e+06   3.3020020e+01
   3.6823170e+06   3.3935547e+01
   3.6828860e+06   3.2592773e+01
   3.6837740e+06   3.1921387e+01
   3.6843750e+06   3.9306641e+01
   3.6851940e+06   5.2124023e+01
   3.6860880e+06   3.3142090e+01
   3.6871430e+06   3.3752441e+01
   3.6878040e+06   4.6020508e+01
   3.6899750e+06   3.2775879e+01
   3.6902300e+06   3.4179688e+01
   3.6924430e+06   3.2165527e+01
   3.6930270e+06   3.3447266e+01
   3.6939790e+06   3.2653809e+01
   3.6976730e+06   3.3325195e+01
   3.7017760e+06   3.4851074e+01
   3.7048140e+06   3.2104492e+01
   3.7123140e+06   3.3203125e+01
   3.7159450e+06   3.3508301e+01
   3.7211370e+06   3.3081055e+01
   3.7279900e+06   3.4667969e+01
   3.7315350e+06   3.2775879e+01
   3.7329770e+06   3.3508301e+01
   3.7362050e+06   3.3691406e+01
   3.7392830e+06   4.0832520e+01
   3.7393460e+06   3.5888672e+01
   3.7393840e+06   5.1513672e+01
   3.7394860e+06   4.0466309e+01
   3.7395820e+06   3.4057617e+01
   3.7397390e+06   3.7597656e+01
   3.7399610e+06   5.3527832e+01
   3.7400300e+06   3.2897949e+01
   3.7407150e+06   5.0598145e+01
   3.7407530e+06   3.7536621e+01
   3.7410300e+06   3.6621094e+01
   3.7418310e+06   3.2897949e+01
   3.7657570e+06   3.5522461e+01
   3.7659420e+06   3.3081055e+01
   3.7659700e+06   4.1198730e+01
   3.7659820e+06   3.4362793e+01
   3.7660710e+06   3.5278320e+01
   3.7662360e+06   4.0527344e+01
   3.7662830e+06   3.8696289e+01
   3.7663210e+06   3.2409668e+01
   3.7663520e+06   3.4423828e+01
   3.7664500e+06   3.9123535e+01
   3.7665750e+06   3.3813477e+01
   3.7666100e+06   3.2348633e+01
   3.7671250e+06   4.5043945e+01
   3.7671570e+06   3.2531738e+01
   3.7673550e+06   3.1921387e+01
   3.7675590e+06   3.5034180e+01
   3.7675790e+06   3.8513184e+01
   3.7677590e+06   3.3081055e+01
   3.7677750e+06   3.5766602e+01
   3.7862250e+06   3.2226563e+01
   3.7864150e+06   4.4311523e+01
   3.7864380e+06   3.7475586e+01
   3.7864500e+06   4.4311523e+01
   3.7865950e+06   3.5461426e+01
   3.7866170e+06   3.2836914e+01
   3.7867130e+06   3.1982422e+01
   3.7869260e+06   3.4240723e+01
   3.7869420e+06   3.7536621e+01
   3.7871000e+06   3.9672852e+01
   3.8063460e+06   3.7353516e+01
   3.8063640e+06   3.4423828e+01
   3.8064140e+06   4.0039063e+01
   3.8064410e+06   3.4362793e+01
   3.8064810e+06   3.3081055e+01
   3.8065370e+06   5.0292969e+01
   3.8065560e+06   3.3142090e+01
   3.8065780e+06   4.4738770e+01
   3.8066970e+06   3.3447266e+01
   3.8069650e+06   3.6987305e+01
   3.8069990e+06   4.8400879e+01
   3.8073040e+06   3.2104492e+01
   3.8073400e+06   3.3447266e+01
   3.8080870e+06   3.7902832e+01
   3.8186660e+06   3.2409668e+01
   3.8224440e+06   4.3029785e+01
   3.8337480e+06   3.2775879e+01
   3.8337610e+06   4.4555664e+01
   3.8338230e+06   3.9916992e+01
   3.8338390e+06   3.5583496e+01
   3.8339680e+06   3.5583496e+01
   3.8339800e+06   3.6743164e+01
   3.8341500e+06   3.2043457e+01
   3.8341860e+06   3.4301758e+01
   3.8342040e+06   3.8696289e+01
   3.8344280e+06   3.9672852e+01
   3.8348940e+06   3.5095215e+01
   3.8561080e+06   3.2287598e+01
   3.8563680e+06   4.8950195e+01
   3.8563810e+06   4.5288086e+01
   3.8564120e+06   4.2846680e+01
   3.8567110e+06   4.4799805e+01
   3.8567710e+06   3.2470703e+01
   3.8571360e+06   3.3020020e+01
   3.8574800e+06   3.3264160e+01
   3.8575300e+06   4.1931152e+01
   3.8575470e+06   3.2531738e+01
   3.8576530e+06   3.5278320e+01
   3.8578360e+06   3.4118652e+01
   3.8585170e+06   3.9916992e+01
   3.8609200e+06   3.4057617e+01
   3.8778550e+06   3.2043457e+01
   3.8778890e+06   3.7231445e+01
   3.8789740e+06   3.2287598e+01
   3.8789940e+06   3.8208008e+01
   3.8790250e+06   3.6865234e+01
   3.8791150e+06   3.3020020e+01
   3.8791830e+06   4.2785645e+01
   3.8794250e+06   4.1381836e+01
   3.8820580e+06   5.5969238e+01
   3.9108950e+06   3.5217285e+01
   3.9109640e+06   3.9123535e+01
   3.9111080e+06   3.4912109e+01
   3.9111520e+06   8.2885742e+01
   3.9114490e+06   3.7475586e+01
   3.9115060e+06   4.1870117e+01
   3.9319310e+06   3.2470703e+01
   3.9425230e+06   3.2836914e+01
   3.9500500e+06   3.2897949e+01
   3.9501170e+06   4.1564941e+01
   3.9501750e+06   3.4240723e+01
   3.9503600e+06   3.3691406e+01
   3.9503930e+06   3.9306641e+01
   3.9507270e+06   3.5461426e+01
   3.9507990e+06   3.8574219e+01
   3.9843730e+06   3.2592773e+01
   3.9844090e+06   3.4057617e+01
   3.9844600e+06   4.0283203e+01
   3.9845740e+06   3.5888672e+01
   3.9846180e+06   3.2043457e+01
   3.9848610e+06   3.4545898e+01
   3.9849110e+06   3.5949707e+01
   3.9849570e+06   3.7780762e+01
   3.9850010e+06   3.1921387e+01
   4.0270650e+06   3.2592773e+01
   4.0271960e+06   3.4362793e+01
   4.0276190e+06   3.5522461e+01
   4.0276420e+06   4.1748047e+01
   4.0676610e+06   4.3579102e+01
   4.0676980e+06   3.6254883e+01
   4.0680770e+06   4.0832520e+01
   4.0681000e+06   5.2246094e+01
   4.0882030e+06   3.2836914e+01
   4.1138210e+06   3.6437988e+01
   4.1139160e+06   3.9306641e+01
   4.1143180e+06   3.2287598e+01
   4.1148800e+06   3.3691406e+01
   4.1150410e+06   3.6132813e+01
   4.1150930e+06   3.8452148e+01
   4.1207180e+06   4.8767090e+01
   4.1648940e+06   4.4616699e+01
   4.1652210e+06   3.4851074e+01
   4.1652370e+06   4.2663574e+01
   4.1881780e+06   3.2287598e+01
   4.1882060e+06   3.2897949e+01
   4.1886430e+06   3.3569336e+01
   4.1886860e+06   4.0527344e+01
   4.2519910e+06   3.5461426e+01
   4.2520240e+06   3.6437988e+01
   4.2735050e+06   3.1982422e+01
   4.2906760e+06   3.4301758e+01
   4.2908330e+06   4.0100098e+01
   4.2908870e+06   3.3874512e+01
   4.3356280e+06   3.2287598e+01
   4.3425680e+06   3.3203125e+01
   4.3541530e+06   3.4057617e+01
   4.3541670e+06   3.6987305e+01
   4.3543340e+06   3.2775879e+01
   4.3896690e+06   3.5400391e+01
   4.3901150e+06   4.7424316e+01
   4.4256470e+06   3.6315918e+01
   4.4496870e+06   3.6010742e+01
   4.4498300e+06   3.1982422e+01
   4.4498680e+06   3.5095215e+01
   4.4502060e+06   3.3264160e+01
   4.4507870e+06   3.6376953e+01
   4.4774440e+06   3.2226563e+01
   4.4993070e+06   5.6335449e+01
   4.4993720e+06   3.1860352e+01
   4.4996140e+06   3.8513184e+01
   4.4996320e+06   3.3447266e+01
   4.5750550e+06   3.2226563e+01
   4.5751340e+06   3.4484863e+01
   4.5751720e+06   5.0048828e+01
   4.5760750e+06   3.5034180e+01
   4.5761120e+06   3.5034180e+01
   4.5761550e+06   4.9926758e+01
   4.5998640e+06   3.2348633e+01
   4.6228590e+06   3.5034180e+01
   4.6228720e+06   4.2358398e+01
   4.6234360e+06   3.3813477e+01
   4.6234560e+06   4.0283203e+01
   4.6277050e+06   3.4790039e+01
   4.6742880e+06   3.2287598e+01
   4.6946920e+06   3.3386230e+01
   4.7159470e+06   3.3020020e+01
   4.7161600e+06   3.4667969e+01
   4.7162240e+06   3.4545898e+01
   4.7476060e+06   3.4118652e+01
   4.7476790e+06   3.3874512e+01
   4.7480040e+06   3.3020020e+01
   4.7480350e+06   4.0283203e+01
   4.7535460e+06   3.5644531e+01
   4.7927310e+06   3.3508301e+01
   4.7927680e+06   3.9245605e+01
   4.7931680e+06   3.2653809e+01
   4.7931920e+06   6.6345215e+01
   4.8046670e+06   4.1198730e+01
   4.8452380e+06   3.2043457e+01
   4.8488830e+06   3.4423828e+01
   4.8489240e+06   3.7292480e+01
   4.8489880e+06   3.6560059e+01
   4.8492080e+06   3.2470703e+01
   4.8492440e+06   5.4748535e+01
   4.8497610e+06   3.5522461e+01
   4.8497950e+06   4.0222168e+01
   4.8533820e+06   3.5827637e+01
   4.8752360e+06   3.4851074e+01
   4.9122890e+06   3.2531738e+01
   4.9125550e+06   3.6010742e+01
   4.9125800e+06   3.9916992e+01
   4.9780910e+06   4.8706055e+01
   4.9782560e+06   4.3640137e+01
   4.9783870e+06   3.9306641e+01
   4.9786840e+06   3.3447266e+01
   4.9786960e+06   3.3203125e+01
   5.0345620e+06   3.4362793e+01
   5.0348470e+06   4.1320801e+01
   5.0348830e+06   4.1259766e+01
   5.0535460e+06   3.3020020e+01
   5.0706880e+06   3.3752441e+01
   5.0708490e+06   3.3569336e+01
   5.0708780e+06   4.4921875e+01
   5.0746210e+06   3.1982422e+01
   5.0790520e+06   3.4240723e+01
   5.1187900e+06   3.6010742e+01
   5.1188540e+06   3.7170410e+01
   5.1189970e+06   3.6132813e+01
   5.1190180e+06   3.5705566e+01
   5.1190520e+06   3.3813477e+01
   5.1514730e+06   3.1921387e+01
   5.1614740e+06   3.3874512e+01
   5.1615220e+06   4.6752930e+01
   5.1617680e+06   6.2194824e+01
   5.1626100e+06   3.5827637e+01
   5.1704460e+06   3.6010742e+01
   5.1739550e+06   3.4729004e+01
   5.1993500e+06   4.6813965e+01
   5.1993740e+06   3.2836914e+01
   5.1994600e+06   5.1025391e+01
   5.1994860e+06   3.9367676e+01
   5.1997450e+06   4.7668457e+01
   5.1997580e+06   3.4423828e+01
   5.1998110e+06   3.5705566e+01
   5.2004730e+06   3.2714844e+01
   5.2593530e+06   3.8696289e+01
   5.2594450e+06   3.6071777e+01
   5.2594880e+06   3.4057617e+01
   5.2596670e+06   3.6804199e+01
   5.3325110e+06   3.3691406e+01
   5.3340390e+06   3.9489746e+01
   5.3340740e+06   4.2724609e+01
   5.3342430e+06   4.6081543e+01
   5.3346030e+06   3.2897949e+01
   5.3346300e+06   3.2287598e+01
   5.3350350e+06   3.4423828e+01
   5.4061390e+06   4.1076660e+01
   5.4063100e+06   3.8879395e+01
   5.4455640e+06   3.3630371e+01
   5.4829980e+06   3.7109375e+01
   5.4832080e+06   4.2053223e+01
   5.4832400e+06   4.9377441e+01
   5.4836750e+06   3.8696289e+01
   5.4837060e+06   3.9611816e+01
   5.4844840e+06   3.3569336e+01
   5.5457880e+06   3.5400391e+01
   5.5474590e+06   4.1442871e+01
   5.5474770e+06   3.7048340e+01
   5.5477820e+06   3.2897949e+01
   5.5894180e+06   3.9611816e+01
   5.5894300e+06   4.2541504e+01
   5.6423230e+06   3.7780762e+01
   5.6425220e+06   4.2175293e+01
   5.6426790e+06   3.8574219e+01
   5.6427080e+06   3.2348633e+01
   5.6427470e+06   4.9804688e+01
   5.6433980e+06   3.5400391e+01
   5.6829110e+06   3.4484863e+01
   5.6829940e+06   3.2653809e+01
   5.6831710e+06   4.5532227e+01
   5.6832050e+06   3.9978027e+01
   5.7341400e+06   5.1757813e+01
   5.7343570e+06   4.0161133e+01
   5.7346380e+06   5.0231934e+01
   5.7346590e+06   4.3334961e+01
   5.7354770e+06   4.1748047e+01
   5.7837140e+06   3.5583496e+01
   5.7837260e+06   5.0415039e+01
   5.7839900e+06   4.1809082e+01
   5.7840180e+06   3.5278320e+01
   5.7849050e+06   3.3386230e+01
   5.8217790e+06   3.6010742e+01
   5.8218430e+06   3.9245605e+01
   5.8218780e+06   3.2104492e+01
   5.8221820e+06   3.3874512e+01
   5.8222080e+06   4.5104980e+01
   5.8605780e+06   3.9062500e+01
   5.8606220e+06   3.5278320e+01
   5.8608630e+06   3.7231445e+01
   5.8611300e+06   3.3630371e+01
   5.8612400e+06   3.3569336e+01
   5.8716700e+06   3.1860352e+01
   5.9057420e+06   3.3386230e+01
   5.9070650e+06   5.4016113e+01
   5.9178530e+06   4.5715332e+01
   5.9181050e+06   4.1259766e+01
   5.9181200e+06   3.6193848e+01
   5.9181350e+06   4.3640137e+01
   5.9184900e+06   4.9560547e+01
   5.9557480e+06   3.6315918e+01
   5.9557990e+06   4.4067383e+01
   5.9558600e+06   4.0222168e+01
   5.9560990e+06   4.2968750e+01
   5.9561380e+06   3.8269043e+01
   5.9564460e+06   4.4372559e+01
   5.9564730e+06   3.3569336e+01
   5.9906320e+06   3.8024902e+01
   5.9908400e+06   4.1870117e+01
   5.9910950e+06   3.6254883e+01
   5.9918130e+06   3.9001465e+01
   6.0462730e+06   3.2592773e+01
   6.0641000e+06   3.6376953e+01
   6.0642580e+06   4.5776367e+01
   6.0642780e+06   4.1015625e+01
   6.0783950e+06   4.7058105e+01
   6.0992280e+06   3.5461426e+01
   6.1280970e+06   4.1748047e+01
   6.1281200e+06   6.0119629e+01
   6.1281440e+06   3.2165527e+01
   6.1286410e+06   3.7902832e+01
   6.1839130e+06   6.8969727e+01
   6.1841530e+06   4.9621582e+01
   6.1841680e+06   3.5705566e+01
   6.1845740e+06   3.2043457e+01
   6.2176890e+06   3.7780762e+01
   6.2177300e+06   3.2958984e+01
   6.2177830e+06   3.2409668e+01
   6.2180680e+06   3.1921387e+01
   6.2180930e+06   4.1381836e+01
   6.2181550e+06   3.6560059e+01
   6.2186170e+06   4.4433594e+01
   6.2198270e+06   3.4729004e+01
   6.2643830e+06   4.8217773e+01
   6.2645540e+06   3.5522461e+01
   6.2646030e+06   5.0537109e+01
   6.2973850e+06   3.5034180e+01
   6.3284060e+06   3.2470703e+01
   6.3284640e+06   3.5400391e+01
   6.3284850e+06   4.6386719e+01
   6.3287130e+06   4.1259766e+01
   6.3287250e+06   5.0781250e+01
   6.3287540e+06   3.6437988e+01
   6.3433100e+06   3.3264160e+01
   6.3445040e+06   3.3508301e+01
   6.3574130e+06   3.2226563e+01
   6.3574490e+06   3.4057617e+01
   6.3576310e+06   4.3457031e+01
   6.3576900e+06   3.2165527e+01
   6.3578660e+06   4.5043945e+01
   6.3588200e+06   3.2836914e+01
   6.4001350e+06   3.2592773e+01
   6.4233870e+06   3.5705566e+01
   6.4234860e+06   3.4118652e+01
   6.4235010e+06   4.5043945e+01
   6.4235210e+06   3.3081055e+01
   6.4237110e+06   5.7617188e+01
   6.4237300e+06   3.9489746e+01
   6.4237400e+06   3.6621094e+01
   6.4241450e+06   4.3701172e+01
   6.4241880e+06   3.8513184e+01
   6.4242150e+06   3.3935547e+01
   6.4800950e+06   3.2897949e+01
   6.4901110e+06   3.3081055e+01
   6.4901420e+06   3.3325195e+01
   6.4902090e+06   4.9316406e+01
   6.4902280e+06   3.7170410e+01
   6.4904420e+06   3.4057617e+01
   6.4904850e+06   3.4729004e+01
   6.4908680e+06   3.2531738e+01
   6.4916020e+06   8.1604004e+01
   6.5118090e+06   3.2775879e+01
   6.5290830e+06   3.6743164e+01
   6.5291040e+06   4.4372559e+01
   6.5293060e+06   3.8391113e+01
   6.5293240e+06   6.2561035e+01
   6.5296450e+06   4.5288086e+01
   6.5296770e+06   3.3752441e+01
   6.5675810e+06   3.4057617e+01
   6.5807040e+06   4.1442871e+01
   6.5807800e+06   3.2348633e+01
   6.5808170e+06   4.4250488e+01
   6.5810050e+06   4.0161133e+01
   6.5810460e+06   4.0100098e+01
   6.5814910e+06   4.0344238e+01
   6.6093490e+06   3.2714844e+01
   6.6236260e+06   4.0710449e+01
   6.6237200e+06   3.3752441e+01
   6.6238720e+06   5.4321289e+01
   6.6238990e+06   4.4433594e+01
   6.6680080e+06   4.7058105e+01
   6.6680320e+06   4.1564941e+01
   6.6683120e+06   3.4362793e+01
   6.6683590e+06   3.4790039e+01
   6.6684010e+06   4.1137695e+01
   6.6686510e+06   3.3142090e+01
   6.6686610e+06   4.1320801e+01
   6.6700050e+06   3.5583496e+01
   6.7057170e+06   3.4301758e+01
   6.7112160e+06   3.8879395e+01
   6.7112460e+06   3.2897949e+01
   6.7113840e+06   3.5034180e+01
   6.7113940e+06   3.3691406e+01
   6.7114420e+06   4.6203613e+01
   6.7115420e+06   3.5156250e+01
   6.7115670e+06   4.1076660e+01
   6.7119470e+06   3.5583496e+01
   6.7603880e+06   4.3151855e+01
   6.7605970e+06   4.2846680e+01
   6.7606110e+06   3.5522461e+01
   6.7606520e+06   4.2053223e+01
   6.7609320e+06   3.3142090e+01
   6.7609610e+06   3.6376953e+01
   6.7614370e+06   3.3691406e+01
   6.7618030e+06   4.5898438e+01
   6.7618520e+06   3.3874512e+01
   6.8021700e+06   3.3081055e+01
   6.8190740e+06   3.3508301e+01
   6.8191140e+06   4.5593262e+01
   6.8192510e+06   3.2165527e+01
   6.8192860e+06   4.2846680e+01
   6.8193580e+06   3.6987305e+01
   6.8195710e+06   3.7658691e+01
   6.8197200e+06   3.1982422e+01
   6.8199310e+06   3.6315918e+01
   6.8552280e+06   3.5522461e+01
   6.8552870e+06   4.2541504e+01
   6.8553810e+06   3.6560059e+01
   6.8554060e+06   3.7475586e+01
   6.8557950e+06   3.4851074e+01
   6.8769200e+06   3.2409668e+01
   6.8769970e+06   3.3996582e+01
   6.8772940e+06   3.3447266e+01
   6.8773260e+06   3.3325195e+01
   6.9092780e+06   3.2104492e+01
   6.9093510e+06   4.1809082e+01
   6.9095470e+06   3.9611816e+01
   6.9095800e+06   3.5827637e+01
   6.9098030e+06   3.6437988e+01
   6.9098450e+06   4.1320801e+01
   6.9101920e+06   3.6682129e+01
   6.9103660e+06   3.9367676e+01
   6.9104910e+06   3.3264160e+01
   6.9235300e+06   3.5400391e+01
   6.9433980e+06   3.4301758e+01
   6.9434470e+06   3.2714844e+01
   6.9435950e+06   4.0771484e+01
   6.9436360e+06   4.2480469e+01
   6.9437300e+06   3.5400391e+01
   6.9440510e+06   3.7231445e+01
   6.9440980e+06   3.6499023e+01
   6.9676550e+06   3.5339355e+01
   6.9677380e+06   4.3579102e+01
   6.9678930e+06   3.2592773e+01
   6.9679080e+06   3.6193848e+01
   6.9681220e+06   3.2531738e+01
   6.9829380e+06   3.3386230e+01
   6.9973990e+06   3.7719727e+01
   6.9974870e+06   3.2226563e+01
   6.9974980e+06   3.5339355e+01
   6.9975820e+06   4.2541504e+01
   6.9977550e+06   3.4545898e+01
   6.9977820e+06   3.6865234e+01
   6.9981050e+06   3.3691406e+01
   7.0287100e+06   3.5827637e+01
   7.0287360e+06   3.8391113e+01
   7.0288760e+06   4.3640137e+01
   7.0289730e+06   3.2348633e+01
   7.0291410e+06   3.8024902e+01
   7.0696890e+06   3.6437988e+01
   7.0697970e+06   4.3640137e+01
   7.0699550e+06   4.0405273e+01
   7.0704180e+06   3.3935547e+01
   7.0965840e+06   3.4423828e+01
   7.0966930e+06   4.6325684e+01
   7.0968230e+06   3.1921387e+01
   7.0968590e+06   3.2409668e+01
   7.0971900e+06   4.3151855e+01
   7.1194250e+06   3.2104492e+01
   7.1296270e+06   3.6010742e+01
   7.1296400e+06   4.7241211e+01
   7.1297060e+06   3.3874512e+01
   7.1297510e+06   3.4484863e+01
   7.1299050e+06   3.9184570e+01
   7.1301050e+06   3.5766602e+01
   7.1305040e+06   3.4118652e+01
   7.1307060e+06   3.7841797e+01
   7.1404490e+06   3.9489746e+01
   7.1617820e+06   4.1503906e+01
   7.1619450e+06   4.1076660e+01
   7.1619910e+06   4.2297363e+01
   7.1622680e+06   3.2470703e+01
   7.1627510e+06   3.9611816e+01
   7.1634450e+06   3.5644531e+01
   7.1949670e+06   3.2470703e+01
   7.2011580e+06   4.0893555e+01
   7.2012200e+06   3.2287598e+01
   7.2013600e+06   3.8269043e+01
   7.2014150e+06   3.5644531e+01
   7.2018570e+06   3.3935547e+01
   7.2018700e+06   3.7292480e+01
   7.2021710e+06   4.4128418e+01
   7.2024770e+06   5.3588867e+01
   7.2316890e+06   4.0954590e+01
   7.2317710e+06   3.6193848e+01
   7.2317990e+06   3.6010742e+01
   7.2318430e+06   3.7353516e+01
   7.2321190e+06   3.5522461e+01
   7.2323840e+06   3.6682129e+01
   7.2549580e+06   4.9072266e+01
   7.2551420e+06   3.6315918e+01
   7.2632310e+06   4.5043945e+01
   7.2634070e+06   4.4128418e+01
   7.2634480e+06   3.2348633e+01
   7.2636340e+06   3.2104492e+01
   7.2641640e+06   3.7658691e+01
   7.2988060e+06   4.5288086e+01
   7.2988390e+06   3.6010742e+01
   7.2989860e+06   3.3020020e+01
   7.2990170e+06   3.2714844e+01
   7.2990320e+06   3.7414551e+01
   7.2993300e+06   4.4250488e+01
   7.2993550e+06   3.1982422e+01
   7.3226430e+06   3.5217285e+01
   7.3394540e+06   5.0109863e+01
   7.3395100e+06   4.1015625e+01
   7.3396780e+06   3.5522461e+01
   7.3399690e+06   3.5522461e+01
   7.3677290e+06   3.1921387e+01
   7.3884800e+06   3.3325195e+01
   7.3886660e+06   3.5888672e+01
   7.3887150e+06   3.4362793e+01
   7.3887370e+06   3.9733887e+01
   7.3887590e+06   3.5095215e+01
   7.3890460e+06   3.2043457e+01
   7.3890560e+06   4.5104980e+01
   7.3894480e+06   3.4057617e+01
   7.3900040e+06   3.3508301e+01
   7.4497710e+06   3.5888672e+01
   7.4499250e+06   3.2653809e+01
   7.4499760e+06   3.7353516e+01
   7.4847870e+06   3.2653809e+01
   7.4853020e+06   3.8757324e+01
   7.4860190e+06   3.4729004e+01
   7.4860470e+06   3.3081055e+01
   7.4861290e+06   5.2673340e+01
   7.4864810e+06   3.9306641e+01
   7.4864920e+06   3.1860352e+01
   7.4865230e+06   3.6499023e+01
   7.5173510e+06   3.2043457e+01
   7.5175250e+06   4.5227051e+01
   7.5175920e+06   4.0344238e+01
   7.5178730e+06   3.2714844e+01
   7.5514280e+06   3.2165527e+01
   7.5523910e+06   3.2653809e+01
   7.5525270e+06   4.9011230e+01
   7.5525620e+06   5.9387207e+01
   7.5528450e+06   3.6376953e+01
   7.5536700e+06   3.3203125e+01
   7.5684860e+06   3.1982422e+01
   7.5939330e+06   5.0964355e+01
   7.5939490e+06   5.0354004e+01
   7.5943600e+06   5.5480957e+01
   7.6066250e+06   3.2409668e+01
   7.6100180e+06   3.7597656e+01
   7.6152650e+06   3.6987305e+01
   7.6233170e+06   4.7363281e+01
   7.6235070e+06   3.9978027e+01
   7.6238350e+06   3.8818359e+01
   7.6245870e+06   3.4484863e+01
   7.6621890e+06   3.4973145e+01
   7.6623210e+06   3.3264160e+01
   7.6624300e+06   3.9306641e+01
   7.6624420e+06   4.3029785e+01
   7.6624920e+06   4.1076660e+01
   7.6627790e+06   3.7170410e+01
   7.6628040e+06   3.3874512e+01
   7.6631410e+06   3.2226563e+01
   7.6863770e+06   3.5217285e+01
   7.6909960e+06   3.5766602e+01
   7.6910220e+06   3.2775879e+01
   7.6911050e+06   4.2541504e+01
   7.6912200e+06   3.5644531e+01
   7.6914500e+06   3.2287598e+01
   7.6914760e+06   3.7841797e+01
   7.6915020e+06   5.1025391e+01
   7.7275370e+06   3.5888672e+01
   7.7275740e+06   3.4851074e+01
   7.7276000e+06   3.6315918e+01
   7.7278060e+06   4.5166016e+01
   7.7278290e+06   3.3447266e+01
   7.7282510e+06   3.7353516e+01
   7.7671020e+06   3.6499023e+01
   7.7672160e+06   3.9550781e+01
   7.7672850e+06   3.7353516e+01
   7.7673070e+06   3.4057617e+01
   7.7673480e+06   3.2287598e+01
   7.7684040e+06   3.8330078e+01
   7.7867820e+06   3.2287598e+01
   7.8101290e+06   3.6621094e+01
   7.8101440e+06   3.8208008e+01
   7.8103080e+06   3.2714844e+01
   7.8105000e+06   3.4790039e+01
   7.8112600e+06   3.4973145e+01
   7.8113170e+06   3.4545898e+01
   7.8413290e+06   3.8696289e+01
   7.8415580e+06   3.7902832e+01
   7.8419760e+06   3.4362793e+01
   7.8535270e+06   3.4057617e+01
   7.8588350e+06   3.3630371e+01
   7.8682040e+06   3.2470703e+01
   7.8958690e+06   4.0649414e+01
   7.9127820e+06   3.2165527e+01
   7.9128310e+06   3.3203125e+01
   7.9130960e+06   4.0466309e+01
   7.9131180e+06   6.1950684e+01
   7.9421560e+06   3.6193848e+01
   7.9540520e+06   3.2775879e+01
   7.9541010e+06   3.3020020e+01
   7.9542310e+06   3.2043457e+01
   7.9544140e+06   4.3884277e+01
   7.9544700e+06   3.2348633e+01
   7.9554190e+06   3.3691406e+01
   7.9943730e+06   3.3081055e+01
   7.9968580e+06   5.8715820e+01
   7.9981730e+06   3.2165527e+01
   7.9983640e+06   5.0903320e+01
   7.9983800e+06   3.2226563e+01
   7.9984180e+06   3.2958984e+01
   7.9987040e+06   3.5949707e+01
   8.0697080e+06   3.5278320e+01
   8.0697540e+06   3.5522461e+01
   8.0698940e+06   3.7719727e+01
   8.0700750e+06   3.7536621e+01
   8.0703990e+06   3.4179688e+01
   8.1996840e+06   3.7048340e+01
   8.2192600e+06   3.2470703e+01
   8.3658890e+06   3.2348633e+01
   8.4160180e+06   3.2714844e+01
   8.4247160e+06   3.2470703e+01
   8.4424070e+06   3.3203125e+01
   8.4824380e+06   3.7902832e+01
   8.5109280e+06   3.8269043e+01
   8.5198600e+06   7.5744629e+01
   8.5332640e+06   3.5949707e+01
   8.6547790e+06   3.3630371e+01
   8.7056610e+06   3.3569336e+01
   8.7537060e+06   3.2470703e+01
   8.7759990e+06   3.3630371e+01
   8.8368230e+06   3.3203125e+01
   8.8427530e+06   3.2836914e+01
   8.8820890e+06   3.3203125e+01
   8.9484220e+06   3.3081055e+01
   8.9787220e+06   4.5776367e+01
   8.9879300e+06   3.8452148e+01
   9.0355580e+06   3.4240723e+01
   9.1330170e+06   3.3203125e+01
   9.2187680e+06   3.5705566e+01
   9.2761260e+06   3.2531738e+01
   9.2958350e+06   3.4301758e+01
   9.3156660e+06   3.4484863e+01
   9.3456910e+06   3.2592773e+01
   9.4097660e+06   3.4545898e+01
   9.4154260e+06   3.3020020e+01
   9.4230520e+06   3.2592773e+01
   9.4265300e+06   3.2470703e+01
   9.4560050e+06   3.3813477e+01
   9.5502060e+06   3.2043457e+01
   9.5812670e+06   3.2836914e+01
   9.5970110e+06   3.3386230e+01
   9.5970600e+06   4.1137695e+01
   9.6003550e+06   3.2043457e+01
   9.6182030e+06   3.2897949e+01
   9.6516950e+06   3.3142090e+01
   9.6620010e+06   3.3203125e+01
   9.7683800e+06   3.7597656e+01
   9.8106440e+06   3.6437988e+01
   9.8488690e+06   3.4729004e+01
   9.8743750e+06   3.3081055e+01
   9.8898100e+06   3.3264160e+01
   9.8902300e+06   3.8330078e+01
   9.9100820e+06   3.6560059e+01
   9.9212010e+06   3.6376953e+01
   9.9320480e+06   3.3142090e+01
   9.9342680e+06   3.3386230e+01
   9.9417500e+06   3.2897949e+01
   9.9858170e+06   3.3386230e+01
   1.0162822e+07   3.2287598e+01
   1.0173229e+07   3.2897949e+01
   1.0190058e+07   3.7048340e+01
   1.0204062e+07   3.7658691e+01
   1.0224956e+07   3.4729004e+01
   1.0283810e+07   3.7536621e+01
   1.0350101e+07   3.2165527e+01
   1.0375210e+07   3.3264160e+01
   1.0394456e+07   3.5034180e+01
   1.0441643e+07   3.2287598e+01
   1.0476467e+07   4.6325684e+01
   1.0520799e+07   3.3508301e+01
   1.0541101e+07   3.2409668e+01
   1.0553876e+07   3.2287598e+01
   1.0560470e+07   3.4423828e+01
   1.0561416e+07   4.5715332e+01
   1.0562857e+07   4.5898438e+01
   1.0566403e+07   3.4118652e+01
   1.0578429e+07   3.2836914e+01
   1.0593151e+07   3.4240723e+01
   1.0617200e+07   3.4973145e+01
   1.0623454e+07   3.5522461e+01
   1.0669663e+07   3.6560059e+01
   1.0689425e+07   3.2714844e+01
   1.0711505e+07   3.2165527e+01
   1.0714540e+07   3.5827637e+01
   1.0731510e+07   3.2287598e+01
   1.0738990e+07   3.1982422e+01
   1.0742456e+07   3.4057617e+01
   1.0849624e+07   3.4973145e+01
   1.0863423e+07   3.1860352e+01
   1.0865925e+07   3.3142090e+01
   1.0873239e+07   3.3874512e+01
   1.0894228e+07   3.9428711e+01
   1.0897188e+07   3.9733887e+01
   1.0897334e+07   3.5827637e+01
   1.0908621e+07   3.5400391e+01
   1.0936873e+07   3.3996582e+01
   1.0947981e+07   3.3081055e+01
   1.0953782e+07   3.2836914e+01
   1.0956301e+07   3.3142090e+01
   1.0962976e+07   3.2104492e+01
   1.1001452e+07   3.5217285e+01
   1.1002122e+07   3.2897949e+01
   1.1017435e+07   3.1860352e+01
   1.1058207e+07   3.3874512e+01
   1.1096249e+07   3.2409668e+01
   1.1099427e+07   3.8940430e+01
   1.1107645e+07   3.2958984e+01
   1.1108103e+07   3.1982422e+01
   1.1154814e+07   3.5644531e+01
   1.1155891e+07   3.2287598e+01
   1.1159285e+07   3.2470703e+01
   1.1161000e+07   3.2043457e+01
   1.1194061e+07   5.1147461e+01
   1.1238379e+07   3.2104492e+01
   1.1260467e+07   3.5888672e+01
   1.1260554e+07   3.5339355e+01
   1.1260629e+07   4.6569824e+01
   1.1270302e+07   3.3630371e+01
   1.1344151e+07   3.4790039e+01
   1.1390160e+07   3.2775879e+01
   1.1422041e+07   3.1860352e+01
   1.1447057e+07   3.3935547e+01
   1.1486782e+07   3.4729004e+01
   1.1498457e+07   3.5461426e+01
   1.1534635e+07   3.2714844e+01
   1.1544918e+07   3.5095215e+01
   1.1545558e+07   3.2409668e+01
   1.1559430e+07   3.8024902e+01
   1.1587055e+07   3.2775879e+01
   1.1589254e+07   3.4484863e+01
   1.1607203e+07   3.3935547e+01
   1.1628001e+07   3.1921387e+01
   1.1645314e+07   3.1860352e+01
   1.1687328e+07   3.4240723e+01
   1.1692859e+07   3.2226563e+01
   1.1697231e+07   3.4301758e+01
   1.1720675e+07   3.3081055e+01
   1.1732054e+07   3.7048340e+01
   1.1748410e+07   3.9001465e+01
   1.1767987e+07   3.2226563e+01
   1.1795525e+07   3.9428711e+01
   1.1811223e+07   3.7841797e+01
   1.1841878e+07   3.5888672e+01
   1.1842359e+07   3.6682129e+01
   1.1859164e+07   3.2470703e+01
   1.1882043e+07   3.4606934e+01
   1.1912519e+07   3.2287598e+01
   1.1922260e+07   3.2592773e+01
   1.1939371e+07   3.3752441e+01
   1.1961904e+07   3.3142090e+01
