   1.1999000e+07   0.0000000e+00
   1.5010000e+03   3.3813477e+01
   1.7960000e+03   3.4057617e+01
   1.8120000e+03   4.3518066e+01
   1.8350000e+03   4.3212891e+01
   1.8670000e+03   4.2419434e+01
   1.8850000e+03   4.5593262e+01
   1.9250000e+03   3.3630371e+01
   1.9650000e+03   5.8715820e+01
   1.9830000e+03   3.4179688e+01
   2.0100000e+03   3.5400391e+01
   2.0350000e+03   3.1311035e+01
   2.1270000e+03   4.6997070e+01
   3.1288000e+04   3.1921387e+01
   3.1305000e+04   4.7424316e+01
   3.1352000e+04   5.0109863e+01
   3.1362000e+04   7.8002930e+01
   3.1393000e+04   3.1005859e+01
   3.1418000e+04   3.7353516e+01
   3.1446000e+04   4.6203613e+01
   3.1481000e+04   4.9072266e+01
   3.1504000e+04   3.2470703e+01
   3.1529000e+04   3.3813477e+01
   3.1576000e+04   3.2470703e+01
   3.1618000e+04   3.9123535e+01
   3.1706000e+04   3.1188965e+01
   7.0514000e+04   3.6193848e+01
   7.0597000e+04   3.6560059e+01
   7.0633000e+04   4.4433594e+01
   7.0664000e+04   5.2978516e+01
   7.0690000e+04   5.4809570e+01
   7.0707000e+04   4.3090820e+01
   7.0745000e+04   3.2470703e+01
   7.0775000e+04   3.1555176e+01
   7.0810000e+04   4.3090820e+01
   7.0825000e+04   4.1137695e+01
   7.0868000e+04   3.1066895e+01
   7.0910000e+04   3.2531738e+01
   7.0929000e+04   3.1738281e+01
   7.0975000e+04   3.0639648e+01
   7.1007000e+04   3.9245605e+01
   1.0209800e+05   3.0639648e+01
   1.0346100e+05   3.1188965e+01
   1.0352200e+05   5.4077148e+01
   1.0354000e+05   4.0527344e+01
   1.0356400e+05   3.4240723e+01
   1.0357700e+05   5.9265137e+01
   1.0360400e+05   3.5644531e+01
   1.0365000e+05   3.1555176e+01
   1.0373100e+05   3.1066895e+01
   1.2483000e+05   4.8706055e+01
   1.3540600e+05   4.0954590e+01
   1.3544900e+05   3.3142090e+01
   1.3546500e+05   5.0659180e+01
   1.3549000e+05   3.2348633e+01
   1.3551900e+05   3.6621094e+01
   1.3553200e+05   3.6315918e+01
   1.3557100e+05   4.5532227e+01
   1.3561500e+05   3.0883789e+01
   1.6493800e+05   3.1433105e+01
   1.6596000e+05   3.1005859e+01
   1.6668200e+05   4.0405273e+01
   1.6671500e+05   4.0832520e+01
   1.6674100e+05   3.2897949e+01
   1.6675500e+05   4.1259766e+01
   1.6678600e+05   3.2409668e+01
   1.6681400e+05   3.8818359e+01
   1.6684500e+05   3.8269043e+01
   1.6687000e+05   3.2409668e+01
   1.6694000e+05   5.0292969e+01
   1.6703000e+05   3.0639648e+01
   2.0675000e+05   4.5166016e+01
   2.0677000e+05   4.8156738e+01
   2.0678700e+05   3.1860352e+01
   2.0680400e+05   3.4240723e+01
   2.0687700e+05   3.1433105e+01
   2.0691000e+05   3.2653809e+01
   2.4165200e+05   3.7719727e+01
   2.4168500e+05   5.4931641e+01
   2.4169500e+05   3.7841797e+01
   2.4173300e+05   4.8034668e+01
   2.4175700e+05   5.2185059e+01
   2.4179300e+05   3.6437988e+01
   2.4202600e+05   3.4240723e+01
   2.8510800e+05   7.8369141e+01
   2.8512600e+05   3.1066895e+01
   2.8515700e+05   5.3344727e+01
   2.8517600e+05   4.0283203e+01
   2.8520600e+05   3.4790039e+01
   2.8522700e+05   3.3386230e+01
   2.8523800e+05   3.1494141e+01
   2.8525700e+05   4.0161133e+01
   2.8531800e+05   4.8461914e+01
   2.8536500e+05   3.8269043e+01
   2.8547700e+05   3.2836914e+01
   3.3150600e+05   3.4851074e+01
   3.3156600e+05   4.4555664e+01
   3.3158000e+05   3.6560059e+01
   3.3161400e+05   3.8024902e+01
   3.3163900e+05   3.8635254e+01
   3.3166800e+05   5.3405762e+01
   3.3168600e+05   3.5095215e+01
   3.3169600e+05   3.8696289e+01
   3.3172100e+05   3.6315918e+01
   3.3178800e+05   3.8085938e+01
   3.8418700e+05   4.4738770e+01
   3.8422200e+05   7.5866699e+01
   3.8428300e+05   4.4311523e+01
   3.8435100e+05   3.7536621e+01
   3.8438100e+05   3.1188965e+01
   3.8440700e+05   3.4118652e+01
   3.8443300e+05   4.1381836e+01
   3.8444800e+05   3.5705566e+01
   3.8450900e+05   4.7729492e+01
   4.2144400e+05   3.1921387e+01
   4.2147600e+05   9.0393066e+01
   4.2148900e+05   3.6865234e+01
   4.2151400e+05   3.3691406e+01
   4.2153500e+05   3.9916992e+01
   4.2157000e+05   3.4118652e+01
   4.2163400e+05   3.8269043e+01
   4.2165700e+05   3.1250000e+01
   4.2170400e+05   3.1433105e+01
   4.2175300e+05   3.1982422e+01
   4.7966600e+05   3.2653809e+01
   4.8344200e+05   3.3264160e+01
   5.0484600e+05   3.1738281e+01
   5.1851500e+05   3.2592773e+01
   5.5066100e+05   3.3325195e+01
   6.2129000e+05   3.1127930e+01
   6.2334700e+05   3.2714844e+01
   6.3615000e+05   3.1005859e+01
   6.4810100e+05   3.1311035e+01
   6.5896500e+05   3.4973145e+01
   6.6910200e+05   3.1677246e+01
   7.2069400e+05   3.1555176e+01
   8.6816500e+05   3.2287598e+01
   9.1896500e+05   3.3203125e+01
   1.0023470e+06   3.0517578e+01
   1.1325140e+06   3.5217285e+01
   1.1329740e+06   3.4606934e+01
   1.5998840e+06   3.5217285e+01
   1.6934590e+06   3.0639648e+01
   1.9872790e+06   3.0761719e+01
   2.0221440e+06   3.0822754e+01
   2.1966490e+06   3.3081055e+01
   2.2394690e+06   3.1250000e+01
   3.6469270e+06   3.2775879e+01
   3.6469540e+06   4.0832520e+01
   3.6470360e+06   3.0639648e+01
   3.6470530e+06   3.0822754e+01
   3.6471580e+06   4.6691895e+01
   3.6472250e+06   4.5776367e+01
   3.6472530e+06   3.1250000e+01
   3.6473000e+06   3.3203125e+01
   3.6473720e+06   3.2958984e+01
   3.6474150e+06   3.1005859e+01
   3.6480850e+06   3.5278320e+01
   8.2746900e+06   3.7963867e+01
   1.1617048e+07   3.8879395e+01
