   1.1999000e+07   0.0000000e+00
   1.9700000e+02   4.0649414e+01
   1.3950000e+03   3.6804199e+01
   1.7490000e+03   4.1931152e+01
   1.7830000e+03   4.7790527e+01
   1.7990000e+03   3.4484863e+01
   1.8140000e+03   4.6752930e+01
   1.8300000e+03   8.9538574e+01
   1.8450000e+03   6.7810059e+01
   1.8680000e+03   7.5683594e+01
   1.8870000e+03   1.2188721e+02
   1.9060000e+03   1.0858154e+02
   1.9180000e+03   1.4862061e+02
   1.9470000e+03   1.1779785e+02
   1.9630000e+03   1.1059570e+02
   1.9760000e+03   9.5336914e+01
   2.0020000e+03   6.9946289e+01
   2.0290000e+03   6.1157227e+01
   2.0390000e+03   7.5134277e+01
   2.0690000e+03   4.6875000e+01
   2.0820000e+03   6.5856934e+01
   2.1180000e+03   7.7148438e+01
   2.1330000e+03   3.6315918e+01
   2.1590000e+03   3.5949707e+01
   2.1920000e+03   3.2592773e+01
   2.2350000e+03   6.5856934e+01
   2.2700000e+03   4.9682617e+01
   2.3670000e+03   4.9194336e+01
   2.4430000e+03   3.6804199e+01
   2.4850000e+03   4.0222168e+01
   2.5690000e+03   3.7109375e+01
   2.5950000e+03   3.3508301e+01
   2.6160000e+03   3.3935547e+01
   2.6570000e+03   3.4301758e+01
   2.7170000e+03   3.3264160e+01
   2.9590000e+03   4.1320801e+01
   3.4490000e+03   3.6499023e+01
   3.9970000e+03   3.6499023e+01
   4.0860000e+03   3.6682129e+01
   3.0964000e+04   3.6437988e+01
   3.1170000e+04   3.2897949e+01
   3.1223000e+04   3.4851074e+01
   3.1263000e+04   4.6875000e+01
   3.1289000e+04   6.5856934e+01
   3.1319000e+04   5.8166504e+01
   3.1330000e+04   7.9772949e+01
   3.1357000e+04   7.5683594e+01
   3.1374000e+04   4.7302246e+01
   3.1389000e+04   1.1816406e+02
   3.1419000e+04   1.6552734e+02
   3.1437000e+04   8.4960938e+01
   3.1450000e+04   4.1259766e+01
   3.1467000e+04   9.7351074e+01
   3.1487000e+04   1.0626221e+02
   3.1511000e+04   9.4604492e+01
   3.1545000e+04   5.4138184e+01
   3.1559000e+04   3.6437988e+01
   3.1584000e+04   7.6232910e+01
   3.1609000e+04   4.0039063e+01
   3.1628000e+04   5.2124023e+01
   3.1642000e+04   4.0344238e+01
   3.1688000e+04   5.4626465e+01
   3.1716000e+04   3.9672852e+01
   3.1753000e+04   3.5766602e+01
   3.1781000e+04   3.6926270e+01
   3.1844000e+04   3.3996582e+01
   3.1861000e+04   4.0344238e+01
   3.2018000e+04   3.3813477e+01
   3.2089000e+04   5.0903320e+01
   3.2124000e+04   3.6437988e+01
   3.2142000e+04   3.2348633e+01
   3.2182000e+04   3.2897949e+01
   3.2195000e+04   3.4667969e+01
   3.2378000e+04   3.3264160e+01
   3.2535000e+04   3.4667969e+01
   3.3013000e+04   3.5400391e+01
   3.3185000e+04   3.6376953e+01
   3.4220000e+04   3.6743164e+01
   3.4856000e+04   3.6376953e+01
   3.5263000e+04   3.3447266e+01
   5.0037000e+04   4.0954590e+01
   7.0431000e+04   3.3996582e+01
   7.0502000e+04   3.4179688e+01
   7.0516000e+04   3.8940430e+01
   7.0575000e+04   3.4484863e+01
   7.0590000e+04   5.3710938e+01
   7.0601000e+04   5.3894043e+01
   7.0628000e+04   4.4799805e+01
   7.0647000e+04   6.8054199e+01
   7.0661000e+04   6.1828613e+01
   7.0688000e+04   9.5642090e+01
   7.0707000e+04   8.1726074e+01
   7.0722000e+04   1.8054199e+02
   7.0750000e+04   1.0980225e+02
   7.0773000e+04   9.6801758e+01
   7.0785000e+04   5.0354004e+01
   7.0803000e+04   1.1169434e+02
   7.0832000e+04   8.1726074e+01
   7.0854000e+04   7.9528809e+01
   7.0882000e+04   6.3537598e+01
   7.0894000e+04   6.8786621e+01
   7.0924000e+04   6.5490723e+01
   7.0956000e+04   5.1086426e+01
   7.0987000e+04   5.1025391e+01
   7.1016000e+04   3.7658691e+01
   7.1073000e+04   3.2409668e+01
   7.1084000e+04   3.3813477e+01
   7.1102000e+04   3.9245605e+01
   7.1165000e+04   4.3334961e+01
   7.1230000e+04   3.7048340e+01
   7.1254000e+04   5.0415039e+01
   7.1289000e+04   3.8330078e+01
   7.1317000e+04   3.2287598e+01
   7.1361000e+04   4.7790527e+01
   7.1452000e+04   3.5339355e+01
   7.1523000e+04   3.7841797e+01
   7.1729000e+04   3.5217285e+01
   7.1805000e+04   3.7475586e+01
   7.1837000e+04   3.4179688e+01
   7.3538000e+04   3.2897949e+01
   7.4464000e+04   3.3691406e+01
   7.4860000e+04   3.6499023e+01
   9.2224000e+04   3.6743164e+01
   1.0243300e+05   4.4738770e+01
   1.0333600e+05   3.2531738e+01
   1.0340100e+05   5.5786133e+01
   1.0341300e+05   6.2622070e+01
   1.0343500e+05   5.0048828e+01
   1.0346900e+05   3.4606934e+01
   1.0348900e+05   4.7790527e+01
   1.0350800e+05   1.0168457e+02
   1.0352700e+05   1.0864258e+02
   1.0354800e+05   9.1247559e+01
   1.0357700e+05   9.5764160e+01
   1.0358800e+05   7.2692871e+01
   1.0360000e+05   8.4472656e+01
   1.0362600e+05   6.1645508e+01
   1.0364500e+05   4.5104980e+01
   1.0366900e+05   1.6412354e+02
   1.0369700e+05   6.1706543e+01
   1.0371200e+05   4.8461914e+01
   1.0374600e+05   5.6030273e+01
   1.0376000e+05   9.7290039e+01
   1.0379100e+05   4.2114258e+01
   1.0382000e+05   3.2409668e+01
   1.0384300e+05   4.7729492e+01
   1.0386100e+05   3.2897949e+01
   1.0390100e+05   3.5095215e+01
   1.0392000e+05   3.2714844e+01
   1.0398700e+05   3.5339355e+01
   1.0406700e+05   3.6621094e+01
   1.0408500e+05   4.3518066e+01
   1.0415600e+05   4.3579102e+01
   1.0417700e+05   3.9794922e+01
   1.0433300e+05   4.0527344e+01
   1.0434400e+05   4.3762207e+01
   1.0437600e+05   4.2175293e+01
   1.0445000e+05   3.3996582e+01
   1.0451700e+05   4.4738770e+01
   1.0655400e+05   3.2653809e+01
   1.0688200e+05   3.3935547e+01
   1.0726300e+05   3.8757324e+01
   1.0776000e+05   3.5400391e+01
   1.3018700e+05   4.6020508e+01
   1.3520200e+05   3.6865234e+01
   1.3523800e+05   4.9438477e+01
   1.3525400e+05   4.5288086e+01
   1.3527300e+05   4.0344238e+01
   1.3531000e+05   4.3457031e+01
   1.3533400e+05   6.4514160e+01
   1.3534600e+05   5.7495117e+01
   1.3537000e+05   8.6425781e+01
   1.3539600e+05   8.7707520e+01
   1.3543000e+05   4.7607422e+01
   1.3545400e+05   1.4251709e+02
   1.3547700e+05   1.0803223e+02
   1.3549700e+05   6.3781738e+01
   1.3551500e+05   9.1430664e+01
   1.3554100e+05   1.3629150e+02
   1.3557300e+05   9.8510742e+01
   1.3558600e+05   5.3833008e+01
   1.3561800e+05   4.4616699e+01
   1.3563600e+05   5.7922363e+01
   1.3565600e+05   7.9650879e+01
   1.3566600e+05   5.6335449e+01
   1.3569700e+05   4.4738770e+01
   1.3572500e+05   3.6437988e+01
   1.3575600e+05   3.5156250e+01
   1.3582700e+05   4.7668457e+01
   1.3585400e+05   6.8237305e+01
   1.3587100e+05   3.3142090e+01
   1.3591400e+05   3.4729004e+01
   1.3592800e+05   3.5278320e+01
   1.3593900e+05   3.9733887e+01
   1.3596900e+05   4.1625977e+01
   1.3601600e+05   3.5034180e+01
   1.3609900e+05   3.6804199e+01
   1.3612100e+05   3.6743164e+01
   1.3617700e+05   4.7119141e+01
   1.3629300e+05   3.3020020e+01
   1.3634000e+05   3.3508301e+01
   1.3638400e+05   3.3447266e+01
   1.3643600e+05   3.2287598e+01
   1.3647500e+05   3.2409668e+01
   1.3652900e+05   3.2836914e+01
   1.3661000e+05   3.9123535e+01
   1.3830400e+05   3.2531738e+01
   1.3855800e+05   3.2348633e+01
   1.3874600e+05   3.3020020e+01
   1.3887600e+05   3.4240723e+01
   1.3926200e+05   3.2714844e+01
   1.6625800e+05   3.3081055e+01
   1.6641800e+05   3.3264160e+01
   1.6649400e+05   3.3508301e+01
   1.6655100e+05   6.0302734e+01
   1.6656300e+05   6.3964844e+01
   1.6659400e+05   5.7373047e+01
   1.6661000e+05   6.4453125e+01
   1.6662400e+05   6.8603516e+01
   1.6664800e+05   5.2551270e+01
   1.6666400e+05   3.8391113e+01
   1.6668100e+05   7.8430176e+01
   1.6671100e+05   8.0505371e+01
   1.6672600e+05   1.6070557e+02
   1.6673600e+05   7.9589844e+01
   1.6674800e+05   7.0373535e+01
   1.6676400e+05   5.7739258e+01
   1.6678900e+05   8.6975098e+01
   1.6680300e+05   4.3029785e+01
   1.6682200e+05   1.0015869e+02
   1.6684100e+05   5.8776855e+01
   1.6686200e+05   3.5827637e+01
   1.6687200e+05   6.4575195e+01
   1.6691000e+05   4.5959473e+01
   1.6692700e+05   4.8706055e+01
   1.6693900e+05   6.4331055e+01
   1.6698600e+05   3.7292480e+01
   1.6699700e+05   5.9631348e+01
   1.6704500e+05   3.6071777e+01
   1.6708000e+05   5.5175781e+01
   1.6712700e+05   3.5095215e+01
   1.6717600e+05   3.9245605e+01
   1.6720500e+05   3.6621094e+01
   1.6723800e+05   3.5766602e+01
   1.6724800e+05   3.3264160e+01
   1.6728200e+05   3.3447266e+01
   1.6733500e+05   3.6621094e+01
   1.6747900e+05   3.5278320e+01
   1.6756500e+05   3.4179688e+01
   1.6760500e+05   3.6499023e+01
   1.6787400e+05   3.2287598e+01
   1.6789200e+05   3.5278320e+01
   2.0632400e+05   3.9978027e+01
   2.0642500e+05   4.1259766e+01
   2.0646200e+05   3.3325195e+01
   2.0649900e+05   8.4960938e+01
   2.0652100e+05   4.0100098e+01
   2.0653600e+05   3.2836914e+01
   2.0656600e+05   6.0424805e+01
   2.0660000e+05   3.9611816e+01
   2.0663500e+05   6.9213867e+01
   2.0664900e+05   5.9875488e+01
   2.0667400e+05   6.9213867e+01
   2.0668400e+05   8.9111328e+01
   2.0670200e+05   7.6721191e+01
   2.0671200e+05   5.8227539e+01
   2.0673600e+05   5.4931641e+01
   2.0674600e+05   1.1059570e+02
   2.0677300e+05   8.3862305e+01
   2.0679800e+05   7.8613281e+01
   2.0682300e+05   6.7932129e+01
   2.0685100e+05   9.1552734e+01
   2.0686400e+05   7.7758789e+01
   2.0690600e+05   8.9111328e+01
   2.0692900e+05   4.5776367e+01
   2.0695500e+05   4.7546387e+01
   2.0699000e+05   3.2775879e+01
   2.0700100e+05   4.5349121e+01
   2.0703900e+05   3.8391113e+01
   2.0705300e+05   4.5593262e+01
   2.0707500e+05   3.3935547e+01
   2.0713100e+05   3.4912109e+01
   2.0718300e+05   3.2653809e+01
   2.0721500e+05   3.2775879e+01
   2.0723900e+05   4.6997070e+01
   2.0726100e+05   3.3203125e+01
   2.0730600e+05   3.9123535e+01
   2.0736500e+05   3.3630371e+01
   2.0738600e+05   3.6376953e+01
   2.0744000e+05   3.3203125e+01
   2.0747200e+05   3.3325195e+01
   2.0767800e+05   4.5959473e+01
   2.0779900e+05   3.6437988e+01
   2.1055200e+05   3.8574219e+01
   2.1106300e+05   3.4057617e+01
   2.2478900e+05   3.6499023e+01
   2.2645800e+05   4.1687012e+01
   2.4052800e+05   3.2287598e+01
   2.4084700e+05   3.3325195e+01
   2.4087600e+05   3.7048340e+01
   2.4097000e+05   3.4423828e+01
   2.4105300e+05   4.2358398e+01
   2.4107700e+05   6.4514160e+01
   2.4111100e+05   3.5461426e+01
   2.4113300e+05   3.7902832e+01
   2.4114700e+05   4.2724609e+01
   2.4115700e+05   4.8522949e+01
   2.4119400e+05   4.8583984e+01
   2.4121900e+05   4.4616699e+01
   2.4124400e+05   3.6926270e+01
   2.4127100e+05   4.9682617e+01
   2.4129200e+05   4.1809082e+01
   2.4132000e+05   6.1706543e+01
   2.4134000e+05   3.7719727e+01
   2.4137300e+05   7.0495605e+01
   2.4138300e+05   6.5490723e+01
   2.4139700e+05   8.9660645e+01
   2.4143400e+05   5.7067871e+01
   2.4145100e+05   7.1838379e+01
   2.4146500e+05   1.0821533e+02
   2.4150200e+05   5.7434082e+01
   2.4151800e+05   6.4697266e+01
   2.4154000e+05   7.4523926e+01
   2.4156000e+05   1.0083008e+02
   2.4158600e+05   6.2133789e+01
   2.4161400e+05   5.0659180e+01
   2.4163500e+05   4.5532227e+01
   2.4166400e+05   7.0800781e+01
   2.4168700e+05   5.6823730e+01
   2.4171300e+05   3.8574219e+01
   2.4173300e+05   4.6142578e+01
   2.4174600e+05   4.1320801e+01
   2.4179000e+05   3.5644531e+01
   2.4180800e+05   5.3588867e+01
   2.4182100e+05   4.0832520e+01
   2.4192200e+05   3.9001465e+01
   2.4195000e+05   3.4362793e+01
   2.4196800e+05   3.2592773e+01
   2.4200800e+05   3.6621094e+01
   2.4203500e+05   4.3579102e+01
   2.4230500e+05   3.5034180e+01
   2.4287800e+05   3.3569336e+01
   2.4310200e+05   3.4851074e+01
   2.8440000e+05   3.7353516e+01
   2.8446600e+05   3.3569336e+01
   2.8449600e+05   3.5522461e+01
   2.8453500e+05   4.5227051e+01
   2.8454800e+05   5.1086426e+01
   2.8456500e+05   3.3447266e+01
   2.8460900e+05   8.3862305e+01
   2.8464500e+05   6.1523438e+01
   2.8466400e+05   5.4260254e+01
   2.8468500e+05   3.3874512e+01
   2.8471000e+05   5.2917480e+01
   2.8472300e+05   4.2602539e+01
   2.8474700e+05   5.2062988e+01
   2.8476800e+05   1.2097168e+02
   2.8478800e+05   5.0354004e+01
   2.8479900e+05   4.5715332e+01
   2.8483200e+05   6.7810059e+01
   2.8485700e+05   6.8237305e+01
   2.8487200e+05   8.6120605e+01
   2.8489500e+05   7.5012207e+01
   2.8491800e+05   1.6192627e+02
   2.8494000e+05   8.9599609e+01
   2.8495100e+05   5.4138184e+01
   2.8498700e+05   6.0546875e+01
   2.8500700e+05   7.3669434e+01
   2.8501800e+05   5.6213379e+01
   2.8502800e+05   3.8635254e+01
   2.8504500e+05   4.8400879e+01
   2.8506600e+05   4.4067383e+01
   2.8509200e+05   5.2307129e+01
   2.8511200e+05   7.8979492e+01
   2.8512800e+05   5.2734375e+01
   2.8516600e+05   5.4199219e+01
   2.8519200e+05   4.1198730e+01
   2.8521500e+05   4.1809082e+01
   2.8524300e+05   5.4992676e+01
   2.8531500e+05   4.5288086e+01
   2.8532800e+05   3.9550781e+01
   2.8534800e+05   4.2968750e+01
   2.8539300e+05   3.3813477e+01
   2.8540900e+05   4.1931152e+01
   2.8547600e+05   3.7353516e+01
   2.8552700e+05   4.6997070e+01
   2.8560000e+05   4.0100098e+01
   2.8564300e+05   4.3212891e+01
   2.8569200e+05   3.8818359e+01
   2.8578600e+05   3.4851074e+01
   2.8581200e+05   3.4973145e+01
   2.8586600e+05   3.3996582e+01
   3.2993300e+05   3.2409668e+01
   3.3041700e+05   3.4362793e+01
   3.3064400e+05   3.9062500e+01
   3.3072400e+05   5.5114746e+01
   3.3075800e+05   5.5725098e+01
   3.3081600e+05   4.7668457e+01
   3.3085300e+05   4.1748047e+01
   3.3090700e+05   3.7658691e+01
   3.3092600e+05   4.3395996e+01
   3.3096100e+05   3.2836914e+01
   3.3099100e+05   3.9611816e+01
   3.3102500e+05   3.5705566e+01
   3.3104500e+05   6.5612793e+01
   3.3106900e+05   3.5339355e+01
   3.3109000e+05   3.5827637e+01
   3.3110700e+05   3.8330078e+01
   3.3112700e+05   3.2653809e+01
   3.3116000e+05   5.8410645e+01
   3.3119200e+05   3.9489746e+01
   3.3120900e+05   1.2487793e+02
   3.3123300e+05   3.9428711e+01
   3.3126400e+05   5.4199219e+01
   3.3128000e+05   4.1992188e+01
   3.3130500e+05   6.4697266e+01
   3.3131900e+05   1.5020752e+02
   3.3134000e+05   5.5419922e+01
   3.3135600e+05   1.1907959e+02
   3.3138800e+05   9.1552734e+01
   3.3140200e+05   6.1157227e+01
   3.3142800e+05   9.5581055e+01
   3.3145200e+05   9.1308594e+01
   3.3148300e+05   4.7180176e+01
   3.3150000e+05   6.1645508e+01
   3.3151200e+05   6.5856934e+01
   3.3154200e+05   6.3110352e+01
   3.3157400e+05   6.2500000e+01
   3.3164500e+05   3.2714844e+01
   3.3167700e+05   6.1706543e+01
   3.3168700e+05   6.5795898e+01
   3.3173300e+05   3.7841797e+01
   3.3175800e+05   3.4301758e+01
   3.3178800e+05   3.2592773e+01
   3.3180900e+05   3.3081055e+01
   3.3204000e+05   3.5766602e+01
   3.3219600e+05   3.5949707e+01
   3.3555000e+05   3.2470703e+01
   3.5760800e+05   4.0344238e+01
   3.7175600e+05   4.5776367e+01
   3.8339600e+05   5.4565430e+01
   3.8344900e+05   4.4189453e+01
   3.8353500e+05   4.4250488e+01
   3.8356500e+05   3.3325195e+01
   3.8359000e+05   3.3386230e+01
   3.8361100e+05   3.5400391e+01
   3.8364700e+05   5.6701660e+01
   3.8366900e+05   6.4208984e+01
   3.8369100e+05   3.5095215e+01
   3.8370100e+05   6.1584473e+01
   3.8374000e+05   3.5522461e+01
   3.8375000e+05   3.5461426e+01
   3.8378200e+05   4.3518066e+01
   3.8381200e+05   3.4729004e+01
   3.8383400e+05   6.5673828e+01
   3.8384700e+05   6.2744141e+01
   3.8386100e+05   1.1798096e+02
   3.8389600e+05   8.1726074e+01
   3.8392100e+05   7.3303223e+01
   3.8395600e+05   8.0078125e+01
   3.8397400e+05   7.9833984e+01
   3.8399700e+05   5.2490234e+01
   3.8400700e+05   5.6152344e+01
   3.8403600e+05   5.0476074e+01
   3.8405300e+05   5.2062988e+01
   3.8406700e+05   5.4870605e+01
   3.8408700e+05   6.3598633e+01
   3.8409900e+05   4.2419434e+01
   3.8412900e+05   6.5551758e+01
   3.8414900e+05   6.8725586e+01
   3.8418900e+05   5.3955078e+01
   3.8421300e+05   4.7973633e+01
   3.8423500e+05   4.1992188e+01
   3.8425500e+05   6.0546875e+01
   3.8427400e+05   3.8269043e+01
   3.8430800e+05   3.5095215e+01
   3.8431900e+05   3.4545898e+01
   3.8433200e+05   3.5888672e+01
   3.8437100e+05   4.7668457e+01
   3.8440300e+05   3.2714844e+01
   3.8443100e+05   4.3579102e+01
   3.8445100e+05   3.3081055e+01
   3.8448100e+05   4.1503906e+01
   3.8459200e+05   3.7658691e+01
   3.8468800e+05   3.5278320e+01
   3.8476900e+05   3.9611816e+01
   3.8479600e+05   4.6386719e+01
   3.8492200e+05   3.5156250e+01
   3.8514000e+05   3.3996582e+01
   4.2010500e+05   3.5400391e+01
   4.2020100e+05   3.4301758e+01
   4.2036900e+05   6.2194824e+01
   4.2041800e+05   3.3264160e+01
   4.2044300e+05   4.0893555e+01
   4.2052600e+05   3.2592773e+01
   4.2056600e+05   3.8818359e+01
   4.2057900e+05   3.9245605e+01
   4.2064900e+05   3.8085938e+01
   4.2066500e+05   5.4199219e+01
   4.2068000e+05   3.7719727e+01
   4.2069900e+05   4.8522949e+01
   4.2071400e+05   5.9509277e+01
   4.2074400e+05   5.7800293e+01
   4.2077000e+05   5.5053711e+01
   4.2091300e+05   9.9731445e+01
   4.2094100e+05   4.2297363e+01
   4.2095400e+05   8.3007813e+01
   4.2098500e+05   4.9621582e+01
   4.2100200e+05   3.6132813e+01
   4.2101400e+05   4.0954590e+01
   4.2104800e+05   4.2785645e+01
   4.2107000e+05   3.6315918e+01
   4.2108900e+05   6.7932129e+01
   4.2111300e+05   4.6020508e+01
   4.2114100e+05   7.0800781e+01
   4.2115300e+05   7.3547363e+01
   4.2116500e+05   6.8237305e+01
   4.2120400e+05   4.9499512e+01
   4.2122400e+05   5.0354004e+01
   4.2123700e+05   6.5795898e+01
   4.2125600e+05   8.1420898e+01
   4.2127200e+05   9.0942383e+01
   4.2130100e+05   4.8217773e+01
   4.2131700e+05   5.9692383e+01
   4.2135100e+05   7.1044922e+01
   4.2137400e+05   5.8349609e+01
   4.2139100e+05   8.6730957e+01
   4.2141200e+05   6.8054199e+01
   4.2143500e+05   3.7109375e+01
   4.2148100e+05   4.1809082e+01
   4.2151700e+05   4.2785645e+01
   4.2154200e+05   4.1564941e+01
   4.2155800e+05   5.5236816e+01
   4.2159100e+05   3.7414551e+01
   4.2163100e+05   3.4057617e+01
   4.2168800e+05   3.3508301e+01
   4.2173000e+05   3.5278320e+01
   4.2176800e+05   5.2062988e+01
   4.2180200e+05   3.3386230e+01
   4.2183400e+05   4.2602539e+01
   4.2193500e+05   5.0048828e+01
   4.8244500e+05   3.2653809e+01
   4.8251500e+05   3.3508301e+01
   4.8295400e+05   3.5644531e+01
   4.8299100e+05   3.2653809e+01
   4.8302200e+05   3.6682129e+01
   4.8308900e+05   3.7170410e+01
   4.8310100e+05   4.3334961e+01
   4.8314100e+05   3.2531738e+01
   4.8318000e+05   4.3945313e+01
   4.8323200e+05   3.8085938e+01
   4.8326300e+05   5.3039551e+01
   4.8333200e+05   3.6010742e+01
   4.8335000e+05   5.3222656e+01
   4.8349200e+05   3.9611816e+01
   4.8358100e+05   4.0893555e+01
   4.8368500e+05   3.3081055e+01
   4.8370700e+05   5.1879883e+01
   4.8373300e+05   4.1564941e+01
   4.8385600e+05   3.3935547e+01
   4.8401200e+05   4.5837402e+01
   4.8417000e+05   5.6945801e+01
   4.8425100e+05   3.5339355e+01
   4.8438300e+05   4.1992188e+01
   5.0531500e+05   4.0100098e+01
   5.0569200e+05   3.3630371e+01
   5.0576700e+05   4.6203613e+01
   5.0580300e+05   4.5166016e+01
   5.0586400e+05   3.8085938e+01
   5.0589000e+05   3.5705566e+01
   5.0592800e+05   4.6020508e+01
   5.0594300e+05   3.2592773e+01
   5.0596800e+05   3.8208008e+01
   5.0621700e+05   5.4626465e+01
   5.0640100e+05   3.3020020e+01
   5.0648700e+05   4.0710449e+01
   5.0650400e+05   3.2531738e+01
   5.0657800e+05   3.7292480e+01
   5.0675200e+05   3.9245605e+01
   5.0702000e+05   3.4362793e+01
   5.0813900e+05   4.0283203e+01
   5.2915700e+05   3.8269043e+01
   5.2931100e+05   6.1096191e+01
   5.2932800e+05   3.5034180e+01
   5.2962000e+05   3.3630371e+01
   5.2973300e+05   3.3813477e+01
   5.2991900e+05   4.5471191e+01
   5.2997200e+05   3.6621094e+01
   5.3003900e+05   3.5522461e+01
   5.3026400e+05   3.2531738e+01
   5.3051800e+05   3.2836914e+01
   5.3119700e+05   3.3569336e+01
   5.5179200e+05   4.4494629e+01
   5.5207000e+05   3.4362793e+01
   5.5208300e+05   4.4250488e+01
   5.5217400e+05   4.5410156e+01
   5.5243600e+05   4.0161133e+01
   5.5246800e+05   3.2531738e+01
   5.5253500e+05   3.5156250e+01
   5.5292200e+05   3.4362793e+01
   5.5305100e+05   4.1015625e+01
   5.5313900e+05   3.2409668e+01
   5.7221900e+05   3.3020020e+01
   5.7225600e+05   3.5766602e+01
   5.7279200e+05   3.6010742e+01
   5.7280700e+05   4.0649414e+01
   5.7306300e+05   3.3935547e+01
   5.7310600e+05   3.5156250e+01
   5.7333300e+05   3.3264160e+01
   5.7367000e+05   3.4912109e+01
   5.9260200e+05   3.9062500e+01
   5.9343400e+05   3.3813477e+01
   6.2160500e+05   3.4484863e+01
   6.2168100e+05   4.4189453e+01
   6.2222900e+05   4.4006348e+01
   6.2228500e+05   3.9306641e+01
   6.2230100e+05   3.6804199e+01
   6.5683500e+05   3.2897949e+01
   6.5705400e+05   5.4016113e+01
   6.5711800e+05   4.1809082e+01
   6.5718000e+05   3.9489746e+01
   6.8201900e+05   4.5715332e+01
   6.8208900e+05   3.9062500e+01
   6.8250900e+05   3.5034180e+01
   6.8261200e+05   3.3752441e+01
   6.8304200e+05   3.4423828e+01
   7.1572400e+05   3.3203125e+01
   7.1606900e+05   3.5888672e+01
   7.4769500e+05   3.8391113e+01
   7.4771600e+05   4.2663574e+01
   7.4788300e+05   4.2236328e+01
   7.4796900e+05   3.4301758e+01
   7.5960500e+05   4.0100098e+01
   8.0230400e+05   3.3935547e+01
   8.0234200e+05   6.2377930e+01
   8.0236000e+05   4.1503906e+01
   8.0240100e+05   3.4851074e+01
   8.0274000e+05   3.9001465e+01
   8.3466300e+05   3.5827637e+01
   8.3563900e+05   4.8156738e+01
   8.6886400e+05   3.2958984e+01
   8.6887500e+05   5.3283691e+01
   8.6914800e+05   3.4606934e+01
   8.9598700e+05   3.4057617e+01
   9.1925000e+05   5.0903320e+01
   9.1927600e+05   3.5278320e+01
   9.1947800e+05   3.6926270e+01
   9.1950500e+05   3.2470703e+01
   9.1959400e+05   4.6997070e+01
   9.7133700e+05   3.6560059e+01
   9.7283300e+05   3.7963867e+01
   9.9023500e+05   3.9001465e+01
   9.9031200e+05   3.3813477e+01
   1.0188130e+06   3.2409668e+01
   1.0206290e+06   3.2897949e+01
   1.0206500e+06   5.4626465e+01
   1.0207060e+06   3.8696289e+01
   1.0207340e+06   3.4301758e+01
   1.0208290e+06   4.0893555e+01
   1.0208930e+06   3.2409668e+01
   1.0455070e+06   3.5705566e+01
   1.0466100e+06   3.7780762e+01
   1.0777710e+06   3.3569336e+01
   1.0823130e+06   4.1198730e+01
   1.0931730e+06   4.8278809e+01
   1.0966310e+06   3.6193848e+01
   1.0967660e+06   3.6499023e+01
   1.0968020e+06   3.5522461e+01
   1.0968210e+06   4.5532227e+01
   1.0968810e+06   3.4790039e+01
   1.1195110e+06   4.4128418e+01
   1.1321660e+06   3.9916992e+01
   1.1323220e+06   3.2409668e+01
   1.1327710e+06   3.5400391e+01
   1.1327990e+06   4.0832520e+01
   1.1328270e+06   4.4372559e+01
   1.1329480e+06   3.7048340e+01
   1.1329690e+06   3.8452148e+01
   1.1329860e+06   4.5532227e+01
   1.1330150e+06   3.7597656e+01
   1.1332780e+06   4.3212891e+01
   1.1333490e+06   4.2968750e+01
   1.1591380e+06   4.2724609e+01
   1.1694750e+06   4.3823242e+01
   1.1795470e+06   3.2836914e+01
   1.1798730e+06   3.9550781e+01
   1.1798870e+06   5.8593750e+01
   1.1799380e+06   4.5227051e+01
   1.1803160e+06   3.9733887e+01
   1.1804120e+06   4.5104980e+01
   1.1976860e+06   4.1442871e+01
   1.2138140e+06   4.0405273e+01
   1.2382670e+06   4.5532227e+01
   1.2511990e+06   3.8879395e+01
   1.2512120e+06   4.0344238e+01
   1.2512340e+06   5.7495117e+01
   1.2514880e+06   3.8146973e+01
   1.2515320e+06   3.8391113e+01
   1.2552250e+06   4.6447754e+01
   1.2687350e+06   4.0649414e+01
   1.2868510e+06   4.4738770e+01
   1.2879010e+06   3.9306641e+01
   1.2884070e+06   5.1696777e+01
   1.2888630e+06   3.2409668e+01
   1.2890280e+06   3.4606934e+01
   1.3004670e+06   4.0588379e+01
   1.3082810e+06   3.6315918e+01
   1.3083140e+06   3.2897949e+01
   1.3084800e+06   4.7302246e+01
   1.3085010e+06   3.9123535e+01
   1.3085790e+06   3.4057617e+01
   1.3086540e+06   4.9926758e+01
   1.3088130e+06   3.3508301e+01
   1.3103350e+06   3.8696289e+01
   1.3516770e+06   4.2968750e+01
   1.3535590e+06   3.6132813e+01
   1.3719850e+06   3.2531738e+01
   1.3732570e+06   3.4179688e+01
   1.3733110e+06   3.3386230e+01
   1.3733650e+06   3.3081055e+01
   1.3734730e+06   4.1442871e+01
   1.3735730e+06   3.4057617e+01
   1.3737350e+06   4.9133301e+01
   1.3888400e+06   4.4433594e+01
   1.3962330e+06   4.3029785e+01
   1.4086570e+06   3.3752441e+01
   1.4087170e+06   3.8574219e+01
   1.4177130e+06   3.8391113e+01
   1.4355370e+06   3.9306641e+01
   1.4355960e+06   3.5461426e+01
   1.4356240e+06   4.3579102e+01
   1.4356550e+06   3.4362793e+01
   1.4431340e+06   4.5715332e+01
   1.4504630e+06   3.6315918e+01
   1.4519630e+06   4.8278809e+01
   1.4636720e+06   4.0649414e+01
   1.4727810e+06   4.3823242e+01
   1.4799600e+06   3.8635254e+01
   1.4832900e+06   3.4667969e+01
   1.4833430e+06   3.8940430e+01
   1.4833630e+06   7.1594238e+01
   1.4835110e+06   3.7475586e+01
   1.4893430e+06   3.7597656e+01
   1.4956650e+06   3.6315918e+01
   1.5059020e+06   3.7536621e+01
   1.5062790e+06   4.2358398e+01
   1.5162200e+06   3.9794922e+01
   1.5249300e+06   3.7780762e+01
   1.5340690e+06   4.4311523e+01
   1.5396190e+06   3.3874512e+01
   1.5572260e+06   4.0588379e+01
   1.5625710e+06   3.7902832e+01
   1.5639020e+06   3.6010742e+01
   1.5668600e+06   3.5034180e+01
   1.5731610e+06   5.1635742e+01
   1.5731890e+06   3.5400391e+01
   1.5732360e+06   3.8757324e+01
   1.5732680e+06   3.4362793e+01
   1.5736350e+06   4.1625977e+01
   1.5760860e+06   3.7719727e+01
   1.5836570e+06   3.8330078e+01
   1.5981260e+06   3.8513184e+01
   1.5983380e+06   3.2836914e+01
   1.5983600e+06   5.3161621e+01
   1.5984070e+06   4.0954590e+01
   1.5987970e+06   3.5644531e+01
   1.6159970e+06   4.3579102e+01
   1.6241160e+06   3.3447266e+01
   1.6293840e+06   3.4484863e+01
   1.6375000e+06   4.6997070e+01
   1.6429610e+06   3.7719727e+01
   1.6447440e+06   3.3874512e+01
   1.6448060e+06   5.5847168e+01
   1.6448330e+06   3.4851074e+01
   1.6448510e+06   3.4179688e+01
   1.6448940e+06   4.3640137e+01
   1.6449280e+06   3.3874512e+01
   1.6450360e+06   5.6579590e+01
   1.6793740e+06   3.9367676e+01
   1.6803540e+06   3.3081055e+01
   1.6804120e+06   3.4301758e+01
   1.6804400e+06   3.5766602e+01
   1.6804650e+06   5.4748535e+01
   1.6804830e+06   3.8757324e+01
   1.6805350e+06   3.7475586e+01
   1.6806160e+06   4.3884277e+01
   1.6806340e+06   3.8879395e+01
   1.6806440e+06   4.6630859e+01
   1.6888790e+06   5.0537109e+01
   1.6954150e+06   3.7902832e+01
   1.7005650e+06   4.5410156e+01
   1.7039140e+06   4.4494629e+01
   1.7216050e+06   4.4799805e+01
   1.7219970e+06   4.7546387e+01
   1.7220230e+06   3.5095215e+01
   1.7220870e+06   3.6071777e+01
   1.7221070e+06   4.1748047e+01
   1.7221740e+06   6.0302734e+01
   1.7221970e+06   3.4973145e+01
   1.7448030e+06   3.9062500e+01
   1.7541070e+06   3.9855957e+01
   1.7635090e+06   3.2775879e+01
   1.7635270e+06   4.3334961e+01
   1.7635480e+06   4.2053223e+01
   1.7635880e+06   3.5217285e+01
   1.7636190e+06   3.5461426e+01
   1.7636420e+06   4.2419434e+01
   1.7638170e+06   3.5583496e+01
   1.7719790e+06   3.9001465e+01
   1.7795470e+06   4.2297363e+01
   1.7885930e+06   3.8879395e+01
   1.7954870e+06   3.6132813e+01
   1.7980810e+06   6.6589355e+01
   1.8020780e+06   4.0832520e+01
   1.8042180e+06   3.4057617e+01
   1.8067260e+06   3.3752441e+01
   1.8102480e+06   3.5888672e+01
   1.8288230e+06   7.1716309e+01
   1.8345440e+06   3.4484863e+01
   1.8348650e+06   3.6315918e+01
   1.8350260e+06   3.6437988e+01
   1.8351030e+06   4.3640137e+01
   1.8355560e+06   3.8208008e+01
   1.8482760e+06   3.5949707e+01
   1.8596430e+06   4.6264648e+01
   1.8690620e+06   4.1748047e+01
   1.9109760e+06   4.6142578e+01
   1.9119960e+06   3.2348633e+01
   1.9123130e+06   5.4199219e+01
   1.9124750e+06   3.3325195e+01
   1.9125370e+06   3.5583496e+01
   1.9126100e+06   3.3020020e+01
   1.9127600e+06   3.5583496e+01
   1.9192380e+06   6.6528320e+01
   1.9194510e+06   3.6010742e+01
   1.9286930e+06   4.1748047e+01
   1.9348140e+06   3.3325195e+01
   1.9405730e+06   3.6315918e+01
   1.9466280e+06   4.0527344e+01
   1.9515210e+06   3.8085938e+01
   1.9516670e+06   3.2897949e+01
   1.9522550e+06   3.2653809e+01
   1.9523210e+06   3.4973145e+01
   1.9524060e+06   4.0100098e+01
   1.9524390e+06   4.5654297e+01
   1.9524790e+06   4.6264648e+01
   1.9556760e+06   4.0344238e+01
   1.9605300e+06   3.3569336e+01
   1.9677990e+06   3.8635254e+01
   1.9797710e+06   3.2897949e+01
   2.0220950e+06   3.6926270e+01
   2.0252050e+06   3.6560059e+01
   2.0252400e+06   3.2592773e+01
   2.0252730e+06   3.4118652e+01
   2.0253560e+06   3.8574219e+01
   2.0254170e+06   3.6437988e+01
   2.0684040e+06   4.2907715e+01
   2.0772870e+06   3.3081055e+01
   2.0790200e+06   3.6071777e+01
   2.0828960e+06   4.1564941e+01
   2.0972980e+06   3.9916992e+01
   2.0985460e+06   3.3813477e+01
   2.0988460e+06   4.5410156e+01
   2.0989260e+06   3.3325195e+01
   2.0989550e+06   3.3813477e+01
   2.0990190e+06   3.5888672e+01
   2.0990790e+06   3.8024902e+01
   2.0991230e+06   3.8024902e+01
   2.1042950e+06   3.8635254e+01
   2.1178740e+06   4.0771484e+01
   2.1224890e+06   3.6987305e+01
   2.1284340e+06   3.8269043e+01
   2.1516550e+06   3.4240723e+01
   2.1764370e+06   3.5339355e+01
   2.1831090e+06   4.6020508e+01
   2.1966640e+06   3.3386230e+01
   2.1985570e+06   3.4973145e+01
   2.2206360e+06   3.3813477e+01
   2.2208970e+06   3.5705566e+01
   2.2237590e+06   3.4484863e+01
   2.2237860e+06   3.2287598e+01
   2.2238110e+06   4.5288086e+01
   2.2239340e+06   3.2836914e+01
   2.2242950e+06   3.8024902e+01
   2.2308460e+06   4.2602539e+01
   2.2386300e+06   3.5766602e+01
   2.2484820e+06   3.6499023e+01
   2.2489920e+06   3.5217285e+01
   2.2492920e+06   4.1870117e+01
   2.2494730e+06   3.4118652e+01
   2.2495050e+06   4.9743652e+01
   2.2498330e+06   3.4423828e+01
   2.2585530e+06   3.5339355e+01
   2.2679480e+06   4.0100098e+01
   2.2752250e+06   4.7424316e+01
   2.2900720e+06   4.0893555e+01
   2.2901250e+06   3.9184570e+01
   2.2902330e+06   3.9916992e+01
   2.2902490e+06   4.5043945e+01
   2.2902780e+06   3.6437988e+01
   2.2903660e+06   3.7170410e+01
   2.2904910e+06   4.1870117e+01
   2.2905220e+06   3.4912109e+01
   2.2908900e+06   3.2287598e+01
   2.3266180e+06   4.0100098e+01
   2.3266790e+06   5.4504395e+01
   2.3268660e+06   4.7790527e+01
   2.3271890e+06   4.2358398e+01
   2.3367080e+06   3.3508301e+01
   2.3417300e+06   3.5583496e+01
   2.3483050e+06   4.1259766e+01
   2.3489760e+06   3.5583496e+01
   2.3767370e+06   3.5583496e+01
   2.3903250e+06   4.6447754e+01
   2.3983040e+06   3.6376953e+01
   2.4067130e+06   3.7902832e+01
   2.4113760e+06   5.3100586e+01
   2.4114000e+06   3.5949707e+01
   2.4159330e+06   4.2236328e+01
   2.4267260e+06   3.3508301e+01
   2.4436400e+06   6.2683105e+01
   2.4465740e+06   3.6987305e+01
   2.4474660e+06   3.9611816e+01
   2.4800070e+06   4.0771484e+01
   2.4871510e+06   6.5429688e+01
   2.5043170e+06   5.5603027e+01
   2.5046140e+06   3.3874512e+01
   2.5047030e+06   4.2480469e+01
   2.5047130e+06   3.7292480e+01
   2.5049190e+06   4.3457031e+01
   2.5050140e+06   3.5400391e+01
   2.5052720e+06   6.0119629e+01
   2.5153850e+06   6.1035156e+01
   2.5268210e+06   3.7658691e+01
   2.5324930e+06   3.9306641e+01
   2.5418720e+06   7.7392578e+01
   2.5433570e+06   3.3508301e+01
   2.5467790e+06   6.3598633e+01
   2.5736050e+06   4.0039063e+01
   2.5792100e+06   3.3752441e+01
   2.5856610e+06   3.4606934e+01
   2.5912130e+06   3.3996582e+01
   2.5913000e+06   3.2470703e+01
   2.5975280e+06   4.0344238e+01
   2.6028990e+06   4.4860840e+01
   2.6101900e+06   3.8818359e+01
   2.6245930e+06   6.6040039e+01
   2.6373400e+06   3.6437988e+01
   2.6431530e+06   6.2744141e+01
   2.6456030e+06   4.4128418e+01
   2.6462310e+06   3.7048340e+01
   2.6520520e+06   3.5278320e+01
   2.6548820e+06   6.4758301e+01
   2.6553240e+06   3.2470703e+01
   2.6591250e+06   3.9184570e+01
   2.6751260e+06   4.4128418e+01
   2.6801620e+06   4.1992188e+01
   2.6885360e+06   3.6743164e+01
   2.7324260e+06   3.8696289e+01
   2.7396580e+06   3.3874512e+01
   2.7412200e+06   3.7170410e+01
   2.7502470e+06   3.2958984e+01
   2.7503190e+06   4.8950195e+01
   2.7503740e+06   3.6254883e+01
   2.7504530e+06   3.4790039e+01
   2.7572220e+06   4.0405273e+01
   2.7634740e+06   6.3232422e+01
   2.7669100e+06   3.7658691e+01
   2.7774550e+06   4.1992188e+01
   2.7835950e+06   3.6376953e+01
   2.7943220e+06   3.8452148e+01
   2.7964820e+06   6.1889648e+01
   2.8146920e+06   4.5227051e+01
   2.8265870e+06   4.3762207e+01
   2.8392480e+06   3.7475586e+01
   2.8506780e+06   3.7719727e+01
   2.8637980e+06   3.4851074e+01
   2.8894700e+06   3.7719727e+01
   2.8983180e+06   3.3752441e+01
   2.9096170e+06   3.8940430e+01
   2.9326910e+06   4.0710449e+01
   2.9387910e+06   3.9062500e+01
   2.9443570e+06   7.1899414e+01
   2.9458740e+06   3.9123535e+01
   2.9519850e+06   3.3813477e+01
   2.9595790e+06   5.6396484e+01
   2.9596640e+06   4.3273926e+01
   2.9645610e+06   5.8349609e+01
   2.9650160e+06   3.5400391e+01
   2.9653440e+06   3.9855957e+01
   2.9653820e+06   3.4362793e+01
   2.9656350e+06   4.6386719e+01
   2.9742670e+06   3.7048340e+01
   2.9797640e+06   5.7617188e+01
   2.9826910e+06   3.6254883e+01
   2.9948180e+06   5.5664063e+01
   2.9976280e+06   3.5766602e+01
   3.0330830e+06   3.6132813e+01
   3.0394650e+06   3.8208008e+01
   3.0397730e+06   3.2836914e+01
   3.0410370e+06   3.9672852e+01
   3.0427970e+06   3.7170410e+01
   3.0468280e+06   3.9001465e+01
   3.0551640e+06   3.8269043e+01
   3.0553350e+06   3.3447266e+01
   3.0711100e+06   4.9072266e+01
   3.0722340e+06   3.8024902e+01
   3.0778470e+06   6.0119629e+01
   3.0797490e+06   3.3813477e+01
   3.0805480e+06   4.0283203e+01
   3.0843920e+06   6.2805176e+01
   3.1547120e+06   3.2287598e+01
   3.1585470e+06   6.2438965e+01
   3.1681860e+06   4.2053223e+01
   3.2015420e+06   3.7353516e+01
   3.2186180e+06   3.8879395e+01
   3.2229240e+06   4.1259766e+01
   3.2229430e+06   3.5461426e+01
   3.2275210e+06   3.5644531e+01
   3.2487020e+06   4.9621582e+01
   3.2582790e+06   3.3203125e+01
   3.2650720e+06   4.1137695e+01
   3.2701430e+06   3.5766602e+01
   3.3160650e+06   3.7719727e+01
   3.3180940e+06   3.7658691e+01
   3.3339200e+06   4.2846680e+01
   3.3372700e+06   5.5664063e+01
   3.3542620e+06   3.4118652e+01
   3.3598240e+06   6.8420410e+01
   3.3628790e+06   4.3151855e+01
   3.3955780e+06   3.3386230e+01
   3.4030100e+06   3.3325195e+01
   3.4133960e+06   3.3325195e+01
   3.4136910e+06   3.9428711e+01
   3.4621540e+06   4.0222168e+01
   3.4733420e+06   3.9733887e+01
   3.4859690e+06   4.1381836e+01
   3.4876780e+06   5.7556152e+01
   3.5148310e+06   4.4189453e+01
   3.5229910e+06   4.2114258e+01
   3.5239390e+06   3.4912109e+01
   3.5299220e+06   4.1320801e+01
   3.5356120e+06   3.8146973e+01
   3.5435580e+06   3.6193848e+01
   3.5504710e+06   5.4870605e+01
   3.5593860e+06   3.3752441e+01
   3.5689870e+06   3.7963867e+01
   3.5747120e+06   4.1931152e+01
   3.5880990e+06   3.9916992e+01
   3.5947100e+06   3.8085938e+01
   3.6013940e+06   3.5888672e+01
   3.6193970e+06   3.6376953e+01
   3.6472520e+06   3.2958984e+01
   3.6472970e+06   6.6650391e+01
   3.6473180e+06   4.4921875e+01
   3.6473390e+06   6.6040039e+01
   3.6473600e+06   6.0668945e+01
   3.6473740e+06   8.7829590e+01
   3.6473980e+06   1.8084717e+02
   3.6474140e+06   1.0070801e+02
   3.6474310e+06   1.5100098e+02
   3.6474580e+06   8.7158203e+01
   3.6474830e+06   6.7504883e+01
   3.6474950e+06   5.8044434e+01
   3.6475220e+06   5.0476074e+01
   3.6475880e+06   4.5471191e+01
   3.6476060e+06   3.5583496e+01
   3.6476250e+06   4.4616699e+01
   3.6476420e+06   4.4799805e+01
   3.6476800e+06   3.3081055e+01
   3.6476950e+06   5.5053711e+01
   3.6477290e+06   3.4484863e+01
   3.6477950e+06   3.4301758e+01
   3.6478150e+06   3.2531738e+01
   3.6478820e+06   4.7363281e+01
   3.6479570e+06   3.7780762e+01
   3.6480270e+06   3.3874512e+01
   3.6480480e+06   4.0466309e+01
   3.6481200e+06   3.4973145e+01
   3.6481520e+06   3.6193848e+01
   3.6481770e+06   3.4423828e+01
   3.6482610e+06   3.2348633e+01
   3.6483550e+06   3.3081055e+01
   3.6488540e+06   4.1870117e+01
   3.6769130e+06   4.0771484e+01
   3.6941460e+06   3.3508301e+01
   3.6955200e+06   3.3508301e+01
   3.7186260e+06   3.4545898e+01
   3.7309400e+06   3.2897949e+01
   3.7343470e+06   3.2470703e+01
   3.7410640e+06   6.1035156e+01
   3.7482740e+06   4.2480469e+01
   3.7549220e+06   4.9865723e+01
   3.7811560e+06   3.4606934e+01
   3.7904190e+06   6.3171387e+01
   3.7967990e+06   3.7902832e+01
   3.8065250e+06   3.7353516e+01
   3.8145880e+06   3.5705566e+01
   3.8260750e+06   3.7536621e+01
   3.8326660e+06   4.0039063e+01
   3.8386780e+06   3.6315918e+01
   3.8417440e+06   3.5278320e+01
   3.8578590e+06   4.0161133e+01
   3.8652000e+06   3.9733887e+01
   3.9025230e+06   4.1198730e+01
   3.9069940e+06   3.2348633e+01
   3.9276160e+06   3.7170410e+01
   3.9373990e+06   3.5217285e+01
   3.9455590e+06   3.9001465e+01
   3.9638010e+06   5.5114746e+01
   3.9650150e+06   3.6254883e+01
   3.9721420e+06   4.0283203e+01
   3.9847930e+06   3.8879395e+01
   3.9914350e+06   4.1198730e+01
   3.9969720e+06   3.4423828e+01
   4.0023410e+06   3.8024902e+01
   4.0077870e+06   3.7719727e+01
   4.0205860e+06   4.2907715e+01
   4.0275660e+06   3.9672852e+01
   4.0329960e+06   4.4860840e+01
   4.0616080e+06   3.2470703e+01
   4.0911320e+06   3.7902832e+01
   4.1161430e+06   4.3640137e+01
   4.1326850e+06   5.9265137e+01
   4.1533000e+06   3.8391113e+01
   4.1550700e+06   3.5888672e+01
   4.1953010e+06   3.9489746e+01
   4.2044120e+06   5.1635742e+01
   4.2048380e+06   3.6987305e+01
   4.2403080e+06   7.1533203e+01
   4.2681880e+06   3.8513184e+01
   4.2825090e+06   3.5705566e+01
   4.2937150e+06   3.6315918e+01
   4.3004090e+06   3.3935547e+01
   4.3072160e+06   3.9916992e+01
   4.3254580e+06   4.0039063e+01
   4.3419340e+06   4.1503906e+01
   4.3479610e+06   3.8024902e+01
   4.3675870e+06   3.6437988e+01
   4.4333360e+06   3.7475586e+01
   4.4417650e+06   4.0344238e+01
   4.4487220e+06   4.3029785e+01
   4.4684000e+06   3.4240723e+01
   4.4859770e+06   3.6254883e+01
   4.5086120e+06   3.8574219e+01
   4.5138850e+06   3.4484863e+01
   4.5194170e+06   3.3874512e+01
   4.5384660e+06   3.8269043e+01
   4.5492520e+06   4.1625977e+01
   4.5572410e+06   3.6132813e+01
   4.5586650e+06   3.7353516e+01
   4.5773070e+06   3.7597656e+01
   4.5828840e+06   3.3447266e+01
   4.5877990e+06   3.7658691e+01
   4.5929980e+06   4.0283203e+01
   4.5980630e+06   3.9123535e+01
   4.5997670e+06   6.7687988e+01
   4.6319560e+06   3.4790039e+01
   4.6421420e+06   3.8208008e+01
   4.6462900e+06   3.4240723e+01
   4.6734160e+06   3.6376953e+01
   4.6907830e+06   4.0466309e+01
   4.7664140e+06   3.4484863e+01
   4.8001290e+06   6.3171387e+01
   4.8095190e+06   3.5095215e+01
   4.8206750e+06   3.6010742e+01
   4.8294450e+06   3.3325195e+01
   4.8519130e+06   3.5522461e+01
   4.9420800e+06   3.5949707e+01
   4.9525350e+06   4.0649414e+01
   4.9569790e+06   4.0954590e+01
   4.9639380e+06   3.9245605e+01
   4.9707200e+06   3.4851074e+01
   4.9785020e+06   3.6193848e+01
   4.9857760e+06   4.2724609e+01
   4.9961210e+06   3.4912109e+01
   5.0024750e+06   4.1381836e+01
   5.0423520e+06   3.3325195e+01
   5.0852230e+06   3.6804199e+01
   5.0970680e+06   3.3813477e+01
   5.0975280e+06   3.4301758e+01
   5.0979470e+06   3.2775879e+01
   5.1088920e+06   3.9978027e+01
   5.1172520e+06   4.1625977e+01
   5.1316330e+06   3.6743164e+01
   5.1381280e+06   3.5461426e+01
   5.1508270e+06   3.6804199e+01
   5.1618320e+06   3.8574219e+01
   5.1848460e+06   5.7617188e+01
   5.2245400e+06   3.4362793e+01
   5.2679920e+06   3.4240723e+01
   5.2846150e+06   3.2287598e+01
   5.3679350e+06   3.6376953e+01
   5.3757870e+06   3.6682129e+01
   5.3847520e+06   3.7536621e+01
   5.3902560e+06   3.6071777e+01
   5.4093680e+06   3.8452148e+01
   5.4305620e+06   3.6437988e+01
   5.4391950e+06   3.4790039e+01
   5.4459400e+06   3.8146973e+01
   5.4614590e+06   3.7475586e+01
   5.5090700e+06   3.9489746e+01
   5.5143240e+06   3.3630371e+01
   5.5403030e+06   4.3579102e+01
   5.5595400e+06   3.5644531e+01
   5.5691040e+06   3.5766602e+01
   5.5886200e+06   3.7353516e+01
   5.5924150e+06   5.9692383e+01
   5.6373730e+06   4.1381836e+01
   5.6621330e+06   3.2653809e+01
   5.6761020e+06   3.3325195e+01
   5.7380680e+06   3.4667969e+01
   5.7609800e+06   3.4545898e+01
   5.7648960e+06   3.2531738e+01
   5.7739240e+06   3.6743164e+01
   5.7832200e+06   3.7414551e+01
   5.7883530e+06   3.4240723e+01
   5.7942680e+06   3.2958984e+01
   5.8061180e+06   3.7719727e+01
   5.8122750e+06   3.7597656e+01
   5.8450680e+06   3.4851074e+01
   5.8660390e+06   3.8879395e+01
   5.8748290e+06   3.7414551e+01
   5.9036170e+06   6.6894531e+01
   5.9192050e+06   5.1330566e+01
   5.9550450e+06   3.4118652e+01
   5.9599630e+06   3.5095215e+01
   5.9649240e+06   5.0476074e+01
   5.9759810e+06   3.8208008e+01
   5.9804080e+06   4.4372559e+01
   5.9915480e+06   3.4545898e+01
   6.0185920e+06   6.0241699e+01
   6.0187480e+06   3.6437988e+01
   6.0222680e+06   4.2419434e+01
   6.0415610e+06   3.3325195e+01
   6.0508610e+06   3.5644531e+01
   6.0590580e+06   6.2988281e+01
   6.0864730e+06   3.5156250e+01
   6.0990100e+06   5.4870605e+01
   6.1020940e+06   3.6193848e+01
   6.1099770e+06   4.1442871e+01
   6.2346600e+06   5.6518555e+01
   6.2579350e+06   3.3081055e+01
   6.2609540e+06   3.3020020e+01
   6.2832440e+06   3.3142090e+01
   6.3088020e+06   5.9387207e+01
   6.3171430e+06   5.5786133e+01
   6.3283860e+06   6.3171387e+01
   6.3440230e+06   3.6376953e+01
   6.3519880e+06   4.1992188e+01
   6.3607660e+06   3.3996582e+01
   6.3641090e+06   3.2653809e+01
   6.3709660e+06   4.3518066e+01
   6.3815950e+06   3.2409668e+01
   6.4052990e+06   4.2114258e+01
   6.4302860e+06   4.3334961e+01
   6.4308310e+06   5.2673340e+01
   6.4397330e+06   3.2775879e+01
   6.4493250e+06   5.9936523e+01
   6.4624750e+06   3.7963867e+01
   6.4672870e+06   3.6010742e+01
   6.4679880e+06   8.0810547e+01
   6.4720950e+06   3.4362793e+01
   6.4999780e+06   6.1645508e+01
   6.5046200e+06   3.5888672e+01
   6.5280540e+06   4.1076660e+01
   6.5334780e+06   3.3508301e+01
   6.5398400e+06   3.6132813e+01
   6.5464760e+06   3.6804199e+01
   6.5484260e+06   5.2917480e+01
   6.5527990e+06   3.6499023e+01
   6.5624880e+06   3.7292480e+01
   6.5707190e+06   3.7414551e+01
   6.5765100e+06   3.8757324e+01
   6.5835590e+06   3.6621094e+01
   6.6191450e+06   3.6254883e+01
   6.6248000e+06   3.9062500e+01
   6.6346940e+06   3.2775879e+01
   6.6393420e+06   4.0039063e+01
   6.6461940e+06   6.0974121e+01
   6.6465480e+06   3.6254883e+01
   6.6534520e+06   3.9306641e+01
   6.6744040e+06   4.6752930e+01
   6.6830010e+06   3.8330078e+01
   6.6894540e+06   3.6010742e+01
   6.7554420e+06   5.1696777e+01
   6.7779150e+06   4.0161133e+01
   6.7827930e+06   3.3569336e+01
   6.7954890e+06   3.2958984e+01
   6.8130690e+06   3.3996582e+01
   6.8227090e+06   4.4311523e+01
   6.8451550e+06   3.8818359e+01
   6.8790780e+06   3.8635254e+01
   6.8829690e+06   3.5278320e+01
   6.9356290e+06   3.9855957e+01
   6.9422560e+06   3.6437988e+01
   6.9462540e+06   4.3579102e+01
   6.9616490e+06   3.3447266e+01
   6.9678300e+06   3.6682129e+01
   6.9854220e+06   3.6621094e+01
   6.9938570e+06   3.2409668e+01
   7.0148890e+06   3.3874512e+01
   7.0194570e+06   3.9855957e+01
   7.0360020e+06   3.7658691e+01
   7.0785810e+06   3.3752441e+01
   7.0891750e+06   3.5705566e+01
   7.1077110e+06   3.8208008e+01
   7.1131060e+06   3.8635254e+01
   7.1186730e+06   3.4301758e+01
   7.1308680e+06   3.7536621e+01
   7.1702130e+06   3.7353516e+01
   7.1762470e+06   3.5461426e+01
   7.1833240e+06   4.0405273e+01
   7.2125130e+06   3.4667969e+01
   7.2170130e+06   3.2714844e+01
   7.2252140e+06   5.6213379e+01
   7.2741310e+06   3.7780762e+01
   7.2813510e+06   3.9733887e+01
   7.2904180e+06   3.6010742e+01
   7.2919040e+06   3.5217285e+01
   7.2976460e+06   3.2531738e+01
   7.3032220e+06   3.9367676e+01
   7.3467540e+06   3.3508301e+01
   7.3680790e+06   3.8452148e+01
   7.3852530e+06   4.0161133e+01
   7.4041230e+06   5.7922363e+01
   7.4321620e+06   3.4851074e+01
   7.4416600e+06   3.9306641e+01
   7.4504930e+06   4.0100098e+01
   7.5006450e+06   3.7109375e+01
   7.5185050e+06   3.9611816e+01
   7.5241510e+06   3.8085938e+01
   7.5479890e+06   3.5034180e+01
   7.5546730e+06   4.0649414e+01
   7.5871460e+06   3.4240723e+01
   7.5998000e+06   6.5185547e+01
   7.6384550e+06   3.5278320e+01
   7.6421310e+06   3.7170410e+01
   7.6491490e+06   7.0190430e+01
   7.6551260e+06   3.3081055e+01
   7.7194940e+06   3.7475586e+01
   7.7246490e+06   3.3874512e+01
   7.7533320e+06   4.8522949e+01
   7.7549480e+06   3.2653809e+01
   7.7944000e+06   5.6701660e+01
   7.8370940e+06   3.3630371e+01
   7.8592740e+06   4.0588379e+01
   8.0245110e+06   3.8513184e+01
   8.0314580e+06   4.0161133e+01
   8.0368580e+06   3.5644531e+01
   8.1191270e+06   3.4362793e+01
   8.1233750e+06   3.5461426e+01
   8.1345530e+06   3.3081055e+01
   8.1363150e+06   3.4240723e+01
   8.1486260e+06   5.4931641e+01
   8.1882530e+06   3.6376953e+01
   8.1903510e+06   3.3020020e+01
   8.2685230e+06   3.5217285e+01
   8.2919770e+06   5.0781250e+01
   8.3400660e+06   4.3212891e+01
   8.3511720e+06   3.6987305e+01
   8.4072750e+06   3.4851074e+01
   8.4673890e+06   3.7109375e+01
   8.4740950e+06   3.7719727e+01
   8.5241360e+06   3.3813477e+01
   8.5538670e+06   3.4912109e+01
   8.5879890e+06   3.6071777e+01
   8.6216330e+06   3.5888672e+01
   8.7130580e+06   3.4912109e+01
   8.7332640e+06   4.2175293e+01
   8.7358250e+06   4.9255371e+01
   8.8056010e+06   4.7302246e+01
   8.8392780e+06   3.3630371e+01
   8.8719810e+06   5.3588867e+01
   8.9448720e+06   3.3325195e+01
   8.9478020e+06   3.6804199e+01
   8.9820800e+06   4.1076660e+01
   9.0099010e+06   3.2836914e+01
   9.0274410e+06   3.7597656e+01
   9.0476660e+06   3.8391113e+01
   9.0613530e+06   3.4362793e+01
   9.0966010e+06   3.2531738e+01
   9.1007800e+06   3.8024902e+01
   9.2246920e+06   3.6132813e+01
   9.2386420e+06   3.3325195e+01
   9.2481840e+06   3.2348633e+01
   9.2562180e+06   3.4851074e+01
   9.2743160e+06   3.3081055e+01
   9.2801080e+06   3.7475586e+01
   9.3230510e+06   3.6926270e+01
   9.3336970e+06   3.4545898e+01
   9.3496770e+06   3.5034180e+01
   9.3687450e+06   3.4545898e+01
   9.3690320e+06   4.1625977e+01
   9.3698210e+06   3.7231445e+01
   9.3744400e+06   3.3691406e+01
   9.3852740e+06   3.9550781e+01
   9.3920550e+06   3.4179688e+01
   9.3941190e+06   3.2592773e+01
   9.4016040e+06   3.4545898e+01
   9.4057220e+06   3.2592773e+01
   9.4062340e+06   5.2307129e+01
   9.4170790e+06   3.6010742e+01
   9.4194510e+06   3.3386230e+01
   9.4346630e+06   3.3386230e+01
   9.5274670e+06   3.4179688e+01
   9.6029630e+06   3.3081055e+01
   9.6527210e+06   4.8767090e+01
   9.7579940e+06   3.7963867e+01
   9.7738900e+06   3.3447266e+01
   9.7889520e+06   3.6499023e+01
   9.8018130e+06   5.1879883e+01
   9.8169760e+06   3.3569336e+01
   9.8341060e+06   3.6315918e+01
   9.8702780e+06   3.6804199e+01
   9.9220370e+06   3.3142090e+01
   9.9408740e+06   5.6030273e+01
   9.9541680e+06   3.6010742e+01
   1.0080921e+07   3.2714844e+01
   1.0194959e+07   3.3020020e+01
   1.0208568e+07   3.6010742e+01
   1.0212416e+07   3.2409668e+01
   1.0252712e+07   4.8400879e+01
   1.0289766e+07   3.2409668e+01
   1.0332855e+07   3.7963867e+01
   1.0413535e+07   4.9865723e+01
   1.0439347e+07   3.3020020e+01
   1.0497582e+07   3.7231445e+01
   1.0566364e+07   3.6254883e+01
   1.0612797e+07   3.4301758e+01
   1.0670563e+07   3.3874512e+01
   1.0795776e+07   3.3447266e+01
   1.0858736e+07   3.6010742e+01
   1.0987156e+07   3.3203125e+01
   1.1064822e+07   7.8735352e+01
   1.1212103e+07   3.3935547e+01
   1.1453905e+07   3.3142090e+01
   1.1488317e+07   3.3325195e+01
   1.1517315e+07   7.7148438e+01
   1.1518119e+07   7.9956055e+01
   1.1596229e+07   4.7607422e+01
   1.1679706e+07   3.7719727e+01
   1.1686675e+07   3.4179688e+01
   1.1708815e+07   3.3020020e+01
   1.1858823e+07   4.6691895e+01
