   1.1999000e+07   0.0000000e+00
   8.5600000e+02   8.8989258e+01
   9.4800000e+02   6.8786621e+01
   1.1580000e+03   7.8491211e+01
   1.4330000e+03   7.7636719e+01
   1.6150000e+03   7.7819824e+01
   1.7020000e+03   7.1289063e+01
   3.1477000e+04   8.5571289e+01
   3.1524000e+04   6.8176270e+01
   7.0671000e+04   8.5021973e+01
   7.0760000e+04   7.0556641e+01
   1.0351600e+05   7.1228027e+01
   1.0361800e+05   7.7636719e+01
   1.3550700e+05   9.0759277e+01
   1.3556600e+05   8.4655762e+01
   1.6662700e+05   8.8500977e+01
   1.6677200e+05   1.0040283e+02
   2.0581300e+05   8.0139160e+01
   2.0591200e+05   9.7229004e+01
   2.0609300e+05   7.5683594e+01
   2.0629900e+05   7.9162598e+01
   2.0648100e+05   7.6599121e+01
   2.0664200e+05   6.9946289e+01
   2.0672500e+05   7.2387695e+01
   2.4010300e+05   8.5876465e+01
   2.4033700e+05   7.8918457e+01
   2.4062200e+05   8.5388184e+01
   2.4154600e+05   6.8481445e+01
   2.4161600e+05   7.1960449e+01
   2.8295100e+05   9.3139648e+01
   2.8307200e+05   6.9885254e+01
   2.8321000e+05   7.4218750e+01
   2.8350400e+05   7.0251465e+01
   2.8502100e+05   7.2937012e+01
   3.2945400e+05   8.2519531e+01
   3.2956800e+05   7.1411133e+01
   3.2976000e+05   7.8491211e+01
   3.3010200e+05   7.3242188e+01
   3.3146400e+05   7.7209473e+01
   3.3152000e+05   7.3730469e+01
   3.8244600e+05   7.1044922e+01
   3.8268700e+05   8.5266113e+01
   3.8293800e+05   6.8786621e+01
   4.1909600e+05   8.4655762e+01
   4.1920900e+05   6.7749023e+01
   4.1934300e+05   7.1289063e+01
   4.1966900e+05   8.1481934e+01
   4.2136800e+05   7.9711914e+01
   4.2147500e+05   7.4035645e+01
   4.2155100e+05   8.6425781e+01
   4.4907000e+05   7.8186035e+01
   4.4919100e+05   8.3374023e+01
   4.4942600e+05   8.3129883e+01
   4.4972200e+05   7.2448730e+01
   4.8121200e+05   8.9233398e+01
   4.8137800e+05   7.7514648e+01
   4.8150200e+05   8.5937500e+01
   4.8176300e+05   7.9223633e+01
   4.8216600e+05   7.1899414e+01
   5.0468800e+05   7.1594238e+01
   5.0479800e+05   6.7626953e+01
   5.0491900e+05   7.6171875e+01
   5.0520700e+05   7.3486328e+01
   5.0793100e+05   9.1735840e+01
   5.2839500e+05   9.1918945e+01
   5.2846900e+05   7.4340820e+01
   5.2863400e+05   7.7697754e+01
   5.2892000e+05   7.4951172e+01
   5.5110000e+05   9.6740723e+01
   5.5119400e+05   8.0688477e+01
   5.5129900e+05   9.5214844e+01
   5.5146000e+05   7.2021484e+01
   5.5386100e+05   8.2031250e+01
   5.7156500e+05   1.0821533e+02
   5.7165400e+05   7.4523926e+01
   5.7179800e+05   8.2275391e+01
   5.9224400e+05   9.2346191e+01
   5.9264100e+05   9.5214844e+01
   6.2106100e+05   7.3669434e+01
   6.2113800e+05   7.2692871e+01
   6.2123800e+05   7.6721191e+01
   6.2139300e+05   6.7504883e+01
   6.2267400e+05   7.8002930e+01
   6.5643200e+05   7.5256348e+01
   6.5654800e+05   7.6416016e+01
   6.5673200e+05   7.3364258e+01
   6.5691600e+05   7.0129395e+01
   6.8090600e+05   7.9345703e+01
   6.8123600e+05   8.3862305e+01
   6.8448400e+05   8.8623047e+01
   7.1508500e+05   9.8999023e+01
   7.1520300e+05   7.6538086e+01
   7.1533900e+05   7.5927734e+01
   7.1553200e+05   8.1420898e+01
   7.1927800e+05   8.7219238e+01
   7.4765900e+05   8.9782715e+01
   7.4780400e+05   7.7636719e+01
   7.4788600e+05   6.8908691e+01
   7.4803000e+05   6.8969727e+01
   7.6463300e+05   6.9702148e+01
   7.6475700e+05   7.0068359e+01
   7.6493600e+05   6.7626953e+01
   7.6551000e+05   8.2824707e+01
   7.6601600e+05   6.8664551e+01
   7.9801300e+05   7.5561523e+01
   7.9810300e+05   6.9702148e+01
   7.9839600e+05   8.4838867e+01
   8.1395400e+05   7.5195313e+01
   8.1403300e+05   7.2448730e+01
   8.3417900e+05   7.3669434e+01
   8.3430400e+05   7.3913574e+01
   8.3447600e+05   6.8237305e+01
   8.3475000e+05   6.8054199e+01
   8.6859500e+05   8.2946777e+01
   8.6874800e+05   8.0078125e+01
   8.6901500e+05   7.3608398e+01
   8.6965400e+05   8.0566406e+01
   8.7163100e+05   8.2824707e+01
   8.9555500e+05   7.8613281e+01
   8.9583500e+05   9.5153809e+01
   8.9605000e+05   7.2265625e+01
   9.1768300e+05   7.5622559e+01
   9.1806200e+05   7.1960449e+01
   9.2124200e+05   8.0383301e+01
   9.4266600e+05   9.1430664e+01
   9.4280200e+05   8.0261230e+01
   9.4296200e+05   7.8674316e+01
   9.4324100e+05   6.9274902e+01
   9.4559000e+05   7.4462891e+01
   9.8740400e+05   7.7331543e+01
   9.8751200e+05   8.5144043e+01
   9.8776100e+05   6.8298340e+01
   9.8806900e+05   8.3129883e+01
   9.9026400e+05   8.5754395e+01
   9.9219400e+05   8.6547852e+01
   1.0181480e+06   8.0993652e+01
   1.0182630e+06   7.7331543e+01
   1.0184290e+06   7.2326660e+01
   1.0186440e+06   8.3068848e+01
   1.0187830e+06   7.3974609e+01
   1.0218050e+06   8.6975098e+01
   1.0955980e+06   8.1359863e+01
   1.0957310e+06   7.8369141e+01
   1.0960140e+06   7.9833984e+01
   1.0964150e+06   7.5073242e+01
   1.0979140e+06   7.7819824e+01
   1.1327690e+06   8.1237793e+01
   1.1328350e+06   7.6354980e+01
   1.1331920e+06   7.0129395e+01
   1.1335230e+06   7.8186035e+01
   1.1525370e+06   8.2519531e+01
   1.1526510e+06   8.3190918e+01
   1.1528510e+06   7.9223633e+01
   1.1535040e+06   8.0566406e+01
   1.1561190e+06   7.9528809e+01
   1.1801330e+06   8.1909180e+01
   1.1802290e+06   6.9335938e+01
   1.1803340e+06   7.7148438e+01
   1.1805280e+06   8.9721680e+01
   1.1808320e+06   8.2275391e+01
   1.2515500e+06   9.1857910e+01
   1.2519870e+06   7.0251465e+01
   1.2523390e+06   7.6538086e+01
   1.2531430e+06   8.4167480e+01
   1.2888350e+06   8.4289551e+01
   1.2890950e+06   9.0148926e+01
   1.2936380e+06   9.4177246e+01
   1.3088370e+06   7.8247070e+01
   1.3090980e+06   7.7270508e+01
   1.3094780e+06   9.2224121e+01
   1.3268460e+06   8.2763672e+01
   1.3270240e+06   7.0617676e+01
   1.3273090e+06   8.3679199e+01
   1.3483450e+06   8.2946777e+01
   1.3529890e+06   9.1430664e+01
   1.3531620e+06   9.0881348e+01
   1.3532550e+06   8.3435059e+01
   1.3536140e+06   7.3486328e+01
   1.3735840e+06   7.8430176e+01
   1.3738980e+06   6.8786621e+01
   1.3743170e+06   9.2224121e+01
   1.4066630e+06   7.1716309e+01
   1.4068430e+06   7.6171875e+01
   1.4072080e+06   8.2763672e+01
   1.4083870e+06   9.1125488e+01
   1.4359040e+06   9.3078613e+01
   1.4360400e+06   8.8256836e+01
   1.4365390e+06   7.0495605e+01
   1.4839120e+06   7.7087402e+01
   1.4842870e+06   7.0373535e+01
   1.4849100e+06   7.1777344e+01
   1.5064040e+06   8.6364746e+01
   1.5067710e+06   8.4777832e+01
   1.5074820e+06   8.5632324e+01
   1.5709580e+06   6.8481445e+01
   1.5714180e+06   7.0495605e+01
   1.5721050e+06   8.1420898e+01
   1.5992220e+06   7.1166992e+01
   1.5994660e+06   7.8979492e+01
   1.6462380e+06   7.6599121e+01
   1.6810590e+06   7.6782227e+01
   1.6815850e+06   7.2143555e+01
   1.6816610e+06   8.3801270e+01
   1.7224930e+06   8.5937500e+01
   1.7236650e+06   8.2275391e+01
   1.7238950e+06   8.3129883e+01
   1.7240900e+06   7.8247070e+01
   1.7248280e+06   7.5622559e+01
   1.7649030e+06   7.6721191e+01
   1.7661070e+06   9.0759277e+01
   1.8356950e+06   8.9599609e+01
   1.8359980e+06   9.0332031e+01
   1.8361280e+06   7.1716309e+01
   1.8367640e+06   7.9101563e+01
   1.8370770e+06   8.3312988e+01
   1.8375430e+06   7.8613281e+01
   1.8957070e+06   7.8674316e+01
   1.8961570e+06   8.3190918e+01
   1.9140430e+06   7.7575684e+01
   1.9529490e+06   7.1228027e+01
   1.9534680e+06   8.4533691e+01
   1.9873370e+06   9.5214844e+01
   2.0372880e+06   8.3129883e+01
   2.0769560e+06   7.5927734e+01
   2.0771880e+06   7.9895020e+01
   2.0778670e+06   7.3181152e+01
   2.1003330e+06   8.3129883e+01
   2.1649360e+06   8.0505371e+01
   2.1980490e+06   9.2041016e+01
   2.2249890e+06   7.3181152e+01
   2.2253230e+06   7.7270508e+01
   2.2392310e+06   8.8806152e+01
   2.2395680e+06   8.2641602e+01
   2.2499210e+06   8.0383301e+01
   2.2505210e+06   7.8186035e+01
   2.2908920e+06   7.7026367e+01
   2.2920310e+06   8.0871582e+01
   2.3269020e+06   8.4960938e+01
   2.3272750e+06   7.2937012e+01
   2.3546700e+06   8.2763672e+01
   2.3552620e+06   7.5256348e+01
   2.3757210e+06   9.0026855e+01
   2.3761030e+06   8.4106445e+01
   2.4117740e+06   7.4523926e+01
   2.4285490e+06   8.5449219e+01
   2.4335300e+06   7.6354980e+01
   2.4338010e+06   8.6669922e+01
   2.4347430e+06   7.3425293e+01
   2.4709810e+06   8.0078125e+01
   2.4713630e+06   8.2885742e+01
   2.4717220e+06   6.8298340e+01
   2.5050380e+06   7.8186035e+01
   2.5438850e+06   6.9885254e+01
   2.5440750e+06   8.9965820e+01
   2.5443530e+06   7.0800781e+01
   2.5788400e+06   7.0068359e+01
   2.5916550e+06   8.4533691e+01
   2.5918360e+06   7.7453613e+01
   2.5921270e+06   8.1237793e+01
   2.6357660e+06   9.3444824e+01
   2.6361200e+06   9.4360352e+01
   2.6615120e+06   8.8195801e+01
   2.6619540e+06   8.0871582e+01
   2.6986360e+06   6.8725586e+01
   2.6990150e+06   8.8378906e+01
   2.6993710e+06   7.8063965e+01
   2.7412110e+06   8.6303711e+01
   2.7414040e+06   6.9091797e+01
   2.7416220e+06   7.7148438e+01
   2.7991790e+06   9.1125488e+01
   2.7996020e+06   8.0322266e+01
   2.8297640e+06   8.7036133e+01
   2.8735340e+06   8.2702637e+01
   2.8738080e+06   8.4899902e+01
   2.8956680e+06   8.0200195e+01
   2.8960280e+06   7.1105957e+01
   2.9400080e+06   7.3913574e+01
   2.9403320e+06   8.9294434e+01
   2.9656860e+06   7.7819824e+01
   2.9660090e+06   7.5805664e+01
   2.9935210e+06   7.4829102e+01
   2.9937910e+06   7.8491211e+01
   2.9945150e+06   9.1125488e+01
   3.0606230e+06   8.3801270e+01
   3.0608860e+06   7.0251465e+01
   3.1060980e+06   9.2041016e+01
   3.1064440e+06   8.1909180e+01
   3.1348320e+06   9.2895508e+01
   3.1351040e+06   8.3251953e+01
   3.1775700e+06   8.2885742e+01
   3.1779770e+06   8.3374023e+01
   3.2086440e+06   7.6110840e+01
   3.2091800e+06   6.7565918e+01
   3.2234810e+06   7.8857422e+01
   3.2237850e+06   8.3068848e+01
   3.2607520e+06   7.1655273e+01
   3.2610140e+06   7.8857422e+01
   3.2614990e+06   8.6853027e+01
   3.3157550e+06   8.2153320e+01
   3.3160010e+06   7.0861816e+01
   3.3437570e+06   8.2519531e+01
   3.3441210e+06   7.6721191e+01
   3.3455780e+06   8.7829590e+01
   3.3688010e+06   8.0383301e+01
   3.3692610e+06   8.5998535e+01
   3.4002150e+06   7.7636719e+01
   3.4005950e+06   6.8359375e+01
   3.4141740e+06   7.6538086e+01
   3.4144160e+06   8.1115723e+01
   3.4506940e+06   7.4279785e+01
   3.4509280e+06   7.5744629e+01
   3.4808300e+06   7.8491211e+01
   3.5156440e+06   7.4645996e+01
   3.5157870e+06   6.9091797e+01
   3.5739670e+06   8.0322266e+01
   3.5744030e+06   8.1481934e+01
   3.5749480e+06   8.0993652e+01
   3.6114820e+06   9.3994141e+01
   3.6122620e+06   7.3669434e+01
   3.6471430e+06   8.5449219e+01
   3.6472360e+06   1.0662842e+02
   3.6479580e+06   7.3913574e+01
   3.7395550e+06   6.8237305e+01
   3.7400620e+06   7.2143555e+01
   3.7660180e+06   7.5256348e+01
   3.7661450e+06   7.9956055e+01
   3.7663640e+06   7.0495605e+01
   3.7666670e+06   7.6721191e+01
   3.7865880e+06   7.5439453e+01
   3.7869690e+06   8.2824707e+01
   3.8065630e+06   8.2824707e+01
   3.8339710e+06   8.5021973e+01
   3.8342000e+06   7.9467773e+01
   3.8564590e+06   7.6904297e+01
   3.8790490e+06   7.2509766e+01
   3.8794870e+06   7.2204590e+01
   3.9110300e+06   8.5327148e+01
   3.9111860e+06   7.0190430e+01
   3.9504160e+06   8.3312988e+01
   3.9845620e+06   7.9711914e+01
   3.9847090e+06   7.2937012e+01
   3.9849440e+06   7.5500488e+01
   4.0272590e+06   7.3486328e+01
   4.0681110e+06   8.9111328e+01
   4.1650030e+06   8.9477539e+01
   4.1653310e+06   1.0253906e+02
   4.1887700e+06   8.3740234e+01
   4.2521890e+06   8.5388184e+01
   4.2908980e+06   8.9660645e+01
   4.3543830e+06   7.4157715e+01
   4.3897620e+06   8.0566406e+01
   4.4498690e+06   9.8266602e+01
   4.4994730e+06   7.5622559e+01
   4.5581820e+06   6.8664551e+01
   4.5751660e+06   7.5439453e+01
   4.6235030e+06   1.0351563e+02
   4.6241750e+06   8.5144043e+01
   4.7162410e+06   7.2021484e+01
   4.7480590e+06   6.8908691e+01
   4.7928570e+06   7.5012207e+01
   4.7932540e+06   8.4106445e+01
   4.8490470e+06   7.5622559e+01
   4.8493030e+06   8.3496094e+01
   4.9126120e+06   9.0759277e+01
   5.0348770e+06   8.0810547e+01
   5.0708950e+06   9.2041016e+01
   5.1189350e+06   7.5134277e+01
   5.1190540e+06   7.0007324e+01
   5.1618060e+06   6.7687988e+01
   5.1995060e+06   8.4899902e+01
   5.1998000e+06   8.5449219e+01
   5.2594480e+06   9.4055176e+01
   5.2596990e+06   7.5744629e+01
   5.2599830e+06   7.1777344e+01
   5.3341240e+06   8.5388184e+01
   5.3345650e+06   8.4350586e+01
   5.4061340e+06   9.2773438e+01
   5.4063540e+06   7.3913574e+01
   5.4832700e+06   6.9885254e+01
   5.4837290e+06   7.7270508e+01
   5.5478060e+06   7.9406738e+01
   5.5893980e+06   8.2031250e+01
   5.6832060e+06   8.4228516e+01
   5.7344190e+06   7.2875977e+01
   5.7346950e+06   8.6547852e+01
   5.7838300e+06   7.2753906e+01
   5.7840560e+06   7.8552246e+01
   5.8607460e+06   7.5744629e+01
   5.9180180e+06   8.1726074e+01
   5.9181720e+06   7.9528809e+01
   5.9185280e+06   7.7453613e+01
   5.9559080e+06   7.7087402e+01
   5.9561920e+06   7.8918457e+01
   5.9908900e+06   7.1899414e+01
   5.9911810e+06   7.7392578e+01
   6.0643320e+06   7.7575684e+01
   6.1281930e+06   8.6547852e+01
   6.1839650e+06   9.7106934e+01
   6.1841670e+06   8.3496094e+01
   6.2178440e+06   7.2998047e+01
   6.2181730e+06   8.9538574e+01
   6.2645730e+06   8.2031250e+01
   6.2649180e+06   8.1359863e+01
   6.2651750e+06   7.1533203e+01
   6.3284940e+06   8.4960938e+01
   6.3287660e+06   7.9406738e+01
   6.3579430e+06   8.2458496e+01
   6.4235810e+06   6.8908691e+01
   6.4237630e+06   8.4411621e+01
   6.4902370e+06   7.9101563e+01
   6.4905430e+06   9.1186523e+01
   6.5291340e+06   9.0332031e+01
   6.5293590e+06   9.5336914e+01
   6.5297280e+06   8.2885742e+01
   6.5807960e+06   8.5388184e+01
   6.5810840e+06   7.6721191e+01
   6.6237370e+06   7.5195313e+01
   6.6239500e+06   8.9599609e+01
   6.7113890e+06   9.0759277e+01
   6.7115680e+06   8.4228516e+01
   6.7604980e+06   9.7656250e+01
   6.7607670e+06   9.2285156e+01
   6.8192880e+06   8.3679199e+01
   6.8196300e+06   7.6293945e+01
   6.8554030e+06   7.9956055e+01
   6.9093530e+06   7.3425293e+01
   6.9096290e+06   8.5021973e+01
   6.9437540e+06   8.6364746e+01
   6.9678400e+06   7.4218750e+01
   6.9681530e+06   7.2204590e+01
   6.9976150e+06   6.9702148e+01
   6.9978770e+06   6.9274902e+01
   7.0288700e+06   7.2021484e+01
   7.0291430e+06   8.4289551e+01
   7.0700120e+06   6.9030762e+01
   7.0968730e+06   9.3627930e+01
   7.0971620e+06   8.2763672e+01
   7.1298900e+06   8.8195801e+01
   7.1301630e+06   7.9528809e+01
   7.1306910e+06   7.2021484e+01
   7.1619460e+06   1.0101318e+02
   7.2014440e+06   7.1228027e+01
   7.2318990e+06   7.7087402e+01
   7.2324870e+06   9.5458984e+01
   7.2634280e+06   8.2214355e+01
   7.2637520e+06   7.9284668e+01
   7.2990640e+06   7.3120117e+01
   7.3397600e+06   8.4777832e+01
   7.3888060e+06   8.3496094e+01
   7.3891180e+06   7.4523926e+01
   7.4499840e+06   7.5927734e+01
   7.4502940e+06   7.8491211e+01
   7.4862160e+06   8.8989258e+01
   7.5175800e+06   8.5144043e+01
   7.5525830e+06   7.1044922e+01
   7.5940020e+06   8.4411621e+01
   7.6235410e+06   8.7402344e+01
   7.6625160e+06   8.8745117e+01
   7.6628710e+06   8.6791992e+01
   7.6912890e+06   6.8176270e+01
   7.6915830e+06   7.0312500e+01
   7.7275960e+06   8.1298828e+01
   7.7278500e+06   7.2998047e+01
   7.7673370e+06   7.5927734e+01
   7.8103130e+06   8.9538574e+01
   7.8105870e+06   8.2031250e+01
   7.8415750e+06   8.1115723e+01
   7.9135010e+06   7.7270508e+01
   7.9545270e+06   7.7026367e+01
   7.9984410e+06   7.2021484e+01
   7.9987750e+06   7.8369141e+01
   8.0700030e+06   7.2082520e+01
   8.0701630e+06   6.8359375e+01
   8.0825310e+06   7.5256348e+01
   1.1139954e+07   8.3496094e+01
