   1.1999000e+07   0.0000000e+00
   8.4300000e+02   3.7658691e+01
   1.5070000e+03   4.3579102e+01
   1.6380000e+03   3.7353516e+01
   1.7020000e+03   5.3649902e+01
   1.7120000e+03   5.2062988e+01
   1.7440000e+03   4.2663574e+01
   1.7690000e+03   5.1574707e+01
   1.8040000e+03   4.7912598e+01
   1.8780000e+03   3.6010742e+01
   1.8970000e+03   4.3395996e+01
   1.9290000e+03   3.2775879e+01
   2.0970000e+03   3.4240723e+01
   2.8450000e+03   3.8208008e+01
   3.1512000e+04   3.9123535e+01
   3.1538000e+04   6.3293457e+01
   3.1558000e+04   3.6621094e+01
   3.1589000e+04   3.9550781e+01
   3.1606000e+04   7.8796387e+01
   3.1642000e+04   3.9184570e+01
   3.1681000e+04   4.7119141e+01
   3.1752000e+04   3.2409668e+01
   5.8049000e+04   3.4362793e+01
   7.0766000e+04   3.8024902e+01
   7.0778000e+04   3.8513184e+01
   7.0804000e+04   3.6315918e+01
   7.0830000e+04   6.0729980e+01
   7.0841000e+04   4.2663574e+01
   7.0858000e+04   5.1513672e+01
   7.0869000e+04   6.9030762e+01
   7.0912000e+04   6.2866211e+01
   7.1007000e+04   3.6865234e+01
   7.1059000e+04   3.5827637e+01
   7.1218000e+04   3.9978027e+01
   1.0173100e+05   3.6682129e+01
   1.0364600e+05   3.3386230e+01
   1.0366800e+05   3.3325195e+01
   1.0371500e+05   6.3842773e+01
   1.0373000e+05   7.8247070e+01
   1.0375400e+05   3.8208008e+01
   1.0377400e+05   3.9916992e+01
   1.0381900e+05   4.0832520e+01
   1.0383300e+05   3.4118652e+01
   1.0391300e+05   3.4118652e+01
   1.0399300e+05   3.3142090e+01
   1.0421700e+05   4.1625977e+01
   1.0425200e+05   3.2592773e+01
   1.3199200e+05   3.7780762e+01
   1.3553200e+05   3.2958984e+01
   1.3555000e+05   3.4973145e+01
   1.3558800e+05   6.0119629e+01
   1.3560500e+05   3.2836914e+01
   1.3561500e+05   3.3691406e+01
   1.3563600e+05   6.2377930e+01
   1.3569700e+05   3.6926270e+01
   1.3573100e+05   4.1931152e+01
   1.3575100e+05   3.4301758e+01
   1.3590400e+05   3.3203125e+01
   1.6678200e+05   3.4790039e+01
   1.6683600e+05   5.2795410e+01
   1.6687400e+05   3.8574219e+01
   1.6689100e+05   8.2824707e+01
   1.6692600e+05   5.9814453e+01
   1.6697800e+05   4.9560547e+01
   1.6700000e+05   5.5541992e+01
   1.6702300e+05   3.9550781e+01
   1.6711700e+05   3.5278320e+01
   1.6723200e+05   3.6254883e+01
   1.9482300e+05   3.2592773e+01
   2.0640400e+05   3.4606934e+01
   2.0663200e+05   5.2490234e+01
   2.0664600e+05   3.3264160e+01
   2.0666500e+05   6.0363770e+01
   2.0669000e+05   4.3945313e+01
   2.0671300e+05   4.0283203e+01
   2.0673400e+05   3.6926270e+01
   2.0676500e+05   6.9030762e+01
   2.0679000e+05   4.1564941e+01
   2.0680500e+05   3.7109375e+01
   2.0684200e+05   3.8879395e+01
   2.0687500e+05   3.7292480e+01
   2.0690000e+05   4.2114258e+01
   2.0693400e+05   3.3691406e+01
   2.0696300e+05   4.2053223e+01
   2.0704900e+05   3.3874512e+01
   2.0728900e+05   3.3386230e+01
   2.3540400e+05   3.5644531e+01
   2.4035500e+05   3.9978027e+01
   2.4065800e+05   3.8208008e+01
   2.4109100e+05   3.7353516e+01
   2.4160300e+05   4.4311523e+01
   2.4162600e+05   4.7119141e+01
   2.4164300e+05   3.9794922e+01
   2.4165600e+05   8.1359863e+01
   2.4170700e+05   3.4973145e+01
   2.4175600e+05   3.3935547e+01
   2.4176800e+05   4.1076660e+01
   2.4182400e+05   3.5766602e+01
   2.4192800e+05   3.4851074e+01
   2.4200300e+05   3.4240723e+01
   2.4576500e+05   4.1687012e+01
   2.7624300e+05   3.2836914e+01
   2.8308800e+05   3.4667969e+01
   2.8313300e+05   3.2409668e+01
   2.8347500e+05   4.4738770e+01
   2.8385300e+05   3.6865234e+01
   2.8509500e+05   6.0119629e+01
   2.8510900e+05   3.6132813e+01
   2.8512900e+05   6.6223145e+01
   2.8517300e+05   3.6560059e+01
   2.8519800e+05   4.3884277e+01
   2.8524700e+05   7.0190430e+01
   2.8527100e+05   4.5166016e+01
   2.8530400e+05   3.9123535e+01
   2.8532000e+05   3.2714844e+01
   2.8537500e+05   4.5532227e+01
   2.8539500e+05   3.2714844e+01
   2.8622600e+05   3.3020020e+01
   3.1195400e+05   3.4423828e+01
   3.2950100e+05   3.2714844e+01
   3.2969000e+05   3.7170410e+01
   3.3000500e+05   3.4606934e+01
   3.3143700e+05   3.4545898e+01
   3.3150300e+05   4.0344238e+01
   3.3152600e+05   4.0344238e+01
   3.3154300e+05   5.2612305e+01
   3.3157700e+05   6.8420410e+01
   3.3161300e+05   5.4443359e+01
   3.3164700e+05   4.5043945e+01
   3.3169700e+05   3.3630371e+01
   3.3189000e+05   3.2897949e+01
   3.6179000e+05   3.3447266e+01
   3.7583800e+05   3.6621094e+01
   3.8284200e+05   3.6804199e+01
   3.8414600e+05   4.0405273e+01
   3.8416100e+05   4.2968750e+01
   3.8418900e+05   8.6242676e+01
   3.8422100e+05   5.7495117e+01
   3.8424600e+05   3.3142090e+01
   3.8425900e+05   6.0424805e+01
   3.8427700e+05   4.1748047e+01
   3.8429800e+05   4.5837402e+01
   3.8433100e+05   3.6743164e+01
   3.8434700e+05   5.4626465e+01
   3.8440100e+05   3.5156250e+01
   3.8443000e+05   3.5766602e+01
   3.8444300e+05   3.8696289e+01
   3.8446900e+05   4.5898438e+01
   3.8459300e+05   3.3203125e+01
   4.1312700e+05   3.5827637e+01
   4.1931200e+05   3.4423828e+01
   4.1951600e+05   3.2836914e+01
   4.2135100e+05   3.6254883e+01
   4.2145300e+05   3.2958984e+01
   4.2147800e+05   4.6936035e+01
   4.2154100e+05   3.9367676e+01
   4.2156200e+05   6.1706543e+01
   4.2161800e+05   3.5522461e+01
   4.2165300e+05   3.3752441e+01
   4.2168600e+05   4.2541504e+01
   4.2171300e+05   5.8532715e+01
   4.2179300e+05   4.1076660e+01
   4.2182000e+05   3.8146973e+01
   4.2204000e+05   3.2409668e+01
   4.4927200e+05   3.3691406e+01
   4.7284500e+05   3.2531738e+01
   4.8141700e+05   3.5949707e+01
   4.9563100e+05   3.9733887e+01
   5.0493400e+05   3.4973145e+01
   5.0514200e+05   4.7363281e+01
   5.2844800e+05   3.6010742e+01
   5.2865400e+05   3.2531738e+01
   5.5113000e+05   3.4912109e+01
   5.7159600e+05   3.6193848e+01
   5.7173000e+05   3.4362793e+01
   5.7590400e+05   3.7963867e+01
   5.8155600e+05   4.0771484e+01
   5.9278700e+05   3.5888672e+01
   6.0178500e+05   3.3142090e+01
   6.2108300e+05   3.2470703e+01
   6.2139100e+05   3.5827637e+01
   6.5648600e+05   4.0344238e+01
   6.5664000e+05   4.3457031e+01
   6.5686600e+05   3.4423828e+01
   6.8160900e+05   4.0100098e+01
   7.1510100e+05   3.4729004e+01
   7.1533600e+05   3.5278320e+01
   7.1998100e+05   3.4973145e+01
   7.3604200e+05   3.4606934e+01
   7.4782200e+05   3.9978027e+01
   7.4788900e+05   3.2409668e+01
   7.6465200e+05   4.0771484e+01
   7.6495600e+05   3.5461426e+01
   8.1425700e+05   3.2897949e+01
   8.1435600e+05   3.2531738e+01
   8.3450200e+05   3.7414551e+01
   8.3479600e+05   3.7963867e+01
   8.6860200e+05   3.3386230e+01
   8.9581600e+05   3.3874512e+01
   9.1684600e+05   3.5583496e+01
   9.1827100e+05   3.9916992e+01
   9.8773900e+05   4.2297363e+01
   9.8818100e+05   3.3874512e+01
   9.9220600e+05   3.3325195e+01
   1.0136070e+06   3.3203125e+01
   1.0185950e+06   3.4057617e+01
   1.0471920e+06   3.3630371e+01
   1.0717350e+06   3.4057617e+01
   1.0861730e+06   3.4484863e+01
   1.0956100e+06   3.2653809e+01
   1.0957610e+06   3.2470703e+01
   1.1328680e+06   3.3020020e+01
   1.1330390e+06   3.8635254e+01
   1.1332180e+06   3.5949707e+01
   1.1801520e+06   3.3325195e+01
   1.1941000e+06   3.2653809e+01
   1.2515980e+06   3.4790039e+01
   1.2891400e+06   4.3090820e+01
   1.3095140e+06   3.6376953e+01
   1.3251560e+06   3.3569336e+01
   1.3270170e+06   3.3325195e+01
   1.3470830e+06   3.2653809e+01
   1.3491670e+06   3.3325195e+01
   1.3536120e+06   3.4851074e+01
   1.3736000e+06   4.1259766e+01
   1.4072170e+06   3.3813477e+01
   1.4360400e+06   3.7353516e+01
   1.4743610e+06   3.2409668e+01
   1.4839110e+06   3.4179688e+01
   1.5370320e+06   3.4118652e+01
   1.5992340e+06   3.3935547e+01
   1.6807470e+06   3.7109375e+01
   1.6816140e+06   3.5583496e+01
   1.7225700e+06   3.3508301e+01
   1.9846650e+06   4.0222168e+01
   2.0801980e+06   3.4179688e+01
   2.1539910e+06   3.2531738e+01
   2.1649080e+06   3.5339355e+01
   2.2396250e+06   3.4057617e+01
   2.3273210e+06   3.3508301e+01
   2.4117270e+06   3.3325195e+01
   2.4337100e+06   3.2592773e+01
   2.4714130e+06   3.3386230e+01
   2.4783060e+06   3.3325195e+01
   2.5049710e+06   3.5949707e+01
   2.5052290e+06   3.3386230e+01
   2.5523470e+06   3.4484863e+01
   2.5918570e+06   3.6865234e+01
   2.5921180e+06   3.2592773e+01
   2.6361350e+06   3.4179688e+01
   2.6616410e+06   3.6315918e+01
   2.8179400e+06   3.9978027e+01
   2.8289510e+06   3.6987305e+01
   2.8310180e+06   3.4240723e+01
   2.8735560e+06   3.6865234e+01
   2.8960300e+06   3.2409668e+01
   2.9561360e+06   3.4912109e+01
   2.9655950e+06   4.7424316e+01
   2.9659760e+06   3.6193848e+01
   3.0164630e+06   3.3020020e+01
   3.1064510e+06   3.3996582e+01
   3.1687630e+06   3.3874512e+01
   3.1780250e+06   3.3386230e+01
   3.2097760e+06   3.3813477e+01
   3.4144360e+06   3.3935547e+01
   3.4506640e+06   3.7414551e+01
   3.4975780e+06   3.7597656e+01
   3.5156690e+06   3.8513184e+01
   3.5742550e+06   3.3447266e+01
   3.6307610e+06   3.2714844e+01
   3.6472090e+06   4.9743652e+01
   3.6472490e+06   3.4729004e+01
   3.6472830e+06   4.5104980e+01
   3.6473330e+06   3.5339355e+01
   3.6473720e+06   4.2541504e+01
   3.6474040e+06   4.1809082e+01
   3.6474640e+06   3.8208008e+01
   3.6475030e+06   5.0476074e+01
   3.6475400e+06   3.7536621e+01
   3.6478340e+06   3.9123535e+01
   3.6480390e+06   3.3203125e+01
   3.6481340e+06   3.3630371e+01
   3.6483570e+06   3.6071777e+01
   3.9845860e+06   3.2592773e+01
   4.8492880e+06   3.5766602e+01
   5.1190560e+06   3.9245605e+01
   5.1578630e+06   3.3996582e+01
   5.1659970e+06   3.3386230e+01
   5.1995540e+06   3.3752441e+01
   5.1998990e+06   3.3752441e+01
   5.6427550e+06   3.3996582e+01
   5.9181520e+06   3.4729004e+01
   5.9184860e+06   3.7170410e+01
   5.9911640e+06   3.3630371e+01
   6.0130010e+06   3.3203125e+01
   6.2181630e+06   3.5278320e+01
   6.2651010e+06   3.5827637e+01
   6.2714580e+06   3.5217285e+01
   6.3576550e+06   3.2836914e+01
   6.4237160e+06   3.3020020e+01
   6.6240330e+06   3.3264160e+01
   6.6687350e+06   3.3691406e+01
   6.8554150e+06   3.3020020e+01
   6.8773970e+06   3.6193848e+01
   6.9095400e+06   3.7292480e+01
   6.9981870e+06   3.6499023e+01
   7.4865450e+06   3.4729004e+01
   7.5175940e+06   3.2958984e+01
   7.5525620e+06   3.3813477e+01
   7.7276650e+06   3.4240723e+01
   7.7339890e+06   3.5339355e+01
   8.6422610e+06   3.4057617e+01
