   1.1999000e+07   0.0000000e+00
   1.9460000e+03   3.0639648e+01
   1.9680000e+03   3.5888672e+01
   2.0000000e+03   3.0822754e+01
   2.0380000e+03   2.8930664e+01
   2.0880000e+03   2.8686523e+01
   2.1840000e+03   2.8198242e+01
   3.1076000e+04   3.8146973e+01
   3.1174000e+04   3.3752441e+01
   3.1243000e+04   2.8076172e+01
   3.1262000e+04   2.8625488e+01
   3.1313000e+04   2.7893066e+01
   7.0186000e+04   2.7709961e+01
   7.0389000e+04   2.9174805e+01
   7.0454000e+04   3.1188965e+01
   7.0499000e+04   2.8930664e+01
   7.0558000e+04   3.1799316e+01
   7.0573000e+04   2.8015137e+01
   7.0595000e+04   3.3691406e+01
   7.0800000e+04   2.8198242e+01
   1.0320200e+05   3.3020020e+01
   1.0326500e+05   3.7292480e+01
   1.0339000e+05   2.7954102e+01
   1.0342500e+05   3.2531738e+01
   1.0356300e+05   2.9479980e+01
   1.0365300e+05   2.8869629e+01
   1.3518700e+05   3.6132813e+01
   1.3536800e+05   3.1250000e+01
   1.6608800e+05   2.9907227e+01
   1.6639000e+05   3.4423828e+01
   1.6653300e+05   2.9724121e+01
   1.6689000e+05   3.1127930e+01
   2.0613400e+05   2.8991699e+01
   2.0630800e+05   2.8564453e+01
   2.0646200e+05   3.2043457e+01
   2.0660400e+05   3.2958984e+01
   2.0661600e+05   2.9357910e+01
   2.4109800e+05   3.4545898e+01
   2.4123000e+05   3.0944824e+01
   2.4155300e+05   3.4545898e+01
   2.8490000e+05   2.8747559e+01
   3.3135700e+05   3.8574219e+01
   3.3142200e+05   3.2531738e+01
   3.6997200e+05   2.8625488e+01
   3.8398400e+05   2.7526855e+01
   3.8408900e+05   2.8442383e+01
   3.8415400e+05   4.2114258e+01
   3.8434900e+05   3.0944824e+01
   4.2112900e+05   2.9174805e+01
   4.2116900e+05   3.6743164e+01
   4.2128000e+05   3.2470703e+01
   5.1692800e+05   2.7709961e+01
   5.4599100e+05   2.9296875e+01
   9.9089000e+05   2.7404785e+01
   1.0422320e+06   2.7954102e+01
   2.2498040e+06   2.8137207e+01
   3.6471770e+06   3.0334473e+01
   3.6472120e+06   2.7343750e+01
