   1.1999000e+07   0.0000000e+00
   1.3990000e+03   3.5461426e+01
   1.5510000e+03   7.8002930e+01
   1.5830000e+03   3.8757324e+01
   1.6720000e+03   6.9519043e+01
   1.6890000e+03   5.7861328e+01
   1.7180000e+03   1.2738037e+02
   1.7540000e+03   1.3592529e+02
   1.7760000e+03   5.1391602e+01
   1.8040000e+03   3.9428711e+01
   1.8250000e+03   6.0546875e+01
   1.9090000e+03   4.1748047e+01
   2.0010000e+03   3.7902832e+01
   3.1489000e+04   5.6335449e+01
   3.1508000e+04   4.4372559e+01
   3.1537000e+04   7.9284668e+01
   3.1567000e+04   1.2060547e+02
   3.1587000e+04   6.0729980e+01
   3.1602000e+04   4.0954590e+01
   3.1625000e+04   3.6010742e+01
   3.1645000e+04   3.7048340e+01
   3.1671000e+04   4.1748047e+01
   3.1705000e+04   4.1625977e+01
   3.1772000e+04   4.8706055e+01
   3.1914000e+04   5.3955078e+01
   7.0732000e+04   4.8645020e+01
   7.0759000e+04   3.5644531e+01
   7.0781000e+04   4.0954590e+01
   7.0803000e+04   1.4801025e+02
   7.0823000e+04   9.0515137e+01
   7.0833000e+04   1.1022949e+02
   7.0860000e+04   6.2194824e+01
   7.0882000e+04   5.1147461e+01
   7.0901000e+04   6.5063477e+01
   7.0913000e+04   3.7231445e+01
   7.0943000e+04   3.4484863e+01
   7.0981000e+04   5.0537109e+01
   7.0994000e+04   4.9316406e+01
   7.1086000e+04   6.5917969e+01
   1.0357000e+05   3.6682129e+01
   1.0359900e+05   4.8706055e+01
   1.0363600e+05   6.5185547e+01
   1.0364800e+05   5.3405762e+01
   1.0368000e+05   1.2048340e+02
   1.0370000e+05   7.1411133e+01
   1.0371000e+05   6.8542480e+01
   1.0375300e+05   5.7373047e+01
   1.0377000e+05   5.7067871e+01
   1.0378300e+05   4.8278809e+01
   1.0379900e+05   3.8879395e+01
   1.0382300e+05   3.3996582e+01
   1.0387900e+05   3.5522461e+01
   1.3553300e+05   6.2683105e+01
   1.3554300e+05   4.7241211e+01
   1.3557600e+05   9.1796875e+01
   1.3559000e+05   4.7424316e+01
   1.3561300e+05   1.2823486e+02
   1.3562900e+05   4.1625977e+01
   1.3564000e+05   3.9855957e+01
   1.3566600e+05   4.9621582e+01
   1.3568300e+05   4.0527344e+01
   1.3570600e+05   3.5827637e+01
   1.3576900e+05   5.5969238e+01
   1.3578000e+05   3.9123535e+01
   1.3588100e+05   4.1076660e+01
   1.3596000e+05   4.3212891e+01
   1.6661500e+05   4.2602539e+01
   1.6679200e+05   4.1503906e+01
   1.6682400e+05   6.1950684e+01
   1.6683700e+05   1.2573242e+02
   1.6686800e+05   1.1773682e+02
   1.6689300e+05   7.1289063e+01
   1.6691400e+05   6.0974121e+01
   1.6692500e+05   4.9743652e+01
   1.6694400e+05   3.8696289e+01
   1.6697400e+05   5.4748535e+01
   1.6704400e+05   3.4362793e+01
   1.6708300e+05   3.7597656e+01
   1.6711200e+05   3.4484863e+01
   1.6733600e+05   3.5522461e+01
   1.9462700e+05   6.3171387e+01
   2.0641300e+05   4.5776367e+01
   2.0645800e+05   3.7475586e+01
   2.0658100e+05   4.0222168e+01
   2.0660700e+05   6.1706543e+01
   2.0669000e+05   3.4362793e+01
   2.0670600e+05   3.9184570e+01
   2.0672300e+05   9.2712402e+01
   2.0674000e+05   1.0040283e+02
   2.0680000e+05   3.9794922e+01
   2.0684000e+05   5.1513672e+01
   2.0685600e+05   5.4443359e+01
   2.0688000e+05   3.6499023e+01
   2.4108400e+05   5.8349609e+01
   2.4151200e+05   4.3212891e+01
   2.4154900e+05   3.5461426e+01
   2.4156500e+05   3.5339355e+01
   2.4159600e+05   4.8461914e+01
   2.4161900e+05   5.1818848e+01
   2.4165100e+05   1.1376953e+02
   2.4167900e+05   3.7170410e+01
   2.4171600e+05   8.2031250e+01
   2.4174100e+05   3.6926270e+01
   2.4176400e+05   4.4494629e+01
   2.4181000e+05   6.2561035e+01
   2.4185400e+05   3.6682129e+01
   2.4187800e+05   3.6560059e+01
   2.4194200e+05   3.4790039e+01
   2.8297200e+05   3.5766602e+01
   2.8388100e+05   6.2744141e+01
   2.8500500e+05   4.1564941e+01
   2.8503200e+05   4.1442871e+01
   2.8504600e+05   3.8940430e+01
   2.8506500e+05   3.6132813e+01
   2.8509700e+05   8.0810547e+01
   2.8511600e+05   6.4392090e+01
   2.8514800e+05   4.1992188e+01
   2.8519200e+05   4.9621582e+01
   2.8524300e+05   4.2053223e+01
   2.8526100e+05   5.4443359e+01
   2.8529000e+05   3.7902832e+01
   2.8538100e+05   6.1645508e+01
   3.0794500e+05   6.8847656e+01
   3.2493400e+05   7.0983887e+01
   3.3081400e+05   6.8969727e+01
   3.3142000e+05   3.5888672e+01
   3.3143800e+05   6.4636230e+01
   3.3145100e+05   3.9672852e+01
   3.3149800e+05   1.0205078e+02
   3.3152200e+05   5.7128906e+01
   3.3153500e+05   6.4147949e+01
   3.3154600e+05   3.7353516e+01
   3.3158600e+05   6.6345215e+01
   3.3161300e+05   4.8095703e+01
   3.3164300e+05   8.2641602e+01
   3.3166000e+05   4.6752930e+01
   3.3167400e+05   6.4331055e+01
   3.3171100e+05   3.4667969e+01
   3.3176400e+05   5.0048828e+01
   3.4745800e+05   6.4147949e+01
   3.4769900e+05   5.4138184e+01
   3.7878600e+05   5.8776855e+01
   3.8287900e+05   6.2988281e+01
   3.8317500e+05   3.5217285e+01
   3.8407700e+05   3.5156250e+01
   3.8411800e+05   3.8818359e+01
   3.8413600e+05   3.7963867e+01
   3.8416000e+05   3.3935547e+01
   3.8417300e+05   7.7575684e+01
   3.8419100e+05   1.0559082e+02
   3.8421100e+05   7.6782227e+01
   3.8423500e+05   4.7607422e+01
   3.8424900e+05   5.8349609e+01
   3.8430700e+05   5.4321289e+01
   3.8432400e+05   3.9062500e+01
   3.8434300e+05   3.5278320e+01
   3.8437400e+05   3.6010742e+01
   3.8441900e+05   3.4118652e+01
   3.8444300e+05   3.7109375e+01
   4.0451700e+05   7.1166992e+01
   4.0956700e+05   6.5002441e+01
   4.1936500e+05   4.2114258e+01
   4.2000300e+05   7.0007324e+01
   4.2121100e+05   6.5124512e+01
   4.2132900e+05   6.1889648e+01
   4.2152400e+05   9.1979980e+01
   4.2155100e+05   4.4738770e+01
   4.2156400e+05   3.4912109e+01
   4.2160300e+05   3.7658691e+01
   4.2164600e+05   7.5500488e+01
   4.2167400e+05   7.6110840e+01
   4.2170100e+05   4.4250488e+01
   4.2174800e+05   3.6499023e+01
   4.2183200e+05   3.7536621e+01
   4.2191100e+05   5.5847168e+01
   4.4850000e+05   7.2998047e+01
   4.4908200e+05   4.1137695e+01
   4.8219400e+05   7.1350098e+01
   4.8316600e+05   3.4606934e+01
   4.8575000e+05   6.4453125e+01
   5.0045600e+05   6.0363770e+01
   5.0493500e+05   4.2236328e+01
   5.0521000e+05   3.7719727e+01
   5.2602600e+05   7.1166992e+01
   5.2876600e+05   3.4484863e+01
   5.3614500e+05   6.8481445e+01
   5.4937600e+05   6.7871094e+01
   5.5129200e+05   3.5034180e+01
   5.5130600e+05   3.8146973e+01
   5.5142400e+05   4.0527344e+01
   5.5246500e+05   3.4851074e+01
   5.6884200e+05   5.8349609e+01
   5.7204400e+05   3.6315918e+01
   5.7219100e+05   3.4240723e+01
   5.9179400e+05   7.0068359e+01
   5.9275300e+05   4.3457031e+01
   5.9447600e+05   3.6926270e+01
   6.0250000e+05   7.3181152e+01
   6.2108100e+05   4.0161133e+01
   6.2124500e+05   3.6071777e+01
   6.2147000e+05   3.8818359e+01
   6.2631800e+05   6.4819336e+01
   6.3522500e+05   5.8288574e+01
   6.4729900e+05   5.9326172e+01
   6.5655800e+05   4.1687012e+01
   6.5703500e+05   3.9672852e+01
   6.5822400e+05   3.6376953e+01
   6.5960900e+05   6.8115234e+01
   6.6539500e+05   6.2133789e+01
   6.8132500e+05   6.7993164e+01
   6.9220800e+05   6.0668945e+01
   7.0873000e+05   6.1523438e+01
   7.1533300e+05   3.9306641e+01
   7.1534800e+05   3.6743164e+01
   7.1544200e+05   5.5725098e+01
   7.1557200e+05   3.6376953e+01
   7.1922700e+05   3.5156250e+01
   7.3417000e+05   7.0068359e+01
   7.4779200e+05   4.6936035e+01
   7.4787200e+05   3.6376953e+01
   7.5005200e+05   6.7810059e+01
   7.5146900e+05   3.5949707e+01
   7.5607200e+05   6.9885254e+01
   7.6007300e+05   7.5683594e+01
   7.6472600e+05   3.9611816e+01
   7.7816400e+05   6.2194824e+01
   7.8362500e+05   5.3405762e+01
   7.9032700e+05   6.2438965e+01
   7.9574400e+05   3.5278320e+01
   7.9801400e+05   3.6560059e+01
   7.9806300e+05   3.6315918e+01
   8.0180700e+05   3.6682129e+01
   8.1409500e+05   3.8635254e+01
   8.1428500e+05   3.5400391e+01
   8.1691400e+05   7.0495605e+01
   8.2684000e+05   6.8176270e+01
   8.2739500e+05   7.1289063e+01
   8.3427000e+05   3.5217285e+01
   8.3453500e+05   3.4729004e+01
   8.3797700e+05   5.9143066e+01
   8.5163900e+05   7.4584961e+01
   8.6065600e+05   6.6101074e+01
   8.6529900e+05   6.7260742e+01
   8.6865400e+05   4.3518066e+01
   8.6877200e+05   4.7058105e+01
   8.6909600e+05   6.8542480e+01
   8.7700000e+05   5.9326172e+01
   8.8524900e+05   6.4086914e+01
   8.8546600e+05   5.1208496e+01
   8.8947500e+05   6.2988281e+01
   8.9581100e+05   6.1401367e+01
   8.9583000e+05   3.6865234e+01
   8.9585900e+05   3.4118652e+01
   8.9608400e+05   3.4362793e+01
   9.0389900e+05   6.8115234e+01
   9.0860000e+05   6.9641113e+01
   9.1773600e+05   3.4912109e+01
   9.2131100e+05   3.8391113e+01
   9.2623500e+05   6.1035156e+01
   9.3800900e+05   7.5683594e+01
   9.4005500e+05   6.5063477e+01
   9.4278200e+05   3.8330078e+01
   9.4302100e+05   3.4179688e+01
   9.4583300e+05   6.1889648e+01
   9.6006600e+05   6.2866211e+01
   9.7182400e+05   5.5358887e+01
   9.7258700e+05   6.6772461e+01
   9.8744900e+05   3.6621094e+01
   9.8773300e+05   4.1320801e+01
   9.8782600e+05   6.7260742e+01
   9.8801600e+05   3.4179688e+01
   9.8866400e+05   3.8635254e+01
   9.9820700e+05   6.9824219e+01
   1.0054300e+06   5.5053711e+01
   1.0131790e+06   6.5368652e+01
   1.0181250e+06   3.6682129e+01
   1.0181740e+06   3.4179688e+01
   1.0271960e+06   7.0434570e+01
   1.0344330e+06   3.5156250e+01
   1.0369470e+06   6.9641113e+01
   1.0458620e+06   6.4880371e+01
   1.0473130e+06   5.6396484e+01
   1.0623620e+06   5.6091309e+01
   1.0626460e+06   4.9499512e+01
   1.0771080e+06   6.4331055e+01
   1.0837710e+06   3.4851074e+01
   1.0884560e+06   6.3354492e+01
   1.0954100e+06   6.0363770e+01
   1.0956920e+06   3.4179688e+01
   1.0957570e+06   3.5156250e+01
   1.1029210e+06   6.2011719e+01
   1.1035220e+06   6.0302734e+01
   1.1133340e+06   6.5063477e+01
   1.1288580e+06   6.0241699e+01
   1.1335540e+06   4.1076660e+01
   1.1397990e+06   5.8898926e+01
   1.1411740e+06   5.2978516e+01
   1.1525380e+06   3.4484863e+01
   1.1526450e+06   4.0466309e+01
   1.1535750e+06   3.5461426e+01
   1.1590490e+06   6.3598633e+01
   1.1597910e+06   5.9509277e+01
   1.1672370e+06   5.7739258e+01
   1.1742800e+06   6.1340332e+01
   1.1801740e+06   3.7292480e+01
   1.1862200e+06   7.2692871e+01
   1.1926450e+06   5.7678223e+01
   1.2009520e+06   7.5317383e+01
   1.2094740e+06   7.0129395e+01
   1.2120770e+06   7.2082520e+01
   1.2229210e+06   6.2927246e+01
   1.2309550e+06   7.0861816e+01
   1.2385920e+06   6.5979004e+01
   1.2443580e+06   6.4147949e+01
   1.2468010e+06   6.4208984e+01
   1.2567100e+06   7.0495605e+01
   1.2628750e+06   5.8471680e+01
   1.2633150e+06   6.4392090e+01
   1.2664010e+06   6.2133789e+01
   1.2727350e+06   3.7597656e+01
   1.2846520e+06   6.1218262e+01
   1.2879090e+06   6.4514160e+01
   1.2891510e+06   3.5156250e+01
   1.2911090e+06   3.4301758e+01
   1.2982140e+06   5.5480957e+01
   1.3021590e+06   5.4260254e+01
   1.3094900e+06   3.8085938e+01
   1.3145110e+06   6.0974121e+01
   1.3329940e+06   5.3588867e+01
   1.3366330e+06   8.9965820e+01
   1.3420800e+06   6.4575195e+01
   1.3513640e+06   6.7382813e+01
   1.3530580e+06   3.6804199e+01
   1.3532460e+06   3.8269043e+01
   1.3649050e+06   6.6223145e+01
   1.3735720e+06   3.5827637e+01
   1.3798050e+06   6.1218262e+01
   1.3827590e+06   6.7138672e+01
   1.3917730e+06   6.8908691e+01
   1.3951280e+06   6.1767578e+01
   1.4051850e+06   6.1767578e+01
   1.4068360e+06   3.8696289e+01
   1.4071910e+06   3.4790039e+01
   1.4072980e+06   3.5583496e+01
   1.4122110e+06   6.8420410e+01
   1.4176090e+06   5.7678223e+01
   1.4234010e+06   5.6823730e+01
   1.4301060e+06   6.8420410e+01
   1.4334270e+06   5.5297852e+01
   1.4360470e+06   3.8146973e+01
   1.4361140e+06   3.4912109e+01
   1.4441320e+06   6.1584473e+01
   1.4493450e+06   7.4157715e+01
   1.4562840e+06   6.7138672e+01
   1.4634490e+06   6.0119629e+01
   1.4660110e+06   6.7443848e+01
   1.4731920e+06   6.1279297e+01
   1.4734350e+06   6.4758301e+01
   1.4811500e+06   6.0119629e+01
   1.4849430e+06   3.6132813e+01
   1.4914140e+06   5.9265137e+01
   1.4970730e+06   6.1828613e+01
   1.5003070e+06   5.9753418e+01
   1.5061060e+06   6.2011719e+01
   1.5126900e+06   7.3425293e+01
   1.5149700e+06   5.9509277e+01
   1.5240600e+06   6.0913086e+01
   1.5259440e+06   3.4179688e+01
   1.5269010e+06   5.8166504e+01
   1.5304610e+06   7.1594238e+01
   1.5311450e+06   5.2978516e+01
   1.5364330e+06   5.9631348e+01
   1.5387360e+06   5.9814453e+01
   1.5424400e+06   6.9030762e+01
   1.5466490e+06   6.3659668e+01
   1.5500610e+06   3.6315918e+01
   1.5515250e+06   5.4504395e+01
   1.5568190e+06   7.3547363e+01
   1.5658200e+06   7.2204590e+01
   1.5681170e+06   5.7128906e+01
   1.5758500e+06   5.8593750e+01
   1.5790030e+06   6.2927246e+01
   1.5814860e+06   6.2561035e+01
   1.5879580e+06   6.4575195e+01
   1.5896250e+06   6.4147949e+01
   1.5939030e+06   6.7260742e+01
   1.5990280e+06   6.2133789e+01
   1.6026160e+06   6.7993164e+01
   1.6048420e+06   6.0241699e+01
   1.6078140e+06   5.8288574e+01
   1.6106310e+06   6.1584473e+01
   1.6150130e+06   6.3293457e+01
   1.6213660e+06   5.7495117e+01
   1.6257840e+06   5.5786133e+01
   1.6283820e+06   6.5063477e+01
   1.6330240e+06   5.8044434e+01
   1.6364680e+06   5.8227539e+01
   1.6394950e+06   5.6213379e+01
   1.6398140e+06   5.5786133e+01
   1.6427320e+06   5.6823730e+01
   1.6475790e+06   6.5429688e+01
   1.6490080e+06   5.7189941e+01
   1.6508910e+06   5.9692383e+01
   1.6543500e+06   5.8776855e+01
   1.6591030e+06   7.1166992e+01
   1.6650770e+06   7.3425293e+01
   1.6678290e+06   5.7495117e+01
   1.6723510e+06   5.9814453e+01
   1.6783040e+06   6.2500000e+01
   1.6838720e+06   6.0485840e+01
   1.6891690e+06   5.9692383e+01
   1.6923350e+06   6.3659668e+01
   1.6963200e+06   5.5541992e+01
   1.7051470e+06   5.9387207e+01
   1.7105280e+06   6.0058594e+01
   1.7133530e+06   5.8288574e+01
   1.7145060e+06   6.2194824e+01
   1.7181400e+06   5.9265137e+01
   1.7222920e+06   3.5278320e+01
   1.7291400e+06   6.0729980e+01
   1.7367860e+06   5.4748535e+01
   1.7430680e+06   7.3364258e+01
   1.7466600e+06   6.2561035e+01
   1.7523500e+06   6.3842773e+01
   1.7589710e+06   5.7067871e+01
   1.7699720e+06   6.0485840e+01
   1.7755490e+06   6.6467285e+01
   1.7805400e+06   6.0363770e+01
   1.7864330e+06   5.8532715e+01
   1.7927120e+06   6.1340332e+01
   1.7965510e+06   5.9692383e+01
   1.7988250e+06   5.5236816e+01
   1.8051980e+06   6.8298340e+01
   1.8098550e+06   5.9509277e+01
   1.8123070e+06   6.3842773e+01
   1.8150980e+06   6.5612793e+01
   1.8204490e+06   6.0729980e+01
   1.8257850e+06   7.1594238e+01
   1.8283680e+06   6.7077637e+01
   1.8343950e+06   6.1889648e+01
   1.8370660e+06   3.4362793e+01
   1.8413780e+06   6.3415527e+01
   1.8468340e+06   6.3598633e+01
   1.8502180e+06   5.9936523e+01
   1.8603850e+06   5.9204102e+01
   1.8684670e+06   6.2927246e+01
   1.8782580e+06   6.8847656e+01
   1.8815780e+06   5.2734375e+01
   1.8860490e+06   5.7373047e+01
   1.8945150e+06   7.0129395e+01
   1.9011580e+06   5.9631348e+01
   1.9061520e+06   6.8481445e+01
   1.9080110e+06   6.4819336e+01
   1.9129580e+06   6.0424805e+01
   1.9131830e+06   4.9621582e+01
   1.9138450e+06   3.4423828e+01
   1.9227760e+06   7.1838379e+01
   1.9256670e+06   6.0119629e+01
   1.9306800e+06   6.3415527e+01
   1.9404710e+06   6.2500000e+01
   1.9435670e+06   6.1218262e+01
   1.9473020e+06   6.4208984e+01
   1.9524010e+06   6.0241699e+01
   1.9566700e+06   5.8105469e+01
   1.9615850e+06   6.3171387e+01
   1.9693600e+06   6.3354492e+01
   1.9704670e+06   6.8359375e+01
   1.9737960e+06   6.5673828e+01
   1.9772810e+06   6.2622070e+01
   1.9826480e+06   6.5856934e+01
   1.9901510e+06   6.4392090e+01
   1.9937500e+06   4.6752930e+01
   1.9993270e+06   6.2500000e+01
   2.0020420e+06   4.9255371e+01
   2.0065350e+06   5.9631348e+01
   2.0147910e+06   6.4270020e+01
   2.0226550e+06   5.7861328e+01
   2.0363850e+06   6.7260742e+01
   2.0418640e+06   6.0302734e+01
   2.0469760e+06   6.5063477e+01
   2.0626240e+06   6.6284180e+01
   2.0703480e+06   6.1950684e+01
   2.0843550e+06   5.6091309e+01
   2.0874010e+06   7.1350098e+01
   2.0965260e+06   6.3598633e+01
   2.1066780e+06   6.2866211e+01
   2.1157260e+06   6.9274902e+01
   2.1249880e+06   6.6589355e+01
   2.1298920e+06   6.2438965e+01
   2.1383010e+06   5.7067871e+01
   2.1489150e+06   5.4138184e+01
   2.1648740e+06   3.4362793e+01
   2.1724280e+06   6.3049316e+01
   2.1768930e+06   6.5002441e+01
   2.1862590e+06   6.4331055e+01
   2.1862790e+06   3.7719727e+01
   2.1905080e+06   5.9387207e+01
   2.1969650e+06   3.5583496e+01
   2.2004900e+06   5.7495117e+01
   2.2083140e+06   6.8298340e+01
   2.2138140e+06   7.1838379e+01
   2.2220160e+06   5.7006836e+01
   2.2294920e+06   6.1523438e+01
   2.2354380e+06   5.5297852e+01
   2.2388310e+06   5.9509277e+01
   2.2463790e+06   6.3659668e+01
   2.2522390e+06   6.4392090e+01
   2.2591440e+06   6.2927246e+01
   2.2713510e+06   6.6406250e+01
   2.2804190e+06   4.1137695e+01
   2.2842010e+06   6.2316895e+01
   2.2894790e+06   5.9814453e+01
   2.2982110e+06   3.4057617e+01
   2.2990880e+06   6.3720703e+01
   2.3044140e+06   6.2011719e+01
   2.3084470e+06   6.0974121e+01
   2.3188520e+06   6.9763184e+01
   2.3231460e+06   6.4880371e+01
   2.3341580e+06   5.8105469e+01
   2.3434720e+06   4.4982910e+01
   2.3478460e+06   6.2744141e+01
   2.3485450e+06   6.7687988e+01
   2.3686980e+06   7.1472168e+01
   2.3736770e+06   6.1950684e+01
   2.3826970e+06   6.4819336e+01
   2.3941490e+06   5.9204102e+01
   2.4003840e+06   6.7810059e+01
   2.4085440e+06   6.0119629e+01
   2.4203980e+06   7.1105957e+01
   2.4342200e+06   3.5156250e+01
   2.4391830e+06   6.7077637e+01
   2.4466110e+06   6.8054199e+01
   2.4528180e+06   6.6162109e+01
   2.4548400e+06   6.2866211e+01
   2.4647320e+06   6.7443848e+01
   2.4649580e+06   6.2438965e+01
   2.4804410e+06   5.5725098e+01
   2.4927450e+06   5.9814453e+01
   2.5055130e+06   6.3232422e+01
   2.5132840e+06   7.2570801e+01
   2.5212740e+06   5.9753418e+01
   2.5303200e+06   5.9936523e+01
   2.5413530e+06   6.9458008e+01
   2.5432900e+06   6.7504883e+01
   2.5576040e+06   6.0852051e+01
   2.5702970e+06   5.2978516e+01
   2.5707600e+06   3.4667969e+01
   2.5838090e+06   5.0231934e+01
   2.5840000e+06   5.7617188e+01
   2.5863570e+06   6.0729980e+01
   2.5918100e+06   4.7302246e+01
   2.5954780e+06   5.8776855e+01
   2.6106680e+06   5.8044434e+01
   2.6186350e+06   5.7067871e+01
   2.6268610e+06   5.8776855e+01
   2.6309580e+06   6.5063477e+01
   2.6358130e+06   3.4484863e+01
   2.6386860e+06   5.3039551e+01
   2.6498860e+06   6.8176270e+01
   2.6590730e+06   6.0363770e+01
   2.6677760e+06   5.6518555e+01
   2.6822650e+06   5.9692383e+01
   2.6862690e+06   3.4179688e+01
   2.6888110e+06   6.6467285e+01
   2.6930740e+06   5.7128906e+01
   2.7021060e+06   5.6030273e+01
   2.7098920e+06   6.3598633e+01
   2.7158960e+06   6.4636230e+01
   2.7268090e+06   5.8166504e+01
   2.7363090e+06   5.6396484e+01
   2.7413960e+06   3.3935547e+01
   2.7464400e+06   5.8776855e+01
   2.7564150e+06   6.9274902e+01
   2.7663840e+06   7.0068359e+01
   2.7681120e+06   6.5856934e+01
   2.7749060e+06   6.3598633e+01
   2.7819030e+06   6.3903809e+01
   2.7935360e+06   6.8359375e+01
   2.8062400e+06   6.1279297e+01
   2.8134400e+06   6.0791016e+01
   2.8182490e+06   6.4697266e+01
   2.8187810e+06   3.4606934e+01
   2.8341490e+06   6.6345215e+01
   2.8374640e+06   5.8715820e+01
   2.8457530e+06   6.5979004e+01
   2.8566330e+06   6.2805176e+01
   2.8636080e+06   7.4584961e+01
   2.8687230e+06   5.9387207e+01
   2.8735150e+06   3.5339355e+01
   2.8740320e+06   6.7199707e+01
   2.8769590e+06   6.2438965e+01
   2.8822060e+06   6.5246582e+01
   2.8843840e+06   5.2978516e+01
   2.8919470e+06   6.6833496e+01
   2.8980990e+06   6.9946289e+01
   2.9031930e+06   6.7749023e+01
   2.9206950e+06   6.1767578e+01
   2.9226290e+06   5.7983398e+01
   2.9314910e+06   6.4270020e+01
   2.9345680e+06   6.1035156e+01
   2.9464550e+06   5.4687500e+01
   2.9524630e+06   5.9143066e+01
   2.9574090e+06   5.9326172e+01
   2.9633000e+06   6.8054199e+01
   2.9659510e+06   3.4362793e+01
   2.9720210e+06   6.1340332e+01
   2.9748780e+06   6.4697266e+01
   2.9784130e+06   7.1655273e+01
   2.9788770e+06   5.5480957e+01
   2.9851460e+06   5.9020996e+01
   2.9920070e+06   3.4423828e+01
   2.9937820e+06   3.9184570e+01
   3.0039700e+06   6.4941406e+01
   3.0093660e+06   6.3781738e+01
   3.0234900e+06   6.5368652e+01
   3.0274600e+06   6.5124512e+01
   3.0353710e+06   6.8725586e+01
   3.0452610e+06   6.1279297e+01
   3.0514930e+06   6.0119629e+01
   3.0601340e+06   6.0607910e+01
   3.0604980e+06   3.4423828e+01
   3.0671650e+06   6.2866211e+01
   3.0728380e+06   6.2500000e+01
   3.0805840e+06   4.4067383e+01
   3.0865660e+06   5.5969238e+01
   3.0910260e+06   7.4890137e+01
   3.0958940e+06   5.6884766e+01
   3.1058970e+06   3.9978027e+01
   3.1131210e+06   6.5063477e+01
   3.1205820e+06   6.2316895e+01
   3.1287370e+06   6.1462402e+01
   3.1391780e+06   5.6701660e+01
   3.1499280e+06   5.9020996e+01
   3.1610790e+06   7.5683594e+01
   3.1704200e+06   6.6528320e+01
   3.1737720e+06   6.3720703e+01
   3.1827010e+06   6.7382813e+01
   3.1862870e+06   5.7617188e+01
   3.1965300e+06   6.5307617e+01
   3.1987910e+06   5.4443359e+01
   3.2057570e+06   6.9580078e+01
   3.2077770e+06   3.5766602e+01
   3.2119210e+06   3.5400391e+01
   3.2142770e+06   6.5673828e+01
   3.2166270e+06   5.3771973e+01
   3.2366760e+06   6.5856934e+01
   3.2426470e+06   6.2072754e+01
   3.2495620e+06   6.5246582e+01
   3.2600300e+06   7.2448730e+01
   3.2683770e+06   6.1706543e+01
   3.2711960e+06   6.2438965e+01
   3.2844880e+06   5.6945801e+01
   3.2918120e+06   6.2133789e+01
   3.2972910e+06   6.3659668e+01
   3.3054060e+06   6.2988281e+01
   3.3130480e+06   6.3171387e+01
   3.3157210e+06   3.4667969e+01
   3.3159850e+06   3.5339355e+01
   3.3230020e+06   5.7617188e+01
   3.3298830e+06   5.7128906e+01
   3.3503910e+06   6.3171387e+01
   3.3623400e+06   5.8959961e+01
   3.3686930e+06   6.2377930e+01
   3.3692370e+06   3.6376953e+01
   3.3761770e+06   5.4748535e+01
   3.3885410e+06   5.6518555e+01
   3.3944860e+06   7.5317383e+01
   3.4002310e+06   3.4118652e+01
   3.4073430e+06   6.2133789e+01
   3.4143920e+06   3.8208008e+01
   3.4234020e+06   6.4453125e+01
   3.4362180e+06   6.9885254e+01
   3.4458480e+06   6.6833496e+01
   3.4507250e+06   3.7353516e+01
   3.4527810e+06   6.8725586e+01
   3.4732430e+06   6.8542480e+01
   3.4782390e+06   6.2500000e+01
   3.4889340e+06   6.9519043e+01
   3.4949500e+06   6.1462402e+01
   3.5027350e+06   6.2133789e+01
   3.5087060e+06   5.7189941e+01
   3.5160310e+06   6.2072754e+01
   3.5211670e+06   5.6274414e+01
   3.5331080e+06   6.8237305e+01
   3.5351700e+06   5.7495117e+01
   3.5375700e+06   5.5847168e+01
   3.5464790e+06   6.1645508e+01
   3.5576250e+06   5.7922363e+01
   3.5635920e+06   6.1401367e+01
   3.5687400e+06   6.0180664e+01
   3.5739470e+06   3.4057617e+01
   3.5913900e+06   5.4931641e+01
   3.6079970e+06   5.9143066e+01
   3.6114730e+06   3.6437988e+01
   3.6148400e+06   6.6894531e+01
   3.6211660e+06   6.6589355e+01
   3.6276360e+06   6.1523438e+01
   3.6286320e+06   5.6091309e+01
   3.6344520e+06   5.2795410e+01
   3.6418170e+06   6.0424805e+01
   3.6471440e+06   1.0150146e+02
   3.6472180e+06   3.5400391e+01
   3.6472480e+06   7.1594238e+01
   3.6472740e+06   3.4423828e+01
   3.6473040e+06   8.8806152e+01
   3.6473140e+06   4.0832520e+01
   3.6473670e+06   4.9987793e+01
   3.6473910e+06   3.5156250e+01
   3.6474230e+06   5.9631348e+01
   3.6474330e+06   3.9550781e+01
   3.6475340e+06   5.3466797e+01
   3.6476540e+06   4.2602539e+01
   3.6476900e+06   6.7749023e+01
   3.7220690e+06   6.9702148e+01
   3.7361690e+06   5.9875488e+01
   3.7537910e+06   3.5644531e+01
   3.7655350e+06   6.4575195e+01
   3.7659840e+06   3.8269043e+01
   3.7809010e+06   6.5612793e+01
   3.7821960e+06   6.3354492e+01
   3.7849860e+06   6.2805176e+01
   3.7857270e+06   5.8227539e+01
   3.7866590e+06   3.5156250e+01
   3.7891430e+06   6.0363770e+01
   3.7937640e+06   5.8837891e+01
   3.8002910e+06   6.1950684e+01
   3.8036820e+06   6.6101074e+01
   3.8163650e+06   6.4086914e+01
   3.8216390e+06   6.7871094e+01
   3.8243690e+06   6.0058594e+01
   3.8279400e+06   4.7790527e+01
   3.8333460e+06   6.7321777e+01
   3.8460680e+06   6.0546875e+01
   3.8508220e+06   6.4147949e+01
   3.8570050e+06   6.1584473e+01
   3.8610890e+06   6.0974121e+01
   3.8643670e+06   5.6274414e+01
   3.8696010e+06   6.9946289e+01
   3.8841310e+06   6.1157227e+01
   3.8955350e+06   5.3588867e+01
   3.8994310e+06   5.9204102e+01
   3.9073090e+06   6.4758301e+01
   3.9150550e+06   6.4331055e+01
   3.9204170e+06   6.7016602e+01
   3.9246770e+06   6.0791016e+01
   3.9326090e+06   6.2744141e+01
   3.9378080e+06   6.3354492e+01
   3.9418490e+06   5.8227539e+01
   3.9458850e+06   5.7800293e+01
   3.9533600e+06   6.2072754e+01
   3.9666070e+06   6.1950684e+01
   3.9747380e+06   5.8410645e+01
   3.9815820e+06   6.5551758e+01
   3.9889300e+06   6.2072754e+01
   3.9973310e+06   5.6213379e+01
   3.9986360e+06   6.4392090e+01
   4.0020200e+06   6.7504883e+01
   4.0051060e+06   6.0363770e+01
   4.0129000e+06   5.8227539e+01
   4.0201930e+06   5.5114746e+01
   4.0328960e+06   5.5053711e+01
   4.0381540e+06   6.4331055e+01
   4.0453880e+06   6.8115234e+01
   4.0612720e+06   6.1401367e+01
   4.0643790e+06   5.1757813e+01
   4.0677910e+06   3.6254883e+01
   4.0732340e+06   5.7617188e+01
   4.0869850e+06   6.0363770e+01
   4.0886360e+06   6.1096191e+01
   4.0992260e+06   5.5236816e+01
   4.1081990e+06   6.2561035e+01
   4.1113600e+06   5.8227539e+01
   4.1307600e+06   5.8593750e+01
   4.1419890e+06   6.0485840e+01
   4.1464860e+06   3.6682129e+01
   4.1511490e+06   5.5786133e+01
   4.1601720e+06   6.1035156e+01
   4.1668380e+06   5.5541992e+01
   4.1775390e+06   5.9143066e+01
   4.1817020e+06   6.7871094e+01
   4.1916230e+06   6.2683105e+01
   4.2064580e+06   5.5053711e+01
   4.2125270e+06   6.1706543e+01
   4.2126880e+06   5.9631348e+01
   4.2170740e+06   6.3659668e+01
   4.2286370e+06   5.8898926e+01
   4.2322130e+06   4.6386719e+01
   4.2440700e+06   5.4809570e+01
   4.2635840e+06   6.9274902e+01
   4.2741920e+06   6.1950684e+01
   4.2755530e+06   7.0556641e+01
   4.2851790e+06   6.4941406e+01
   4.2939800e+06   7.2753906e+01
   4.3032010e+06   6.5063477e+01
   4.3126900e+06   5.9631348e+01
   4.3211020e+06   5.8715820e+01
   4.3273250e+06   6.6833496e+01
   4.3324770e+06   5.9936523e+01
   4.3406550e+06   6.2194824e+01
   4.3500230e+06   6.0791016e+01
   4.3593140e+06   5.7006836e+01
   4.3728240e+06   7.1594238e+01
   4.3747070e+06   5.8471680e+01
   4.3849050e+06   6.3171387e+01
   4.3889840e+06   6.1279297e+01
   4.3997180e+06   6.6650391e+01
   4.4026320e+06   5.7006836e+01
   4.4239150e+06   6.0729980e+01
   4.4296120e+06   5.0964355e+01
   4.4379290e+06   6.8237305e+01
   4.4488570e+06   5.8105469e+01
   4.4551770e+06   5.9814453e+01
   4.4635470e+06   6.5307617e+01
   4.4716200e+06   5.8532715e+01
   4.4788220e+06   6.7932129e+01
   4.4813070e+06   6.5002441e+01
   4.4885370e+06   6.2316895e+01
   4.4969530e+06   5.8227539e+01
   4.4995230e+06   3.4423828e+01
   4.5022040e+06   6.6467285e+01
   4.5121530e+06   5.5969238e+01
   4.5241440e+06   6.5856934e+01
   4.5294860e+06   6.3598633e+01
   4.5412490e+06   5.7189941e+01
   4.5538450e+06   6.2988281e+01
   4.5635160e+06   6.4880371e+01
   4.5724770e+06   5.9631348e+01
   4.5854190e+06   5.9020996e+01
   4.5924740e+06   6.5490723e+01
   4.6025460e+06   5.2978516e+01
   4.6058310e+06   6.3720703e+01
   4.6154540e+06   5.7189941e+01
   4.6175200e+06   5.5175781e+01
   4.6209840e+06   6.3415527e+01
   4.6277350e+06   5.9387207e+01
   4.6454240e+06   6.2866211e+01
   4.6490570e+06   5.6518555e+01
   4.6559640e+06   5.8532715e+01
   4.6564370e+06   6.9458008e+01
   4.6626570e+06   6.1706543e+01
   4.6677000e+06   6.4636230e+01
   4.6750740e+06   5.0415039e+01
   4.6842570e+06   6.2683105e+01
   4.7041180e+06   6.8176270e+01
   4.7075900e+06   6.0485840e+01
   4.7180190e+06   5.3710938e+01
   4.7212160e+06   4.9621582e+01
   4.7310990e+06   5.9936523e+01
   4.7427610e+06   5.7067871e+01
   4.7500260e+06   7.2204590e+01
   4.7720430e+06   6.0241699e+01
   4.7835400e+06   5.7373047e+01
   4.7880030e+06   6.3964844e+01
   4.7970110e+06   5.8105469e+01
   4.8027810e+06   5.9997559e+01
   4.8099100e+06   5.6823730e+01
   4.8168450e+06   6.2866211e+01
   4.8226710e+06   5.1879883e+01
   4.8311990e+06   6.6406250e+01
   4.8466450e+06   6.2744141e+01
   4.8517830e+06   5.8532715e+01
   4.8618500e+06   6.0424805e+01
   4.8671250e+06   5.2062988e+01
   4.8731870e+06   6.5673828e+01
   4.8749920e+06   3.5278320e+01
   4.8835100e+06   5.6457520e+01
   4.8913510e+06   5.6213379e+01
   4.8948790e+06   6.1767578e+01
   4.9065810e+06   5.7067871e+01
   4.9158130e+06   6.1828613e+01
   4.9253300e+06   5.3222656e+01
   4.9336100e+06   4.9133301e+01
   4.9463170e+06   6.5979004e+01
   4.9622330e+06   7.3242188e+01
   4.9665220e+06   5.7189941e+01
   4.9858830e+06   6.1157227e+01
   5.0000290e+06   6.6711426e+01
   5.0032200e+06   6.7749023e+01
   5.0125310e+06   6.0913086e+01
   5.0187390e+06   7.0068359e+01
   5.0276730e+06   6.1950684e+01
   5.0370320e+06   5.6274414e+01
   5.0404720e+06   6.4331055e+01
   5.0506830e+06   6.3232422e+01
   5.0586680e+06   6.0668945e+01
   5.0697940e+06   5.9814453e+01
   5.0772700e+06   6.7077637e+01
   5.0936140e+06   5.5541992e+01
   5.1083380e+06   6.2255859e+01
   5.1131880e+06   6.5734863e+01
   5.1244730e+06   6.2133789e+01
   5.1287080e+06   5.6640625e+01
   5.1365700e+06   5.2734375e+01
   5.1411850e+06   6.7199707e+01
   5.1527440e+06   5.8227539e+01
   5.1664350e+06   5.6091309e+01
   5.1748960e+06   6.4636230e+01
   5.1856320e+06   5.4138184e+01
   5.2063040e+06   6.0058594e+01
   5.2133330e+06   5.0842285e+01
   5.2308950e+06   6.6711426e+01
   5.2412760e+06   5.9387207e+01
   5.2487760e+06   6.5856934e+01
   5.2577000e+06   5.8105469e+01
   5.2594800e+06   3.4179688e+01
   5.2596640e+06   4.0710449e+01
   5.2687620e+06   6.2866211e+01
   5.2764680e+06   6.1950684e+01
   5.2850830e+06   6.0119629e+01
   5.2967630e+06   6.4270020e+01
   5.3058980e+06   6.5795898e+01
   5.3193460e+06   5.9631348e+01
   5.3247680e+06   5.6518555e+01
   5.3381260e+06   5.1208496e+01
   5.3434210e+06   6.2011719e+01
   5.3513670e+06   5.8898926e+01
   5.3565510e+06   6.0668945e+01
   5.3812710e+06   5.5419922e+01
   5.3910050e+06   5.6152344e+01
   5.3968250e+06   6.3903809e+01
   5.4020760e+06   5.8410645e+01
   5.4100130e+06   6.6162109e+01
   5.4142170e+06   7.1716309e+01
   5.4235060e+06   6.3293457e+01
   5.4262490e+06   5.8044434e+01
   5.4337770e+06   6.5063477e+01
   5.4508300e+06   6.8908691e+01
   5.4549360e+06   5.9204102e+01
   5.4681040e+06   4.8828125e+01
   5.4864720e+06   6.9702148e+01
   5.4989370e+06   5.7556152e+01
   5.5079010e+06   5.4321289e+01
   5.5229710e+06   6.1706543e+01
   5.5292170e+06   5.6762695e+01
   5.5357600e+06   5.8105469e+01
   5.5385680e+06   6.1584473e+01
   5.5622120e+06   6.0363770e+01
   5.5697220e+06   5.8288574e+01
   5.5743070e+06   6.7016602e+01
   5.5789220e+06   6.1035156e+01
   5.5842860e+06   6.4208984e+01
   5.5848180e+06   5.2429199e+01
   5.5976780e+06   5.3039551e+01
   5.6132430e+06   6.2133789e+01
   5.6273730e+06   5.5786133e+01
   5.6378170e+06   5.8776855e+01
   5.6406360e+06   6.5673828e+01
   5.6500050e+06   6.0729980e+01
   5.6598250e+06   5.5114746e+01
   5.6667380e+06   6.8481445e+01
   5.6690660e+06   5.2001953e+01
   5.6800480e+06   5.8654785e+01
   5.6945120e+06   7.1411133e+01
   5.6977330e+06   5.4016113e+01
   5.7027410e+06   8.3435059e+01
   5.7029190e+06   5.9875488e+01
   5.7030320e+06   7.1166992e+01
   5.7030700e+06   3.6499023e+01
   5.7032060e+06   4.6508789e+01
   5.7194620e+06   6.4941406e+01
   5.7248640e+06   5.8349609e+01
   5.7272620e+06   4.6325684e+01
   5.7342030e+06   3.3996582e+01
   5.7376990e+06   6.6833496e+01
   5.7412850e+06   6.3293457e+01
   5.7499480e+06   7.0373535e+01
   5.7625500e+06   6.6345215e+01
   5.7686560e+06   6.1462402e+01
   5.7738250e+06   6.0180664e+01
   5.7828190e+06   6.0363770e+01
   5.7881000e+06   5.8410645e+01
   5.8006390e+06   5.4260254e+01
   5.8076740e+06   6.0974121e+01
   5.8133230e+06   6.1767578e+01
   5.8193950e+06   6.2316895e+01
   5.8218230e+06   3.6682129e+01
   5.8293270e+06   6.2866211e+01
   5.8355450e+06   7.0373535e+01
   5.8500510e+06   5.9448242e+01
   5.8540010e+06   6.3476563e+01
   5.8682350e+06   5.9814453e+01
   5.8699940e+06   6.2133789e+01
   5.8873910e+06   5.0903320e+01
   5.9076480e+06   6.5429688e+01
   5.9194630e+06   5.5725098e+01
   5.9323800e+06   5.3894043e+01
   5.9383870e+06   5.3649902e+01
   5.9501020e+06   7.0861816e+01
   5.9554770e+06   6.0913086e+01
   5.9641750e+06   5.5297852e+01
   5.9704760e+06   6.0729980e+01
   5.9824700e+06   4.9926758e+01
   5.9907420e+06   3.7414551e+01
   5.9935530e+06   5.5297852e+01
   5.9994030e+06   6.4392090e+01
   6.0198800e+06   5.3649902e+01
   6.0281400e+06   6.1157227e+01
   6.0320860e+06   5.6945801e+01
   6.0414550e+06   6.0424805e+01
   6.0492390e+06   6.1279297e+01
   6.0574270e+06   5.9143066e+01
   6.0709090e+06   6.0729980e+01
   6.0796930e+06   6.5490723e+01
   6.0828400e+06   6.0791016e+01
   6.0902450e+06   5.6823730e+01
   6.0935670e+06   5.6457520e+01
   6.0970430e+06   6.5185547e+01
   6.1105010e+06   7.3791504e+01
   6.1168440e+06   5.5541992e+01
   6.1370200e+06   5.8349609e+01
   6.1459390e+06   6.4025879e+01
   6.1596570e+06   4.9804688e+01
   6.1764260e+06   5.5725098e+01
   6.1836780e+06   5.4260254e+01
   6.1919330e+06   6.9091797e+01
   6.2075030e+06   6.9458008e+01
   6.2229210e+06   6.3964844e+01
   6.2328770e+06   6.3110352e+01
   6.2368090e+06   6.3598633e+01
   6.2476540e+06   5.2124023e+01
   6.2544310e+06   5.9997559e+01
   6.2645230e+06   3.4484863e+01
   6.2663950e+06   5.9692383e+01
   6.2733000e+06   6.0607910e+01
   6.2758700e+06   6.0729980e+01
   6.2898450e+06   6.6955566e+01
   6.2945980e+06   5.4504395e+01
   6.3027930e+06   5.1086426e+01
   6.3256180e+06   3.5644531e+01
   6.3347190e+06   6.7199707e+01
   6.3478490e+06   5.1879883e+01
   6.3519610e+06   5.8654785e+01
   6.3747960e+06   5.4992676e+01
   6.3883130e+06   6.6528320e+01
   6.4034160e+06   5.4077148e+01
   6.4073490e+06   6.2377930e+01
   6.4149330e+06   4.8278809e+01
   6.4366770e+06   6.3476563e+01
   6.4447760e+06   6.1340332e+01
   6.4590430e+06   6.3659668e+01
   6.4763180e+06   6.4819336e+01
   6.4827240e+06   5.9387207e+01
   6.4954920e+06   5.6884766e+01
   6.5004650e+06   5.9997559e+01
   6.5080620e+06   5.6884766e+01
   6.5235900e+06   5.7739258e+01
   6.5345760e+06   6.4575195e+01
   6.5397740e+06   6.1462402e+01
   6.5590520e+06   6.4392090e+01
   6.5694400e+06   6.7138672e+01
   6.5825480e+06   5.0415039e+01
   6.5869000e+06   6.2011719e+01
   6.5939960e+06   5.9814453e+01
   6.6008310e+06   6.5063477e+01
   6.6064480e+06   5.3894043e+01
   6.6113980e+06   6.1950684e+01
   6.6144170e+06   6.9458008e+01
   6.6191730e+06   6.7565918e+01
   6.6238830e+06   3.6315918e+01
   6.6329920e+06   6.2927246e+01
   6.6425620e+06   6.0974121e+01
   6.6515050e+06   5.1757813e+01
   6.6687210e+06   4.0222168e+01
   6.6766750e+06   5.6274414e+01
   6.6807980e+06   5.3833008e+01
   6.6963510e+06   6.0302734e+01
   6.7001840e+06   5.0659180e+01
   6.7113590e+06   6.2988281e+01
   6.7261410e+06   5.8593750e+01
   6.7509530e+06   5.8288574e+01
   6.7546110e+06   6.4514160e+01
   6.7549250e+06   5.1940918e+01
   6.7656190e+06   6.0180664e+01
   6.7717580e+06   6.3842773e+01
   6.7780550e+06   5.6701660e+01
   6.7795500e+06   5.0842285e+01
   6.7880160e+06   5.3527832e+01
   6.7949000e+06   6.0668945e+01
   6.8061740e+06   6.3110352e+01
   6.8169600e+06   6.6711426e+01
   6.8302270e+06   5.1269531e+01
   6.8394230e+06   6.8054199e+01
   6.8543150e+06   5.7861328e+01
   6.8581680e+06   6.0363770e+01
   6.8610720e+06   6.3720703e+01
   6.8672620e+06   5.7312012e+01
   6.8782310e+06   6.3171387e+01
   6.8882610e+06   6.2133789e+01
   6.8982550e+06   5.7189941e+01
   6.9192480e+06   5.5541992e+01
   6.9298230e+06   5.6945801e+01
   6.9416870e+06   6.6345215e+01
   6.9551880e+06   5.5664063e+01
   6.9703790e+06   6.7504883e+01
   6.9792080e+06   4.9560547e+01
   6.9816370e+06   5.8105469e+01
   6.9958290e+06   6.3415527e+01
   7.0074240e+06   6.0363770e+01
   7.0181620e+06   7.0190430e+01
   7.0334030e+06   7.0739746e+01
   7.0481620e+06   6.5185547e+01
   7.0631080e+06   6.0302734e+01
   7.0822800e+06   5.9814453e+01
   7.0920390e+06   5.6335449e+01
   7.1132000e+06   6.4331055e+01
   7.1485710e+06   5.3466797e+01
   7.1545840e+06   6.1584473e+01
   7.1628660e+06   5.5114746e+01
   7.1732890e+06   6.2316895e+01
   7.1910730e+06   5.0659180e+01
   7.2181340e+06   4.9438477e+01
   7.2283720e+06   6.6101074e+01
   7.2284760e+06   4.1564941e+01
   7.2436930e+06   5.6823730e+01
   7.2476920e+06   5.9753418e+01
   7.2605420e+06   5.2490234e+01
   7.2744910e+06   6.4208984e+01
   7.2831980e+06   5.1879883e+01
   7.2888210e+06   6.3171387e+01
   7.3070150e+06   6.0302734e+01
   7.3259580e+06   6.2438965e+01
   7.3462490e+06   6.5734863e+01
   7.3624860e+06   6.8359375e+01
   7.3822510e+06   5.9265137e+01
   7.4090930e+06   4.8889160e+01
   7.4242440e+06   5.4504395e+01
   7.4353640e+06   6.1523438e+01
   7.4394610e+06   6.6284180e+01
   7.4501620e+06   5.8471680e+01
   7.4682810e+06   6.2622070e+01
   7.5009120e+06   6.1828613e+01
   7.5115880e+06   6.8786621e+01
   7.5176110e+06   3.8513184e+01
   7.5241720e+06   6.0424805e+01
   7.5515340e+06   5.4870605e+01
   7.5719080e+06   5.8288574e+01
   7.5864850e+06   6.0607910e+01
   7.6022110e+06   7.2570801e+01
   7.6081190e+06   6.0363770e+01
   7.6117850e+06   5.0109863e+01
   7.6288040e+06   6.6589355e+01
   7.6440550e+06   6.6162109e+01
   7.6617500e+06   5.8776855e+01
   7.6778570e+06   5.0109863e+01
   7.7039940e+06   5.6884766e+01
   7.7325870e+06   6.1523438e+01
   7.7408990e+06   5.3405762e+01
   7.7536640e+06   4.9865723e+01
   7.7613290e+06   6.0363770e+01
   7.7688480e+06   5.1574707e+01
   7.7831680e+06   6.6711426e+01
   7.7877560e+06   5.5297852e+01
   7.7988220e+06   6.6650391e+01
   7.8058800e+06   5.9997559e+01
   7.8103070e+06   3.8696289e+01
   7.8201080e+06   5.3894043e+01
   7.8660750e+06   5.8105469e+01
   7.8959330e+06   6.7626953e+01
   7.9222350e+06   5.8044434e+01
   7.9481030e+06   5.4992676e+01
   7.9860610e+06   6.2805176e+01
   8.0274600e+06   6.1279297e+01
   8.0401930e+06   6.2622070e+01
   8.0633140e+06   6.1706543e+01
   8.0729400e+06   6.1523438e+01
   8.1132070e+06   5.5480957e+01
   8.1269930e+06   4.7607422e+01
   8.1481110e+06   6.2622070e+01
   8.1659680e+06   5.4931641e+01
   8.1860860e+06   5.4016113e+01
   8.2317950e+06   6.9580078e+01
   8.2484220e+06   5.4504395e+01
   8.2531240e+06   6.6406250e+01
   8.2703940e+06   5.7067871e+01
   8.2803170e+06   6.3903809e+01
   8.2908290e+06   5.8044434e+01
   8.3136720e+06   5.8532715e+01
   8.3204670e+06   5.8227539e+01
   8.3400160e+06   6.1218262e+01
   8.3610610e+06   6.0546875e+01
   8.3687560e+06   6.0668945e+01
   8.3946170e+06   6.1035156e+01
   8.4108890e+06   5.9875488e+01
   8.4182630e+06   5.9448242e+01
   8.4357860e+06   5.9936523e+01
   8.4478210e+06   5.7739258e+01
   8.4589050e+06   5.7617188e+01
   8.4777510e+06   6.2194824e+01
   8.5055490e+06   5.6884766e+01
   8.5253750e+06   6.1950684e+01
   8.5337550e+06   5.6823730e+01
   8.5523580e+06   6.3720703e+01
   8.5542510e+06   5.5297852e+01
   8.5796190e+06   6.3110352e+01
   8.5905270e+06   5.1635742e+01
   8.6259690e+06   6.3964844e+01
   8.6337400e+06   4.4799805e+01
   8.6509370e+06   6.3720703e+01
   8.6611490e+06   6.2683105e+01
   8.6737750e+06   5.3283691e+01
   8.6911380e+06   6.3415527e+01
   8.6986180e+06   5.0537109e+01
   8.7131410e+06   5.8410645e+01
   8.7260040e+06   5.6640625e+01
   8.7651440e+06   5.5603027e+01
   8.7741420e+06   6.4514160e+01
   8.7819770e+06   5.5847168e+01
   8.8023300e+06   6.4270020e+01
   8.8263660e+06   5.5358887e+01
   8.8467520e+06   6.0180664e+01
   8.8900080e+06   5.6884766e+01
   8.9194540e+06   6.6772461e+01
   8.9196950e+06   5.1025391e+01
   8.9355310e+06   5.4443359e+01
   8.9502050e+06   5.0537109e+01
   8.9740850e+06   5.6518555e+01
   9.0006310e+06   6.3903809e+01
   9.0154570e+06   6.1645508e+01
   9.0218890e+06   6.7016602e+01
   9.0330400e+06   5.5664063e+01
   9.0539290e+06   4.6936035e+01
   9.0722940e+06   6.1584473e+01
   9.0830740e+06   6.4941406e+01
   9.0920710e+06   5.2307129e+01
   9.1036690e+06   6.2438965e+01
   9.1099350e+06   5.2368164e+01
   9.1207970e+06   5.7495117e+01
   9.1398100e+06   6.9274902e+01
   9.1763170e+06   5.5236816e+01
   9.1910280e+06   6.3659668e+01
   9.1992370e+06   5.8715820e+01
   9.2326580e+06   5.9448242e+01
   9.2477910e+06   5.1513672e+01
   9.2527230e+06   5.3283691e+01
   9.2702810e+06   4.7241211e+01
   9.2843840e+06   6.1828613e+01
   9.3053420e+06   5.4870605e+01
   9.3155820e+06   6.1035156e+01
   9.3397250e+06   6.5979004e+01
   9.3554410e+06   5.6030273e+01
   9.3767830e+06   5.2734375e+01
   9.3890350e+06   5.0659180e+01
   9.4097660e+06   5.5358887e+01
   9.4248540e+06   5.4077148e+01
   9.4403810e+06   6.1462402e+01
   9.4526560e+06   5.5114746e+01
   9.4594910e+06   5.2917480e+01
   9.5002040e+06   5.5053711e+01
   9.5133030e+06   6.1401367e+01
   9.5196370e+06   5.8044434e+01
   9.5485930e+06   5.4565430e+01
   9.5582610e+06   5.3527832e+01
   9.5680580e+06   5.6091309e+01
   9.5935740e+06   6.6772461e+01
   9.6262010e+06   6.3171387e+01
   9.6544420e+06   5.3955078e+01
   9.6652270e+06   6.2805176e+01
   9.6981080e+06   5.4504395e+01
   9.7190080e+06   6.6162109e+01
   9.7250870e+06   6.2805176e+01
   9.7415350e+06   4.8889160e+01
   9.7473410e+06   5.5236816e+01
   9.7665690e+06   5.1940918e+01
   9.8101610e+06   5.6518555e+01
   9.8570250e+06   5.5236816e+01
   9.8660480e+06   5.5664062e+01
   9.9051120e+06   6.4514160e+01
   9.9145520e+06   5.4016113e+01
   9.9303100e+06   6.6040039e+01
   9.9609210e+06   5.1391602e+01
   9.9892140e+06   6.3171387e+01
   1.0004333e+07   5.8837891e+01
   1.0023464e+07   5.9875488e+01
   1.0034151e+07   6.8298340e+01
   1.0049066e+07   6.0058594e+01
   1.0066074e+07   5.3039551e+01
   1.0077115e+07   5.3283691e+01
   1.0096454e+07   5.8227539e+01
   1.0156852e+07   5.4687500e+01
   1.0183788e+07   5.3894043e+01
   1.0196561e+07   5.8654785e+01
   1.0222149e+07   6.6040039e+01
   1.0261099e+07   5.7434082e+01
   1.0294966e+07   5.9020996e+01
   1.0305368e+07   4.1503906e+01
   1.0313828e+07   6.0791016e+01
   1.0335288e+07   5.9448242e+01
   1.0349241e+07   6.4697266e+01
   1.0358750e+07   6.3232422e+01
   1.0381147e+07   5.8349609e+01
   1.0434224e+07   5.5297852e+01
   1.0449664e+07   6.0424805e+01
   1.0471263e+07   6.7077637e+01
   1.0555796e+07   5.7128906e+01
   1.0572315e+07   5.6457520e+01
   1.0584420e+07   5.7067871e+01
   1.0602559e+07   5.9936523e+01
   1.0673981e+07   5.1696777e+01
   1.0686028e+07   6.1828613e+01
   1.0705391e+07   6.0485840e+01
   1.0721393e+07   5.7373047e+01
   1.0752112e+07   6.2744141e+01
   1.0770202e+07   6.4086914e+01
   1.0779967e+07   6.3171387e+01
   1.0798412e+07   5.2307129e+01
   1.0827053e+07   5.6518555e+01
   1.0840914e+07   5.2612305e+01
   1.0851400e+07   5.8227539e+01
   1.0890374e+07   5.8654785e+01
   1.0898321e+07   6.1584473e+01
   1.0916065e+07   6.5612793e+01
   1.0943662e+07   6.4697266e+01
   1.0955907e+07   5.0354004e+01
   1.0968092e+07   5.4504395e+01
   1.0998432e+07   5.8715820e+01
   1.1014384e+07   5.5847168e+01
   1.1043862e+07   5.5480957e+01
   1.1071638e+07   6.2561035e+01
   1.1078697e+07   5.1208496e+01
   1.1096951e+07   5.1269531e+01
   1.1106829e+07   5.3527832e+01
   1.1146937e+07   5.4870605e+01
   1.1163227e+07   5.5908203e+01
   1.1169620e+07   5.7617187e+01
   1.1199428e+07   5.4748535e+01
   1.1226321e+07   5.5725098e+01
   1.1234169e+07   5.5969238e+01
   1.1262467e+07   6.0119629e+01
   1.1286224e+07   6.1462402e+01
   1.1332777e+07   5.6945801e+01
   1.1356081e+07   6.6589355e+01
   1.1372232e+07   5.6091309e+01
   1.1398643e+07   6.2194824e+01
   1.1424967e+07   6.7138672e+01
   1.1447470e+07   5.8898926e+01
   1.1456611e+07   5.6030273e+01
   1.1466236e+07   6.2011719e+01
   1.1484128e+07   5.3405762e+01
   1.1493880e+07   3.4240723e+01
   1.1533794e+07   5.6884766e+01
   1.1564048e+07   5.2185059e+01
   1.1632310e+07   5.9509277e+01
   1.1683014e+07   4.7729492e+01
   1.1718116e+07   5.4809570e+01
   1.1743539e+07   3.5095215e+01
   1.1763517e+07   5.3222656e+01
   1.1797641e+07   4.9072266e+01
   1.1808261e+07   6.1340332e+01
   1.1822836e+07   5.3039551e+01
   1.1845177e+07   5.6030273e+01
   1.1875228e+07   5.5664063e+01
   1.1935354e+07   5.3833008e+01
   1.1991311e+07   5.8532715e+01
