   1.1999000e+07   0.0000000e+00
   7.5100000e+02   9.3322754e+01
   8.0100000e+02   6.4819336e+01
   8.4000000e+02   2.7832031e+01
   8.7000000e+02   7.5622559e+01
   8.8900000e+02   3.2287598e+01
   9.4300000e+02   3.9001465e+01
   9.7500000e+02   5.6762695e+01
   1.0340000e+03   4.1564941e+01
   1.0630000e+03   3.2287598e+01
   1.0730000e+03   3.7719727e+01
   1.1110000e+03   2.7893066e+01
   1.1210000e+03   6.9885254e+01
   1.1760000e+03   4.1381836e+01
   1.2110000e+03   4.1076660e+01
   1.2260000e+03   5.4748535e+01
   1.2600000e+03   6.7199707e+01
   1.3380000e+03   3.5339355e+01
   1.3730000e+03   4.5410156e+01
   1.4350000e+03   3.1372070e+01
   1.5030000e+03   3.0334473e+01
   1.5160000e+03   3.1127930e+01
   1.5860000e+03   3.5278320e+01
   1.6040000e+03   4.4555664e+01
   1.6250000e+03   4.9194336e+01
   1.6590000e+03   5.0598145e+01
   1.6800000e+03   4.4311523e+01
   1.7090000e+03   6.0302734e+01
   1.7270000e+03   4.3579102e+01
   1.7420000e+03   3.9916992e+01
   1.7600000e+03   6.7626953e+01
   1.7790000e+03   5.2734375e+01
   1.7990000e+03   8.3312988e+01
   1.8330000e+03   3.9428711e+01
   1.8480000e+03   4.3884277e+01
   1.8770000e+03   2.9479980e+01
   1.9000000e+03   1.0253906e+02
   1.9130000e+03   5.8532715e+01
   1.9510000e+03   4.8767090e+01
   1.9620000e+03   4.2907715e+01
   2.0020000e+03   3.6132813e+01
   2.0190000e+03   3.4118652e+01
   2.0850000e+03   2.8564453e+01
   2.1450000e+03   2.9113770e+01
   2.1620000e+03   3.3264160e+01
   2.1920000e+03   3.2714844e+01
   2.9310000e+03   2.9418945e+01
   2.9870000e+03   3.0273438e+01
   3.2380000e+03   4.5349121e+01
   4.0680000e+03   2.9296875e+01
   5.2280000e+03   4.6875000e+01
   5.4930000e+03   5.1147461e+01
   3.1404000e+04   2.9357910e+01
   3.1418000e+04   9.5703125e+01
   3.1458000e+04   5.1452637e+01
   3.1484000e+04   1.4038086e+02
   3.1507000e+04   1.4086914e+02
   3.1520000e+04   5.9448242e+01
   3.1540000e+04   4.1564941e+01
   3.1567000e+04   8.0749512e+01
   3.1587000e+04   2.7770996e+01
   3.1615000e+04   3.8940430e+01
   3.1628000e+04   2.9357910e+01
   3.1642000e+04   6.2438965e+01
   3.1658000e+04   1.0101318e+02
   3.1683000e+04   2.9785156e+01
   3.1704000e+04   5.0537109e+01
   3.1718000e+04   2.9418945e+01
   3.1737000e+04   2.8930664e+01
   3.1789000e+04   8.1481934e+01
   3.1810000e+04   3.3386230e+01
   3.1825000e+04   4.3579102e+01
   3.1875000e+04   2.9052734e+01
   3.1943000e+04   3.4912109e+01
   3.1987000e+04   2.9663086e+01
   3.2474000e+04   3.3203125e+01
   3.2502000e+04   2.8564453e+01
   3.2617000e+04   4.0832520e+01
   3.2755000e+04   4.3151855e+01
   3.2892000e+04   4.0954590e+01
   3.3054000e+04   4.4250488e+01
   3.3231000e+04   3.2836914e+01
   3.3406000e+04   4.3884277e+01
   3.3459000e+04   4.0161133e+01
   3.3642000e+04   4.9072266e+01
   3.3829000e+04   4.0527344e+01
   3.4079000e+04   4.5166016e+01
   3.4951000e+04   4.4555664e+01
   7.0569000e+04   9.9914551e+01
   7.0644000e+04   7.8125000e+01
   7.0660000e+04   9.0515137e+01
   7.0688000e+04   3.5766602e+01
   7.0705000e+04   3.2226563e+01
   7.0719000e+04   4.4860840e+01
   7.0730000e+04   6.0119629e+01
   7.0748000e+04   1.1096191e+02
   7.0774000e+04   5.6701660e+01
   7.0790000e+04   5.0964355e+01
   7.0801000e+04   5.2917480e+01
   7.0822000e+04   5.0537109e+01
   7.0842000e+04   8.9477539e+01
   7.0887000e+04   5.5480957e+01
   7.0913000e+04   8.4899902e+01
   7.0923000e+04   7.2021484e+01
   7.0952000e+04   4.0710449e+01
   7.0970000e+04   6.8664551e+01
   7.0986000e+04   3.3203125e+01
   7.1028000e+04   3.5217285e+01
   7.1057000e+04   3.2592773e+01
   7.1080000e+04   3.2104492e+01
   7.1116000e+04   6.9519043e+01
   7.1181000e+04   2.8930664e+01
   7.1262000e+04   3.2348633e+01
   7.1910000e+04   3.0151367e+01
   7.1992000e+04   3.4118652e+01
   7.2393000e+04   5.3527832e+01
   7.2551000e+04   3.5949707e+01
   7.2705000e+04   4.0588379e+01
   7.2867000e+04   4.8767090e+01
   7.3375000e+04   2.9052734e+01
   7.3628000e+04   4.6386719e+01
   7.3886000e+04   4.4494629e+01
   7.4194000e+04   4.5959473e+01
   7.4482000e+04   4.8583984e+01
   1.0339400e+05   8.5266113e+01
   1.0347300e+05   6.7016602e+01
   1.0348700e+05   5.9448242e+01
   1.0354100e+05   3.2775879e+01
   1.0355400e+05   3.5949707e+01
   1.0357700e+05   8.7402344e+01
   1.0358700e+05   6.3354492e+01
   1.0361500e+05   1.1163330e+02
   1.0362800e+05   8.2519531e+01
   1.0364600e+05   5.2917480e+01
   1.0366300e+05   6.7443848e+01
   1.0367600e+05   4.8889160e+01
   1.0368600e+05   6.1889648e+01
   1.0371900e+05   1.0980225e+02
   1.0374600e+05   3.7963867e+01
   1.0375900e+05   5.8654785e+01
   1.0378900e+05   7.6782227e+01
   1.0379900e+05   5.3833008e+01
   1.0383400e+05   3.1311035e+01
   1.0385500e+05   3.8085938e+01
   1.0387600e+05   7.8308105e+01
   1.0390400e+05   4.4921875e+01
   1.0394400e+05   2.9724121e+01
   1.0397000e+05   3.5827637e+01
   1.0408500e+05   6.6467285e+01
   1.0413100e+05   3.9245605e+01
   1.0430600e+05   2.9174805e+01
   1.0549800e+05   4.1931152e+01
   1.0570700e+05   4.6813965e+01
   1.0592600e+05   5.2307129e+01
   1.0687800e+05   4.6264648e+01
   1.0717600e+05   4.6203613e+01
   1.0744900e+05   4.2541504e+01
   1.0877100e+05   4.9682617e+01
   1.2481000e+05   4.3457031e+01
   1.3543100e+05   1.0070801e+02
   1.3544100e+05   1.0479736e+02
   1.3548400e+05   3.1188965e+01
   1.3549900e+05   8.4289551e+01
   1.3551800e+05   1.3446045e+02
   1.3552800e+05   7.9956055e+01
   1.3555600e+05   4.5654297e+01
   1.3556700e+05   9.0332031e+01
   1.3558500e+05   4.4677734e+01
   1.3561600e+05   9.7290039e+01
   1.3564800e+05   6.5795898e+01
   1.3567600e+05   4.2114258e+01
   1.3569900e+05   1.2963867e+02
   1.3572400e+05   3.8940430e+01
   1.3575400e+05   5.0537109e+01
   1.3579900e+05   3.4973145e+01
   1.3581100e+05   3.4790039e+01
   1.3583000e+05   6.4208984e+01
   1.3590700e+05   2.9052734e+01
   1.3595100e+05   3.3020020e+01
   1.3597100e+05   6.4392090e+01
   1.3602800e+05   2.8991699e+01
   1.3604000e+05   2.9052734e+01
   1.3653800e+05   2.9907227e+01
   1.3660200e+05   3.3264160e+01
   1.3676500e+05   4.0954590e+01
   1.3690800e+05   3.7536621e+01
   1.3712400e+05   3.7109375e+01
   1.3755700e+05   4.5471191e+01
   1.3776200e+05   5.4138184e+01
   1.3797200e+05   4.7485352e+01
   1.3819300e+05   4.6936035e+01
   1.3961100e+05   4.8706055e+01
   1.3991800e+05   4.8461914e+01
   1.4026800e+05   4.8522949e+01
   1.6652600e+05   8.4594727e+01
   1.6659500e+05   6.2805176e+01
   1.6661600e+05   5.8471680e+01
   1.6666500e+05   3.3935547e+01
   1.6669800e+05   5.6335449e+01
   1.6671600e+05   3.6010742e+01
   1.6674200e+05   4.3518066e+01
   1.6675400e+05   5.9326172e+01
   1.6677700e+05   9.8022461e+01
   1.6679800e+05   1.0357666e+02
   1.6681700e+05   1.0260010e+02
   1.6682700e+05   4.9072266e+01
   1.6687100e+05   6.8054199e+01
   1.6688600e+05   8.3251953e+01
   1.6691600e+05   4.4006348e+01
   1.6693400e+05   4.5837402e+01
   1.6696500e+05   6.1706543e+01
   1.6697700e+05   5.3771973e+01
   1.6699000e+05   8.7829590e+01
   1.6702800e+05   4.0588379e+01
   1.6705600e+05   6.2805176e+01
   1.6707800e+05   3.0029297e+01
   1.6717000e+05   3.2409668e+01
   1.6737500e+05   3.2836914e+01
   1.6777600e+05   2.7954102e+01
   1.6783700e+05   3.2409668e+01
   1.6813900e+05   3.5888672e+01
   1.6824500e+05   3.4240723e+01
   1.6841000e+05   3.0883789e+01
   1.6859100e+05   4.0100098e+01
   1.6913100e+05   3.1005859e+01
   1.6954700e+05   5.1391602e+01
   1.6978800e+05   4.0527344e+01
   1.7022000e+05   4.4067383e+01
   1.7053400e+05   4.5776367e+01
   2.0568500e+05   9.0942383e+01
   2.0569600e+05   3.3081055e+01
   2.0573800e+05   7.1044922e+01
   2.0580200e+05   7.2265625e+01
   2.0582000e+05   4.2663574e+01
   2.0583600e+05   2.8747559e+01
   2.0586200e+05   3.6132813e+01
   2.0589200e+05   4.3701172e+01
   2.0590700e+05   5.7800293e+01
   2.0597500e+05   2.9602051e+01
   2.0601000e+05   4.2236328e+01
   2.0606000e+05   2.8991699e+01
   2.0607000e+05   8.3312988e+01
   2.0610400e+05   3.0273438e+01
   2.0612100e+05   4.7485352e+01
   2.0614000e+05   4.2785645e+01
   2.0623800e+05   4.7912598e+01
   2.0626900e+05   2.9785156e+01
   2.0634300e+05   3.3935547e+01
   2.0636900e+05   4.3090820e+01
   2.0641700e+05   3.7780762e+01
   2.0643800e+05   2.8259277e+01
   2.0648600e+05   6.0119629e+01
   2.0649800e+05   3.8696289e+01
   2.0651500e+05   6.5063477e+01
   2.0654800e+05   3.7353516e+01
   2.0657400e+05   4.6081543e+01
   2.0660900e+05   5.2673340e+01
   2.0663300e+05   4.1870117e+01
   2.0666500e+05   4.9072266e+01
   2.0669400e+05   7.7026367e+01
   2.0670400e+05   1.1663818e+02
   2.0672900e+05   6.8847656e+01
   2.0674400e+05   6.0485840e+01
   2.0678000e+05   4.2663574e+01
   2.0680100e+05   6.0485840e+01
   2.0683000e+05   3.6437988e+01
   2.0685600e+05   2.9174805e+01
   2.0686800e+05   2.9479980e+01
   2.0689600e+05   2.8564453e+01
   2.0691600e+05   3.7048340e+01
   2.0693000e+05   7.9956055e+01
   2.0695700e+05   3.1188965e+01
   2.0702800e+05   3.4179688e+01
   2.0749900e+05   3.1677246e+01
   2.0753000e+05   2.9968262e+01
   2.0761900e+05   5.0170898e+01
   2.0765200e+05   2.8869629e+01
   2.1053400e+05   5.2978516e+01
   2.3995800e+05   9.6923828e+01
   2.4001900e+05   8.0810547e+01
   2.4008900e+05   7.3181152e+01
   2.4011200e+05   4.1320801e+01
   2.4013900e+05   4.5959473e+01
   2.4019700e+05   6.8603516e+01
   2.4027300e+05   3.8818359e+01
   2.4030300e+05   2.9357910e+01
   2.4031300e+05   5.5969238e+01
   2.4034300e+05   2.8137207e+01
   2.4042700e+05   5.6945801e+01
   2.4044700e+05   3.1250000e+01
   2.4054900e+05   5.9631348e+01
   2.4069100e+05   5.0903320e+01
   2.4077300e+05   2.7648926e+01
   2.4079500e+05   2.7709961e+01
   2.4087700e+05   6.1889648e+01
   2.4105600e+05   4.3884277e+01
   2.4108300e+05   2.7832031e+01
   2.4125500e+05   5.2795410e+01
   2.4128000e+05   2.7587891e+01
   2.4141700e+05   5.7189941e+01
   2.4146300e+05   3.0029297e+01
   2.4149400e+05   3.8330078e+01
   2.4151600e+05   4.4189453e+01
   2.4154400e+05   1.0076904e+02
   2.4157100e+05   6.3781738e+01
   2.4159100e+05   8.5510254e+01
   2.4161300e+05   5.5969238e+01
   2.4164500e+05   6.1706543e+01
   2.4167800e+05   6.5917969e+01
   2.4170000e+05   4.9926758e+01
   2.4172600e+05   5.7983398e+01
   2.4175100e+05   3.9855957e+01
   2.4177400e+05   3.9978027e+01
   2.4179000e+05   7.5927734e+01
   2.4180600e+05   2.9724121e+01
   2.4183300e+05   3.5095215e+01
   2.4185600e+05   4.7241211e+01
   2.4188700e+05   1.0443115e+02
   2.4191400e+05   3.1372070e+01
   2.4196500e+05   5.2612305e+01
   2.4200200e+05   3.4301758e+01
   2.4201800e+05   3.7719727e+01
   2.4244800e+05   2.9663086e+01
   2.4268500e+05   2.9907227e+01
   2.4347500e+05   2.9418945e+01
   2.4366200e+05   2.7709961e+01
   2.4535000e+05   4.8278809e+01
   2.6716200e+05   3.8085938e+01
   2.8284000e+05   1.0363770e+02
   2.8289800e+05   7.3791504e+01
   2.8297500e+05   5.9997559e+01
   2.8302900e+05   6.3659668e+01
   2.8306800e+05   2.7709961e+01
   2.8308200e+05   3.9550781e+01
   2.8315200e+05   7.4890137e+01
   2.8317600e+05   3.2836914e+01
   2.8321000e+05   9.8510742e+01
   2.8329800e+05   2.8015137e+01
   2.8331800e+05   5.2795410e+01
   2.8335600e+05   4.9377441e+01
   2.8342200e+05   3.1860352e+01
   2.8345700e+05   5.0048828e+01
   2.8358900e+05   6.1828613e+01
   2.8374300e+05   5.3344727e+01
   2.8396200e+05   5.3710938e+01
   2.8416500e+05   4.5898438e+01
   2.8454600e+05   6.3232422e+01
   2.8484700e+05   3.2714844e+01
   2.8488600e+05   4.9865723e+01
   2.8494300e+05   3.8757324e+01
   2.8495500e+05   5.7922363e+01
   2.8497200e+05   4.5166016e+01
   2.8499300e+05   3.5278320e+01
   2.8502300e+05   5.2429199e+01
   2.8504300e+05   3.5339355e+01
   2.8505500e+05   3.4667969e+01
   2.8507300e+05   7.9589844e+01
   2.8512300e+05   5.3283691e+01
   2.8513400e+05   3.0090332e+01
   2.8515100e+05   4.3884277e+01
   2.8517500e+05   7.6477051e+01
   2.8519100e+05   3.8635254e+01
   2.8521200e+05   3.6376953e+01
   2.8523800e+05   3.4851074e+01
   2.8526200e+05   4.9438477e+01
   2.8528200e+05   1.0565186e+02
   2.8530700e+05   5.1818848e+01
   2.8531900e+05   4.2541504e+01
   2.8535300e+05   2.9602051e+01
   2.8537000e+05   4.5349121e+01
   2.8542400e+05   3.5156250e+01
   2.8553800e+05   2.8808594e+01
   2.8577400e+05   3.0029297e+01
   2.8589700e+05   2.9663086e+01
   2.8865600e+05   5.6152344e+01
   3.2933600e+05   9.0637207e+01
   3.2939000e+05   6.5612793e+01
   3.2946700e+05   7.2692871e+01
   3.2949700e+05   3.3691406e+01
   3.2953000e+05   3.6254883e+01
   3.2957100e+05   5.6213379e+01
   3.2965200e+05   9.0209961e+01
   3.2968600e+05   3.8024902e+01
   3.2971500e+05   5.9265137e+01
   3.2984400e+05   4.9865723e+01
   3.2999300e+05   5.7922363e+01
   3.3018500e+05   5.4199219e+01
   3.3048400e+05   5.0170898e+01
   3.3060400e+05   2.8930664e+01
   3.3127800e+05   6.1645508e+01
   3.3134900e+05   3.4545898e+01
   3.3138900e+05   3.5888672e+01
   3.3140500e+05   4.5654297e+01
   3.3142500e+05   8.8195801e+01
   3.3144900e+05   3.2104492e+01
   3.3147600e+05   5.9814453e+01
   3.3150500e+05   9.3139648e+01
   3.3151600e+05   3.5522461e+01
   3.3152600e+05   4.7485352e+01
   3.3153700e+05   7.9833984e+01
   3.3157100e+05   5.3405762e+01
   3.3159700e+05   4.8095703e+01
   3.3162000e+05   7.6049805e+01
   3.3163300e+05   2.7526855e+01
   3.3165400e+05   5.7861328e+01
   3.3167000e+05   4.3762207e+01
   3.3169500e+05   4.0466309e+01
   3.3171400e+05   7.1655273e+01
   3.3173800e+05   5.5480957e+01
   3.3181500e+05   4.3395996e+01
   3.3184300e+05   4.3029785e+01
   3.3186200e+05   2.9602051e+01
   3.3187600e+05   6.3842773e+01
   3.3190300e+05   2.9907227e+01
   3.3209100e+05   3.4790039e+01
   3.3228800e+05   2.7954102e+01
   3.3257300e+05   3.6376953e+01
   3.3284900e+05   2.9968262e+01
   3.3312500e+05   3.4790039e+01
   3.6365800e+05   3.1433105e+01
   3.8229700e+05   1.0266113e+02
   3.8233900e+05   2.8686523e+01
   3.8236000e+05   6.7687988e+01
   3.8242400e+05   3.9611816e+01
   3.8245400e+05   5.6213379e+01
   3.8246500e+05   5.2185059e+01
   3.8250600e+05   4.1015625e+01
   3.8256300e+05   6.3354492e+01
   3.8262400e+05   8.9355469e+01
   3.8266100e+05   2.7893066e+01
   3.8271200e+05   6.9885254e+01
   3.8272500e+05   3.5827637e+01
   3.8285300e+05   5.2429199e+01
   3.8288600e+05   9.9487305e+01
   3.8294300e+05   3.8269043e+01
   3.8300300e+05   5.8105469e+01
   3.8306400e+05   2.9296875e+01
   3.8317400e+05   3.3325195e+01
   3.8319600e+05   5.5114746e+01
   3.8347000e+05   5.1757813e+01
   3.8372500e+05   6.1523438e+01
   3.8396000e+05   2.8320313e+01
   3.8398500e+05   3.0395508e+01
   3.8402400e+05   6.8237305e+01
   3.8404800e+05   4.6813965e+01
   3.8405900e+05   4.0527344e+01
   3.8408700e+05   5.2246094e+01
   3.8411900e+05   6.1706543e+01
   3.8414100e+05   3.2775879e+01
   3.8416900e+05   6.0424805e+01
   3.8418700e+05   4.5166016e+01
   3.8420600e+05   2.9907227e+01
   3.8422800e+05   6.9580078e+01
   3.8424800e+05   5.7678223e+01
   3.8427000e+05   5.1879883e+01
   3.8428900e+05   3.3264160e+01
   3.8430200e+05   4.0405273e+01
   3.8433500e+05   5.3588867e+01
   3.8434600e+05   6.3720703e+01
   3.8436200e+05   4.1137695e+01
   3.8439200e+05   3.4179688e+01
   3.8441800e+05   3.7902832e+01
   3.8445300e+05   8.8500977e+01
   3.8446400e+05   6.1279297e+01
   3.8457000e+05   4.3640137e+01
   3.8479000e+05   3.0151367e+01
   3.8482100e+05   3.6071777e+01
   3.8497000e+05   3.5644531e+01
   3.8510600e+05   2.8930664e+01
   3.8646100e+05   2.8198242e+01
   3.9213800e+05   2.9357910e+01
   4.1896400e+05   9.0332031e+01
   4.1902100e+05   7.0068359e+01
   4.1909100e+05   6.7443848e+01
   4.1912100e+05   5.3588867e+01
   4.1915100e+05   4.0954590e+01
   4.1919200e+05   7.5988770e+01
   4.1922500e+05   6.6345215e+01
   4.1925500e+05   4.1503906e+01
   4.1926500e+05   3.0029297e+01
   4.1929000e+05   3.4667969e+01
   4.1931200e+05   5.8593750e+01
   4.1933800e+05   4.6997070e+01
   4.1936400e+05   2.8320313e+01
   4.1940400e+05   3.0761719e+01
   4.1942900e+05   4.9316406e+01
   4.1944600e+05   5.2429199e+01
   4.1960800e+05   5.7434082e+01
   4.1966600e+05   8.8684082e+01
   4.1969400e+05   3.5949707e+01
   4.1975500e+05   3.2897949e+01
   4.1981700e+05   5.1818848e+01
   4.2006000e+05   5.4077148e+01
   4.2040300e+05   5.5236816e+01
   4.2046700e+05   8.2153320e+01
   4.2115000e+05   3.2409668e+01
   4.2123300e+05   2.8320313e+01
   4.2126300e+05   5.9204102e+01
   4.2127600e+05   3.2470703e+01
   4.2129900e+05   3.5705566e+01
   4.2131700e+05   6.1462402e+01
   4.2135400e+05   4.8400879e+01
   4.2137800e+05   5.0476074e+01
   4.2140400e+05   5.8837891e+01
   4.2142700e+05   2.8076172e+01
   4.2146700e+05   2.8686523e+01
   4.2150100e+05   5.4626465e+01
   4.2151300e+05   6.0974121e+01
   4.2154100e+05   4.3823242e+01
   4.2155600e+05   3.1677246e+01
   4.2158400e+05   1.3940430e+02
   4.2159700e+05   4.4128418e+01
   4.2162600e+05   7.2814941e+01
   4.2164700e+05   3.4179688e+01
   4.2165800e+05   4.1076660e+01
   4.2169700e+05   5.2673340e+01
   4.2172400e+05   8.0383301e+01
   4.2175000e+05   3.9733887e+01
   4.2177200e+05   5.6762695e+01
   4.2181400e+05   3.8696289e+01
   4.2185500e+05   6.9458008e+01
   4.2188100e+05   3.5461426e+01
   4.2198200e+05   5.4077148e+01
   4.2203500e+05   3.3325195e+01
   4.2214000e+05   6.2561035e+01
   4.2264000e+05   3.0761719e+01
   4.2327000e+05   2.8991699e+01
   4.4893600e+05   9.8693848e+01
   4.4894600e+05   3.0883789e+01
   4.4899200e+05   3.7109375e+01
   4.4901800e+05   2.8991699e+01
   4.4902800e+05   2.8137207e+01
   4.4905300e+05   6.5490723e+01
   4.4913600e+05   4.1687012e+01
   4.4918600e+05   5.9936523e+01
   4.4919900e+05   5.8959961e+01
   4.4933300e+05   2.9357910e+01
   4.4936100e+05   8.0139160e+01
   4.4951700e+05   4.9438477e+01
   4.4964500e+05   8.4350586e+01
   4.4968800e+05   3.1738281e+01
   4.4971600e+05   4.4738770e+01
   4.4974200e+05   2.7587891e+01
   4.4976700e+05   2.7832031e+01
   4.4990500e+05   2.7526855e+01
   4.4993700e+05   5.6518555e+01
   4.5006300e+05   7.9284668e+01
   4.5023400e+05   5.9204102e+01
   4.8112800e+05   5.1940918e+01
   4.8113800e+05   3.5217285e+01
   4.8118000e+05   6.1584473e+01
   4.8122200e+05   6.7321777e+01
   4.8125400e+05   4.7485352e+01
   4.8127400e+05   3.5400391e+01
   4.8133600e+05   5.8044434e+01
   4.8141300e+05   8.0749512e+01
   4.8145200e+05   3.2348633e+01
   4.8148800e+05   7.9711914e+01
   4.8150200e+05   3.8208008e+01
   4.8151300e+05   4.1198730e+01
   4.8163700e+05   4.4799805e+01
   4.8169500e+05   9.2163086e+01
   4.8175500e+05   2.9602051e+01
   4.8186000e+05   5.1391602e+01
   4.8205900e+05   9.1369629e+01
   4.8211600e+05   6.1889648e+01
   4.8298500e+05   8.9538574e+01
   5.0457800e+05   8.6364746e+01
   5.0463200e+05   5.7861328e+01
   5.0466200e+05   2.7648926e+01
   5.0469200e+05   6.7749023e+01
   5.0470700e+05   4.3212891e+01
   5.0475000e+05   3.2348633e+01
   5.0476000e+05   2.8625488e+01
   5.0481700e+05   5.2490234e+01
   5.0486200e+05   7.9528809e+01
   5.0489500e+05   2.8747559e+01
   5.0490700e+05   3.1066895e+01
   5.0497700e+05   5.1147461e+01
   5.0501300e+05   2.9846191e+01
   5.0513400e+05   5.3771973e+01
   5.0515300e+05   7.6721191e+01
   5.0532300e+05   3.8269043e+01
   5.0552600e+05   8.5449219e+01
   5.0554500e+05   6.8054199e+01
   5.0617700e+05   7.5561523e+01
   5.0628400e+05   6.9213867e+01
   5.0635600e+05   3.8635254e+01
   5.0717200e+05   7.4829102e+01
   5.0744100e+05   8.0688477e+01
   5.0780300e+05   7.6721191e+01
   5.0802400e+05   3.9550781e+01
   5.0835900e+05   5.3466797e+01
   5.0852900e+05   5.3344727e+01
   5.2831400e+05   8.4289551e+01
   5.2837500e+05   6.2683105e+01
   5.2842000e+05   8.2214355e+01
   5.2844100e+05   3.9794922e+01
   5.2847800e+05   3.6743164e+01
   5.2858900e+05   8.0017090e+01
   5.2861200e+05   6.6345215e+01
   5.2864900e+05   3.3508301e+01
   5.2875100e+05   2.8564453e+01
   5.2880600e+05   4.9133301e+01
   5.2882200e+05   7.8857422e+01
   5.2903200e+05   5.2673340e+01
   5.2908200e+05   6.7749023e+01
   5.2921300e+05   6.3659668e+01
   5.2931600e+05   5.7250977e+01
   5.2941400e+05   6.7382813e+01
   5.2984400e+05   7.3608398e+01
   5.3026500e+05   7.0373535e+01
   5.3041500e+05   5.2307129e+01
   5.3079400e+05   7.1838379e+01
   5.3097200e+05   4.3945313e+01
   5.5102400e+05   8.9904785e+01
   5.5108000e+05   5.4138184e+01
   5.5111400e+05   6.7810059e+01
   5.5113600e+05   4.5654297e+01
   5.5122200e+05   6.8176270e+01
   5.5126800e+05   3.1311035e+01
   5.5128600e+05   3.8879395e+01
   5.5130700e+05   6.8542480e+01
   5.5137300e+05   2.8503418e+01
   5.5143700e+05   6.4453125e+01
   5.5145500e+05   3.6376953e+01
   5.5151900e+05   5.8471680e+01
   5.5155100e+05   4.7485352e+01
   5.5175500e+05   6.1706543e+01
   5.5219900e+05   7.5866699e+01
   5.5235800e+05   6.0607910e+01
   5.5247900e+05   3.1066895e+01
   5.5282100e+05   6.7810059e+01
   5.5307200e+05   4.9865723e+01
   5.5365700e+05   7.6049805e+01
   5.5376500e+05   4.6569824e+01
   5.5415600e+05   6.3903809e+01
   5.5416700e+05   2.8137207e+01
   5.7147100e+05   9.1796875e+01
   5.7149500e+05   3.3203125e+01
   5.7152200e+05   4.8645020e+01
   5.7158100e+05   6.9580078e+01
   5.7159400e+05   4.1076660e+01
   5.7162600e+05   5.4443359e+01
   5.7175900e+05   6.8664551e+01
   5.7177000e+05   5.5541992e+01
   5.7179900e+05   3.5156250e+01
   5.7190800e+05   3.0334473e+01
   5.7192000e+05   6.5063477e+01
   5.7196100e+05   5.9387207e+01
   5.7213300e+05   7.1533203e+01
   5.7220900e+05   5.2307129e+01
   5.7237400e+05   6.5002441e+01
   5.7281000e+05   7.4218750e+01
   5.7315200e+05   7.5073242e+01
   5.7347700e+05   6.1645508e+01
   5.7389700e+05   7.4279785e+01
   5.7422600e+05   6.7382813e+01
   5.7439700e+05   4.0466309e+01
   5.7491300e+05   6.5063477e+01
   5.7501000e+05   3.9245605e+01
   5.9215500e+05   4.1320801e+01
   5.9216500e+05   5.1269531e+01
   5.9220500e+05   4.8400879e+01
   5.9228000e+05   6.5917969e+01
   5.9229700e+05   3.9855957e+01
   5.9235100e+05   4.2663574e+01
   5.9236500e+05   6.1035156e+01
   5.9240700e+05   2.8747559e+01
   5.9244800e+05   5.0781250e+01
   5.9247700e+05   5.4565430e+01
   5.9257000e+05   2.7709961e+01
   5.9263600e+05   5.7006836e+01
   5.9270800e+05   6.4819336e+01
   5.9273400e+05   2.9663086e+01
   5.9281900e+05   3.0273438e+01
   5.9297900e+05   7.1899414e+01
   5.9324000e+05   5.8471680e+01
   5.9329000e+05   2.8320313e+01
   5.9377800e+05   6.3476563e+01
   5.9405500e+05   6.2927246e+01
   5.9437700e+05   5.7739258e+01
   5.9470200e+05   6.1706543e+01
   5.9507300e+05   4.7912598e+01
   5.9547900e+05   6.5185547e+01
   5.9567600e+05   3.7719727e+01
   5.9599000e+05   5.0659180e+01
   5.9617500e+05   3.1799316e+01
   6.2095800e+05   9.5458984e+01
   6.2102100e+05   5.8837891e+01
   6.2104700e+05   3.0151367e+01
   6.2107900e+05   4.7668457e+01
   6.2109700e+05   5.7373047e+01
   6.2115800e+05   4.8278809e+01
   6.2121800e+05   3.6926270e+01
   6.2122900e+05   5.0048828e+01
   6.2131700e+05   7.2448730e+01
   6.2134100e+05   5.9875488e+01
   6.2136200e+05   4.8522949e+01
   6.2138500e+05   3.0944824e+01
   6.2152500e+05   6.3598633e+01
   6.2180400e+05   7.1838379e+01
   6.2208600e+05   6.4147949e+01
   6.2234700e+05   6.1157227e+01
   6.2248600e+05   5.3955078e+01
   6.2295100e+05   6.9702148e+01
   6.2313300e+05   3.9550781e+01
   6.2352200e+05   6.0546875e+01
   6.2367200e+05   3.4545898e+01
   6.2388200e+05   3.9855957e+01
   6.2404800e+05   3.4423828e+01
   6.2458700e+05   6.6711426e+01
   6.2468500e+05   2.8686523e+01
   6.2494200e+05   4.0832520e+01
   6.2549300e+05   5.2368164e+01
   6.2578300e+05   4.2602539e+01
   6.2612300e+05   3.9245605e+01
   6.2654400e+05   5.2734375e+01
   6.2679700e+05   3.3386230e+01
   6.2735200e+05   5.3771973e+01
   6.5632800e+05   8.9477539e+01
   6.5638600e+05   4.6752930e+01
   6.5647100e+05   2.8259277e+01
   6.5648600e+05   5.2673340e+01
   6.5653300e+05   2.7893066e+01
   6.5658700e+05   5.1269531e+01
   6.5662000e+05   4.1748047e+01
   6.5674100e+05   6.2744141e+01
   6.5675800e+05   5.4138184e+01
   6.5679500e+05   2.9296875e+01
   6.5684300e+05   4.5227051e+01
   6.5686800e+05   2.9541016e+01
   6.5697600e+05   5.3161621e+01
   6.5714500e+05   4.6264648e+01
   6.5743700e+05   4.5959473e+01
   6.5791600e+05   6.9335938e+01
   6.5813300e+05   4.7546387e+01
   6.5860600e+05   4.6875000e+01
   6.5884900e+05   5.3588867e+01
   6.5905600e+05   5.3649902e+01
   6.5922700e+05   2.8442383e+01
   6.5940900e+05   3.4912109e+01
   6.5949200e+05   2.8381348e+01
   6.5976500e+05   3.8940430e+01
   6.8080500e+05   8.4899902e+01
   6.8086100e+05   5.0048828e+01
   6.8094300e+05   4.5593262e+01
   6.8105700e+05   1.0034180e+02
   6.8111000e+05   4.2114258e+01
   6.8126800e+05   6.4270020e+01
   6.8132600e+05   4.0710449e+01
   6.8140100e+05   2.9968262e+01
   6.8141800e+05   6.1645508e+01
   6.8152200e+05   6.0058594e+01
   6.8165600e+05   4.3151855e+01
   6.8184200e+05   3.9367676e+01
   6.8203200e+05   4.6386719e+01
   6.8231900e+05   5.6335449e+01
   6.8256200e+05   4.0649414e+01
   6.8286900e+05   4.2297363e+01
   6.8302100e+05   3.3874512e+01
   6.8356100e+05   5.7983398e+01
   6.8392900e+05   5.8105469e+01
   6.8427500e+05   5.0048828e+01
   6.8486300e+05   5.9936523e+01
   6.8495400e+05   2.9174805e+01
   7.1497900e+05   8.8500977e+01
   7.1503300e+05   6.8542480e+01
   7.1509900e+05   4.8400879e+01
   7.1519500e+05   2.7465820e+01
   7.1524500e+05   6.0913086e+01
   7.1529900e+05   2.7770996e+01
   7.1534700e+05   3.2043457e+01
   7.1539700e+05   5.8715820e+01
   7.1544500e+05   4.8095703e+01
   7.1545600e+05   3.0395508e+01
   7.1567200e+05   6.1035156e+01
   7.1571500e+05   2.9418945e+01
   7.1588000e+05   5.4809570e+01
   7.1602500e+05   4.6813965e+01
   7.1632400e+05   6.1096191e+01
   7.1650000e+05   5.2856445e+01
   7.1698600e+05   5.5908203e+01
   7.1712000e+05   4.0832520e+01
   7.1728100e+05   3.8146973e+01
   7.1765200e+05   3.7109375e+01
   7.1809700e+05   5.0781250e+01
   7.1839900e+05   5.7495117e+01
   7.1907900e+05   6.6040039e+01
   7.1972500e+05   6.6040039e+01
   7.1984800e+05   3.4118652e+01
   7.2019500e+05   5.3833008e+01
   7.2084200e+05   5.6335449e+01
   7.4754200e+05   9.1369629e+01
   7.4760200e+05   2.7770996e+01
   7.4761900e+05   4.2419434e+01
   7.4769300e+05   4.7668457e+01
   7.4777900e+05   3.8024902e+01
   7.4780800e+05   3.0334473e+01
   7.4785500e+05   2.7648926e+01
   7.4787900e+05   6.2744141e+01
   7.4792000e+05   3.6132813e+01
   7.4810900e+05   4.5837402e+01
   7.4821000e+05   2.8930664e+01
   7.4834400e+05   4.9377441e+01
   7.4847600e+05   4.0588379e+01
   7.4879100e+05   6.4514160e+01
   7.4896500e+05   4.6142578e+01
   7.4919200e+05   4.2846680e+01
   7.4953400e+05   6.1157227e+01
   7.4967600e+05   3.6071777e+01
   7.5005600e+05   2.9785156e+01
   7.5026400e+05   2.9418945e+01
   7.5074200e+05   5.4748535e+01
   7.5088500e+05   3.0883789e+01
   7.5125600e+05   4.8889160e+01
   7.5179700e+05   4.9194336e+01
   7.6452600e+05   8.1787109e+01
   7.6458900e+05   5.1269531e+01
   7.6470400e+05   4.6081543e+01
   7.6475100e+05   3.4057617e+01
   7.6483200e+05   3.7414551e+01
   7.6495100e+05   8.2031250e+01
   7.6525400e+05   4.6936035e+01
   7.6544000e+05   5.0476074e+01
   7.6566600e+05   3.3813477e+01
   7.6585700e+05   2.8442383e+01
   7.6622800e+05   3.8085938e+01
   7.6639300e+05   3.0639648e+01
   7.6672800e+05   5.1086426e+01
   7.6720300e+05   3.0273437e+01
   7.6806400e+05   6.3171387e+01
   7.6829000e+05   2.8381348e+01
   7.6875400e+05   6.1401367e+01
   7.9790900e+05   8.6547852e+01
   7.9795800e+05   3.4057617e+01
   7.9800400e+05   3.0212402e+01
   7.9804400e+05   2.8259277e+01
   7.9807300e+05   3.4790039e+01
   7.9812900e+05   3.5949707e+01
   7.9817900e+05   3.8940430e+01
   7.9825200e+05   8.0261230e+01
   7.9831400e+05   4.8156738e+01
   7.9857100e+05   5.3588867e+01
   7.9887300e+05   5.1574707e+01
   7.9912600e+05   4.8034668e+01
   7.9955700e+05   4.5837402e+01
   7.9984700e+05   5.0842285e+01
   7.9996600e+05   2.8930664e+01
   8.0014500e+05   2.9052734e+01
   8.0048800e+05   5.5908203e+01
   8.0082400e+05   4.7607422e+01
   8.0118300e+05   4.2480469e+01
   8.0166000e+05   3.9367676e+01
   8.0186500e+05   3.5217285e+01
   8.0306800e+05   5.7678223e+01
   8.1376800e+05   8.4289551e+01
   8.1387300e+05   6.3476563e+01
   8.1390900e+05   3.2836914e+01
   8.1394700e+05   3.2653809e+01
   8.1404000e+05   4.6020508e+01
   8.1406900e+05   3.6499023e+01
   8.1419800e+05   3.0456543e+01
   8.1428300e+05   3.4729004e+01
   8.1432300e+05   2.8015137e+01
   8.1463100e+05   4.3823242e+01
   8.1483700e+05   5.0109863e+01
   8.1504000e+05   3.2409668e+01
   8.1536200e+05   5.0537109e+01
   8.1553800e+05   3.5339355e+01
   8.1596600e+05   4.7668457e+01
   8.1623200e+05   3.6376953e+01
   8.1674700e+05   4.0527344e+01
   8.3390800e+05   8.2275391e+01
   8.3406900e+05   7.9345703e+01
   8.3413800e+05   3.2531738e+01
   8.3422000e+05   4.3518066e+01
   8.3428600e+05   2.7709961e+01
   8.3447000e+05   3.3813477e+01
   8.3464800e+05   4.0832520e+01
   8.3500600e+05   3.5278320e+01
   8.3521000e+05   4.4006348e+01
   8.3541300e+05   3.5522461e+01
   8.3584900e+05   5.6030273e+01
   8.3598600e+05   3.4851074e+01
   8.3617100e+05   2.8015137e+01
   8.3653500e+05   3.9978027e+01
   8.3683900e+05   3.8330078e+01
   8.3707800e+05   3.1372070e+01
   8.3757600e+05   3.5095215e+01
   8.3785400e+05   3.6865234e+01
   8.3814700e+05   3.4606934e+01
   8.3840800e+05   2.7526855e+01
   8.6831900e+05   8.8439941e+01
   8.6848800e+05   6.8359375e+01
   8.6854600e+05   4.3334961e+01
   8.6857200e+05   2.8137207e+01
   8.6859900e+05   4.8522949e+01
   8.6864700e+05   3.9062500e+01
   8.6869100e+05   2.8991699e+01
   8.6873000e+05   3.3874512e+01
   8.6874300e+05   3.9489746e+01
   8.6894500e+05   4.5898438e+01
   8.6922800e+05   5.4321289e+01
   8.6938100e+05   3.8208008e+01
   8.6956500e+05   4.4921875e+01
   8.6974100e+05   4.0222168e+01
   8.6997300e+05   4.3884277e+01
   8.7017200e+05   5.1635742e+01
   8.7085800e+05   5.5297852e+01
   8.7103400e+05   3.5888672e+01
   8.7136300e+05   5.7617188e+01
   8.7148300e+05   2.8808594e+01
   8.7189300e+05   4.7302246e+01
   8.7217800e+05   2.9968262e+01
   8.9541600e+05   9.8754883e+01
   8.9548000e+05   4.1503906e+01
   8.9555400e+05   3.7048340e+01
   8.9561700e+05   3.7658691e+01
   8.9574400e+05   5.1391602e+01
   8.9579300e+05   2.9235840e+01
   8.9588600e+05   2.8625488e+01
   8.9599100e+05   2.7832031e+01
   8.9620100e+05   5.4382324e+01
   8.9635700e+05   3.3935547e+01
   8.9648400e+05   2.9113770e+01
   8.9669900e+05   4.0100098e+01
   8.9693900e+05   3.9916992e+01
   8.9714100e+05   3.4545898e+01
   8.9737700e+05   5.0781250e+01
   8.9754400e+05   2.9052734e+01
   8.9799400e+05   3.0334473e+01
   8.9824300e+05   3.9184570e+01
   9.1739900e+05   8.7219238e+01
   9.1752700e+05   7.3486328e+01
   9.1760900e+05   4.1748047e+01
   9.1771800e+05   3.7536621e+01
   9.1775500e+05   3.2897949e+01
   9.1784400e+05   3.3630371e+01
   9.1805300e+05   4.1748047e+01
   9.1810000e+05   2.8808594e+01
   9.1820400e+05   3.4484863e+01
   9.1853300e+05   4.4311523e+01
   9.1867100e+05   2.8503418e+01
   9.1884600e+05   3.2592773e+01
   9.1905600e+05   4.4494629e+01
   9.1951600e+05   3.9672852e+01
   9.2011800e+05   2.8564453e+01
   9.2035100e+05   2.9663086e+01
   9.2097600e+05   6.7016602e+01
   9.2109000e+05   3.1127930e+01
   9.2112700e+05   2.8625488e+01
   9.2145200e+05   3.9672852e+01
   9.2200600e+05   4.4677734e+01
   9.2232400e+05   3.4973145e+01
   9.4257600e+05   8.7646484e+01
   9.4263900e+05   3.4790039e+01
   9.4274200e+05   3.0151367e+01
   9.4277700e+05   4.7180176e+01
   9.4285900e+05   3.7475586e+01
   9.4297200e+05   3.1921387e+01
   9.4310800e+05   3.1738281e+01
   9.4340700e+05   2.9724121e+01
   9.4363200e+05   4.4006348e+01
   9.4380800e+05   3.7109375e+01
   9.4411600e+05   4.2480469e+01
   9.4441700e+05   3.5888672e+01
   9.4458300e+05   3.6499023e+01
   9.8728300e+05   8.6181641e+01
   9.8734800e+05   5.6335449e+01
   9.8743900e+05   4.1687012e+01
   9.8746300e+05   3.8513184e+01
   9.8751700e+05   2.8259277e+01
   9.8753100e+05   3.0273438e+01
   9.8766200e+05   5.5053711e+01
   9.8788800e+05   3.8635254e+01
   9.8816800e+05   3.5034180e+01
   9.8838200e+05   5.0903320e+01
   9.8850600e+05   3.7841797e+01
   9.8868100e+05   3.5095215e+01
   9.8906500e+05   7.0251465e+01
   9.8922900e+05   3.5034180e+01
   9.8926500e+05   2.8137207e+01
   9.8940100e+05   3.2043457e+01
   9.8985500e+05   5.5847168e+01
   9.9019200e+05   2.8686523e+01
   9.9040000e+05   3.3752441e+01
   9.9101900e+05   5.7434082e+01
   9.9151900e+05   5.4687500e+01
   9.9173300e+05   3.7780762e+01
   9.9198700e+05   3.5461426e+01
   9.9244800e+05   2.9174805e+01
   9.9265500e+05   3.6315918e+01
   1.0179140e+06   7.9833984e+01
   1.0180070e+06   5.8898926e+01
   1.0180390e+06   2.9968262e+01
   1.0180850e+06   4.3518066e+01
   1.0181900e+06   4.6630859e+01
   1.0182600e+06   3.2348633e+01
   1.0183310e+06   4.5410156e+01
   1.0183920e+06   2.9235840e+01
   1.0184330e+06   2.9968262e+01
   1.0184940e+06   4.0283203e+01
   1.0189900e+06   3.9672852e+01
   1.0191870e+06   4.1381836e+01
   1.0193320e+06   2.8686523e+01
   1.0195460e+06   3.0212402e+01
   1.0197920e+06   5.1940918e+01
   1.0200120e+06   3.4362793e+01
   1.0205010e+06   4.5593262e+01
   1.0207290e+06   2.8991699e+01
   1.0214060e+06   6.0180664e+01
   1.0216390e+06   3.0639648e+01
   1.0218920e+06   4.2480469e+01
   1.0954240e+06   8.9599609e+01
   1.0954880e+06   6.7016602e+01
   1.0955620e+06   6.1279297e+01
   1.0956680e+06   4.3090820e+01
   1.0957620e+06   3.5034180e+01
   1.0959400e+06   6.9152832e+01
   1.0962410e+06   6.7626953e+01
   1.0963500e+06   2.9968262e+01
   1.0964820e+06   3.3447266e+01
   1.0966930e+06   6.1401367e+01
   1.0968700e+06   3.8818359e+01
   1.0971030e+06   5.1696777e+01
   1.0975120e+06   6.6894531e+01
   1.0976570e+06   3.7597656e+01
   1.0977980e+06   2.8076172e+01
   1.0980090e+06   4.2114258e+01
   1.0982790e+06   4.3701172e+01
   1.0984850e+06   4.4433594e+01
   1.0988910e+06   5.0170898e+01
   1.1107930e+06   1.0223389e+02
   1.1326540e+06   8.5998535e+01
   1.1326640e+06   3.0090332e+01
   1.1327030e+06   4.8095703e+01
   1.1327670e+06   3.7048340e+01
   1.1328560e+06   5.0659180e+01
   1.1329400e+06   2.9785156e+01
   1.1330990e+06   5.2429199e+01
   1.1331340e+06   2.9235840e+01
   1.1333340e+06   5.7006836e+01
   1.1334540e+06   3.6132813e+01
   1.1337740e+06   5.9936523e+01
   1.1339380e+06   3.8879395e+01
   1.1343220e+06   5.8898926e+01
   1.1345630e+06   4.3395996e+01
   1.1348750e+06   4.5410156e+01
   1.1350750e+06   4.7241211e+01
   1.1356760e+06   6.0607910e+01
   1.1357880e+06   3.0334473e+01
   1.1361080e+06   4.9133301e+01
   1.1523900e+06   7.8430176e+01
   1.1524000e+06   2.8259277e+01
   1.1524580e+06   4.0954590e+01
   1.1525470e+06   4.9621582e+01
   1.1525870e+06   3.4973145e+01
   1.1526510e+06   4.3579102e+01
   1.1526800e+06   2.8625488e+01
   1.1527750e+06   5.2978516e+01
   1.1528660e+06   4.1198730e+01
   1.1531060e+06   6.5002441e+01
   1.1532830e+06   4.4860840e+01
   1.1534550e+06   4.6936035e+01
   1.1536190e+06   3.7231445e+01
   1.1540990e+06   6.9152832e+01
   1.1542980e+06   4.3334961e+01
   1.1545250e+06   3.7292480e+01
   1.1548520e+06   6.0791016e+01
   1.1550970e+06   4.8645020e+01
   1.1555090e+06   5.6701660e+01
   1.1558850e+06   6.0485840e+01
   1.1560430e+06   2.8442383e+01
   1.1563510e+06   4.6752930e+01
   1.1567730e+06   5.3283691e+01
   1.1799470e+06   8.3801270e+01
   1.1800340e+06   7.1105957e+01
   1.1801350e+06   4.4189453e+01
   1.1802240e+06   5.0537109e+01
   1.1802400e+06   4.8645020e+01
   1.1803670e+06   3.0822754e+01
   1.1804260e+06   5.1147461e+01
   1.1807120e+06   5.0842285e+01
   1.1808810e+06   3.2775879e+01
   1.1812400e+06   5.8044434e+01
   1.1815320e+06   5.4077148e+01
   1.1817830e+06   4.5410156e+01
   1.1819840e+06   4.6325684e+01
   1.1827530e+06   5.9936523e+01
   1.1830960e+06   6.1828613e+01
   1.1832820e+06   4.1625977e+01
   1.2075820e+06   1.0363770e+02
   1.2512590e+06   9.2590332e+01
   1.2513540e+06   6.6040039e+01
   1.2514830e+06   6.8237305e+01
   1.2515610e+06   6.0974121e+01
   1.2516310e+06   4.0222168e+01
   1.2517740e+06   7.7026367e+01
   1.2518530e+06   3.3264160e+01
   1.2522280e+06   6.7443848e+01
   1.2523100e+06   4.1625977e+01
   1.2527630e+06   7.3547363e+01
   1.2530200e+06   5.8044434e+01
   1.2531290e+06   3.8818359e+01
   1.2534330e+06   5.1147461e+01
   1.2535970e+06   4.2358398e+01
   1.2537870e+06   4.5471191e+01
   1.2540530e+06   5.6945801e+01
   1.2678010e+06   3.0944824e+01
   1.2885860e+06   8.3801270e+01
   1.2886950e+06   7.4401855e+01
   1.2887860e+06   7.0495605e+01
   1.2888650e+06   5.2368164e+01
   1.2888780e+06   5.5053711e+01
   1.2890210e+06   5.9082031e+01
   1.2891340e+06   3.7841797e+01
   1.2893810e+06   7.8796387e+01
   1.2895540e+06   6.2438965e+01
   1.2901120e+06   7.5256348e+01
   1.2909010e+06   7.1838379e+01
   1.2910890e+06   6.1157227e+01
   1.3085900e+06   8.6608887e+01
   1.3087040e+06   7.2143555e+01
   1.3088020e+06   6.1645508e+01
   1.3090140e+06   6.6467285e+01
   1.3091050e+06   3.4973145e+01
   1.3091290e+06   3.9123535e+01
   1.3093840e+06   6.8786621e+01
   1.3094540e+06   3.1127930e+01
   1.3095730e+06   3.2104492e+01
   1.3098440e+06   6.0974121e+01
   1.3100710e+06   6.4147949e+01
   1.3101010e+06   2.8747559e+01
   1.3266390e+06   7.9467773e+01
   1.3267350e+06   6.2377930e+01
   1.3268310e+06   5.4687500e+01
   1.3268520e+06   2.8869629e+01
   1.3269700e+06   6.2011719e+01
   1.3270960e+06   3.6376953e+01
   1.3271800e+06   6.6406250e+01
   1.3527900e+06   8.7707520e+01
   1.3529240e+06   6.6162109e+01
   1.3529960e+06   4.2846680e+01
   1.3531520e+06   6.6833496e+01
   1.3531740e+06   3.9123535e+01
   1.3534010e+06   7.1594238e+01
   1.3534670e+06   2.7893066e+01
   1.3538010e+06   6.8542480e+01
   1.3541080e+06   6.7382813e+01
   1.3543160e+06   5.8593750e+01
   1.3733280e+06   7.9833984e+01
   1.3734440e+06   8.7829590e+01
   1.3735280e+06   2.9052734e+01
   1.3735590e+06   5.8227539e+01
   1.3737990e+06   7.7575684e+01
   1.3738810e+06   3.7414551e+01
   1.3741860e+06   7.6843262e+01
   1.3742970e+06   5.6152344e+01
   1.4065370e+06   1.0430908e+02
   1.4066250e+06   6.5673828e+01
   1.4067580e+06   7.2387695e+01
   1.4068540e+06   4.4311523e+01
   1.4070770e+06   7.3791504e+01
   1.4076240e+06   7.6721191e+01
   1.4078810e+06   6.9274902e+01
   1.4082860e+06   7.1289063e+01
   1.4355730e+06   8.6547852e+01
   1.4356960e+06   7.3730469e+01
   1.4357720e+06   5.1147461e+01
   1.4359390e+06   6.4331055e+01
   1.4359940e+06   3.5156250e+01
   1.4362780e+06   8.1298828e+01
   1.4364740e+06   6.1706543e+01
   1.4699760e+06   2.9052734e+01
   1.4833920e+06   8.8684082e+01
   1.4835710e+06   3.6499023e+01
   1.4838260e+06   4.6142578e+01
   1.4838960e+06   3.2775879e+01
   1.4842050e+06   8.4960938e+01
   1.4847080e+06   7.4157715e+01
   1.4848160e+06   7.2021484e+01
   1.4849210e+06   4.0222168e+01
   1.4853530e+06   7.2998047e+01
   1.4856560e+06   6.9824219e+01
   1.4859340e+06   6.6467285e+01
   1.5062250e+06   7.9223633e+01
   1.5062350e+06   2.9296875e+01
   1.5062730e+06   2.9174805e+01
   1.5063020e+06   7.5622559e+01
   1.5066390e+06   7.4096680e+01
   1.5067150e+06   3.3935547e+01
   1.5072960e+06   8.3007813e+01
   1.5074690e+06   6.1462402e+01
   1.5077080e+06   3.9062500e+01
   1.5084290e+06   7.5622559e+01
   1.5085780e+06   5.2307129e+01
   1.5708520e+06   7.6782227e+01
   1.5710060e+06   7.1777344e+01
   1.5713170e+06   8.9965820e+01
   1.5713920e+06   4.3334961e+01
   1.5714510e+06   4.0710449e+01
   1.5718430e+06   7.2326660e+01
   1.5720080e+06   6.8481445e+01
   1.5721220e+06   4.7729492e+01
   1.5983230e+06   8.8378906e+01
   1.5983330e+06   3.0273438e+01
   1.5984620e+06   7.4768066e+01
   1.5991090e+06   8.2946777e+01
   1.5991200e+06   2.7465820e+01
   1.5994020e+06   7.6782227e+01
   1.5994880e+06   4.7180176e+01
   1.6448680e+06   9.0942383e+01
   1.6451470e+06   9.0087891e+01
   1.6454360e+06   7.7331543e+01
   1.6461730e+06   7.7575684e+01
   1.6805120e+06   8.6914063e+01
   1.6805950e+06   7.2937012e+01
   1.6809410e+06   8.6242676e+01
   1.6810210e+06   5.8105469e+01
   1.6814300e+06   8.3129883e+01
   1.6814930e+06   2.8808594e+01
   1.6815090e+06   5.3039551e+01
   1.6820520e+06   8.0749512e+01
   1.7219690e+06   1.0205078e+02
   1.7220430e+06   7.4401855e+01
   1.7223880e+06   8.2763672e+01
   1.7224540e+06   5.4260254e+01
   1.7237910e+06   8.3129883e+01
   1.7238790e+06   6.3476563e+01
   1.7239910e+06   5.5847168e+01
   1.7240040e+06   8.1359863e+01
   1.7244120e+06   8.2275391e+01
   1.7245370e+06   6.2866211e+01
   1.7247160e+06   5.5847168e+01
   1.7252840e+06   7.7453613e+01
   1.7253630e+06   3.3630371e+01
   1.7257940e+06   6.6345215e+01
   1.7433550e+06   2.9785156e+01
   1.7635910e+06   9.6069336e+01
   1.7636830e+06   7.5134277e+01
   1.7646420e+06   9.4665527e+01
   1.7647090e+06   5.1147461e+01
   1.7648120e+06   5.9692383e+01
   1.7651760e+06   8.7524414e+01
   1.7652460e+06   4.0100098e+01
   1.7652790e+06   2.8076172e+01
   1.7658840e+06   8.0993652e+01
   1.7659980e+06   6.0974121e+01
   1.7924230e+06   3.2714844e+01
   1.8008870e+06   2.7954102e+01
   1.8350670e+06   8.8989258e+01
   1.8356140e+06   8.6181641e+01
   1.8360420e+06   7.9956055e+01
   1.8368160e+06   7.3608398e+01
   1.8369660e+06   7.3120117e+01
   1.8371280e+06   4.4189453e+01
   1.8373820e+06   7.7636719e+01
   1.8374710e+06   5.0964355e+01
   1.8375870e+06   4.7912598e+01
   1.8382540e+06   7.4340820e+01
   1.8954570e+06   9.5336914e+01
   1.8956040e+06   8.2885742e+01
   1.8960290e+06   8.8256836e+01
   1.8961110e+06   6.4270020e+01
   1.8961460e+06   2.8442383e+01
   1.9124100e+06   9.4604492e+01
   1.9133760e+06   8.3679199e+01
   1.9139320e+06   8.3435059e+01
   1.9523250e+06   8.5937500e+01
   1.9524460e+06   8.1787109e+01
   1.9527120e+06   8.0383301e+01
   1.9528000e+06   6.5246582e+01
   1.9532790e+06   7.6599121e+01
   1.9533700e+06   5.4870605e+01
   1.9545590e+06   3.4179688e+01
   1.9591250e+06   2.8503418e+01
   1.9705030e+06   3.6926270e+01
   1.9870350e+06   9.7351074e+01
   1.9870900e+06   2.8991699e+01
   1.9872470e+06   8.1726074e+01
   1.9873290e+06   5.9020996e+01
   1.9877730e+06   7.9589844e+01
   1.9877840e+06   3.5583496e+01
   2.0253200e+06   9.1369629e+01
   2.0367020e+06   9.5703125e+01
   2.0371080e+06   7.8247070e+01
   2.0372030e+06   6.8176270e+01
   2.0378390e+06   8.5266113e+01
   2.0379090e+06   6.1584473e+01
   2.0768110e+06   8.9355469e+01
   2.0768980e+06   7.4340820e+01
   2.0770680e+06   7.9345703e+01
   2.0771500e+06   6.0974121e+01
   2.0777410e+06   9.3444824e+01
   2.0778050e+06   4.2663574e+01
   2.0779950e+06   7.3303223e+01
   2.0989660e+06   8.8684082e+01
   2.0991570e+06   8.2031250e+01
   2.0999640e+06   8.3068848e+01
   2.1002760e+06   7.7392578e+01
   2.1191840e+06   7.3547363e+01
   2.1311350e+06   9.3017578e+01
   2.1312050e+06   7.3791504e+01
   2.1642740e+06   8.5510254e+01
   2.1643560e+06   7.6354980e+01
   2.1647800e+06   8.4106445e+01
   2.1648530e+06   5.8898926e+01
   2.1977560e+06   9.7167969e+01
   2.1977660e+06   2.7526855e+01
   2.1978510e+06   7.5317383e+01
   2.1980210e+06   7.8125000e+01
   2.1980500e+06   3.7963867e+01
   2.2237920e+06   9.5092773e+01
   2.2238880e+06   7.0129395e+01
   2.2243770e+06   8.0749512e+01
   2.2244370e+06   4.9804688e+01
   2.2248590e+06   7.2998047e+01
   2.2252110e+06   7.9040527e+01
   2.2252770e+06   4.5410156e+01
   2.2253650e+06   2.8991699e+01
   2.2390880e+06   1.0540771e+02
   2.2392290e+06   2.7770996e+01
   2.2392390e+06   7.0312500e+01
   2.2393110e+06   5.5664063e+01
   2.2395460e+06   7.6232910e+01
   2.2493780e+06   8.7707520e+01
   2.2494650e+06   6.7871094e+01
   2.2497610e+06   7.5134277e+01
   2.2498660e+06   5.2978516e+01
   2.2500270e+06   3.5827637e+01
   2.2503700e+06   7.7331543e+01
   2.2504400e+06   3.4362793e+01
   2.2802120e+06   9.4665527e+01
   2.2803610e+06   7.1960449e+01
   2.2902370e+06   9.8815918e+01
   2.2903500e+06   7.8002930e+01
   2.2907990e+06   8.2031250e+01
   2.2908910e+06   4.4494629e+01
   2.2914830e+06   7.9284668e+01
   2.2916460e+06   6.6223145e+01
   2.2918070e+06   6.6589355e+01
   2.2919450e+06   5.0354004e+01
   2.3266550e+06   8.2580566e+01
   2.3267560e+06   7.6843262e+01
   2.3268310e+06   5.5908203e+01
   2.3271490e+06   8.3129883e+01
   2.3272390e+06   7.8491211e+01
   2.3272560e+06   3.4973145e+01
   2.3277490e+06   7.5012207e+01
   2.3543540e+06   9.1064453e+01
   2.3544200e+06   6.3171387e+01
   2.3545980e+06   7.4523926e+01
   2.3546930e+06   5.0048828e+01
   2.3550020e+06   8.4655762e+01
   2.3551450e+06   6.9641113e+01
   2.3754060e+06   8.1542969e+01
   2.3754810e+06   6.6650391e+01
   2.3756650e+06   7.3303223e+01
   2.3756970e+06   2.8991699e+01
   2.3758050e+06   4.3151855e+01
   2.3759620e+06   7.5744629e+01
   2.3760530e+06   5.7434082e+01
   2.3767390e+06   6.7993164e+01
   2.3768770e+06   6.0241699e+01
   2.3771060e+06   6.4697266e+01
   2.3772040e+06   3.4545898e+01
   2.4114900e+06   8.9660645e+01
   2.4115770e+06   7.6660156e+01
   2.4116420e+06   4.5471191e+01
   2.4116610e+06   4.3334961e+01
   2.4333990e+06   8.7402344e+01
   2.4334590e+06   6.2377930e+01
   2.4335790e+06   6.4270020e+01
   2.4336910e+06   5.7495117e+01
   2.4337230e+06   3.6804199e+01
   2.4338180e+06   6.7565918e+01
   2.4341630e+06   8.0993652e+01
   2.4344860e+06   8.1298828e+01
   2.4346280e+06   5.9631348e+01
   2.4707420e+06   9.6252441e+01
   2.4708800e+06   7.0983887e+01
   2.4709710e+06   3.9794922e+01
   2.4709940e+06   6.3415527e+01
   2.4712160e+06   8.0444336e+01
   2.4712920e+06   5.7922363e+01
   2.4715960e+06   7.5256348e+01
   2.4721480e+06   7.9345703e+01
   2.4722870e+06   6.4819336e+01
   2.5047820e+06   8.1298828e+01
   2.5047920e+06   2.9907227e+01
   2.5049220e+06   7.1533203e+01
   2.5049450e+06   3.4973145e+01
   2.5050520e+06   6.6467285e+01
   2.5052490e+06   3.6743164e+01
   2.5437290e+06   9.0270996e+01
   2.5437770e+06   2.7954102e+01
   2.5438070e+06   7.6293945e+01
   2.5439990e+06   8.9904785e+01
   2.5440610e+06   3.8391113e+01
   2.5442290e+06   2.8198242e+01
   2.5447940e+06   7.7819824e+01
   2.5451420e+06   7.1166992e+01
   2.5784790e+06   9.3261719e+01
   2.5785380e+06   5.8471680e+01
   2.5787400e+06   6.8542480e+01
   2.5913610e+06   9.3505859e+01
   2.5915090e+06   7.4340820e+01
   2.5915880e+06   6.3842773e+01
   2.5917700e+06   7.4645996e+01
   2.5918300e+06   4.5043945e+01
   2.5920420e+06   7.3425293e+01
   2.5922250e+06   2.7648926e+01
   2.5926610e+06   8.7219238e+01
   2.5927530e+06   5.7800293e+01
   2.6356050e+06   9.4848633e+01
   2.6356740e+06   7.4279785e+01
   2.6360120e+06   8.2702637e+01
   2.6360790e+06   4.9499512e+01
   2.6613700e+06   9.4116211e+01
   2.6614460e+06   8.1115723e+01
   2.6616030e+06   7.4768066e+01
   2.6618660e+06   7.3486328e+01
   2.6619620e+06   6.6284180e+01
   2.6984340e+06   9.3200684e+01
   2.6984950e+06   6.4697266e+01
   2.6986020e+06   6.6284180e+01
   2.6988760e+06   6.9519043e+01
   2.6989600e+06   4.7668457e+01
   2.6991180e+06   3.5339355e+01
   2.6992680e+06   7.6354980e+01
   2.6993470e+06   4.5104980e+01
   2.6998210e+06   8.0078125e+01
   2.7000180e+06   6.2988281e+01
   2.7006890e+06   7.8613281e+01
   2.7410150e+06   9.8754883e+01
   2.7410260e+06   3.3569336e+01
   2.7410900e+06   7.9406738e+01
   2.7411180e+06   2.7709961e+01
   2.7412730e+06   3.6071777e+01
   2.7412850e+06   7.5012207e+01
   2.7413560e+06   3.3020020e+01
   2.7415260e+06   7.8430176e+01
   2.7420740e+06   8.4838867e+01
   2.7421960e+06   6.2011719e+01
   2.7504260e+06   8.4594727e+01
   2.7989490e+06   8.7829590e+01
   2.7990260e+06   7.4645996e+01
   2.7993940e+06   7.5439453e+01
   2.7995010e+06   6.3171387e+01
   2.8000840e+06   8.7402344e+01
   2.8004900e+06   8.4838867e+01
   2.8287050e+06   1.0186768e+02
   2.8287710e+06   6.3781738e+01
   2.8288850e+06   7.4157715e+01
   2.8291780e+06   9.0515137e+01
   2.8296260e+06   8.0627441e+01
   2.8302180e+06   8.2458496e+01
   2.8303850e+06   7.1411133e+01
   2.8307200e+06   7.4645996e+01
   2.8733570e+06   8.6547852e+01
   2.8734170e+06   7.3486328e+01
   2.8736800e+06   8.1481934e+01
   2.8737620e+06   4.4616699e+01
   2.8737940e+06   3.3264160e+01
   2.8739760e+06   6.3049316e+01
   2.8742720e+06   9.0393066e+01
   2.8747590e+06   6.7993164e+01
   2.8748820e+06   6.7382813e+01
   2.8954820e+06   1.0070801e+02
   2.8955730e+06   7.1899414e+01
   2.8955840e+06   3.2226563e+01
   2.8956840e+06   6.1157227e+01
   2.8959360e+06   8.3190918e+01
   2.8962180e+06   7.3364258e+01
   2.8965780e+06   7.0678711e+01
   2.8970110e+06   7.0678711e+01
   2.9198020e+06   3.0639648e+01
   2.9398350e+06   9.8937988e+01
   2.9398630e+06   2.8442383e+01
   2.9399100e+06   6.6589355e+01
   2.9400260e+06   7.5500488e+01
   2.9402210e+06   9.1003418e+01
   2.9403850e+06   3.9550781e+01
   2.9405140e+06   9.0087891e+01
   2.9407350e+06   6.7443848e+01
   2.9409940e+06   6.8420410e+01
   2.9413650e+06   6.4575195e+01
   2.9652310e+06   8.4960938e+01
   2.9654450e+06   8.5632324e+01
   2.9656220e+06   6.3842773e+01
   2.9657280e+06   4.2053223e+01
   2.9658850e+06   7.5561523e+01
   2.9659560e+06   4.0100098e+01
   2.9662990e+06   7.4279785e+01
   2.9664530e+06   5.9448242e+01
   2.9668670e+06   7.8308105e+01
   2.9933190e+06   1.0021973e+02
   2.9933960e+06   5.6396484e+01
   2.9934900e+06   5.1391602e+01
   2.9935180e+06   2.9724121e+01
   2.9936940e+06   7.3242188e+01
   2.9937600e+06   3.7780762e+01
   2.9937920e+06   4.0832520e+01
   2.9941510e+06   7.5927734e+01
   2.9942970e+06   5.6884766e+01
   2.9944360e+06   4.8400879e+01
   2.9948050e+06   7.4768066e+01
   2.9956720e+06   8.4777832e+01
   2.9957680e+06   4.6386719e+01
   2.9959350e+06   3.9245605e+01
   3.0603250e+06   9.3200684e+01
   3.0604080e+06   7.8125000e+01
   3.0604200e+06   3.2043457e+01
   3.0605440e+06   8.2214355e+01
   3.0606230e+06   2.7465820e+01
   3.0607850e+06   7.4096680e+01
   3.0612510e+06   8.4838867e+01
   3.0614560e+06   7.2143555e+01
   3.0616750e+06   3.6071777e+01
   3.0617960e+06   5.0476074e+01
   3.1057850e+06   7.4218750e+01
   3.1057950e+06   2.7770996e+01
   3.1058640e+06   7.4279785e+01
   3.1060060e+06   6.3232422e+01
   3.1061170e+06   4.4860840e+01
   3.1063070e+06   7.0983887e+01
   3.1063900e+06   4.8706055e+01
   3.1068000e+06   7.7880859e+01
   3.1068250e+06   3.0090332e+01
   3.1072690e+06   8.4106445e+01
   3.1073480e+06   4.7485352e+01
   3.1346570e+06   8.9355469e+01
   3.1346690e+06   2.7770996e+01
   3.1347340e+06   6.3293457e+01
   3.1349240e+06   7.1166992e+01
   3.1350230e+06   7.0922852e+01
   3.1351230e+06   3.8085938e+01
   3.1772850e+06   8.4655762e+01
   3.1774330e+06   8.6547852e+01
   3.1775320e+06   7.0312500e+01
   3.1776120e+06   3.6315918e+01
   3.1778190e+06   7.4951172e+01
   3.1779550e+06   7.0312500e+01
   3.1786260e+06   8.1909180e+01
   3.2084890e+06   8.6181641e+01
   3.2085700e+06   6.2133789e+01
   3.2087750e+06   6.8237305e+01
   3.2087870e+06   3.2592773e+01
   3.2090610e+06   7.7697754e+01
   3.2094880e+06   9.0515137e+01
   3.2096270e+06   6.1950684e+01
   3.2100990e+06   7.9223633e+01
   3.2114420e+06   6.4819336e+01
   3.2117370e+06   7.9772949e+01
   3.2118990e+06   6.7138672e+01
   3.2231240e+06   7.9956055e+01
   3.2233830e+06   7.1960449e+01
   3.2234630e+06   4.0893555e+01
   3.2234820e+06   3.4851074e+01
   3.2236790e+06   7.3486328e+01
   3.2237420e+06   3.5949707e+01
   3.2237960e+06   3.6437988e+01
   3.2241450e+06   6.9030762e+01
   3.2605730e+06   8.4045410e+01
   3.2606860e+06   8.0749512e+01
   3.2608040e+06   4.3640137e+01
   3.2609000e+06   7.1838379e+01
   3.2613040e+06   7.9833984e+01
   3.2614670e+06   5.8715820e+01
   3.3155470e+06   8.7219238e+01
   3.3156280e+06   6.1645508e+01
   3.3157150e+06   6.7749023e+01
   3.3159140e+06   7.9467773e+01
   3.3159850e+06   4.7180176e+01
   3.3164720e+06   8.4228516e+01
   3.3169500e+06   7.9040527e+01
   3.3170700e+06   6.8908691e+01
   3.3434360e+06   9.1796875e+01
   3.3435340e+06   7.3059082e+01
   3.3437020e+06   7.5439453e+01
   3.3437750e+06   3.9367676e+01
   3.3440210e+06   7.9956055e+01
   3.3440710e+06   2.7770996e+01
   3.3448260e+06   7.4829102e+01
   3.3451370e+06   6.9458008e+01
   3.3453590e+06   7.8918457e+01
   3.3454490e+06   4.3212891e+01
   3.3686340e+06   8.5632324e+01
   3.3687120e+06   6.7810059e+01
   3.3688360e+06   6.1523437e+01
   3.3689740e+06   2.8869629e+01
   3.3690850e+06   7.7514648e+01
   3.3694880e+06   6.9335938e+01
   3.3698490e+06   7.4829102e+01
   3.3854280e+06   3.0944824e+01
   3.3924480e+06   3.1311035e+01
   3.3935820e+06   2.7709961e+01
   3.3998610e+06   9.6740723e+01
   3.3999420e+06   7.5500488e+01
   3.4001460e+06   7.5561523e+01
   3.4004320e+06   8.2519531e+01
   3.4005150e+06   5.1208496e+01
   3.4008960e+06   7.5012207e+01
   3.4010410e+06   6.3598633e+01
   3.4020920e+06   7.5500488e+01
   3.4025850e+06   7.4645996e+01
   3.4135140e+06   7.9101563e+01
   3.4139330e+06   7.8491211e+01
   3.4140100e+06   5.0476074e+01
   3.4141480e+06   6.8969727e+01
   3.4142630e+06   3.5339355e+01
   3.4143360e+06   6.7749023e+01
   3.4502840e+06   8.8623047e+01
   3.4503510e+06   7.0739746e+01
   3.4505300e+06   6.4025879e+01
   3.4505650e+06   2.7770996e+01
   3.4506370e+06   6.7993164e+01
   3.4506700e+06   3.7414551e+01
   3.4508290e+06   6.9946289e+01
   3.4508990e+06   2.8015137e+01
   3.4509220e+06   3.2958984e+01
   3.4512480e+06   7.8979492e+01
   3.4806180e+06   8.2641602e+01
   3.4807000e+06   7.0251465e+01
   3.4808210e+06   7.1166992e+01
   3.4809210e+06   4.8400879e+01
   3.4811040e+06   7.2753906e+01
   3.4812210e+06   4.4494629e+01
   3.4815130e+06   7.1838379e+01
   3.4815990e+06   4.2419434e+01
   3.4819490e+06   6.7565918e+01
   3.4822290e+06   6.7993164e+01
   3.4833400e+06   7.5988770e+01
   3.4835400e+06   7.2143555e+01
   3.5154500e+06   8.2275391e+01
   3.5154620e+06   3.4423828e+01
   3.5155210e+06   7.3974609e+01
   3.5156020e+06   6.1218262e+01
   3.5157440e+06   6.5124512e+01
   3.5158120e+06   3.5278320e+01
   3.5159830e+06   5.9082031e+01
   3.5161020e+06   2.8869629e+01
   3.5164190e+06   7.3486328e+01
   3.5167730e+06   6.9946289e+01
   3.5180890e+06   7.5195313e+01
   3.5183220e+06   6.9885254e+01
   3.5184760e+06   4.8950195e+01
   3.5737060e+06   8.8317871e+01
   3.5737720e+06   6.7138672e+01
   3.5738810e+06   7.0068359e+01
   3.5739840e+06   4.4250488e+01
   3.5740540e+06   6.8298340e+01
   3.5741290e+06   4.1564941e+01
   3.5741860e+06   3.1677246e+01
   3.5743250e+06   7.4340820e+01
   3.5745510e+06   6.9946289e+01
   3.5747210e+06   5.8776855e+01
   3.5748510e+06   4.6752930e+01
   3.5752840e+06   5.4504395e+01
   3.5762210e+06   7.7636719e+01
   3.5763900e+06   6.4270020e+01
   3.5768670e+06   7.3242188e+01
   3.6112360e+06   8.1176758e+01
   3.6112650e+06   3.5095215e+01
   3.6113040e+06   6.4208984e+01
   3.6113860e+06   4.8583984e+01
   3.6114340e+06   3.3203125e+01
   3.6116420e+06   7.0861816e+01
   3.6116530e+06   3.1616211e+01
   3.6118420e+06   3.2043457e+01
   3.6119270e+06   7.6293945e+01
   3.6121120e+06   6.8176270e+01
   3.6125650e+06   6.6772461e+01
   3.6129380e+06   7.3059082e+01
   3.6140700e+06   7.8308105e+01
   3.6141660e+06   4.5227051e+01
   3.6143640e+06   5.7373047e+01
   3.6145900e+06   5.9448242e+01
   3.6471430e+06   2.9602051e+01
   3.6471530e+06   3.8391113e+01
   3.6471940e+06   2.9296875e+01
   3.6472080e+06   3.7902832e+01
   3.6472330e+06   4.6997070e+01
   3.6472450e+06   7.7636719e+01
   3.6472780e+06   4.6447754e+01
   3.6472970e+06   4.1137695e+01
   3.6473080e+06   2.8869629e+01
   3.6473490e+06   4.4128418e+01
   3.6473700e+06   4.2236328e+01
   3.6473870e+06   3.0883789e+01
   3.6474010e+06   8.7829590e+01
   3.6474110e+06   6.3598633e+01
   3.6474330e+06   4.8278809e+01
   3.6474530e+06   4.7241211e+01
   3.6474860e+06   4.6936035e+01
   3.6475030e+06   7.5622559e+01
   3.6475600e+06   4.3090820e+01
   3.6475890e+06   3.1860352e+01
   3.6476170e+06   6.4880371e+01
   3.6476490e+06   4.1259766e+01
   3.6477050e+06   3.7231445e+01
   3.6477360e+06   5.7678223e+01
   3.6479190e+06   2.8015137e+01
   3.6479930e+06   4.0039063e+01
   3.6481250e+06   2.9785156e+01
   3.6481620e+06   3.5949707e+01
   3.6482350e+06   2.9479980e+01
   3.6483560e+06   3.3020020e+01
   3.6486200e+06   2.7587891e+01
   3.6486630e+06   3.4301758e+01
   3.6487420e+06   4.5532227e+01
   3.6489230e+06   2.7770996e+01
   3.6490690e+06   2.9174805e+01
   3.6492120e+06   2.8686523e+01
   3.6495250e+06   2.7770996e+01
   3.6495460e+06   2.9052734e+01
   3.6496920e+06   2.8503418e+01
   3.6497180e+06   3.5949707e+01
   3.6498390e+06   2.9724121e+01
   3.6501490e+06   2.9541016e+01
   3.6505530e+06   2.8198242e+01
   3.6508670e+06   2.8991699e+01
   3.6511260e+06   3.1311035e+01
   3.6513090e+06   2.8991699e+01
   3.6517140e+06   2.8015137e+01
   3.6522360e+06   2.9235840e+01
   3.6525690e+06   3.1616211e+01
   3.6534140e+06   3.5217285e+01
   3.6592930e+06   2.7770996e+01
   3.7392530e+06   8.6303711e+01
   3.7393180e+06   7.2143555e+01
   3.7394000e+06   5.9448242e+01
   3.7395190e+06   6.5856934e+01
   3.7396240e+06   5.1696777e+01
   3.7398120e+06   5.8593750e+01
   3.7398450e+06   3.0944824e+01
   3.7399840e+06   5.9448242e+01
   3.7402600e+06   6.4880371e+01
   3.7406720e+06   7.3547363e+01
   3.7408780e+06   5.5908203e+01
   3.7412260e+06   6.7077637e+01
   3.7417210e+06   6.6894531e+01
   3.7418760e+06   4.0100098e+01
   3.7658680e+06   8.5388184e+01
   3.7659440e+06   6.6467285e+01
   3.7660230e+06   4.5776367e+01
   3.7660670e+06   3.3203125e+01
   3.7661040e+06   3.8818359e+01
   3.7662840e+06   6.8481445e+01
   3.7664400e+06   2.9296875e+01
   3.7665540e+06   7.2509766e+01
   3.7668730e+06   7.7026367e+01
   3.7671860e+06   3.0822754e+01
   3.7672890e+06   6.1950684e+01
   3.7675530e+06   6.4758301e+01
   3.7677720e+06   4.9377441e+01
   3.7863600e+06   7.9528809e+01
   3.7864350e+06   7.5378418e+01
   3.7865570e+06   5.3649902e+01
   3.7866180e+06   3.5034180e+01
   3.7866840e+06   4.7485352e+01
   3.7869090e+06   6.7565918e+01
   3.8063240e+06   8.4106445e+01
   3.8063960e+06   6.0852051e+01
   3.8065110e+06   5.5419922e+01
   3.8066190e+06   4.3273926e+01
   3.8066480e+06   5.6274414e+01
   3.8069290e+06   8.2641602e+01
   3.8072580e+06   7.3181152e+01
   3.8080280e+06   7.2509766e+01
   3.8337500e+06   8.0200195e+01
   3.8338100e+06   2.9357910e+01
   3.8338350e+06   7.2814941e+01
   3.8339460e+06   5.4931641e+01
   3.8339580e+06   3.0029297e+01
   3.8340020e+06   2.8076172e+01
   3.8341050e+06   6.7932129e+01
   3.8341670e+06   4.5104980e+01
   3.8345420e+06   4.0039063e+01
   3.8531700e+06   5.4016113e+01
   3.8563130e+06   8.9782715e+01
   3.8564030e+06   7.6171875e+01
   3.8567040e+06   7.8063965e+01
   3.8567940e+06   4.2480469e+01
   3.8570930e+06   7.7331543e+01
   3.8574390e+06   7.4951172e+01
   3.8582410e+06   6.7565918e+01
   3.8732140e+06   6.0180664e+01
   3.8789110e+06   8.3007813e+01
   3.8789230e+06   3.6987305e+01
   3.8789890e+06   6.2133789e+01
   3.8791380e+06   3.2714844e+01
   3.8792260e+06   3.6376953e+01
   3.8793780e+06   7.6843262e+01
   3.9108800e+06   8.1237793e+01
   3.9109550e+06   6.6955566e+01
   3.9110930e+06   6.5795898e+01
   3.9112050e+06   2.7465820e+01
   3.9114520e+06   8.3068848e+01
   3.9500330e+06   8.4167480e+01
   3.9501080e+06   6.5124512e+01
   3.9502450e+06   7.0495605e+01
   3.9503430e+06   3.8269043e+01
   3.9504030e+06   2.9724121e+01
   3.9506790e+06   7.5744629e+01
   3.9843380e+06   9.8144531e+01
   3.9844290e+06   6.6650391e+01
   3.9845580e+06   6.9335938e+01
   3.9846030e+06   3.1433105e+01
   3.9846370e+06   3.1982422e+01
   3.9848580e+06   8.1909180e+01
   4.0269870e+06   9.5397949e+01
   4.0270860e+06   7.2570801e+01
   4.0272030e+06   5.9204102e+01
   4.0275610e+06   6.9274902e+01
   4.0676200e+06   9.1369629e+01
   4.0677600e+06   7.1533203e+01
   4.0680220e+06   8.1604004e+01
   4.0680940e+06   3.8574219e+01
   4.0681080e+06   4.3029785e+01
   4.0686030e+06   8.5266113e+01
   4.1138620e+06   7.5561523e+01
   4.1139300e+06   5.9448242e+01
   4.1140090e+06   2.7526855e+01
   4.1142160e+06   8.9782715e+01
   4.1148510e+06   7.4829102e+01
   4.1648530e+06   8.0993652e+01
   4.1649350e+06   2.7893066e+01
   4.1651770e+06   7.8918457e+01
   4.1656390e+06   7.6171875e+01
   4.1881310e+06   8.3557129e+01
   4.1881530e+06   3.2409668e+01
   4.1882840e+06   7.5622559e+01
   4.1886410e+06   8.0383301e+01
   4.2520070e+06   6.7382813e+01
   4.2520170e+06   3.1250000e+01
   4.2524530e+06   8.2763672e+01
   4.2524890e+06   2.7893066e+01
   4.2906140e+06   8.7402344e+01
   4.2907850e+06   8.7219238e+01
   4.2908650e+06   6.8664551e+01
   4.2908980e+06   4.3701172e+01
   4.3541210e+06   9.2773438e+01
   4.3541330e+06   3.1921387e+01
   4.3543510e+06   7.4401855e+01
   4.3894890e+06   6.0485840e+01
   4.3896800e+06   7.7514648e+01
   4.3900240e+06   8.1542969e+01
   4.4496080e+06   9.7045898e+01
   4.4497900e+06   8.5205078e+01
   4.4501100e+06   8.2580566e+01
   4.4507470e+06   8.1420898e+01
   4.4992540e+06   1.0052490e+02
   4.4993480e+06   7.0495605e+01
   4.4995300e+06   8.0139160e+01
   4.5749180e+06   9.3688965e+01
   4.5750250e+06   6.4086914e+01
   4.5751150e+06   7.0434570e+01
   4.5759500e+06   8.3984375e+01
   4.5760690e+06   7.7148438e+01
   4.6228130e+06   8.6364746e+01
   4.6230480e+06   7.9589844e+01
   4.6233480e+06   8.0566406e+01
   4.6233580e+06   3.0395508e+01
   4.6239110e+06   7.6965332e+01
   4.6240240e+06   6.5673828e+01
   4.7061630e+06   3.3325195e+01
   4.7157900e+06   9.2346191e+01
   4.7158610e+06   6.3171387e+01
   4.7161110e+06   8.4228516e+01
   4.7475720e+06   8.3984375e+01
   4.7476690e+06   8.4045410e+01
   4.7479690e+06   9.0270996e+01
   4.7926820e+06   9.0393066e+01
   4.7927500e+06   6.7565918e+01
   4.7931330e+06   8.4472656e+01
   4.7931960e+06   5.1635742e+01
   4.8488640e+06   8.4716797e+01
   4.8489450e+06   6.9580078e+01
   4.8491470e+06   7.7819824e+01
   4.8491600e+06   2.9724121e+01
   4.8496720e+06   7.4829102e+01
   4.9124200e+06   8.9965820e+01
   4.9125360e+06   7.8247070e+01
   4.9128610e+06   8.5876465e+01
   4.9779870e+06   8.3740234e+01
   4.9780940e+06   8.3251953e+01
   4.9782630e+06   7.7575684e+01
   4.9786580e+06   8.8684082e+01
   5.0344750e+06   9.0698242e+01
   5.0345670e+06   7.5317383e+01
   5.0347790e+06   8.4655762e+01
   5.0348420e+06   4.4128418e+01
   5.0706310e+06   8.8073730e+01
   5.0707720e+06   7.3852539e+01
   5.0707960e+06   2.8198242e+01
   5.0708610e+06   6.5490723e+01
   5.1186980e+06   8.5632324e+01
   5.1187080e+06   3.5705566e+01
   5.1188210e+06   7.0739746e+01
   5.1189210e+06   7.0251465e+01
   5.1190080e+06   5.7373047e+01
   5.1190360e+06   3.3691406e+01
   5.1613970e+06   9.1796875e+01
   5.1614860e+06   3.8146973e+01
   5.1617120e+06   7.2692871e+01
   5.1618010e+06   4.8706055e+01
   5.1621560e+06   8.2275391e+01
   5.1622470e+06   5.5847168e+01
   5.1625620e+06   8.1909180e+01
   5.1738630e+06   2.7832031e+01
   5.1992930e+06   9.4116211e+01
   5.1994080e+06   7.2631836e+01
   5.1994800e+06   5.6457520e+01
   5.1997000e+06   7.2875977e+01
   5.2003750e+06   6.7504883e+01
   5.2055630e+06   4.3823242e+01
   5.2593590e+06   8.5815430e+01
   5.2594330e+06   7.9528809e+01
   5.2596100e+06   8.2946777e+01
   5.2596360e+06   3.9672852e+01
   5.2598150e+06   7.5195313e+01
   5.2598780e+06   3.2714844e+01
   5.3339860e+06   8.3984375e+01
   5.3340590e+06   6.7810059e+01
   5.3341810e+06   6.8176270e+01
   5.3343520e+06   6.7749023e+01
   5.3344270e+06   3.2104492e+01
   5.3345670e+06   7.7941895e+01
   5.3345800e+06   2.7709961e+01
   5.3349510e+06   8.8684082e+01
   5.4059620e+06   7.9956055e+01
   5.4060410e+06   4.5471191e+01
   5.4060510e+06   2.8869629e+01
   5.4062990e+06   7.4890137e+01
   5.4829190e+06   8.4960938e+01
   5.4831790e+06   8.3251953e+01
   5.4832430e+06   5.8105469e+01
   5.4836750e+06   7.7941895e+01
   5.4843440e+06   7.6354980e+01
   5.4844580e+06   5.2612305e+01
   5.5473980e+06   8.9599609e+01
   5.5474080e+06   3.4545898e+01
   5.5474690e+06   6.3171387e+01
   5.5477310e+06   7.5500488e+01
   5.5478030e+06   5.6396484e+01
   5.5478890e+06   3.8757324e+01
   5.5892120e+06   8.4533691e+01
   5.5893040e+06   7.0800781e+01
   5.5894350e+06   7.5073242e+01
   5.6424480e+06   8.8745117e+01
   5.6425420e+06   7.6782227e+01
   5.6426850e+06   8.0383301e+01
   5.6427750e+06   3.7353516e+01
   5.6431330e+06   7.9101563e+01
   5.6829520e+06   9.5031738e+01
   5.6830890e+06   6.9641113e+01
   5.6831720e+06   6.3781738e+01
   5.7340930e+06   8.0688477e+01
   5.7341030e+06   2.7709961e+01
   5.7341490e+06   7.0800781e+01
   5.7343260e+06   7.9589844e+01
   5.7344650e+06   3.6865234e+01
   5.7345770e+06   8.5327148e+01
   5.7351350e+06   7.6782227e+01
   5.7353800e+06   6.7993164e+01
   5.7354950e+06   5.3527832e+01
   5.7836760e+06   8.2580566e+01
   5.7837390e+06   6.9396973e+01
   5.7837550e+06   2.9724121e+01
   5.7839420e+06   8.5693359e+01
   5.7840060e+06   4.0527344e+01
   5.7840930e+06   3.4545898e+01
   5.7844180e+06   7.9833984e+01
   5.7845880e+06   6.5673828e+01
   5.7848550e+06   7.4707031e+01
   5.8217650e+06   9.1979980e+01
   5.8218390e+06   6.1584473e+01
   5.8220820e+06   2.7709961e+01
   5.8605350e+06   9.0637207e+01
   5.8606390e+06   5.9143066e+01
   5.8607710e+06   6.9702148e+01
   5.8611210e+06   7.5561523e+01
   5.9177650e+06   8.5510254e+01
   5.9178470e+06   3.8879395e+01
   5.9180450e+06   7.4768066e+01
   5.9181030e+06   3.4729004e+01
   5.9181970e+06   3.9001465e+01
   5.9184180e+06   7.6171875e+01
   5.9556850e+06   8.2336426e+01
   5.9557860e+06   8.0688477e+01
   5.9560730e+06   7.6477051e+01
   5.9564080e+06   7.9833984e+01
   5.9564400e+06   2.7709961e+01
   5.9906910e+06   6.6833496e+01
   5.9907960e+06   7.6110840e+01
   5.9909210e+06   6.0974121e+01
   5.9910650e+06   7.1228027e+01
   5.9911750e+06   3.3752441e+01
   5.9914670e+06   8.5693359e+01
   5.9917040e+06   7.2570801e+01
   5.9920180e+06   7.9345703e+01
   5.9925850e+06   6.9091797e+01
   6.0090750e+06   8.6914063e+01
   6.0400380e+06   2.8442383e+01
   6.0640090e+06   1.0083008e+02
   6.0640190e+06   2.8503418e+01
   6.0640800e+06   6.5429688e+01
   6.0642420e+06   7.5744629e+01
   6.0646600e+06   7.6171875e+01
   6.1277650e+06   9.3078613e+01
   6.1278580e+06   8.2275391e+01
   6.1280850e+06   7.7636719e+01
   6.1281680e+06   4.6203613e+01
   6.1286080e+06   8.7219238e+01
   6.1287760e+06   7.0983887e+01
   6.1838330e+06   8.7219238e+01
   6.1839040e+06   7.1350098e+01
   6.1840830e+06   6.9213867e+01
   6.1841380e+06   3.3630371e+01
   6.1842750e+06   3.6437988e+01
   6.1845570e+06   7.3303223e+01
   6.1847710e+06   6.0180664e+01
   6.2176340e+06   8.5815430e+01
   6.2177200e+06   7.0434570e+01
   6.2177960e+06   5.8349609e+01
   6.2180450e+06   8.0200195e+01
   6.2181120e+06   4.3945313e+01
   6.2185440e+06   7.4707031e+01
   6.2198110e+06   8.2153320e+01
   6.2643020e+06   8.5693359e+01
   6.2643120e+06   2.9663086e+01
   6.2643730e+06   6.9091797e+01
   6.2644880e+06   6.8969727e+01
   6.2646100e+06   4.4799805e+01
   6.2648310e+06   7.4890137e+01
   6.2650400e+06   6.8786621e+01
   6.2654530e+06   7.8002930e+01
   6.2764620e+06   2.8015137e+01
   6.2766730e+06   3.4362793e+01
   6.3283080e+06   7.0678711e+01
   6.3284080e+06   8.4228516e+01
   6.3284680e+06   4.6813965e+01
   6.3286570e+06   8.3984375e+01
   6.3287250e+06   4.6630859e+01
   6.3287420e+06   4.3029785e+01
   6.3287920e+06   2.8320313e+01
   6.3294970e+06   9.1003418e+01
   6.3573740e+06   8.9172363e+01
   6.3574560e+06   6.4270020e+01
   6.3574840e+06   3.4057617e+01
   6.3575620e+06   6.3110352e+01
   6.3577030e+06   3.1372070e+01
   6.3578650e+06   8.2092285e+01
   6.3583790e+06   7.9040527e+01
   6.3587500e+06   3.4423828e+01
   6.4233900e+06   8.6914063e+01
   6.4234840e+06   8.1726074e+01
   6.4235100e+06   3.4240723e+01
   6.4236610e+06   6.8603516e+01
   6.4237040e+06   2.8625488e+01
   6.4241320e+06   6.7077637e+01
   6.4899930e+06   8.3740234e+01
   6.4900920e+06   7.3303223e+01
   6.4901700e+06   5.7128906e+01
   6.4904480e+06   7.3608398e+01
   6.4908220e+06   8.3496094e+01
   6.5289920e+06   8.3374023e+01
   6.5290650e+06   6.7260742e+01
   6.5292510e+06   6.9335938e+01
   6.5293030e+06   4.6081543e+01
   6.5293460e+06   6.4392090e+01
   6.5296120e+06   8.0078125e+01
   6.5299410e+06   8.2092285e+01
   6.5806330e+06   8.5327148e+01
   6.5807040e+06   6.6528320e+01
   6.5807980e+06   3.4606934e+01
   6.5808290e+06   2.8076172e+01
   6.5809940e+06   6.5734863e+01
   6.5810290e+06   2.7770996e+01
   6.5813870e+06   7.9040527e+01
   6.5814730e+06   4.8034668e+01
   6.6234250e+06   7.9711914e+01
   6.6235400e+06   8.8684082e+01
   6.6236310e+06   6.0974121e+01
   6.6238360e+06   6.7077637e+01
   6.6679330e+06   8.8500977e+01
   6.6680040e+06   7.0861816e+01
   6.6682920e+06   7.7026367e+01
   6.6686160e+06   8.2580566e+01
   6.6691590e+06   7.2814941e+01
   6.6699640e+06   7.6660156e+01
   6.7111700e+06   8.9965820e+01
   6.7112690e+06   7.8796387e+01
   6.7114060e+06   7.2570801e+01
   6.7114960e+06   4.6569824e+01
   6.7115500e+06   3.6865234e+01
   6.7118520e+06   7.9772949e+01
   6.7124820e+06   7.9895020e+01
   6.7603560e+06   9.4055176e+01
   6.7605670e+06   8.8317871e+01
   6.7606250e+06   3.0517578e+01
   6.7606870e+06   3.1188965e+01
   6.7608810e+06   7.6049805e+01
   6.7613950e+06   8.1665039e+01
   6.7617600e+06   7.2631836e+01
   6.8189850e+06   8.1970215e+01
   6.8190670e+06   6.3049316e+01
   6.8192070e+06   6.9274902e+01
   6.8193300e+06   3.9306641e+01
   6.8194730e+06   7.5378418e+01
   6.8198110e+06   7.6782227e+01
   6.8551670e+06   7.5500488e+01
   6.8552840e+06   7.4279785e+01
   6.8553710e+06   6.2988281e+01
   6.8557020e+06   8.2153320e+01
   6.8768800e+06   8.0810547e+01
   6.8769950e+06   8.2946777e+01
   6.8772580e+06   5.5480957e+01
   6.8772680e+06   3.4057617e+01
   6.8773210e+06   5.0903320e+01
   6.8776650e+06   7.4279785e+01
   6.8777980e+06   5.0537109e+01
   6.9091750e+06   8.5144043e+01
   6.9092730e+06   4.1320801e+01
   6.9093600e+06   6.2438965e+01
   6.9095450e+06   3.5095215e+01
   6.9096230e+06   7.6354980e+01
   6.9101770e+06   7.9223633e+01
   6.9433870e+06   7.8247070e+01
   6.9434780e+06   6.6223145e+01
   6.9436480e+06   6.6284180e+01
   6.9437110e+06   4.1015625e+01
   6.9440110e+06   8.2458496e+01
   6.9440250e+06   2.7587891e+01
   6.9644700e+06   2.8747559e+01
   6.9676060e+06   8.6730957e+01
   6.9676740e+06   6.5490723e+01
   6.9678390e+06   6.5734863e+01
   6.9680760e+06   7.8186035e+01
   6.9974220e+06   8.2824707e+01
   6.9975120e+06   6.9213867e+01
   6.9977320e+06   7.4768066e+01
   6.9980370e+06   7.9589844e+01
   6.9980500e+06   2.7954102e+01
   6.9981240e+06   5.1391602e+01
   7.0286280e+06   8.7158203e+01
   7.0287170e+06   7.0251465e+01
   7.0288260e+06   6.3781738e+01
   7.0288950e+06   3.8269043e+01
   7.0290430e+06   7.7697754e+01
   7.0291250e+06   4.1320801e+01
   7.0696300e+06   9.4543457e+01
   7.0697060e+06   6.4453125e+01
   7.0698740e+06   6.2683105e+01
   7.0699600e+06   4.7485352e+01
   7.0702330e+06   7.3974609e+01
   7.0704260e+06   4.9133301e+01
   7.0707810e+06   7.0495605e+01
   7.0711530e+06   6.4208984e+01
   7.0965660e+06   8.3374023e+01
   7.0966280e+06   5.5297852e+01
   7.0967960e+06   7.3181152e+01
   7.0969180e+06   3.3508301e+01
   7.0970660e+06   7.5683594e+01
   7.0973580e+06   4.5776367e+01
   7.1296020e+06   8.8134766e+01
   7.1296840e+06   6.1218262e+01
   7.1298180e+06   8.0566406e+01
   7.1300210e+06   6.8847656e+01
   7.1304400e+06   7.0373535e+01
   7.1306040e+06   5.8898926e+01
   7.1617660e+06   8.7036133e+01
   7.1618610e+06   7.3791504e+01
   7.1619520e+06   6.2866211e+01
   7.1621830e+06   7.8002930e+01
   7.1622620e+06   4.1442871e+01
   7.1626590e+06   7.7514648e+01
   7.1630580e+06   6.6650391e+01
   7.2011680e+06   9.1369629e+01
   7.2012700e+06   6.8359375e+01
   7.2013760e+06   6.6284180e+01
   7.2014710e+06   4.8583984e+01
   7.2015510e+06   2.9479980e+01
   7.2017720e+06   7.7331543e+01
   7.2020770e+06   7.4890137e+01
   7.2023430e+06   6.2500000e+01
   7.2316040e+06   8.6914063e+01
   7.2317030e+06   6.7993164e+01
   7.2318000e+06   4.3945313e+01
   7.2320640e+06   7.4035645e+01
   7.2323000e+06   6.5185547e+01
   7.2329050e+06   7.3669434e+01
   7.2631470e+06   8.1542969e+01
   7.2632380e+06   6.8969727e+01
   7.2633390e+06   6.2316895e+01
   7.2634360e+06   5.7983398e+01
   7.2636490e+06   7.3547363e+01
   7.2641100e+06   8.3496094e+01
   7.2644280e+06   6.7749023e+01
   7.2647170e+06   6.0363770e+01
   7.2987570e+06   4.5227051e+01
   7.2988620e+06   6.5856934e+01
   7.2989600e+06   6.3232422e+01
   7.2990840e+06   3.5949707e+01
   7.2992860e+06   7.1472168e+01
   7.3393740e+06   8.4411621e+01
   7.3394570e+06   6.9274902e+01
   7.3396490e+06   7.0556641e+01
   7.3397230e+06   4.0039063e+01
   7.3397560e+06   3.7719727e+01
   7.3399190e+06   7.0434570e+01
   7.3884690e+06   8.4228516e+01
   7.3886290e+06   8.3923340e+01
   7.3887020e+06   6.0302734e+01
   7.3889690e+06   6.6772461e+01
   7.3890430e+06   5.5358887e+01
   7.3894090e+06   6.8847656e+01
   7.3902310e+06   7.4035645e+01
   7.3905010e+06   7.1166992e+01
   7.4497050e+06   8.3374023e+01
   7.4498020e+06   7.0068359e+01
   7.4499040e+06   7.2021484e+01
   7.4499140e+06   2.8991699e+01
   7.4501910e+06   7.6416016e+01
   7.4748220e+06   2.7526855e+01
   7.4859410e+06   8.8684082e+01
   7.4860320e+06   7.1105957e+01
   7.4861330e+06   6.6711426e+01
   7.4862220e+06   4.8950195e+01
   7.4864300e+06   6.7749023e+01
   7.4864970e+06   5.3588867e+01
   7.4865280e+06   2.8930664e+01
   7.5172570e+06   8.4045410e+01
   7.5173290e+06   5.5175781e+01
   7.5174860e+06   4.8950195e+01
   7.5175670e+06   5.1391602e+01
   7.5177890e+06   8.7768555e+01
   7.5522110e+06   8.8684082e+01
   7.5522210e+06   3.4606934e+01
   7.5523260e+06   7.8430176e+01
   7.5524690e+06   6.8359375e+01
   7.5525420e+06   5.1940918e+01
   7.5526410e+06   3.4851074e+01
   7.5527870e+06   6.9213867e+01
   7.5532200e+06   6.6589355e+01
   7.5536200e+06   6.1828613e+01
   7.5537520e+06   5.9020996e+01
   7.5935320e+06   2.9602051e+01
   7.5935590e+06   3.1433105e+01
   7.5936040e+06   5.1818848e+01
   7.5938350e+06   8.2214355e+01
   7.5939110e+06   5.0659180e+01
   7.5942130e+06   7.1166992e+01
   7.5942950e+06   4.7485352e+01
   7.5947370e+06   7.2814941e+01
   7.6232570e+06   8.2519531e+01
   7.6233360e+06   6.1828613e+01
   7.6234430e+06   7.2082520e+01
   7.6234850e+06   3.0090332e+01
   7.6237360e+06   7.8918457e+01
   7.6245010e+06   7.3791504e+01
   7.6246030e+06   5.1086426e+01
   7.6622200e+06   8.1298828e+01
   7.6622940e+06   5.7861328e+01
   7.6623950e+06   6.7077637e+01
   7.6626970e+06   7.5866699e+01
   7.6627640e+06   4.3884277e+01
   7.6630640e+06   5.5908203e+01
   7.6631420e+06   3.2531738e+01
   7.6909430e+06   8.4228516e+01
   7.6910260e+06   6.7626953e+01
   7.6911250e+06   5.9570313e+01
   7.6912340e+06   6.4697266e+01
   7.6914460e+06   7.6782227e+01
   7.6915400e+06   4.8889160e+01
   7.6920250e+06   6.5185547e+01
   7.6966860e+06   3.7536621e+01
   7.6980520e+06   3.1860352e+01
   7.7273180e+06   7.8491211e+01
   7.7274140e+06   6.1828613e+01
   7.7275070e+06   6.0119629e+01
   7.7277200e+06   6.6040039e+01
   7.7278030e+06   5.1208496e+01
   7.7278680e+06   3.4667969e+01
   7.7282220e+06   7.3791504e+01
   7.7284580e+06   5.5969238e+01
   7.7409800e+06   8.5632324e+01
   7.7471570e+06   3.7902832e+01
   7.7670250e+06   8.3679199e+01
   7.7671080e+06   7.1655273e+01
   7.7671750e+06   2.8137207e+01
   7.7672370e+06   7.5622559e+01
   7.7675310e+06   7.9528809e+01
   7.7682490e+06   7.9711914e+01
   7.7683870e+06   6.7138672e+01
   7.8100220e+06   8.5388184e+01
   7.8101150e+06   6.4331055e+01
   7.8102410e+06   7.3974609e+01
   7.8104390e+06   6.9824219e+01
   7.8112900e+06   7.0373535e+01
   7.8412540e+06   8.7402344e+01
   7.8413250e+06   6.2316895e+01
   7.8414750e+06   7.3791504e+01
   7.8415710e+06   4.6020508e+01
   7.8419880e+06   8.0871582e+01
   7.9127460e+06   7.5439453e+01
   7.9128370e+06   7.0312500e+01
   7.9130480e+06   7.7514648e+01
   7.9131260e+06   3.8818359e+01
   7.9133620e+06   6.8115234e+01
   7.9135190e+06   3.6987305e+01
   7.9541280e+06   7.8063965e+01
   7.9541980e+06   5.9448242e+01
   7.9544000e+06   7.2021484e+01
   7.9548810e+06   8.0017090e+01
   7.9552740e+06   7.4951172e+01
   7.9553050e+06   2.8686523e+01
   7.9554300e+06   5.5725098e+01
   7.9981680e+06   8.2031250e+01
   7.9983230e+06   6.9763184e+01
   7.9983930e+06   5.9753418e+01
   7.9986460e+06   8.5693359e+01
   7.9995770e+06   7.5805664e+01
   8.0696540e+06   8.0993652e+01
   8.0697710e+06   7.2143555e+01
   8.0700010e+06   6.9396973e+01
   8.0700750e+06   6.2561035e+01
   8.6657130e+06   3.1433105e+01
   8.9483700e+06   3.3447266e+01
   1.0734321e+07   7.5622559e+01
   1.0838430e+07   9.1003418e+01
   1.1272071e+07   2.9357910e+01
   1.1556430e+07   5.4504395e+01
   1.1932626e+07   3.3020020e+01
