   1.1999000e+07   0.0000000e+00
   1.9800000e+03   4.4433594e+01
   2.0670000e+03   3.7048340e+01
   2.3260000e+03   3.2836914e+01
   3.1164000e+04   4.4250488e+01
   3.1274000e+04   3.7048340e+01
   7.0539000e+04   4.3090820e+01
   1.0333800e+05   4.7119141e+01
   1.0346800e+05   3.3203125e+01
   1.3522400e+05   4.6020508e+01
   1.3535700e+05   3.6865234e+01
   1.6649400e+05   4.4250488e+01
   1.6662800e+05   3.7231445e+01
   2.0655500e+05   4.7485352e+01
   2.0667900e+05   3.7170410e+01
   2.4140300e+05   3.7353516e+01
   2.4150900e+05   4.0466309e+01
   2.8456800e+05   3.1127930e+01
   2.8480400e+05   4.3579102e+01
   2.8492600e+05   3.1311035e+01
   2.8501200e+05   3.1188965e+01
   3.3133300e+05   3.6865234e+01
   3.3140700e+05   3.5278320e+01
   3.8390800e+05   3.3691406e+01
   3.8398300e+05   4.2541504e+01
   3.8403700e+05   3.2348633e+01
   3.8410400e+05   3.7292480e+01
   3.8420900e+05   3.5217285e+01
   3.8450500e+05   3.1860352e+01
   4.2109400e+05   3.8085938e+01
   4.2113600e+05   5.0659180e+01
   4.2122600e+05   3.1799316e+01
   1.1976630e+06   3.2592773e+01
   2.7523610e+06   3.2470703e+01
   3.6470310e+06   3.6437988e+01
   3.6479400e+06   3.3935547e+01
   1.1922917e+07   3.4240723e+01
