   1.1999000e+07   0.0000000e+00
   1.5850000e+03   3.1921387e+01
   1.6080000e+03   3.1066895e+01
   1.7410000e+03   3.3874512e+01
   1.7870000e+03   3.2348633e+01
   1.8080000e+03   3.4484863e+01
   1.8400000e+03   9.6069336e+01
   1.8690000e+03   6.1950684e+01
   1.8860000e+03   7.0190430e+01
   1.9110000e+03   6.2561035e+01
   1.9400000e+03   8.9843750e+01
   1.9560000e+03   4.5776367e+01
   1.9840000e+03   6.4453125e+01
   1.9990000e+03   3.7780762e+01
   2.0180000e+03   5.2978516e+01
   2.0410000e+03   3.1616211e+01
   2.0620000e+03   3.7658691e+01
   2.1070000e+03   5.1269531e+01
   2.1210000e+03   3.4606934e+01
   2.1580000e+03   4.0222168e+01
   2.1780000e+03   3.2226563e+01
   2.2180000e+03   3.7536621e+01
   2.2710000e+03   5.1879883e+01
   2.3070000e+03   3.1127930e+01
   2.4400000e+03   3.0944824e+01
   2.4900000e+03   3.1494141e+01
   2.0339000e+04   3.1066895e+01
   2.1703000e+04   3.6621094e+01
   2.2840000e+04   3.5278320e+01
   3.1208000e+04   3.1616211e+01
   3.1333000e+04   3.6071777e+01
   3.1351000e+04   5.4077148e+01
   3.1390000e+04   8.2885742e+01
   3.1409000e+04   7.3425293e+01
   3.1442000e+04   5.8105469e+01
   3.1452000e+04   9.3200684e+01
   3.1477000e+04   4.9072266e+01
   3.1496000e+04   4.8095703e+01
   3.1508000e+04   5.5175781e+01
   3.1527000e+04   3.3813477e+01
   3.1540000e+04   3.5461426e+01
   3.1553000e+04   3.3569336e+01
   3.1578000e+04   5.7434082e+01
   3.1598000e+04   3.3874512e+01
   3.1629000e+04   4.8950195e+01
   3.1663000e+04   3.7719727e+01
   3.1674000e+04   3.5766602e+01
   3.1689000e+04   4.3029785e+01
   3.1716000e+04   3.2043457e+01
   3.1730000e+04   5.0659180e+01
   3.1751000e+04   3.7597656e+01
   3.1792000e+04   3.1005859e+01
   3.1820000e+04   3.1127930e+01
   3.1891000e+04   4.3334961e+01
   3.1921000e+04   3.0578613e+01
   3.1992000e+04   3.9916992e+01
   4.6148000e+04   3.1494141e+01
   4.8458000e+04   3.1433105e+01
   4.9638000e+04   3.6987305e+01
   5.0065000e+04   3.0822754e+01
   6.0385000e+04   3.2104492e+01
   6.2486000e+04   3.0517578e+01
   6.9985000e+04   3.6499023e+01
   7.0163000e+04   3.2287598e+01
   7.0355000e+04   3.9550781e+01
   7.0447000e+04   4.0649414e+01
   7.0471000e+04   3.2836914e+01
   7.0504000e+04   6.1889648e+01
   7.0545000e+04   3.0578613e+01
   7.0564000e+04   4.2114258e+01
   7.0601000e+04   3.8391113e+01
   7.0626000e+04   3.8757324e+01
   7.0644000e+04   6.3293457e+01
   7.0671000e+04   1.0864258e+02
   7.0682000e+04   7.9284668e+01
   7.0716000e+04   6.4025879e+01
   7.0732000e+04   3.5034180e+01
   7.0743000e+04   4.9560547e+01
   7.0765000e+04   5.6518555e+01
   7.0786000e+04   5.5541992e+01
   7.0800000e+04   3.9550781e+01
   7.0821000e+04   3.5278320e+01
   7.0837000e+04   3.4301758e+01
   7.0856000e+04   3.7597656e+01
   7.0877000e+04   3.2714844e+01
   7.0894000e+04   3.8940430e+01
   7.0908000e+04   3.3813477e+01
   7.0924000e+04   3.7475586e+01
   7.0948000e+04   3.4484863e+01
   7.0987000e+04   3.4729004e+01
   7.1031000e+04   3.8330078e+01
   7.1061000e+04   3.9611816e+01
   7.1091000e+04   4.6020508e+01
   7.1112000e+04   4.4311523e+01
   7.1233000e+04   3.1005859e+01
   8.9150000e+04   3.3569336e+01
   9.0515000e+04   3.1982422e+01
   9.0543000e+04   3.4912109e+01
   1.0182100e+05   3.1677246e+01
   1.0221900e+05   3.7109375e+01
   1.0252300e+05   3.8452148e+01
   1.0256200e+05   3.6621094e+01
   1.0257600e+05   3.0517578e+01
   1.0282800e+05   4.3762207e+01
   1.0298800e+05   4.2724609e+01
   1.0318600e+05   4.5959473e+01
   1.0339100e+05   3.8574219e+01
   1.0343800e+05   3.2836914e+01
   1.0345600e+05   3.2653809e+01
   1.0352900e+05   4.3395996e+01
   1.0354900e+05   4.4067383e+01
   1.0357800e+05   1.0009766e+02
   1.0360800e+05   5.0598145e+01
   1.0362300e+05   4.8339844e+01
   1.0364600e+05   7.3547363e+01
   1.0367400e+05   5.1208496e+01
   1.0370000e+05   4.4799805e+01
   1.0371600e+05   7.3852539e+01
   1.0373600e+05   3.4790039e+01
   1.0375700e+05   4.1320801e+01
   1.0376700e+05   3.3447266e+01
   1.0380000e+05   5.0476074e+01
   1.0384200e+05   3.2470703e+01
   1.0386000e+05   3.7597656e+01
   1.0388900e+05   3.1372070e+01
   1.0392300e+05   3.2714844e+01
   1.0394300e+05   3.5583496e+01
   1.0398300e+05   3.1250000e+01
   1.0400900e+05   4.0893555e+01
   1.0402900e+05   3.5278320e+01
   1.0411500e+05   3.3020020e+01
   1.0424200e+05   3.1921387e+01
   1.0460400e+05   3.3081055e+01
   1.2090100e+05   3.1494141e+01
   1.3312500e+05   3.2714844e+01
   1.3350600e+05   3.0700684e+01
   1.3511300e+05   3.1250000e+01
   1.3517100e+05   3.1311035e+01
   1.3521500e+05   3.1127930e+01
   1.3533700e+05   4.4006348e+01
   1.3539200e+05   3.3264160e+01
   1.3540900e+05   4.7912598e+01
   1.3542800e+05   8.0261230e+01
   1.3544300e+05   4.8217773e+01
   1.3545700e+05   1.0827637e+02
   1.3548500e+05   5.1391602e+01
   1.3550500e+05   4.1442871e+01
   1.3553500e+05   5.8776855e+01
   1.3554900e+05   3.8879395e+01
   1.3556100e+05   4.2053223e+01
   1.3557100e+05   3.5461426e+01
   1.3558600e+05   3.9733887e+01
   1.3560600e+05   4.4921875e+01
   1.3563400e+05   4.3457031e+01
   1.3565200e+05   4.3518066e+01
   1.3566400e+05   3.6804199e+01
   1.3568600e+05   6.1767578e+01
   1.3572300e+05   5.3527832e+01
   1.3574800e+05   3.1250000e+01
   1.3577600e+05   3.1555176e+01
   1.3582000e+05   4.0161133e+01
   1.3585700e+05   3.0883789e+01
   1.3588700e+05   3.4240723e+01
   1.4260300e+05   3.0944824e+01
   1.5055500e+05   3.1005859e+01
   1.5405800e+05   3.2714844e+01
   1.5618500e+05   3.1311035e+01
   1.6386800e+05   3.1250000e+01
   1.6417400e+05   3.9367676e+01
   1.6508900e+05   3.6315918e+01
   1.6533300e+05   3.4484863e+01
   1.6538000e+05   4.8583984e+01
   1.6539200e+05   4.9011230e+01
   1.6558400e+05   3.2531738e+01
   1.6580100e+05   3.2775879e+01
   1.6596300e+05   3.7841797e+01
   1.6599200e+05   3.8574219e+01
   1.6616600e+05   3.3020020e+01
   1.6622900e+05   3.0761719e+01
   1.6636400e+05   3.1005859e+01
   1.6649300e+05   4.2541504e+01
   1.6650300e+05   3.2165527e+01
   1.6659600e+05   3.3874512e+01
   1.6666200e+05   3.3630371e+01
   1.6670900e+05   6.0485840e+01
   1.6672300e+05   3.2104492e+01
   1.6673900e+05   5.6091309e+01
   1.6675300e+05   7.5988770e+01
   1.6677700e+05   5.6518555e+01
   1.6679200e+05   7.5744629e+01
   1.6680300e+05   5.3955078e+01
   1.6682800e+05   5.7861328e+01
   1.6684200e+05   4.6875000e+01
   1.6686200e+05   3.7170410e+01
   1.6687600e+05   5.2490234e+01
   1.6690500e+05   3.8085938e+01
   1.6691600e+05   5.0598145e+01
   1.6692800e+05   3.3386230e+01
   1.6694100e+05   3.4484863e+01
   1.6695500e+05   3.2226563e+01
   1.6698000e+05   4.9072266e+01
   1.6700700e+05   3.0761719e+01
   1.6702600e+05   6.1889648e+01
   1.6705000e+05   4.0466309e+01
   1.6708100e+05   4.0100098e+01
   1.6712600e+05   3.2226563e+01
   1.6715500e+05   3.7231445e+01
   1.6721800e+05   3.4851074e+01
   1.6757200e+05   3.5583496e+01
   1.6787900e+05   3.0822754e+01
   1.8452100e+05   3.8024902e+01
   2.0462300e+05   3.1311035e+01
   2.0475100e+05   3.1311035e+01
   2.0490500e+05   3.3081055e+01
   2.0519300e+05   4.1503906e+01
   2.0530300e+05   4.4372559e+01
   2.0539500e+05   3.7170410e+01
   2.0562600e+05   3.3569336e+01
   2.0567400e+05   4.2846680e+01
   2.0572600e+05   3.1494141e+01
   2.0577700e+05   3.3142090e+01
   2.0592900e+05   3.4057617e+01
   2.0613400e+05   3.2592773e+01
   2.0642900e+05   4.2480469e+01
   2.0662100e+05   3.6376953e+01
   2.0663300e+05   3.7658691e+01
   2.0670700e+05   4.0588379e+01
   2.0672500e+05   3.5705566e+01
   2.0674700e+05   4.7180176e+01
   2.0677500e+05   8.6975098e+01
   2.0680300e+05   7.3486328e+01
   2.0682900e+05   4.9377441e+01
   2.0685500e+05   5.5969238e+01
   2.0689300e+05   4.4067383e+01
   2.0691300e+05   5.9997559e+01
   2.0694900e+05   3.6010742e+01
   2.0698400e+05   5.3039551e+01
   2.0700500e+05   4.0527344e+01
   2.0703200e+05   3.6499023e+01
   2.0707000e+05   3.7292480e+01
   2.0711700e+05   3.3508301e+01
   2.0789800e+05   3.5888672e+01
   2.2540400e+05   3.7231445e+01
   2.3839100e+05   3.1616211e+01
   2.3940300e+05   4.5410156e+01
   2.3946600e+05   3.3752441e+01
   2.3980900e+05   3.8391113e+01
   2.3998100e+05   4.6203613e+01
   2.4001400e+05   3.8635254e+01
   2.4026400e+05   3.5400391e+01
   2.4031800e+05   3.2714844e+01
   2.4064100e+05   3.4118652e+01
   2.4091600e+05   3.0822754e+01
   2.4098700e+05   3.0883789e+01
   2.4125800e+05   3.2775879e+01
   2.4128200e+05   3.0517578e+01
   2.4138600e+05   3.4667969e+01
   2.4144400e+05   3.1860352e+01
   2.4146400e+05   3.5095215e+01
   2.4148200e+05   3.3874512e+01
   2.4162300e+05   3.7719727e+01
   2.4163900e+05   4.5654297e+01
   2.4165800e+05   4.8889160e+01
   2.4166800e+05   4.5288086e+01
   2.4169900e+05   5.1452637e+01
   2.4171500e+05   6.5246582e+01
   2.4173600e+05   3.3813477e+01
   2.4176300e+05   4.3151855e+01
   2.4178700e+05   7.3974609e+01
   2.4180800e+05   5.5603027e+01
   2.4182400e+05   4.6936035e+01
   2.4185100e+05   5.2246094e+01
   2.4186200e+05   6.7077637e+01
   2.4190000e+05   5.6884766e+01
   2.4192200e+05   4.0893555e+01
   2.4195500e+05   6.1706543e+01
   2.4197900e+05   3.1066895e+01
   2.4199800e+05   4.7668457e+01
   2.4202900e+05   4.8217773e+01
   2.4209500e+05   3.2592773e+01
   2.4213400e+05   3.1616211e+01
   2.4217000e+05   3.5339355e+01
   2.4226100e+05   3.5705566e+01
   2.5780900e+05   3.6926270e+01
   2.5782000e+05   3.8574219e+01
   2.5815700e+05   3.0456543e+01
   2.5838000e+05   3.4301758e+01
   2.5844400e+05   3.6132813e+01
   2.5867300e+05   3.3508301e+01
   2.5888000e+05   4.4372559e+01
   2.5889400e+05   3.6315918e+01
   2.5913000e+05   3.1738281e+01
   2.5954300e+05   3.6254883e+01
   2.6013600e+05   3.7658691e+01
   2.8306100e+05   3.0883789e+01
   2.8313300e+05   3.3081055e+01
   2.8317600e+05   3.6621094e+01
   2.8330700e+05   3.2104492e+01
   2.8344000e+05   3.3569336e+01
   2.8354600e+05   3.2287598e+01
   2.8378900e+05   4.2724609e+01
   2.8389200e+05   3.2409668e+01
   2.8393100e+05   3.3813477e+01
   2.8411500e+05   3.2165527e+01
   2.8419600e+05   3.4301758e+01
   2.8430300e+05   3.1982422e+01
   2.8477400e+05   3.3996582e+01
   2.8483000e+05   3.4179688e+01
   2.8497900e+05   3.3142090e+01
   2.8504600e+05   4.1625977e+01
   2.8506400e+05   4.4372559e+01
   2.8508700e+05   3.0883789e+01
   2.8510900e+05   5.2856445e+01
   2.8513900e+05   4.1625977e+01
   2.8515300e+05   1.3006592e+02
   2.8517600e+05   5.0903320e+01
   2.8518700e+05   4.1809082e+01
   2.8521200e+05   5.4016113e+01
   2.8524200e+05   3.8146973e+01
   2.8525400e+05   6.4270020e+01
   2.8527600e+05   3.1188965e+01
   2.8528800e+05   4.8461914e+01
   2.8530800e+05   5.2734375e+01
   2.8534500e+05   3.4484863e+01
   2.8536100e+05   4.9194336e+01
   2.8542300e+05   4.4250488e+01
   2.8547100e+05   3.1433105e+01
   2.8551400e+05   3.1066895e+01
   2.8557600e+05   3.0944824e+01
   2.8561100e+05   3.8391113e+01
   2.8633000e+05   3.4301758e+01
   3.0414300e+05   3.2165527e+01
   3.1159200e+05   3.1860352e+01
   3.2699800e+05   3.0456543e+01
   3.2903100e+05   4.1748047e+01
   3.2920800e+05   3.2775879e+01
   3.2956200e+05   3.8146973e+01
   3.3119200e+05   3.4057617e+01
   3.3153600e+05   3.5034180e+01
   3.3155900e+05   4.1503906e+01
   3.3158800e+05   1.3543701e+02
   3.3160500e+05   8.2031250e+01
   3.3162300e+05   5.1696777e+01
   3.3164600e+05   5.8959961e+01
   3.3167700e+05   5.1696777e+01
   3.3169300e+05   7.3059082e+01
   3.3171500e+05   4.8645020e+01
   3.3174700e+05   6.0363770e+01
   3.3175900e+05   3.9428711e+01
   3.3178400e+05   3.0761719e+01
   3.3181700e+05   3.2043457e+01
   3.3183300e+05   3.8940430e+01
   3.3184800e+05   4.8095703e+01
   3.3188600e+05   4.1015625e+01
   3.3193000e+05   4.4494629e+01
   3.3196300e+05   3.5461426e+01
   3.3200600e+05   4.2358398e+01
   3.3204000e+05   4.2602539e+01
   3.3206000e+05   3.1921387e+01
   3.3257400e+05   3.2836914e+01
   3.4843900e+05   3.8635254e+01
   3.4881300e+05   3.2531738e+01
   3.4893500e+05   3.0517578e+01
   3.4911800e+05   3.2226563e+01
   3.5177200e+05   3.3874512e+01
   3.6342600e+05   3.6376953e+01
   3.6410500e+05   4.2053223e+01
   3.6431700e+05   3.3691406e+01
   3.6471800e+05   3.0456543e+01
   3.6477500e+05   3.2958984e+01
   3.7519300e+05   3.1188965e+01
   3.7925200e+05   3.5522461e+01
   3.8056400e+05   3.2409668e+01
   3.8175900e+05   3.2958984e+01
   3.8183500e+05   3.0883789e+01
   3.8197300e+05   3.1250000e+01
   3.8234900e+05   3.9367676e+01
   3.8277500e+05   3.0883789e+01
   3.8307700e+05   4.2053223e+01
   3.8310000e+05   3.2470703e+01
   3.8414900e+05   3.2958984e+01
   3.8416100e+05   4.0405273e+01
   3.8422400e+05   5.3710938e+01
   3.8424100e+05   8.0505371e+01
   3.8426800e+05   6.5185547e+01
   3.8428400e+05   4.6630859e+01
   3.8429400e+05   4.5776367e+01
   3.8430700e+05   8.8195801e+01
   3.8432600e+05   5.0292969e+01
   3.8435600e+05   8.4045410e+01
   3.8436800e+05   4.8583984e+01
   3.8438000e+05   4.4372559e+01
   3.8441100e+05   4.0100098e+01
   3.8443100e+05   4.9377441e+01
   3.8444100e+05   3.6804199e+01
   3.8447800e+05   4.5349121e+01
   3.8449000e+05   5.1147461e+01
   3.8450600e+05   3.5339355e+01
   3.8452600e+05   3.9978027e+01
   3.8454800e+05   4.0527344e+01
   3.8456400e+05   5.2978516e+01
   3.8460000e+05   3.7963867e+01
   3.8463400e+05   3.2226563e+01
   3.8467400e+05   4.7668457e+01
   3.8498800e+05   3.0517578e+01
   3.8522400e+05   3.2409668e+01
   3.8555800e+05   3.2775879e+01
   4.0205800e+05   3.3020020e+01
   4.0410600e+05   3.1616211e+01
   4.0802300e+05   3.0456543e+01
   4.0974300e+05   3.0883789e+01
   4.1259000e+05   3.3325195e+01
   4.1867200e+05   3.1127930e+01
   4.1903700e+05   4.0527344e+01
   4.1919700e+05   3.5888672e+01
   4.1946300e+05   3.7536621e+01
   4.1972400e+05   3.3447266e+01
   4.1985000e+05   3.3691406e+01
   4.2128700e+05   3.4484863e+01
   4.2135600e+05   3.1066895e+01
   4.2144600e+05   4.5349121e+01
   4.2148500e+05   6.3476563e+01
   4.2149600e+05   4.1564941e+01
   4.2152200e+05   4.6142578e+01
   4.2153400e+05   6.7810059e+01
   4.2156800e+05   5.2185059e+01
   4.2158800e+05   6.2194824e+01
   4.2161500e+05   6.7382813e+01
   4.2162500e+05   4.2602539e+01
   4.2165100e+05   3.1372070e+01
   4.2167300e+05   3.4973145e+01
   4.2169700e+05   5.3466797e+01
   4.2171200e+05   7.9711914e+01
   4.2175200e+05   3.1677246e+01
   4.2177600e+05   3.4545898e+01
   4.2182800e+05   3.1616211e+01
   4.2184000e+05   6.3110352e+01
   4.2185300e+05   3.5400391e+01
   4.2193400e+05   3.6193848e+01
   4.2225500e+05   3.2470703e+01
   4.2284300e+05   3.4057617e+01
   4.3967700e+05   3.1921387e+01
   4.4916900e+05   3.0578613e+01
   4.4951900e+05   3.0456543e+01
   4.4955500e+05   3.0578613e+01
   4.5002900e+05   3.6804199e+01
   4.5005400e+05   3.1738281e+01
   4.5066100e+05   3.4057617e+01
   4.6010200e+05   3.0944824e+01
   4.6439700e+05   3.4118652e+01
   4.6508200e+05   3.0700684e+01
   4.6570800e+05   3.1372070e+01
   4.7474800e+05   3.0456543e+01
   4.8022100e+05   3.8696289e+01
   4.8137900e+05   3.1250000e+01
   4.8140100e+05   3.4057617e+01
   4.8190600e+05   3.1921387e+01
   4.8483600e+05   3.0517578e+01
   4.9570900e+05   3.2897949e+01
   5.0227900e+05   3.1066895e+01
   5.0506000e+05   5.0048828e+01
   5.0552200e+05   3.2165527e+01
   5.0556000e+05   3.3264160e+01
   5.0611200e+05   3.2165527e+01
   5.0614700e+05   3.0822754e+01
   5.0678500e+05   3.1677246e+01
   5.1857200e+05   3.3386230e+01
   5.2773600e+05   3.2104492e+01
   5.2875800e+05   3.2348633e+01
   5.2907000e+05   3.2592773e+01
   5.4308700e+05   3.3081055e+01
   5.5122000e+05   3.0639648e+01
   5.5140700e+05   3.1738281e+01
   5.5168300e+05   3.5522461e+01
   5.5264900e+05   3.1433105e+01
   5.6093900e+05   3.9367676e+01
   5.6275400e+05   3.2043457e+01
   5.6325600e+05   3.2653809e+01
   5.7108400e+05   3.4057617e+01
   5.7111700e+05   3.1433105e+01
   5.7124300e+05   3.2165527e+01
   5.7138600e+05   3.1860352e+01
   5.7202900e+05   3.4484863e+01
   5.7208300e+05   3.3996582e+01
   5.7301400e+05   3.1738281e+01
   5.8203500e+05   3.3447266e+01
   5.8588800e+05   3.4484863e+01
   5.9188300e+05   3.0944824e+01
   5.9210900e+05   3.2714844e+01
   5.9270700e+05   3.6376953e+01
   5.9556300e+05   3.6071777e+01
   5.9566400e+05   3.5705566e+01
   5.9579200e+05   3.1188965e+01
   5.9996400e+05   3.3386230e+01
   6.0918500e+05   3.5949707e+01
   6.0922300e+05   3.1799316e+01
   6.0933000e+05   4.0527344e+01
   6.0950800e+05   3.1677246e+01
   6.0958500e+05   3.3325195e+01
   6.2048500e+05   3.3752441e+01
   6.2131800e+05   3.0517578e+01
   6.2329500e+05   3.2165527e+01
   6.3195100e+05   3.3874512e+01
   6.3598800e+05   3.7597656e+01
   6.3616800e+05   3.4423828e+01
   6.3636600e+05   3.5949707e+01
   6.4237000e+05   3.9123535e+01
   6.5674600e+05   3.3325195e+01
   6.5680500e+05   3.0578613e+01
   6.5698300e+05   3.4240723e+01
   6.5718800e+05   3.2958984e+01
   6.5873500e+05   3.3569336e+01
   6.5895700e+05   3.4423828e+01
   6.5899400e+05   3.3203125e+01
   6.6541800e+05   3.1311035e+01
   6.8000500e+05   3.0700684e+01
   6.8001500e+05   3.8391113e+01
   6.8035000e+05   3.1982422e+01
   6.8066500e+05   3.3569336e+01
   6.8073900e+05   3.4240723e+01
   6.8076600e+05   3.4057617e+01
   6.8158800e+05   3.2348633e+01
   6.8263900e+05   3.4912109e+01
   6.8654800e+05   3.1677246e+01
   6.9425900e+05   3.0700684e+01
   7.0367500e+05   3.3813477e+01
   7.0698000e+05   3.3386230e+01
   7.1447600e+05   3.2104492e+01
   7.1478500e+05   3.4606934e+01
   7.1539900e+05   3.2287598e+01
   7.1546000e+05   5.3100586e+01
   7.2748700e+05   3.2714844e+01
   7.3184500e+05   3.1127930e+01
   7.3404900e+05   3.1433105e+01
   7.3413000e+05   3.5217285e+01
   7.3494200e+05   3.3813477e+01
   7.3500200e+05   3.7292480e+01
   7.4790000e+05   3.2653809e+01
   7.4792100e+05   3.2043457e+01
   7.4798900e+05   3.2958984e+01
   7.4973300e+05   3.3813477e+01
   7.4996800e+05   3.7719727e+01
   7.6408900e+05   3.3264160e+01
   7.6417000e+05   4.1564941e+01
   7.6444100e+05   3.4545898e+01
   7.6505200e+05   3.5705566e+01
   7.6683900e+05   3.1860352e+01
   7.6697700e+05   3.6071777e+01
   7.6703500e+05   3.5095215e+01
   7.8155700e+05   3.4545898e+01
   7.8157300e+05   3.3142090e+01
   7.8737700e+05   3.7658691e+01
   7.9697000e+05   3.2165527e+01
   7.9751300e+05   3.5156250e+01
   7.9937800e+05   3.3569336e+01
   8.1364000e+05   3.3874512e+01
   8.1432700e+05   3.3630371e+01
   8.1442000e+05   3.3203125e+01
   8.2547400e+05   3.3569336e+01
   8.2578800e+05   3.7719727e+01
   8.2844100e+05   3.4790039e+01
   8.3495900e+05   3.1433105e+01
   8.4593700e+05   3.1494141e+01
   8.4618200e+05   3.2348633e+01
   8.4827100e+05   3.0883789e+01
   8.5272200e+05   3.3996582e+01
   8.5866400e+05   3.6254883e+01
   8.5870200e+05   3.4851074e+01
   8.6517500e+05   3.3203125e+01
   8.6812500e+05   3.2287598e+01
   8.6819700e+05   3.2531738e+01
   8.6889900e+05   3.1127930e+01
   8.6901800e+05   3.5217285e+01
   8.9447200e+05   4.4067383e+01
   8.9501600e+05   3.3447266e+01
   8.9503700e+05   3.2897949e+01
   8.9618500e+05   3.4057617e+01
   9.0599500e+05   3.2714844e+01
   9.0602400e+05   3.0700684e+01
   9.1703500e+05   4.4799805e+01
   9.1726500e+05   3.1005859e+01
   9.1893500e+05   3.3325195e+01
   9.1911400e+05   3.3386230e+01
   9.2153800e+05   3.4973145e+01
   9.2824900e+05   3.1433105e+01
   9.3530800e+05   3.2470703e+01
   9.3542500e+05   3.0639648e+01
   9.3546600e+05   3.4729004e+01
   9.3879900e+05   3.2043457e+01
   9.4230300e+05   3.0944824e+01
   9.4251200e+05   3.2958984e+01
   9.4313100e+05   3.2531738e+01
   9.4370500e+05   3.4301758e+01
   9.5583700e+05   3.0700684e+01
   9.5802800e+05   3.1494141e+01
   9.5813700e+05   3.1555176e+01
   9.5822100e+05   3.3569336e+01
   9.5853600e+05   3.3264160e+01
   9.6699600e+05   3.3447266e+01
   9.7137700e+05   3.1616211e+01
   9.7196700e+05   3.3386230e+01
   9.8666500e+05   3.2348633e+01
   9.8676200e+05   3.3325195e+01
   9.8775700e+05   3.0761719e+01
   9.8784200e+05   4.3579102e+01
   9.9062900e+05   3.5766602e+01
   1.0033280e+06   3.7292480e+01
   1.0034280e+06   3.2348633e+01
   1.0037370e+06   3.7109375e+01
   1.0037580e+06   3.0578613e+01
   1.0177700e+06   3.1311035e+01
   1.0189870e+06   4.0283203e+01
   1.0190150e+06   3.2592773e+01
   1.0554950e+06   3.1616211e+01
   1.0608950e+06   3.2775879e+01
   1.0609650e+06   3.2043457e+01
   1.0617310e+06   4.0466309e+01
   1.0619960e+06   3.2836914e+01
   1.0620120e+06   3.7353516e+01
   1.0742190e+06   3.2775879e+01
   1.0950280e+06   3.3691406e+01
   1.0951870e+06   3.0700684e+01
   1.0954510e+06   3.4423828e+01
   1.0986320e+06   3.0883789e+01
   1.1128790e+06   3.2470703e+01
   1.1163770e+06   3.1005859e+01
   1.1165390e+06   3.4484863e+01
   1.1165560e+06   5.7434082e+01
   1.1284930e+06   3.2043457e+01
   1.1326820e+06   3.0700684e+01
   1.1329940e+06   3.0639648e+01
   1.1330880e+06   3.2348633e+01
   1.1516440e+06   4.1564941e+01
   1.1516800e+06   3.3874512e+01
   1.1521870e+06   3.4667969e+01
   1.1522740e+06   3.2348633e+01
   1.1679920e+06   3.1921387e+01
   1.1804680e+06   3.0944824e+01
   1.1806020e+06   3.1860352e+01
   1.1807180e+06   3.0639648e+01
   1.1816540e+06   3.3508301e+01
   1.1816750e+06   3.1860352e+01
   1.2099650e+06   3.7170410e+01
   1.2254870e+06   3.0456543e+01
   1.2256340e+06   3.4484863e+01
   1.2508150e+06   3.2043457e+01
   1.2517270e+06   4.0039063e+01
   1.2524940e+06   3.3630371e+01
   1.2525080e+06   5.0415039e+01
   1.2663430e+06   3.5705566e+01
   1.2664290e+06   3.2226563e+01
   1.2668590e+06   3.2165527e+01
   1.2673570e+06   3.1005859e+01
   1.2862210e+06   3.7048340e+01
   1.2864150e+06   3.2470703e+01
   1.2864350e+06   3.5400391e+01
   1.2864970e+06   3.5888672e+01
   1.2866400e+06   3.1738281e+01
   1.2892420e+06   3.2470703e+01
   1.2893760e+06   3.1738281e+01
   1.2900300e+06   3.0700684e+01
   1.2901880e+06   3.2043457e+01
   1.3005520e+06   3.3447266e+01
   1.3073580e+06   3.4606934e+01
   1.3099010e+06   3.4545898e+01
   1.3100870e+06   3.1066895e+01
   1.3221070e+06   3.1311035e+01
   1.3273140e+06   3.1372070e+01
   1.3275690e+06   3.7292480e+01
   1.3367190e+06   3.2043457e+01
   1.3380010e+06   3.3203125e+01
   1.3526360e+06   3.1982422e+01
   1.3533460e+06   3.1188965e+01
   1.3696540e+06   3.2592773e+01
   1.3699620e+06   3.5034180e+01
   1.3743620e+06   3.3264160e+01
   1.3911190e+06   3.0761719e+01
   1.3976520e+06   4.1015625e+01
   1.4054700e+06   3.4606934e+01
   1.4055700e+06   3.0639648e+01
   1.4058640e+06   3.9978027e+01
   1.4058890e+06   3.9062500e+01
   1.4218580e+06   3.8269043e+01
   1.4347700e+06   3.2775879e+01
   1.4364390e+06   3.3996582e+01
   1.4364960e+06   3.2897949e+01
   1.4419270e+06   3.1433105e+01
   1.4557860e+06   3.2836914e+01
   1.4850010e+06   3.3264160e+01
   1.5048140e+06   3.1799316e+01
   1.5058730e+06   3.2470703e+01
   1.5063460e+06   3.1005859e+01
   1.5064370e+06   3.2897949e+01
   1.5084250e+06   3.1127930e+01
   1.5250550e+06   3.1127930e+01
   1.5354840e+06   3.3081055e+01
   1.5358940e+06   3.3569336e+01
   1.5448700e+06   3.1616211e+01
   1.5570230e+06   3.3020020e+01
   1.5705160e+06   3.1127930e+01
   1.5732170e+06   3.1860352e+01
   1.5856410e+06   3.5217285e+01
   1.5915300e+06   3.3081055e+01
   1.5996580e+06   3.5705566e+01
   1.5998090e+06   3.1311035e+01
   1.5999130e+06   3.6743164e+01
   1.6092780e+06   3.0761719e+01
   1.6115680e+06   3.0944824e+01
   1.6170840e+06   3.1066895e+01
   1.6266220e+06   3.3996582e+01
   1.6271060e+06   3.0517578e+01
   1.6363570e+06   3.1921387e+01
   1.6561060e+06   3.0761719e+01
   1.6583890e+06   3.2226563e+01
   1.6739770e+06   3.4301758e+01
   1.6825730e+06   3.2897949e+01
   1.6971890e+06   3.0578613e+01
   1.7093860e+06   3.1677246e+01
   1.7168050e+06   3.1494141e+01
   1.7224250e+06   3.3447266e+01
   1.7251930e+06   3.3630371e+01
   1.7394470e+06   3.7658691e+01
   1.7405040e+06   3.0883789e+01
   1.7410940e+06   3.3020020e+01
   1.7411240e+06   3.3386230e+01
   1.7583090e+06   3.3752441e+01
   1.7655590e+06   3.1005859e+01
   1.7660090e+06   3.6071777e+01
   1.7769240e+06   3.2836914e+01
   1.7780110e+06   3.9672852e+01
   1.7860290e+06   3.1372070e+01
   1.7995780e+06   3.5766602e+01
   1.8000330e+06   3.1250000e+01
   1.8001810e+06   3.3142090e+01
   1.8003900e+06   3.0822754e+01
   1.8005560e+06   3.2531738e+01
   1.8150650e+06   3.2897949e+01
   1.8157950e+06   3.1250000e+01
   1.8214420e+06   3.3203125e+01
   1.8215640e+06   3.0822754e+01
   1.8231770e+06   3.1066895e+01
   1.8253950e+06   3.2897949e+01
   1.8286540e+06   3.0883789e+01
   1.8342320e+06   3.1311035e+01
   1.8360850e+06   3.5034180e+01
   1.8542190e+06   3.2897949e+01
   1.8681500e+06   3.1005859e+01
   1.8682050e+06   3.5095215e+01
   1.8682380e+06   4.6875000e+01
   1.8796820e+06   3.1982422e+01
   1.8825950e+06   3.1127930e+01
   1.8921010e+06   3.1982422e+01
   1.8946340e+06   3.2958984e+01
   1.9150330e+06   3.1982422e+01
   1.9156790e+06   3.1372070e+01
   1.9160160e+06   3.2653809e+01
   1.9424020e+06   3.3630371e+01
   1.9530850e+06   3.5095215e+01
   1.9534400e+06   3.0700684e+01
   1.9571360e+06   3.3691406e+01
   1.9740820e+06   3.1311035e+01
   1.9762970e+06   3.1860352e+01
   1.9808770e+06   3.2409668e+01
   1.9886890e+06   3.1494141e+01
   2.0110820e+06   3.1188965e+01
   2.0118700e+06   3.7719727e+01
   2.0247900e+06   3.1311035e+01
   2.0363670e+06   3.2165527e+01
   2.0401340e+06   3.2897949e+01
   2.0428080e+06   3.4057617e+01
   2.0504300e+06   3.5644531e+01
   2.0658150e+06   3.4057617e+01
   2.0758370e+06   3.4790039e+01
   2.0758960e+06   3.2348633e+01
   2.0763540e+06   3.2165527e+01
   2.0772890e+06   3.1005859e+01
   2.0773380e+06   3.1616211e+01
   2.0775720e+06   3.1127930e+01
   2.0790850e+06   3.4179688e+01
   2.0879510e+06   3.8146973e+01
   2.0978330e+06   3.0639648e+01
   2.1057470e+06   3.4179688e+01
   2.1180080e+06   3.1738281e+01
   2.1189030e+06   3.8757324e+01
   2.1195030e+06   4.3090820e+01
   2.1273860e+06   3.0517578e+01
   2.1310910e+06   3.2226563e+01
   2.1521750e+06   3.5888672e+01
   2.1573210e+06   3.1677246e+01
   2.1585240e+06   3.5583496e+01
   2.1585420e+06   3.3752441e+01
   2.1759350e+06   3.3386230e+01
   2.2064470e+06   3.3935547e+01
   2.2185600e+06   3.1494141e+01
   2.2292950e+06   3.2470703e+01
   2.2312350e+06   3.1066895e+01
   2.2386370e+06   3.3081055e+01
   2.2397020e+06   3.0944824e+01
   2.2499890e+06   3.1066895e+01
   2.2508800e+06   3.4240723e+01
   2.2522730e+06   3.2226563e+01
   2.2527540e+06   3.3813477e+01
   2.2683230e+06   3.0456543e+01
   2.2724090e+06   3.2836914e+01
   2.2895320e+06   3.7475586e+01
   2.2905570e+06   3.4118652e+01
   2.2930500e+06   3.7475586e+01
   2.2931020e+06   3.0700684e+01
   2.3059280e+06   3.1127930e+01
   2.3153030e+06   3.4545898e+01
   2.3238310e+06   3.3386230e+01
   2.3240050e+06   3.8513184e+01
   2.3368850e+06   3.1738281e+01
   2.3430330e+06   3.5949707e+01
   2.3439110e+06   3.3203125e+01
   2.3483270e+06   3.2836914e+01
   2.3485620e+06   3.0761719e+01
   2.3488070e+06   3.1555176e+01
   2.3550860e+06   3.4423828e+01
   2.3569000e+06   3.2287598e+01
   2.3761240e+06   3.1250000e+01
   2.3771980e+06   3.5949707e+01
   2.3971950e+06   3.2043457e+01
   2.4053820e+06   3.1372070e+01
   2.4327740e+06   3.1311035e+01
   2.4341870e+06   3.3081055e+01
   2.4706640e+06   3.0700684e+01
   2.4710950e+06   3.2714844e+01
   2.4971000e+06   3.4301758e+01
   2.4973430e+06   3.2104492e+01
   2.5000040e+06   3.1677246e+01
   2.5665940e+06   3.2287598e+01
   2.5921760e+06   3.3996582e+01
   2.6100800e+06   3.0578613e+01
   2.6249690e+06   3.3691406e+01
   2.6352500e+06   3.1738281e+01
   2.6500650e+06   3.1738281e+01
   2.6514920e+06   3.1494141e+01
   2.6529290e+06   3.6682129e+01
   2.6612040e+06   3.6376953e+01
   2.6626920e+06   3.2348633e+01
   2.6741150e+06   3.3691406e+01
   2.6787960e+06   3.4240723e+01
   2.6825460e+06   3.2226563e+01
   2.6995310e+06   3.4057617e+01
   2.7015510e+06   3.3630371e+01
   2.7289670e+06   3.0639648e+01
   2.7302920e+06   3.1799316e+01
   2.7428590e+06   3.4423828e+01
   2.7429230e+06   3.2165527e+01
   2.7476510e+06   3.0700684e+01
   2.7614340e+06   3.4057617e+01
   2.7886520e+06   3.0578613e+01
   2.7916520e+06   3.1188965e+01
   2.7991050e+06   3.0517578e+01
   2.8026930e+06   3.7109375e+01
   2.8063180e+06   3.2836914e+01
   2.8229280e+06   3.1127930e+01
   2.8425000e+06   3.0822754e+01
   2.8585420e+06   4.1748047e+01
   2.8853000e+06   3.1921387e+01
   2.8888030e+06   3.4606934e+01
   2.8954410e+06   3.0944824e+01
   2.8961620e+06   3.0700684e+01
   2.8980680e+06   3.1127930e+01
   2.9084340e+06   3.1066895e+01
   2.9100910e+06   3.0700684e+01
   2.9106580e+06   3.1433105e+01
   2.9170750e+06   3.0639648e+01
   2.9203650e+06   3.3813477e+01
   2.9241980e+06   3.9123535e+01
   2.9325900e+06   3.1066895e+01
   2.9333250e+06   3.3142090e+01
   2.9373050e+06   3.0578613e+01
   2.9464450e+06   3.2958984e+01
   2.9802780e+06   3.5644531e+01
   2.9812920e+06   3.1005859e+01
   3.0068850e+06   3.1005859e+01
   3.0273860e+06   3.1982422e+01
   3.0275960e+06   3.6193848e+01
   3.0390740e+06   3.3813477e+01
   3.0613820e+06   3.2836914e+01
   3.0614030e+06   3.1005859e+01
   3.0622680e+06   3.2287598e+01
   3.0692260e+06   3.0761719e+01
   3.0751080e+06   3.1433105e+01
   3.0768940e+06   3.2958984e+01
   3.0813910e+06   3.4118652e+01
   3.0840400e+06   3.3569336e+01
   3.0882900e+06   3.3020020e+01
   3.0894010e+06   3.1494141e+01
   3.0959200e+06   3.1677246e+01
   3.1029440e+06   3.5461426e+01
   3.1096910e+06   3.2043457e+01
   3.1197590e+06   3.1188965e+01
   3.1263630e+06   3.5095215e+01
   3.1354640e+06   3.7658691e+01
   3.1374350e+06   3.0456543e+01
   3.1483060e+06   3.1127930e+01
   3.1630740e+06   3.4057617e+01
   3.1689690e+06   3.2043457e+01
   3.1779190e+06   3.2531738e+01
   3.1807010e+06   3.3813477e+01
   3.1863090e+06   4.2602539e+01
   3.2013180e+06   3.4667969e+01
   3.2109950e+06   3.1860352e+01
   3.2178840e+06   3.1921387e+01
   3.2244840e+06   3.4240723e+01
   3.2304780e+06   3.2531738e+01
   3.2359960e+06   3.2470703e+01
   3.2575680e+06   3.1921387e+01
   3.2604960e+06   3.2958984e+01
   3.2609380e+06   3.2104492e+01
   3.3116140e+06   3.0578613e+01
   3.3175860e+06   3.1188965e+01
   3.3271790e+06   3.0883789e+01
   3.3588850e+06   3.2104492e+01
   3.3764520e+06   3.4606934e+01
   3.3841950e+06   3.3630371e+01
   3.3994310e+06   3.4301758e+01
   3.3998400e+06   3.6071777e+01
   3.4017050e+06   3.3508301e+01
   3.4018240e+06   3.7658691e+01
   3.4021910e+06   3.3325195e+01
   3.4186850e+06   3.2104492e+01
   3.4244740e+06   4.1076660e+01
   3.4506820e+06   3.4484863e+01
   3.4648230e+06   3.1555176e+01
   3.4724350e+06   3.2043457e+01
   3.4980570e+06   3.2775879e+01
   3.4995960e+06   3.1433105e+01
   3.5095320e+06   3.2897949e+01
   3.5133050e+06   3.8818359e+01
   3.5220710e+06   3.6315918e+01
   3.5247410e+06   3.1921387e+01
   3.5325380e+06   3.0883789e+01
   3.5449810e+06   3.4484863e+01
   3.5644840e+06   3.1433105e+01
   3.5819350e+06   3.2958984e+01
   3.5935560e+06   3.7170410e+01
   3.5936580e+06   3.3386230e+01
   3.5979400e+06   3.2714844e+01
   3.6034690e+06   3.1982422e+01
   3.6101200e+06   3.2165527e+01
   3.6157070e+06   3.0761719e+01
   3.6380950e+06   3.2470703e+01
   3.6467110e+06   3.5522461e+01
   3.6468250e+06   3.4179688e+01
   3.6468400e+06   3.3996582e+01
   3.6468920e+06   3.2592773e+01
   3.6469240e+06   8.1481934e+01
   3.6469670e+06   3.4240723e+01
   3.6469870e+06   3.2714844e+01
   3.6470010e+06   3.8391113e+01
   3.6470550e+06   3.4362793e+01
   3.6470850e+06   3.4912109e+01
   3.6471360e+06   4.4921875e+01
   3.6471680e+06   7.6110840e+01
   3.6471890e+06   3.2104492e+01
   3.6472150e+06   6.6162109e+01
   3.6472370e+06   8.2031250e+01
   3.6472490e+06   3.3447266e+01
   3.6472810e+06   3.8330078e+01
   3.6472960e+06   3.3508301e+01
   3.6473380e+06   4.8889160e+01
   3.6473510e+06   3.5949707e+01
   3.6473720e+06   5.5480957e+01
   3.6473920e+06   3.2226563e+01
   3.6474180e+06   6.6345215e+01
   3.6474440e+06   4.4860840e+01
   3.6474800e+06   3.4423828e+01
   3.6475000e+06   4.0466309e+01
   3.6475440e+06   3.9978027e+01
   3.6476240e+06   3.3508301e+01
   3.6476360e+06   4.3151855e+01
   3.6477320e+06   3.4240723e+01
   3.6477710e+06   3.1433105e+01
   3.6483310e+06   3.2287598e+01
   3.6675060e+06   3.3386230e+01
   3.6836840e+06   3.0761719e+01
   3.7038420e+06   3.0822754e+01
   3.7188770e+06   3.2043457e+01
   3.7322300e+06   3.0700684e+01
   3.7405110e+06   3.2287598e+01
   3.7458370e+06   3.2165527e+01
   3.7676300e+06   3.3569336e+01
   3.8034480e+06   3.0578613e+01
   3.8070570e+06   3.2287598e+01
   3.8118920e+06   3.3569336e+01
   3.8240130e+06   3.1738281e+01
   3.8535670e+06   3.2897949e+01
   3.8568790e+06   3.1677246e+01
   3.8582610e+06   3.1799316e+01
   3.8731810e+06   3.0883789e+01
   3.9200940e+06   3.5522461e+01
   3.9394270e+06   3.1982422e+01
   3.9786440e+06   3.1127930e+01
   4.0025780e+06   3.1250000e+01
   4.0055720e+06   3.1250000e+01
   4.0066650e+06   3.2104492e+01
   4.0229850e+06   3.0822754e+01
   4.0507050e+06   3.6132813e+01
   4.0553670e+06   3.0517578e+01
   4.0764520e+06   3.2043457e+01
   4.0977750e+06   3.3508301e+01
   4.1078370e+06   3.2592773e+01
   4.1101080e+06   3.4240723e+01
   4.1467070e+06   3.0761719e+01
   4.1570560e+06   3.5095215e+01
   4.1637410e+06   3.2165527e+01
   4.1654950e+06   3.4240723e+01
   4.1831900e+06   3.4057617e+01
   4.1885360e+06   3.2409668e+01
   4.2027340e+06   3.2470703e+01
   4.2051170e+06   3.6743164e+01
   4.2179770e+06   3.4240723e+01
   4.2350210e+06   3.4423828e+01
   4.2435310e+06   3.0944824e+01
   4.2442880e+06   3.4423828e+01
   4.2554740e+06   3.2165527e+01
   4.2563510e+06   3.3386230e+01
   4.3234440e+06   3.5522461e+01
   4.3671470e+06   3.3874512e+01
   4.3772390e+06   3.3996582e+01
   4.3772830e+06   3.4179688e+01
   4.3899220e+06   3.1494141e+01
   4.3900230e+06   3.2897949e+01
   4.3947550e+06   3.7109375e+01
   4.3962140e+06   3.0517578e+01
   4.3989920e+06   3.5156250e+01
   4.3997150e+06   3.0883789e+01
   4.4155500e+06   3.0822754e+01
   4.4508640e+06   3.3935547e+01
   4.4672350e+06   3.0761719e+01
   4.4790230e+06   3.3142090e+01
   4.5430190e+06   3.0517578e+01
   4.5478210e+06   3.1188965e+01
   4.5617540e+06   3.1860352e+01
   4.5712590e+06   3.0822754e+01
   4.5907360e+06   4.0222168e+01
   4.6012800e+06   3.3203125e+01
   4.6083750e+06   3.1555176e+01
   4.6224670e+06   3.6437988e+01
   4.6235880e+06   3.1250000e+01
   4.6358170e+06   3.3386230e+01
   4.6566050e+06   3.2531738e+01
   4.6779470e+06   3.1494141e+01
   4.6968010e+06   3.1311035e+01
   4.7187970e+06   3.0517578e+01
   4.7307340e+06   3.0700684e+01
   4.7410180e+06   3.4057617e+01
   4.7480680e+06   3.5339355e+01
   4.7606540e+06   3.5095215e+01
   4.8275890e+06   3.2348633e+01
   4.8340340e+06   3.1555176e+01
   4.8530010e+06   3.2409668e+01
   4.8657810e+06   3.2836914e+01
   4.9036300e+06   3.3020020e+01
   4.9457240e+06   3.2409668e+01
   4.9777090e+06   3.2958984e+01
   5.0270880e+06   3.1005859e+01
   5.0349790e+06   3.3813477e+01
   5.0820740e+06   3.3142090e+01
   5.0863320e+06   3.1372070e+01
   5.1399050e+06   3.1127930e+01
   5.1774930e+06   3.3081055e+01
   5.1919030e+06   3.1982422e+01
   5.1925620e+06   3.2653809e+01
   5.1993990e+06   3.1372070e+01
   5.1999760e+06   3.0517578e+01
   5.2442120e+06   3.1860352e+01
   5.3349210e+06   3.2104492e+01
   5.3532520e+06   3.0883789e+01
   5.3593880e+06   3.3569336e+01
   5.4118500e+06   3.0639648e+01
   5.4195010e+06   3.0700684e+01
   5.4748830e+06   5.0964355e+01
   5.4840820e+06   3.4729004e+01
   5.4957180e+06   3.2958984e+01
   5.5034970e+06   8.5327148e+01
   5.5583120e+06   3.4057617e+01
   5.6174060e+06   3.3935547e+01
   5.6174280e+06   3.1433105e+01
   5.6182830e+06   3.1799316e+01
   5.6408770e+06   3.1250000e+01
   5.6436720e+06   3.2165527e+01
   5.6691360e+06   3.1677246e+01
   5.7216990e+06   3.0456543e+01
   5.7475660e+06   3.1433105e+01
   5.7531450e+06   3.2409668e+01
   5.7634150e+06   3.2165527e+01
   5.7814030e+06   3.1677246e+01
   5.7847810e+06   3.5400391e+01
   5.7949590e+06   3.2958984e+01
   5.8448640e+06   3.0883789e+01
   5.9919730e+06   3.4484863e+01
   5.9985700e+06   3.0517578e+01
   6.0050380e+06   3.0578613e+01
   6.0076970e+06   3.3142090e+01
   6.0186150e+06   3.1921387e+01
   6.0271140e+06   3.1555176e+01
   6.0350980e+06   3.1066895e+01
   6.0499040e+06   3.5461426e+01
   6.0693740e+06   3.1066895e+01
   6.0884380e+06   3.0578613e+01
   6.1575190e+06   3.0944824e+01
   6.1800340e+06   3.0517578e+01
   6.2205640e+06   3.2043457e+01
   6.2206090e+06   3.2897949e+01
   6.2374670e+06   3.0822754e+01
   6.2600650e+06   3.4362793e+01
   6.2614450e+06   3.2287598e+01
   6.2963440e+06   3.0517578e+01
   6.3030010e+06   3.2104492e+01
   6.3216530e+06   3.2409668e+01
   6.3292180e+06   3.1921387e+01
   6.3327150e+06   3.0883789e+01
   6.3492000e+06   3.4912109e+01
   6.3732010e+06   3.1250000e+01
   6.4143000e+06   3.3142090e+01
   6.4317640e+06   3.0456543e+01
   6.4352520e+06   3.4179688e+01
   6.4512700e+06   3.2531738e+01
   6.4540590e+06   3.2531738e+01
   6.4749540e+06   3.4118652e+01
   6.5286840e+06   3.1066895e+01
   6.5435370e+06   3.1860352e+01
   6.5772610e+06   3.1677246e+01
   6.6422150e+06   3.4790039e+01
   6.7021180e+06   3.0639648e+01
   6.7119750e+06   3.0944824e+01
   6.7404760e+06   3.6315918e+01
   6.7524850e+06   3.0822754e+01
   6.7631120e+06   3.0883789e+01
   6.8304810e+06   3.0944824e+01
   6.8454910e+06   3.3813477e+01
   6.8497060e+06   3.2714844e+01
   6.8546640e+06   3.0639648e+01
   6.9025980e+06   3.1494141e+01
   7.0207130e+06   3.1982422e+01
   7.0360500e+06   3.1860352e+01
   7.0479090e+06   3.1677246e+01
   7.0510880e+06   3.0944824e+01
   7.0939900e+06   3.4484863e+01
   7.1293440e+06   3.1433105e+01
   7.1469940e+06   3.2470703e+01
   7.1636940e+06   3.1372070e+01
   7.1994880e+06   3.3081055e+01
   7.2005410e+06   3.1799316e+01
   7.2043660e+06   3.2714844e+01
   7.2248820e+06   3.1250000e+01
   7.2463400e+06   3.0639648e+01
   7.2571980e+06   3.0456543e+01
   7.2625220e+06   3.1677246e+01
   7.2634950e+06   3.1860352e+01
   7.2904850e+06   3.1127930e+01
   7.3585690e+06   3.1738281e+01
   7.3653650e+06   3.1616211e+01
   7.3740270e+06   3.4179688e+01
   7.4367020e+06   3.3142090e+01
   7.4630210e+06   3.2409668e+01
   7.4778790e+06   3.4667969e+01
   7.4833710e+06   3.0700684e+01
   7.4867270e+06   3.6010742e+01
   7.5005710e+06   3.3630371e+01
   7.5049880e+06   3.0517578e+01
   7.5193680e+06   3.3020020e+01
   7.5274210e+06   3.1188965e+01
   7.5445690e+06   3.2043457e+01
   7.5497740e+06   3.2226563e+01
   7.5639080e+06   3.5888672e+01
   7.5646200e+06   3.2470703e+01
   7.5816860e+06   3.2531738e+01
   7.5909770e+06   3.0883789e+01
   7.6230310e+06   3.3020020e+01
   7.6265480e+06   3.1188965e+01
   7.6323110e+06   3.9123535e+01
   7.6544130e+06   3.3447266e+01
   7.7106530e+06   3.0944824e+01
   7.7186970e+06   3.0883789e+01
   7.7315770e+06   3.1188965e+01
   7.7445970e+06   3.1433105e+01
   7.7741070e+06   3.3447266e+01
   7.8376840e+06   3.6376953e+01
   7.8397600e+06   3.2165527e+01
   7.8435220e+06   3.7109375e+01
   7.8488050e+06   3.0639648e+01
   7.8631310e+06   3.1921387e+01
   7.8768790e+06   3.0639648e+01
   7.8946660e+06   3.1677246e+01
   7.9000990e+06   3.2226563e+01
   7.9162070e+06   3.0700684e+01
   7.9192320e+06   3.7536621e+01
   7.9334840e+06   3.1127930e+01
   7.9490640e+06   3.1799316e+01
   7.9567230e+06   3.1127930e+01
   7.9815810e+06   3.0944824e+01
   8.0617660e+06   3.1311035e+01
   8.0671110e+06   3.1188965e+01
   8.0722300e+06   3.3020020e+01
   8.1182890e+06   3.4729004e+01
   8.1192710e+06   3.1799316e+01
   8.1238140e+06   3.0639648e+01
   8.1283790e+06   3.0700684e+01
   8.1297050e+06   3.1250000e+01
   8.1411240e+06   3.1372070e+01
   8.1437850e+06   3.1005859e+01
   8.1516280e+06   3.2714844e+01
   8.1591840e+06   3.2165527e+01
   8.1824860e+06   3.2836914e+01
   8.1930180e+06   3.0578613e+01
   8.1966220e+06   3.2714844e+01
   8.2059380e+06   3.1616211e+01
   8.2254970e+06   3.2592773e+01
   8.2348460e+06   3.1799316e+01
   8.2400630e+06   3.1127930e+01
   8.2631720e+06   3.0883789e+01
   8.2863780e+06   3.0578613e+01
   8.2971710e+06   3.5522461e+01
   8.3382260e+06   3.1494141e+01
   8.3617100e+06   3.0639648e+01
   8.3755350e+06   3.3081055e+01
   8.4384600e+06   3.3020020e+01
   8.4389750e+06   3.1555176e+01
   8.4607960e+06   3.1860352e+01
   8.4793200e+06   3.1860352e+01
   8.4872580e+06   3.0639648e+01
   8.5086750e+06   3.6682129e+01
   8.5254820e+06   3.0944824e+01
   8.5641560e+06   3.5156250e+01
   8.5657720e+06   3.0639648e+01
   8.5811080e+06   3.1372070e+01
   8.5983170e+06   3.4057617e+01
   8.5994440e+06   3.0639648e+01
   8.6002590e+06   3.5461426e+01
   8.6027890e+06   3.2897949e+01
   8.6123890e+06   3.1250000e+01
   8.7155830e+06   3.1188965e+01
   8.7230590e+06   3.1005859e+01
   8.8135370e+06   3.4729004e+01
   8.8213710e+06   3.1250000e+01
   8.8436370e+06   3.2836914e+01
   8.8459260e+06   3.3142090e+01
   8.8876400e+06   3.0456543e+01
   8.9177070e+06   3.1066895e+01
   8.9862960e+06   3.1433105e+01
   9.0325070e+06   3.4118652e+01
   9.0868850e+06   3.2592773e+01
   9.1725140e+06   3.0761719e+01
   9.1950470e+06   3.1738281e+01
   9.2225710e+06   3.2897949e+01
   9.2485590e+06   3.3569336e+01
   9.2937860e+06   3.2653809e+01
   9.4381760e+06   3.1311035e+01
   9.4827930e+06   3.3996582e+01
   9.4947750e+06   3.2409668e+01
   9.5046040e+06   3.1372070e+01
   9.5106600e+06   3.1311035e+01
   9.5454700e+06   3.1738281e+01
   9.7328890e+06   3.4423828e+01
   9.7480440e+06   3.1066895e+01
   9.9105350e+06   3.1982422e+01
   1.0039857e+07   3.3020020e+01
   1.0044741e+07   3.2531738e+01
   1.0063719e+07   3.6315918e+01
   1.0075521e+07   3.0517578e+01
   1.0153959e+07   3.2897949e+01
   1.0178888e+07   3.0822754e+01
   1.0214954e+07   3.0639648e+01
   1.0224184e+07   3.0578613e+01
   1.0229547e+07   3.2470703e+01
   1.0265265e+07   3.0639648e+01
   1.0286031e+07   3.1433105e+01
   1.0286520e+07   3.1982422e+01
   1.0297155e+07   3.3691406e+01
   1.0413973e+07   3.0700684e+01
   1.0416887e+07   3.2104492e+01
   1.0417043e+07   3.0822754e+01
   1.0459635e+07   3.3081055e+01
   1.0475555e+07   3.2409668e+01
   1.0513101e+07   3.1250000e+01
   1.0577612e+07   3.0578613e+01
   1.0653487e+07   3.1311035e+01
   1.0666215e+07   3.1616211e+01
   1.0683452e+07   3.4667969e+01
   1.0715116e+07   3.3508301e+01
   1.0762537e+07   3.0456543e+01
   1.0784350e+07   3.1433105e+01
   1.0917583e+07   3.1738281e+01
   1.1025120e+07   3.1921387e+01
   1.1034950e+07   7.4707031e+01
   1.1051117e+07   3.3935547e+01
   1.1056283e+07   3.2653809e+01
   1.1127595e+07   3.3935547e+01
   1.1153153e+07   3.2409668e+01
   1.1196686e+07   3.1005859e+01
   1.1197124e+07   3.0822754e+01
   1.1278366e+07   3.2043457e+01
   1.1295392e+07   3.9489746e+01
   1.1323590e+07   3.2104492e+01
   1.1367290e+07   3.1066895e+01
   1.1499860e+07   3.1066895e+01
   1.1621008e+07   3.0883789e+01
   1.1695127e+07   3.0700684e+01
   1.1722108e+07   3.1799316e+01
   1.1782215e+07   3.1005859e+01
   1.1793957e+07   3.0456543e+01
   1.1866723e+07   3.1188965e+01
   1.1898623e+07   3.1555176e+01
   1.1943375e+07   3.1555176e+01
   1.1985659e+07   3.0761719e+01
   1.1995829e+07   7.0678711e+01
