   1.1999000e+07   0.0000000e+00
   1.8090000e+03   3.0273438e+01
   1.8630000e+03   3.0944824e+01
   1.8930000e+03   6.8298340e+01
   1.9130000e+03   4.0039063e+01
   1.9750000e+03   3.7353516e+01
   2.0920000e+03   2.9479980e+01
   3.7250000e+03   3.0090332e+01
   4.0820000e+03   3.2470703e+01
   4.3340000e+03   3.5217285e+01
   3.1344000e+04   4.5532227e+01
   3.1393000e+04   4.2846680e+01
   3.1453000e+04   3.4301758e+01
   3.1474000e+04   2.9968262e+01
   3.1526000e+04   3.0883789e+01
   3.1597000e+04   2.9235840e+01
   3.3385000e+04   3.1677246e+01
   3.3635000e+04   2.9907227e+01
   7.0442000e+04   3.0395508e+01
   7.0639000e+04   3.3447266e+01
   7.0674000e+04   3.0700684e+01
   7.0702000e+04   5.2246094e+01
   7.0714000e+04   3.3935547e+01
   7.0758000e+04   3.3386230e+01
   7.0781000e+04   4.1931152e+01
   7.0913000e+04   2.9602051e+01
   7.2756000e+04   2.9663086e+01
   7.2990000e+04   3.2714844e+01
   7.3204000e+04   3.4790039e+01
   7.4070000e+04   3.5644531e+01
   1.0335100e+05   3.3935547e+01
   1.0348500e+05   2.9846191e+01
   1.0355800e+05   3.0273438e+01
   1.0357200e+05   7.3242188e+01
   1.0359800e+05   3.3874512e+01
   1.0363000e+05   2.9602051e+01
   1.0364500e+05   3.7231445e+01
   1.0367700e+05   3.4667969e+01
   1.0369800e+05   2.9418945e+01
   1.3534300e+05   3.3935547e+01
   1.3544000e+05   4.1320801e+01
   1.3545500e+05   4.6325684e+01
   1.3551700e+05   3.2592773e+01
   1.3559500e+05   3.4301758e+01
   1.3567600e+05   2.9296875e+01
   1.6644100e+05   3.4301758e+01
   1.6671600e+05   6.0729980e+01
   1.6673000e+05   2.9296875e+01
   1.6674400e+05   3.1799316e+01
   1.6680800e+05   3.5461426e+01
   1.6684800e+05   3.0822754e+01
   1.6819100e+05   3.4301758e+01
   2.0657300e+05   3.9550781e+01
   2.0670900e+05   4.0466309e+01
   2.0674200e+05   4.4982910e+01
   2.0677700e+05   3.5949707e+01
   2.0895200e+05   3.2165527e+01
   2.0949800e+05   3.1616211e+01
   2.0977700e+05   3.5827637e+01
   2.4136700e+05   3.3020020e+01
   2.4138500e+05   3.1372070e+01
   2.4142600e+05   5.9265137e+01
   2.4144200e+05   3.8146973e+01
   2.4147200e+05   4.4250488e+01
   2.4152200e+05   4.0588379e+01
   2.4156100e+05   3.3630371e+01
   2.4340700e+05   3.4667969e+01
   2.4367300e+05   3.0334473e+01
   2.8480900e+05   3.1860352e+01
   2.8483900e+05   5.7006836e+01
   2.8485400e+05   2.9235840e+01
   2.8491500e+05   5.6823730e+01
   2.8494700e+05   3.5522461e+01
   2.8498600e+05   3.2531738e+01
   2.8652300e+05   3.0395508e+01
   2.8672000e+05   3.0883789e+01
   2.8690600e+05   3.8696289e+01
   2.8710600e+05   2.9235840e+01
   3.3070400e+05   3.0273437e+01
   3.3128100e+05   4.6142578e+01
   3.3131600e+05   4.1320801e+01
   3.3133400e+05   3.6682129e+01
   3.3136400e+05   3.0578613e+01
   3.3140500e+05   3.3081055e+01
   3.3143700e+05   3.2714844e+01
   3.3146800e+05   3.4118652e+01
   3.3200100e+05   2.9296875e+01
   3.3213400e+05   2.9724121e+01
   3.3271500e+05   2.9602051e+01
   3.3290000e+05   2.9357910e+01
   3.3311000e+05   3.3630371e+01
   3.3351200e+05   3.0944824e+01
   3.8378200e+05   3.8696289e+01
   3.8388800e+05   2.9235840e+01
   3.8394600e+05   4.4494629e+01
   3.8401000e+05   3.6376953e+01
   3.8405000e+05   4.0283203e+01
   3.8406500e+05   3.5461426e+01
   3.8418700e+05   3.3142090e+01
   3.8471800e+05   3.0090332e+01
   3.8510500e+05   3.0212402e+01
   3.8527700e+05   3.1555176e+01
   3.8572600e+05   3.2043457e+01
   3.8592300e+05   3.1005859e+01
   3.8614800e+05   2.9418945e+01
   4.2109600e+05   3.8635254e+01
   4.2110900e+05   3.0334473e+01
   4.2122800e+05   4.3212891e+01
   4.2129200e+05   3.5522461e+01
   4.2146100e+05   3.0029297e+01
   4.2166400e+05   3.0456543e+01
   4.2188400e+05   3.2470703e+01
   4.2194700e+05   3.5095215e+01
   4.2204500e+05   3.4423828e+01
   4.2221900e+05   3.4729004e+01
   4.2238300e+05   3.4851074e+01
   5.4730400e+05   2.9418945e+01
   6.8113700e+05   3.4423828e+01
   1.1328190e+06   3.2287598e+01
   1.1329980e+06   3.3447266e+01
   1.1795350e+06   3.0944824e+01
   1.1798860e+06   3.1433105e+01
   1.3728580e+06   3.2043457e+01
   1.5729510e+06   2.9541016e+01
   1.5983610e+06   2.9235840e+01
   1.6448310e+06   2.9968262e+01
   1.9872740e+06   3.0334473e+01
   2.3261980e+06   2.9907227e+01
   2.4004400e+06   2.9968262e+01
   2.4115780e+06   3.0029297e+01
   2.5913030e+06   3.0456543e+01
   2.6805810e+06   3.0029297e+01
   2.8918110e+06   2.9479980e+01
   3.1061130e+06   3.0456543e+01
   3.2232220e+06   3.9489746e+01
   3.6473530e+06   6.1706543e+01
   3.6474010e+06   3.6987305e+01
   3.6474240e+06   3.2531738e+01
   3.6474360e+06   3.7292480e+01
   3.6475100e+06   3.2043457e+01
   3.6486720e+06   3.3935547e+01
   3.6489760e+06   2.9724121e+01
   3.6490650e+06   3.2775879e+01
   3.6493400e+06   3.9794922e+01
   3.6495600e+06   3.1066895e+01
   3.6498100e+06   3.3874512e+01
   3.6500480e+06   3.7536621e+01
   3.6502490e+06   3.6743164e+01
   3.6504790e+06   3.0578613e+01
   3.6505010e+06   3.4057617e+01
   3.6506390e+06   3.2653809e+01
   3.6508210e+06   3.3081055e+01
   3.6510130e+06   3.0456543e+01
   3.6513510e+06   3.0761719e+01
   3.6518000e+06   3.2653809e+01
   3.6519670e+06   2.9479980e+01
   3.6526560e+06   3.2653809e+01
   1.0648594e+07   3.6560059e+01
