   1.1999000e+07   0.0000000e+00
   1.3686000e+04   2.1301270e+01
   1.3718000e+04   3.8757324e+01
   1.3751000e+04   2.0629883e+01
   1.3772000e+04   2.7221680e+01
   1.3804000e+04   2.2155762e+01
   1.3828000e+04   2.0690918e+01
   1.4311000e+04   1.8615723e+01
   1.4370000e+04   1.7761230e+01
   1.4516000e+04   2.1179199e+01
   1.1385800e+05   1.8737793e+01
   1.1389700e+05   2.8137207e+01
   1.1394500e+05   2.4658203e+01
   1.1399200e+05   1.7395020e+01
   1.1404600e+05   1.9897461e+01
   1.1414700e+05   2.0019531e+01
   1.1416900e+05   1.7883301e+01
   1.8941300e+05   1.6357422e+01
   1.9173300e+05   2.0751953e+01
   1.9231600e+05   2.2521973e+01
   1.9233100e+05   2.6794434e+01
   1.9235400e+05   2.9052734e+01
   1.9237300e+05   2.0751953e+01
   1.9240900e+05   3.9245605e+01
   1.9246100e+05   1.7639160e+01
   2.8002500e+05   1.7150879e+01
   2.8006200e+05   1.7883301e+01
   2.8011000e+05   3.6437988e+01
   2.8015700e+05   1.9836426e+01
   3.4377600e+05   2.0446777e+01
   3.4383000e+05   1.7822266e+01
   3.4387000e+05   2.6611328e+01
   3.4389700e+05   1.9775391e+01
   3.4391700e+05   2.1484375e+01
   3.4399100e+05   2.1301270e+01
   3.4401200e+05   1.6845703e+01
   3.4406200e+05   1.8310547e+01
   3.4411800e+05   1.6967773e+01
   3.4430300e+05   1.6601563e+01
   4.1649800e+05   1.7578125e+01
   4.1660200e+05   1.6235352e+01
   4.1680800e+05   1.8005371e+01
   4.1683100e+05   1.6357422e+01
   4.1690000e+05   1.7578125e+01
   4.1693200e+05   1.9104004e+01
   4.1707200e+05   1.8127441e+01
   4.1709400e+05   2.4353027e+01
   4.1715000e+05   2.1850586e+01
   4.6846800e+05   2.2521973e+01
   4.6857500e+05   1.9531250e+01
   4.6860200e+05   1.7150879e+01
   4.6880000e+05   2.1240234e+01
   4.6891200e+05   1.7517090e+01
   5.1428200e+05   1.9287109e+01
   5.4688500e+05   2.0812988e+01
   5.4690200e+05   2.8076172e+01
   5.4692300e+05   2.2583008e+01
   5.4696800e+05   1.7761230e+01
   5.4717700e+05   1.6235352e+01
   5.4756700e+05   1.7272949e+01
   5.7504900e+05   1.8798828e+01
   5.7507400e+05   2.7587891e+01
   5.7511400e+05   2.4658203e+01
   5.7516600e+05   1.7944336e+01
   5.7520800e+05   1.9836426e+01
   6.1305500e+05   2.6184082e+01
   6.1307800e+05   1.7333984e+01
   6.1310700e+05   1.8554688e+01
   6.1314100e+05   2.6672363e+01
   6.1318700e+05   1.6357422e+01
   6.1332300e+05   1.6357422e+01
   6.4527000e+05   1.8371582e+01
   6.4539200e+05   1.6784668e+01
   6.4609200e+05   1.6662598e+01
   6.8286500e+05   2.3193359e+01
   7.0526600e+05   1.6357422e+01
   7.0529300e+05   2.8686523e+01
   7.0534000e+05   1.9775391e+01
   7.0562100e+05   1.8432617e+01
   7.4313700e+05   2.4902344e+01
   7.4317200e+05   2.4353027e+01
   7.4318200e+05   1.8371582e+01
   7.4319500e+05   1.9775391e+01
   7.4321900e+05   2.5695801e+01
   7.7044200e+05   1.7150879e+01
   7.7045200e+05   2.5085449e+01
   7.7046400e+05   2.5085449e+01
   7.7049000e+05   2.4047852e+01
   7.7051200e+05   1.6296387e+01
   7.7054500e+05   1.7700195e+01
   7.7057900e+05   2.4536133e+01
   7.7071100e+05   2.1484375e+01
   7.7125300e+05   1.8249512e+01
   7.7195100e+05   1.8676758e+01
   7.7702600e+05   2.1789551e+01
   7.7707100e+05   4.1198730e+01
   7.7713900e+05   1.9042969e+01
   7.7754700e+05   1.7028809e+01
   8.0718500e+05   2.4841309e+01
   8.0722800e+05   1.7700195e+01
   8.0724900e+05   1.8798828e+01
   8.0729000e+05   2.1484375e+01
   8.0731700e+05   2.9418945e+01
   8.0735000e+05   3.0029297e+01
   8.0739700e+05   1.6479492e+01
   8.0743700e+05   1.6967773e+01
   8.2131000e+05   2.8930664e+01
   8.2135700e+05   2.5817871e+01
   8.2140800e+05   1.6723633e+01
   8.2161100e+05   2.0141602e+01
   8.2165100e+05   1.8981934e+01
   8.2190100e+05   2.6794434e+01
   8.2245800e+05   1.9958496e+01
   8.2285600e+05   1.7883301e+01
   8.6963900e+05   3.1494141e+01
   8.6966000e+05   2.7587891e+01
   8.6967400e+05   2.2277832e+01
   8.6971900e+05   2.2399902e+01
   8.6975800e+05   1.7883301e+01
   8.6987500e+05   1.7272949e+01
   8.6989200e+05   1.7578125e+01
   8.6994900e+05   2.6062012e+01
   8.7000100e+05   1.6357422e+01
   8.7003500e+05   1.8737793e+01
   8.7011300e+05   3.1066895e+01
   8.7017300e+05   1.6906738e+01
   8.7021300e+05   1.7517090e+01
   8.7637200e+05   1.7089844e+01
   8.7643600e+05   1.8859863e+01
   8.7739900e+05   1.6967773e+01
   8.7878900e+05   1.6601563e+01
   8.8045800e+05   1.9897461e+01
   8.9022200e+05   3.1005859e+01
   8.9026600e+05   3.2470703e+01
   8.9031100e+05   2.2460938e+01
   8.9035800e+05   2.7343750e+01
   8.9046900e+05   1.8554688e+01
   8.9049000e+05   2.0263672e+01
   8.9054800e+05   1.9714355e+01
   8.9099300e+05   1.9714355e+01
   8.9120100e+05   1.6418457e+01
   9.0210600e+05   1.8188477e+01
   9.0211900e+05   2.1911621e+01
   9.0213900e+05   1.8676758e+01
   9.0216200e+05   2.0812988e+01
   9.0221200e+05   1.8005371e+01
   9.0238000e+05   1.8432617e+01
   9.0245100e+05   1.9653320e+01
   9.0246900e+05   2.0812988e+01
   9.0264900e+05   2.3193359e+01
   9.1573100e+05   2.0385742e+01
   9.1575100e+05   3.7414551e+01
   9.1577400e+05   2.3498535e+01
   9.1579100e+05   1.9775391e+01
   9.1590700e+05   1.6418457e+01
   9.1598200e+05   1.6601563e+01
   9.1599700e+05   2.3254395e+01
   9.1608100e+05   2.0141602e+01
   9.1617900e+05   1.7700195e+01
   9.1709300e+05   1.6235352e+01
   9.2815300e+05   1.6601563e+01
   9.2817600e+05   3.1494141e+01
   9.2822900e+05   2.4780273e+01
   9.2835000e+05   1.7517090e+01
   9.2854900e+05   2.0263672e+01
   9.2861600e+05   1.9470215e+01
   9.2863800e+05   1.8188477e+01
   9.2878400e+05   1.7333984e+01
   9.2920900e+05   1.6296387e+01
   9.4227900e+05   3.2165527e+01
   9.4231900e+05   2.8991699e+01
   9.4237100e+05   2.1423340e+01
   9.4241700e+05   2.0935059e+01
   9.4243400e+05   1.6235352e+01
   9.4272300e+05   1.6906738e+01
   9.4417800e+05   2.0751953e+01
   9.5432800e+05   3.4484863e+01
   9.5436400e+05   1.7395020e+01
   9.5437500e+05   1.6906738e+01
   9.5445000e+05   2.3925781e+01
   9.5461900e+05   1.7028809e+01
   9.5468800e+05   1.6235352e+01
   9.5476500e+05   1.6418457e+01
   9.5755300e+05   1.7150879e+01
   9.6594200e+05   2.9113770e+01
   9.6596200e+05   2.2277832e+01
   9.6599900e+05   3.7353516e+01
   9.6604000e+05   1.7333984e+01
   9.6757300e+05   1.7639160e+01
   9.7638900e+05   1.8432617e+01
   9.7639900e+05   2.3071289e+01
   9.7644100e+05   1.8676758e+01
   9.7646300e+05   1.8615723e+01
   9.7654100e+05   2.4902344e+01
   9.7669300e+05   1.7700195e+01
   9.7686300e+05   1.6296387e+01
   9.8915600e+05   2.6733398e+01
   9.8917700e+05   2.6184082e+01
   9.8922400e+05   3.0700684e+01
   9.8928000e+05   1.7395020e+01
   9.8947200e+05   1.6235352e+01
   9.9020600e+05   1.7333984e+01
   9.9065100e+05   2.1362305e+01
   1.0006990e+06   2.6489258e+01
   1.0007460e+06   2.2033691e+01
   1.0009500e+06   2.3498535e+01
   1.0011560e+06   1.7578125e+01
   1.0013260e+06   2.0080566e+01
   1.0014790e+06   1.6784668e+01
   1.0118860e+06   3.4545898e+01
   1.0119320e+06   2.4047852e+01
   1.0119480e+06   1.9775391e+01
   1.0120040e+06   1.6479492e+01
   1.0121790e+06   1.7761230e+01
   1.0122670e+06   2.1545410e+01
   1.0241430e+06   2.7709961e+01
   1.0241600e+06   1.9470215e+01
   1.0241790e+06   1.6235352e+01
   1.0242620e+06   2.5756836e+01
   1.0242960e+06   1.7150879e+01
   1.0243060e+06   2.2521973e+01
   1.0243260e+06   1.6296387e+01
   1.0244190e+06   3.0151367e+01
   1.0246470e+06   2.1911621e+01
   1.0258760e+06   2.0629883e+01
   1.0270840e+06   2.0874023e+01
   1.0281380e+06   1.7700195e+01
   1.0294580e+06   1.8005371e+01
   1.0390900e+06   1.6723633e+01
   1.0391030e+06   3.3752441e+01
   1.0391310e+06   1.9348145e+01
   1.0391440e+06   2.1850586e+01
   1.0392170e+06   1.8981934e+01
   1.0392930e+06   1.7944336e+01
   1.0393100e+06   1.6540527e+01
   1.0506800e+06   1.9042969e+01
   1.0507260e+06   3.0944824e+01
   1.0507670e+06   2.2705078e+01
   1.0508560e+06   1.6906738e+01
   1.0512310e+06   1.8066406e+01
   1.0515780e+06   1.6235352e+01
   1.0516080e+06   2.1240234e+01
   1.0533960e+06   1.6418457e+01
   1.0604980e+06   2.3559570e+01
   1.0605540e+06   1.9287109e+01
   1.0608640e+06   1.8798828e+01
   1.0611520e+06   1.9714355e+01
   1.0611780e+06   1.7578125e+01
   1.0612870e+06   1.6296387e+01
   1.0723690e+06   1.8432617e+01
   1.0723820e+06   2.2460938e+01
   1.0724110e+06   1.8249512e+01
   1.0724210e+06   2.7343750e+01
   1.0724860e+06   2.3193359e+01
   1.0854750e+06   2.0446777e+01
   1.0855890e+06   2.0751953e+01
   1.0859120e+06   1.6601563e+01
   1.0862110e+06   1.9348145e+01
   1.0980640e+06   1.8005371e+01
   1.0980940e+06   2.0874023e+01
   1.0981660e+06   2.7038574e+01
   1.0982290e+06   1.6601563e+01
   1.0983100e+06   1.7700195e+01
   1.0986220e+06   1.6357422e+01
   1.1123030e+06   1.7150879e+01
   1.1123350e+06   2.3681641e+01
   1.1123580e+06   1.6845703e+01
   1.1123890e+06   2.0141602e+01
   1.1124480e+06   1.7639160e+01
   1.1125060e+06   1.7272949e+01
   1.1127170e+06   1.6418457e+01
   1.1128430e+06   2.1118164e+01
   1.1135260e+06   1.7211914e+01
   1.1247800e+06   1.8737793e+01
   1.1248370e+06   3.8269043e+01
   1.1249080e+06   2.6184082e+01
   1.1249450e+06   1.7089844e+01
   1.1250130e+06   1.7822266e+01
   1.1250490e+06   2.6550293e+01
   1.1251630e+06   1.6662598e+01
   1.1252280e+06   1.8066406e+01
   1.1378220e+06   1.8798828e+01
   1.1378510e+06   3.2775879e+01
   1.1378760e+06   1.6906738e+01
   1.1379350e+06   1.6967773e+01
   1.1380480e+06   1.7639160e+01
   1.1382030e+06   1.8005371e+01
   1.1474160e+06   1.7272949e+01
   1.1474560e+06   2.0751953e+01
   1.1474750e+06   2.1057129e+01
   1.1598420e+06   3.9733887e+01
   1.1598950e+06   2.3925781e+01
   1.1599800e+06   1.8676758e+01
   1.1718500e+06   2.1118164e+01
   1.1718610e+06   2.2155762e+01
   1.1719040e+06   1.8981934e+01
   1.1720160e+06   2.5695801e+01
   1.1721900e+06   1.7822266e+01
   1.1814010e+06   1.6662598e+01
   1.1814540e+06   2.5024414e+01
   1.1814650e+06   3.0639648e+01
   1.1815330e+06   2.3132324e+01
   1.1817810e+06   1.8615723e+01
   1.1912380e+06   1.9836426e+01
   1.1913300e+06   1.6235352e+01
   1.1915690e+06   1.6479492e+01
   1.2003080e+06   2.3193359e+01
   1.2003300e+06   2.4963379e+01
   1.2003910e+06   2.8442383e+01
   1.2010050e+06   1.9897461e+01
   1.2130670e+06   1.6357422e+01
   1.2131030e+06   1.9104004e+01
   1.2131830e+06   1.7639160e+01
   1.2132510e+06   1.9897461e+01
   1.2134390e+06   2.0263672e+01
   1.2138800e+06   2.1606445e+01
   1.2266160e+06   3.6376953e+01
   1.2266670e+06   1.8127441e+01
   1.2285920e+06   1.8371582e+01
   1.2394990e+06   1.8615723e+01
   1.2395860e+06   2.0019531e+01
   1.2398080e+06   1.7028809e+01
   1.2532570e+06   1.7089844e+01
   1.2532700e+06   3.8940430e+01
   1.2533340e+06   1.8188477e+01
   1.2533670e+06   1.6845703e+01
   1.2634030e+06   1.6723633e+01
   1.2634420e+06   2.7160645e+01
   1.2634530e+06   2.5085449e+01
   1.2635040e+06   2.3376465e+01
   1.2635280e+06   1.6357422e+01
   1.2637680e+06   1.6235352e+01
   1.2764240e+06   2.2949219e+01
   1.2764470e+06   1.7456055e+01
   1.2764880e+06   2.3071289e+01
   1.2766690e+06   1.7761230e+01
   1.2771800e+06   1.6845703e+01
   1.2875280e+06   2.0751953e+01
   1.2875530e+06   1.8737793e+01
   1.2875770e+06   3.1738281e+01
   1.2876810e+06   3.0395508e+01
   1.2882030e+06   1.8188477e+01
   1.3007950e+06   1.7150879e+01
   1.3008640e+06   2.2705078e+01
   1.3009030e+06   1.7700195e+01
   1.3010460e+06   2.1789551e+01
   1.3015090e+06   1.7578125e+01
   1.3133880e+06   2.1423340e+01
   1.3134470e+06   2.9602051e+01
   1.3134690e+06   1.6662598e+01
   1.3134840e+06   1.6235352e+01
   1.3135340e+06   2.3986816e+01
   1.3136420e+06   1.7517090e+01
   1.3137760e+06   1.9775391e+01
   1.3278450e+06   1.6845703e+01
   1.3278710e+06   3.4790039e+01
   1.3279330e+06   1.8554688e+01
   1.3280220e+06   2.2155762e+01
   1.3281810e+06   1.6540527e+01
   1.3283540e+06   1.7089844e+01
   1.3284330e+06   1.6723633e+01
   1.3285070e+06   1.6967773e+01
   1.3301850e+06   1.6601563e+01
   1.3420170e+06   1.6784668e+01
   1.3420470e+06   1.9226074e+01
   1.3421020e+06   2.6123047e+01
   1.3427880e+06   1.6906738e+01
   1.3568370e+06   1.7395020e+01
   1.3568860e+06   4.1503906e+01
   1.3569010e+06   1.7578125e+01
   1.3569640e+06   4.3701172e+01
   1.3570980e+06   1.6418457e+01
   1.3573110e+06   1.9836426e+01
   1.3576520e+06   1.7700195e+01
   1.3691670e+06   1.7578125e+01
   1.3691870e+06   2.9785156e+01
   1.3692550e+06   2.2399902e+01
   1.3693650e+06   2.4414063e+01
   1.3697390e+06   1.6296387e+01
   1.3699090e+06   2.0080566e+01
   1.3821490e+06   2.4963379e+01
   1.3821770e+06   2.4719238e+01
   1.3821880e+06   1.9409180e+01
   1.3822510e+06   2.3254395e+01
   1.3943890e+06   2.0507813e+01
   1.3944020e+06   1.7639160e+01
   1.3944930e+06   2.9846191e+01
   1.3950080e+06   1.7944336e+01
   1.4097870e+06   2.3376465e+01
   1.4098290e+06   1.7761230e+01
   1.4098430e+06   2.4475098e+01
   1.4098950e+06   2.3193359e+01
   1.4101950e+06   1.6967773e+01
   1.4104900e+06   1.8737793e+01
   1.4211970e+06   2.1240234e+01
   1.4212450e+06   2.9174805e+01
   1.4213120e+06   2.0629883e+01
   1.4217120e+06   1.7333984e+01
   1.4219030e+06   1.6967773e+01
   1.4322720e+06   2.3315430e+01
   1.4323080e+06   1.6296387e+01
   1.4323540e+06   2.7465820e+01
   1.4323830e+06   1.7272949e+01
   1.4325470e+06   1.6601563e+01
   1.4325800e+06   1.7456055e+01
   1.4330620e+06   1.7333984e+01
   1.4444340e+06   1.7578125e+01
   1.4444820e+06   2.9663086e+01
   1.4445250e+06   2.3315430e+01
   1.4445370e+06   3.4240723e+01
   1.4446310e+06   1.8920898e+01
   1.4567270e+06   2.7770996e+01
   1.4567490e+06   1.9409180e+01
   1.4567770e+06   1.9714355e+01
   1.4568520e+06   1.6784668e+01
   1.4569140e+06   1.6357422e+01
   1.4569630e+06   1.6479492e+01
   1.4766590e+06   2.5695801e+01
   1.4766850e+06   1.7028809e+01
   1.4767180e+06   2.1789551e+01
   1.4767440e+06   1.6723633e+01
   1.4767900e+06   3.4729004e+01
   1.4768670e+06   2.3315430e+01
   1.4769080e+06   2.0080566e+01
   1.4771980e+06   1.8493652e+01
   1.4818140e+06   1.6845703e+01
   1.4937160e+06   1.6540527e+01
   1.4937850e+06   2.3620605e+01
   1.4938440e+06   2.7709961e+01
   1.4938920e+06   1.7517090e+01
   1.4939080e+06   2.5207520e+01
   1.5016990e+06   2.4230957e+01
   1.5017550e+06   2.0263672e+01
   1.5017870e+06   1.7089844e+01
   1.5018870e+06   1.6723633e+01
   1.5022870e+06   1.6601563e+01
   1.5123360e+06   1.9348145e+01
   1.5123580e+06   2.0263672e+01
   1.5124190e+06   2.2827148e+01
   1.5124430e+06   1.6845703e+01
   1.5130400e+06   1.8127441e+01
   1.5268020e+06   2.3559570e+01
   1.5268700e+06   2.3437500e+01
   1.5269180e+06   1.6418457e+01
   1.5269330e+06   1.8493652e+01
   1.5270110e+06   1.6601563e+01
   1.5411050e+06   1.7578125e+01
   1.5411420e+06   2.7893066e+01
   1.5411730e+06   2.5085449e+01
   1.5412090e+06   3.3020020e+01
   1.5412440e+06   2.0080566e+01
   1.5412660e+06   1.8859863e+01
   1.5416770e+06   1.6906738e+01
   1.5560900e+06   2.2705078e+01
   1.5562020e+06   2.3498535e+01
   1.5562630e+06   1.8737793e+01
   1.5564100e+06   1.8798828e+01
   1.5564660e+06   2.4963379e+01
   1.5718940e+06   2.1362305e+01
   1.5719140e+06   3.1005859e+01
   1.5799420e+06   1.9958496e+01
   1.5800060e+06   3.4423828e+01
   1.5803150e+06   2.2399902e+01
   1.5976340e+06   2.9296875e+01
   1.5976530e+06   2.1362305e+01
   1.5976820e+06   1.9531250e+01
   1.5981770e+06   1.8310547e+01
   1.5982720e+06   1.6906738e+01
   1.6160960e+06   1.8920898e+01
   1.6161660e+06   1.8127441e+01
   1.6161790e+06   2.4719238e+01
   1.6162200e+06   1.6540527e+01
   1.6162820e+06   1.9104004e+01
   1.6163120e+06   2.3559570e+01
   1.6165620e+06   1.9470215e+01
   1.6166240e+06   1.9592285e+01
   1.6397380e+06   2.0935059e+01
   1.6397560e+06   2.0080566e+01
   1.6397960e+06   2.5634766e+01
   1.6398560e+06   2.2399902e+01
   1.6399430e+06   2.4291992e+01
   1.6400810e+06   1.8615723e+01
   1.6403490e+06   1.8737793e+01
   1.6585590e+06   1.6601563e+01
   1.6585970e+06   2.9113770e+01
   1.6586110e+06   1.7822266e+01
   1.6586340e+06   1.9104004e+01
   1.6586890e+06   2.4658203e+01
   1.6587440e+06   1.6418457e+01
   1.6590780e+06   1.6601563e+01
   1.6733580e+06   1.8920898e+01
   1.6733830e+06   2.3132324e+01
   1.6734040e+06   1.6540527e+01
   1.6734950e+06   1.6296387e+01
   1.6740920e+06   1.7211914e+01
   1.6890590e+06   3.3935547e+01
   1.6891690e+06   1.8066406e+01
   1.6891870e+06   1.6479492e+01
   1.6892820e+06   1.9226074e+01
   1.6899280e+06   1.8005371e+01
   1.7060330e+06   1.9287109e+01
   1.7060540e+06   2.6123047e+01
   1.7061310e+06   2.5878906e+01
   1.7061780e+06   1.8310547e+01
   1.7062220e+06   1.6967773e+01
   1.7068330e+06   1.7028809e+01
   1.7189910e+06   2.1118164e+01
   1.7190120e+06   1.8554688e+01
   1.7190480e+06   1.6479492e+01
   1.7315110e+06   1.6784668e+01
   1.7315750e+06   3.2104492e+01
   1.7316000e+06   1.6845703e+01
   1.7316280e+06   1.8798828e+01
   1.7316640e+06   1.9226074e+01
   1.7317020e+06   1.8188477e+01
   1.7425620e+06   3.6071777e+01
   1.7425990e+06   1.7761230e+01
   1.7426230e+06   1.6540527e+01
   1.7545520e+06   2.6000977e+01
   1.7546040e+06   1.8066406e+01
   1.7546710e+06   1.8371582e+01
   1.7550300e+06   1.7089844e+01
   1.7551900e+06   2.1362305e+01
   1.7659170e+06   2.8015137e+01
   1.7659630e+06   2.4169922e+01
   1.7660350e+06   1.7395020e+01
   1.7666450e+06   1.7883301e+01
   1.7769380e+06   1.7333984e+01
   1.7769650e+06   2.9663086e+01
   1.7769920e+06   1.7883301e+01
   1.7867370e+06   1.6540527e+01
   1.7867930e+06   3.1860352e+01
   1.7868810e+06   2.4841309e+01
   1.7940770e+06   1.6540527e+01
   1.7941450e+06   1.8066406e+01
   1.7941640e+06   1.6845703e+01
   1.7942030e+06   1.9653320e+01
   1.8027040e+06   1.8310547e+01
   1.8027510e+06   1.8371582e+01
   1.8027890e+06   2.1423340e+01
   1.8028800e+06   2.3010254e+01
   1.8034690e+06   1.6845703e+01
   1.8102170e+06   1.7089844e+01
   1.8102850e+06   3.4118652e+01
   1.8109810e+06   1.7395020e+01
   1.8201640e+06   1.9287109e+01
   1.8202030e+06   2.1179199e+01
   1.8202850e+06   2.3742676e+01
   1.8204380e+06   1.6723633e+01
   1.8207880e+06   1.7150879e+01
   1.8318940e+06   2.6916504e+01
   1.8413870e+06   1.7883301e+01
   1.8414970e+06   1.8615723e+01
   1.8559530e+06   1.6479492e+01
   1.8560300e+06   3.1921387e+01
   1.8560540e+06   1.8066406e+01
   1.8561050e+06   1.8127441e+01
   1.8561910e+06   1.7639160e+01
   1.8565370e+06   1.6418457e+01
   1.8669860e+06   1.7028809e+01
   1.8670500e+06   2.5390625e+01
   1.8676500e+06   1.6723633e+01
   1.8795850e+06   1.8310547e+01
   1.8796070e+06   2.3376465e+01
   1.8796310e+06   2.3864746e+01
   1.8796730e+06   1.9348145e+01
   1.8799460e+06   1.7700195e+01
   1.8800590e+06   1.8981934e+01
   1.8898700e+06   1.9287109e+01
   1.8898830e+06   1.9714355e+01
   1.8899360e+06   2.1972656e+01
   1.8899670e+06   2.1728516e+01
   1.8904000e+06   1.7761230e+01
   1.8907760e+06   2.0202637e+01
   1.9001330e+06   1.6235352e+01
   1.9001510e+06   3.0883789e+01
   1.9007710e+06   1.8310547e+01
   1.9093890e+06   1.6540527e+01
   1.9100130e+06   1.7395020e+01
   1.9187560e+06   1.7883301e+01
   1.9188160e+06   1.6418457e+01
   1.9188330e+06   2.7832031e+01
   1.9188650e+06   2.4291992e+01
   1.9292320e+06   3.9306641e+01
   1.9292770e+06   3.0395508e+01
   1.9395400e+06   2.5024414e+01
   1.9395760e+06   1.6296387e+01
   1.9396400e+06   2.6611328e+01
   1.9521890e+06   2.4536133e+01
   1.9631340e+06   1.7028809e+01
   1.9753740e+06   2.5695801e+01
   1.9754170e+06   2.0019531e+01
   1.9755810e+06   1.7456055e+01
   1.9756850e+06   1.7150879e+01
   1.9882390e+06   2.6794434e+01
   1.9882520e+06   1.9165039e+01
   1.9882990e+06   1.6967773e+01
   1.9883100e+06   2.4108887e+01
   1.9901070e+06   1.6601563e+01
   1.9993390e+06   1.8615723e+01
   1.9993850e+06   1.9042969e+01
   1.9994810e+06   3.2653809e+01
   1.9995100e+06   1.6723633e+01
   2.0101010e+06   1.6784668e+01
   2.0101660e+06   2.0080566e+01
   2.0224640e+06   1.6784668e+01
   2.0225160e+06   1.6784668e+01
   2.0225680e+06   2.8808594e+01
   2.0403190e+06   1.8920898e+01
   2.0403520e+06   2.0568848e+01
   2.0404030e+06   3.1860352e+01
   2.0404890e+06   1.8249512e+01
   2.0406710e+06   1.7639160e+01
   2.0513830e+06   3.1066895e+01
   2.0515700e+06   1.8066406e+01
   2.0516430e+06   2.1362305e+01
   2.0630140e+06   2.5268555e+01
   2.0630430e+06   2.5817871e+01
   2.0635650e+06   1.6967773e+01
   2.0786880e+06   2.1179199e+01
   2.0787270e+06   2.6184082e+01
   2.0787560e+06   2.0935059e+01
   2.0788300e+06   2.8503418e+01
   2.0917700e+06   1.7700195e+01
   2.0917970e+06   1.6235352e+01
   2.0918700e+06   2.0080566e+01
   2.1031390e+06   2.3864746e+01
   2.1031590e+06   1.6601563e+01
   2.1032000e+06   2.0568848e+01
   2.1032530e+06   2.4291992e+01
   2.1174690e+06   1.6967773e+01
   2.1175150e+06   1.7822266e+01
   2.1175840e+06   2.6550293e+01
   2.1176540e+06   2.0324707e+01
   2.1177160e+06   2.5695801e+01
   2.1353010e+06   1.7578125e+01
   2.1353800e+06   3.1311035e+01
   2.1354360e+06   2.5878906e+01
   2.1354820e+06   1.9226074e+01
   2.1482140e+06   1.9409180e+01
   2.1483180e+06   2.5451660e+01
   2.1483420e+06   1.8615723e+01
   2.1613270e+06   1.8859863e+01
   2.1613850e+06   2.3681641e+01
   2.1613950e+06   2.4108887e+01
   2.1720140e+06   3.6254883e+01
   2.1721610e+06   1.6540527e+01
   2.1835870e+06   3.3081055e+01
   2.1969430e+06   2.6977539e+01
   2.1969560e+06   1.9653320e+01
   2.1971210e+06   1.8188477e+01
   2.1972520e+06   1.7700195e+01
   2.2073860e+06   2.2827148e+01
   2.2074890e+06   1.6906738e+01
   2.2226750e+06   3.1005859e+01
   2.2227070e+06   2.0690918e+01
   2.2399570e+06   2.2888184e+01
   2.2400510e+06   2.0751953e+01
   2.2402590e+06   1.7883301e+01
   2.2404900e+06   1.6296387e+01
   2.2406990e+06   1.7028809e+01
   2.2510020e+06   1.7822266e+01
   2.2510620e+06   3.0090332e+01
   2.2510770e+06   1.6479492e+01
   2.2515770e+06   1.6357422e+01
   2.2605920e+06   1.6479492e+01
   2.2606150e+06   1.6967773e+01
   2.2733810e+06   2.4291992e+01
   2.2734080e+06   1.8615723e+01
   2.2883110e+06   2.5756836e+01
   2.2885650e+06   1.6296387e+01
   2.2887850e+06   1.6357422e+01
   2.3063030e+06   1.8188477e+01
   2.3063410e+06   1.6479492e+01
   2.3063720e+06   3.8574219e+01
   2.3064500e+06   3.3447266e+01
   2.3065210e+06   1.8676758e+01
   2.3237610e+06   2.0568848e+01
   2.3238150e+06   1.7211914e+01
   2.3412260e+06   3.0151367e+01
   2.3412700e+06   3.1494141e+01
   2.3413730e+06   2.4291992e+01
   2.3414030e+06   1.6601563e+01
   2.3417760e+06   1.6784668e+01
   2.3589780e+06   1.6601563e+01
   2.3589940e+06   2.3864746e+01
   2.3590320e+06   1.7211914e+01
   2.3590440e+06   2.4597168e+01
   2.3592000e+06   1.6906738e+01
   2.3791600e+06   1.6906738e+01
   2.3791910e+06   2.6184082e+01
   2.3792400e+06   2.4597168e+01
   2.3795660e+06   1.7517090e+01
   2.4903360e+06   1.6906738e+01
   2.4903530e+06   1.7944336e+01
   2.4904070e+06   3.1982422e+01
   2.4904860e+06   1.7944336e+01
   2.4905010e+06   2.3376465e+01
   2.4905350e+06   1.6296387e+01
   2.4906810e+06   1.9287109e+01
   2.4907110e+06   1.7150879e+01
   2.5601730e+06   1.9042969e+01
   2.5603570e+06   2.0324707e+01
   2.5603720e+06   1.8798828e+01
   2.5603950e+06   1.7700195e+01
   2.5604360e+06   1.9958496e+01
   2.5604490e+06   2.2583008e+01
   2.5604760e+06   3.6010742e+01
   2.5604880e+06   1.6967773e+01
   2.5604990e+06   1.7944336e+01
   2.5605740e+06   1.8737793e+01
   2.5605860e+06   1.6723633e+01
   2.5606420e+06   1.8005371e+01
   2.5868260e+06   1.6479492e+01
   2.6152020e+06   2.7954102e+01
   2.6317160e+06   2.4230957e+01
   2.6318910e+06   2.2399902e+01
   2.6319600e+06   1.9592285e+01
   2.6319880e+06   2.3071289e+01
   2.6320210e+06   2.0690918e+01
   2.6320510e+06   1.6723633e+01
   2.6320840e+06   3.4362793e+01
   2.6321040e+06   1.9714355e+01
   2.6321340e+06   2.4902344e+01
   2.6321540e+06   1.7639160e+01
   2.6321780e+06   1.6418457e+01
   2.6330980e+06   1.6479492e+01
   2.8100380e+06   1.7395020e+01
   2.8100540e+06   2.8991699e+01
   2.8100720e+06   3.3996582e+01
   2.8100880e+06   1.7639160e+01
   2.8101350e+06   1.6784668e+01
   2.8101570e+06   1.9042969e+01
   2.8109240e+06   1.6662598e+01
   2.8109450e+06   1.7333984e+01
   2.9629850e+06   3.3203125e+01
   2.9838720e+06   2.1423340e+01
   2.9838860e+06   2.2460938e+01
   2.9839450e+06   1.7150879e+01
   2.9839550e+06   2.3193359e+01
   2.9839850e+06   2.7954102e+01
   2.9840160e+06   2.0385742e+01
   2.9840670e+06   1.8737793e+01
   2.9841320e+06   1.7700195e+01
   2.9841870e+06   1.6906738e+01
   3.0404780e+06   1.7211914e+01
   3.0409200e+06   1.8432617e+01
   3.0409670e+06   1.7578125e+01
   3.0410420e+06   1.8493652e+01
   3.0410980e+06   4.1992188e+01
   3.0411200e+06   2.4047852e+01
   3.0411590e+06   2.0385742e+01
   3.0411910e+06   1.7333984e+01
   3.0412740e+06   1.8066406e+01
   3.1094480e+06   2.6550293e+01
   3.1094680e+06   2.4475098e+01
   3.1094900e+06   2.9235840e+01
   3.1095150e+06   2.4047852e+01
   3.1095290e+06   1.6357422e+01
   3.1095440e+06   3.1311035e+01
   3.1096080e+06   1.9287109e+01
   3.1096530e+06   1.7761230e+01
   3.1096770e+06   1.9714355e+01
   3.1098990e+06   1.6906738e+01
   3.1104630e+06   2.0629883e+01
   3.1918770e+06   2.3498535e+01
   3.1922190e+06   1.6967773e+01
   3.1922980e+06   3.1494141e+01
   3.1923280e+06   2.7038574e+01
   3.1923640e+06   1.7333984e+01
   3.1924030e+06   1.7700195e+01
   3.1931010e+06   1.8676758e+01
   3.2503010e+06   1.9714355e+01
   3.2503730e+06   1.8005371e+01
   3.2503950e+06   1.6967773e+01
   3.2507140e+06   1.6601563e+01
   3.2507490e+06   2.0263672e+01
   3.2507680e+06   2.7404785e+01
   3.2508110e+06   2.3986816e+01
   3.2508300e+06   3.4606934e+01
   3.2508520e+06   1.9409180e+01
   3.2508890e+06   2.8869629e+01
   3.2509110e+06   1.6479492e+01
   3.2509520e+06   1.9348145e+01
   3.2509760e+06   2.0812988e+01
   3.2510120e+06   1.7028809e+01
   3.2512870e+06   1.6845703e+01
   3.2514030e+06   1.9897461e+01
   3.3247610e+06   1.7211914e+01
   3.3247780e+06   1.6723633e+01
   3.3248170e+06   3.0883789e+01
   3.3249150e+06   1.6357422e+01
   3.3250700e+06   1.8188477e+01
   3.3251930e+06   2.4902344e+01
   3.3252400e+06   2.6123047e+01
   3.3252610e+06   2.6123047e+01
   3.3253130e+06   3.0273438e+01
   3.3253390e+06   1.7456055e+01
   3.3254120e+06   1.9409180e+01
   3.3254890e+06   1.7822266e+01
   3.3983670e+06   1.7395020e+01
   3.3984100e+06   1.9409180e+01
   3.3984550e+06   3.0273438e+01
   3.3984650e+06   2.9174805e+01
   3.3985140e+06   3.6804199e+01
   3.3987510e+06   1.8371582e+01
   3.3988040e+06   1.6479492e+01
   3.3988930e+06   1.6601563e+01
   3.3989730e+06   1.7700195e+01
   3.4685120e+06   1.7822266e+01
   3.4685250e+06   3.0700684e+01
   3.4685490e+06   2.6489258e+01
   3.4685690e+06   2.0812988e+01
   3.4686000e+06   1.9470215e+01
   3.4686250e+06   1.7089844e+01
   3.4688100e+06   1.6601563e+01
   3.4689430e+06   1.8920898e+01
   3.5058750e+06   2.8625488e+01
   3.5059130e+06   2.4963379e+01
   3.5059770e+06   1.9042969e+01
   3.5061610e+06   1.9714355e+01
   3.5428200e+06   2.1179199e+01
   3.5428400e+06   1.8554688e+01
   3.5428650e+06   3.1066895e+01
   3.5429140e+06   2.4169922e+01
   3.5430260e+06   2.1057129e+01
   3.5430800e+06   2.1972656e+01
   3.5432180e+06   1.6906738e+01
   3.5434800e+06   1.6296387e+01
   3.5823310e+06   3.3203125e+01
   3.5823420e+06   1.8981934e+01
   3.5823790e+06   3.1311035e+01
   3.5824880e+06   1.8005371e+01
   3.5825400e+06   1.7089844e+01
   3.5827340e+06   1.8005371e+01
   3.6215740e+06   2.6794434e+01
   3.6216000e+06   1.7089844e+01
   3.6216470e+06   1.9714355e+01
   3.6217150e+06   1.8859863e+01
   3.6217910e+06   2.7404785e+01
   3.6218550e+06   1.8676758e+01
   3.6218840e+06   1.8188477e+01
   3.6219020e+06   1.7578125e+01
   3.6229880e+06   1.8432617e+01
   3.6236220e+06   1.7578125e+01
   3.6605000e+06   2.5573730e+01
   3.6605370e+06   1.7883301e+01
   3.6605920e+06   1.7639160e+01
   3.6606200e+06   1.6967773e+01
   3.6606850e+06   1.7089844e+01
   3.6608310e+06   1.8859863e+01
   3.6617320e+06   1.6723633e+01
   3.6649750e+06   1.8859863e+01
   3.6661140e+06   1.8554688e+01
   3.6661520e+06   1.6784668e+01
   3.6661620e+06   1.7578125e+01
   3.6751410e+06   1.7944336e+01
   3.6751610e+06   2.1606445e+01
   3.6751970e+06   1.9958496e+01
   3.6752460e+06   2.0690918e+01
   3.6753070e+06   1.9226074e+01
   3.6753210e+06   1.7944336e+01
   3.6753870e+06   1.7272949e+01
   3.6754590e+06   1.8493652e+01
   3.6755140e+06   1.7456055e+01
   3.6756680e+06   2.2460938e+01
   3.6760940e+06   1.8371582e+01
   3.6882470e+06   1.9958496e+01
   3.6882760e+06   2.3620605e+01
   3.6882930e+06   1.6479492e+01
   3.6883130e+06   1.9470215e+01
   3.6884160e+06   2.1545410e+01
   3.6884370e+06   1.9958496e+01
   3.6885270e+06   2.7404785e+01
   3.6886300e+06   1.6540527e+01
   3.6969740e+06   3.1433105e+01
   3.6970050e+06   1.6845703e+01
   3.6970300e+06   2.1911621e+01
   3.6970900e+06   2.7709961e+01
   3.6971940e+06   2.4841309e+01
   3.6996070e+06   1.7822266e+01
   3.7052520e+06   1.7517090e+01
   3.7052960e+06   2.7893066e+01
   3.7053260e+06   1.7272949e+01
   3.7053510e+06   1.6601563e+01
   3.7053930e+06   2.6672363e+01
   3.7055060e+06   1.9531250e+01
   3.7055620e+06   2.1301270e+01
   3.7057010e+06   1.7944336e+01
   3.7058070e+06   2.8808594e+01
   3.7060650e+06   1.8005371e+01
   3.7116030e+06   2.7709961e+01
   3.7116130e+06   2.0263672e+01
   3.7116650e+06   1.6662598e+01
   3.7117210e+06   1.6418457e+01
   3.7187860e+06   3.4179688e+01
   3.7188080e+06   2.2277832e+01
   3.7188840e+06   2.0080566e+01
   3.7190570e+06   1.6845703e+01
   3.7255580e+06   1.6662598e+01
   3.7256020e+06   2.8625488e+01
   3.7256810e+06   1.8859863e+01
   3.7258580e+06   1.6906738e+01
   3.7326570e+06   2.8320313e+01
   3.7326760e+06   1.6784668e+01
   3.7327140e+06   2.8686523e+01
   3.7328120e+06   2.6123047e+01
   3.7333270e+06   1.6845703e+01
   3.7337350e+06   1.9104004e+01
   3.7388260e+06   2.6794434e+01
   3.7388740e+06   2.2888184e+01
   3.7390160e+06   2.0507813e+01
   3.7393160e+06   1.7700195e+01
   3.7394810e+06   1.9042969e+01
   3.7397170e+06   1.8737793e+01
   3.7460600e+06   1.6540527e+01
   3.7460820e+06   1.8066406e+01
   3.7461220e+06   3.3569336e+01
   3.7523500e+06   1.7395020e+01
   3.7523830e+06   3.0151367e+01
   3.7524660e+06   1.7272949e+01
   3.7525270e+06   1.7761230e+01
   3.7526930e+06   1.7150879e+01
   3.7587650e+06   2.6245117e+01
   3.7588800e+06   1.6662598e+01
   3.7657640e+06   1.7700195e+01
   3.7657820e+06   2.2338867e+01
   3.7663770e+06   1.7150879e+01
   3.7716910e+06   1.6845703e+01
   3.7717220e+06   2.3681641e+01
   3.7717380e+06   1.9165039e+01
   3.7719970e+06   1.7089844e+01
   3.7786840e+06   2.8991699e+01
   3.7787120e+06   1.6479492e+01
   3.7851070e+06   1.8554688e+01
   3.7851760e+06   1.6601563e+01
   3.7855430e+06   1.6601563e+01
   3.7857510e+06   1.9470215e+01
   3.7871000e+06   1.7150879e+01
   3.7922140e+06   1.7944336e+01
   3.7927090e+06   1.8066406e+01
   3.7929990e+06   1.6845703e+01
   3.7984760e+06   2.0935059e+01
   3.7985590e+06   1.7089844e+01
   3.7987380e+06   1.7944336e+01
   3.8055980e+06   2.0507813e+01
   3.8056650e+06   1.8676758e+01
   3.8057940e+06   1.7211914e+01
   3.8059440e+06   1.7395020e+01
   3.8065600e+06   1.8066406e+01
   3.8125900e+06   2.1057129e+01
   3.8131130e+06   1.6845703e+01
   3.8197790e+06   2.1179199e+01
   3.8198290e+06   1.7578125e+01
   3.8200370e+06   1.7517090e+01
   3.8275040e+06   1.7761230e+01
   3.8275430e+06   1.7395020e+01
   3.8357260e+06   1.6723633e+01
   3.8362450e+06   1.6967773e+01
   3.8426550e+06   1.6418457e+01
   3.8429650e+06   1.8188477e+01
   3.8497170e+06   2.1057129e+01
   3.8500500e+06   1.7089844e+01
   3.8576710e+06   2.0568848e+01
   3.8577580e+06   1.7761230e+01
   3.8577960e+06   1.9897461e+01
   3.8579440e+06   1.7578125e+01
   3.8580600e+06   2.5146484e+01
   3.8582330e+06   1.6418457e+01
   3.8663680e+06   1.9042969e+01
   3.8663900e+06   1.8737793e+01
   3.8744200e+06   1.8066406e+01
   3.8744710e+06   3.2531738e+01
   3.8744990e+06   2.0141602e+01
   3.8746800e+06   1.6296387e+01
   3.8749110e+06   1.6357422e+01
   3.8751140e+06   1.6601563e+01
   3.8823950e+06   2.3193359e+01
   3.8824100e+06   1.9897461e+01
   3.8906460e+06   1.9409180e+01
   3.8910280e+06   1.6784668e+01
   3.8986290e+06   1.9348145e+01
   3.8987660e+06   1.6662598e+01
   3.9068330e+06   2.0996094e+01
   3.9068900e+06   1.7028809e+01
   3.9073290e+06   2.0507813e+01
   3.9076100e+06   1.6662598e+01
   3.9076550e+06   1.6418457e+01
   3.9153540e+06   2.1606445e+01
   3.9153810e+06   2.6367188e+01
   3.9154710e+06   1.7700195e+01
   3.9155660e+06   1.6479492e+01
   3.9161520e+06   1.6723633e+01
   3.9240550e+06   1.6845703e+01
   3.9241930e+06   2.1179199e+01
   3.9242470e+06   1.6662598e+01
   3.9332980e+06   1.7578125e+01
   3.9333620e+06   1.7028809e+01
   3.9333820e+06   1.8798828e+01
   3.9334490e+06   2.8198242e+01
   3.9418080e+06   2.1301270e+01
   3.9418540e+06   2.2338867e+01
   3.9418990e+06   2.8564453e+01
   3.9419310e+06   2.0202637e+01
   3.9419750e+06   1.6479492e+01
   3.9519810e+06   1.9958496e+01
   3.9519970e+06   1.7456055e+01
   3.9520360e+06   2.6916504e+01
   3.9626150e+06   1.7028809e+01
   3.9626280e+06   1.7517090e+01
   3.9626840e+06   1.8493652e+01
   3.9627170e+06   1.7456055e+01
   3.9627480e+06   3.1982422e+01
   3.9628560e+06   1.7517090e+01
   3.9630590e+06   1.6418457e+01
   3.9631120e+06   1.7822266e+01
   3.9726290e+06   1.9226074e+01
   3.9726460e+06   2.0141602e+01
   3.9727200e+06   1.7822266e+01
   3.9819500e+06   2.0507813e+01
   3.9819880e+06   3.0761719e+01
   3.9828420e+06   1.6357422e+01
   3.9907250e+06   2.8564453e+01
   3.9907440e+06   1.8005371e+01
   3.9908320e+06   1.8127441e+01
   4.0013140e+06   1.8188477e+01
   4.0013530e+06   1.6967773e+01
   4.0013670e+06   2.6000977e+01
   4.0014680e+06   2.8259277e+01
   4.0016810e+06   1.6296387e+01
   4.0022700e+06   1.7761230e+01
   4.0131510e+06   2.1545410e+01
   4.0131890e+06   1.6418457e+01
   4.0132130e+06   2.7099609e+01
   4.0136880e+06   1.6296387e+01
   4.0137080e+06   1.6845703e+01
   4.0234180e+06   4.0100098e+01
   4.0234980e+06   1.8493652e+01
   4.0237480e+06   1.6784668e+01
   4.0240200e+06   1.6662598e+01
   4.0340840e+06   2.3620605e+01
   4.0341560e+06   2.4108887e+01
   4.0345330e+06   1.8493652e+01
   4.0345880e+06   1.7395020e+01
   4.0424990e+06   2.3620605e+01
   4.0425170e+06   2.1728516e+01
   4.0426230e+06   1.8249512e+01
   4.0426450e+06   2.9235840e+01
   4.0540990e+06   2.5695801e+01
   4.0541450e+06   2.4108887e+01
   4.0541680e+06   1.7272949e+01
   4.0541930e+06   2.0446777e+01
   4.0645910e+06   2.3010254e+01
   4.0646210e+06   1.6296387e+01
   4.0647090e+06   2.5329590e+01
   4.0779160e+06   2.9296875e+01
   4.0779480e+06   1.7089844e+01
   4.0780030e+06   2.6855469e+01
   4.0876320e+06   2.5817871e+01
   4.0876810e+06   2.1606445e+01
   4.0995260e+06   2.8442383e+01
   4.0995500e+06   2.6489258e+01
   4.0996520e+06   2.6855469e+01
   4.1093790e+06   1.9042969e+01
   4.1094450e+06   2.6733398e+01
   4.1095510e+06   1.9775391e+01
   4.1202020e+06   2.5024414e+01
   4.1202130e+06   1.7883301e+01
   4.1327480e+06   1.7150879e+01
   4.1327920e+06   2.8869629e+01
   4.1328110e+06   1.7150879e+01
   4.1329180e+06   2.3376465e+01
   4.1450830e+06   2.2155762e+01
   4.1451860e+06   2.3681641e+01
   4.1452700e+06   1.6784668e+01
   4.1565960e+06   2.1606445e+01
   4.1566110e+06   3.2226563e+01
   4.1566720e+06   2.2094727e+01
   4.1567220e+06   2.7160645e+01
   4.1568530e+06   2.2338867e+01
   4.1673120e+06   1.7272949e+01
   4.1673380e+06   2.6672363e+01
   4.1674350e+06   1.6723633e+01
   4.1677730e+06   1.9775391e+01
   4.1772850e+06   1.6357422e+01
   4.1773520e+06   1.7150879e+01
   4.1774130e+06   2.9113770e+01
   4.1775380e+06   1.6967773e+01
   4.1779960e+06   1.6662598e+01
   4.1874810e+06   1.7456055e+01
   4.1875220e+06   3.3447266e+01
   4.1875920e+06   2.3010254e+01
   4.1876020e+06   2.5512695e+01
   4.2005800e+06   3.2348633e+01
   4.2006470e+06   2.2766113e+01
   4.2007450e+06   1.8981934e+01
   4.2009440e+06   1.8737793e+01
   4.2010440e+06   2.3193359e+01
   4.2109260e+06   3.3142090e+01
   4.2109590e+06   1.6784668e+01
   4.2109900e+06   1.8310547e+01
   4.2117450e+06   2.0629883e+01
   4.2175320e+06   2.3376465e+01
   4.2175950e+06   1.6845703e+01
   4.2176570e+06   2.1484375e+01
   4.2268260e+06   2.6977539e+01
   4.2269340e+06   2.2583008e+01
   4.2269760e+06   1.6418457e+01
   4.2418300e+06   1.7883301e+01
   4.2418870e+06   1.8066406e+01
   4.2419110e+06   1.6723633e+01
   4.2419690e+06   2.6184082e+01
   4.2420950e+06   2.0629883e+01
   4.2518640e+06   1.6967773e+01
   4.2519010e+06   1.8249512e+01
   4.2519160e+06   3.2043457e+01
   4.2520030e+06   1.7028809e+01
   4.2641640e+06   1.8920898e+01
   4.2642050e+06   1.8493652e+01
   4.2642380e+06   3.6315918e+01
   4.2644790e+06   2.1423340e+01
   4.2645390e+06   1.6357422e+01
   4.2650610e+06   1.8127441e+01
   4.2749690e+06   1.8371582e+01
   4.2749940e+06   1.7028809e+01
   4.2750130e+06   1.6601563e+01
   4.2750780e+06   2.4841309e+01
   4.2751220e+06   1.7761230e+01
   4.2854920e+06   1.7639160e+01
   4.2855740e+06   2.2827148e+01
   4.2957780e+06   2.1606445e+01
   4.2958370e+06   2.9541016e+01
   4.3066700e+06   1.9348145e+01
   4.3067080e+06   2.6916504e+01
   4.3067730e+06   3.1921387e+01
   4.3072510e+06   2.7099609e+01
   4.3155040e+06   1.7089844e+01
   4.3155390e+06   1.8981934e+01
   4.3158480e+06   1.6906738e+01
   4.3203580e+06   3.1921387e+01
   4.3271730e+06   1.6784668e+01
   4.3272010e+06   1.7517090e+01
   4.3273040e+06   1.6418457e+01
   4.3419630e+06   2.6916504e+01
   4.3421120e+06   3.0029297e+01
   4.3421750e+06   2.8564453e+01
   4.3425290e+06   2.2705078e+01
   4.3532590e+06   1.6479492e+01
   4.3533120e+06   1.8371582e+01
   4.3651720e+06   2.1667480e+01
   4.3652360e+06   2.4108887e+01
   4.3652990e+06   3.1311035e+01
   4.3656390e+06   1.8188477e+01
   4.3758690e+06   1.6540527e+01
   4.3842470e+06   3.2653809e+01
   4.3861770e+06   1.6967773e+01
   4.3862110e+06   1.8798828e+01
   4.3862880e+06   3.0334473e+01
   4.3864210e+06   1.6845703e+01
   4.3961550e+06   2.5024414e+01
   4.4056520e+06   1.7272949e+01
   4.4056700e+06   2.4047852e+01
   4.4057070e+06   1.6784668e+01
   4.4057280e+06   2.3620605e+01
   4.4057680e+06   2.1667480e+01
   4.4145250e+06   1.9042969e+01
   4.4146210e+06   1.6662598e+01
   4.4146620e+06   2.5573730e+01
   4.4251970e+06   2.0263672e+01
   4.4252360e+06   3.3569336e+01
   4.4375370e+06   2.2399902e+01
   4.4449300e+06   1.6601563e+01
   4.4483370e+06   1.6418457e+01
   4.4541740e+06   1.8615723e+01
   4.4542260e+06   2.7709961e+01
   4.4542430e+06   1.7028809e+01
   4.4542840e+06   1.8188477e+01
   4.4544990e+06   1.7150879e+01
   4.4657620e+06   1.7883301e+01
   4.4658240e+06   2.6855469e+01
   4.4660900e+06   1.9287109e+01
   4.4763670e+06   3.0212402e+01
   4.4763980e+06   2.0446777e+01
   4.4764160e+06   1.9165039e+01
   4.4845720e+06   1.7517090e+01
   4.4846540e+06   2.4414063e+01
   4.4847480e+06   1.8066406e+01
   4.4933580e+06   2.1545410e+01
   4.5059550e+06   1.8005371e+01
   4.5060140e+06   2.9541016e+01
   4.5060450e+06   1.7150879e+01
   4.5158280e+06   1.8676758e+01
   4.5158790e+06   2.2521973e+01
   4.5255530e+06   1.8310547e+01
   4.5256290e+06   2.5024414e+01
   4.5256470e+06   2.6000977e+01
   4.5350360e+06   1.8981934e+01
   4.5498360e+06   1.7456055e+01
   4.5498680e+06   2.0202637e+01
   4.5499670e+06   1.9165039e+01
   4.5591520e+06   1.7089844e+01
   4.5591790e+06   1.7333984e+01
   4.5591950e+06   1.6662598e+01
   4.5753180e+06   1.7028809e+01
   4.5753450e+06   1.6662598e+01
   4.5753870e+06   1.6479492e+01
   4.5846890e+06   2.1240234e+01
   4.5939610e+06   1.8798828e+01
   4.5940630e+06   2.1240234e+01
   4.5940980e+06   1.6845703e+01
   4.5941450e+06   1.6540527e+01
   4.6094630e+06   1.6479492e+01
   4.6094970e+06   2.0141602e+01
   4.6216090e+06   2.0812988e+01
   4.6216250e+06   2.2644043e+01
   4.6363790e+06   1.6418457e+01
   4.6364130e+06   1.8249512e+01
   4.6474630e+06   1.8493652e+01
   4.6850510e+06   1.9836426e+01
   4.6851790e+06   1.6845703e+01
   4.6972490e+06   2.1179199e+01
   4.7186310e+06   1.6906738e+01
   4.7187550e+06   1.6906738e+01
   4.7329080e+06   1.9775391e+01
   4.7467610e+06   1.7883301e+01
   4.7468240e+06   1.7211914e+01
   4.7687070e+06   1.8066406e+01
   4.7687390e+06   1.8554688e+01
   4.7835140e+06   1.6845703e+01
   4.7835720e+06   1.8493652e+01
   4.8010210e+06   2.6733398e+01
   4.8101000e+06   1.6601563e+01
   4.8151560e+06   2.8930664e+01
   4.8388560e+06   1.8005371e+01
   4.8390030e+06   2.0629883e+01
   4.8526850e+06   3.5522461e+01
   4.8614350e+06   1.6418457e+01
   4.8615810e+06   1.7272949e+01
   4.8615950e+06   1.6418457e+01
   4.8623470e+06   1.6479492e+01
   4.8888160e+06   1.7028809e+01
   4.8888590e+06   2.6550293e+01
   4.9194430e+06   1.7333984e+01
   4.9194760e+06   1.6601563e+01
   4.9195910e+06   1.7333984e+01
   4.9849730e+06   2.8442383e+01
   4.9994070e+06   3.2531738e+01
   5.0202810e+06   1.6601563e+01
   5.1298490e+06   3.5034180e+01
   5.1356270e+06   3.1433105e+01
   5.1479200e+06   2.4658203e+01
   5.1479490e+06   1.7456055e+01
   5.1479620e+06   1.9409180e+01
   5.1479820e+06   1.9226074e+01
   5.1480100e+06   3.1005859e+01
   5.1480210e+06   1.9287109e+01
   5.1480540e+06   3.2165527e+01
   5.1480740e+06   1.9470215e+01
   5.1480940e+06   1.8981934e+01
   5.1481610e+06   1.7333984e+01
   5.1490020e+06   1.6967773e+01
   5.2306510e+06   3.1982422e+01
   5.2724880e+06   2.7832031e+01
   5.2755960e+06   1.9836426e+01
   5.2764180e+06   2.0874023e+01
   5.2764500e+06   2.4536133e+01
   5.2767860e+06   1.6845703e+01
   5.2768770e+06   3.1799316e+01
   5.2768980e+06   2.4658203e+01
   5.2769520e+06   2.1911621e+01
   5.2769910e+06   1.9104004e+01
   5.3761430e+06   2.8747559e+01
   5.3771850e+06   3.0212402e+01
   5.3772230e+06   1.6479492e+01
   5.3772360e+06   1.8432617e+01
   5.3772890e+06   1.6540527e+01
   5.3773370e+06   1.8371582e+01
   5.3774310e+06   2.0751953e+01
   5.3775840e+06   1.6296387e+01
   5.3777150e+06   1.7150879e+01
   5.3778200e+06   1.6906738e+01
   5.3779580e+06   1.8676758e+01
   5.4655760e+06   1.8615723e+01
   5.4656230e+06   1.8554688e+01
   5.4656430e+06   2.3681641e+01
   5.4656580e+06   1.8493652e+01
   5.4664910e+06   2.0324707e+01
   5.4665040e+06   1.6723633e+01
   5.4665530e+06   1.7578125e+01
   5.4665820e+06   1.8798828e+01
   5.4665930e+06   1.7333984e+01
   5.4666060e+06   3.0883789e+01
   5.4666350e+06   1.8432617e+01
   5.4666620e+06   3.4423828e+01
   5.4666750e+06   2.0385742e+01
   5.4667120e+06   1.8798828e+01
   5.4667650e+06   2.0324707e+01
   5.4667880e+06   1.6967773e+01
   5.4672050e+06   1.7822266e+01
   5.5212780e+06   2.7832031e+01
   5.5423340e+06   1.7089844e+01
   5.5423850e+06   2.8442383e+01
   5.5424090e+06   1.6540527e+01
   5.5433170e+06   1.7089844e+01
   5.5433640e+06   2.6489258e+01
   5.5440770e+06   2.0141602e+01
   5.5441800e+06   1.7395020e+01
   5.5441950e+06   2.8259277e+01
   5.5442190e+06   3.3752441e+01
   5.5442430e+06   2.3071289e+01
   5.5442700e+06   3.0029297e+01
   5.5442820e+06   2.1362305e+01
   5.5443280e+06   1.9348145e+01
   5.5443800e+06   2.5756836e+01
   5.5445520e+06   1.7578125e+01
   5.5449220e+06   1.6723633e+01
   5.5450120e+06   1.6906738e+01
   5.6300250e+06   2.5695801e+01
   5.6300600e+06   1.6906738e+01
   5.6300980e+06   2.7221680e+01
   5.6301540e+06   1.6784668e+01
   5.6309800e+06   1.8676758e+01
   5.6309920e+06   2.8564453e+01
   5.6310170e+06   2.2766113e+01
   5.6310380e+06   2.3254395e+01
   5.6310730e+06   3.1616211e+01
   5.6310860e+06   2.0812988e+01
   5.6311180e+06   2.2399902e+01
   5.6311300e+06   2.3803711e+01
   5.6316320e+06   1.7883301e+01
   5.6318060e+06   1.8127441e+01
   5.6318740e+06   1.6479492e+01
   5.6488860e+06   3.1860352e+01
   5.6877640e+06   2.9663086e+01
   5.6902640e+06   1.6845703e+01
   5.6902770e+06   1.8615723e+01
   5.6902990e+06   2.9296875e+01
   5.6903640e+06   1.7883301e+01
   5.6906330e+06   1.6906738e+01
   5.6908100e+06   1.9531250e+01
   5.6908350e+06   1.6540527e+01
   5.6909240e+06   1.6662598e+01
   5.6910070e+06   1.8493652e+01
   5.6910450e+06   1.6296387e+01
   5.6911310e+06   2.9602051e+01
   5.6911430e+06   3.7536621e+01
   5.7593080e+06   1.8615723e+01
   5.7593360e+06   2.4780273e+01
   5.7593670e+06   1.9836426e+01
   5.7599900e+06   1.6967773e+01
   5.8231990e+06   3.5766602e+01
   5.8232410e+06   2.3132324e+01
   5.8233670e+06   1.6418457e+01
   5.8239260e+06   2.7587891e+01
   5.8604060e+06   3.8940430e+01
   5.8604280e+06   1.6357422e+01
   5.8604780e+06   2.3498535e+01
   5.8605190e+06   1.6601563e+01
   5.8605600e+06   1.8066406e+01
   5.8607450e+06   1.7700195e+01
   5.8868730e+06   2.5573730e+01
   5.8868990e+06   2.1240234e+01
   5.8869280e+06   1.7272949e+01
   5.8869510e+06   2.6733398e+01
   5.8870190e+06   1.9409180e+01
   5.8870800e+06   1.6601563e+01
   5.8871200e+06   1.6784668e+01
   5.8872960e+06   1.8371582e+01
   5.8876400e+06   1.9775391e+01
   5.8966040e+06   3.0700684e+01
   5.8966500e+06   2.6672363e+01
   5.8966890e+06   1.8798828e+01
   5.8967230e+06   2.1484375e+01
   5.8968530e+06   1.8859863e+01
   5.8969640e+06   1.7333984e+01
   5.8971040e+06   2.1118164e+01
   5.9050620e+06   2.0996094e+01
   5.9051600e+06   2.3620605e+01
   5.9051850e+06   1.9592285e+01
   5.9053620e+06   1.6296387e+01
   5.9054770e+06   1.8188477e+01
   5.9125010e+06   3.0578613e+01
   5.9125320e+06   2.4658203e+01
   5.9125940e+06   2.8259277e+01
   5.9127100e+06   1.6540527e+01
   5.9132250e+06   1.7700195e+01
   5.9187030e+06   1.6540527e+01
   5.9187990e+06   2.8076172e+01
   5.9189040e+06   1.9531250e+01
   5.9191550e+06   1.6540527e+01
   5.9256670e+06   1.8371582e+01
   5.9256780e+06   1.8676758e+01
   5.9257120e+06   3.8635254e+01
   5.9257840e+06   1.6967773e+01
   5.9258590e+06   1.6845703e+01
   5.9260880e+06   1.8920898e+01
   5.9325290e+06   1.7028809e+01
   5.9326190e+06   2.4963379e+01
   5.9327670e+06   1.7395020e+01
   5.9333370e+06   1.6357422e+01
   5.9386100e+06   2.0935059e+01
   5.9386420e+06   1.7272949e+01
   5.9387570e+06   1.8249512e+01
   5.9394200e+06   2.6000977e+01
   5.9394310e+06   1.8798828e+01
   5.9452670e+06   1.7517090e+01
   5.9516210e+06   1.7028809e+01
   5.9574110e+06   1.6784668e+01
   5.9574950e+06   1.7089844e+01
   5.9577910e+06   1.6723633e+01
   5.9628940e+06   1.6723633e+01
   5.9630440e+06   1.7517090e+01
   5.9634590e+06   1.8676758e+01
   5.9689600e+06   1.7822266e+01
   5.9721510e+06   2.7099609e+01
   5.9751130e+06   1.6662598e+01
   5.9751610e+06   1.7578125e+01
   5.9815540e+06   1.7150879e+01
   5.9817030e+06   1.6540527e+01
   5.9877740e+06   2.0629883e+01
   5.9879080e+06   1.6906738e+01
   5.9881020e+06   1.7333984e+01
   5.9937790e+06   1.6845703e+01
   5.9964420e+06   2.8869629e+01
   6.0000080e+06   1.6906738e+01
   6.0056370e+06   1.9287109e+01
   6.0058020e+06   1.7395020e+01
   6.0121560e+06   2.1240234e+01
   6.0122100e+06   1.6113281e+01
   6.0186470e+06   1.7028809e+01
   6.0251840e+06   1.7822266e+01
   6.0253470e+06   1.6235352e+01
   6.0451540e+06   1.7883301e+01
   6.0520330e+06   1.9042969e+01
   6.0520670e+06   1.7883301e+01
   6.0522200e+06   1.8127441e+01
   6.0756110e+06   1.6113281e+01
   6.0826100e+06   1.6113281e+01
   6.0827210e+06   1.6235352e+01
   6.1108380e+06   2.0324707e+01
   6.1184220e+06   1.6967773e+01
   6.1255050e+06   1.6296387e+01
   6.1394070e+06   1.9348145e+01
   6.1550150e+06   1.8310547e+01
   6.1629110e+06   1.6113281e+01
   6.2125690e+06   1.7211914e+01
   6.2391660e+06   2.0446777e+01
   6.2393410e+06   1.6967773e+01
   6.2494690e+06   1.6418457e+01
   6.2498950e+06   1.7822266e+01
   6.2558430e+06   2.4353027e+01
   6.2559020e+06   1.7761230e+01
   6.2559920e+06   1.6418457e+01
   6.2660250e+06   1.7578125e+01
   6.2949340e+06   1.8371582e+01
   6.2949940e+06   1.8371582e+01
   6.3189540e+06   1.6418457e+01
   6.3191220e+06   1.6601563e+01
   6.3193630e+06   1.9409180e+01
   6.3320750e+06   2.1057129e+01
   6.3321230e+06   1.8310547e+01
   6.3321720e+06   1.6784668e+01
   6.3457340e+06   2.0874023e+01
   6.3458110e+06   1.6479492e+01
   6.3458400e+06   2.8808594e+01
   6.3594330e+06   1.6906738e+01
   6.3594860e+06   1.9042969e+01
   6.3595490e+06   2.3071289e+01
   6.3596030e+06   1.7761230e+01
   6.3596840e+06   1.6174316e+01
   6.3597760e+06   1.7211914e+01
   6.3759780e+06   1.9470215e+01
   6.3760130e+06   2.1728516e+01
   6.3760530e+06   2.4780273e+01
   6.3760930e+06   1.7578125e+01
   6.3766470e+06   1.6784668e+01
   6.3884200e+06   3.2714844e+01
   6.3884430e+06   2.2705078e+01
   6.3884650e+06   1.6418457e+01
   6.3885040e+06   2.9907227e+01
   6.3887520e+06   1.6052246e+01
   6.4032770e+06   1.9470215e+01
   6.4033050e+06   2.9785156e+01
   6.4033190e+06   1.6174316e+01
   6.4034460e+06   2.1240234e+01
   6.4144300e+06   1.8493652e+01
   6.4144970e+06   1.8798828e+01
   6.4145100e+06   1.8066406e+01
   6.4145480e+06   2.3254395e+01
   6.4146910e+06   1.6662598e+01
   6.4290110e+06   1.9531250e+01
   6.4290410e+06   2.3376465e+01
   6.4291000e+06   2.4353027e+01
   6.4291100e+06   2.3498535e+01
   6.4381090e+06   1.6174316e+01
   6.4381350e+06   2.2521973e+01
   6.4381920e+06   1.9714355e+01
   6.4561450e+06   3.4301758e+01
   6.4562190e+06   3.1066895e+01
   6.4562550e+06   1.9104004e+01
   6.4566660e+06   1.6235352e+01
   6.4678340e+06   2.4536133e+01
   6.4678530e+06   2.8991699e+01
   6.4679260e+06   1.7883301e+01
   6.4689740e+06   1.6784668e+01
   6.4841460e+06   2.4963379e+01
   6.4842320e+06   2.5451660e+01
   6.4843010e+06   1.8066406e+01
   6.4844230e+06   1.7395020e+01
   6.5000160e+06   1.9897461e+01
   6.5000510e+06   2.3132324e+01
   6.5001780e+06   1.6723633e+01
   6.5117560e+06   1.8798828e+01
   6.5117910e+06   2.5024414e+01
   6.5118140e+06   1.8493652e+01
   6.5164190e+06   1.7333984e+01
   6.5253780e+06   1.9470215e+01
   6.5254370e+06   3.2104492e+01
   6.5257890e+06   1.6357422e+01
   6.5384410e+06   1.9531250e+01
   6.5384940e+06   1.9409180e+01
   6.5386370e+06   1.8676758e+01
   6.5502040e+06   1.8066406e+01
   6.5502690e+06   2.3071289e+01
   6.5503110e+06   4.0527344e+01
   6.5503270e+06   1.6052246e+01
   6.5503660e+06   1.7456055e+01
   6.5503950e+06   1.7028809e+01
   6.5504960e+06   1.9958496e+01
   6.5508920e+06   1.6723633e+01
   6.5615670e+06   1.7822266e+01
   6.5615830e+06   2.9724121e+01
   6.5616250e+06   1.9470215e+01
   6.5768480e+06   2.5573730e+01
   6.5769070e+06   2.1484375e+01
   6.5878920e+06   1.7211914e+01
   6.5879300e+06   1.7517090e+01
   6.5879910e+06   2.0629883e+01
   6.6045090e+06   3.1005859e+01
   6.6046480e+06   1.6601562e+01
   6.6241290e+06   1.7395020e+01
   6.6241790e+06   2.2155762e+01
   6.6241970e+06   1.8005371e+01
   6.6242910e+06   2.1850586e+01
   6.6243040e+06   1.6235352e+01
   6.6244560e+06   1.6601563e+01
   6.6364200e+06   2.2399902e+01
   6.6486420e+06   1.8371582e+01
   6.6486820e+06   3.0151367e+01
   6.6645950e+06   1.8310547e+01
   6.6646110e+06   1.8798828e+01
   6.6647450e+06   1.6357422e+01
   6.6649840e+06   1.9348145e+01
   6.6790000e+06   2.3437500e+01
   6.6790140e+06   1.7150879e+01
   6.6790580e+06   1.6479492e+01
   6.6790980e+06   2.7465820e+01
   6.6791130e+06   1.8920898e+01
   6.6797760e+06   1.8737793e+01
   6.6966580e+06   2.4536133e+01
   6.6966830e+06   2.1789551e+01
   6.6967210e+06   2.4658203e+01
   6.6967720e+06   1.8737793e+01
   6.6969730e+06   2.1240234e+01
   6.7574380e+06   1.7028809e+01
   6.7574570e+06   2.5085449e+01
   6.7574920e+06   2.7770996e+01
   6.7575020e+06   2.3620605e+01
   6.7575350e+06   1.6418457e+01
   6.7575640e+06   1.7456055e+01
   6.7576050e+06   1.6296387e+01
   6.7580250e+06   1.7150879e+01
   6.7582280e+06   1.6357422e+01
   6.7792710e+06   3.1799316e+01
   6.7953200e+06   2.1484375e+01
   6.7953640e+06   2.6916504e+01
   6.7954050e+06   1.8310547e+01
   6.7954460e+06   1.7700195e+01
   6.7955120e+06   1.9226074e+01
   6.7955780e+06   1.7578125e+01
   6.8194920e+06   2.6000977e+01
   6.8195370e+06   2.5634766e+01
   6.8195860e+06   2.5024414e+01
   6.8195960e+06   1.7089844e+01
   6.8196180e+06   2.1789551e+01
   6.8196560e+06   1.6174316e+01
   6.8196820e+06   2.1606445e+01
   6.8197090e+06   1.9042969e+01
   6.8197330e+06   1.9653320e+01
   6.8197700e+06   2.2521973e+01
   6.8198070e+06   1.6296387e+01
   6.8198500e+06   1.6479492e+01
   6.8199090e+06   1.7456055e+01
   6.8201740e+06   2.0507813e+01
   6.8203230e+06   1.6784668e+01
   6.8402710e+06   3.1616211e+01
   6.8519930e+06   3.3142090e+01
   6.8520460e+06   2.2827148e+01
   6.8520690e+06   1.7395020e+01
   6.8521140e+06   2.5451660e+01
   6.8521430e+06   1.7578125e+01
   6.8521810e+06   1.7517090e+01
   6.8522450e+06   2.0507813e+01
   6.8522750e+06   2.1667480e+01
   6.8524460e+06   1.8432617e+01
   6.8524780e+06   1.7395020e+01
   6.8840550e+06   2.1423340e+01
   6.8840990e+06   3.6376953e+01
   6.8841610e+06   2.7465820e+01
   6.8842160e+06   2.3132324e+01
   6.8842270e+06   1.6174316e+01
   6.8842900e+06   1.7822266e+01
   6.8846050e+06   2.6977539e+01
   6.8848290e+06   1.6601563e+01
   6.9092040e+06   3.0822754e+01
   6.9092410e+06   1.6418457e+01
   6.9093240e+06   2.2644043e+01
   6.9093930e+06   1.9287109e+01
   6.9096300e+06   1.7517090e+01
   6.9099410e+06   1.6418457e+01
   6.9326190e+06   2.0141602e+01
   6.9326390e+06   3.0151367e+01
   6.9326880e+06   2.8503418e+01
   6.9327100e+06   2.2888184e+01
   6.9327650e+06   1.8249512e+01
   6.9328590e+06   2.1484375e+01
   6.9444090e+06   3.4057617e+01
   6.9621080e+06   2.9663086e+01
   6.9621310e+06   1.6967773e+01
   6.9621590e+06   1.6174316e+01
   6.9622270e+06   2.7526855e+01
   6.9622950e+06   1.8066406e+01
   6.9623300e+06   1.8127441e+01
   6.9625430e+06   1.7944336e+01
   6.9866670e+06   2.9113770e+01
   6.9867110e+06   2.0935059e+01
   6.9867540e+06   1.8310547e+01
   6.9867670e+06   1.7944336e+01
   6.9868460e+06   1.7272949e+01
   6.9878540e+06   1.9348145e+01
   7.0010760e+06   2.1484375e+01
   7.0010920e+06   2.9724121e+01
   7.0011590e+06   1.8310547e+01
   7.0012200e+06   2.0080566e+01
   7.0012990e+06   1.7089844e+01
   7.0014600e+06   1.6296387e+01
   7.0016100e+06   1.6845703e+01
   7.0207940e+06   2.7465820e+01
   7.0208250e+06   1.7272949e+01
   7.0208450e+06   2.0690918e+01
   7.0209130e+06   2.0141602e+01
   7.0212630e+06   1.6418457e+01
   7.0318440e+06   1.8737793e+01
   7.0318710e+06   1.7578125e+01
   7.0319020e+06   1.7517090e+01
   7.0320840e+06   1.7028809e+01
   7.0590130e+06   1.6662598e+01
   7.0590390e+06   3.2165527e+01
   7.0590600e+06   1.9592285e+01
   7.0590840e+06   2.4780273e+01
   7.0591330e+06   2.5512695e+01
   7.0591480e+06   1.7578125e+01
   7.0591800e+06   2.2460938e+01
   7.0592710e+06   2.0812988e+01
   7.0593690e+06   1.6784668e+01
   7.0930430e+06   2.4719238e+01
   7.0930810e+06   1.6906738e+01
   7.0930920e+06   2.7526855e+01
   7.0931400e+06   1.8493652e+01
   7.0931540e+06   2.2766113e+01
   7.0933690e+06   2.4108887e+01
   7.0936720e+06   1.6662598e+01
   7.1235720e+06   3.3203125e+01
   7.1236160e+06   2.5390625e+01
   7.1236700e+06   2.0324707e+01
   7.1237550e+06   2.4780273e+01
   7.1241910e+06   1.6174316e+01
   7.1521510e+06   1.6845703e+01
   7.1521840e+06   2.5573730e+01
   7.1521990e+06   1.8920898e+01
   7.1522230e+06   1.7028809e+01
   7.1522670e+06   2.6672363e+01
   7.1523490e+06   2.3071289e+01
   7.1525900e+06   1.8737793e+01
   7.1816870e+06   3.1494141e+01
   7.1816990e+06   1.6235352e+01
   7.1817390e+06   2.7160645e+01
   7.1817660e+06   2.4475098e+01
   7.1817890e+06   1.7456055e+01
   7.1818660e+06   1.9042969e+01
   7.1818860e+06   2.0751953e+01
   7.1828140e+06   1.6845703e+01
   7.2102750e+06   1.6784668e+01
   7.2102880e+06   2.5024414e+01
   7.2103250e+06   3.1372070e+01
   7.2103970e+06   1.6296387e+01
   7.2104730e+06   1.7639160e+01
   7.2107070e+06   2.2338867e+01
   7.2107750e+06   1.6479492e+01
   7.2435350e+06   4.1381836e+01
   7.2435770e+06   2.7465820e+01
   7.2435920e+06   1.7883301e+01
   7.2436060e+06   1.7089844e+01
   7.2436600e+06   2.2766113e+01
   7.2437650e+06   1.6235352e+01
   7.2438530e+06   1.8676758e+01
   7.2440470e+06   1.6784668e+01
   7.2441940e+06   1.6540527e+01
   7.2749890e+06   3.5034180e+01
   7.2750150e+06   1.9409180e+01
   7.2750330e+06   1.6723633e+01
   7.2750500e+06   1.6235352e+01
   7.2750830e+06   2.6489258e+01
   7.2752060e+06   1.8127441e+01
   7.2753660e+06   1.7944336e+01
   7.3052670e+06   1.8859863e+01
   7.3053030e+06   2.0385742e+01
   7.3053200e+06   3.3203125e+01
   7.3053690e+06   3.4484863e+01
   7.3054740e+06   1.8005371e+01
   7.3309900e+06   2.4414062e+01
   7.3310150e+06   2.2399902e+01
   7.3310360e+06   1.8310547e+01
   7.3310480e+06   1.7822266e+01
   7.3310940e+06   1.7822266e+01
   7.3311040e+06   1.9653320e+01
   7.3311300e+06   1.6662598e+01
   7.3311850e+06   1.7272949e+01
   7.3314420e+06   2.2094727e+01
   7.3315520e+06   1.9165039e+01
   7.3317160e+06   2.2766113e+01
   7.3497630e+06   1.8554687e+01
   7.3497760e+06   1.9592285e+01
   7.3498320e+06   1.8005371e+01
   7.3499000e+06   1.8859863e+01
   7.3501420e+06   1.9348145e+01
   7.3503140e+06   1.7883301e+01
   7.3511690e+06   1.6662598e+01
   7.3604980e+06   2.2338867e+01
   7.3605200e+06   1.7578125e+01
   7.3605380e+06   1.9531250e+01
   7.3605550e+06   1.6113281e+01
   7.3605900e+06   2.0690918e+01
   7.3606230e+06   1.8432617e+01
   7.3606350e+06   2.1240234e+01
   7.3606650e+06   3.5949707e+01
   7.3606950e+06   2.0629883e+01
   7.3607140e+06   1.9409180e+01
   7.3607570e+06   2.1850586e+01
   7.4078390e+06   2.3437500e+01
   7.4078710e+06   1.7517090e+01
   7.4079140e+06   1.6418457e+01
   7.4079440e+06   2.2399902e+01
   7.4080050e+06   1.7883301e+01
   7.4081040e+06   1.6662598e+01
   7.4081500e+06   1.9714355e+01
   7.4081930e+06   1.6540527e+01
   7.4082610e+06   1.8676758e+01
   7.4085110e+06   1.7089844e+01
   7.4511350e+06   1.8066406e+01
   7.4511890e+06   1.7822266e+01
   7.4512190e+06   2.9296875e+01
   7.4512580e+06   1.8798828e+01
   7.4512760e+06   2.4353027e+01
   7.4512880e+06   2.2521973e+01
   7.4513170e+06   1.8066406e+01
   7.4513510e+06   2.5268555e+01
   7.4513620e+06   1.6784668e+01
   7.4515260e+06   2.5451660e+01
   7.4516470e+06   1.6235352e+01
   7.4518830e+06   1.6113281e+01
   7.4913990e+06   1.8310547e+01
   7.4914120e+06   1.9104004e+01
   7.4914350e+06   2.7282715e+01
   7.4914510e+06   1.6967773e+01
   7.4914970e+06   2.9113770e+01
   7.4915080e+06   2.0629883e+01
   7.4915570e+06   2.3193359e+01
   7.4916310e+06   1.6296387e+01
   7.4918840e+06   1.6418457e+01
   7.4919910e+06   1.6113281e+01
   7.4921270e+06   1.6052246e+01
   7.4921730e+06   1.6113281e+01
   7.5369280e+06   1.6174316e+01
   7.5369770e+06   1.6418457e+01
   7.5369920e+06   2.8991699e+01
   7.5370620e+06   3.1555176e+01
   7.5371720e+06   1.7456055e+01
   7.5373270e+06   1.7456055e+01
   7.5375050e+06   1.7578125e+01
   7.5810870e+06   2.6123047e+01
   7.5811080e+06   2.0019531e+01
   7.5811320e+06   2.5939941e+01
   7.5811520e+06   1.9592285e+01
   7.5811990e+06   1.6418457e+01
   7.5812490e+06   1.9042969e+01
   7.5815050e+06   1.7517090e+01
   7.5816300e+06   1.8371582e+01
   7.5816670e+06   1.6296387e+01
   7.5862160e+06   1.8005371e+01
   7.5878700e+06   1.8127441e+01
   7.6342160e+06   1.9348145e+01
   7.6342630e+06   5.0170898e+01
   7.6342880e+06   1.8920898e+01
   7.6343290e+06   2.1362305e+01
   7.6344350e+06   1.8066406e+01
   7.6345660e+06   1.7089844e+01
   7.6345910e+06   1.9042969e+01
   7.6398390e+06   2.3864746e+01
   7.6398690e+06   1.6784668e+01
   7.6398790e+06   1.7150879e+01
   7.6405410e+06   1.6174316e+01
   7.6547810e+06   2.5939941e+01
   7.6548270e+06   1.6723633e+01
   7.6548460e+06   1.9714355e+01
   7.6548740e+06   2.8198242e+01
   7.6548870e+06   1.9775391e+01
   7.6548970e+06   2.2766113e+01
   7.6549390e+06   2.4597168e+01
   7.6549590e+06   3.7597656e+01
   7.6550020e+06   1.6662598e+01
   7.6550430e+06   2.3498535e+01
   7.6550610e+06   1.6174316e+01
   7.6551100e+06   1.8127441e+01
   7.7318140e+06   3.0517578e+01
   7.7318660e+06   1.8371582e+01
   7.7320300e+06   1.6784668e+01
   7.7324100e+06   1.6113281e+01
   7.7324850e+06   1.8371582e+01
   7.7325910e+06   2.2399902e+01
   7.7792820e+06   2.0751953e+01
   7.7793030e+06   2.0324707e+01
   7.7793290e+06   1.9653320e+01
   7.7793430e+06   1.8798828e+01
   7.7793790e+06   2.4108887e+01
   7.7794220e+06   2.3193359e+01
   7.7795860e+06   1.8554688e+01
   7.7934790e+06   3.0029297e+01
   7.8195590e+06   2.8808594e+01
   7.8196060e+06   2.4291992e+01
   7.8196300e+06   2.0812988e+01
   7.8196460e+06   2.5634766e+01
   7.8196840e+06   1.6113281e+01
   7.8197430e+06   1.6174316e+01
   7.8432590e+06   2.1240234e+01
   7.8433520e+06   1.7333984e+01
   7.8433700e+06   2.7587891e+01
   7.8434260e+06   2.0874023e+01
   7.9043400e+06   1.7456055e+01
   7.9044770e+06   1.6967773e+01
   7.9044870e+06   1.8188477e+01
   7.9050330e+06   2.4536133e+01
   7.9054660e+06   2.2094727e+01
   7.9832790e+06   1.8249512e+01
   7.9836200e+06   1.7150879e+01
   7.9841680e+06   1.6540527e+01
   8.0035760e+06   1.6845703e+01
   8.0260460e+06   1.7333984e+01
   8.0260690e+06   2.4780273e+01
   8.0261620e+06   1.7211914e+01
   8.1071790e+06   1.6174316e+01
   8.1072050e+06   1.7333984e+01
   8.1072330e+06   3.1860352e+01
   8.1072840e+06   2.0568848e+01
   8.1076200e+06   1.6784668e+01
   8.1728690e+06   1.9042969e+01
   8.1729250e+06   1.6357422e+01
   8.1729480e+06   3.1127930e+01
   8.1732200e+06   1.8737793e+01
   8.1734160e+06   1.8005371e+01
   8.1987040e+06   2.6611328e+01
   8.1987180e+06   2.0812988e+01
   8.1987450e+06   2.1301270e+01
   8.1987860e+06   1.7700195e+01
   8.2287080e+06   2.7465820e+01
   8.2287620e+06   2.4780273e+01
   8.2287730e+06   3.6804199e+01
   8.2288070e+06   1.8493652e+01
   8.2288320e+06   2.1240234e+01
   8.2288750e+06   2.4169922e+01
   8.2289170e+06   1.9531250e+01
   8.2289310e+06   1.6845703e+01
   8.2289700e+06   1.6357422e+01
   8.2290000e+06   1.7578125e+01
   8.2290630e+06   1.6723633e+01
   8.2897250e+06   1.8127441e+01
   8.2897950e+06   2.0568848e+01
   8.2898250e+06   1.6113281e+01
   8.2901120e+06   1.8371582e+01
   8.2902090e+06   1.7456055e+01
   8.2903080e+06   2.5817871e+01
   8.2903630e+06   1.9836426e+01
   8.2903820e+06   1.6784668e+01
   8.2904170e+06   2.3254395e+01
   8.2904430e+06   1.9226074e+01
   8.2905260e+06   1.6174316e+01
   8.3701510e+06   1.7578125e+01
   8.3702970e+06   1.8920898e+01
   8.3704620e+06   1.9897461e+01
   8.3704730e+06   2.4108887e+01
   8.3705190e+06   2.7160645e+01
   8.3705710e+06   2.8259277e+01
   8.3705930e+06   3.3386230e+01
   8.3706140e+06   2.4353027e+01
   8.3706370e+06   1.7150879e+01
   8.3707260e+06   1.6052246e+01
   8.4203210e+06   1.9165039e+01
   8.4205170e+06   1.7761230e+01
   8.4206920e+06   1.6601563e+01
   8.4207570e+06   1.8127441e+01
   8.4208530e+06   1.9409180e+01
   8.4209150e+06   2.1667480e+01
   8.4209410e+06   1.6052246e+01
   8.4209640e+06   1.6723633e+01
   8.4210030e+06   3.6926270e+01
   8.4210290e+06   1.9958496e+01
   8.4210460e+06   1.7150879e+01
   8.4210660e+06   2.5268555e+01
   8.4210810e+06   2.1850586e+01
   8.4211240e+06   1.8676758e+01
   8.4212400e+06   1.8127441e+01
   8.4216690e+06   2.2460938e+01
   8.4864520e+06   1.6418457e+01
   8.4864930e+06   1.7395020e+01
   8.4865320e+06   1.7883301e+01
   8.4866060e+06   1.6967773e+01
   8.4866330e+06   1.9592285e+01
   8.4867960e+06   1.6052246e+01
   8.4869090e+06   2.3681641e+01
   8.4869190e+06   1.6174316e+01
   8.4871460e+06   1.6906738e+01
   8.5374700e+06   1.8066406e+01
   8.5375090e+06   2.3010254e+01
   8.5375490e+06   3.1982422e+01
   8.5376490e+06   2.0019531e+01
   8.5376970e+06   1.6662598e+01
   8.5377940e+06   1.7578125e+01
   8.5379030e+06   2.1911621e+01
   8.5379210e+06   1.6967773e+01
   8.5955460e+06   2.1057129e+01
   8.5955580e+06   1.9897461e+01
   8.5955890e+06   1.6479492e+01
   8.5956460e+06   2.3681641e+01
   8.5956580e+06   2.0996094e+01
   8.5957140e+06   1.8371582e+01
   8.5958240e+06   1.8188477e+01
   8.5960890e+06   1.6906738e+01
   8.6571100e+06   3.0578613e+01
   8.6571320e+06   1.9653320e+01
   8.6571680e+06   2.1667480e+01
   8.6571780e+06   2.5939941e+01
   8.6572340e+06   1.6479492e+01
   8.6575080e+06   1.7761230e+01
   8.6575240e+06   1.8310547e+01
   8.7176300e+06   2.6794434e+01
   8.7176730e+06   1.9653320e+01
   8.7177050e+06   1.9042969e+01
   8.7177350e+06   2.5268555e+01
   8.7177450e+06   2.0385742e+01
   8.7177550e+06   1.6418457e+01
   8.7177800e+06   2.8259277e+01
   8.7178040e+06   1.6235352e+01
   8.7178400e+06   2.0141602e+01
   8.7295650e+06   1.8920898e+01
   8.7295980e+06   1.6784668e+01
   8.7296330e+06   2.9174805e+01
   8.7296700e+06   1.6906738e+01
   8.7297260e+06   1.7639160e+01
   8.7297440e+06   1.7333984e+01
   8.7297790e+06   1.6540527e+01
   8.7298130e+06   2.2521973e+01
   8.7298510e+06   1.6479492e+01
   8.7299030e+06   1.8432617e+01
   8.7300000e+06   2.8625488e+01
   8.7300170e+06   1.6296387e+01
   8.7300960e+06   2.7832031e+01
   8.7301190e+06   2.6062012e+01
   8.7301960e+06   2.6611328e+01
   8.7302730e+06   2.1057129e+01
   8.7307660e+06   1.6235352e+01
   8.7661630e+06   2.3376465e+01
   8.7661770e+06   3.0761719e+01
   8.7662710e+06   2.2766113e+01
   8.7663120e+06   1.6784668e+01
   8.7664030e+06   1.6784668e+01
   8.7665390e+06   2.0629883e+01
   8.7665490e+06   1.7578125e+01
   8.7666520e+06   1.9958496e+01
   8.7667880e+06   2.0629883e+01
   8.7670460e+06   1.7150879e+01
   8.8368730e+06   1.6418457e+01
   8.8369710e+06   2.2033691e+01
   8.8369990e+06   2.3742676e+01
   8.8370450e+06   1.9348145e+01
   8.8370790e+06   2.1179199e+01
   8.8371110e+06   1.9287109e+01
   8.8371290e+06   3.1066895e+01
   8.8371440e+06   1.6540527e+01
   8.8371790e+06   2.0812988e+01
   8.8372200e+06   1.9165039e+01
   8.8372510e+06   1.7883301e+01
   8.8379250e+06   1.6113281e+01
   8.8729310e+06   1.8188477e+01
   8.8996710e+06   1.6052246e+01
   8.8997230e+06   3.0517578e+01
   8.8998210e+06   2.7343750e+01
   8.8999000e+06   2.2460937e+01
   8.8999160e+06   1.9714355e+01
   8.8999580e+06   1.8005371e+01
   8.9000190e+06   2.0935059e+01
   8.9000300e+06   2.4719238e+01
   8.9000630e+06   1.6845703e+01
   8.9484990e+06   1.7333984e+01
   8.9485230e+06   2.0690918e+01
   8.9485660e+06   2.2949219e+01
   8.9485880e+06   1.8371582e+01
   8.9486320e+06   1.6235352e+01
   8.9486490e+06   1.8432617e+01
   8.9487700e+06   1.8066406e+01
   8.9488770e+06   1.9653320e+01
   8.9492470e+06   1.8920898e+01
   8.9983500e+06   1.6662598e+01
   8.9984290e+06   1.7028809e+01
   8.9984530e+06   1.6235352e+01
   8.9985550e+06   1.6113281e+01
   8.9985880e+06   1.7700195e+01
   8.9986770e+06   2.5573730e+01
   8.9987890e+06   1.6784668e+01
   8.9989450e+06   1.7822266e+01
   9.0209890e+06   1.8310547e+01
   9.0211490e+06   2.4291992e+01
   9.0212130e+06   1.7456055e+01
   9.0212890e+06   1.6479492e+01
   9.0579420e+06   1.6479492e+01
   9.0579710e+06   2.1484375e+01
   9.0579950e+06   2.6428223e+01
   9.0580070e+06   1.6845703e+01
   9.0580510e+06   1.9470215e+01
   9.0581050e+06   2.0507813e+01
   9.0581530e+06   2.6855469e+01
   9.0581990e+06   2.1789551e+01
   9.0585000e+06   1.6784668e+01
   9.0588100e+06   1.8127441e+01
   9.1064750e+06   3.8269043e+01
   9.1064860e+06   1.7333984e+01
   9.1065380e+06   2.1240234e+01
   9.1065520e+06   1.7089844e+01
   9.1065840e+06   2.8137207e+01
   9.1066440e+06   2.2460938e+01
   9.1066720e+06   2.2827148e+01
   9.1067300e+06   1.8249512e+01
   9.1068270e+06   1.6723633e+01
   9.1280660e+06   1.7333984e+01
   9.1281060e+06   2.3071289e+01
   9.1281250e+06   2.5390625e+01
   9.1281670e+06   3.1982422e+01
   9.1282370e+06   2.2399902e+01
   9.1283260e+06   2.8381348e+01
   9.1788210e+06   2.6062012e+01
   9.1788630e+06   3.0029297e+01
   9.1788810e+06   2.2155762e+01
   9.1789010e+06   2.0690918e+01
   9.1789580e+06   1.8676758e+01
   9.1790200e+06   1.7761230e+01
   9.1791240e+06   2.3559570e+01
   9.2192040e+06   2.5329590e+01
   9.2192420e+06   3.7231445e+01
   9.2192980e+06   2.5878906e+01
   9.2193210e+06   1.7944336e+01
   9.2193680e+06   2.0263672e+01
   9.2193810e+06   1.7822266e+01
   9.2194540e+06   1.8737793e+01
   9.2196700e+06   1.6906738e+01
   9.2483650e+06   3.2775879e+01
   9.2484010e+06   2.6367188e+01
   9.2484990e+06   2.3010254e+01
   9.2485630e+06   2.1057129e+01
   9.2486630e+06   1.8737793e+01
   9.2487380e+06   1.9714355e+01
   9.2496800e+06   1.8127441e+01
   9.2547730e+06   2.3315430e+01
   9.2556730e+06   1.8066406e+01
   9.2584780e+06   1.9165039e+01
   9.2585060e+06   1.7272949e+01
   9.2585300e+06   2.1606445e+01
   9.2585580e+06   2.5024414e+01
   9.2586100e+06   2.1118164e+01
   9.2589230e+06   1.8066406e+01
   9.2591250e+06   1.9165039e+01
   9.2596520e+06   2.6367188e+01
   9.2601590e+06   1.8798828e+01
   9.3480010e+06   2.5756836e+01
   9.3480220e+06   2.1667480e+01
   9.3480540e+06   2.6245117e+01
   9.3481040e+06   1.9287109e+01
   9.3481500e+06   2.3254395e+01
   9.3481890e+06   1.8859863e+01
   9.3482600e+06   1.8554688e+01
   9.3482940e+06   1.7517090e+01
   9.3484410e+06   2.0263672e+01
   9.3486020e+06   1.7333984e+01
   9.3490060e+06   2.5817871e+01
   9.3500190e+06   1.8188477e+01
   9.3505820e+06   1.8676758e+01
   9.3506120e+06   1.6662598e+01
   9.3510920e+06   1.8066406e+01
   9.3536780e+06   1.9226074e+01
   9.3544480e+06   1.6967773e+01
   9.3561540e+06   1.6906738e+01
   9.3572180e+06   1.9104004e+01
   9.3585740e+06   1.8066406e+01
   9.3585880e+06   2.8259277e+01
   9.3586220e+06   1.8920898e+01
   9.3989060e+06   2.5695801e+01
   9.3989260e+06   1.9897461e+01
   9.3989580e+06   3.2775879e+01
   9.3990060e+06   1.8676758e+01
   9.3990470e+06   2.4536133e+01
   9.3990610e+06   1.6906738e+01
   9.3991150e+06   1.8615723e+01
   9.3991880e+06   1.7150879e+01
   9.3992260e+06   1.7089844e+01
   9.3993980e+06   2.7221680e+01
   9.4018240e+06   2.0080566e+01
   9.4061910e+06   1.6967773e+01
   9.4076600e+06   1.9042969e+01
   9.4198570e+06   2.9174805e+01
   9.4198820e+06   2.5695801e+01
   9.4198980e+06   2.5146484e+01
   9.4199780e+06   1.7333984e+01
   9.4199940e+06   1.9897461e+01
   9.4201250e+06   2.5451660e+01
   9.4202310e+06   1.6845703e+01
   9.4202560e+06   1.6723633e+01
   9.4207780e+06   1.6784668e+01
   9.4254280e+06   1.7639160e+01
   9.4254930e+06   1.8066406e+01
   9.4430320e+06   1.6540527e+01
   9.4430660e+06   3.3569336e+01
   9.4430850e+06   1.8554688e+01
   9.4431160e+06   2.7526855e+01
   9.4431720e+06   1.6662598e+01
   9.4432250e+06   2.0202637e+01
   9.4432950e+06   1.7333984e+01
   9.4433700e+06   2.2033691e+01
   9.4436220e+06   1.7272949e+01
   9.4439470e+06   1.7395020e+01
   9.4441630e+06   1.6601563e+01
   9.4446930e+06   1.7395020e+01
   9.4474290e+06   1.6540527e+01
   9.4483860e+06   1.8432617e+01
   9.4491760e+06   1.9287109e+01
   9.4678600e+06   4.0100098e+01
   9.4679030e+06   2.2033691e+01
   9.4679160e+06   1.7700195e+01
   9.4679510e+06   2.3010254e+01
   9.4680080e+06   1.7578125e+01
   9.4681010e+06   1.7333984e+01
   9.4682130e+06   2.4475098e+01
   9.4685350e+06   1.8493652e+01
   9.4850350e+06   1.7211914e+01
   9.4850620e+06   3.1921387e+01
   9.4850730e+06   1.6906738e+01
   9.4851010e+06   1.8859863e+01
   9.4851200e+06   2.1667480e+01
   9.4852220e+06   1.6479492e+01
   9.4853900e+06   1.7944336e+01
   9.4855300e+06   2.5451660e+01
   9.4856540e+06   1.7272949e+01
   9.4859380e+06   1.7883301e+01
   9.4859870e+06   1.7517090e+01
   9.4864460e+06   1.9348145e+01
   9.5215300e+06   2.4291992e+01
   9.5215710e+06   2.8259277e+01
   9.5215890e+06   1.9470215e+01
   9.5216270e+06   2.4475098e+01
   9.5216420e+06   2.2705078e+01
   9.5216620e+06   1.8798828e+01
   9.5216840e+06   1.7639160e+01
   9.5217030e+06   1.9836426e+01
   9.5218620e+06   1.7211914e+01
   9.5220880e+06   1.7395020e+01
   9.5228490e+06   1.7211914e+01
   9.5364470e+06   2.2827148e+01
   9.5365760e+06   2.2155762e+01
   9.5368170e+06   1.6662598e+01
   9.5369670e+06   1.8432617e+01
   9.5374600e+06   1.6906738e+01
   9.5561090e+06   1.9226074e+01
   9.5561300e+06   3.3630371e+01
   9.5561870e+06   2.5817871e+01
   9.5562360e+06   2.4230957e+01
   9.5562710e+06   1.6967773e+01
   9.5563180e+06   1.8249512e+01
   9.5563770e+06   1.6906738e+01
   9.5603960e+06   1.8127441e+01
   9.5904060e+06   2.7221680e+01
   9.5904500e+06   3.2287598e+01
   9.5905130e+06   2.1057129e+01
   9.5905440e+06   1.7761230e+01
   9.5905970e+06   2.2094727e+01
   9.5908750e+06   1.6662598e+01
   9.5910890e+06   1.6540527e+01
   9.5913600e+06   1.8310547e+01
   9.5942360e+06   1.7578125e+01
   9.5998280e+06   1.7028809e+01
   9.6300690e+06   1.7578125e+01
   9.6301220e+06   2.1118164e+01
   9.6301790e+06   2.4719238e+01
   9.6301940e+06   1.9409180e+01
   9.6302570e+06   1.7761230e+01
   9.6303090e+06   2.3803711e+01
   9.6304090e+06   1.7028809e+01
   9.6527940e+06   1.6662598e+01
   9.6528280e+06   2.0324707e+01
   9.6528510e+06   2.5695801e+01
   9.6528980e+06   1.8005371e+01
   9.6530640e+06   1.6601563e+01
   9.6534150e+06   1.7211914e+01
   9.6540140e+06   1.6906738e+01
   9.6583490e+06   1.6601563e+01
   9.6720670e+06   3.2287598e+01
   9.6721010e+06   2.2399902e+01
   9.6721560e+06   1.6540527e+01
   9.6721900e+06   2.5512695e+01
   9.6722260e+06   1.7700195e+01
   9.6722720e+06   1.7272949e+01
   9.6724220e+06   1.7883301e+01
   9.6728230e+06   1.7211914e+01
   9.7201450e+06   2.0324707e+01
   9.7201990e+06   2.4658203e+01
   9.7202460e+06   1.7517090e+01
   9.7202870e+06   1.6906738e+01
   9.7203200e+06   1.8066406e+01
   9.7204030e+06   1.9775391e+01
   9.7205840e+06   2.1972656e+01
   9.7312020e+06   3.9794922e+01
   9.7312180e+06   1.7517090e+01
   9.7314920e+06   1.9165039e+01
   9.7319080e+06   1.7822266e+01
   9.7320970e+06   1.8310547e+01
   9.7708810e+06   2.6428223e+01
   9.7709190e+06   2.0141602e+01
   9.7710080e+06   1.9409180e+01
   9.7710650e+06   2.2888184e+01
   9.7712970e+06   1.9531250e+01
   9.7761530e+06   1.9165039e+01
   9.7867060e+06   1.8798828e+01
   9.7867340e+06   3.1066895e+01
   9.7867530e+06   1.9653320e+01
   9.7867890e+06   2.4353027e+01
   9.7868430e+06   2.3986816e+01
   9.7869690e+06   2.3925781e+01
   9.7876800e+06   1.6906738e+01
   9.9040920e+06   1.9714355e+01
   9.9041570e+06   3.3874512e+01
   9.9042080e+06   1.9470215e+01
   9.9042730e+06   2.5939941e+01
   9.9043610e+06   2.1240234e+01
   9.9045090e+06   1.7089844e+01
   9.9516130e+06   2.7770996e+01
   9.9516300e+06   2.3925781e+01
   9.9516870e+06   2.3742676e+01
   9.9517030e+06   1.9714355e+01
   9.9517510e+06   2.0446777e+01
   9.9517790e+06   1.7211914e+01
   9.9519260e+06   2.1240234e+01
   9.9521800e+06   1.9165039e+01
   9.9523610e+06   1.7883301e+01
   9.9523830e+06   1.8737793e+01
   9.9531170e+06   1.7272949e+01
   9.9541590e+06   1.8371582e+01
   9.9575130e+06   2.1606445e+01
   9.9575270e+06   2.8381348e+01
   9.9575900e+06   2.2033691e+01
   9.9576610e+06   1.6601563e+01
   9.9578150e+06   1.6601563e+01
   9.9579370e+06   1.8676758e+01
   9.9589860e+06   1.9592285e+01
   1.0065267e+07   2.0385742e+01
   1.0065293e+07   1.8432617e+01
   1.0065308e+07   3.2226563e+01
   1.0065348e+07   1.9226074e+01
   1.0065365e+07   1.6662598e+01
   1.0065387e+07   2.6123047e+01
   1.0065451e+07   1.8188477e+01
   1.0065488e+07   1.7028809e+01
   1.0065860e+07   1.9714355e+01
   1.0065932e+07   1.9470215e+01
   1.0073446e+07   2.8991699e+01
   1.0073471e+07   1.8615723e+01
   1.0073484e+07   2.6794434e+01
   1.0073501e+07   1.6540527e+01
   1.0073528e+07   2.0263672e+01
   1.0083536e+07   3.5644531e+01
   1.0083571e+07   2.1057129e+01
   1.0083671e+07   1.7395020e+01
   1.0083749e+07   1.6845703e+01
   1.0107513e+07   3.1799316e+01
   1.0107555e+07   2.5207520e+01
   1.0107568e+07   1.6845703e+01
   1.0107602e+07   1.8432617e+01
   1.0107628e+07   1.6723633e+01
   1.0108094e+07   2.0263672e+01
   1.0108139e+07   2.0751953e+01
   1.0276291e+07   1.6479492e+01
   1.0276376e+07   1.8066406e+01
   1.0276423e+07   1.7272949e+01
   1.0276784e+07   1.7089844e+01
   1.0298908e+07   3.1860352e+01
   1.0298961e+07   1.6784668e+01
   1.0299008e+07   1.7944336e+01
   1.0299040e+07   2.1667480e+01
   1.0300322e+07   1.7333984e+01
   1.0300453e+07   1.9348145e+01
   1.0300593e+07   1.7395020e+01
   1.0301175e+07   1.7639160e+01
   1.0304481e+07   1.7517090e+01
   1.0345412e+07   1.6662598e+01
   1.0383446e+07   2.6794434e+01
   1.0383528e+07   2.8015137e+01
   1.0383644e+07   1.7578125e+01
   1.0384159e+07   1.6662598e+01
   1.0384395e+07   2.3803711e+01
   1.0387366e+07   1.9287109e+01
   1.0388158e+07   1.6845703e+01
   1.0389456e+07   1.9592285e+01
   1.0455952e+07   2.0385742e+01
   1.0455997e+07   2.4169922e+01
   1.0456085e+07   3.5705566e+01
   1.0456141e+07   1.9042969e+01
   1.0456190e+07   1.7944336e+01
   1.0456838e+07   2.3681641e+01
   1.0456897e+07   1.8432617e+01
   1.0458561e+07   2.1545410e+01
   1.0673529e+07   2.0263672e+01
   1.0673561e+07   1.8676758e+01
   1.0673594e+07   2.2338867e+01
   1.0673622e+07   1.9409180e+01
   1.0673859e+07   1.6723633e+01
   1.0673904e+07   1.6967773e+01
   1.0674046e+07   3.2043457e+01
   1.0674066e+07   3.6132813e+01
   1.0674091e+07   2.6306152e+01
   1.0674113e+07   2.1606445e+01
   1.0674144e+07   2.0996094e+01
   1.0674179e+07   2.6672363e+01
   1.0674190e+07   2.5085449e+01
   1.0674240e+07   2.7526855e+01
   1.0674655e+07   1.7456055e+01
   1.0683520e+07   1.8859863e+01
   1.0683550e+07   1.8066406e+01
   1.0683586e+07   2.6611328e+01
   1.0683620e+07   2.4719238e+01
   1.0683648e+07   4.4189453e+01
   1.0683715e+07   2.2888184e+01
   1.0683740e+07   2.0812988e+01
   1.0683778e+07   2.4475098e+01
   1.0683805e+07   1.7944336e+01
   1.0683912e+07   1.7028809e+01
   1.0684075e+07   1.6479492e+01
   1.0885826e+07   2.7648926e+01
   1.0885849e+07   1.8859863e+01
   1.0886143e+07   1.7700195e+01
   1.0886159e+07   2.4658203e+01
   1.0886200e+07   2.8503418e+01
   1.0886216e+07   3.1860352e+01
   1.0886238e+07   2.0385742e+01
   1.0886257e+07   1.6540527e+01
   1.0886304e+07   1.7944336e+01
   1.0886344e+07   1.7944336e+01
   1.0907853e+07   2.3498535e+01
   1.0907913e+07   4.2907715e+01
   1.0907965e+07   2.2216797e+01
   1.0907977e+07   2.2033691e+01
   1.0908085e+07   2.0263672e+01
   1.0908105e+07   2.2155762e+01
   1.0908157e+07   1.8127441e+01
   1.0908289e+07   1.8005371e+01
   1.0908350e+07   1.7211914e+01
   1.0908390e+07   2.3925781e+01
   1.0908407e+07   3.9306641e+01
   1.0908435e+07   1.6540527e+01
   1.0908449e+07   1.7639160e+01
   1.0908463e+07   1.8310547e+01
   1.0908523e+07   1.7028809e+01
   1.0908549e+07   1.7883301e+01
   1.1033970e+07   1.7761230e+01
   1.1033986e+07   2.3010254e+01
   1.1034029e+07   2.7954102e+01
   1.1034180e+07   1.8981934e+01
   1.1034218e+07   1.8676758e+01
   1.1034317e+07   2.0141602e+01
   1.1034365e+07   3.0456543e+01
   1.1034376e+07   1.6967773e+01
   1.1034387e+07   2.7832031e+01
   1.1034419e+07   1.8798828e+01
   1.1034443e+07   3.2287598e+01
   1.1034463e+07   1.7211914e+01
   1.1034497e+07   1.7211914e+01
   1.1034525e+07   1.7517090e+01
   1.1034565e+07   1.8676758e+01
   1.1034612e+07   1.7272949e+01
   1.1055392e+07   1.7272949e+01
   1.1055424e+07   3.9916992e+01
   1.1055463e+07   2.9174805e+01
   1.1055517e+07   2.0263672e+01
   1.1055531e+07   1.9165039e+01
   1.1055554e+07   1.7333984e+01
   1.1055570e+07   2.1728516e+01
   1.1055656e+07   1.9592285e+01
   1.1055716e+07   1.7517090e+01
   1.1055742e+07   2.0446777e+01
   1.1055775e+07   2.0385742e+01
   1.1055813e+07   3.1921387e+01
   1.1055841e+07   2.3986816e+01
   1.1055901e+07   3.5461426e+01
   1.1055960e+07   1.8737793e+01
   1.1055985e+07   2.3620605e+01
   1.1056001e+07   2.0874023e+01
   1.1056076e+07   2.3254395e+01
   1.1056186e+07   1.8676758e+01
   1.1203495e+07   1.9775391e+01
   1.1203564e+07   3.3508301e+01
   1.1203632e+07   1.7639160e+01
   1.1203661e+07   1.7211914e+01
   1.1203718e+07   1.8066406e+01
   1.1203732e+07   1.6540527e+01
   1.1203799e+07   1.9226074e+01
   1.1203837e+07   3.7475586e+01
   1.1203853e+07   1.8249512e+01
   1.1203900e+07   3.7963867e+01
   1.1203930e+07   2.2644043e+01
   1.1203950e+07   2.3559570e+01
   1.1203992e+07   1.8249512e+01
   1.1204002e+07   1.7578125e+01
   1.1204199e+07   1.8554688e+01
   1.1218366e+07   2.1545410e+01
   1.1218378e+07   2.8747559e+01
   1.1218416e+07   2.1667480e+01
   1.1218447e+07   1.7150879e+01
   1.1218465e+07   1.6601563e+01
   1.1218509e+07   1.7333984e+01
   1.1218570e+07   1.9165039e+01
   1.1218592e+07   2.0935059e+01
   1.1218642e+07   2.5573730e+01
   1.1218686e+07   1.9470215e+01
   1.1218767e+07   3.9733887e+01
   1.1218791e+07   1.6784668e+01
   1.1218842e+07   2.3132324e+01
   1.1218857e+07   1.9104004e+01
   1.1218918e+07   2.6916504e+01
   1.1218955e+07   1.7700195e+01
   1.1218985e+07   2.1057129e+01
   1.1219060e+07   1.6540527e+01
   1.1399720e+07   2.2277832e+01
   1.1399762e+07   2.8259277e+01
   1.1399798e+07   3.6071777e+01
   1.1399850e+07   2.7709961e+01
   1.1399878e+07   1.8737793e+01
   1.1399897e+07   1.9470215e+01
   1.1399919e+07   2.1179199e+01
   1.1410932e+07   1.7883301e+01
   1.1410952e+07   3.5278320e+01
   1.1410992e+07   2.5634766e+01
   1.1411034e+07   2.1850586e+01
   1.1411066e+07   1.7272949e+01
   1.1411098e+07   1.9165039e+01
   1.1411159e+07   2.1911621e+01
   1.1411218e+07   2.9541016e+01
   1.1411254e+07   1.8981934e+01
   1.1411290e+07   1.6784668e+01
   1.1411356e+07   1.7517090e+01
   1.1422728e+07   2.0629883e+01
   1.1422764e+07   2.2155762e+01
   1.1422778e+07   1.6479492e+01
   1.1422799e+07   1.6479492e+01
   1.1422882e+07   1.6540527e+01
   1.1422921e+07   2.3132324e+01
   1.1423000e+07   2.0629883e+01
   1.1423101e+07   1.8859863e+01
   1.1423178e+07   2.3925781e+01
   1.1423188e+07   1.7761230e+01
   1.1423231e+07   1.8615723e+01
   1.1423292e+07   2.0507813e+01
   1.1423316e+07   1.6784668e+01
   1.1423349e+07   1.7639160e+01
   1.1423379e+07   1.7089844e+01
   1.1537843e+07   2.7709961e+01
   1.1537878e+07   1.9104004e+01
   1.1537897e+07   1.7456055e+01
   1.1537922e+07   2.6733398e+01
   1.1537945e+07   2.4353027e+01
   1.1537978e+07   1.8615723e+01
   1.1537993e+07   1.6906738e+01
   1.1538045e+07   1.7028809e+01
   1.1538055e+07   3.0883789e+01
   1.1552481e+07   1.7456055e+01
   1.1552497e+07   2.7404785e+01
   1.1552533e+07   1.8432617e+01
   1.1552546e+07   3.4362793e+01
   1.1552563e+07   2.1301270e+01
   1.1552604e+07   3.2958984e+01
   1.1552646e+07   1.7089844e+01
   1.1552668e+07   1.7883301e+01
   1.1552707e+07   1.7578125e+01
   1.1552733e+07   1.7150879e+01
   1.1552764e+07   2.3986816e+01
   1.1552778e+07   1.7456055e+01
   1.1552839e+07   1.7639160e+01
   1.1552858e+07   2.0996094e+01
   1.1552893e+07   2.3132324e+01
   1.1552907e+07   1.7883301e+01
   1.1552921e+07   2.8442383e+01
   1.1552986e+07   1.7578125e+01
   1.1553057e+07   1.9775391e+01
   1.1553112e+07   1.6906738e+01
   1.1627837e+07   2.3193359e+01
   1.1627874e+07   2.1240234e+01
   1.1627891e+07   2.2399902e+01
   1.1627933e+07   1.7883301e+01
   1.1627955e+07   1.7639160e+01
   1.1627986e+07   2.0385742e+01
   1.1628001e+07   1.9775391e+01
   1.1628028e+07   2.4963379e+01
   1.1628050e+07   1.7578125e+01
   1.1628070e+07   2.3681641e+01
   1.1628145e+07   3.8818359e+01
   1.1628222e+07   2.7404785e+01
   1.1628251e+07   1.8005371e+01
   1.1628313e+07   1.7272949e+01
   1.1671174e+07   3.6560059e+01
   1.1671201e+07   1.6784668e+01
   1.1671214e+07   1.8371582e+01
   1.1671230e+07   1.6784668e+01
   1.1671280e+07   2.2705078e+01
   1.1671308e+07   1.9531250e+01
   1.1671462e+07   1.7761230e+01
   1.1671509e+07   3.1555176e+01
   1.1671584e+07   2.4658203e+01
   1.1723954e+07   2.7770996e+01
   1.1724005e+07   2.8686523e+01
   1.1724045e+07   2.5573730e+01
   1.1724091e+07   2.0324707e+01
   1.1724103e+07   1.8737793e+01
   1.1724159e+07   2.0996094e+01
   1.1724278e+07   1.8981934e+01
   1.1724361e+07   2.0935059e+01
   1.1724463e+07   2.4536133e+01
   1.1757272e+07   2.7282715e+01
   1.1757330e+07   1.6479492e+01
   1.1757343e+07   2.1545410e+01
   1.1757451e+07   2.0935059e+01
   1.1757543e+07   1.9592285e+01
   1.1757761e+07   2.6184082e+01
   1.1827542e+07   2.4169922e+01
   1.1827555e+07   1.9470215e+01
   1.1827580e+07   2.5390625e+01
   1.1827601e+07   1.6784668e+01
   1.1827621e+07   1.8676758e+01
   1.1827666e+07   2.1911621e+01
   1.1827698e+07   1.7456055e+01
   1.1827709e+07   2.2277832e+01
   1.1827731e+07   3.2104492e+01
   1.1827778e+07   2.4841309e+01
   1.1827821e+07   1.8554688e+01
   1.1828053e+07   1.6662598e+01
   1.1828208e+07   1.6784668e+01
   1.1843411e+07   1.6601563e+01
   1.1843434e+07   2.5817871e+01
   1.1843451e+07   2.2399902e+01
   1.1843466e+07   2.5695801e+01
   1.1843518e+07   1.8554688e+01
   1.1843541e+07   4.1625977e+01
   1.1843556e+07   2.0812988e+01
   1.1843617e+07   1.8310547e+01
   1.1843645e+07   2.1606445e+01
   1.1843827e+07   1.9775391e+01
   1.1843899e+07   1.7822266e+01
   1.1844036e+07   1.7517090e+01
   1.1903389e+07   1.7822266e+01
   1.1903408e+07   1.9653320e+01
   1.1903432e+07   2.0141602e+01
   1.1903497e+07   1.9470215e+01
   1.1903529e+07   2.1911621e+01
   1.1903653e+07   1.7456055e+01
   1.1903723e+07   1.7517090e+01
   1.1932880e+07   2.1850586e+01
   1.1932910e+07   2.5268555e+01
   1.1932950e+07   2.4108887e+01
   1.1933007e+07   1.6601563e+01
   1.1933183e+07   1.9775391e+01
   1.1933200e+07   2.0629883e+01
   1.1933480e+07   2.8747559e+01
   1.1933566e+07   1.6845703e+01
   1.1933979e+07   2.0385742e+01
   1.1936457e+07   2.5207520e+01
   1.1937270e+07   1.8737793e+01
   1.1939759e+07   1.8310547e+01
   1.1940688e+07   2.0446777e+01
   1.1941765e+07   2.3803711e+01
   1.1941818e+07   2.6916504e+01
   1.1941836e+07   1.8981934e+01
   1.1942662e+07   2.0690918e+01
   1.1942675e+07   1.6479492e+01
   1.1943335e+07   1.8493652e+01
   1.1947604e+07   2.9663086e+01
   1.1947694e+07   1.7333984e+01
   1.1947962e+07   1.8737793e+01
   1.1948245e+07   1.7700195e+01
   1.1948819e+07   2.0996094e+01
