   1.1999000e+07   0.0000000e+00
   2.9389900e+05   2.4169922e+01
   1.2262010e+06   2.4902344e+01
   1.3288130e+06   2.7160645e+01
   1.3619580e+06   2.7893066e+01
   1.4281180e+06   2.5634766e+01
   1.4788410e+06   2.8015137e+01
   3.8443420e+06   2.4597168e+01
   3.8890550e+06   2.8991699e+01
   3.9260140e+06   2.5268555e+01
   3.9438550e+06   2.5329590e+01
   3.9439120e+06   2.5878906e+01
   3.9659250e+06   2.4108887e+01
   7.1170220e+06   2.5573730e+01
   7.1171260e+06   2.9052734e+01
   7.2184490e+06   2.4169922e+01
   9.3877880e+06   2.9357910e+01
   9.4600360e+06   2.8259277e+01
   9.5676750e+06   2.5939941e+01
   1.1255934e+07   2.8564453e+01
