   1.1999000e+07   0.0000000e+00
   1.1669550e+06   2.7526855e+01
   1.1669800e+06   2.5329590e+01
   1.1673520e+06   2.6672363e+01
   1.1683000e+06   2.4780273e+01
   1.1693150e+06   2.7526855e+01
   1.1810580e+06   2.4353027e+01
   1.1944640e+06   2.9296875e+01
   1.2264760e+06   2.4291992e+01
   1.2525490e+06   2.6611328e+01
   1.2963250e+06   2.5329590e+01
   1.3296390e+06   2.7160645e+01
   1.3298610e+06   2.8076172e+01
   1.3305630e+06   2.4902344e+01
   1.3622160e+06   2.6794434e+01
   1.3624100e+06   2.6611328e+01
   1.3625940e+06   2.6611328e+01
   1.3632040e+06   2.7343750e+01
   1.3957360e+06   2.4291992e+01
   1.4286980e+06   2.6977539e+01
   1.4459730e+06   2.6367188e+01
   3.7021960e+06   2.4597168e+01
   3.7022340e+06   2.4353027e+01
   3.7024960e+06   2.5146484e+01
   3.8446960e+06   2.4536133e+01
   3.8893590e+06   2.5695801e+01
   3.9846250e+06   2.7282715e+01
   7.1170770e+06   2.9052734e+01
   7.1290680e+06   2.5695801e+01
   7.1294420e+06   2.4353027e+01
   7.1418980e+06   2.6306152e+01
   7.1816320e+06   2.5268555e+01
   7.1817230e+06   2.4536133e+01
   7.2354110e+06   2.7038574e+01
   7.2491570e+06   2.5817871e+01
   7.2493780e+06   2.5756836e+01
   7.2649390e+06   2.6306152e+01
   7.3177200e+06   2.4780273e+01
   7.3651580e+06   3.0578613e+01
   7.3659930e+06   2.4902344e+01
   7.3662590e+06   2.5085449e+01
   7.3864350e+06   2.4230957e+01
   9.3610530e+06   2.4963379e+01
   9.3610810e+06   2.4291992e+01
   9.3613780e+06   2.7648926e+01
   9.3617390e+06   2.5390625e+01
   9.3727750e+06   2.6794434e+01
   9.4600570e+06   2.4291992e+01
   9.5421410e+06   2.5817871e+01
   9.5422930e+06   2.5085449e+01
   9.5675320e+06   2.4230957e+01
   9.5681650e+06   2.6550293e+01
   9.5895730e+06   2.6184082e+01
   1.1255757e+07   2.5817871e+01
   1.1255850e+07   2.7770996e+01
   1.1268032e+07   2.6672363e+01
