   1.1999000e+07   0.0000000e+00
   1.1667970e+06   2.4963379e+01
   1.1669190e+06   2.5085449e+01
   1.1806530e+06   3.2348633e+01
   1.1807160e+06   3.1555176e+01
   1.1944040e+06   3.1677246e+01
   1.1945600e+06   2.8625488e+01
   1.1946440e+06   2.6062012e+01
   1.1958450e+06   2.6550293e+01
   1.2259830e+06   3.6071777e+01
   1.2261010e+06   3.9550781e+01
   1.2262050e+06   3.0456543e+01
   1.2520380e+06   2.7160645e+01
   1.2521380e+06   2.7587891e+01
   1.2521920e+06   3.0273438e+01
   1.2963660e+06   2.8198242e+01
   1.2964720e+06   2.6977539e+01
   1.2965210e+06   2.9357910e+01
   1.3285760e+06   2.8137207e+01
   1.3286820e+06   2.5329590e+01
   1.3287640e+06   2.6306152e+01
   1.3617410e+06   2.7465820e+01
   1.3618220e+06   2.5207520e+01
   1.3951600e+06   3.1066895e+01
   1.3952340e+06   2.7282715e+01
   1.3952790e+06   3.0944824e+01
   1.3953140e+06   2.5451660e+01
   1.4279630e+06   3.0700684e+01
   1.4280300e+06   2.5268555e+01
   1.4281760e+06   2.8381348e+01
   1.4454320e+06   3.1005859e+01
   1.4455450e+06   3.4790039e+01
   1.4456140e+06   2.5268555e+01
   1.4456970e+06   2.5268555e+01
   1.4457770e+06   2.6245117e+01
   1.4783740e+06   2.7770996e+01
   1.4785510e+06   3.0822754e+01
   1.4786580e+06   2.8015137e+01
   1.4787580e+06   2.5390625e+01
   1.4788220e+06   2.5329590e+01
   1.5100770e+06   2.8625488e+01
   1.5101770e+06   2.5756836e+01
   1.5102850e+06   2.5024414e+01
   1.5369040e+06   2.9541016e+01
   1.9571810e+06   2.5085449e+01
   3.7021460e+06   4.3029785e+01
   3.7021940e+06   2.6245117e+01
   3.7022310e+06   3.0517578e+01
   3.7022660e+06   2.5085449e+01
   3.7023520e+06   2.5268555e+01
   3.7145730e+06   4.4250488e+01
   3.7146280e+06   2.7709961e+01
   3.7276630e+06   2.9296875e+01
   3.7277790e+06   2.6916504e+01
   3.7278240e+06   2.7465820e+01
   3.7962580e+06   2.5024414e+01
   3.7963920e+06   2.5024414e+01
   3.8442210e+06   2.8869629e+01
   3.8444530e+06   2.9235840e+01
   3.8888960e+06   3.0334473e+01
   3.8889610e+06   2.4963379e+01
   3.8890530e+06   2.6611328e+01
   3.9259070e+06   2.8747559e+01
   3.9259680e+06   3.3081055e+01
   3.9260040e+06   2.5085449e+01
   3.9260620e+06   2.6916504e+01
   3.9437130e+06   3.2104492e+01
   3.9437600e+06   2.6367188e+01
   3.9656430e+06   2.8625488e+01
   3.9657840e+06   2.5146484e+01
   3.9841530e+06   2.8381348e+01
   3.9842360e+06   3.1311035e+01
   3.9842650e+06   2.4841309e+01
   3.9843080e+06   3.0334473e+01
   3.9843480e+06   2.5390625e+01
   4.0048540e+06   2.6184082e+01
   4.0050540e+06   2.8747559e+01
   4.0051320e+06   3.3264160e+01
   4.0052300e+06   2.9235840e+01
   4.0053820e+06   2.7893066e+01
   4.0253420e+06   2.8137207e+01
   4.0255930e+06   3.0517578e+01
   4.0442410e+06   4.0771484e+01
   4.0594570e+06   2.9296875e+01
   7.1169610e+06   3.2836914e+01
   7.1170180e+06   3.0578613e+01
   7.1282450e+06   3.2775879e+01
   7.1282820e+06   2.7160645e+01
   7.1402990e+06   2.6245117e+01
   7.1403810e+06   2.5146484e+01
   7.1404280e+06   2.6550293e+01
   7.1577570e+06   2.8991699e+01
   7.1578010e+06   2.4841309e+01
   7.1578270e+06   2.4963379e+01
   7.1579310e+06   2.9113770e+01
   7.1812840e+06   2.8747559e+01
   7.1813570e+06   2.8076172e+01
   7.2183490e+06   2.7587891e+01
   7.2183830e+06   2.7893066e+01
   7.2184120e+06   2.4780273e+01
   7.2353550e+06   2.9052734e+01
   7.2353990e+06   2.5451660e+01
   7.2483080e+06   2.8442383e+01
   7.2484110e+06   2.5268555e+01
   7.2649130e+06   3.3935547e+01
   7.2649490e+06   2.4658203e+01
   7.3167620e+06   2.7832031e+01
   7.3506320e+06   3.4729004e+01
   7.3651250e+06   3.5156250e+01
   7.3651830e+06   2.5146484e+01
   7.3653690e+06   2.9663086e+01
   7.3858580e+06   2.6855469e+01
   7.3859350e+06   2.5451660e+01
   7.3859940e+06   2.4841309e+01
   7.3860280e+06   2.4902344e+01
   7.3860520e+06   2.6062012e+01
   7.4036970e+06   2.5146484e+01
   7.4038740e+06   2.5817871e+01
   7.4040320e+06   2.6123047e+01
   7.4384790e+06   2.6977539e+01
   7.4578970e+06   2.6916504e+01
   9.3610090e+06   2.9541016e+01
   9.3610250e+06   2.7587891e+01
   9.3717680e+06   3.3691406e+01
   9.3719970e+06   2.6428223e+01
   9.4599230e+06   4.2663574e+01
   9.4869930e+06   2.4780273e+01
   9.5228560e+06   2.9296875e+01
   9.5229770e+06   2.7770996e+01
   9.5421600e+06   2.9541016e+01
   9.5422010e+06   2.5024414e+01
   9.5422570e+06   2.5146484e+01
   9.5675140e+06   2.5146484e+01
   9.5675690e+06   2.8686523e+01
   9.5676530e+06   2.5512695e+01
   9.5676980e+06   2.7526855e+01
   9.5891960e+06   3.0334473e+01
   9.5892290e+06   2.5695801e+01
   9.9841240e+06   2.5390625e+01
   1.1255803e+07   2.6794434e+01
   1.1255847e+07   2.8442383e+01
   1.1255884e+07   3.0212402e+01
   1.1255918e+07   3.3142090e+01
   1.1268059e+07   2.6794434e+01
   1.1268170e+07   2.6184082e+01
   1.1285103e+07   2.8625488e+01
   1.1357662e+07   2.6000977e+01
   1.1357784e+07   2.7099609e+01
   1.1357836e+07   2.4963379e+01
