   1.1999000e+07   0.0000000e+00
   3.4710000e+03   2.7526855e+01
   3.4910000e+03   2.3864746e+01
   5.1421000e+04   2.4963379e+01
   5.2296000e+04   2.5390625e+01
   8.6085000e+04   2.8808594e+01
   1.1504200e+05   2.4353027e+01
   1.5570200e+05   2.5268555e+01
   1.7863300e+05   2.7709961e+01
   1.9069300e+05   2.7038574e+01
   1.9176700e+05   2.5695801e+01
   2.0269900e+05   2.4719238e+01
   2.3760900e+05   2.4719238e+01
   2.5192000e+05   2.7954102e+01
   2.5194300e+05   2.3925781e+01
   3.0607600e+05   2.6245117e+01
   3.6876000e+05   2.4536133e+01
   3.7011100e+05   2.9663086e+01
   4.0290700e+05   2.4291992e+01
   4.3172900e+05   2.5207520e+01
   4.5133200e+05   2.5878906e+01
   5.0120100e+05   2.6733398e+01
   5.4343800e+05   2.8808594e+01
   5.8448000e+05   2.4291992e+01
   6.1722500e+05   2.8259277e+01
   6.4175400e+05   2.4108887e+01
   6.4274200e+05   2.3864746e+01
   6.4276800e+05   2.6306152e+01
   6.5653500e+05   2.8869629e+01
   6.7021800e+05   3.6071777e+01
   6.7165200e+05   2.4047852e+01
   6.7930700e+05   2.5512695e+01
   7.1122700e+05   2.3803711e+01
   7.4434100e+05   2.7404785e+01
   7.5874000e+05   2.8564453e+01
   7.7467600e+05   2.6123047e+01
   8.2237400e+05   2.5329590e+01
   8.3546700e+05   2.6489258e+01
   8.8805100e+05   2.4719238e+01
   9.4438100e+05   2.5085449e+01
   9.4442000e+05   2.5573730e+01
   9.6073000e+05   2.5817871e+01
   9.7881200e+05   2.4047852e+01
   9.8904600e+05   2.4475098e+01
   1.0049960e+06   2.8625488e+01
   1.0312960e+06   2.9052734e+01
   1.0326310e+06   2.7465820e+01
   1.0626550e+06   2.4230957e+01
   1.0751940e+06   2.3925781e+01
   1.1304650e+06   2.7526855e+01
   1.1317250e+06   2.3925781e+01
   1.1570920e+06   2.5207520e+01
   1.1668250e+06   2.9724121e+01
   1.1668520e+06   3.5217285e+01
   1.1668690e+06   7.1166992e+01
   1.1668980e+06   3.6071777e+01
   1.1669220e+06   6.0363770e+01
   1.1669610e+06   2.7465820e+01
   1.1669980e+06   2.5634766e+01
   1.1670220e+06   2.9846191e+01
   1.1670440e+06   3.2897949e+01
   1.1671020e+06   3.0273437e+01
   1.1671240e+06   2.5939941e+01
   1.1672380e+06   2.6977539e+01
   1.1674240e+06   2.9663086e+01
   1.1675630e+06   2.4475098e+01
   1.1677220e+06   2.3986816e+01
   1.1677880e+06   3.2592773e+01
   1.1708190e+06   2.5512695e+01
   1.1808830e+06   3.3630371e+01
   1.1809170e+06   5.9692383e+01
   1.1809380e+06   2.5573730e+01
   1.1809520e+06   5.0903320e+01
   1.1809620e+06   2.9418945e+01
   1.1809990e+06   4.0283203e+01
   1.1810330e+06   3.0151367e+01
   1.1810630e+06   3.3142090e+01
   1.1810860e+06   2.5817871e+01
   1.1811570e+06   3.7536621e+01
   1.1811750e+06   2.6550293e+01
   1.1812290e+06   2.4719238e+01
   1.1812630e+06   3.2592773e+01
   1.1813110e+06   3.2653809e+01
   1.1813290e+06   2.7038574e+01
   1.1815030e+06   2.4719238e+01
   1.1817010e+06   2.9785156e+01
   1.1821870e+06   2.4902344e+01
   1.1822680e+06   3.1677246e+01
   1.1827850e+06   2.5878906e+01
   1.1942980e+06   2.4047852e+01
   1.1943270e+06   2.9113770e+01
   1.1943410e+06   3.6743164e+01
   1.1943660e+06   4.6325684e+01
   1.1943810e+06   4.2297363e+01
   1.1944120e+06   4.2907715e+01
   1.1944270e+06   3.7231445e+01
   1.1944570e+06   4.5654297e+01
   1.1944870e+06   4.0588379e+01
   1.1945180e+06   2.5817871e+01
   1.1945450e+06   2.7526855e+01
   1.1945560e+06   2.6000977e+01
   1.1945830e+06   4.2297363e+01
   1.1946020e+06   2.7160645e+01
   1.1946240e+06   2.9357910e+01
   1.1946460e+06   2.5573730e+01
   1.1946600e+06   2.6000977e+01
   1.1947030e+06   2.9479980e+01
   1.1947190e+06   2.6672363e+01
   1.1947640e+06   2.8198242e+01
   1.1948020e+06   2.6916504e+01
   1.1948210e+06   4.1442871e+01
   1.1948840e+06   2.5085449e+01
   1.1952690e+06   2.9418945e+01
   1.1953050e+06   2.7648926e+01
   1.2263080e+06   4.2114258e+01
   1.2263500e+06   2.6916504e+01
   1.2263620e+06   5.1879883e+01
   1.2263990e+06   3.2836914e+01
   1.2264130e+06   3.6010742e+01
   1.2264330e+06   2.7526855e+01
   1.2264510e+06   4.3762207e+01
   1.2264710e+06   3.1250000e+01
   1.2265030e+06   5.9326172e+01
   1.2265390e+06   3.1433105e+01
   1.2265730e+06   2.4902344e+01
   1.2265920e+06   3.3508301e+01
   1.2266200e+06   2.9541016e+01
   1.2266390e+06   2.6672363e+01
   1.2266770e+06   3.9306641e+01
   1.2267340e+06   2.6428223e+01
   1.2267530e+06   2.8747559e+01
   1.2267890e+06   2.5390625e+01
   1.2268730e+06   2.3986816e+01
   1.2270470e+06   3.1433105e+01
   1.2274090e+06   3.4729004e+01
   1.2276170e+06   2.8503418e+01
   1.2523380e+06   3.0822754e+01
   1.2523710e+06   2.6550293e+01
   1.2523870e+06   2.7832031e+01
   1.2524070e+06   5.7678223e+01
   1.2524290e+06   3.1005859e+01
   1.2524460e+06   5.5236816e+01
   1.2524640e+06   3.2592773e+01
   1.2524980e+06   5.5847168e+01
   1.2525270e+06   3.3630371e+01
   1.2525420e+06   3.0456543e+01
   1.2525540e+06   2.8808594e+01
   1.2525800e+06   3.0029297e+01
   1.2525970e+06   2.9785156e+01
   1.2526340e+06   2.6367188e+01
   1.2526650e+06   3.9123535e+01
   1.2526790e+06   2.4963379e+01
   1.2527270e+06   2.5024414e+01
   1.2527580e+06   2.5329590e+01
   1.2527890e+06   2.7709961e+01
   1.2529130e+06   2.4230957e+01
   1.2529390e+06   2.3864746e+01
   1.2530400e+06   2.4230957e+01
   1.2532820e+06   2.6611328e+01
   1.2535750e+06   2.6977539e+01
   1.2960570e+06   2.6306152e+01
   1.2960850e+06   2.5024414e+01
   1.2961090e+06   2.7648926e+01
   1.2962060e+06   3.0944824e+01
   1.2962250e+06   4.6020508e+01
   1.2962460e+06   3.0090332e+01
   1.2962790e+06   3.1433105e+01
   1.2962900e+06   3.9733887e+01
   1.2963090e+06   3.3203125e+01
   1.2963420e+06   3.5095215e+01
   1.2963520e+06   2.8747559e+01
   1.2963850e+06   2.5024414e+01
   1.2964050e+06   3.2836914e+01
   1.2964210e+06   2.8869629e+01
   1.2964330e+06   2.4169922e+01
   1.2964640e+06   2.8747559e+01
   1.2965120e+06   3.8696289e+01
   1.2965240e+06   2.6123047e+01
   1.2965640e+06   2.5085449e+01
   1.2966120e+06   2.9296875e+01
   1.2966430e+06   2.7526855e+01
   1.2966900e+06   2.4963379e+01
   1.2968800e+06   2.5695801e+01
   1.2969810e+06   3.1738281e+01
   1.3288570e+06   2.6855469e+01
   1.3288750e+06   2.6367188e+01
   1.3289110e+06   3.4973145e+01
   1.3289290e+06   5.5053711e+01
   1.3289500e+06   2.4536133e+01
   1.3289630e+06   3.9550781e+01
   1.3289860e+06   3.8208008e+01
   1.3289960e+06   3.8818359e+01
   1.3290120e+06   2.8137207e+01
   1.3290380e+06   2.5451660e+01
   1.3290600e+06   4.4738770e+01
   1.3290810e+06   4.1809082e+01
   1.3291130e+06   2.5634766e+01
   1.3291490e+06   3.2226563e+01
   1.3291590e+06   2.7343750e+01
   1.3291970e+06   2.4414063e+01
   1.3296940e+06   3.3935547e+01
   1.3612890e+06   2.5817871e+01
   1.3615260e+06   2.3925781e+01
   1.3615960e+06   2.9357910e+01
   1.3616080e+06   3.5766602e+01
   1.3616520e+06   2.8442383e+01
   1.3616750e+06   5.5725098e+01
   1.3616970e+06   3.6804199e+01
   1.3617220e+06   2.5146484e+01
   1.3617340e+06   3.6437988e+01
   1.3617470e+06   3.5278320e+01
   1.3617610e+06   3.9123535e+01
   1.3618010e+06   3.5400391e+01
   1.3618150e+06   2.4169922e+01
   1.3618290e+06   2.6306152e+01
   1.3618870e+06   3.4484863e+01
   1.3619010e+06   3.4057617e+01
   1.3619390e+06   3.6621094e+01
   1.3619860e+06   2.4841309e+01
   1.3620050e+06   2.4108887e+01
   1.3620270e+06   2.6794434e+01
   1.3621680e+06   2.6916504e+01
   1.3622300e+06   3.9123535e+01
   1.3623030e+06   2.4475098e+01
   1.3950000e+06   3.3691406e+01
   1.3950480e+06   2.3864746e+01
   1.3951250e+06   2.8564453e+01
   1.3951510e+06   4.2785645e+01
   1.3951890e+06   4.3273926e+01
   1.3952260e+06   3.9367676e+01
   1.3952460e+06   3.1372070e+01
   1.3952680e+06   3.5644531e+01
   1.3952780e+06   3.2226563e+01
   1.3953620e+06   2.4658203e+01
   1.3953850e+06   2.5085449e+01
   1.3954590e+06   2.4597168e+01
   1.3954860e+06   2.7648926e+01
   1.3955270e+06   2.5207520e+01
   1.3955500e+06   3.3020020e+01
   1.3955940e+06   2.5634766e+01
   1.3956650e+06   3.1066895e+01
   1.4275550e+06   2.3925781e+01
   1.4276900e+06   2.5207520e+01
   1.4277380e+06   2.5939941e+01
   1.4277860e+06   2.4230957e+01
   1.4278290e+06   2.9357910e+01
   1.4278420e+06   3.5644531e+01
   1.4278680e+06   4.3884277e+01
   1.4279120e+06   4.3518066e+01
   1.4279260e+06   2.5207520e+01
   1.4279800e+06   3.2226563e+01
   1.4280210e+06   2.9479980e+01
   1.4280540e+06   3.4545898e+01
   1.4281070e+06   2.7587891e+01
   1.4281400e+06   2.9418945e+01
   1.4282610e+06   2.7282715e+01
   1.4282930e+06   3.3691406e+01
   1.4451190e+06   2.9235840e+01
   1.4452710e+06   2.9663086e+01
   1.4453100e+06   2.5878906e+01
   1.4453370e+06   3.9550781e+01
   1.4453620e+06   3.1982422e+01
   1.4453950e+06   2.4047852e+01
   1.4454290e+06   2.4414063e+01
   1.4454480e+06   2.5695801e+01
   1.4454780e+06   3.0151367e+01
   1.4455150e+06   3.0639648e+01
   1.4455250e+06   5.9082031e+01
   1.4455770e+06   3.0029297e+01
   1.4456000e+06   2.6733398e+01
   1.4456140e+06   2.8869629e+01
   1.4456750e+06   3.2348633e+01
   1.4456930e+06   3.0517578e+01
   1.4457280e+06   2.4291992e+01
   1.4782390e+06   2.8564453e+01
   1.4783070e+06   3.1127930e+01
   1.4784120e+06   2.4658203e+01
   1.4784350e+06   2.3803711e+01
   1.4784950e+06   2.9357910e+01
   1.4785060e+06   3.1005859e+01
   1.4785300e+06   2.8747559e+01
   1.4785570e+06   2.5817871e+01
   1.4786030e+06   3.1433105e+01
   1.4787390e+06   3.5522461e+01
   1.5080120e+06   2.4597168e+01
   1.5119640e+06   2.5817871e+01
   1.5550200e+06   2.3803711e+01
   1.5563510e+06   2.6733398e+01
   1.5731430e+06   2.5756836e+01
   1.5738910e+06   2.5085449e+01
   1.5923510e+06   2.5207520e+01
   1.5965480e+06   2.3803711e+01
   1.6325180e+06   2.4536133e+01
   1.6554730e+06   2.6000977e+01
   1.7458010e+06   2.4414063e+01
   1.7969220e+06   2.8259277e+01
   1.8409640e+06   2.4475098e+01
   1.8424620e+06   2.4353027e+01
   1.8602020e+06   2.6611328e+01
   1.8953660e+06   2.4108887e+01
   1.8954100e+06   2.5512695e+01
   1.8956560e+06   2.5146484e+01
   1.9107920e+06   2.3803711e+01
   1.9560840e+06   2.4230957e+01
   1.9576740e+06   2.6489258e+01
   1.9797150e+06   2.6123047e+01
   2.0130060e+06   2.4475098e+01
   2.0418170e+06   2.4841309e+01
   2.0645570e+06   2.4841309e+01
   2.0900260e+06   2.7160645e+01
   2.0908950e+06   2.4536133e+01
   2.1228470e+06   2.8991699e+01
   2.1229630e+06   2.6550293e+01
   2.1241910e+06   2.4047852e+01
   2.1259990e+06   2.3864746e+01
   2.1647270e+06   2.6794434e+01
   2.3209480e+06   2.7893066e+01
   2.3663850e+06   2.6184082e+01
   2.3666290e+06   2.6062012e+01
   2.3888130e+06   2.6245117e+01
   2.3892020e+06   2.4780273e+01
   2.3939690e+06   2.9174805e+01
   2.4282210e+06   2.4108887e+01
   2.4284890e+06   2.6977539e+01
   2.4563740e+06   2.6000977e+01
   2.4569840e+06   2.5573730e+01
   2.5488860e+06   2.5268555e+01
   2.5809270e+06   2.3864746e+01
   2.5812450e+06   3.0822754e+01
   2.6309870e+06   2.4169922e+01
   2.6312410e+06   2.4658203e+01
   2.6570400e+06   2.3986816e+01
   2.6838050e+06   2.5756836e+01
   2.7009770e+06   2.4230957e+01
   2.7010820e+06   2.5695801e+01
   2.7011970e+06   2.6489258e+01
   2.7548760e+06   2.5695801e+01
   2.7549110e+06   2.5939941e+01
   2.7552240e+06   2.4963379e+01
   2.7605600e+06   2.3925781e+01
   2.7966690e+06   2.6306152e+01
   2.8749470e+06   2.4780273e+01
   2.9203320e+06   2.4108887e+01
   2.9203660e+06   2.6367188e+01
   2.9597480e+06   2.4475098e+01
   2.9598810e+06   2.7221680e+01
   2.9984220e+06   2.6123047e+01
   2.9988290e+06   2.5878906e+01
   3.0527260e+06   2.5268555e+01
   3.1707550e+06   2.4047852e+01
   3.1737580e+06   2.4291992e+01
   3.1737970e+06   2.4841309e+01
   3.1763500e+06   3.0700684e+01
   3.2271070e+06   2.5756836e+01
   3.2273100e+06   2.5146484e+01
   3.2593000e+06   2.5207520e+01
   3.2625030e+06   2.4169922e+01
   3.2630110e+06   2.4169922e+01
   3.2888770e+06   2.4963379e+01
   3.2891430e+06   2.3803711e+01
   3.2892180e+06   2.5329590e+01
   3.3052400e+06   2.4047852e+01
   3.3550250e+06   2.7893066e+01
   3.4392410e+06   2.4169922e+01
   3.4429770e+06   2.4353027e+01
   3.4430210e+06   2.4353027e+01
   3.4575590e+06   2.3925781e+01
   3.4899090e+06   2.4658203e+01
   3.4899660e+06   2.3986816e+01
   3.5607430e+06   2.4230957e+01
   3.5610390e+06   2.5939941e+01
   3.6057780e+06   2.8198242e+01
   3.6097520e+06   2.4414063e+01
   3.6747630e+06   2.5695801e+01
   3.6749130e+06   2.4719238e+01
   3.6750040e+06   2.8015137e+01
   3.7021320e+06   2.9724121e+01
   3.7021550e+06   2.8015137e+01
   3.7021710e+06   5.4382324e+01
   3.7021810e+06   2.7893066e+01
   3.7022060e+06   4.2968750e+01
   3.7022310e+06   3.8208008e+01
   3.7022450e+06   2.4475098e+01
   3.7022610e+06   5.4504395e+01
   3.7022790e+06   3.1494141e+01
   3.7023100e+06   3.7597656e+01
   3.7023370e+06   3.1372070e+01
   3.7023630e+06   3.0639648e+01
   3.7024220e+06   2.4414062e+01
   3.7026630e+06   2.6855469e+01
   3.7056870e+06   2.5817871e+01
   3.7058930e+06   2.6550293e+01
   3.7141850e+06   2.5024414e+01
   3.7142340e+06   2.5268555e+01
   3.7143650e+06   2.4230957e+01
   3.7144450e+06   3.2348633e+01
   3.7144600e+06   2.6794434e+01
   3.7144940e+06   4.3090820e+01
   3.7145060e+06   4.0344238e+01
   3.7145390e+06   4.6142578e+01
   3.7145490e+06   4.8889160e+01
   3.7145670e+06   2.6489258e+01
   3.7145860e+06   3.4484863e+01
   3.7146100e+06   5.1269531e+01
   3.7146380e+06   3.3447266e+01
   3.7146480e+06   3.3020020e+01
   3.7147010e+06   3.2836914e+01
   3.7147450e+06   2.7038574e+01
   3.7147630e+06   2.5634766e+01
   3.7147840e+06   2.8381348e+01
   3.7148900e+06   2.4475098e+01
   3.7149350e+06   2.8442383e+01
   3.7149740e+06   2.8686523e+01
   3.7150640e+06   2.7465820e+01
   3.7151400e+06   2.6123047e+01
   3.7154470e+06   2.4597168e+01
   3.7279460e+06   3.4545898e+01
   3.7279760e+06   3.6315918e+01
   3.7279970e+06   4.9804688e+01
   3.7280270e+06   2.9052734e+01
   3.7280560e+06   4.6264648e+01
   3.7280760e+06   3.0273437e+01
   3.7281010e+06   3.5095215e+01
   3.7281150e+06   3.7658691e+01
   3.7281330e+06   3.5095215e+01
   3.7281450e+06   3.2470703e+01
   3.7281640e+06   2.5207520e+01
   3.7282420e+06   2.6428223e+01
   3.7283170e+06   3.0639648e+01
   3.7283410e+06   2.4475098e+01
   3.7284320e+06   2.6672363e+01
   3.7284740e+06   2.5756836e+01
   3.7285770e+06   2.6916504e+01
   3.7286100e+06   2.3925781e+01
   3.7960550e+06   2.6000977e+01
   3.7961040e+06   2.6123047e+01
   3.7961410e+06   3.1127930e+01
   3.7961550e+06   5.8471680e+01
   3.7961830e+06   3.1188965e+01
   3.7962010e+06   7.1289063e+01
   3.7962140e+06   3.5461426e+01
   3.7962500e+06   3.3081055e+01
   3.7962720e+06   2.6123047e+01
   3.7962840e+06   5.1330566e+01
   3.7963170e+06   2.5695801e+01
   3.7963430e+06   3.3996582e+01
   3.7963690e+06   2.7526855e+01
   3.7963880e+06   3.0151367e+01
   3.7964070e+06   3.2897949e+01
   3.7964300e+06   2.6794434e+01
   3.7964650e+06   2.5634766e+01
   3.7965010e+06   2.5268555e+01
   3.7965300e+06   3.0517578e+01
   3.7965930e+06   2.9846191e+01
   3.7966160e+06   2.3803711e+01
   3.7966770e+06   2.4475098e+01
   3.8439820e+06   2.4108887e+01
   3.8440270e+06   3.0944824e+01
   3.8440980e+06   5.5664063e+01
   3.8441120e+06   4.0527344e+01
   3.8441260e+06   5.8776855e+01
   3.8441640e+06   3.6254883e+01
   3.8441790e+06   2.9357910e+01
   3.8442050e+06   3.2409668e+01
   3.8442190e+06   3.2043457e+01
   3.8442470e+06   4.4616699e+01
   3.8442630e+06   2.9113770e+01
   3.8442810e+06   2.4902344e+01
   3.8442990e+06   2.4108887e+01
   3.8443130e+06   2.4963379e+01
   3.8443320e+06   2.5024414e+01
   3.8443490e+06   4.0405273e+01
   3.8444030e+06   2.8747559e+01
   3.8445060e+06   2.4902344e+01
   3.8885270e+06   2.4047852e+01
   3.8885760e+06   2.6367188e+01
   3.8886040e+06   2.5451660e+01
   3.8886760e+06   2.5573730e+01
   3.8886870e+06   3.0578613e+01
   3.8887770e+06   3.9123535e+01
   3.8887890e+06   2.8564453e+01
   3.8888140e+06   2.5573730e+01
   3.8888330e+06   6.2500000e+01
   3.8888470e+06   4.1687012e+01
   3.8888830e+06   2.9846191e+01
   3.8889010e+06   2.9235840e+01
   3.8889260e+06   2.4047852e+01
   3.8889640e+06   4.3823242e+01
   3.8890160e+06   3.1372070e+01
   3.9254950e+06   2.6733398e+01
   3.9256050e+06   2.6000977e+01
   3.9257110e+06   2.3864746e+01
   3.9257300e+06   2.4902344e+01
   3.9257840e+06   3.6926270e+01
   3.9258040e+06   3.4790039e+01
   3.9258230e+06   2.6733398e+01
   3.9258470e+06   3.5644531e+01
   3.9258660e+06   3.5522461e+01
   3.9258860e+06   2.6733398e+01
   3.9259090e+06   3.0700684e+01
   3.9259340e+06   3.4423828e+01
   3.9259510e+06   2.8625488e+01
   3.9259760e+06   2.5268555e+01
   3.9259910e+06   3.0517578e+01
   3.9260020e+06   4.1503906e+01
   3.9260400e+06   2.9113770e+01
   3.9261820e+06   3.1372070e+01
   3.9263060e+06   2.8930664e+01
   3.9434150e+06   2.7465820e+01
   3.9434940e+06   2.4291992e+01
   3.9435510e+06   3.2531738e+01
   3.9435680e+06   3.2592773e+01
   3.9436040e+06   2.4414062e+01
   3.9436360e+06   3.7109375e+01
   3.9436730e+06   3.6315918e+01
   3.9436900e+06   3.9001465e+01
   3.9437140e+06   3.8024902e+01
   3.9437340e+06   3.3508301e+01
   3.9437700e+06   4.1931152e+01
   3.9437820e+06   2.6428223e+01
   3.9438200e+06   2.7648926e+01
   3.9438360e+06   2.9235840e+01
   3.9438600e+06   3.4606934e+01
   3.9438920e+06   3.7048340e+01
   3.9654200e+06   2.4169922e+01
   3.9655360e+06   2.9907227e+01
   3.9655690e+06   3.0395508e+01
   3.9655800e+06   4.9804688e+01
   3.9655960e+06   6.1889648e+01
   3.9656300e+06   6.2072754e+01
   3.9656490e+06   3.8269043e+01
   3.9656680e+06   3.4423828e+01
   3.9656820e+06   3.6621094e+01
   3.9657150e+06   3.8391113e+01
   3.9657270e+06   2.5451660e+01
   3.9657710e+06   3.6926270e+01
   3.9658190e+06   2.5878906e+01
   3.9659380e+06   2.4047852e+01
   3.9660150e+06   2.9235840e+01
   3.9839510e+06   2.5207520e+01
   3.9840190e+06   2.7893066e+01
   3.9840400e+06   3.9611816e+01
   3.9840990e+06   3.3691406e+01
   3.9841220e+06   3.8757324e+01
   3.9841480e+06   2.7832031e+01
   3.9841590e+06   2.7282715e+01
   3.9841820e+06   2.9357910e+01
   3.9841970e+06   5.2001953e+01
   3.9842280e+06   2.9174805e+01
   3.9842470e+06   3.2104492e+01
   3.9842810e+06   2.9907227e+01
   3.9843230e+06   2.5268555e+01
   3.9843870e+06   3.9306641e+01
   4.0043110e+06   2.8930664e+01
   4.0044080e+06   2.6306152e+01
   4.0045370e+06   3.1982422e+01
   4.0238270e+06   2.3864746e+01
   4.0240030e+06   2.5085449e+01
   4.0241000e+06   2.4047852e+01
   4.0244870e+06   2.7893066e+01
   4.0427170e+06   2.5573730e+01
   4.0577520e+06   2.6672363e+01
   4.0588920e+06   3.0334473e+01
   4.0717660e+06   2.4780273e+01
   4.1107100e+06   2.4353027e+01
   4.1109620e+06   2.4902344e+01
   4.1312550e+06   2.4291992e+01
   4.1643500e+06   2.5024414e+01
   4.1662260e+06   2.7404785e+01
   4.2226440e+06   2.6367188e+01
   4.2226910e+06   2.7832031e+01
   4.2227570e+06   3.0761719e+01
   4.2228470e+06   2.6794434e+01
   4.2483230e+06   3.0334473e+01
   4.2485120e+06   2.4658203e+01
   4.2487550e+06   2.5695801e+01
   4.2833580e+06   3.0273438e+01
   4.3143060e+06   3.3691406e+01
   4.3156390e+06   2.6062012e+01
   4.3158600e+06   2.6184082e+01
   4.3557120e+06   2.8991699e+01
   4.3560460e+06   2.5085449e+01
   4.3817770e+06   2.4841309e+01
   4.3819740e+06   2.4108887e+01
   4.3820060e+06   3.3935547e+01
   4.4023100e+06   2.8564453e+01
   4.4044690e+06   2.5390625e+01
   4.4045870e+06   2.4719238e+01
   4.4046840e+06   2.5024414e+01
   4.4114480e+06   2.3986816e+01
   4.4185670e+06   2.4108887e+01
   4.4186420e+06   2.4536133e+01
   4.4462870e+06   2.4719238e+01
   4.4464210e+06   2.5024414e+01
   4.4903260e+06   2.7343750e+01
   4.5032650e+06   2.4108887e+01
   4.5492650e+06   2.5390625e+01
   4.6154140e+06   2.3925781e+01
   4.6567650e+06   2.6062012e+01
   4.6578630e+06   2.4963379e+01
   4.6578780e+06   2.9785156e+01
   4.6829210e+06   3.0029297e+01
   4.6829660e+06   2.3986816e+01
   4.7128340e+06   2.6184082e+01
   4.8037670e+06   2.6062012e+01
   4.8226270e+06   2.4902344e+01
   4.8460450e+06   2.6977539e+01
   4.8601230e+06   2.5329590e+01
   4.8797450e+06   2.4414063e+01
   4.8810410e+06   2.5756836e+01
   4.8832990e+06   2.7099609e+01
   4.9125170e+06   2.6733398e+01
   4.9144430e+06   2.4169922e+01
   4.9329270e+06   2.5573730e+01
   4.9584210e+06   2.4902344e+01
   4.9587430e+06   2.5207520e+01
   4.9587530e+06   2.4841309e+01
   4.9740340e+06   2.6916504e+01
   4.9933540e+06   2.3986816e+01
   5.0117350e+06   2.6000977e+01
   5.0532690e+06   2.4291992e+01
   5.0547090e+06   2.5451660e+01
   5.0548150e+06   2.4169922e+01
   5.0768680e+06   2.5390625e+01
   5.0773920e+06   2.4291992e+01
   5.1116800e+06   2.5207520e+01
   5.1490900e+06   2.5390625e+01
   5.1890520e+06   2.4414063e+01
   5.1900700e+06   2.5268555e+01
   5.1901340e+06   2.8320313e+01
   5.2642810e+06   2.4169922e+01
   5.2966390e+06   2.4536133e+01
   5.2982270e+06   2.4780273e+01
   5.2982490e+06   2.7526855e+01
   5.3255420e+06   2.4597168e+01
   5.3257960e+06   2.8076172e+01
   5.3582410e+06   2.4047852e+01
   5.3588760e+06   2.3803711e+01
   5.3589420e+06   2.4108887e+01
   5.4164730e+06   2.6306152e+01
   5.4170680e+06   3.5217285e+01
   5.4808370e+06   2.5146484e+01
   5.4848280e+06   2.5146484e+01
   5.4866830e+06   2.3925781e+01
   5.5229580e+06   2.3986816e+01
   5.5989910e+06   2.7038574e+01
   5.5990180e+06   2.4658203e+01
   5.5992200e+06   2.7221680e+01
   5.6608450e+06   2.6123047e+01
   5.6619680e+06   2.4047852e+01
   5.6620720e+06   2.4108887e+01
   5.6621700e+06   2.6855469e+01
   5.6623140e+06   2.4353027e+01
   5.7075590e+06   2.5939941e+01
   5.7079200e+06   2.3925781e+01
   5.7667990e+06   2.4230957e+01
   5.7671070e+06   3.0090332e+01
   5.8129770e+06   2.6245117e+01
   5.8130930e+06   2.4475098e+01
   5.8132490e+06   2.6184082e+01
   5.8852330e+06   2.7221680e+01
   6.0239060e+06   2.4841309e+01
   6.0239740e+06   2.5207520e+01
   6.0240020e+06   2.4169922e+01
   6.0240240e+06   2.5085449e+01
   6.0763430e+06   2.6855469e+01
   6.0763990e+06   2.6672363e+01
   6.0777510e+06   2.6672363e+01
   6.0778200e+06   2.4902344e+01
   6.1737520e+06   2.4169922e+01
   6.2169390e+06   2.7038574e+01
   6.2170750e+06   2.7282715e+01
   6.2172450e+06   2.7343750e+01
   6.2379120e+06   2.5390625e+01
   6.2392910e+06   2.7404785e+01
   6.2587080e+06   2.4963379e+01
   6.2587390e+06   2.4414063e+01
   6.2595770e+06   2.4963379e+01
   6.2596430e+06   2.5573730e+01
   6.2597610e+06   3.2287598e+01
   6.2892620e+06   2.4841309e+01
   6.2892920e+06   2.7587891e+01
   6.2894970e+06   2.5573730e+01
   6.3085020e+06   2.4719238e+01
   6.3085180e+06   2.4536133e+01
   6.3420660e+06   2.6123047e+01
   6.3423900e+06   2.4597168e+01
   6.3482960e+06   2.9052734e+01
   6.3732490e+06   2.4719238e+01
   6.3735190e+06   3.1738281e+01
   6.4115610e+06   2.4414063e+01
   6.4144080e+06   2.5146484e+01
   6.4144730e+06   2.6000977e+01
   6.4149620e+06   2.4536133e+01
   6.4206660e+06   2.8625488e+01
   6.5215850e+06   2.4414063e+01
   6.6027570e+06   2.6000977e+01
   6.6028000e+06   2.4414063e+01
   6.7018980e+06   2.8564453e+01
   6.7019510e+06   2.5695801e+01
   6.7024620e+06   2.4658203e+01
   6.7027940e+06   2.4841309e+01
   6.7315760e+06   2.6000977e+01
   6.7357430e+06   2.3864746e+01
   6.8144610e+06   2.3925781e+01
   6.8146900e+06   2.5024414e+01
   6.8797370e+06   2.6062012e+01
   6.8801420e+06   2.5329590e+01
   6.8904320e+06   2.4291992e+01
   6.9625800e+06   2.3864746e+01
   6.9630730e+06   2.4841309e+01
   6.9637710e+06   3.3386230e+01
   7.0243350e+06   3.0456543e+01
   7.0243870e+06   2.7770996e+01
   7.1166110e+06   3.3996582e+01
   7.1168060e+06   2.9846191e+01
   7.1168400e+06   4.9987793e+01
   7.1168600e+06   2.4597168e+01
   7.1168760e+06   3.8513184e+01
   7.1169090e+06   4.8583984e+01
   7.1169230e+06   5.5175781e+01
   7.1169510e+06   2.7282715e+01
   7.1169760e+06   4.4738770e+01
   7.1170010e+06   3.3264160e+01
   7.1170250e+06   3.1921387e+01
   7.1170360e+06   3.2653809e+01
   7.1171050e+06   2.9541016e+01
   7.1278640e+06   2.5268555e+01
   7.1280260e+06   3.0944824e+01
   7.1280480e+06   2.8076172e+01
   7.1280620e+06   2.6245117e+01
   7.1280860e+06   4.1198730e+01
   7.1281210e+06   4.4189453e+01
   7.1281360e+06   6.0974121e+01
   7.1281500e+06   2.4841309e+01
   7.1281810e+06   4.2114258e+01
   7.1281970e+06   4.0344238e+01
   7.1282150e+06   2.7099609e+01
   7.1282330e+06   2.4536133e+01
   7.1282660e+06   2.9785156e+01
   7.1283010e+06   3.0151367e+01
   7.1283350e+06   3.0517578e+01
   7.1283890e+06   3.8146973e+01
   7.1284070e+06   2.6794434e+01
   7.1284290e+06   2.6123047e+01
   7.1284800e+06   2.7465820e+01
   7.1285040e+06   3.3691406e+01
   7.1285140e+06   2.4169922e+01
   7.1285250e+06   2.4047852e+01
   7.1289490e+06   2.8747559e+01
   7.1289690e+06   2.4902344e+01
   7.1291390e+06   3.3813477e+01
   7.1404480e+06   2.7099609e+01
   7.1404850e+06   3.1005859e+01
   7.1405100e+06   4.2053223e+01
   7.1405350e+06   3.0578613e+01
   7.1405470e+06   2.5146484e+01
   7.1405760e+06   4.6447754e+01
   7.1406070e+06   4.6020508e+01
   7.1406330e+06   3.3447266e+01
   7.1406490e+06   3.1738281e+01
   7.1406730e+06   2.3925781e+01
   7.1406910e+06   3.4973145e+01
   7.1407430e+06   2.7770996e+01
   7.1407830e+06   2.8442383e+01
   7.1408170e+06   3.0395508e+01
   7.1408420e+06   2.9296875e+01
   7.1409150e+06   3.9611816e+01
   7.1410050e+06   2.5024414e+01
   7.1410410e+06   2.7160645e+01
   7.1410720e+06   2.9907227e+01
   7.1412810e+06   2.8930664e+01
   7.1574650e+06   2.4780273e+01
   7.1575530e+06   2.4108887e+01
   7.1575860e+06   2.7465820e+01
   7.1576910e+06   3.0395508e+01
   7.1577110e+06   6.8908691e+01
   7.1577540e+06   2.8442383e+01
   7.1577700e+06   2.6123047e+01
   7.1578000e+06   5.5297852e+01
   7.1578270e+06   3.6437988e+01
   7.1578410e+06   3.6682129e+01
   7.1578790e+06   3.4362793e+01
   7.1579140e+06   3.0883789e+01
   7.1579960e+06   2.9968262e+01
   7.1580720e+06   2.4108887e+01
   7.1581500e+06   2.8503418e+01
   7.1815190e+06   2.7404785e+01
   7.1815400e+06   4.0649414e+01
   7.1815590e+06   2.9968262e+01
   7.1815730e+06   4.9987793e+01
   7.1815930e+06   2.7160645e+01
   7.1816330e+06   5.1757813e+01
   7.1816490e+06   4.8828125e+01
   7.1816740e+06   4.0405273e+01
   7.1816990e+06   2.5817871e+01
   7.1817110e+06   3.5644531e+01
   7.1817340e+06   2.5146484e+01
   7.1817540e+06   4.1320801e+01
   7.1817830e+06   2.5024414e+01
   7.1818330e+06   4.0527344e+01
   7.1818700e+06   2.7221680e+01
   7.1819020e+06   2.5756836e+01
   7.1821770e+06   2.9418945e+01
   7.2181950e+06   2.7099609e+01
   7.2182530e+06   4.8645020e+01
   7.2182770e+06   3.1494141e+01
   7.2182960e+06   2.8991699e+01
   7.2183120e+06   3.5644531e+01
   7.2183260e+06   2.6062012e+01
   7.2183480e+06   2.9357910e+01
   7.2183660e+06   3.8391113e+01
   7.2183850e+06   4.6447754e+01
   7.2184130e+06   3.5705566e+01
   7.2184270e+06   2.5939941e+01
   7.2184460e+06   3.3691406e+01
   7.2184770e+06   2.6062012e+01
   7.2185290e+06   3.6804199e+01
   7.2185740e+06   3.5339355e+01
   7.2186110e+06   2.5878906e+01
   7.2352240e+06   3.3752441e+01
   7.2352560e+06   2.3803711e+01
   7.2352870e+06   3.1799316e+01
   7.2353060e+06   3.7475586e+01
   7.2353270e+06   3.5583496e+01
   7.2353550e+06   2.5573730e+01
   7.2353850e+06   5.0659180e+01
   7.2354040e+06   2.5695801e+01
   7.2354370e+06   2.4780273e+01
   7.2354580e+06   2.9846191e+01
   7.2355030e+06   2.5390625e+01
   7.2355220e+06   2.8076172e+01
   7.2355660e+06   2.3803711e+01
   7.2356200e+06   2.5512695e+01
   7.2357540e+06   2.4963379e+01
   7.2358100e+06   2.4963379e+01
   7.2359130e+06   2.4169922e+01
   7.2481380e+06   2.5390625e+01
   7.2481490e+06   3.1494141e+01
   7.2481840e+06   2.4902344e+01
   7.2482120e+06   3.1921387e+01
   7.2482300e+06   3.7170410e+01
   7.2482580e+06   2.9724121e+01
   7.2482710e+06   3.3081055e+01
   7.2482820e+06   3.6560059e+01
   7.2483030e+06   3.5827637e+01
   7.2483320e+06   4.3884277e+01
   7.2483510e+06   3.6132813e+01
   7.2483700e+06   2.5085449e+01
   7.2483930e+06   2.6733398e+01
   7.2484110e+06   2.7587891e+01
   7.2484340e+06   3.0944824e+01
   7.2484540e+06   2.4658203e+01
   7.2484800e+06   2.4841309e+01
   7.2485130e+06   2.3803711e+01
   7.2485520e+06   2.4475098e+01
   7.2487370e+06   2.4414063e+01
   7.2487520e+06   2.6367188e+01
   7.2648090e+06   2.4169922e+01
   7.2648350e+06   2.7770996e+01
   7.2648500e+06   7.0251465e+01
   7.2648720e+06   4.6325684e+01
   7.2648940e+06   3.3386230e+01
   7.2649150e+06   3.2592773e+01
   7.2649340e+06   2.6794434e+01
   7.2649460e+06   5.5236816e+01
   7.2649930e+06   4.4067383e+01
   7.2650080e+06   2.5207520e+01
   7.2650390e+06   2.7099609e+01
   7.2650750e+06   3.1127930e+01
   7.2650880e+06   2.7526855e+01
   7.2651380e+06   2.8564453e+01
   7.2651710e+06   3.3935547e+01
   7.3165650e+06   2.3925781e+01
   7.3165910e+06   3.0761719e+01
   7.3166040e+06   3.5461426e+01
   7.3166360e+06   2.6367188e+01
   7.3166550e+06   3.1066895e+01
   7.3167010e+06   2.4658203e+01
   7.3167210e+06   2.7893066e+01
   7.3167390e+06   4.4860840e+01
   7.3167490e+06   3.0212402e+01
   7.3167720e+06   2.9907227e+01
   7.3167880e+06   4.4128418e+01
   7.3168030e+06   2.9479980e+01
   7.3168210e+06   3.1860352e+01
   7.3168440e+06   2.4108887e+01
   7.3504490e+06   2.3986816e+01
   7.3505220e+06   2.5024414e+01
   7.3505380e+06   4.1992188e+01
   7.3505490e+06   3.7353516e+01
   7.3505860e+06   5.2124023e+01
   7.3506150e+06   7.2631836e+01
   7.3506360e+06   3.1250000e+01
   7.3506480e+06   2.8442383e+01
   7.3506770e+06   2.6733398e+01
   7.3506930e+06   2.4353027e+01
   7.3507170e+06   3.4423828e+01
   7.3507400e+06   2.3925781e+01
   7.3507560e+06   2.4230957e+01
   7.3507720e+06   3.0517578e+01
   7.3507900e+06   2.9296875e+01
   7.3508220e+06   3.0151367e+01
   7.3508470e+06   2.3925781e+01
   7.3508610e+06   2.5695801e+01
   7.3509600e+06   2.4291992e+01
   7.3649330e+06   2.9968262e+01
   7.3649620e+06   2.4169922e+01
   7.3649810e+06   2.3864746e+01
   7.3650240e+06   3.3203125e+01
   7.3650650e+06   3.8940430e+01
   7.3650890e+06   2.9846191e+01
   7.3651140e+06   4.1015625e+01
   7.3651270e+06   4.0588379e+01
   7.3651510e+06   3.7475586e+01
   7.3651740e+06   3.2470703e+01
   7.3652050e+06   2.9357910e+01
   7.3652150e+06   3.3508301e+01
   7.3652390e+06   2.5695801e+01
   7.3652660e+06   2.7832031e+01
   7.3652900e+06   2.8869629e+01
   7.3653710e+06   3.4118652e+01
   7.3855470e+06   2.3986816e+01
   7.3855970e+06   2.6184082e+01
   7.3856260e+06   2.6184082e+01
   7.3856980e+06   2.8503418e+01
   7.3857380e+06   2.9724121e+01
   7.3858010e+06   2.5512695e+01
   7.3858270e+06   4.4006348e+01
   7.3858370e+06   5.1391602e+01
   7.3858570e+06   2.4597168e+01
   7.3858840e+06   2.9174805e+01
   7.3859070e+06   3.4484863e+01
   7.3859530e+06   2.9113770e+01
   7.3859800e+06   4.0100098e+01
   7.3860050e+06   2.4230957e+01
   7.3860870e+06   3.8452148e+01
   7.4027680e+06   2.4536133e+01
   7.4028200e+06   2.6672363e+01
   7.4034640e+06   2.4291992e+01
   7.4036000e+06   2.5146484e+01
   7.4376470e+06   2.4291992e+01
   7.4377550e+06   3.4240723e+01
   7.4378520e+06   3.0944824e+01
   7.4378750e+06   3.8330078e+01
   7.4379430e+06   3.4667969e+01
   7.4380060e+06   2.6062012e+01
   7.4380170e+06   2.7770996e+01
   7.4564430e+06   2.9846191e+01
   7.4968900e+06   2.9113770e+01
   7.4970990e+06   2.8076172e+01
   7.4972030e+06   2.4780273e+01
   7.4972220e+06   2.6733398e+01
   7.5283760e+06   2.4230957e+01
   7.5396510e+06   2.4597168e+01
   7.5843150e+06   2.4169922e+01
   7.5844020e+06   2.4108887e+01
   7.6251000e+06   2.6794434e+01
   7.6344230e+06   2.4291992e+01
   7.6708680e+06   2.4353027e+01
   7.6783910e+06   2.5268555e+01
   7.6950750e+06   2.6489258e+01
   7.6950920e+06   2.5878906e+01
   7.6951170e+06   2.3925781e+01
   7.6957190e+06   2.8381348e+01
   7.7107210e+06   2.6123047e+01
   7.7375200e+06   2.3925781e+01
   7.7678530e+06   2.4719238e+01
   7.7941940e+06   2.4963379e+01
   7.7948200e+06   2.4169922e+01
   7.7971670e+06   2.4475098e+01
   7.8298180e+06   2.5573730e+01
   7.8310050e+06   2.4780273e+01
   7.8671580e+06   2.4841309e+01
   7.9128440e+06   2.7221680e+01
   7.9129460e+06   2.6489258e+01
   7.9558250e+06   2.9479980e+01
   7.9831440e+06   2.4230957e+01
   8.0197780e+06   2.4230957e+01
   8.0198270e+06   3.2714844e+01
   8.0472270e+06   3.1372070e+01
   8.0472650e+06   2.6489258e+01
   8.1100520e+06   2.3986816e+01
   8.1110950e+06   2.5451660e+01
   8.1237820e+06   2.5146484e+01
   8.1500590e+06   2.8625488e+01
   8.1724340e+06   2.4780273e+01
   8.1736990e+06   2.8259277e+01
   8.2853610e+06   2.4047852e+01
   8.2944540e+06   2.4719238e+01
   8.3051530e+06   2.4230957e+01
   8.3051950e+06   2.8076172e+01
   8.3228780e+06   2.4169922e+01
   8.3532300e+06   2.6306152e+01
   8.3542830e+06   2.8076172e+01
   8.3848370e+06   2.5573730e+01
   8.4124230e+06   2.6428223e+01
   8.4125010e+06   2.5085449e+01
   8.4140940e+06   2.7587891e+01
   8.4676700e+06   2.3864746e+01
   8.4684020e+06   2.3986816e+01
   8.4700900e+06   2.5817871e+01
   8.5522470e+06   2.5939941e+01
   8.5933950e+06   2.3864746e+01
   8.5950150e+06   2.4719238e+01
   8.6536090e+06   2.3864746e+01
   8.6536880e+06   2.3803711e+01
   8.7499930e+06   2.4536133e+01
   8.7691820e+06   2.5085449e+01
   8.7917590e+06   2.5024414e+01
   8.9253610e+06   2.3925781e+01
   8.9255940e+06   2.8198242e+01
   8.9299570e+06   2.9357910e+01
   8.9467710e+06   2.7587891e+01
   8.9468520e+06   2.4658203e+01
   9.0309060e+06   2.6306152e+01
   9.0312480e+06   2.7160645e+01
   9.0853060e+06   2.5329590e+01
   9.0854620e+06   2.6794434e+01
   9.1243660e+06   2.6000977e+01
   9.1442720e+06   3.1066895e+01
   9.2886060e+06   2.5756836e+01
   9.2892600e+06   2.4719238e+01
   9.3174020e+06   2.5634766e+01
   9.3256180e+06   2.6428223e+01
   9.3609370e+06   3.5156250e+01
   9.3609590e+06   4.2358398e+01
   9.3609730e+06   4.6813965e+01
   9.3609910e+06   2.6977539e+01
   9.3610110e+06   3.1677246e+01
   9.3610360e+06   4.1320801e+01
   9.3610610e+06   4.5654297e+01
   9.3610760e+06   2.5024414e+01
   9.3611050e+06   2.5573730e+01
   9.3611390e+06   2.6306152e+01
   9.3611540e+06   2.6428223e+01
   9.3611910e+06   2.7587891e+01
   9.3613000e+06   3.6865234e+01
   9.3614060e+06   2.5573730e+01
   9.3713300e+06   2.9785156e+01
   9.3715210e+06   2.5451660e+01
   9.3716050e+06   2.8564453e+01
   9.3716150e+06   3.1372070e+01
   9.3716390e+06   2.7465820e+01
   9.3716630e+06   5.3466797e+01
   9.3716800e+06   4.5776367e+01
   9.3717050e+06   3.9428711e+01
   9.3717350e+06   3.0090332e+01
   9.3717480e+06   4.3701172e+01
   9.3717580e+06   3.6804199e+01
   9.3717790e+06   3.5156250e+01
   9.3718120e+06   2.5878906e+01
   9.3718220e+06   3.7780762e+01
   9.3718350e+06   2.7709961e+01
   9.3718520e+06   3.7780762e+01
   9.3718850e+06   2.6977539e+01
   9.3719090e+06   2.7282715e+01
   9.3719740e+06   2.4780273e+01
   9.3720290e+06   2.4108887e+01
   9.3722520e+06   2.5817871e+01
   9.3872750e+06   2.7526855e+01
   9.3874740e+06   3.3325195e+01
   9.3874980e+06   2.8564453e+01
   9.3875410e+06   2.4658203e+01
   9.3875650e+06   3.7109375e+01
   9.3875940e+06   4.8095703e+01
   9.3876230e+06   3.6499023e+01
   9.3876400e+06   4.2724609e+01
   9.3876630e+06   4.4311523e+01
   9.3877120e+06   3.4057617e+01
   9.3877380e+06   2.4230957e+01
   9.3877620e+06   2.4719238e+01
   9.3878000e+06   4.2297363e+01
   9.3878250e+06   3.0761719e+01
   9.3878570e+06   2.6733398e+01
   9.3878950e+06   3.1982422e+01
   9.3879190e+06   2.4536133e+01
   9.3880270e+06   2.7099609e+01
   9.3881560e+06   3.0700684e+01
   9.4595970e+06   2.3803711e+01
   9.4597050e+06   2.8381348e+01
   9.4597490e+06   2.4597168e+01
   9.4597790e+06   2.4353027e+01
   9.4598100e+06   2.8259277e+01
   9.4598340e+06   3.5217285e+01
   9.4598610e+06   4.7851563e+01
   9.4598840e+06   5.2246094e+01
   9.4598960e+06   4.4555664e+01
   9.4599220e+06   3.6010742e+01
   9.4599510e+06   5.5114746e+01
   9.4599660e+06   2.4291992e+01
   9.4599790e+06   2.6794434e+01
   9.4600070e+06   2.9785156e+01
   9.4600200e+06   3.1433105e+01
   9.4600400e+06   2.8747559e+01
   9.4600580e+06   3.4423828e+01
   9.4601080e+06   2.6367188e+01
   9.4601330e+06   2.5512695e+01
   9.4602490e+06   2.5207520e+01
   9.4604470e+06   3.2775879e+01
   9.4865150e+06   2.4230957e+01
   9.4866550e+06   2.5939941e+01
   9.4866880e+06   3.2287598e+01
   9.4867300e+06   2.4475098e+01
   9.4867830e+06   2.8930664e+01
   9.4868190e+06   5.0903320e+01
   9.4868670e+06   3.1738281e+01
   9.4868780e+06   4.2846680e+01
   9.4869140e+06   3.2287598e+01
   9.4869250e+06   5.1208496e+01
   9.4869710e+06   3.2592773e+01
   9.4869810e+06   2.9296875e+01
   9.4870090e+06   2.5634766e+01
   9.4870240e+06   2.8015137e+01
   9.4870350e+06   2.5573730e+01
   9.4870800e+06   2.9113770e+01
   9.5224130e+06   2.4353027e+01
   9.5226490e+06   3.1616211e+01
   9.5226880e+06   2.6245117e+01
   9.5227400e+06   2.9357910e+01
   9.5227630e+06   5.2673340e+01
   9.5227920e+06   3.4240723e+01
   9.5228030e+06   3.7353516e+01
   9.5228150e+06   3.1982422e+01
   9.5228410e+06   3.5156250e+01
   9.5228610e+06   3.7170410e+01
   9.5228860e+06   4.8828125e+01
   9.5229040e+06   2.8137207e+01
   9.5229510e+06   3.1860352e+01
   9.5229800e+06   2.9296875e+01
   9.5230160e+06   2.9663086e+01
   9.5230870e+06   2.4597168e+01
   9.5419420e+06   3.2897949e+01
   9.5419750e+06   2.6977539e+01
   9.5420140e+06   3.2531738e+01
   9.5420420e+06   3.1860352e+01
   9.5420590e+06   3.9855957e+01
   9.5420940e+06   5.8898926e+01
   9.5421130e+06   3.6132813e+01
   9.5421280e+06   2.7770996e+01
   9.5421720e+06   2.5756836e+01
   9.5421920e+06   3.0944824e+01
   9.5422110e+06   3.7719727e+01
   9.5422330e+06   2.5146484e+01
   9.5422550e+06   2.9968262e+01
   9.5422890e+06   2.4841309e+01
   9.5423060e+06   4.1809082e+01
   9.5671810e+06   2.7038574e+01
   9.5672580e+06   2.6855469e+01
   9.5672970e+06   4.3457031e+01
   9.5673210e+06   2.8198242e+01
   9.5673400e+06   2.5695801e+01
   9.5674070e+06   3.0883789e+01
   9.5674440e+06   3.0639648e+01
   9.5674580e+06   2.4291992e+01
   9.5674740e+06   3.7292480e+01
   9.5674990e+06   3.2470703e+01
   9.5675100e+06   3.2531738e+01
   9.5675310e+06   4.1748047e+01
   9.5675530e+06   3.9978027e+01
   9.5675820e+06   3.3874512e+01
   9.5676040e+06   2.9846191e+01
   9.5676210e+06   2.4353027e+01
   9.5676340e+06   2.6123047e+01
   9.5676680e+06   2.6977539e+01
   9.5676780e+06   2.5817871e+01
   9.5677560e+06   2.9052734e+01
   9.5678350e+06   2.4230957e+01
   9.5678830e+06   2.6611328e+01
   9.5885550e+06   2.6000977e+01
   9.5886030e+06   2.6672363e+01
   9.5887440e+06   2.9663086e+01
   9.5888630e+06   3.1311035e+01
   9.5889430e+06   2.4597168e+01
   9.5889590e+06   2.5939941e+01
   9.5890030e+06   2.9357910e+01
   9.5890460e+06   5.0964355e+01
   9.5890660e+06   4.3395996e+01
   9.5890960e+06   2.7832031e+01
   9.5891260e+06   5.7373047e+01
   9.5891530e+06   3.7658691e+01
   9.5891880e+06   3.1921387e+01
   9.5892130e+06   2.6794434e+01
   9.5892280e+06   2.4536133e+01
   9.5892980e+06   2.6489258e+01
   9.5893280e+06   2.4353027e+01
   9.5893530e+06   3.8513184e+01
   9.5894580e+06   2.3864746e+01
   9.6080120e+06   2.7465820e+01
   9.6231410e+06   3.0395508e+01
   9.6236460e+06   2.4536133e+01
   9.6510870e+06   2.6489258e+01
   9.6518810e+06   2.6428223e+01
   9.6689070e+06   2.7465820e+01
   9.6858430e+06   2.6123047e+01
   9.7060800e+06   2.8259277e+01
   9.7080230e+06   2.4902344e+01
   9.7080610e+06   2.4047852e+01
   9.7081630e+06   2.5878906e+01
   9.7082230e+06   2.5085449e+01
   9.7082920e+06   2.5390625e+01
   9.7560320e+06   2.6672363e+01
   9.7561040e+06   2.4658203e+01
   9.7562110e+06   3.1005859e+01
   9.7775760e+06   2.9113770e+01
   9.7776270e+06   2.3925781e+01
   9.7778450e+06   2.5512695e+01
   9.8323050e+06   2.4047852e+01
   9.8770960e+06   3.1066895e+01
   9.8790920e+06   2.4475098e+01
   9.9164140e+06   2.5268555e+01
   9.9179730e+06   2.4230957e+01
   9.9182130e+06   2.4169922e+01
   9.9662330e+06   2.5268555e+01
   9.9828530e+06   2.5634766e+01
   9.9839950e+06   2.5512695e+01
   1.0052023e+07   2.5024414e+01
   1.0066712e+07   2.5268555e+01
   1.0103242e+07   2.4475098e+01
   1.0121112e+07   2.4841309e+01
   1.0122215e+07   2.4780273e+01
   1.0122559e+07   2.4475098e+01
   1.0201251e+07   2.6428223e+01
   1.0201292e+07   2.4963379e+01
   1.0246673e+07   2.4658203e+01
   1.0247537e+07   2.7709961e+01
   1.0277550e+07   2.4291992e+01
   1.0278017e+07   2.4597168e+01
   1.0307566e+07   2.5085449e+01
   1.0308426e+07   2.6916504e+01
   1.0390682e+07   2.5146484e+01
   1.0390845e+07   2.6123047e+01
   1.0422800e+07   2.5390625e+01
   1.0423887e+07   2.5939941e+01
   1.0452274e+07   2.6977539e+01
   1.0452313e+07   2.6611328e+01
   1.0453825e+07   2.5268555e+01
   1.0467341e+07   2.4353027e+01
   1.0468765e+07   2.5878906e+01
   1.0468965e+07   3.1616211e+01
   1.0586547e+07   2.5634766e+01
   1.0611843e+07   2.4108887e+01
   1.0755104e+07   2.4719238e+01
   1.0807923e+07   2.5695801e+01
   1.0811095e+07   2.5085449e+01
   1.0811189e+07   2.6184082e+01
   1.0816532e+07   2.4719238e+01
   1.0816554e+07   2.6428223e+01
   1.0816653e+07   2.6550293e+01
   1.0875354e+07   2.5268555e+01
   1.0875546e+07   2.4841309e+01
   1.0878703e+07   2.4108887e+01
   1.0885284e+07   2.6184082e+01
   1.0885295e+07   2.5512695e+01
   1.0921304e+07   2.5634766e+01
   1.0921468e+07   2.5085449e+01
   1.0921530e+07   2.4841309e+01
   1.0925740e+07   2.3864746e+01
   1.0952996e+07   2.6428223e+01
   1.1031541e+07   2.4719238e+01
   1.1082305e+07   2.5878906e+01
   1.1106653e+07   2.3925781e+01
   1.1107845e+07   2.7465820e+01
   1.1190327e+07   2.4230957e+01
   1.1255713e+07   2.4719238e+01
   1.1255726e+07   3.7170410e+01
   1.1255751e+07   5.6640625e+01
   1.1255767e+07   2.7832031e+01
   1.1255794e+07   4.0100098e+01
   1.1255805e+07   3.7658691e+01
   1.1255833e+07   4.5288086e+01
   1.1255865e+07   4.8522949e+01
   1.1255895e+07   3.4790039e+01
   1.1255975e+07   3.8940430e+01
   1.1267628e+07   2.8869629e+01
   1.1267673e+07   2.4902344e+01
   1.1267893e+07   3.3020020e+01
   1.1267952e+07   2.7770996e+01
   1.1267979e+07   3.7109375e+01
   1.1267990e+07   3.7780762e+01
   1.1268013e+07   2.7770996e+01
   1.1268025e+07   3.8391113e+01
   1.1268050e+07   2.4902344e+01
   1.1268066e+07   3.0029297e+01
   1.1268119e+07   2.9052734e+01
   1.1268144e+07   2.8869629e+01
   1.1268163e+07   2.9357910e+01
   1.1268193e+07   2.8564453e+01
   1.1268229e+07   2.8198242e+01
   1.1268247e+07   2.4047852e+01
   1.1268303e+07   2.4230957e+01
   1.1268725e+07   2.4719238e+01
   1.1268984e+07   2.4353027e+01
   1.1285291e+07   3.0944824e+01
   1.1285319e+07   3.9184570e+01
   1.1285332e+07   4.6875000e+01
   1.1285356e+07   2.9418945e+01
   1.1285376e+07   3.0761719e+01
   1.1285400e+07   3.7963867e+01
   1.1285418e+07   3.1555176e+01
   1.1285438e+07   3.0273438e+01
   1.1285448e+07   2.8442383e+01
   1.1285472e+07   4.2968750e+01
   1.1285490e+07   3.1494141e+01
   1.1285509e+07   3.9611816e+01
   1.1285555e+07   2.6306152e+01
   1.1285570e+07   3.4423828e+01
   1.1285600e+07   2.9052734e+01
   1.1285675e+07   2.5329590e+01
   1.1285770e+07   2.6672363e+01
   1.1285911e+07   3.5644531e+01
   1.1285979e+07   2.3986816e+01
   1.1286032e+07   2.7954102e+01
   1.1319717e+07   2.5573730e+01
   1.1357483e+07   2.4963379e+01
   1.1357496e+07   3.9428711e+01
   1.1357534e+07   3.5339355e+01
   1.1357591e+07   3.8391113e+01
   1.1357608e+07   4.0588379e+01
   1.1357639e+07   2.9113770e+01
   1.1357680e+07   2.9663086e+01
   1.1357692e+07   3.1921387e+01
   1.1357732e+07   2.9907227e+01
   1.1357764e+07   2.6794434e+01
   1.1357783e+07   2.6489258e+01
   1.1357821e+07   2.4475098e+01
   1.1357882e+07   2.7465820e+01
   1.1382633e+07   2.6733398e+01
   1.1382767e+07   2.5756836e+01
   1.1382941e+07   2.4108887e+01
   1.1382963e+07   2.3925781e+01
   1.1382993e+07   3.0273438e+01
   1.1383120e+07   3.5583496e+01
   1.1414980e+07   2.4841309e+01
   1.1438373e+07   2.6367188e+01
   1.1438486e+07   2.5146484e+01
   1.1444856e+07   2.6977539e+01
   1.1471566e+07   2.7160645e+01
   1.1500676e+07   2.7160645e+01
   1.1500824e+07   2.5024414e+01
   1.1507211e+07   2.4047852e+01
   1.1507289e+07   2.5268555e+01
   1.1507778e+07   2.3925781e+01
   1.1520097e+07   2.7099609e+01
   1.1527424e+07   2.4108887e+01
   1.1560812e+07   2.6245117e+01
   1.1564385e+07   2.8259277e+01
   1.1597269e+07   2.4230957e+01
   1.1664431e+07   2.4902344e+01
   1.1665688e+07   2.6550293e+01
   1.1665800e+07   2.5817871e+01
   1.1779589e+07   2.6855469e+01
   1.1779633e+07   2.4841309e+01
   1.1807543e+07   2.4780273e+01
   1.1807586e+07   2.6977539e+01
   1.1807917e+07   2.4169922e+01
   1.1868023e+07   2.4414063e+01
   1.1868050e+07   2.6123047e+01
   1.1868084e+07   2.3803711e+01
   1.1868217e+07   2.8198242e+01
   1.1908761e+07   2.3925781e+01
   1.1908832e+07   2.4230957e+01
   1.1952337e+07   2.5390625e+01
   1.1980493e+07   2.5634766e+01
   1.1980918e+07   2.5085449e+01
   1.1981521e+07   2.3925781e+01
   1.1981573e+07   2.4658203e+01
   1.1981646e+07   2.7099609e+01
